q,c,symptomatic_fraction,socialDistancing_other,p_reduced,LogLikelihood,R0,S_c,S_a,S_rc,S_fc,S_e,E_c,E_a,E_rc,E_fc,E_e,Isym_c,Isym_a,Isym_rc,Isym_fc,Isym_e,Iasym_c,Iasym_a,Iasym_rc,Iasym_fc,Iasym_e,Hsub_c,Hsub_a,Hsub_rc,Hsub_fc,Hsub_e,Hcri_c,Hcri_a,Hcri_rc,Hcri_fc,Hcri_e,D_c,D_a,D_rc,D_fc,D_e,R_c,R_a,R_rc,R_fc,R_e,i_chain,
0.040187,0.533528,0.367890,0.001223,0.595189,-209866.447451,2.992344,2195607.000000,1874874.000000,3722527.000000,334752.000000,1282372.000000,1952.000000,539.000000,1146.000000,164.000000,144.000000,453.000000,125.000000,266.000000,38.000000,33.000000,2784.000000,769.000000,1633.000000,233.000000,205.000000,15.000000,8.000000,18.000000,3.000000,5.000000,0.000000,6.000000,12.000000,2.000000,4.000000,0.000000,7.000000,15.000000,2.000000,5.000000,8097.000000,2266.000000,4820.000000,695.000000,601.000000,3.000000,
0.040187,0.533528,0.367890,0.001223,0.595189,-209866.447451,2.992344,2195607.000000,1874874.000000,3722527.000000,334752.000000,1282372.000000,1952.000000,539.000000,1146.000000,164.000000,144.000000,453.000000,125.000000,266.000000,38.000000,33.000000,2784.000000,769.000000,1633.000000,233.000000,205.000000,15.000000,8.000000,18.000000,3.000000,5.000000,0.000000,6.000000,12.000000,2.000000,4.000000,0.000000,7.000000,15.000000,2.000000,5.000000,8097.000000,2266.000000,4820.000000,695.000000,601.000000,3.000000,
0.040187,0.533528,0.367890,0.001223,0.595189,-209866.447451,2.992344,2195607.000000,1874874.000000,3722527.000000,334752.000000,1282372.000000,1952.000000,539.000000,1146.000000,164.000000,144.000000,453.000000,125.000000,266.000000,38.000000,33.000000,2784.000000,769.000000,1633.000000,233.000000,205.000000,15.000000,8.000000,18.000000,3.000000,5.000000,0.000000,6.000000,12.000000,2.000000,4.000000,0.000000,7.000000,15.000000,2.000000,5.000000,8097.000000,2266.000000,4820.000000,695.000000,601.000000,3.000000,
0.040239,0.429034,0.364799,0.001015,0.602311,-209705.180333,2.990660,2195607.000000,1874874.000000,3722527.000000,334752.000000,1282372.000000,1952.000000,539.000000,1146.000000,164.000000,144.000000,453.000000,125.000000,266.000000,38.000000,33.000000,2784.000000,769.000000,1633.000000,233.000000,205.000000,15.000000,8.000000,18.000000,3.000000,5.000000,0.000000,6.000000,12.000000,2.000000,4.000000,0.000000,7.000000,15.000000,2.000000,5.000000,8097.000000,2266.000000,4820.000000,695.000000,601.000000,3.000000,
0.040239,0.429034,0.364799,0.001015,0.602311,-209705.180333,2.990660,2195607.000000,1874874.000000,3722527.000000,334752.000000,1282372.000000,1952.000000,539.000000,1146.000000,164.000000,144.000000,453.000000,125.000000,266.000000,38.000000,33.000000,2784.000000,769.000000,1633.000000,233.000000,205.000000,15.000000,8.000000,18.000000,3.000000,5.000000,0.000000,6.000000,12.000000,2.000000,4.000000,0.000000,7.000000,15.000000,2.000000,5.000000,8097.000000,2266.000000,4820.000000,695.000000,601.000000,3.000000,
0.040239,0.429034,0.364799,0.001015,0.602311,-209705.180333,2.990660,2195607.000000,1874874.000000,3722527.000000,334752.000000,1282372.000000,1952.000000,539.000000,1146.000000,164.000000,144.000000,453.000000,125.000000,266.000000,38.000000,33.000000,2784.000000,769.000000,1633.000000,233.000000,205.000000,15.000000,8.000000,18.000000,3.000000,5.000000,0.000000,6.000000,12.000000,2.000000,4.000000,0.000000,7.000000,15.000000,2.000000,5.000000,8097.000000,2266.000000,4820.000000,695.000000,601.000000,3.000000,
0.040239,0.429034,0.364799,0.001015,0.602311,-209705.180333,2.990660,2195607.000000,1874874.000000,3722527.000000,334752.000000,1282372.000000,1952.000000,539.000000,1146.000000,164.000000,144.000000,453.000000,125.000000,266.000000,38.000000,33.000000,2784.000000,769.000000,1633.000000,233.000000,205.000000,15.000000,8.000000,18.000000,3.000000,5.000000,0.000000,6.000000,12.000000,2.000000,4.000000,0.000000,7.000000,15.000000,2.000000,5.000000,8097.000000,2266.000000,4820.000000,695.000000,601.000000,3.000000,
0.040239,0.429034,0.364799,0.001015,0.602311,-209705.180333,2.990660,2195607.000000,1874874.000000,3722527.000000,334752.000000,1282372.000000,1952.000000,539.000000,1146.000000,164.000000,144.000000,453.000000,125.000000,266.000000,38.000000,33.000000,2784.000000,769.000000,1633.000000,233.000000,205.000000,15.000000,8.000000,18.000000,3.000000,5.000000,0.000000,6.000000,12.000000,2.000000,4.000000,0.000000,7.000000,15.000000,2.000000,5.000000,8097.000000,2266.000000,4820.000000,695.000000,601.000000,3.000000,
0.040239,0.429034,0.364799,0.001015,0.602311,-209705.180333,2.990660,2195607.000000,1874874.000000,3722527.000000,334752.000000,1282372.000000,1952.000000,539.000000,1146.000000,164.000000,144.000000,453.000000,125.000000,266.000000,38.000000,33.000000,2784.000000,769.000000,1633.000000,233.000000,205.000000,15.000000,8.000000,18.000000,3.000000,5.000000,0.000000,6.000000,12.000000,2.000000,4.000000,0.000000,7.000000,15.000000,2.000000,5.000000,8097.000000,2266.000000,4820.000000,695.000000,601.000000,3.000000,
0.040239,0.429034,0.364799,0.001015,0.602311,-209705.180333,2.990660,2195607.000000,1874874.000000,3722527.000000,334752.000000,1282372.000000,1952.000000,539.000000,1146.000000,164.000000,144.000000,453.000000,125.000000,266.000000,38.000000,33.000000,2784.000000,769.000000,1633.000000,233.000000,205.000000,15.000000,8.000000,18.000000,3.000000,5.000000,0.000000,6.000000,12.000000,2.000000,4.000000,0.000000,7.000000,15.000000,2.000000,5.000000,8097.000000,2266.000000,4820.000000,695.000000,601.000000,3.000000,
0.040239,0.429034,0.364799,0.001015,0.602311,-209705.180333,2.990660,2195607.000000,1874874.000000,3722527.000000,334752.000000,1282372.000000,1952.000000,539.000000,1146.000000,164.000000,144.000000,453.000000,125.000000,266.000000,38.000000,33.000000,2784.000000,769.000000,1633.000000,233.000000,205.000000,15.000000,8.000000,18.000000,3.000000,5.000000,0.000000,6.000000,12.000000,2.000000,4.000000,0.000000,7.000000,15.000000,2.000000,5.000000,8097.000000,2266.000000,4820.000000,695.000000,601.000000,3.000000,
0.040187,0.823176,0.366240,0.001371,0.608233,-209780.213283,2.989407,2195607.000000,1874874.000000,3722527.000000,334752.000000,1282372.000000,1952.000000,539.000000,1146.000000,164.000000,144.000000,453.000000,125.000000,266.000000,38.000000,33.000000,2784.000000,769.000000,1633.000000,233.000000,205.000000,15.000000,8.000000,18.000000,3.000000,5.000000,0.000000,6.000000,12.000000,2.000000,4.000000,0.000000,7.000000,15.000000,2.000000,5.000000,8097.000000,2266.000000,4820.000000,695.000000,601.000000,3.000000,
0.040187,0.823176,0.366240,0.001371,0.608233,-209780.213283,2.989407,2195607.000000,1874874.000000,3722527.000000,334752.000000,1282372.000000,1952.000000,539.000000,1146.000000,164.000000,144.000000,453.000000,125.000000,266.000000,38.000000,33.000000,2784.000000,769.000000,1633.000000,233.000000,205.000000,15.000000,8.000000,18.000000,3.000000,5.000000,0.000000,6.000000,12.000000,2.000000,4.000000,0.000000,7.000000,15.000000,2.000000,5.000000,8097.000000,2266.000000,4820.000000,695.000000,601.000000,3.000000,
0.040187,0.823176,0.366240,0.001371,0.608233,-209780.213283,2.989407,2195607.000000,1874874.000000,3722527.000000,334752.000000,1282372.000000,1952.000000,539.000000,1146.000000,164.000000,144.000000,453.000000,125.000000,266.000000,38.000000,33.000000,2784.000000,769.000000,1633.000000,233.000000,205.000000,15.000000,8.000000,18.000000,3.000000,5.000000,0.000000,6.000000,12.000000,2.000000,4.000000,0.000000,7.000000,15.000000,2.000000,5.000000,8097.000000,2266.000000,4820.000000,695.000000,601.000000,3.000000,
0.040187,0.823176,0.366240,0.001371,0.608233,-209780.213283,2.989407,2195607.000000,1874874.000000,3722527.000000,334752.000000,1282372.000000,1952.000000,539.000000,1146.000000,164.000000,144.000000,453.000000,125.000000,266.000000,38.000000,33.000000,2784.000000,769.000000,1633.000000,233.000000,205.000000,15.000000,8.000000,18.000000,3.000000,5.000000,0.000000,6.000000,12.000000,2.000000,4.000000,0.000000,7.000000,15.000000,2.000000,5.000000,8097.000000,2266.000000,4820.000000,695.000000,601.000000,3.000000,
0.040187,0.823176,0.366240,0.001371,0.608233,-209780.213283,2.989407,2195607.000000,1874874.000000,3722527.000000,334752.000000,1282372.000000,1952.000000,539.000000,1146.000000,164.000000,144.000000,453.000000,125.000000,266.000000,38.000000,33.000000,2784.000000,769.000000,1633.000000,233.000000,205.000000,15.000000,8.000000,18.000000,3.000000,5.000000,0.000000,6.000000,12.000000,2.000000,4.000000,0.000000,7.000000,15.000000,2.000000,5.000000,8097.000000,2266.000000,4820.000000,695.000000,601.000000,3.000000,
0.040187,0.823176,0.366240,0.001371,0.608233,-209780.213283,2.989407,2195607.000000,1874874.000000,3722527.000000,334752.000000,1282372.000000,1952.000000,539.000000,1146.000000,164.000000,144.000000,453.000000,125.000000,266.000000,38.000000,33.000000,2784.000000,769.000000,1633.000000,233.000000,205.000000,15.000000,8.000000,18.000000,3.000000,5.000000,0.000000,6.000000,12.000000,2.000000,4.000000,0.000000,7.000000,15.000000,2.000000,5.000000,8097.000000,2266.000000,4820.000000,695.000000,601.000000,3.000000,
0.040187,0.823176,0.366240,0.001371,0.608233,-209780.213283,2.989407,2195607.000000,1874874.000000,3722527.000000,334752.000000,1282372.000000,1952.000000,539.000000,1146.000000,164.000000,144.000000,453.000000,125.000000,266.000000,38.000000,33.000000,2784.000000,769.000000,1633.000000,233.000000,205.000000,15.000000,8.000000,18.000000,3.000000,5.000000,0.000000,6.000000,12.000000,2.000000,4.000000,0.000000,7.000000,15.000000,2.000000,5.000000,8097.000000,2266.000000,4820.000000,695.000000,601.000000,3.000000,
0.040187,0.823176,0.366240,0.001371,0.608233,-209780.213283,2.989407,2195607.000000,1874874.000000,3722527.000000,334752.000000,1282372.000000,1952.000000,539.000000,1146.000000,164.000000,144.000000,453.000000,125.000000,266.000000,38.000000,33.000000,2784.000000,769.000000,1633.000000,233.000000,205.000000,15.000000,8.000000,18.000000,3.000000,5.000000,0.000000,6.000000,12.000000,2.000000,4.000000,0.000000,7.000000,15.000000,2.000000,5.000000,8097.000000,2266.000000,4820.000000,695.000000,601.000000,3.000000,
0.040187,0.823176,0.366240,0.001371,0.608233,-209780.213283,2.989407,2195607.000000,1874874.000000,3722527.000000,334752.000000,1282372.000000,1952.000000,539.000000,1146.000000,164.000000,144.000000,453.000000,125.000000,266.000000,38.000000,33.000000,2784.000000,769.000000,1633.000000,233.000000,205.000000,15.000000,8.000000,18.000000,3.000000,5.000000,0.000000,6.000000,12.000000,2.000000,4.000000,0.000000,7.000000,15.000000,2.000000,5.000000,8097.000000,2266.000000,4820.000000,695.000000,601.000000,3.000000,
0.040187,0.823176,0.366240,0.001371,0.608233,-209780.213283,2.989407,2195607.000000,1874874.000000,3722527.000000,334752.000000,1282372.000000,1952.000000,539.000000,1146.000000,164.000000,144.000000,453.000000,125.000000,266.000000,38.000000,33.000000,2784.000000,769.000000,1633.000000,233.000000,205.000000,15.000000,8.000000,18.000000,3.000000,5.000000,0.000000,6.000000,12.000000,2.000000,4.000000,0.000000,7.000000,15.000000,2.000000,5.000000,8097.000000,2266.000000,4820.000000,695.000000,601.000000,3.000000,
0.040187,0.823176,0.366240,0.001371,0.608233,-209780.213283,2.989407,2195607.000000,1874874.000000,3722527.000000,334752.000000,1282372.000000,1952.000000,539.000000,1146.000000,164.000000,144.000000,453.000000,125.000000,266.000000,38.000000,33.000000,2784.000000,769.000000,1633.000000,233.000000,205.000000,15.000000,8.000000,18.000000,3.000000,5.000000,0.000000,6.000000,12.000000,2.000000,4.000000,0.000000,7.000000,15.000000,2.000000,5.000000,8097.000000,2266.000000,4820.000000,695.000000,601.000000,3.000000,
0.040187,0.823176,0.366240,0.001371,0.608233,-209780.213283,2.989407,2195607.000000,1874874.000000,3722527.000000,334752.000000,1282372.000000,1952.000000,539.000000,1146.000000,164.000000,144.000000,453.000000,125.000000,266.000000,38.000000,33.000000,2784.000000,769.000000,1633.000000,233.000000,205.000000,15.000000,8.000000,18.000000,3.000000,5.000000,0.000000,6.000000,12.000000,2.000000,4.000000,0.000000,7.000000,15.000000,2.000000,5.000000,8097.000000,2266.000000,4820.000000,695.000000,601.000000,3.000000,
0.040187,0.823176,0.366240,0.001371,0.608233,-209780.213283,2.989407,2195607.000000,1874874.000000,3722527.000000,334752.000000,1282372.000000,1952.000000,539.000000,1146.000000,164.000000,144.000000,453.000000,125.000000,266.000000,38.000000,33.000000,2784.000000,769.000000,1633.000000,233.000000,205.000000,15.000000,8.000000,18.000000,3.000000,5.000000,0.000000,6.000000,12.000000,2.000000,4.000000,0.000000,7.000000,15.000000,2.000000,5.000000,8097.000000,2266.000000,4820.000000,695.000000,601.000000,3.000000,
0.040187,0.823176,0.366240,0.001371,0.608233,-209780.213283,2.989407,2195607.000000,1874874.000000,3722527.000000,334752.000000,1282372.000000,1952.000000,539.000000,1146.000000,164.000000,144.000000,453.000000,125.000000,266.000000,38.000000,33.000000,2784.000000,769.000000,1633.000000,233.000000,205.000000,15.000000,8.000000,18.000000,3.000000,5.000000,0.000000,6.000000,12.000000,2.000000,4.000000,0.000000,7.000000,15.000000,2.000000,5.000000,8097.000000,2266.000000,4820.000000,695.000000,601.000000,3.000000,
0.040187,0.823176,0.366240,0.001371,0.608233,-209780.213283,2.989407,2195607.000000,1874874.000000,3722527.000000,334752.000000,1282372.000000,1952.000000,539.000000,1146.000000,164.000000,144.000000,453.000000,125.000000,266.000000,38.000000,33.000000,2784.000000,769.000000,1633.000000,233.000000,205.000000,15.000000,8.000000,18.000000,3.000000,5.000000,0.000000,6.000000,12.000000,2.000000,4.000000,0.000000,7.000000,15.000000,2.000000,5.000000,8097.000000,2266.000000,4820.000000,695.000000,601.000000,3.000000,
0.040187,0.823176,0.366240,0.001371,0.608233,-209780.213283,2.989407,2195607.000000,1874874.000000,3722527.000000,334752.000000,1282372.000000,1952.000000,539.000000,1146.000000,164.000000,144.000000,453.000000,125.000000,266.000000,38.000000,33.000000,2784.000000,769.000000,1633.000000,233.000000,205.000000,15.000000,8.000000,18.000000,3.000000,5.000000,0.000000,6.000000,12.000000,2.000000,4.000000,0.000000,7.000000,15.000000,2.000000,5.000000,8097.000000,2266.000000,4820.000000,695.000000,601.000000,3.000000,
0.040187,0.823176,0.366240,0.001371,0.608233,-209780.213283,2.989407,2195607.000000,1874874.000000,3722527.000000,334752.000000,1282372.000000,1952.000000,539.000000,1146.000000,164.000000,144.000000,453.000000,125.000000,266.000000,38.000000,33.000000,2784.000000,769.000000,1633.000000,233.000000,205.000000,15.000000,8.000000,18.000000,3.000000,5.000000,0.000000,6.000000,12.000000,2.000000,4.000000,0.000000,7.000000,15.000000,2.000000,5.000000,8097.000000,2266.000000,4820.000000,695.000000,601.000000,3.000000,
0.040187,0.823176,0.366240,0.001371,0.608233,-209780.213283,2.989407,2195607.000000,1874874.000000,3722527.000000,334752.000000,1282372.000000,1952.000000,539.000000,1146.000000,164.000000,144.000000,453.000000,125.000000,266.000000,38.000000,33.000000,2784.000000,769.000000,1633.000000,233.000000,205.000000,15.000000,8.000000,18.000000,3.000000,5.000000,0.000000,6.000000,12.000000,2.000000,4.000000,0.000000,7.000000,15.000000,2.000000,5.000000,8097.000000,2266.000000,4820.000000,695.000000,601.000000,3.000000,
0.040187,0.823176,0.366240,0.001371,0.608233,-209780.213283,2.989407,2195607.000000,1874874.000000,3722527.000000,334752.000000,1282372.000000,1952.000000,539.000000,1146.000000,164.000000,144.000000,453.000000,125.000000,266.000000,38.000000,33.000000,2784.000000,769.000000,1633.000000,233.000000,205.000000,15.000000,8.000000,18.000000,3.000000,5.000000,0.000000,6.000000,12.000000,2.000000,4.000000,0.000000,7.000000,15.000000,2.000000,5.000000,8097.000000,2266.000000,4820.000000,695.000000,601.000000,3.000000,
0.040187,0.823176,0.366240,0.001371,0.608233,-209780.213283,2.989407,2195607.000000,1874874.000000,3722527.000000,334752.000000,1282372.000000,1952.000000,539.000000,1146.000000,164.000000,144.000000,453.000000,125.000000,266.000000,38.000000,33.000000,2784.000000,769.000000,1633.000000,233.000000,205.000000,15.000000,8.000000,18.000000,3.000000,5.000000,0.000000,6.000000,12.000000,2.000000,4.000000,0.000000,7.000000,15.000000,2.000000,5.000000,8097.000000,2266.000000,4820.000000,695.000000,601.000000,3.000000,
0.040187,0.823176,0.366240,0.001371,0.608233,-209780.213283,2.989407,2195607.000000,1874874.000000,3722527.000000,334752.000000,1282372.000000,1952.000000,539.000000,1146.000000,164.000000,144.000000,453.000000,125.000000,266.000000,38.000000,33.000000,2784.000000,769.000000,1633.000000,233.000000,205.000000,15.000000,8.000000,18.000000,3.000000,5.000000,0.000000,6.000000,12.000000,2.000000,4.000000,0.000000,7.000000,15.000000,2.000000,5.000000,8097.000000,2266.000000,4820.000000,695.000000,601.000000,3.000000,
0.040187,0.823176,0.366240,0.001371,0.608233,-209780.213283,2.989407,2195607.000000,1874874.000000,3722527.000000,334752.000000,1282372.000000,1952.000000,539.000000,1146.000000,164.000000,144.000000,453.000000,125.000000,266.000000,38.000000,33.000000,2784.000000,769.000000,1633.000000,233.000000,205.000000,15.000000,8.000000,18.000000,3.000000,5.000000,0.000000,6.000000,12.000000,2.000000,4.000000,0.000000,7.000000,15.000000,2.000000,5.000000,8097.000000,2266.000000,4820.000000,695.000000,601.000000,3.000000,
0.040187,0.823176,0.366240,0.001371,0.608233,-209780.213283,2.989407,2195607.000000,1874874.000000,3722527.000000,334752.000000,1282372.000000,1952.000000,539.000000,1146.000000,164.000000,144.000000,453.000000,125.000000,266.000000,38.000000,33.000000,2784.000000,769.000000,1633.000000,233.000000,205.000000,15.000000,8.000000,18.000000,3.000000,5.000000,0.000000,6.000000,12.000000,2.000000,4.000000,0.000000,7.000000,15.000000,2.000000,5.000000,8097.000000,2266.000000,4820.000000,695.000000,601.000000,3.000000,
0.040187,0.823176,0.366240,0.001371,0.608233,-209780.213283,2.989407,2195607.000000,1874874.000000,3722527.000000,334752.000000,1282372.000000,1952.000000,539.000000,1146.000000,164.000000,144.000000,453.000000,125.000000,266.000000,38.000000,33.000000,2784.000000,769.000000,1633.000000,233.000000,205.000000,15.000000,8.000000,18.000000,3.000000,5.000000,0.000000,6.000000,12.000000,2.000000,4.000000,0.000000,7.000000,15.000000,2.000000,5.000000,8097.000000,2266.000000,4820.000000,695.000000,601.000000,3.000000,
0.040187,0.823176,0.366240,0.001371,0.608233,-209780.213283,2.989407,2195607.000000,1874874.000000,3722527.000000,334752.000000,1282372.000000,1952.000000,539.000000,1146.000000,164.000000,144.000000,453.000000,125.000000,266.000000,38.000000,33.000000,2784.000000,769.000000,1633.000000,233.000000,205.000000,15.000000,8.000000,18.000000,3.000000,5.000000,0.000000,6.000000,12.000000,2.000000,4.000000,0.000000,7.000000,15.000000,2.000000,5.000000,8097.000000,2266.000000,4820.000000,695.000000,601.000000,3.000000,
0.040187,0.823176,0.366240,0.001371,0.608233,-209780.213283,2.989407,2195607.000000,1874874.000000,3722527.000000,334752.000000,1282372.000000,1952.000000,539.000000,1146.000000,164.000000,144.000000,453.000000,125.000000,266.000000,38.000000,33.000000,2784.000000,769.000000,1633.000000,233.000000,205.000000,15.000000,8.000000,18.000000,3.000000,5.000000,0.000000,6.000000,12.000000,2.000000,4.000000,0.000000,7.000000,15.000000,2.000000,5.000000,8097.000000,2266.000000,4820.000000,695.000000,601.000000,3.000000,
0.040187,0.823176,0.366240,0.001371,0.608233,-209780.213283,2.989407,2195607.000000,1874874.000000,3722527.000000,334752.000000,1282372.000000,1952.000000,539.000000,1146.000000,164.000000,144.000000,453.000000,125.000000,266.000000,38.000000,33.000000,2784.000000,769.000000,1633.000000,233.000000,205.000000,15.000000,8.000000,18.000000,3.000000,5.000000,0.000000,6.000000,12.000000,2.000000,4.000000,0.000000,7.000000,15.000000,2.000000,5.000000,8097.000000,2266.000000,4820.000000,695.000000,601.000000,3.000000,
0.040187,0.823176,0.366240,0.001371,0.608233,-209780.213283,2.989407,2195607.000000,1874874.000000,3722527.000000,334752.000000,1282372.000000,1952.000000,539.000000,1146.000000,164.000000,144.000000,453.000000,125.000000,266.000000,38.000000,33.000000,2784.000000,769.000000,1633.000000,233.000000,205.000000,15.000000,8.000000,18.000000,3.000000,5.000000,0.000000,6.000000,12.000000,2.000000,4.000000,0.000000,7.000000,15.000000,2.000000,5.000000,8097.000000,2266.000000,4820.000000,695.000000,601.000000,3.000000,
0.040187,0.823176,0.366240,0.001371,0.608233,-209780.213283,2.989407,2195607.000000,1874874.000000,3722527.000000,334752.000000,1282372.000000,1952.000000,539.000000,1146.000000,164.000000,144.000000,453.000000,125.000000,266.000000,38.000000,33.000000,2784.000000,769.000000,1633.000000,233.000000,205.000000,15.000000,8.000000,18.000000,3.000000,5.000000,0.000000,6.000000,12.000000,2.000000,4.000000,0.000000,7.000000,15.000000,2.000000,5.000000,8097.000000,2266.000000,4820.000000,695.000000,601.000000,3.000000,
0.040286,0.774191,0.359564,0.001484,0.550850,-209433.376260,2.984589,2195607.000000,1874874.000000,3722527.000000,334752.000000,1282372.000000,1952.000000,539.000000,1146.000000,164.000000,144.000000,453.000000,125.000000,266.000000,38.000000,33.000000,2784.000000,769.000000,1633.000000,233.000000,205.000000,15.000000,8.000000,18.000000,3.000000,5.000000,0.000000,6.000000,12.000000,2.000000,4.000000,0.000000,7.000000,15.000000,2.000000,5.000000,8097.000000,2266.000000,4820.000000,695.000000,601.000000,3.000000,
0.040286,0.774191,0.359564,0.001484,0.550850,-209433.376260,2.984589,2195607.000000,1874874.000000,3722527.000000,334752.000000,1282372.000000,1952.000000,539.000000,1146.000000,164.000000,144.000000,453.000000,125.000000,266.000000,38.000000,33.000000,2784.000000,769.000000,1633.000000,233.000000,205.000000,15.000000,8.000000,18.000000,3.000000,5.000000,0.000000,6.000000,12.000000,2.000000,4.000000,0.000000,7.000000,15.000000,2.000000,5.000000,8097.000000,2266.000000,4820.000000,695.000000,601.000000,3.000000,
0.040286,0.774191,0.359564,0.001484,0.550850,-209433.376260,2.984589,2195607.000000,1874874.000000,3722527.000000,334752.000000,1282372.000000,1952.000000,539.000000,1146.000000,164.000000,144.000000,453.000000,125.000000,266.000000,38.000000,33.000000,2784.000000,769.000000,1633.000000,233.000000,205.000000,15.000000,8.000000,18.000000,3.000000,5.000000,0.000000,6.000000,12.000000,2.000000,4.000000,0.000000,7.000000,15.000000,2.000000,5.000000,8097.000000,2266.000000,4820.000000,695.000000,601.000000,3.000000,
0.040286,0.774191,0.359564,0.001484,0.550850,-209433.376260,2.984589,2195607.000000,1874874.000000,3722527.000000,334752.000000,1282372.000000,1952.000000,539.000000,1146.000000,164.000000,144.000000,453.000000,125.000000,266.000000,38.000000,33.000000,2784.000000,769.000000,1633.000000,233.000000,205.000000,15.000000,8.000000,18.000000,3.000000,5.000000,0.000000,6.000000,12.000000,2.000000,4.000000,0.000000,7.000000,15.000000,2.000000,5.000000,8097.000000,2266.000000,4820.000000,695.000000,601.000000,3.000000,
0.040286,0.774191,0.359564,0.001484,0.550850,-209433.376260,2.984589,2195607.000000,1874874.000000,3722527.000000,334752.000000,1282372.000000,1952.000000,539.000000,1146.000000,164.000000,144.000000,453.000000,125.000000,266.000000,38.000000,33.000000,2784.000000,769.000000,1633.000000,233.000000,205.000000,15.000000,8.000000,18.000000,3.000000,5.000000,0.000000,6.000000,12.000000,2.000000,4.000000,0.000000,7.000000,15.000000,2.000000,5.000000,8097.000000,2266.000000,4820.000000,695.000000,601.000000,3.000000,
0.040286,0.774191,0.359564,0.001484,0.550850,-209433.376260,2.984589,2195607.000000,1874874.000000,3722527.000000,334752.000000,1282372.000000,1952.000000,539.000000,1146.000000,164.000000,144.000000,453.000000,125.000000,266.000000,38.000000,33.000000,2784.000000,769.000000,1633.000000,233.000000,205.000000,15.000000,8.000000,18.000000,3.000000,5.000000,0.000000,6.000000,12.000000,2.000000,4.000000,0.000000,7.000000,15.000000,2.000000,5.000000,8097.000000,2266.000000,4820.000000,695.000000,601.000000,3.000000,
0.040286,0.774191,0.359564,0.001484,0.550850,-209433.376260,2.984589,2195607.000000,1874874.000000,3722527.000000,334752.000000,1282372.000000,1952.000000,539.000000,1146.000000,164.000000,144.000000,453.000000,125.000000,266.000000,38.000000,33.000000,2784.000000,769.000000,1633.000000,233.000000,205.000000,15.000000,8.000000,18.000000,3.000000,5.000000,0.000000,6.000000,12.000000,2.000000,4.000000,0.000000,7.000000,15.000000,2.000000,5.000000,8097.000000,2266.000000,4820.000000,695.000000,601.000000,3.000000,
0.040286,0.774191,0.359564,0.001484,0.550850,-209433.376260,2.984589,2195607.000000,1874874.000000,3722527.000000,334752.000000,1282372.000000,1952.000000,539.000000,1146.000000,164.000000,144.000000,453.000000,125.000000,266.000000,38.000000,33.000000,2784.000000,769.000000,1633.000000,233.000000,205.000000,15.000000,8.000000,18.000000,3.000000,5.000000,0.000000,6.000000,12.000000,2.000000,4.000000,0.000000,7.000000,15.000000,2.000000,5.000000,8097.000000,2266.000000,4820.000000,695.000000,601.000000,3.000000,
0.040286,0.774191,0.359564,0.001484,0.550850,-209433.376260,2.984589,2195607.000000,1874874.000000,3722527.000000,334752.000000,1282372.000000,1952.000000,539.000000,1146.000000,164.000000,144.000000,453.000000,125.000000,266.000000,38.000000,33.000000,2784.000000,769.000000,1633.000000,233.000000,205.000000,15.000000,8.000000,18.000000,3.000000,5.000000,0.000000,6.000000,12.000000,2.000000,4.000000,0.000000,7.000000,15.000000,2.000000,5.000000,8097.000000,2266.000000,4820.000000,695.000000,601.000000,3.000000,
0.040286,0.774191,0.359564,0.001484,0.550850,-209433.376260,2.984589,2195607.000000,1874874.000000,3722527.000000,334752.000000,1282372.000000,1952.000000,539.000000,1146.000000,164.000000,144.000000,453.000000,125.000000,266.000000,38.000000,33.000000,2784.000000,769.000000,1633.000000,233.000000,205.000000,15.000000,8.000000,18.000000,3.000000,5.000000,0.000000,6.000000,12.000000,2.000000,4.000000,0.000000,7.000000,15.000000,2.000000,5.000000,8097.000000,2266.000000,4820.000000,695.000000,601.000000,3.000000,
0.040286,0.774191,0.359564,0.001484,0.550850,-209433.376260,2.984589,2195607.000000,1874874.000000,3722527.000000,334752.000000,1282372.000000,1952.000000,539.000000,1146.000000,164.000000,144.000000,453.000000,125.000000,266.000000,38.000000,33.000000,2784.000000,769.000000,1633.000000,233.000000,205.000000,15.000000,8.000000,18.000000,3.000000,5.000000,0.000000,6.000000,12.000000,2.000000,4.000000,0.000000,7.000000,15.000000,2.000000,5.000000,8097.000000,2266.000000,4820.000000,695.000000,601.000000,3.000000,
0.040286,0.774191,0.359564,0.001484,0.550850,-209433.376260,2.984589,2195607.000000,1874874.000000,3722527.000000,334752.000000,1282372.000000,1952.000000,539.000000,1146.000000,164.000000,144.000000,453.000000,125.000000,266.000000,38.000000,33.000000,2784.000000,769.000000,1633.000000,233.000000,205.000000,15.000000,8.000000,18.000000,3.000000,5.000000,0.000000,6.000000,12.000000,2.000000,4.000000,0.000000,7.000000,15.000000,2.000000,5.000000,8097.000000,2266.000000,4820.000000,695.000000,601.000000,3.000000,
0.040286,0.774191,0.359564,0.001484,0.550850,-209433.376260,2.984589,2195607.000000,1874874.000000,3722527.000000,334752.000000,1282372.000000,1952.000000,539.000000,1146.000000,164.000000,144.000000,453.000000,125.000000,266.000000,38.000000,33.000000,2784.000000,769.000000,1633.000000,233.000000,205.000000,15.000000,8.000000,18.000000,3.000000,5.000000,0.000000,6.000000,12.000000,2.000000,4.000000,0.000000,7.000000,15.000000,2.000000,5.000000,8097.000000,2266.000000,4820.000000,695.000000,601.000000,3.000000,
0.040286,0.774191,0.359564,0.001484,0.550850,-209433.376260,2.984589,2195607.000000,1874874.000000,3722527.000000,334752.000000,1282372.000000,1952.000000,539.000000,1146.000000,164.000000,144.000000,453.000000,125.000000,266.000000,38.000000,33.000000,2784.000000,769.000000,1633.000000,233.000000,205.000000,15.000000,8.000000,18.000000,3.000000,5.000000,0.000000,6.000000,12.000000,2.000000,4.000000,0.000000,7.000000,15.000000,2.000000,5.000000,8097.000000,2266.000000,4820.000000,695.000000,601.000000,3.000000,
0.040286,0.774191,0.359564,0.001484,0.550850,-209433.376260,2.984589,2195607.000000,1874874.000000,3722527.000000,334752.000000,1282372.000000,1952.000000,539.000000,1146.000000,164.000000,144.000000,453.000000,125.000000,266.000000,38.000000,33.000000,2784.000000,769.000000,1633.000000,233.000000,205.000000,15.000000,8.000000,18.000000,3.000000,5.000000,0.000000,6.000000,12.000000,2.000000,4.000000,0.000000,7.000000,15.000000,2.000000,5.000000,8097.000000,2266.000000,4820.000000,695.000000,601.000000,3.000000,
0.040286,0.774191,0.359564,0.001484,0.550850,-209433.376260,2.984589,2195607.000000,1874874.000000,3722527.000000,334752.000000,1282372.000000,1952.000000,539.000000,1146.000000,164.000000,144.000000,453.000000,125.000000,266.000000,38.000000,33.000000,2784.000000,769.000000,1633.000000,233.000000,205.000000,15.000000,8.000000,18.000000,3.000000,5.000000,0.000000,6.000000,12.000000,2.000000,4.000000,0.000000,7.000000,15.000000,2.000000,5.000000,8097.000000,2266.000000,4820.000000,695.000000,601.000000,3.000000,
0.040286,0.774191,0.359564,0.001484,0.550850,-209433.376260,2.984589,2195607.000000,1874874.000000,3722527.000000,334752.000000,1282372.000000,1952.000000,539.000000,1146.000000,164.000000,144.000000,453.000000,125.000000,266.000000,38.000000,33.000000,2784.000000,769.000000,1633.000000,233.000000,205.000000,15.000000,8.000000,18.000000,3.000000,5.000000,0.000000,6.000000,12.000000,2.000000,4.000000,0.000000,7.000000,15.000000,2.000000,5.000000,8097.000000,2266.000000,4820.000000,695.000000,601.000000,3.000000,
0.040286,0.774191,0.359564,0.001484,0.550850,-209433.376260,2.984589,2195607.000000,1874874.000000,3722527.000000,334752.000000,1282372.000000,1952.000000,539.000000,1146.000000,164.000000,144.000000,453.000000,125.000000,266.000000,38.000000,33.000000,2784.000000,769.000000,1633.000000,233.000000,205.000000,15.000000,8.000000,18.000000,3.000000,5.000000,0.000000,6.000000,12.000000,2.000000,4.000000,0.000000,7.000000,15.000000,2.000000,5.000000,8097.000000,2266.000000,4820.000000,695.000000,601.000000,3.000000,
0.040286,0.774191,0.359564,0.001484,0.550850,-209433.376260,2.984589,2195607.000000,1874874.000000,3722527.000000,334752.000000,1282372.000000,1952.000000,539.000000,1146.000000,164.000000,144.000000,453.000000,125.000000,266.000000,38.000000,33.000000,2784.000000,769.000000,1633.000000,233.000000,205.000000,15.000000,8.000000,18.000000,3.000000,5.000000,0.000000,6.000000,12.000000,2.000000,4.000000,0.000000,7.000000,15.000000,2.000000,5.000000,8097.000000,2266.000000,4820.000000,695.000000,601.000000,3.000000,
0.040292,0.832504,0.356768,0.001282,0.583523,-209288.905195,2.979992,2195607.000000,1874874.000000,3722527.000000,334752.000000,1282372.000000,1952.000000,539.000000,1146.000000,164.000000,144.000000,453.000000,125.000000,266.000000,38.000000,33.000000,2784.000000,769.000000,1633.000000,233.000000,205.000000,15.000000,8.000000,18.000000,3.000000,5.000000,0.000000,6.000000,12.000000,2.000000,4.000000,0.000000,7.000000,15.000000,2.000000,5.000000,8097.000000,2266.000000,4820.000000,695.000000,601.000000,3.000000,
0.040292,0.832504,0.356768,0.001282,0.583523,-209288.905195,2.979992,2195607.000000,1874874.000000,3722527.000000,334752.000000,1282372.000000,1952.000000,539.000000,1146.000000,164.000000,144.000000,453.000000,125.000000,266.000000,38.000000,33.000000,2784.000000,769.000000,1633.000000,233.000000,205.000000,15.000000,8.000000,18.000000,3.000000,5.000000,0.000000,6.000000,12.000000,2.000000,4.000000,0.000000,7.000000,15.000000,2.000000,5.000000,8097.000000,2266.000000,4820.000000,695.000000,601.000000,3.000000,
0.040292,0.832504,0.356768,0.001282,0.583523,-209288.905195,2.979992,2195607.000000,1874874.000000,3722527.000000,334752.000000,1282372.000000,1952.000000,539.000000,1146.000000,164.000000,144.000000,453.000000,125.000000,266.000000,38.000000,33.000000,2784.000000,769.000000,1633.000000,233.000000,205.000000,15.000000,8.000000,18.000000,3.000000,5.000000,0.000000,6.000000,12.000000,2.000000,4.000000,0.000000,7.000000,15.000000,2.000000,5.000000,8097.000000,2266.000000,4820.000000,695.000000,601.000000,3.000000,
0.040292,0.832504,0.356768,0.001282,0.583523,-209288.905195,2.979992,2195607.000000,1874874.000000,3722527.000000,334752.000000,1282372.000000,1952.000000,539.000000,1146.000000,164.000000,144.000000,453.000000,125.000000,266.000000,38.000000,33.000000,2784.000000,769.000000,1633.000000,233.000000,205.000000,15.000000,8.000000,18.000000,3.000000,5.000000,0.000000,6.000000,12.000000,2.000000,4.000000,0.000000,7.000000,15.000000,2.000000,5.000000,8097.000000,2266.000000,4820.000000,695.000000,601.000000,3.000000,
0.040292,0.832504,0.356768,0.001282,0.583523,-209288.905195,2.979992,2195607.000000,1874874.000000,3722527.000000,334752.000000,1282372.000000,1952.000000,539.000000,1146.000000,164.000000,144.000000,453.000000,125.000000,266.000000,38.000000,33.000000,2784.000000,769.000000,1633.000000,233.000000,205.000000,15.000000,8.000000,18.000000,3.000000,5.000000,0.000000,6.000000,12.000000,2.000000,4.000000,0.000000,7.000000,15.000000,2.000000,5.000000,8097.000000,2266.000000,4820.000000,695.000000,601.000000,3.000000,
0.040292,0.832504,0.356768,0.001282,0.583523,-209288.905195,2.979992,2195607.000000,1874874.000000,3722527.000000,334752.000000,1282372.000000,1952.000000,539.000000,1146.000000,164.000000,144.000000,453.000000,125.000000,266.000000,38.000000,33.000000,2784.000000,769.000000,1633.000000,233.000000,205.000000,15.000000,8.000000,18.000000,3.000000,5.000000,0.000000,6.000000,12.000000,2.000000,4.000000,0.000000,7.000000,15.000000,2.000000,5.000000,8097.000000,2266.000000,4820.000000,695.000000,601.000000,3.000000,
0.040292,0.832504,0.356768,0.001282,0.583523,-209288.905195,2.979992,2195607.000000,1874874.000000,3722527.000000,334752.000000,1282372.000000,1952.000000,539.000000,1146.000000,164.000000,144.000000,453.000000,125.000000,266.000000,38.000000,33.000000,2784.000000,769.000000,1633.000000,233.000000,205.000000,15.000000,8.000000,18.000000,3.000000,5.000000,0.000000,6.000000,12.000000,2.000000,4.000000,0.000000,7.000000,15.000000,2.000000,5.000000,8097.000000,2266.000000,4820.000000,695.000000,601.000000,3.000000,
0.040292,0.832504,0.356768,0.001282,0.583523,-209288.905195,2.979992,2195607.000000,1874874.000000,3722527.000000,334752.000000,1282372.000000,1952.000000,539.000000,1146.000000,164.000000,144.000000,453.000000,125.000000,266.000000,38.000000,33.000000,2784.000000,769.000000,1633.000000,233.000000,205.000000,15.000000,8.000000,18.000000,3.000000,5.000000,0.000000,6.000000,12.000000,2.000000,4.000000,0.000000,7.000000,15.000000,2.000000,5.000000,8097.000000,2266.000000,4820.000000,695.000000,601.000000,3.000000,
0.040292,0.832504,0.356768,0.001282,0.583523,-209288.905195,2.979992,2195607.000000,1874874.000000,3722527.000000,334752.000000,1282372.000000,1952.000000,539.000000,1146.000000,164.000000,144.000000,453.000000,125.000000,266.000000,38.000000,33.000000,2784.000000,769.000000,1633.000000,233.000000,205.000000,15.000000,8.000000,18.000000,3.000000,5.000000,0.000000,6.000000,12.000000,2.000000,4.000000,0.000000,7.000000,15.000000,2.000000,5.000000,8097.000000,2266.000000,4820.000000,695.000000,601.000000,3.000000,
0.040292,0.832504,0.356768,0.001282,0.583523,-209288.905195,2.979992,2195607.000000,1874874.000000,3722527.000000,334752.000000,1282372.000000,1952.000000,539.000000,1146.000000,164.000000,144.000000,453.000000,125.000000,266.000000,38.000000,33.000000,2784.000000,769.000000,1633.000000,233.000000,205.000000,15.000000,8.000000,18.000000,3.000000,5.000000,0.000000,6.000000,12.000000,2.000000,4.000000,0.000000,7.000000,15.000000,2.000000,5.000000,8097.000000,2266.000000,4820.000000,695.000000,601.000000,3.000000,
0.040292,0.832504,0.356768,0.001282,0.583523,-209288.905195,2.979992,2195607.000000,1874874.000000,3722527.000000,334752.000000,1282372.000000,1952.000000,539.000000,1146.000000,164.000000,144.000000,453.000000,125.000000,266.000000,38.000000,33.000000,2784.000000,769.000000,1633.000000,233.000000,205.000000,15.000000,8.000000,18.000000,3.000000,5.000000,0.000000,6.000000,12.000000,2.000000,4.000000,0.000000,7.000000,15.000000,2.000000,5.000000,8097.000000,2266.000000,4820.000000,695.000000,601.000000,3.000000,
0.040292,0.832504,0.356768,0.001282,0.583523,-209288.905195,2.979992,2195607.000000,1874874.000000,3722527.000000,334752.000000,1282372.000000,1952.000000,539.000000,1146.000000,164.000000,144.000000,453.000000,125.000000,266.000000,38.000000,33.000000,2784.000000,769.000000,1633.000000,233.000000,205.000000,15.000000,8.000000,18.000000,3.000000,5.000000,0.000000,6.000000,12.000000,2.000000,4.000000,0.000000,7.000000,15.000000,2.000000,5.000000,8097.000000,2266.000000,4820.000000,695.000000,601.000000,3.000000,
0.040292,0.832504,0.356768,0.001282,0.583523,-209288.905195,2.979992,2195607.000000,1874874.000000,3722527.000000,334752.000000,1282372.000000,1952.000000,539.000000,1146.000000,164.000000,144.000000,453.000000,125.000000,266.000000,38.000000,33.000000,2784.000000,769.000000,1633.000000,233.000000,205.000000,15.000000,8.000000,18.000000,3.000000,5.000000,0.000000,6.000000,12.000000,2.000000,4.000000,0.000000,7.000000,15.000000,2.000000,5.000000,8097.000000,2266.000000,4820.000000,695.000000,601.000000,3.000000,
0.040292,0.832504,0.356768,0.001282,0.583523,-209288.905195,2.979992,2195607.000000,1874874.000000,3722527.000000,334752.000000,1282372.000000,1952.000000,539.000000,1146.000000,164.000000,144.000000,453.000000,125.000000,266.000000,38.000000,33.000000,2784.000000,769.000000,1633.000000,233.000000,205.000000,15.000000,8.000000,18.000000,3.000000,5.000000,0.000000,6.000000,12.000000,2.000000,4.000000,0.000000,7.000000,15.000000,2.000000,5.000000,8097.000000,2266.000000,4820.000000,695.000000,601.000000,3.000000,
0.040292,0.832504,0.356768,0.001282,0.583523,-209288.905195,2.979992,2195607.000000,1874874.000000,3722527.000000,334752.000000,1282372.000000,1952.000000,539.000000,1146.000000,164.000000,144.000000,453.000000,125.000000,266.000000,38.000000,33.000000,2784.000000,769.000000,1633.000000,233.000000,205.000000,15.000000,8.000000,18.000000,3.000000,5.000000,0.000000,6.000000,12.000000,2.000000,4.000000,0.000000,7.000000,15.000000,2.000000,5.000000,8097.000000,2266.000000,4820.000000,695.000000,601.000000,3.000000,
0.040292,0.832504,0.356768,0.001282,0.583523,-209288.905195,2.979992,2195607.000000,1874874.000000,3722527.000000,334752.000000,1282372.000000,1952.000000,539.000000,1146.000000,164.000000,144.000000,453.000000,125.000000,266.000000,38.000000,33.000000,2784.000000,769.000000,1633.000000,233.000000,205.000000,15.000000,8.000000,18.000000,3.000000,5.000000,0.000000,6.000000,12.000000,2.000000,4.000000,0.000000,7.000000,15.000000,2.000000,5.000000,8097.000000,2266.000000,4820.000000,695.000000,601.000000,3.000000,
0.040292,0.832504,0.356768,0.001282,0.583523,-209288.905195,2.979992,2195607.000000,1874874.000000,3722527.000000,334752.000000,1282372.000000,1952.000000,539.000000,1146.000000,164.000000,144.000000,453.000000,125.000000,266.000000,38.000000,33.000000,2784.000000,769.000000,1633.000000,233.000000,205.000000,15.000000,8.000000,18.000000,3.000000,5.000000,0.000000,6.000000,12.000000,2.000000,4.000000,0.000000,7.000000,15.000000,2.000000,5.000000,8097.000000,2266.000000,4820.000000,695.000000,601.000000,3.000000,
0.040292,0.832504,0.356768,0.001282,0.583523,-209288.905195,2.979992,2195607.000000,1874874.000000,3722527.000000,334752.000000,1282372.000000,1952.000000,539.000000,1146.000000,164.000000,144.000000,453.000000,125.000000,266.000000,38.000000,33.000000,2784.000000,769.000000,1633.000000,233.000000,205.000000,15.000000,8.000000,18.000000,3.000000,5.000000,0.000000,6.000000,12.000000,2.000000,4.000000,0.000000,7.000000,15.000000,2.000000,5.000000,8097.000000,2266.000000,4820.000000,695.000000,601.000000,3.000000,
0.040292,0.832504,0.356768,0.001282,0.583523,-209288.905195,2.979992,2195607.000000,1874874.000000,3722527.000000,334752.000000,1282372.000000,1952.000000,539.000000,1146.000000,164.000000,144.000000,453.000000,125.000000,266.000000,38.000000,33.000000,2784.000000,769.000000,1633.000000,233.000000,205.000000,15.000000,8.000000,18.000000,3.000000,5.000000,0.000000,6.000000,12.000000,2.000000,4.000000,0.000000,7.000000,15.000000,2.000000,5.000000,8097.000000,2266.000000,4820.000000,695.000000,601.000000,3.000000,
0.040292,0.832504,0.356768,0.001282,0.583523,-209288.905195,2.979992,2195607.000000,1874874.000000,3722527.000000,334752.000000,1282372.000000,1952.000000,539.000000,1146.000000,164.000000,144.000000,453.000000,125.000000,266.000000,38.000000,33.000000,2784.000000,769.000000,1633.000000,233.000000,205.000000,15.000000,8.000000,18.000000,3.000000,5.000000,0.000000,6.000000,12.000000,2.000000,4.000000,0.000000,7.000000,15.000000,2.000000,5.000000,8097.000000,2266.000000,4820.000000,695.000000,601.000000,3.000000,
0.040292,0.832504,0.356768,0.001282,0.583523,-209288.905195,2.979992,2195607.000000,1874874.000000,3722527.000000,334752.000000,1282372.000000,1952.000000,539.000000,1146.000000,164.000000,144.000000,453.000000,125.000000,266.000000,38.000000,33.000000,2784.000000,769.000000,1633.000000,233.000000,205.000000,15.000000,8.000000,18.000000,3.000000,5.000000,0.000000,6.000000,12.000000,2.000000,4.000000,0.000000,7.000000,15.000000,2.000000,5.000000,8097.000000,2266.000000,4820.000000,695.000000,601.000000,3.000000,
0.040292,0.832504,0.356768,0.001282,0.583523,-209288.905195,2.979992,2195607.000000,1874874.000000,3722527.000000,334752.000000,1282372.000000,1952.000000,539.000000,1146.000000,164.000000,144.000000,453.000000,125.000000,266.000000,38.000000,33.000000,2784.000000,769.000000,1633.000000,233.000000,205.000000,15.000000,8.000000,18.000000,3.000000,5.000000,0.000000,6.000000,12.000000,2.000000,4.000000,0.000000,7.000000,15.000000,2.000000,5.000000,8097.000000,2266.000000,4820.000000,695.000000,601.000000,3.000000,
0.040331,0.943576,0.355649,0.001069,0.602544,-209231.313148,2.980836,2195607.000000,1874874.000000,3722527.000000,334752.000000,1282372.000000,1952.000000,539.000000,1146.000000,164.000000,144.000000,453.000000,125.000000,266.000000,38.000000,33.000000,2784.000000,769.000000,1633.000000,233.000000,205.000000,15.000000,8.000000,18.000000,3.000000,5.000000,0.000000,6.000000,12.000000,2.000000,4.000000,0.000000,7.000000,15.000000,2.000000,5.000000,8097.000000,2266.000000,4820.000000,695.000000,601.000000,3.000000,
0.040331,0.943576,0.355649,0.001069,0.602544,-209231.313148,2.980836,2195607.000000,1874874.000000,3722527.000000,334752.000000,1282372.000000,1952.000000,539.000000,1146.000000,164.000000,144.000000,453.000000,125.000000,266.000000,38.000000,33.000000,2784.000000,769.000000,1633.000000,233.000000,205.000000,15.000000,8.000000,18.000000,3.000000,5.000000,0.000000,6.000000,12.000000,2.000000,4.000000,0.000000,7.000000,15.000000,2.000000,5.000000,8097.000000,2266.000000,4820.000000,695.000000,601.000000,3.000000,
0.040331,0.943576,0.355649,0.001069,0.602544,-209231.313148,2.980836,2195607.000000,1874874.000000,3722527.000000,334752.000000,1282372.000000,1952.000000,539.000000,1146.000000,164.000000,144.000000,453.000000,125.000000,266.000000,38.000000,33.000000,2784.000000,769.000000,1633.000000,233.000000,205.000000,15.000000,8.000000,18.000000,3.000000,5.000000,0.000000,6.000000,12.000000,2.000000,4.000000,0.000000,7.000000,15.000000,2.000000,5.000000,8097.000000,2266.000000,4820.000000,695.000000,601.000000,3.000000,
0.040824,0.461899,0.337781,0.001098,0.657797,-208322.369956,2.984319,2195607.000000,1874874.000000,3722527.000000,334752.000000,1282372.000000,1952.000000,539.000000,1146.000000,164.000000,144.000000,453.000000,125.000000,266.000000,38.000000,33.000000,2784.000000,769.000000,1633.000000,233.000000,205.000000,15.000000,8.000000,18.000000,3.000000,5.000000,0.000000,6.000000,12.000000,2.000000,4.000000,0.000000,7.000000,15.000000,2.000000,5.000000,8097.000000,2266.000000,4820.000000,695.000000,601.000000,3.000000,
0.040824,0.461899,0.337781,0.001098,0.657797,-208322.369956,2.984319,2195607.000000,1874874.000000,3722527.000000,334752.000000,1282372.000000,1952.000000,539.000000,1146.000000,164.000000,144.000000,453.000000,125.000000,266.000000,38.000000,33.000000,2784.000000,769.000000,1633.000000,233.000000,205.000000,15.000000,8.000000,18.000000,3.000000,5.000000,0.000000,6.000000,12.000000,2.000000,4.000000,0.000000,7.000000,15.000000,2.000000,5.000000,8097.000000,2266.000000,4820.000000,695.000000,601.000000,3.000000,
0.040824,0.461899,0.337781,0.001098,0.657797,-208322.369956,2.984319,2195607.000000,1874874.000000,3722527.000000,334752.000000,1282372.000000,1952.000000,539.000000,1146.000000,164.000000,144.000000,453.000000,125.000000,266.000000,38.000000,33.000000,2784.000000,769.000000,1633.000000,233.000000,205.000000,15.000000,8.000000,18.000000,3.000000,5.000000,0.000000,6.000000,12.000000,2.000000,4.000000,0.000000,7.000000,15.000000,2.000000,5.000000,8097.000000,2266.000000,4820.000000,695.000000,601.000000,3.000000,
0.040824,0.461899,0.337781,0.001098,0.657797,-208322.369956,2.984319,2195607.000000,1874874.000000,3722527.000000,334752.000000,1282372.000000,1952.000000,539.000000,1146.000000,164.000000,144.000000,453.000000,125.000000,266.000000,38.000000,33.000000,2784.000000,769.000000,1633.000000,233.000000,205.000000,15.000000,8.000000,18.000000,3.000000,5.000000,0.000000,6.000000,12.000000,2.000000,4.000000,0.000000,7.000000,15.000000,2.000000,5.000000,8097.000000,2266.000000,4820.000000,695.000000,601.000000,3.000000,
0.040824,0.461899,0.337781,0.001098,0.657797,-208322.369956,2.984319,2195607.000000,1874874.000000,3722527.000000,334752.000000,1282372.000000,1952.000000,539.000000,1146.000000,164.000000,144.000000,453.000000,125.000000,266.000000,38.000000,33.000000,2784.000000,769.000000,1633.000000,233.000000,205.000000,15.000000,8.000000,18.000000,3.000000,5.000000,0.000000,6.000000,12.000000,2.000000,4.000000,0.000000,7.000000,15.000000,2.000000,5.000000,8097.000000,2266.000000,4820.000000,695.000000,601.000000,3.000000,
0.040824,0.461899,0.337781,0.001098,0.657797,-208322.369956,2.984319,2195607.000000,1874874.000000,3722527.000000,334752.000000,1282372.000000,1952.000000,539.000000,1146.000000,164.000000,144.000000,453.000000,125.000000,266.000000,38.000000,33.000000,2784.000000,769.000000,1633.000000,233.000000,205.000000,15.000000,8.000000,18.000000,3.000000,5.000000,0.000000,6.000000,12.000000,2.000000,4.000000,0.000000,7.000000,15.000000,2.000000,5.000000,8097.000000,2266.000000,4820.000000,695.000000,601.000000,3.000000,
0.040824,0.461899,0.337781,0.001098,0.657797,-208322.369956,2.984319,2195607.000000,1874874.000000,3722527.000000,334752.000000,1282372.000000,1952.000000,539.000000,1146.000000,164.000000,144.000000,453.000000,125.000000,266.000000,38.000000,33.000000,2784.000000,769.000000,1633.000000,233.000000,205.000000,15.000000,8.000000,18.000000,3.000000,5.000000,0.000000,6.000000,12.000000,2.000000,4.000000,0.000000,7.000000,15.000000,2.000000,5.000000,8097.000000,2266.000000,4820.000000,695.000000,601.000000,3.000000,
0.040824,0.461899,0.337781,0.001098,0.657797,-208322.369956,2.984319,2195607.000000,1874874.000000,3722527.000000,334752.000000,1282372.000000,1952.000000,539.000000,1146.000000,164.000000,144.000000,453.000000,125.000000,266.000000,38.000000,33.000000,2784.000000,769.000000,1633.000000,233.000000,205.000000,15.000000,8.000000,18.000000,3.000000,5.000000,0.000000,6.000000,12.000000,2.000000,4.000000,0.000000,7.000000,15.000000,2.000000,5.000000,8097.000000,2266.000000,4820.000000,695.000000,601.000000,3.000000,
0.040824,0.461899,0.337781,0.001098,0.657797,-208322.369956,2.984319,2195607.000000,1874874.000000,3722527.000000,334752.000000,1282372.000000,1952.000000,539.000000,1146.000000,164.000000,144.000000,453.000000,125.000000,266.000000,38.000000,33.000000,2784.000000,769.000000,1633.000000,233.000000,205.000000,15.000000,8.000000,18.000000,3.000000,5.000000,0.000000,6.000000,12.000000,2.000000,4.000000,0.000000,7.000000,15.000000,2.000000,5.000000,8097.000000,2266.000000,4820.000000,695.000000,601.000000,3.000000,
0.040824,0.461899,0.337781,0.001098,0.657797,-208322.369956,2.984319,2195607.000000,1874874.000000,3722527.000000,334752.000000,1282372.000000,1952.000000,539.000000,1146.000000,164.000000,144.000000,453.000000,125.000000,266.000000,38.000000,33.000000,2784.000000,769.000000,1633.000000,233.000000,205.000000,15.000000,8.000000,18.000000,3.000000,5.000000,0.000000,6.000000,12.000000,2.000000,4.000000,0.000000,7.000000,15.000000,2.000000,5.000000,8097.000000,2266.000000,4820.000000,695.000000,601.000000,3.000000,
0.040824,0.461899,0.337781,0.001098,0.657797,-208322.369956,2.984319,2195607.000000,1874874.000000,3722527.000000,334752.000000,1282372.000000,1952.000000,539.000000,1146.000000,164.000000,144.000000,453.000000,125.000000,266.000000,38.000000,33.000000,2784.000000,769.000000,1633.000000,233.000000,205.000000,15.000000,8.000000,18.000000,3.000000,5.000000,0.000000,6.000000,12.000000,2.000000,4.000000,0.000000,7.000000,15.000000,2.000000,5.000000,8097.000000,2266.000000,4820.000000,695.000000,601.000000,3.000000,
0.040824,0.461899,0.337781,0.001098,0.657797,-208322.369956,2.984319,2195607.000000,1874874.000000,3722527.000000,334752.000000,1282372.000000,1952.000000,539.000000,1146.000000,164.000000,144.000000,453.000000,125.000000,266.000000,38.000000,33.000000,2784.000000,769.000000,1633.000000,233.000000,205.000000,15.000000,8.000000,18.000000,3.000000,5.000000,0.000000,6.000000,12.000000,2.000000,4.000000,0.000000,7.000000,15.000000,2.000000,5.000000,8097.000000,2266.000000,4820.000000,695.000000,601.000000,3.000000,
0.040824,0.461899,0.337781,0.001098,0.657797,-208322.369956,2.984319,2195607.000000,1874874.000000,3722527.000000,334752.000000,1282372.000000,1952.000000,539.000000,1146.000000,164.000000,144.000000,453.000000,125.000000,266.000000,38.000000,33.000000,2784.000000,769.000000,1633.000000,233.000000,205.000000,15.000000,8.000000,18.000000,3.000000,5.000000,0.000000,6.000000,12.000000,2.000000,4.000000,0.000000,7.000000,15.000000,2.000000,5.000000,8097.000000,2266.000000,4820.000000,695.000000,601.000000,3.000000,
0.040824,0.461899,0.337781,0.001098,0.657797,-208322.369956,2.984319,2195607.000000,1874874.000000,3722527.000000,334752.000000,1282372.000000,1952.000000,539.000000,1146.000000,164.000000,144.000000,453.000000,125.000000,266.000000,38.000000,33.000000,2784.000000,769.000000,1633.000000,233.000000,205.000000,15.000000,8.000000,18.000000,3.000000,5.000000,0.000000,6.000000,12.000000,2.000000,4.000000,0.000000,7.000000,15.000000,2.000000,5.000000,8097.000000,2266.000000,4820.000000,695.000000,601.000000,3.000000,
0.040824,0.461899,0.337781,0.001098,0.657797,-208322.369956,2.984319,2195607.000000,1874874.000000,3722527.000000,334752.000000,1282372.000000,1952.000000,539.000000,1146.000000,164.000000,144.000000,453.000000,125.000000,266.000000,38.000000,33.000000,2784.000000,769.000000,1633.000000,233.000000,205.000000,15.000000,8.000000,18.000000,3.000000,5.000000,0.000000,6.000000,12.000000,2.000000,4.000000,0.000000,7.000000,15.000000,2.000000,5.000000,8097.000000,2266.000000,4820.000000,695.000000,601.000000,3.000000,
0.040824,0.461899,0.337781,0.001098,0.657797,-208322.369956,2.984319,2195607.000000,1874874.000000,3722527.000000,334752.000000,1282372.000000,1952.000000,539.000000,1146.000000,164.000000,144.000000,453.000000,125.000000,266.000000,38.000000,33.000000,2784.000000,769.000000,1633.000000,233.000000,205.000000,15.000000,8.000000,18.000000,3.000000,5.000000,0.000000,6.000000,12.000000,2.000000,4.000000,0.000000,7.000000,15.000000,2.000000,5.000000,8097.000000,2266.000000,4820.000000,695.000000,601.000000,3.000000,
0.040824,0.461899,0.337781,0.001098,0.657797,-208322.369956,2.984319,2195607.000000,1874874.000000,3722527.000000,334752.000000,1282372.000000,1952.000000,539.000000,1146.000000,164.000000,144.000000,453.000000,125.000000,266.000000,38.000000,33.000000,2784.000000,769.000000,1633.000000,233.000000,205.000000,15.000000,8.000000,18.000000,3.000000,5.000000,0.000000,6.000000,12.000000,2.000000,4.000000,0.000000,7.000000,15.000000,2.000000,5.000000,8097.000000,2266.000000,4820.000000,695.000000,601.000000,3.000000,
0.040824,0.461899,0.337781,0.001098,0.657797,-208322.369956,2.984319,2195607.000000,1874874.000000,3722527.000000,334752.000000,1282372.000000,1952.000000,539.000000,1146.000000,164.000000,144.000000,453.000000,125.000000,266.000000,38.000000,33.000000,2784.000000,769.000000,1633.000000,233.000000,205.000000,15.000000,8.000000,18.000000,3.000000,5.000000,0.000000,6.000000,12.000000,2.000000,4.000000,0.000000,7.000000,15.000000,2.000000,5.000000,8097.000000,2266.000000,4820.000000,695.000000,601.000000,3.000000,
0.040824,0.461899,0.337781,0.001098,0.657797,-208322.369956,2.984319,2195607.000000,1874874.000000,3722527.000000,334752.000000,1282372.000000,1952.000000,539.000000,1146.000000,164.000000,144.000000,453.000000,125.000000,266.000000,38.000000,33.000000,2784.000000,769.000000,1633.000000,233.000000,205.000000,15.000000,8.000000,18.000000,3.000000,5.000000,0.000000,6.000000,12.000000,2.000000,4.000000,0.000000,7.000000,15.000000,2.000000,5.000000,8097.000000,2266.000000,4820.000000,695.000000,601.000000,3.000000,
0.040824,0.461899,0.337781,0.001098,0.657797,-208322.369956,2.984319,2195607.000000,1874874.000000,3722527.000000,334752.000000,1282372.000000,1952.000000,539.000000,1146.000000,164.000000,144.000000,453.000000,125.000000,266.000000,38.000000,33.000000,2784.000000,769.000000,1633.000000,233.000000,205.000000,15.000000,8.000000,18.000000,3.000000,5.000000,0.000000,6.000000,12.000000,2.000000,4.000000,0.000000,7.000000,15.000000,2.000000,5.000000,8097.000000,2266.000000,4820.000000,695.000000,601.000000,3.000000,
0.040824,0.461899,0.337781,0.001098,0.657797,-208322.369956,2.984319,2195607.000000,1874874.000000,3722527.000000,334752.000000,1282372.000000,1952.000000,539.000000,1146.000000,164.000000,144.000000,453.000000,125.000000,266.000000,38.000000,33.000000,2784.000000,769.000000,1633.000000,233.000000,205.000000,15.000000,8.000000,18.000000,3.000000,5.000000,0.000000,6.000000,12.000000,2.000000,4.000000,0.000000,7.000000,15.000000,2.000000,5.000000,8097.000000,2266.000000,4820.000000,695.000000,601.000000,3.000000,
0.040824,0.461899,0.337781,0.001098,0.657797,-208322.369956,2.984319,2195607.000000,1874874.000000,3722527.000000,334752.000000,1282372.000000,1952.000000,539.000000,1146.000000,164.000000,144.000000,453.000000,125.000000,266.000000,38.000000,33.000000,2784.000000,769.000000,1633.000000,233.000000,205.000000,15.000000,8.000000,18.000000,3.000000,5.000000,0.000000,6.000000,12.000000,2.000000,4.000000,0.000000,7.000000,15.000000,2.000000,5.000000,8097.000000,2266.000000,4820.000000,695.000000,601.000000,3.000000,
0.040824,0.461899,0.337781,0.001098,0.657797,-208322.369956,2.984319,2195607.000000,1874874.000000,3722527.000000,334752.000000,1282372.000000,1952.000000,539.000000,1146.000000,164.000000,144.000000,453.000000,125.000000,266.000000,38.000000,33.000000,2784.000000,769.000000,1633.000000,233.000000,205.000000,15.000000,8.000000,18.000000,3.000000,5.000000,0.000000,6.000000,12.000000,2.000000,4.000000,0.000000,7.000000,15.000000,2.000000,5.000000,8097.000000,2266.000000,4820.000000,695.000000,601.000000,3.000000,
0.040824,0.461899,0.337781,0.001098,0.657797,-208322.369956,2.984319,2195607.000000,1874874.000000,3722527.000000,334752.000000,1282372.000000,1952.000000,539.000000,1146.000000,164.000000,144.000000,453.000000,125.000000,266.000000,38.000000,33.000000,2784.000000,769.000000,1633.000000,233.000000,205.000000,15.000000,8.000000,18.000000,3.000000,5.000000,0.000000,6.000000,12.000000,2.000000,4.000000,0.000000,7.000000,15.000000,2.000000,5.000000,8097.000000,2266.000000,4820.000000,695.000000,601.000000,3.000000,
0.040824,0.461899,0.337781,0.001098,0.657797,-208322.369956,2.984319,2195607.000000,1874874.000000,3722527.000000,334752.000000,1282372.000000,1952.000000,539.000000,1146.000000,164.000000,144.000000,453.000000,125.000000,266.000000,38.000000,33.000000,2784.000000,769.000000,1633.000000,233.000000,205.000000,15.000000,8.000000,18.000000,3.000000,5.000000,0.000000,6.000000,12.000000,2.000000,4.000000,0.000000,7.000000,15.000000,2.000000,5.000000,8097.000000,2266.000000,4820.000000,695.000000,601.000000,3.000000,
0.040824,0.461899,0.337781,0.001098,0.657797,-208322.369956,2.984319,2195607.000000,1874874.000000,3722527.000000,334752.000000,1282372.000000,1952.000000,539.000000,1146.000000,164.000000,144.000000,453.000000,125.000000,266.000000,38.000000,33.000000,2784.000000,769.000000,1633.000000,233.000000,205.000000,15.000000,8.000000,18.000000,3.000000,5.000000,0.000000,6.000000,12.000000,2.000000,4.000000,0.000000,7.000000,15.000000,2.000000,5.000000,8097.000000,2266.000000,4820.000000,695.000000,601.000000,3.000000,
0.040824,0.461899,0.337781,0.001098,0.657797,-208322.369956,2.984319,2195607.000000,1874874.000000,3722527.000000,334752.000000,1282372.000000,1952.000000,539.000000,1146.000000,164.000000,144.000000,453.000000,125.000000,266.000000,38.000000,33.000000,2784.000000,769.000000,1633.000000,233.000000,205.000000,15.000000,8.000000,18.000000,3.000000,5.000000,0.000000,6.000000,12.000000,2.000000,4.000000,0.000000,7.000000,15.000000,2.000000,5.000000,8097.000000,2266.000000,4820.000000,695.000000,601.000000,3.000000,
0.040824,0.461899,0.337781,0.001098,0.657797,-208322.369956,2.984319,2195607.000000,1874874.000000,3722527.000000,334752.000000,1282372.000000,1952.000000,539.000000,1146.000000,164.000000,144.000000,453.000000,125.000000,266.000000,38.000000,33.000000,2784.000000,769.000000,1633.000000,233.000000,205.000000,15.000000,8.000000,18.000000,3.000000,5.000000,0.000000,6.000000,12.000000,2.000000,4.000000,0.000000,7.000000,15.000000,2.000000,5.000000,8097.000000,2266.000000,4820.000000,695.000000,601.000000,3.000000,
0.040824,0.461899,0.337781,0.001098,0.657797,-208322.369956,2.984319,2195607.000000,1874874.000000,3722527.000000,334752.000000,1282372.000000,1952.000000,539.000000,1146.000000,164.000000,144.000000,453.000000,125.000000,266.000000,38.000000,33.000000,2784.000000,769.000000,1633.000000,233.000000,205.000000,15.000000,8.000000,18.000000,3.000000,5.000000,0.000000,6.000000,12.000000,2.000000,4.000000,0.000000,7.000000,15.000000,2.000000,5.000000,8097.000000,2266.000000,4820.000000,695.000000,601.000000,3.000000,
0.040824,0.461899,0.337781,0.001098,0.657797,-208322.369956,2.984319,2195607.000000,1874874.000000,3722527.000000,334752.000000,1282372.000000,1952.000000,539.000000,1146.000000,164.000000,144.000000,453.000000,125.000000,266.000000,38.000000,33.000000,2784.000000,769.000000,1633.000000,233.000000,205.000000,15.000000,8.000000,18.000000,3.000000,5.000000,0.000000,6.000000,12.000000,2.000000,4.000000,0.000000,7.000000,15.000000,2.000000,5.000000,8097.000000,2266.000000,4820.000000,695.000000,601.000000,3.000000,
0.040824,0.461899,0.337781,0.001098,0.657797,-208322.369956,2.984319,2195607.000000,1874874.000000,3722527.000000,334752.000000,1282372.000000,1952.000000,539.000000,1146.000000,164.000000,144.000000,453.000000,125.000000,266.000000,38.000000,33.000000,2784.000000,769.000000,1633.000000,233.000000,205.000000,15.000000,8.000000,18.000000,3.000000,5.000000,0.000000,6.000000,12.000000,2.000000,4.000000,0.000000,7.000000,15.000000,2.000000,5.000000,8097.000000,2266.000000,4820.000000,695.000000,601.000000,3.000000,
0.040824,0.461899,0.337781,0.001098,0.657797,-208322.369956,2.984319,2195607.000000,1874874.000000,3722527.000000,334752.000000,1282372.000000,1952.000000,539.000000,1146.000000,164.000000,144.000000,453.000000,125.000000,266.000000,38.000000,33.000000,2784.000000,769.000000,1633.000000,233.000000,205.000000,15.000000,8.000000,18.000000,3.000000,5.000000,0.000000,6.000000,12.000000,2.000000,4.000000,0.000000,7.000000,15.000000,2.000000,5.000000,8097.000000,2266.000000,4820.000000,695.000000,601.000000,3.000000,
0.040824,0.461899,0.337781,0.001098,0.657797,-208322.369956,2.984319,2195607.000000,1874874.000000,3722527.000000,334752.000000,1282372.000000,1952.000000,539.000000,1146.000000,164.000000,144.000000,453.000000,125.000000,266.000000,38.000000,33.000000,2784.000000,769.000000,1633.000000,233.000000,205.000000,15.000000,8.000000,18.000000,3.000000,5.000000,0.000000,6.000000,12.000000,2.000000,4.000000,0.000000,7.000000,15.000000,2.000000,5.000000,8097.000000,2266.000000,4820.000000,695.000000,601.000000,3.000000,
0.040824,0.461899,0.337781,0.001098,0.657797,-208322.369956,2.984319,2195607.000000,1874874.000000,3722527.000000,334752.000000,1282372.000000,1952.000000,539.000000,1146.000000,164.000000,144.000000,453.000000,125.000000,266.000000,38.000000,33.000000,2784.000000,769.000000,1633.000000,233.000000,205.000000,15.000000,8.000000,18.000000,3.000000,5.000000,0.000000,6.000000,12.000000,2.000000,4.000000,0.000000,7.000000,15.000000,2.000000,5.000000,8097.000000,2266.000000,4820.000000,695.000000,601.000000,3.000000,
0.040824,0.461899,0.337781,0.001098,0.657797,-208322.369956,2.984319,2195607.000000,1874874.000000,3722527.000000,334752.000000,1282372.000000,1952.000000,539.000000,1146.000000,164.000000,144.000000,453.000000,125.000000,266.000000,38.000000,33.000000,2784.000000,769.000000,1633.000000,233.000000,205.000000,15.000000,8.000000,18.000000,3.000000,5.000000,0.000000,6.000000,12.000000,2.000000,4.000000,0.000000,7.000000,15.000000,2.000000,5.000000,8097.000000,2266.000000,4820.000000,695.000000,601.000000,3.000000,
0.040824,0.461899,0.337781,0.001098,0.657797,-208322.369956,2.984319,2195607.000000,1874874.000000,3722527.000000,334752.000000,1282372.000000,1952.000000,539.000000,1146.000000,164.000000,144.000000,453.000000,125.000000,266.000000,38.000000,33.000000,2784.000000,769.000000,1633.000000,233.000000,205.000000,15.000000,8.000000,18.000000,3.000000,5.000000,0.000000,6.000000,12.000000,2.000000,4.000000,0.000000,7.000000,15.000000,2.000000,5.000000,8097.000000,2266.000000,4820.000000,695.000000,601.000000,3.000000,
0.040889,0.603856,0.331178,0.001025,0.811494,-207991.456212,2.976891,2195607.000000,1874874.000000,3722527.000000,334752.000000,1282372.000000,1952.000000,539.000000,1146.000000,164.000000,144.000000,453.000000,125.000000,266.000000,38.000000,33.000000,2784.000000,769.000000,1633.000000,233.000000,205.000000,15.000000,8.000000,18.000000,3.000000,5.000000,0.000000,6.000000,12.000000,2.000000,4.000000,0.000000,7.000000,15.000000,2.000000,5.000000,8097.000000,2266.000000,4820.000000,695.000000,601.000000,3.000000,
0.041058,0.493993,0.323860,0.001287,0.676234,-207628.151876,2.975606,2195607.000000,1874874.000000,3722527.000000,334752.000000,1282372.000000,1952.000000,539.000000,1146.000000,164.000000,144.000000,453.000000,125.000000,266.000000,38.000000,33.000000,2784.000000,769.000000,1633.000000,233.000000,205.000000,15.000000,8.000000,18.000000,3.000000,5.000000,0.000000,6.000000,12.000000,2.000000,4.000000,0.000000,7.000000,15.000000,2.000000,5.000000,8097.000000,2266.000000,4820.000000,695.000000,601.000000,3.000000,
0.041176,0.420531,0.318236,0.001965,0.744496,-207351.217635,2.973729,2195607.000000,1874874.000000,3722527.000000,334752.000000,1282372.000000,1952.000000,539.000000,1146.000000,164.000000,144.000000,453.000000,125.000000,266.000000,38.000000,33.000000,2784.000000,769.000000,1633.000000,233.000000,205.000000,15.000000,8.000000,18.000000,3.000000,5.000000,0.000000,6.000000,12.000000,2.000000,4.000000,0.000000,7.000000,15.000000,2.000000,5.000000,8097.000000,2266.000000,4820.000000,695.000000,601.000000,3.000000,
0.041280,0.819988,0.311793,0.001477,0.856384,-207036.327163,2.969215,2195607.000000,1874874.000000,3722527.000000,334752.000000,1282372.000000,1952.000000,539.000000,1146.000000,164.000000,144.000000,453.000000,125.000000,266.000000,38.000000,33.000000,2784.000000,769.000000,1633.000000,233.000000,205.000000,15.000000,8.000000,18.000000,3.000000,5.000000,0.000000,6.000000,12.000000,2.000000,4.000000,0.000000,7.000000,15.000000,2.000000,5.000000,8097.000000,2266.000000,4820.000000,695.000000,601.000000,3.000000,
0.041280,0.819988,0.311793,0.001477,0.856384,-207036.327163,2.969215,2195607.000000,1874874.000000,3722527.000000,334752.000000,1282372.000000,1952.000000,539.000000,1146.000000,164.000000,144.000000,453.000000,125.000000,266.000000,38.000000,33.000000,2784.000000,769.000000,1633.000000,233.000000,205.000000,15.000000,8.000000,18.000000,3.000000,5.000000,0.000000,6.000000,12.000000,2.000000,4.000000,0.000000,7.000000,15.000000,2.000000,5.000000,8097.000000,2266.000000,4820.000000,695.000000,601.000000,3.000000,
0.041280,0.819988,0.311793,0.001477,0.856384,-207036.327163,2.969215,2195607.000000,1874874.000000,3722527.000000,334752.000000,1282372.000000,1952.000000,539.000000,1146.000000,164.000000,144.000000,453.000000,125.000000,266.000000,38.000000,33.000000,2784.000000,769.000000,1633.000000,233.000000,205.000000,15.000000,8.000000,18.000000,3.000000,5.000000,0.000000,6.000000,12.000000,2.000000,4.000000,0.000000,7.000000,15.000000,2.000000,5.000000,8097.000000,2266.000000,4820.000000,695.000000,601.000000,3.000000,
0.041280,0.819988,0.311793,0.001477,0.856384,-207036.327163,2.969215,2195607.000000,1874874.000000,3722527.000000,334752.000000,1282372.000000,1952.000000,539.000000,1146.000000,164.000000,144.000000,453.000000,125.000000,266.000000,38.000000,33.000000,2784.000000,769.000000,1633.000000,233.000000,205.000000,15.000000,8.000000,18.000000,3.000000,5.000000,0.000000,6.000000,12.000000,2.000000,4.000000,0.000000,7.000000,15.000000,2.000000,5.000000,8097.000000,2266.000000,4820.000000,695.000000,601.000000,3.000000,
0.041280,0.819988,0.311793,0.001477,0.856384,-207036.327163,2.969215,2195607.000000,1874874.000000,3722527.000000,334752.000000,1282372.000000,1952.000000,539.000000,1146.000000,164.000000,144.000000,453.000000,125.000000,266.000000,38.000000,33.000000,2784.000000,769.000000,1633.000000,233.000000,205.000000,15.000000,8.000000,18.000000,3.000000,5.000000,0.000000,6.000000,12.000000,2.000000,4.000000,0.000000,7.000000,15.000000,2.000000,5.000000,8097.000000,2266.000000,4820.000000,695.000000,601.000000,3.000000,
0.041280,0.819988,0.311793,0.001477,0.856384,-207036.327163,2.969215,2195607.000000,1874874.000000,3722527.000000,334752.000000,1282372.000000,1952.000000,539.000000,1146.000000,164.000000,144.000000,453.000000,125.000000,266.000000,38.000000,33.000000,2784.000000,769.000000,1633.000000,233.000000,205.000000,15.000000,8.000000,18.000000,3.000000,5.000000,0.000000,6.000000,12.000000,2.000000,4.000000,0.000000,7.000000,15.000000,2.000000,5.000000,8097.000000,2266.000000,4820.000000,695.000000,601.000000,3.000000,
0.041280,0.819988,0.311793,0.001477,0.856384,-207036.327163,2.969215,2195607.000000,1874874.000000,3722527.000000,334752.000000,1282372.000000,1952.000000,539.000000,1146.000000,164.000000,144.000000,453.000000,125.000000,266.000000,38.000000,33.000000,2784.000000,769.000000,1633.000000,233.000000,205.000000,15.000000,8.000000,18.000000,3.000000,5.000000,0.000000,6.000000,12.000000,2.000000,4.000000,0.000000,7.000000,15.000000,2.000000,5.000000,8097.000000,2266.000000,4820.000000,695.000000,601.000000,3.000000,
0.041402,0.983037,0.309144,0.001553,0.856820,-206907.776969,2.973086,2195607.000000,1874874.000000,3722527.000000,334752.000000,1282372.000000,1952.000000,539.000000,1146.000000,164.000000,144.000000,453.000000,125.000000,266.000000,38.000000,33.000000,2784.000000,769.000000,1633.000000,233.000000,205.000000,15.000000,8.000000,18.000000,3.000000,5.000000,0.000000,6.000000,12.000000,2.000000,4.000000,0.000000,7.000000,15.000000,2.000000,5.000000,8097.000000,2266.000000,4820.000000,695.000000,601.000000,3.000000,
0.041402,0.983037,0.309144,0.001553,0.856820,-206907.776969,2.973086,2195607.000000,1874874.000000,3722527.000000,334752.000000,1282372.000000,1952.000000,539.000000,1146.000000,164.000000,144.000000,453.000000,125.000000,266.000000,38.000000,33.000000,2784.000000,769.000000,1633.000000,233.000000,205.000000,15.000000,8.000000,18.000000,3.000000,5.000000,0.000000,6.000000,12.000000,2.000000,4.000000,0.000000,7.000000,15.000000,2.000000,5.000000,8097.000000,2266.000000,4820.000000,695.000000,601.000000,3.000000,
0.041402,0.983037,0.309144,0.001553,0.856820,-206907.776969,2.973086,2195607.000000,1874874.000000,3722527.000000,334752.000000,1282372.000000,1952.000000,539.000000,1146.000000,164.000000,144.000000,453.000000,125.000000,266.000000,38.000000,33.000000,2784.000000,769.000000,1633.000000,233.000000,205.000000,15.000000,8.000000,18.000000,3.000000,5.000000,0.000000,6.000000,12.000000,2.000000,4.000000,0.000000,7.000000,15.000000,2.000000,5.000000,8097.000000,2266.000000,4820.000000,695.000000,601.000000,3.000000,
0.041402,0.983037,0.309144,0.001553,0.856820,-206907.776969,2.973086,2195607.000000,1874874.000000,3722527.000000,334752.000000,1282372.000000,1952.000000,539.000000,1146.000000,164.000000,144.000000,453.000000,125.000000,266.000000,38.000000,33.000000,2784.000000,769.000000,1633.000000,233.000000,205.000000,15.000000,8.000000,18.000000,3.000000,5.000000,0.000000,6.000000,12.000000,2.000000,4.000000,0.000000,7.000000,15.000000,2.000000,5.000000,8097.000000,2266.000000,4820.000000,695.000000,601.000000,3.000000,
0.041402,0.983037,0.309144,0.001553,0.856820,-206907.776969,2.973086,2195607.000000,1874874.000000,3722527.000000,334752.000000,1282372.000000,1952.000000,539.000000,1146.000000,164.000000,144.000000,453.000000,125.000000,266.000000,38.000000,33.000000,2784.000000,769.000000,1633.000000,233.000000,205.000000,15.000000,8.000000,18.000000,3.000000,5.000000,0.000000,6.000000,12.000000,2.000000,4.000000,0.000000,7.000000,15.000000,2.000000,5.000000,8097.000000,2266.000000,4820.000000,695.000000,601.000000,3.000000,
0.041402,0.983037,0.309144,0.001553,0.856820,-206907.776969,2.973086,2195607.000000,1874874.000000,3722527.000000,334752.000000,1282372.000000,1952.000000,539.000000,1146.000000,164.000000,144.000000,453.000000,125.000000,266.000000,38.000000,33.000000,2784.000000,769.000000,1633.000000,233.000000,205.000000,15.000000,8.000000,18.000000,3.000000,5.000000,0.000000,6.000000,12.000000,2.000000,4.000000,0.000000,7.000000,15.000000,2.000000,5.000000,8097.000000,2266.000000,4820.000000,695.000000,601.000000,3.000000,
0.041402,0.983037,0.309144,0.001553,0.856820,-206907.776969,2.973086,2195607.000000,1874874.000000,3722527.000000,334752.000000,1282372.000000,1952.000000,539.000000,1146.000000,164.000000,144.000000,453.000000,125.000000,266.000000,38.000000,33.000000,2784.000000,769.000000,1633.000000,233.000000,205.000000,15.000000,8.000000,18.000000,3.000000,5.000000,0.000000,6.000000,12.000000,2.000000,4.000000,0.000000,7.000000,15.000000,2.000000,5.000000,8097.000000,2266.000000,4820.000000,695.000000,601.000000,3.000000,
0.041402,0.983037,0.309144,0.001553,0.856820,-206907.776969,2.973086,2195607.000000,1874874.000000,3722527.000000,334752.000000,1282372.000000,1952.000000,539.000000,1146.000000,164.000000,144.000000,453.000000,125.000000,266.000000,38.000000,33.000000,2784.000000,769.000000,1633.000000,233.000000,205.000000,15.000000,8.000000,18.000000,3.000000,5.000000,0.000000,6.000000,12.000000,2.000000,4.000000,0.000000,7.000000,15.000000,2.000000,5.000000,8097.000000,2266.000000,4820.000000,695.000000,601.000000,3.000000,
0.041402,0.983037,0.309144,0.001553,0.856820,-206907.776969,2.973086,2195607.000000,1874874.000000,3722527.000000,334752.000000,1282372.000000,1952.000000,539.000000,1146.000000,164.000000,144.000000,453.000000,125.000000,266.000000,38.000000,33.000000,2784.000000,769.000000,1633.000000,233.000000,205.000000,15.000000,8.000000,18.000000,3.000000,5.000000,0.000000,6.000000,12.000000,2.000000,4.000000,0.000000,7.000000,15.000000,2.000000,5.000000,8097.000000,2266.000000,4820.000000,695.000000,601.000000,3.000000,
0.041402,0.983037,0.309144,0.001553,0.856820,-206907.776969,2.973086,2195607.000000,1874874.000000,3722527.000000,334752.000000,1282372.000000,1952.000000,539.000000,1146.000000,164.000000,144.000000,453.000000,125.000000,266.000000,38.000000,33.000000,2784.000000,769.000000,1633.000000,233.000000,205.000000,15.000000,8.000000,18.000000,3.000000,5.000000,0.000000,6.000000,12.000000,2.000000,4.000000,0.000000,7.000000,15.000000,2.000000,5.000000,8097.000000,2266.000000,4820.000000,695.000000,601.000000,3.000000,
0.041402,0.983037,0.309144,0.001553,0.856820,-206907.776969,2.973086,2195607.000000,1874874.000000,3722527.000000,334752.000000,1282372.000000,1952.000000,539.000000,1146.000000,164.000000,144.000000,453.000000,125.000000,266.000000,38.000000,33.000000,2784.000000,769.000000,1633.000000,233.000000,205.000000,15.000000,8.000000,18.000000,3.000000,5.000000,0.000000,6.000000,12.000000,2.000000,4.000000,0.000000,7.000000,15.000000,2.000000,5.000000,8097.000000,2266.000000,4820.000000,695.000000,601.000000,3.000000,
0.041310,0.953866,0.313039,0.001873,0.828704,-207097.135850,2.973685,2195607.000000,1874874.000000,3722527.000000,334752.000000,1282372.000000,1952.000000,539.000000,1146.000000,164.000000,144.000000,453.000000,125.000000,266.000000,38.000000,33.000000,2784.000000,769.000000,1633.000000,233.000000,205.000000,15.000000,8.000000,18.000000,3.000000,5.000000,0.000000,6.000000,12.000000,2.000000,4.000000,0.000000,7.000000,15.000000,2.000000,5.000000,8097.000000,2266.000000,4820.000000,695.000000,601.000000,3.000000,
0.041310,0.953866,0.313039,0.001873,0.828704,-207097.135850,2.973685,2195607.000000,1874874.000000,3722527.000000,334752.000000,1282372.000000,1952.000000,539.000000,1146.000000,164.000000,144.000000,453.000000,125.000000,266.000000,38.000000,33.000000,2784.000000,769.000000,1633.000000,233.000000,205.000000,15.000000,8.000000,18.000000,3.000000,5.000000,0.000000,6.000000,12.000000,2.000000,4.000000,0.000000,7.000000,15.000000,2.000000,5.000000,8097.000000,2266.000000,4820.000000,695.000000,601.000000,3.000000,
0.041310,0.953866,0.313039,0.001873,0.828704,-207097.135850,2.973685,2195607.000000,1874874.000000,3722527.000000,334752.000000,1282372.000000,1952.000000,539.000000,1146.000000,164.000000,144.000000,453.000000,125.000000,266.000000,38.000000,33.000000,2784.000000,769.000000,1633.000000,233.000000,205.000000,15.000000,8.000000,18.000000,3.000000,5.000000,0.000000,6.000000,12.000000,2.000000,4.000000,0.000000,7.000000,15.000000,2.000000,5.000000,8097.000000,2266.000000,4820.000000,695.000000,601.000000,3.000000,
0.041233,0.597843,0.316234,0.001916,0.755189,-207253.176688,2.974135,2195607.000000,1874874.000000,3722527.000000,334752.000000,1282372.000000,1952.000000,539.000000,1146.000000,164.000000,144.000000,453.000000,125.000000,266.000000,38.000000,33.000000,2784.000000,769.000000,1633.000000,233.000000,205.000000,15.000000,8.000000,18.000000,3.000000,5.000000,0.000000,6.000000,12.000000,2.000000,4.000000,0.000000,7.000000,15.000000,2.000000,5.000000,8097.000000,2266.000000,4820.000000,695.000000,601.000000,3.000000,
0.041233,0.597843,0.316234,0.001916,0.755189,-207253.176688,2.974135,2195607.000000,1874874.000000,3722527.000000,334752.000000,1282372.000000,1952.000000,539.000000,1146.000000,164.000000,144.000000,453.000000,125.000000,266.000000,38.000000,33.000000,2784.000000,769.000000,1633.000000,233.000000,205.000000,15.000000,8.000000,18.000000,3.000000,5.000000,0.000000,6.000000,12.000000,2.000000,4.000000,0.000000,7.000000,15.000000,2.000000,5.000000,8097.000000,2266.000000,4820.000000,695.000000,601.000000,3.000000,
0.041233,0.597843,0.316234,0.001916,0.755189,-207253.176688,2.974135,2195607.000000,1874874.000000,3722527.000000,334752.000000,1282372.000000,1952.000000,539.000000,1146.000000,164.000000,144.000000,453.000000,125.000000,266.000000,38.000000,33.000000,2784.000000,769.000000,1633.000000,233.000000,205.000000,15.000000,8.000000,18.000000,3.000000,5.000000,0.000000,6.000000,12.000000,2.000000,4.000000,0.000000,7.000000,15.000000,2.000000,5.000000,8097.000000,2266.000000,4820.000000,695.000000,601.000000,3.000000,
0.041233,0.597843,0.316234,0.001916,0.755189,-207253.176688,2.974135,2195607.000000,1874874.000000,3722527.000000,334752.000000,1282372.000000,1952.000000,539.000000,1146.000000,164.000000,144.000000,453.000000,125.000000,266.000000,38.000000,33.000000,2784.000000,769.000000,1633.000000,233.000000,205.000000,15.000000,8.000000,18.000000,3.000000,5.000000,0.000000,6.000000,12.000000,2.000000,4.000000,0.000000,7.000000,15.000000,2.000000,5.000000,8097.000000,2266.000000,4820.000000,695.000000,601.000000,3.000000,
0.041233,0.597843,0.316234,0.001916,0.755189,-207253.176688,2.974135,2195607.000000,1874874.000000,3722527.000000,334752.000000,1282372.000000,1952.000000,539.000000,1146.000000,164.000000,144.000000,453.000000,125.000000,266.000000,38.000000,33.000000,2784.000000,769.000000,1633.000000,233.000000,205.000000,15.000000,8.000000,18.000000,3.000000,5.000000,0.000000,6.000000,12.000000,2.000000,4.000000,0.000000,7.000000,15.000000,2.000000,5.000000,8097.000000,2266.000000,4820.000000,695.000000,601.000000,3.000000,
0.041233,0.597843,0.316234,0.001916,0.755189,-207253.176688,2.974135,2195607.000000,1874874.000000,3722527.000000,334752.000000,1282372.000000,1952.000000,539.000000,1146.000000,164.000000,144.000000,453.000000,125.000000,266.000000,38.000000,33.000000,2784.000000,769.000000,1633.000000,233.000000,205.000000,15.000000,8.000000,18.000000,3.000000,5.000000,0.000000,6.000000,12.000000,2.000000,4.000000,0.000000,7.000000,15.000000,2.000000,5.000000,8097.000000,2266.000000,4820.000000,695.000000,601.000000,3.000000,
0.041233,0.597843,0.316234,0.001916,0.755189,-207253.176688,2.974135,2195607.000000,1874874.000000,3722527.000000,334752.000000,1282372.000000,1952.000000,539.000000,1146.000000,164.000000,144.000000,453.000000,125.000000,266.000000,38.000000,33.000000,2784.000000,769.000000,1633.000000,233.000000,205.000000,15.000000,8.000000,18.000000,3.000000,5.000000,0.000000,6.000000,12.000000,2.000000,4.000000,0.000000,7.000000,15.000000,2.000000,5.000000,8097.000000,2266.000000,4820.000000,695.000000,601.000000,3.000000,
0.041233,0.597843,0.316234,0.001916,0.755189,-207253.176688,2.974135,2195607.000000,1874874.000000,3722527.000000,334752.000000,1282372.000000,1952.000000,539.000000,1146.000000,164.000000,144.000000,453.000000,125.000000,266.000000,38.000000,33.000000,2784.000000,769.000000,1633.000000,233.000000,205.000000,15.000000,8.000000,18.000000,3.000000,5.000000,0.000000,6.000000,12.000000,2.000000,4.000000,0.000000,7.000000,15.000000,2.000000,5.000000,8097.000000,2266.000000,4820.000000,695.000000,601.000000,3.000000,
0.041233,0.597843,0.316234,0.001916,0.755189,-207253.176688,2.974135,2195607.000000,1874874.000000,3722527.000000,334752.000000,1282372.000000,1952.000000,539.000000,1146.000000,164.000000,144.000000,453.000000,125.000000,266.000000,38.000000,33.000000,2784.000000,769.000000,1633.000000,233.000000,205.000000,15.000000,8.000000,18.000000,3.000000,5.000000,0.000000,6.000000,12.000000,2.000000,4.000000,0.000000,7.000000,15.000000,2.000000,5.000000,8097.000000,2266.000000,4820.000000,695.000000,601.000000,3.000000,
0.041233,0.597843,0.316234,0.001916,0.755189,-207253.176688,2.974135,2195607.000000,1874874.000000,3722527.000000,334752.000000,1282372.000000,1952.000000,539.000000,1146.000000,164.000000,144.000000,453.000000,125.000000,266.000000,38.000000,33.000000,2784.000000,769.000000,1633.000000,233.000000,205.000000,15.000000,8.000000,18.000000,3.000000,5.000000,0.000000,6.000000,12.000000,2.000000,4.000000,0.000000,7.000000,15.000000,2.000000,5.000000,8097.000000,2266.000000,4820.000000,695.000000,601.000000,3.000000,
0.041233,0.597843,0.316234,0.001916,0.755189,-207253.176688,2.974135,2195607.000000,1874874.000000,3722527.000000,334752.000000,1282372.000000,1952.000000,539.000000,1146.000000,164.000000,144.000000,453.000000,125.000000,266.000000,38.000000,33.000000,2784.000000,769.000000,1633.000000,233.000000,205.000000,15.000000,8.000000,18.000000,3.000000,5.000000,0.000000,6.000000,12.000000,2.000000,4.000000,0.000000,7.000000,15.000000,2.000000,5.000000,8097.000000,2266.000000,4820.000000,695.000000,601.000000,3.000000,
0.041233,0.597843,0.316234,0.001916,0.755189,-207253.176688,2.974135,2195607.000000,1874874.000000,3722527.000000,334752.000000,1282372.000000,1952.000000,539.000000,1146.000000,164.000000,144.000000,453.000000,125.000000,266.000000,38.000000,33.000000,2784.000000,769.000000,1633.000000,233.000000,205.000000,15.000000,8.000000,18.000000,3.000000,5.000000,0.000000,6.000000,12.000000,2.000000,4.000000,0.000000,7.000000,15.000000,2.000000,5.000000,8097.000000,2266.000000,4820.000000,695.000000,601.000000,3.000000,
0.041233,0.597843,0.316234,0.001916,0.755189,-207253.176688,2.974135,2195607.000000,1874874.000000,3722527.000000,334752.000000,1282372.000000,1952.000000,539.000000,1146.000000,164.000000,144.000000,453.000000,125.000000,266.000000,38.000000,33.000000,2784.000000,769.000000,1633.000000,233.000000,205.000000,15.000000,8.000000,18.000000,3.000000,5.000000,0.000000,6.000000,12.000000,2.000000,4.000000,0.000000,7.000000,15.000000,2.000000,5.000000,8097.000000,2266.000000,4820.000000,695.000000,601.000000,3.000000,
0.041233,0.597843,0.316234,0.001916,0.755189,-207253.176688,2.974135,2195607.000000,1874874.000000,3722527.000000,334752.000000,1282372.000000,1952.000000,539.000000,1146.000000,164.000000,144.000000,453.000000,125.000000,266.000000,38.000000,33.000000,2784.000000,769.000000,1633.000000,233.000000,205.000000,15.000000,8.000000,18.000000,3.000000,5.000000,0.000000,6.000000,12.000000,2.000000,4.000000,0.000000,7.000000,15.000000,2.000000,5.000000,8097.000000,2266.000000,4820.000000,695.000000,601.000000,3.000000,
0.041233,0.597843,0.316234,0.001916,0.755189,-207253.176688,2.974135,2195607.000000,1874874.000000,3722527.000000,334752.000000,1282372.000000,1952.000000,539.000000,1146.000000,164.000000,144.000000,453.000000,125.000000,266.000000,38.000000,33.000000,2784.000000,769.000000,1633.000000,233.000000,205.000000,15.000000,8.000000,18.000000,3.000000,5.000000,0.000000,6.000000,12.000000,2.000000,4.000000,0.000000,7.000000,15.000000,2.000000,5.000000,8097.000000,2266.000000,4820.000000,695.000000,601.000000,3.000000,
0.041233,0.597843,0.316234,0.001916,0.755189,-207253.176688,2.974135,2195607.000000,1874874.000000,3722527.000000,334752.000000,1282372.000000,1952.000000,539.000000,1146.000000,164.000000,144.000000,453.000000,125.000000,266.000000,38.000000,33.000000,2784.000000,769.000000,1633.000000,233.000000,205.000000,15.000000,8.000000,18.000000,3.000000,5.000000,0.000000,6.000000,12.000000,2.000000,4.000000,0.000000,7.000000,15.000000,2.000000,5.000000,8097.000000,2266.000000,4820.000000,695.000000,601.000000,3.000000,
0.041233,0.597843,0.316234,0.001916,0.755189,-207253.176688,2.974135,2195607.000000,1874874.000000,3722527.000000,334752.000000,1282372.000000,1952.000000,539.000000,1146.000000,164.000000,144.000000,453.000000,125.000000,266.000000,38.000000,33.000000,2784.000000,769.000000,1633.000000,233.000000,205.000000,15.000000,8.000000,18.000000,3.000000,5.000000,0.000000,6.000000,12.000000,2.000000,4.000000,0.000000,7.000000,15.000000,2.000000,5.000000,8097.000000,2266.000000,4820.000000,695.000000,601.000000,3.000000,
0.041233,0.597843,0.316234,0.001916,0.755189,-207253.176688,2.974135,2195607.000000,1874874.000000,3722527.000000,334752.000000,1282372.000000,1952.000000,539.000000,1146.000000,164.000000,144.000000,453.000000,125.000000,266.000000,38.000000,33.000000,2784.000000,769.000000,1633.000000,233.000000,205.000000,15.000000,8.000000,18.000000,3.000000,5.000000,0.000000,6.000000,12.000000,2.000000,4.000000,0.000000,7.000000,15.000000,2.000000,5.000000,8097.000000,2266.000000,4820.000000,695.000000,601.000000,3.000000,
0.041233,0.597843,0.316234,0.001916,0.755189,-207253.176688,2.974135,2195607.000000,1874874.000000,3722527.000000,334752.000000,1282372.000000,1952.000000,539.000000,1146.000000,164.000000,144.000000,453.000000,125.000000,266.000000,38.000000,33.000000,2784.000000,769.000000,1633.000000,233.000000,205.000000,15.000000,8.000000,18.000000,3.000000,5.000000,0.000000,6.000000,12.000000,2.000000,4.000000,0.000000,7.000000,15.000000,2.000000,5.000000,8097.000000,2266.000000,4820.000000,695.000000,601.000000,3.000000,
0.041233,0.597843,0.316234,0.001916,0.755189,-207253.176688,2.974135,2195607.000000,1874874.000000,3722527.000000,334752.000000,1282372.000000,1952.000000,539.000000,1146.000000,164.000000,144.000000,453.000000,125.000000,266.000000,38.000000,33.000000,2784.000000,769.000000,1633.000000,233.000000,205.000000,15.000000,8.000000,18.000000,3.000000,5.000000,0.000000,6.000000,12.000000,2.000000,4.000000,0.000000,7.000000,15.000000,2.000000,5.000000,8097.000000,2266.000000,4820.000000,695.000000,601.000000,3.000000,
0.041394,0.446013,0.308220,0.003511,0.813569,-206862.939597,2.970737,2195607.000000,1874874.000000,3722527.000000,334752.000000,1282372.000000,1952.000000,539.000000,1146.000000,164.000000,144.000000,453.000000,125.000000,266.000000,38.000000,33.000000,2784.000000,769.000000,1633.000000,233.000000,205.000000,15.000000,8.000000,18.000000,3.000000,5.000000,0.000000,6.000000,12.000000,2.000000,4.000000,0.000000,7.000000,15.000000,2.000000,5.000000,8097.000000,2266.000000,4820.000000,695.000000,601.000000,3.000000,
0.041394,0.446013,0.308220,0.003511,0.813569,-206862.939597,2.970737,2195607.000000,1874874.000000,3722527.000000,334752.000000,1282372.000000,1952.000000,539.000000,1146.000000,164.000000,144.000000,453.000000,125.000000,266.000000,38.000000,33.000000,2784.000000,769.000000,1633.000000,233.000000,205.000000,15.000000,8.000000,18.000000,3.000000,5.000000,0.000000,6.000000,12.000000,2.000000,4.000000,0.000000,7.000000,15.000000,2.000000,5.000000,8097.000000,2266.000000,4820.000000,695.000000,601.000000,3.000000,
0.041394,0.446013,0.308220,0.003511,0.813569,-206862.939597,2.970737,2195607.000000,1874874.000000,3722527.000000,334752.000000,1282372.000000,1952.000000,539.000000,1146.000000,164.000000,144.000000,453.000000,125.000000,266.000000,38.000000,33.000000,2784.000000,769.000000,1633.000000,233.000000,205.000000,15.000000,8.000000,18.000000,3.000000,5.000000,0.000000,6.000000,12.000000,2.000000,4.000000,0.000000,7.000000,15.000000,2.000000,5.000000,8097.000000,2266.000000,4820.000000,695.000000,601.000000,3.000000,
0.041584,0.891200,0.300000,0.002524,0.729047,-206466.915607,2.968955,2195607.000000,1874874.000000,3722527.000000,334752.000000,1282372.000000,1952.000000,539.000000,1146.000000,164.000000,144.000000,453.000000,125.000000,266.000000,38.000000,33.000000,2784.000000,769.000000,1633.000000,233.000000,205.000000,15.000000,8.000000,18.000000,3.000000,5.000000,0.000000,6.000000,12.000000,2.000000,4.000000,0.000000,7.000000,15.000000,2.000000,5.000000,8097.000000,2266.000000,4820.000000,695.000000,601.000000,3.000000,
0.041584,0.891200,0.300000,0.002524,0.729047,-206466.915607,2.968955,2195607.000000,1874874.000000,3722527.000000,334752.000000,1282372.000000,1952.000000,539.000000,1146.000000,164.000000,144.000000,453.000000,125.000000,266.000000,38.000000,33.000000,2784.000000,769.000000,1633.000000,233.000000,205.000000,15.000000,8.000000,18.000000,3.000000,5.000000,0.000000,6.000000,12.000000,2.000000,4.000000,0.000000,7.000000,15.000000,2.000000,5.000000,8097.000000,2266.000000,4820.000000,695.000000,601.000000,3.000000,
0.041584,0.891200,0.300000,0.002524,0.729047,-206466.915607,2.968955,2195607.000000,1874874.000000,3722527.000000,334752.000000,1282372.000000,1952.000000,539.000000,1146.000000,164.000000,144.000000,453.000000,125.000000,266.000000,38.000000,33.000000,2784.000000,769.000000,1633.000000,233.000000,205.000000,15.000000,8.000000,18.000000,3.000000,5.000000,0.000000,6.000000,12.000000,2.000000,4.000000,0.000000,7.000000,15.000000,2.000000,5.000000,8097.000000,2266.000000,4820.000000,695.000000,601.000000,3.000000,
0.041584,0.891200,0.300000,0.002524,0.729047,-206466.915607,2.968955,2195607.000000,1874874.000000,3722527.000000,334752.000000,1282372.000000,1952.000000,539.000000,1146.000000,164.000000,144.000000,453.000000,125.000000,266.000000,38.000000,33.000000,2784.000000,769.000000,1633.000000,233.000000,205.000000,15.000000,8.000000,18.000000,3.000000,5.000000,0.000000,6.000000,12.000000,2.000000,4.000000,0.000000,7.000000,15.000000,2.000000,5.000000,8097.000000,2266.000000,4820.000000,695.000000,601.000000,3.000000,
0.041584,0.891200,0.300000,0.002524,0.729047,-206466.915607,2.968955,2195607.000000,1874874.000000,3722527.000000,334752.000000,1282372.000000,1952.000000,539.000000,1146.000000,164.000000,144.000000,453.000000,125.000000,266.000000,38.000000,33.000000,2784.000000,769.000000,1633.000000,233.000000,205.000000,15.000000,8.000000,18.000000,3.000000,5.000000,0.000000,6.000000,12.000000,2.000000,4.000000,0.000000,7.000000,15.000000,2.000000,5.000000,8097.000000,2266.000000,4820.000000,695.000000,601.000000,3.000000,
0.041700,0.470141,0.296167,0.001900,0.714606,-206283.702649,2.970061,2195607.000000,1874874.000000,3722527.000000,334752.000000,1282372.000000,1952.000000,539.000000,1146.000000,164.000000,144.000000,453.000000,125.000000,266.000000,38.000000,33.000000,2784.000000,769.000000,1633.000000,233.000000,205.000000,15.000000,8.000000,18.000000,3.000000,5.000000,0.000000,6.000000,12.000000,2.000000,4.000000,0.000000,7.000000,15.000000,2.000000,5.000000,8097.000000,2266.000000,4820.000000,695.000000,601.000000,3.000000,
0.041700,0.470141,0.296167,0.001900,0.714606,-206283.702649,2.970061,2195607.000000,1874874.000000,3722527.000000,334752.000000,1282372.000000,1952.000000,539.000000,1146.000000,164.000000,144.000000,453.000000,125.000000,266.000000,38.000000,33.000000,2784.000000,769.000000,1633.000000,233.000000,205.000000,15.000000,8.000000,18.000000,3.000000,5.000000,0.000000,6.000000,12.000000,2.000000,4.000000,0.000000,7.000000,15.000000,2.000000,5.000000,8097.000000,2266.000000,4820.000000,695.000000,601.000000,3.000000,
0.041700,0.470141,0.296167,0.001900,0.714606,-206283.702649,2.970061,2195607.000000,1874874.000000,3722527.000000,334752.000000,1282372.000000,1952.000000,539.000000,1146.000000,164.000000,144.000000,453.000000,125.000000,266.000000,38.000000,33.000000,2784.000000,769.000000,1633.000000,233.000000,205.000000,15.000000,8.000000,18.000000,3.000000,5.000000,0.000000,6.000000,12.000000,2.000000,4.000000,0.000000,7.000000,15.000000,2.000000,5.000000,8097.000000,2266.000000,4820.000000,695.000000,601.000000,3.000000,
0.041700,0.470141,0.296167,0.001900,0.714606,-206283.702649,2.970061,2195607.000000,1874874.000000,3722527.000000,334752.000000,1282372.000000,1952.000000,539.000000,1146.000000,164.000000,144.000000,453.000000,125.000000,266.000000,38.000000,33.000000,2784.000000,769.000000,1633.000000,233.000000,205.000000,15.000000,8.000000,18.000000,3.000000,5.000000,0.000000,6.000000,12.000000,2.000000,4.000000,0.000000,7.000000,15.000000,2.000000,5.000000,8097.000000,2266.000000,4820.000000,695.000000,601.000000,3.000000,
0.041700,0.470141,0.296167,0.001900,0.714606,-206283.702649,2.970061,2195607.000000,1874874.000000,3722527.000000,334752.000000,1282372.000000,1952.000000,539.000000,1146.000000,164.000000,144.000000,453.000000,125.000000,266.000000,38.000000,33.000000,2784.000000,769.000000,1633.000000,233.000000,205.000000,15.000000,8.000000,18.000000,3.000000,5.000000,0.000000,6.000000,12.000000,2.000000,4.000000,0.000000,7.000000,15.000000,2.000000,5.000000,8097.000000,2266.000000,4820.000000,695.000000,601.000000,3.000000,
0.041700,0.470141,0.296167,0.001900,0.714606,-206283.702649,2.970061,2195607.000000,1874874.000000,3722527.000000,334752.000000,1282372.000000,1952.000000,539.000000,1146.000000,164.000000,144.000000,453.000000,125.000000,266.000000,38.000000,33.000000,2784.000000,769.000000,1633.000000,233.000000,205.000000,15.000000,8.000000,18.000000,3.000000,5.000000,0.000000,6.000000,12.000000,2.000000,4.000000,0.000000,7.000000,15.000000,2.000000,5.000000,8097.000000,2266.000000,4820.000000,695.000000,601.000000,3.000000,
0.041700,0.470141,0.296167,0.001900,0.714606,-206283.702649,2.970061,2195607.000000,1874874.000000,3722527.000000,334752.000000,1282372.000000,1952.000000,539.000000,1146.000000,164.000000,144.000000,453.000000,125.000000,266.000000,38.000000,33.000000,2784.000000,769.000000,1633.000000,233.000000,205.000000,15.000000,8.000000,18.000000,3.000000,5.000000,0.000000,6.000000,12.000000,2.000000,4.000000,0.000000,7.000000,15.000000,2.000000,5.000000,8097.000000,2266.000000,4820.000000,695.000000,601.000000,3.000000,
0.041700,0.470141,0.296167,0.001900,0.714606,-206283.702649,2.970061,2195607.000000,1874874.000000,3722527.000000,334752.000000,1282372.000000,1952.000000,539.000000,1146.000000,164.000000,144.000000,453.000000,125.000000,266.000000,38.000000,33.000000,2784.000000,769.000000,1633.000000,233.000000,205.000000,15.000000,8.000000,18.000000,3.000000,5.000000,0.000000,6.000000,12.000000,2.000000,4.000000,0.000000,7.000000,15.000000,2.000000,5.000000,8097.000000,2266.000000,4820.000000,695.000000,601.000000,3.000000,
0.041700,0.470141,0.296167,0.001900,0.714606,-206283.702649,2.970061,2195607.000000,1874874.000000,3722527.000000,334752.000000,1282372.000000,1952.000000,539.000000,1146.000000,164.000000,144.000000,453.000000,125.000000,266.000000,38.000000,33.000000,2784.000000,769.000000,1633.000000,233.000000,205.000000,15.000000,8.000000,18.000000,3.000000,5.000000,0.000000,6.000000,12.000000,2.000000,4.000000,0.000000,7.000000,15.000000,2.000000,5.000000,8097.000000,2266.000000,4820.000000,695.000000,601.000000,3.000000,
0.041700,0.470141,0.296167,0.001900,0.714606,-206283.702649,2.970061,2195607.000000,1874874.000000,3722527.000000,334752.000000,1282372.000000,1952.000000,539.000000,1146.000000,164.000000,144.000000,453.000000,125.000000,266.000000,38.000000,33.000000,2784.000000,769.000000,1633.000000,233.000000,205.000000,15.000000,8.000000,18.000000,3.000000,5.000000,0.000000,6.000000,12.000000,2.000000,4.000000,0.000000,7.000000,15.000000,2.000000,5.000000,8097.000000,2266.000000,4820.000000,695.000000,601.000000,3.000000,
0.041716,0.711264,0.297923,0.001748,0.838398,-206367.630326,2.974503,2195607.000000,1874874.000000,3722527.000000,334752.000000,1282372.000000,1952.000000,539.000000,1146.000000,164.000000,144.000000,453.000000,125.000000,266.000000,38.000000,33.000000,2784.000000,769.000000,1633.000000,233.000000,205.000000,15.000000,8.000000,18.000000,3.000000,5.000000,0.000000,6.000000,12.000000,2.000000,4.000000,0.000000,7.000000,15.000000,2.000000,5.000000,8097.000000,2266.000000,4820.000000,695.000000,601.000000,3.000000,
0.041716,0.711264,0.297923,0.001748,0.838398,-206367.630326,2.974503,2195607.000000,1874874.000000,3722527.000000,334752.000000,1282372.000000,1952.000000,539.000000,1146.000000,164.000000,144.000000,453.000000,125.000000,266.000000,38.000000,33.000000,2784.000000,769.000000,1633.000000,233.000000,205.000000,15.000000,8.000000,18.000000,3.000000,5.000000,0.000000,6.000000,12.000000,2.000000,4.000000,0.000000,7.000000,15.000000,2.000000,5.000000,8097.000000,2266.000000,4820.000000,695.000000,601.000000,3.000000,
0.041738,0.387601,0.298724,0.002059,0.678448,-206406.023902,2.977568,2195607.000000,1874874.000000,3722527.000000,334752.000000,1282372.000000,1952.000000,539.000000,1146.000000,164.000000,144.000000,453.000000,125.000000,266.000000,38.000000,33.000000,2784.000000,769.000000,1633.000000,233.000000,205.000000,15.000000,8.000000,18.000000,3.000000,5.000000,0.000000,6.000000,12.000000,2.000000,4.000000,0.000000,7.000000,15.000000,2.000000,5.000000,8097.000000,2266.000000,4820.000000,695.000000,601.000000,3.000000,
0.041738,0.387601,0.298724,0.002059,0.678448,-206406.023902,2.977568,2195607.000000,1874874.000000,3722527.000000,334752.000000,1282372.000000,1952.000000,539.000000,1146.000000,164.000000,144.000000,453.000000,125.000000,266.000000,38.000000,33.000000,2784.000000,769.000000,1633.000000,233.000000,205.000000,15.000000,8.000000,18.000000,3.000000,5.000000,0.000000,6.000000,12.000000,2.000000,4.000000,0.000000,7.000000,15.000000,2.000000,5.000000,8097.000000,2266.000000,4820.000000,695.000000,601.000000,3.000000,
0.041738,0.387601,0.298724,0.002059,0.678448,-206406.023902,2.977568,2195607.000000,1874874.000000,3722527.000000,334752.000000,1282372.000000,1952.000000,539.000000,1146.000000,164.000000,144.000000,453.000000,125.000000,266.000000,38.000000,33.000000,2784.000000,769.000000,1633.000000,233.000000,205.000000,15.000000,8.000000,18.000000,3.000000,5.000000,0.000000,6.000000,12.000000,2.000000,4.000000,0.000000,7.000000,15.000000,2.000000,5.000000,8097.000000,2266.000000,4820.000000,695.000000,601.000000,3.000000,
0.041660,0.678676,0.303241,0.002896,0.682543,-206622.839052,2.980454,2195607.000000,1874874.000000,3722527.000000,334752.000000,1282372.000000,1952.000000,539.000000,1146.000000,164.000000,144.000000,453.000000,125.000000,266.000000,38.000000,33.000000,2784.000000,769.000000,1633.000000,233.000000,205.000000,15.000000,8.000000,18.000000,3.000000,5.000000,0.000000,6.000000,12.000000,2.000000,4.000000,0.000000,7.000000,15.000000,2.000000,5.000000,8097.000000,2266.000000,4820.000000,695.000000,601.000000,3.000000,
0.041660,0.678676,0.303241,0.002896,0.682543,-206622.839052,2.980454,2195607.000000,1874874.000000,3722527.000000,334752.000000,1282372.000000,1952.000000,539.000000,1146.000000,164.000000,144.000000,453.000000,125.000000,266.000000,38.000000,33.000000,2784.000000,769.000000,1633.000000,233.000000,205.000000,15.000000,8.000000,18.000000,3.000000,5.000000,0.000000,6.000000,12.000000,2.000000,4.000000,0.000000,7.000000,15.000000,2.000000,5.000000,8097.000000,2266.000000,4820.000000,695.000000,601.000000,3.000000,
0.041604,0.541152,0.304221,0.002668,0.750492,-206669.974667,2.978321,2195607.000000,1874874.000000,3722527.000000,334752.000000,1282372.000000,1952.000000,539.000000,1146.000000,164.000000,144.000000,453.000000,125.000000,266.000000,38.000000,33.000000,2784.000000,769.000000,1633.000000,233.000000,205.000000,15.000000,8.000000,18.000000,3.000000,5.000000,0.000000,6.000000,12.000000,2.000000,4.000000,0.000000,7.000000,15.000000,2.000000,5.000000,8097.000000,2266.000000,4820.000000,695.000000,601.000000,3.000000,
0.041604,0.541152,0.304221,0.002668,0.750492,-206669.974667,2.978321,2195607.000000,1874874.000000,3722527.000000,334752.000000,1282372.000000,1952.000000,539.000000,1146.000000,164.000000,144.000000,453.000000,125.000000,266.000000,38.000000,33.000000,2784.000000,769.000000,1633.000000,233.000000,205.000000,15.000000,8.000000,18.000000,3.000000,5.000000,0.000000,6.000000,12.000000,2.000000,4.000000,0.000000,7.000000,15.000000,2.000000,5.000000,8097.000000,2266.000000,4820.000000,695.000000,601.000000,3.000000,
0.041604,0.541152,0.304221,0.002668,0.750492,-206669.974667,2.978321,2195607.000000,1874874.000000,3722527.000000,334752.000000,1282372.000000,1952.000000,539.000000,1146.000000,164.000000,144.000000,453.000000,125.000000,266.000000,38.000000,33.000000,2784.000000,769.000000,1633.000000,233.000000,205.000000,15.000000,8.000000,18.000000,3.000000,5.000000,0.000000,6.000000,12.000000,2.000000,4.000000,0.000000,7.000000,15.000000,2.000000,5.000000,8097.000000,2266.000000,4820.000000,695.000000,601.000000,3.000000,
0.041604,0.541152,0.304221,0.002668,0.750492,-206669.974667,2.978321,2195607.000000,1874874.000000,3722527.000000,334752.000000,1282372.000000,1952.000000,539.000000,1146.000000,164.000000,144.000000,453.000000,125.000000,266.000000,38.000000,33.000000,2784.000000,769.000000,1633.000000,233.000000,205.000000,15.000000,8.000000,18.000000,3.000000,5.000000,0.000000,6.000000,12.000000,2.000000,4.000000,0.000000,7.000000,15.000000,2.000000,5.000000,8097.000000,2266.000000,4820.000000,695.000000,601.000000,3.000000,
0.041604,0.541152,0.304221,0.002668,0.750492,-206669.974667,2.978321,2195607.000000,1874874.000000,3722527.000000,334752.000000,1282372.000000,1952.000000,539.000000,1146.000000,164.000000,144.000000,453.000000,125.000000,266.000000,38.000000,33.000000,2784.000000,769.000000,1633.000000,233.000000,205.000000,15.000000,8.000000,18.000000,3.000000,5.000000,0.000000,6.000000,12.000000,2.000000,4.000000,0.000000,7.000000,15.000000,2.000000,5.000000,8097.000000,2266.000000,4820.000000,695.000000,601.000000,3.000000,
0.041650,0.624920,0.300361,0.003169,0.671890,-206484.360846,2.974371,2195607.000000,1874874.000000,3722527.000000,334752.000000,1282372.000000,1952.000000,539.000000,1146.000000,164.000000,144.000000,453.000000,125.000000,266.000000,38.000000,33.000000,2784.000000,769.000000,1633.000000,233.000000,205.000000,15.000000,8.000000,18.000000,3.000000,5.000000,0.000000,6.000000,12.000000,2.000000,4.000000,0.000000,7.000000,15.000000,2.000000,5.000000,8097.000000,2266.000000,4820.000000,695.000000,601.000000,3.000000,
0.041650,0.624920,0.300361,0.003169,0.671890,-206484.360846,2.974371,2195607.000000,1874874.000000,3722527.000000,334752.000000,1282372.000000,1952.000000,539.000000,1146.000000,164.000000,144.000000,453.000000,125.000000,266.000000,38.000000,33.000000,2784.000000,769.000000,1633.000000,233.000000,205.000000,15.000000,8.000000,18.000000,3.000000,5.000000,0.000000,6.000000,12.000000,2.000000,4.000000,0.000000,7.000000,15.000000,2.000000,5.000000,8097.000000,2266.000000,4820.000000,695.000000,601.000000,3.000000,
0.041650,0.624920,0.300361,0.003169,0.671890,-206484.360846,2.974371,2195607.000000,1874874.000000,3722527.000000,334752.000000,1282372.000000,1952.000000,539.000000,1146.000000,164.000000,144.000000,453.000000,125.000000,266.000000,38.000000,33.000000,2784.000000,769.000000,1633.000000,233.000000,205.000000,15.000000,8.000000,18.000000,3.000000,5.000000,0.000000,6.000000,12.000000,2.000000,4.000000,0.000000,7.000000,15.000000,2.000000,5.000000,8097.000000,2266.000000,4820.000000,695.000000,601.000000,3.000000,
0.041650,0.624920,0.300361,0.003169,0.671890,-206484.360846,2.974371,2195607.000000,1874874.000000,3722527.000000,334752.000000,1282372.000000,1952.000000,539.000000,1146.000000,164.000000,144.000000,453.000000,125.000000,266.000000,38.000000,33.000000,2784.000000,769.000000,1633.000000,233.000000,205.000000,15.000000,8.000000,18.000000,3.000000,5.000000,0.000000,6.000000,12.000000,2.000000,4.000000,0.000000,7.000000,15.000000,2.000000,5.000000,8097.000000,2266.000000,4820.000000,695.000000,601.000000,3.000000,
0.041650,0.624920,0.300361,0.003169,0.671890,-206484.360846,2.974371,2195607.000000,1874874.000000,3722527.000000,334752.000000,1282372.000000,1952.000000,539.000000,1146.000000,164.000000,144.000000,453.000000,125.000000,266.000000,38.000000,33.000000,2784.000000,769.000000,1633.000000,233.000000,205.000000,15.000000,8.000000,18.000000,3.000000,5.000000,0.000000,6.000000,12.000000,2.000000,4.000000,0.000000,7.000000,15.000000,2.000000,5.000000,8097.000000,2266.000000,4820.000000,695.000000,601.000000,3.000000,
0.041650,0.624920,0.300361,0.003169,0.671890,-206484.360846,2.974371,2195607.000000,1874874.000000,3722527.000000,334752.000000,1282372.000000,1952.000000,539.000000,1146.000000,164.000000,144.000000,453.000000,125.000000,266.000000,38.000000,33.000000,2784.000000,769.000000,1633.000000,233.000000,205.000000,15.000000,8.000000,18.000000,3.000000,5.000000,0.000000,6.000000,12.000000,2.000000,4.000000,0.000000,7.000000,15.000000,2.000000,5.000000,8097.000000,2266.000000,4820.000000,695.000000,601.000000,3.000000,
0.041650,0.624920,0.300361,0.003169,0.671890,-206484.360846,2.974371,2195607.000000,1874874.000000,3722527.000000,334752.000000,1282372.000000,1952.000000,539.000000,1146.000000,164.000000,144.000000,453.000000,125.000000,266.000000,38.000000,33.000000,2784.000000,769.000000,1633.000000,233.000000,205.000000,15.000000,8.000000,18.000000,3.000000,5.000000,0.000000,6.000000,12.000000,2.000000,4.000000,0.000000,7.000000,15.000000,2.000000,5.000000,8097.000000,2266.000000,4820.000000,695.000000,601.000000,3.000000,
0.041650,0.624920,0.300361,0.003169,0.671890,-206484.360846,2.974371,2195607.000000,1874874.000000,3722527.000000,334752.000000,1282372.000000,1952.000000,539.000000,1146.000000,164.000000,144.000000,453.000000,125.000000,266.000000,38.000000,33.000000,2784.000000,769.000000,1633.000000,233.000000,205.000000,15.000000,8.000000,18.000000,3.000000,5.000000,0.000000,6.000000,12.000000,2.000000,4.000000,0.000000,7.000000,15.000000,2.000000,5.000000,8097.000000,2266.000000,4820.000000,695.000000,601.000000,3.000000,
0.041650,0.624920,0.300361,0.003169,0.671890,-206484.360846,2.974371,2195607.000000,1874874.000000,3722527.000000,334752.000000,1282372.000000,1952.000000,539.000000,1146.000000,164.000000,144.000000,453.000000,125.000000,266.000000,38.000000,33.000000,2784.000000,769.000000,1633.000000,233.000000,205.000000,15.000000,8.000000,18.000000,3.000000,5.000000,0.000000,6.000000,12.000000,2.000000,4.000000,0.000000,7.000000,15.000000,2.000000,5.000000,8097.000000,2266.000000,4820.000000,695.000000,601.000000,3.000000,
0.041650,0.624920,0.300361,0.003169,0.671890,-206484.360846,2.974371,2195607.000000,1874874.000000,3722527.000000,334752.000000,1282372.000000,1952.000000,539.000000,1146.000000,164.000000,144.000000,453.000000,125.000000,266.000000,38.000000,33.000000,2784.000000,769.000000,1633.000000,233.000000,205.000000,15.000000,8.000000,18.000000,3.000000,5.000000,0.000000,6.000000,12.000000,2.000000,4.000000,0.000000,7.000000,15.000000,2.000000,5.000000,8097.000000,2266.000000,4820.000000,695.000000,601.000000,3.000000,
0.041650,0.624920,0.300361,0.003169,0.671890,-206484.360846,2.974371,2195607.000000,1874874.000000,3722527.000000,334752.000000,1282372.000000,1952.000000,539.000000,1146.000000,164.000000,144.000000,453.000000,125.000000,266.000000,38.000000,33.000000,2784.000000,769.000000,1633.000000,233.000000,205.000000,15.000000,8.000000,18.000000,3.000000,5.000000,0.000000,6.000000,12.000000,2.000000,4.000000,0.000000,7.000000,15.000000,2.000000,5.000000,8097.000000,2266.000000,4820.000000,695.000000,601.000000,3.000000,
0.041650,0.624920,0.300361,0.003169,0.671890,-206484.360846,2.974371,2195607.000000,1874874.000000,3722527.000000,334752.000000,1282372.000000,1952.000000,539.000000,1146.000000,164.000000,144.000000,453.000000,125.000000,266.000000,38.000000,33.000000,2784.000000,769.000000,1633.000000,233.000000,205.000000,15.000000,8.000000,18.000000,3.000000,5.000000,0.000000,6.000000,12.000000,2.000000,4.000000,0.000000,7.000000,15.000000,2.000000,5.000000,8097.000000,2266.000000,4820.000000,695.000000,601.000000,3.000000,
0.041475,0.538300,0.309690,0.002819,0.698613,-206934.453871,2.979332,2195607.000000,1874874.000000,3722527.000000,334752.000000,1282372.000000,1952.000000,539.000000,1146.000000,164.000000,144.000000,453.000000,125.000000,266.000000,38.000000,33.000000,2784.000000,769.000000,1633.000000,233.000000,205.000000,15.000000,8.000000,18.000000,3.000000,5.000000,0.000000,6.000000,12.000000,2.000000,4.000000,0.000000,7.000000,15.000000,2.000000,5.000000,8097.000000,2266.000000,4820.000000,695.000000,601.000000,3.000000,
0.041475,0.538300,0.309690,0.002819,0.698613,-206934.453871,2.979332,2195607.000000,1874874.000000,3722527.000000,334752.000000,1282372.000000,1952.000000,539.000000,1146.000000,164.000000,144.000000,453.000000,125.000000,266.000000,38.000000,33.000000,2784.000000,769.000000,1633.000000,233.000000,205.000000,15.000000,8.000000,18.000000,3.000000,5.000000,0.000000,6.000000,12.000000,2.000000,4.000000,0.000000,7.000000,15.000000,2.000000,5.000000,8097.000000,2266.000000,4820.000000,695.000000,601.000000,3.000000,
0.041475,0.538300,0.309690,0.002819,0.698613,-206934.453871,2.979332,2195607.000000,1874874.000000,3722527.000000,334752.000000,1282372.000000,1952.000000,539.000000,1146.000000,164.000000,144.000000,453.000000,125.000000,266.000000,38.000000,33.000000,2784.000000,769.000000,1633.000000,233.000000,205.000000,15.000000,8.000000,18.000000,3.000000,5.000000,0.000000,6.000000,12.000000,2.000000,4.000000,0.000000,7.000000,15.000000,2.000000,5.000000,8097.000000,2266.000000,4820.000000,695.000000,601.000000,3.000000,
0.041475,0.538300,0.309690,0.002819,0.698613,-206934.453871,2.979332,2195607.000000,1874874.000000,3722527.000000,334752.000000,1282372.000000,1952.000000,539.000000,1146.000000,164.000000,144.000000,453.000000,125.000000,266.000000,38.000000,33.000000,2784.000000,769.000000,1633.000000,233.000000,205.000000,15.000000,8.000000,18.000000,3.000000,5.000000,0.000000,6.000000,12.000000,2.000000,4.000000,0.000000,7.000000,15.000000,2.000000,5.000000,8097.000000,2266.000000,4820.000000,695.000000,601.000000,3.000000,
0.041475,0.538300,0.309690,0.002819,0.698613,-206934.453871,2.979332,2195607.000000,1874874.000000,3722527.000000,334752.000000,1282372.000000,1952.000000,539.000000,1146.000000,164.000000,144.000000,453.000000,125.000000,266.000000,38.000000,33.000000,2784.000000,769.000000,1633.000000,233.000000,205.000000,15.000000,8.000000,18.000000,3.000000,5.000000,0.000000,6.000000,12.000000,2.000000,4.000000,0.000000,7.000000,15.000000,2.000000,5.000000,8097.000000,2266.000000,4820.000000,695.000000,601.000000,3.000000,
0.041517,0.698590,0.308621,0.003887,0.742547,-206882.657223,2.980349,2195607.000000,1874874.000000,3722527.000000,334752.000000,1282372.000000,1952.000000,539.000000,1146.000000,164.000000,144.000000,453.000000,125.000000,266.000000,38.000000,33.000000,2784.000000,769.000000,1633.000000,233.000000,205.000000,15.000000,8.000000,18.000000,3.000000,5.000000,0.000000,6.000000,12.000000,2.000000,4.000000,0.000000,7.000000,15.000000,2.000000,5.000000,8097.000000,2266.000000,4820.000000,695.000000,601.000000,3.000000,
0.041517,0.698590,0.308621,0.003887,0.742547,-206882.657223,2.980349,2195607.000000,1874874.000000,3722527.000000,334752.000000,1282372.000000,1952.000000,539.000000,1146.000000,164.000000,144.000000,453.000000,125.000000,266.000000,38.000000,33.000000,2784.000000,769.000000,1633.000000,233.000000,205.000000,15.000000,8.000000,18.000000,3.000000,5.000000,0.000000,6.000000,12.000000,2.000000,4.000000,0.000000,7.000000,15.000000,2.000000,5.000000,8097.000000,2266.000000,4820.000000,695.000000,601.000000,3.000000,
0.041517,0.698590,0.308621,0.003887,0.742547,-206882.657223,2.980349,2195607.000000,1874874.000000,3722527.000000,334752.000000,1282372.000000,1952.000000,539.000000,1146.000000,164.000000,144.000000,453.000000,125.000000,266.000000,38.000000,33.000000,2784.000000,769.000000,1633.000000,233.000000,205.000000,15.000000,8.000000,18.000000,3.000000,5.000000,0.000000,6.000000,12.000000,2.000000,4.000000,0.000000,7.000000,15.000000,2.000000,5.000000,8097.000000,2266.000000,4820.000000,695.000000,601.000000,3.000000,
0.041517,0.698590,0.308621,0.003887,0.742547,-206882.657223,2.980349,2195607.000000,1874874.000000,3722527.000000,334752.000000,1282372.000000,1952.000000,539.000000,1146.000000,164.000000,144.000000,453.000000,125.000000,266.000000,38.000000,33.000000,2784.000000,769.000000,1633.000000,233.000000,205.000000,15.000000,8.000000,18.000000,3.000000,5.000000,0.000000,6.000000,12.000000,2.000000,4.000000,0.000000,7.000000,15.000000,2.000000,5.000000,8097.000000,2266.000000,4820.000000,695.000000,601.000000,3.000000,
0.041517,0.698590,0.308621,0.003887,0.742547,-206882.657223,2.980349,2195607.000000,1874874.000000,3722527.000000,334752.000000,1282372.000000,1952.000000,539.000000,1146.000000,164.000000,144.000000,453.000000,125.000000,266.000000,38.000000,33.000000,2784.000000,769.000000,1633.000000,233.000000,205.000000,15.000000,8.000000,18.000000,3.000000,5.000000,0.000000,6.000000,12.000000,2.000000,4.000000,0.000000,7.000000,15.000000,2.000000,5.000000,8097.000000,2266.000000,4820.000000,695.000000,601.000000,3.000000,
0.041517,0.698590,0.308621,0.003887,0.742547,-206882.657223,2.980349,2195607.000000,1874874.000000,3722527.000000,334752.000000,1282372.000000,1952.000000,539.000000,1146.000000,164.000000,144.000000,453.000000,125.000000,266.000000,38.000000,33.000000,2784.000000,769.000000,1633.000000,233.000000,205.000000,15.000000,8.000000,18.000000,3.000000,5.000000,0.000000,6.000000,12.000000,2.000000,4.000000,0.000000,7.000000,15.000000,2.000000,5.000000,8097.000000,2266.000000,4820.000000,695.000000,601.000000,3.000000,
0.041517,0.698590,0.308621,0.003887,0.742547,-206882.657223,2.980349,2195607.000000,1874874.000000,3722527.000000,334752.000000,1282372.000000,1952.000000,539.000000,1146.000000,164.000000,144.000000,453.000000,125.000000,266.000000,38.000000,33.000000,2784.000000,769.000000,1633.000000,233.000000,205.000000,15.000000,8.000000,18.000000,3.000000,5.000000,0.000000,6.000000,12.000000,2.000000,4.000000,0.000000,7.000000,15.000000,2.000000,5.000000,8097.000000,2266.000000,4820.000000,695.000000,601.000000,3.000000,
0.041517,0.698590,0.308621,0.003887,0.742547,-206882.657223,2.980349,2195607.000000,1874874.000000,3722527.000000,334752.000000,1282372.000000,1952.000000,539.000000,1146.000000,164.000000,144.000000,453.000000,125.000000,266.000000,38.000000,33.000000,2784.000000,769.000000,1633.000000,233.000000,205.000000,15.000000,8.000000,18.000000,3.000000,5.000000,0.000000,6.000000,12.000000,2.000000,4.000000,0.000000,7.000000,15.000000,2.000000,5.000000,8097.000000,2266.000000,4820.000000,695.000000,601.000000,3.000000,
0.041517,0.698590,0.308621,0.003887,0.742547,-206882.657223,2.980349,2195607.000000,1874874.000000,3722527.000000,334752.000000,1282372.000000,1952.000000,539.000000,1146.000000,164.000000,144.000000,453.000000,125.000000,266.000000,38.000000,33.000000,2784.000000,769.000000,1633.000000,233.000000,205.000000,15.000000,8.000000,18.000000,3.000000,5.000000,0.000000,6.000000,12.000000,2.000000,4.000000,0.000000,7.000000,15.000000,2.000000,5.000000,8097.000000,2266.000000,4820.000000,695.000000,601.000000,3.000000,
0.041517,0.698590,0.308621,0.003887,0.742547,-206882.657223,2.980349,2195607.000000,1874874.000000,3722527.000000,334752.000000,1282372.000000,1952.000000,539.000000,1146.000000,164.000000,144.000000,453.000000,125.000000,266.000000,38.000000,33.000000,2784.000000,769.000000,1633.000000,233.000000,205.000000,15.000000,8.000000,18.000000,3.000000,5.000000,0.000000,6.000000,12.000000,2.000000,4.000000,0.000000,7.000000,15.000000,2.000000,5.000000,8097.000000,2266.000000,4820.000000,695.000000,601.000000,3.000000,
0.041517,0.698590,0.308621,0.003887,0.742547,-206882.657223,2.980349,2195607.000000,1874874.000000,3722527.000000,334752.000000,1282372.000000,1952.000000,539.000000,1146.000000,164.000000,144.000000,453.000000,125.000000,266.000000,38.000000,33.000000,2784.000000,769.000000,1633.000000,233.000000,205.000000,15.000000,8.000000,18.000000,3.000000,5.000000,0.000000,6.000000,12.000000,2.000000,4.000000,0.000000,7.000000,15.000000,2.000000,5.000000,8097.000000,2266.000000,4820.000000,695.000000,601.000000,3.000000,
0.041605,0.780845,0.305075,0.006721,0.723201,-206711.183198,2.979976,2195607.000000,1874874.000000,3722527.000000,334752.000000,1282372.000000,1952.000000,539.000000,1146.000000,164.000000,144.000000,453.000000,125.000000,266.000000,38.000000,33.000000,2784.000000,769.000000,1633.000000,233.000000,205.000000,15.000000,8.000000,18.000000,3.000000,5.000000,0.000000,6.000000,12.000000,2.000000,4.000000,0.000000,7.000000,15.000000,2.000000,5.000000,8097.000000,2266.000000,4820.000000,695.000000,601.000000,3.000000,
0.041605,0.780845,0.305075,0.006721,0.723201,-206711.183198,2.979976,2195607.000000,1874874.000000,3722527.000000,334752.000000,1282372.000000,1952.000000,539.000000,1146.000000,164.000000,144.000000,453.000000,125.000000,266.000000,38.000000,33.000000,2784.000000,769.000000,1633.000000,233.000000,205.000000,15.000000,8.000000,18.000000,3.000000,5.000000,0.000000,6.000000,12.000000,2.000000,4.000000,0.000000,7.000000,15.000000,2.000000,5.000000,8097.000000,2266.000000,4820.000000,695.000000,601.000000,3.000000,
0.041605,0.780845,0.305075,0.006721,0.723201,-206711.183198,2.979976,2195607.000000,1874874.000000,3722527.000000,334752.000000,1282372.000000,1952.000000,539.000000,1146.000000,164.000000,144.000000,453.000000,125.000000,266.000000,38.000000,33.000000,2784.000000,769.000000,1633.000000,233.000000,205.000000,15.000000,8.000000,18.000000,3.000000,5.000000,0.000000,6.000000,12.000000,2.000000,4.000000,0.000000,7.000000,15.000000,2.000000,5.000000,8097.000000,2266.000000,4820.000000,695.000000,601.000000,3.000000,
0.041605,0.780845,0.305075,0.006721,0.723201,-206711.183198,2.979976,2195607.000000,1874874.000000,3722527.000000,334752.000000,1282372.000000,1952.000000,539.000000,1146.000000,164.000000,144.000000,453.000000,125.000000,266.000000,38.000000,33.000000,2784.000000,769.000000,1633.000000,233.000000,205.000000,15.000000,8.000000,18.000000,3.000000,5.000000,0.000000,6.000000,12.000000,2.000000,4.000000,0.000000,7.000000,15.000000,2.000000,5.000000,8097.000000,2266.000000,4820.000000,695.000000,601.000000,3.000000,
0.041605,0.780845,0.305075,0.006721,0.723201,-206711.183198,2.979976,2195607.000000,1874874.000000,3722527.000000,334752.000000,1282372.000000,1952.000000,539.000000,1146.000000,164.000000,144.000000,453.000000,125.000000,266.000000,38.000000,33.000000,2784.000000,769.000000,1633.000000,233.000000,205.000000,15.000000,8.000000,18.000000,3.000000,5.000000,0.000000,6.000000,12.000000,2.000000,4.000000,0.000000,7.000000,15.000000,2.000000,5.000000,8097.000000,2266.000000,4820.000000,695.000000,601.000000,3.000000,
0.041605,0.780845,0.305075,0.006721,0.723201,-206711.183198,2.979976,2195607.000000,1874874.000000,3722527.000000,334752.000000,1282372.000000,1952.000000,539.000000,1146.000000,164.000000,144.000000,453.000000,125.000000,266.000000,38.000000,33.000000,2784.000000,769.000000,1633.000000,233.000000,205.000000,15.000000,8.000000,18.000000,3.000000,5.000000,0.000000,6.000000,12.000000,2.000000,4.000000,0.000000,7.000000,15.000000,2.000000,5.000000,8097.000000,2266.000000,4820.000000,695.000000,601.000000,3.000000,
0.041605,0.780845,0.305075,0.006721,0.723201,-206711.183198,2.979976,2195607.000000,1874874.000000,3722527.000000,334752.000000,1282372.000000,1952.000000,539.000000,1146.000000,164.000000,144.000000,453.000000,125.000000,266.000000,38.000000,33.000000,2784.000000,769.000000,1633.000000,233.000000,205.000000,15.000000,8.000000,18.000000,3.000000,5.000000,0.000000,6.000000,12.000000,2.000000,4.000000,0.000000,7.000000,15.000000,2.000000,5.000000,8097.000000,2266.000000,4820.000000,695.000000,601.000000,3.000000,
0.041605,0.780845,0.305075,0.006721,0.723201,-206711.183198,2.979976,2195607.000000,1874874.000000,3722527.000000,334752.000000,1282372.000000,1952.000000,539.000000,1146.000000,164.000000,144.000000,453.000000,125.000000,266.000000,38.000000,33.000000,2784.000000,769.000000,1633.000000,233.000000,205.000000,15.000000,8.000000,18.000000,3.000000,5.000000,0.000000,6.000000,12.000000,2.000000,4.000000,0.000000,7.000000,15.000000,2.000000,5.000000,8097.000000,2266.000000,4820.000000,695.000000,601.000000,3.000000,
0.041605,0.780845,0.305075,0.006721,0.723201,-206711.183198,2.979976,2195607.000000,1874874.000000,3722527.000000,334752.000000,1282372.000000,1952.000000,539.000000,1146.000000,164.000000,144.000000,453.000000,125.000000,266.000000,38.000000,33.000000,2784.000000,769.000000,1633.000000,233.000000,205.000000,15.000000,8.000000,18.000000,3.000000,5.000000,0.000000,6.000000,12.000000,2.000000,4.000000,0.000000,7.000000,15.000000,2.000000,5.000000,8097.000000,2266.000000,4820.000000,695.000000,601.000000,3.000000,
0.041605,0.780845,0.305075,0.006721,0.723201,-206711.183198,2.979976,2195607.000000,1874874.000000,3722527.000000,334752.000000,1282372.000000,1952.000000,539.000000,1146.000000,164.000000,144.000000,453.000000,125.000000,266.000000,38.000000,33.000000,2784.000000,769.000000,1633.000000,233.000000,205.000000,15.000000,8.000000,18.000000,3.000000,5.000000,0.000000,6.000000,12.000000,2.000000,4.000000,0.000000,7.000000,15.000000,2.000000,5.000000,8097.000000,2266.000000,4820.000000,695.000000,601.000000,3.000000,
0.041605,0.780845,0.305075,0.006721,0.723201,-206711.183198,2.979976,2195607.000000,1874874.000000,3722527.000000,334752.000000,1282372.000000,1952.000000,539.000000,1146.000000,164.000000,144.000000,453.000000,125.000000,266.000000,38.000000,33.000000,2784.000000,769.000000,1633.000000,233.000000,205.000000,15.000000,8.000000,18.000000,3.000000,5.000000,0.000000,6.000000,12.000000,2.000000,4.000000,0.000000,7.000000,15.000000,2.000000,5.000000,8097.000000,2266.000000,4820.000000,695.000000,601.000000,3.000000,
0.041605,0.780845,0.305075,0.006721,0.723201,-206711.183198,2.979976,2195607.000000,1874874.000000,3722527.000000,334752.000000,1282372.000000,1952.000000,539.000000,1146.000000,164.000000,144.000000,453.000000,125.000000,266.000000,38.000000,33.000000,2784.000000,769.000000,1633.000000,233.000000,205.000000,15.000000,8.000000,18.000000,3.000000,5.000000,0.000000,6.000000,12.000000,2.000000,4.000000,0.000000,7.000000,15.000000,2.000000,5.000000,8097.000000,2266.000000,4820.000000,695.000000,601.000000,3.000000,
0.041605,0.780845,0.305075,0.006721,0.723201,-206711.183198,2.979976,2195607.000000,1874874.000000,3722527.000000,334752.000000,1282372.000000,1952.000000,539.000000,1146.000000,164.000000,144.000000,453.000000,125.000000,266.000000,38.000000,33.000000,2784.000000,769.000000,1633.000000,233.000000,205.000000,15.000000,8.000000,18.000000,3.000000,5.000000,0.000000,6.000000,12.000000,2.000000,4.000000,0.000000,7.000000,15.000000,2.000000,5.000000,8097.000000,2266.000000,4820.000000,695.000000,601.000000,3.000000,
0.041605,0.780845,0.305075,0.006721,0.723201,-206711.183198,2.979976,2195607.000000,1874874.000000,3722527.000000,334752.000000,1282372.000000,1952.000000,539.000000,1146.000000,164.000000,144.000000,453.000000,125.000000,266.000000,38.000000,33.000000,2784.000000,769.000000,1633.000000,233.000000,205.000000,15.000000,8.000000,18.000000,3.000000,5.000000,0.000000,6.000000,12.000000,2.000000,4.000000,0.000000,7.000000,15.000000,2.000000,5.000000,8097.000000,2266.000000,4820.000000,695.000000,601.000000,3.000000,
0.041605,0.780845,0.305075,0.006721,0.723201,-206711.183198,2.979976,2195607.000000,1874874.000000,3722527.000000,334752.000000,1282372.000000,1952.000000,539.000000,1146.000000,164.000000,144.000000,453.000000,125.000000,266.000000,38.000000,33.000000,2784.000000,769.000000,1633.000000,233.000000,205.000000,15.000000,8.000000,18.000000,3.000000,5.000000,0.000000,6.000000,12.000000,2.000000,4.000000,0.000000,7.000000,15.000000,2.000000,5.000000,8097.000000,2266.000000,4820.000000,695.000000,601.000000,3.000000,
0.041605,0.780845,0.305075,0.006721,0.723201,-206711.183198,2.979976,2195607.000000,1874874.000000,3722527.000000,334752.000000,1282372.000000,1952.000000,539.000000,1146.000000,164.000000,144.000000,453.000000,125.000000,266.000000,38.000000,33.000000,2784.000000,769.000000,1633.000000,233.000000,205.000000,15.000000,8.000000,18.000000,3.000000,5.000000,0.000000,6.000000,12.000000,2.000000,4.000000,0.000000,7.000000,15.000000,2.000000,5.000000,8097.000000,2266.000000,4820.000000,695.000000,601.000000,3.000000,
0.041605,0.780845,0.305075,0.006721,0.723201,-206711.183198,2.979976,2195607.000000,1874874.000000,3722527.000000,334752.000000,1282372.000000,1952.000000,539.000000,1146.000000,164.000000,144.000000,453.000000,125.000000,266.000000,38.000000,33.000000,2784.000000,769.000000,1633.000000,233.000000,205.000000,15.000000,8.000000,18.000000,3.000000,5.000000,0.000000,6.000000,12.000000,2.000000,4.000000,0.000000,7.000000,15.000000,2.000000,5.000000,8097.000000,2266.000000,4820.000000,695.000000,601.000000,3.000000,
0.041605,0.780845,0.305075,0.006721,0.723201,-206711.183198,2.979976,2195607.000000,1874874.000000,3722527.000000,334752.000000,1282372.000000,1952.000000,539.000000,1146.000000,164.000000,144.000000,453.000000,125.000000,266.000000,38.000000,33.000000,2784.000000,769.000000,1633.000000,233.000000,205.000000,15.000000,8.000000,18.000000,3.000000,5.000000,0.000000,6.000000,12.000000,2.000000,4.000000,0.000000,7.000000,15.000000,2.000000,5.000000,8097.000000,2266.000000,4820.000000,695.000000,601.000000,3.000000,
0.041605,0.780845,0.305075,0.006721,0.723201,-206711.183198,2.979976,2195607.000000,1874874.000000,3722527.000000,334752.000000,1282372.000000,1952.000000,539.000000,1146.000000,164.000000,144.000000,453.000000,125.000000,266.000000,38.000000,33.000000,2784.000000,769.000000,1633.000000,233.000000,205.000000,15.000000,8.000000,18.000000,3.000000,5.000000,0.000000,6.000000,12.000000,2.000000,4.000000,0.000000,7.000000,15.000000,2.000000,5.000000,8097.000000,2266.000000,4820.000000,695.000000,601.000000,3.000000,
0.041605,0.780845,0.305075,0.006721,0.723201,-206711.183198,2.979976,2195607.000000,1874874.000000,3722527.000000,334752.000000,1282372.000000,1952.000000,539.000000,1146.000000,164.000000,144.000000,453.000000,125.000000,266.000000,38.000000,33.000000,2784.000000,769.000000,1633.000000,233.000000,205.000000,15.000000,8.000000,18.000000,3.000000,5.000000,0.000000,6.000000,12.000000,2.000000,4.000000,0.000000,7.000000,15.000000,2.000000,5.000000,8097.000000,2266.000000,4820.000000,695.000000,601.000000,3.000000,
0.041605,0.780845,0.305075,0.006721,0.723201,-206711.183198,2.979976,2195607.000000,1874874.000000,3722527.000000,334752.000000,1282372.000000,1952.000000,539.000000,1146.000000,164.000000,144.000000,453.000000,125.000000,266.000000,38.000000,33.000000,2784.000000,769.000000,1633.000000,233.000000,205.000000,15.000000,8.000000,18.000000,3.000000,5.000000,0.000000,6.000000,12.000000,2.000000,4.000000,0.000000,7.000000,15.000000,2.000000,5.000000,8097.000000,2266.000000,4820.000000,695.000000,601.000000,3.000000,
0.041605,0.780845,0.305075,0.006721,0.723201,-206711.183198,2.979976,2195607.000000,1874874.000000,3722527.000000,334752.000000,1282372.000000,1952.000000,539.000000,1146.000000,164.000000,144.000000,453.000000,125.000000,266.000000,38.000000,33.000000,2784.000000,769.000000,1633.000000,233.000000,205.000000,15.000000,8.000000,18.000000,3.000000,5.000000,0.000000,6.000000,12.000000,2.000000,4.000000,0.000000,7.000000,15.000000,2.000000,5.000000,8097.000000,2266.000000,4820.000000,695.000000,601.000000,3.000000,
0.041605,0.780845,0.305075,0.006721,0.723201,-206711.183198,2.979976,2195607.000000,1874874.000000,3722527.000000,334752.000000,1282372.000000,1952.000000,539.000000,1146.000000,164.000000,144.000000,453.000000,125.000000,266.000000,38.000000,33.000000,2784.000000,769.000000,1633.000000,233.000000,205.000000,15.000000,8.000000,18.000000,3.000000,5.000000,0.000000,6.000000,12.000000,2.000000,4.000000,0.000000,7.000000,15.000000,2.000000,5.000000,8097.000000,2266.000000,4820.000000,695.000000,601.000000,3.000000,
0.041605,0.780845,0.305075,0.006721,0.723201,-206711.183198,2.979976,2195607.000000,1874874.000000,3722527.000000,334752.000000,1282372.000000,1952.000000,539.000000,1146.000000,164.000000,144.000000,453.000000,125.000000,266.000000,38.000000,33.000000,2784.000000,769.000000,1633.000000,233.000000,205.000000,15.000000,8.000000,18.000000,3.000000,5.000000,0.000000,6.000000,12.000000,2.000000,4.000000,0.000000,7.000000,15.000000,2.000000,5.000000,8097.000000,2266.000000,4820.000000,695.000000,601.000000,3.000000,
0.041605,0.780845,0.305075,0.006721,0.723201,-206711.183198,2.979976,2195607.000000,1874874.000000,3722527.000000,334752.000000,1282372.000000,1952.000000,539.000000,1146.000000,164.000000,144.000000,453.000000,125.000000,266.000000,38.000000,33.000000,2784.000000,769.000000,1633.000000,233.000000,205.000000,15.000000,8.000000,18.000000,3.000000,5.000000,0.000000,6.000000,12.000000,2.000000,4.000000,0.000000,7.000000,15.000000,2.000000,5.000000,8097.000000,2266.000000,4820.000000,695.000000,601.000000,3.000000,
0.041605,0.780845,0.305075,0.006721,0.723201,-206711.183198,2.979976,2195607.000000,1874874.000000,3722527.000000,334752.000000,1282372.000000,1952.000000,539.000000,1146.000000,164.000000,144.000000,453.000000,125.000000,266.000000,38.000000,33.000000,2784.000000,769.000000,1633.000000,233.000000,205.000000,15.000000,8.000000,18.000000,3.000000,5.000000,0.000000,6.000000,12.000000,2.000000,4.000000,0.000000,7.000000,15.000000,2.000000,5.000000,8097.000000,2266.000000,4820.000000,695.000000,601.000000,3.000000,
0.041605,0.780845,0.305075,0.006721,0.723201,-206711.183198,2.979976,2195607.000000,1874874.000000,3722527.000000,334752.000000,1282372.000000,1952.000000,539.000000,1146.000000,164.000000,144.000000,453.000000,125.000000,266.000000,38.000000,33.000000,2784.000000,769.000000,1633.000000,233.000000,205.000000,15.000000,8.000000,18.000000,3.000000,5.000000,0.000000,6.000000,12.000000,2.000000,4.000000,0.000000,7.000000,15.000000,2.000000,5.000000,8097.000000,2266.000000,4820.000000,695.000000,601.000000,3.000000,
0.041605,0.780845,0.305075,0.006721,0.723201,-206711.183198,2.979976,2195607.000000,1874874.000000,3722527.000000,334752.000000,1282372.000000,1952.000000,539.000000,1146.000000,164.000000,144.000000,453.000000,125.000000,266.000000,38.000000,33.000000,2784.000000,769.000000,1633.000000,233.000000,205.000000,15.000000,8.000000,18.000000,3.000000,5.000000,0.000000,6.000000,12.000000,2.000000,4.000000,0.000000,7.000000,15.000000,2.000000,5.000000,8097.000000,2266.000000,4820.000000,695.000000,601.000000,3.000000,
0.041605,0.780845,0.305075,0.006721,0.723201,-206711.183198,2.979976,2195607.000000,1874874.000000,3722527.000000,334752.000000,1282372.000000,1952.000000,539.000000,1146.000000,164.000000,144.000000,453.000000,125.000000,266.000000,38.000000,33.000000,2784.000000,769.000000,1633.000000,233.000000,205.000000,15.000000,8.000000,18.000000,3.000000,5.000000,0.000000,6.000000,12.000000,2.000000,4.000000,0.000000,7.000000,15.000000,2.000000,5.000000,8097.000000,2266.000000,4820.000000,695.000000,601.000000,3.000000,
0.041605,0.780845,0.305075,0.006721,0.723201,-206711.183198,2.979976,2195607.000000,1874874.000000,3722527.000000,334752.000000,1282372.000000,1952.000000,539.000000,1146.000000,164.000000,144.000000,453.000000,125.000000,266.000000,38.000000,33.000000,2784.000000,769.000000,1633.000000,233.000000,205.000000,15.000000,8.000000,18.000000,3.000000,5.000000,0.000000,6.000000,12.000000,2.000000,4.000000,0.000000,7.000000,15.000000,2.000000,5.000000,8097.000000,2266.000000,4820.000000,695.000000,601.000000,3.000000,
0.041617,0.430388,0.304288,0.008276,0.671040,-206673.248101,2.979349,2195607.000000,1874874.000000,3722527.000000,334752.000000,1282372.000000,1952.000000,539.000000,1146.000000,164.000000,144.000000,453.000000,125.000000,266.000000,38.000000,33.000000,2784.000000,769.000000,1633.000000,233.000000,205.000000,15.000000,8.000000,18.000000,3.000000,5.000000,0.000000,6.000000,12.000000,2.000000,4.000000,0.000000,7.000000,15.000000,2.000000,5.000000,8097.000000,2266.000000,4820.000000,695.000000,601.000000,3.000000,
0.041617,0.430388,0.304288,0.008276,0.671040,-206673.248101,2.979349,2195607.000000,1874874.000000,3722527.000000,334752.000000,1282372.000000,1952.000000,539.000000,1146.000000,164.000000,144.000000,453.000000,125.000000,266.000000,38.000000,33.000000,2784.000000,769.000000,1633.000000,233.000000,205.000000,15.000000,8.000000,18.000000,3.000000,5.000000,0.000000,6.000000,12.000000,2.000000,4.000000,0.000000,7.000000,15.000000,2.000000,5.000000,8097.000000,2266.000000,4820.000000,695.000000,601.000000,3.000000,
0.041617,0.430388,0.304288,0.008276,0.671040,-206673.248101,2.979349,2195607.000000,1874874.000000,3722527.000000,334752.000000,1282372.000000,1952.000000,539.000000,1146.000000,164.000000,144.000000,453.000000,125.000000,266.000000,38.000000,33.000000,2784.000000,769.000000,1633.000000,233.000000,205.000000,15.000000,8.000000,18.000000,3.000000,5.000000,0.000000,6.000000,12.000000,2.000000,4.000000,0.000000,7.000000,15.000000,2.000000,5.000000,8097.000000,2266.000000,4820.000000,695.000000,601.000000,3.000000,
0.041617,0.430388,0.304288,0.008276,0.671040,-206673.248101,2.979349,2195607.000000,1874874.000000,3722527.000000,334752.000000,1282372.000000,1952.000000,539.000000,1146.000000,164.000000,144.000000,453.000000,125.000000,266.000000,38.000000,33.000000,2784.000000,769.000000,1633.000000,233.000000,205.000000,15.000000,8.000000,18.000000,3.000000,5.000000,0.000000,6.000000,12.000000,2.000000,4.000000,0.000000,7.000000,15.000000,2.000000,5.000000,8097.000000,2266.000000,4820.000000,695.000000,601.000000,3.000000,
0.041617,0.430388,0.304288,0.008276,0.671040,-206673.248101,2.979349,2195607.000000,1874874.000000,3722527.000000,334752.000000,1282372.000000,1952.000000,539.000000,1146.000000,164.000000,144.000000,453.000000,125.000000,266.000000,38.000000,33.000000,2784.000000,769.000000,1633.000000,233.000000,205.000000,15.000000,8.000000,18.000000,3.000000,5.000000,0.000000,6.000000,12.000000,2.000000,4.000000,0.000000,7.000000,15.000000,2.000000,5.000000,8097.000000,2266.000000,4820.000000,695.000000,601.000000,3.000000,
0.041617,0.430388,0.304288,0.008276,0.671040,-206673.248101,2.979349,2195607.000000,1874874.000000,3722527.000000,334752.000000,1282372.000000,1952.000000,539.000000,1146.000000,164.000000,144.000000,453.000000,125.000000,266.000000,38.000000,33.000000,2784.000000,769.000000,1633.000000,233.000000,205.000000,15.000000,8.000000,18.000000,3.000000,5.000000,0.000000,6.000000,12.000000,2.000000,4.000000,0.000000,7.000000,15.000000,2.000000,5.000000,8097.000000,2266.000000,4820.000000,695.000000,601.000000,3.000000,
0.041530,0.617536,0.309471,0.008988,0.732081,-206923.904964,2.982897,2195607.000000,1874874.000000,3722527.000000,334752.000000,1282372.000000,1952.000000,539.000000,1146.000000,164.000000,144.000000,453.000000,125.000000,266.000000,38.000000,33.000000,2784.000000,769.000000,1633.000000,233.000000,205.000000,15.000000,8.000000,18.000000,3.000000,5.000000,0.000000,6.000000,12.000000,2.000000,4.000000,0.000000,7.000000,15.000000,2.000000,5.000000,8097.000000,2266.000000,4820.000000,695.000000,601.000000,3.000000,
0.041126,0.521145,0.329824,0.014710,0.626128,-207924.368672,2.991642,2195607.000000,1874874.000000,3722527.000000,334752.000000,1282372.000000,1952.000000,539.000000,1146.000000,164.000000,144.000000,453.000000,125.000000,266.000000,38.000000,33.000000,2784.000000,769.000000,1633.000000,233.000000,205.000000,15.000000,8.000000,18.000000,3.000000,5.000000,0.000000,6.000000,12.000000,2.000000,4.000000,0.000000,7.000000,15.000000,2.000000,5.000000,8097.000000,2266.000000,4820.000000,695.000000,601.000000,3.000000,
0.041126,0.521145,0.329824,0.014710,0.626128,-207924.368672,2.991642,2195607.000000,1874874.000000,3722527.000000,334752.000000,1282372.000000,1952.000000,539.000000,1146.000000,164.000000,144.000000,453.000000,125.000000,266.000000,38.000000,33.000000,2784.000000,769.000000,1633.000000,233.000000,205.000000,15.000000,8.000000,18.000000,3.000000,5.000000,0.000000,6.000000,12.000000,2.000000,4.000000,0.000000,7.000000,15.000000,2.000000,5.000000,8097.000000,2266.000000,4820.000000,695.000000,601.000000,3.000000,
0.041126,0.521145,0.329824,0.014710,0.626128,-207924.368672,2.991642,2195607.000000,1874874.000000,3722527.000000,334752.000000,1282372.000000,1952.000000,539.000000,1146.000000,164.000000,144.000000,453.000000,125.000000,266.000000,38.000000,33.000000,2784.000000,769.000000,1633.000000,233.000000,205.000000,15.000000,8.000000,18.000000,3.000000,5.000000,0.000000,6.000000,12.000000,2.000000,4.000000,0.000000,7.000000,15.000000,2.000000,5.000000,8097.000000,2266.000000,4820.000000,695.000000,601.000000,3.000000,
0.041126,0.521145,0.329824,0.014710,0.626128,-207924.368672,2.991642,2195607.000000,1874874.000000,3722527.000000,334752.000000,1282372.000000,1952.000000,539.000000,1146.000000,164.000000,144.000000,453.000000,125.000000,266.000000,38.000000,33.000000,2784.000000,769.000000,1633.000000,233.000000,205.000000,15.000000,8.000000,18.000000,3.000000,5.000000,0.000000,6.000000,12.000000,2.000000,4.000000,0.000000,7.000000,15.000000,2.000000,5.000000,8097.000000,2266.000000,4820.000000,695.000000,601.000000,3.000000,
0.041126,0.521145,0.329824,0.014710,0.626128,-207924.368672,2.991642,2195607.000000,1874874.000000,3722527.000000,334752.000000,1282372.000000,1952.000000,539.000000,1146.000000,164.000000,144.000000,453.000000,125.000000,266.000000,38.000000,33.000000,2784.000000,769.000000,1633.000000,233.000000,205.000000,15.000000,8.000000,18.000000,3.000000,5.000000,0.000000,6.000000,12.000000,2.000000,4.000000,0.000000,7.000000,15.000000,2.000000,5.000000,8097.000000,2266.000000,4820.000000,695.000000,601.000000,3.000000,
0.041126,0.521145,0.329824,0.014710,0.626128,-207924.368672,2.991642,2195607.000000,1874874.000000,3722527.000000,334752.000000,1282372.000000,1952.000000,539.000000,1146.000000,164.000000,144.000000,453.000000,125.000000,266.000000,38.000000,33.000000,2784.000000,769.000000,1633.000000,233.000000,205.000000,15.000000,8.000000,18.000000,3.000000,5.000000,0.000000,6.000000,12.000000,2.000000,4.000000,0.000000,7.000000,15.000000,2.000000,5.000000,8097.000000,2266.000000,4820.000000,695.000000,601.000000,3.000000,
0.041126,0.521145,0.329824,0.014710,0.626128,-207924.368672,2.991642,2195607.000000,1874874.000000,3722527.000000,334752.000000,1282372.000000,1952.000000,539.000000,1146.000000,164.000000,144.000000,453.000000,125.000000,266.000000,38.000000,33.000000,2784.000000,769.000000,1633.000000,233.000000,205.000000,15.000000,8.000000,18.000000,3.000000,5.000000,0.000000,6.000000,12.000000,2.000000,4.000000,0.000000,7.000000,15.000000,2.000000,5.000000,8097.000000,2266.000000,4820.000000,695.000000,601.000000,3.000000,
0.041126,0.521145,0.329824,0.014710,0.626128,-207924.368672,2.991642,2195607.000000,1874874.000000,3722527.000000,334752.000000,1282372.000000,1952.000000,539.000000,1146.000000,164.000000,144.000000,453.000000,125.000000,266.000000,38.000000,33.000000,2784.000000,769.000000,1633.000000,233.000000,205.000000,15.000000,8.000000,18.000000,3.000000,5.000000,0.000000,6.000000,12.000000,2.000000,4.000000,0.000000,7.000000,15.000000,2.000000,5.000000,8097.000000,2266.000000,4820.000000,695.000000,601.000000,3.000000,
0.041126,0.521145,0.329824,0.014710,0.626128,-207924.368672,2.991642,2195607.000000,1874874.000000,3722527.000000,334752.000000,1282372.000000,1952.000000,539.000000,1146.000000,164.000000,144.000000,453.000000,125.000000,266.000000,38.000000,33.000000,2784.000000,769.000000,1633.000000,233.000000,205.000000,15.000000,8.000000,18.000000,3.000000,5.000000,0.000000,6.000000,12.000000,2.000000,4.000000,0.000000,7.000000,15.000000,2.000000,5.000000,8097.000000,2266.000000,4820.000000,695.000000,601.000000,3.000000,
0.041274,0.826260,0.322210,0.017415,0.698238,-207547.045139,2.988219,2195607.000000,1874874.000000,3722527.000000,334752.000000,1282372.000000,1952.000000,539.000000,1146.000000,164.000000,144.000000,453.000000,125.000000,266.000000,38.000000,33.000000,2784.000000,769.000000,1633.000000,233.000000,205.000000,15.000000,8.000000,18.000000,3.000000,5.000000,0.000000,6.000000,12.000000,2.000000,4.000000,0.000000,7.000000,15.000000,2.000000,5.000000,8097.000000,2266.000000,4820.000000,695.000000,601.000000,3.000000,
0.041274,0.826260,0.322210,0.017415,0.698238,-207547.045139,2.988219,2195607.000000,1874874.000000,3722527.000000,334752.000000,1282372.000000,1952.000000,539.000000,1146.000000,164.000000,144.000000,453.000000,125.000000,266.000000,38.000000,33.000000,2784.000000,769.000000,1633.000000,233.000000,205.000000,15.000000,8.000000,18.000000,3.000000,5.000000,0.000000,6.000000,12.000000,2.000000,4.000000,0.000000,7.000000,15.000000,2.000000,5.000000,8097.000000,2266.000000,4820.000000,695.000000,601.000000,3.000000,
0.041274,0.826260,0.322210,0.017415,0.698238,-207547.045139,2.988219,2195607.000000,1874874.000000,3722527.000000,334752.000000,1282372.000000,1952.000000,539.000000,1146.000000,164.000000,144.000000,453.000000,125.000000,266.000000,38.000000,33.000000,2784.000000,769.000000,1633.000000,233.000000,205.000000,15.000000,8.000000,18.000000,3.000000,5.000000,0.000000,6.000000,12.000000,2.000000,4.000000,0.000000,7.000000,15.000000,2.000000,5.000000,8097.000000,2266.000000,4820.000000,695.000000,601.000000,3.000000,
0.041274,0.826260,0.322210,0.017415,0.698238,-207547.045139,2.988219,2195607.000000,1874874.000000,3722527.000000,334752.000000,1282372.000000,1952.000000,539.000000,1146.000000,164.000000,144.000000,453.000000,125.000000,266.000000,38.000000,33.000000,2784.000000,769.000000,1633.000000,233.000000,205.000000,15.000000,8.000000,18.000000,3.000000,5.000000,0.000000,6.000000,12.000000,2.000000,4.000000,0.000000,7.000000,15.000000,2.000000,5.000000,8097.000000,2266.000000,4820.000000,695.000000,601.000000,3.000000,
0.041274,0.826260,0.322210,0.017415,0.698238,-207547.045139,2.988219,2195607.000000,1874874.000000,3722527.000000,334752.000000,1282372.000000,1952.000000,539.000000,1146.000000,164.000000,144.000000,453.000000,125.000000,266.000000,38.000000,33.000000,2784.000000,769.000000,1633.000000,233.000000,205.000000,15.000000,8.000000,18.000000,3.000000,5.000000,0.000000,6.000000,12.000000,2.000000,4.000000,0.000000,7.000000,15.000000,2.000000,5.000000,8097.000000,2266.000000,4820.000000,695.000000,601.000000,3.000000,
0.041274,0.826260,0.322210,0.017415,0.698238,-207547.045139,2.988219,2195607.000000,1874874.000000,3722527.000000,334752.000000,1282372.000000,1952.000000,539.000000,1146.000000,164.000000,144.000000,453.000000,125.000000,266.000000,38.000000,33.000000,2784.000000,769.000000,1633.000000,233.000000,205.000000,15.000000,8.000000,18.000000,3.000000,5.000000,0.000000,6.000000,12.000000,2.000000,4.000000,0.000000,7.000000,15.000000,2.000000,5.000000,8097.000000,2266.000000,4820.000000,695.000000,601.000000,3.000000,
0.041274,0.826260,0.322210,0.017415,0.698238,-207547.045139,2.988219,2195607.000000,1874874.000000,3722527.000000,334752.000000,1282372.000000,1952.000000,539.000000,1146.000000,164.000000,144.000000,453.000000,125.000000,266.000000,38.000000,33.000000,2784.000000,769.000000,1633.000000,233.000000,205.000000,15.000000,8.000000,18.000000,3.000000,5.000000,0.000000,6.000000,12.000000,2.000000,4.000000,0.000000,7.000000,15.000000,2.000000,5.000000,8097.000000,2266.000000,4820.000000,695.000000,601.000000,3.000000,
0.041274,0.826260,0.322210,0.017415,0.698238,-207547.045139,2.988219,2195607.000000,1874874.000000,3722527.000000,334752.000000,1282372.000000,1952.000000,539.000000,1146.000000,164.000000,144.000000,453.000000,125.000000,266.000000,38.000000,33.000000,2784.000000,769.000000,1633.000000,233.000000,205.000000,15.000000,8.000000,18.000000,3.000000,5.000000,0.000000,6.000000,12.000000,2.000000,4.000000,0.000000,7.000000,15.000000,2.000000,5.000000,8097.000000,2266.000000,4820.000000,695.000000,601.000000,3.000000,
0.041274,0.826260,0.322210,0.017415,0.698238,-207547.045139,2.988219,2195607.000000,1874874.000000,3722527.000000,334752.000000,1282372.000000,1952.000000,539.000000,1146.000000,164.000000,144.000000,453.000000,125.000000,266.000000,38.000000,33.000000,2784.000000,769.000000,1633.000000,233.000000,205.000000,15.000000,8.000000,18.000000,3.000000,5.000000,0.000000,6.000000,12.000000,2.000000,4.000000,0.000000,7.000000,15.000000,2.000000,5.000000,8097.000000,2266.000000,4820.000000,695.000000,601.000000,3.000000,
0.041274,0.826260,0.322210,0.017415,0.698238,-207547.045139,2.988219,2195607.000000,1874874.000000,3722527.000000,334752.000000,1282372.000000,1952.000000,539.000000,1146.000000,164.000000,144.000000,453.000000,125.000000,266.000000,38.000000,33.000000,2784.000000,769.000000,1633.000000,233.000000,205.000000,15.000000,8.000000,18.000000,3.000000,5.000000,0.000000,6.000000,12.000000,2.000000,4.000000,0.000000,7.000000,15.000000,2.000000,5.000000,8097.000000,2266.000000,4820.000000,695.000000,601.000000,3.000000,
0.041274,0.826260,0.322210,0.017415,0.698238,-207547.045139,2.988219,2195607.000000,1874874.000000,3722527.000000,334752.000000,1282372.000000,1952.000000,539.000000,1146.000000,164.000000,144.000000,453.000000,125.000000,266.000000,38.000000,33.000000,2784.000000,769.000000,1633.000000,233.000000,205.000000,15.000000,8.000000,18.000000,3.000000,5.000000,0.000000,6.000000,12.000000,2.000000,4.000000,0.000000,7.000000,15.000000,2.000000,5.000000,8097.000000,2266.000000,4820.000000,695.000000,601.000000,3.000000,
0.041274,0.826260,0.322210,0.017415,0.698238,-207547.045139,2.988219,2195607.000000,1874874.000000,3722527.000000,334752.000000,1282372.000000,1952.000000,539.000000,1146.000000,164.000000,144.000000,453.000000,125.000000,266.000000,38.000000,33.000000,2784.000000,769.000000,1633.000000,233.000000,205.000000,15.000000,8.000000,18.000000,3.000000,5.000000,0.000000,6.000000,12.000000,2.000000,4.000000,0.000000,7.000000,15.000000,2.000000,5.000000,8097.000000,2266.000000,4820.000000,695.000000,601.000000,3.000000,
0.041274,0.826260,0.322210,0.017415,0.698238,-207547.045139,2.988219,2195607.000000,1874874.000000,3722527.000000,334752.000000,1282372.000000,1952.000000,539.000000,1146.000000,164.000000,144.000000,453.000000,125.000000,266.000000,38.000000,33.000000,2784.000000,769.000000,1633.000000,233.000000,205.000000,15.000000,8.000000,18.000000,3.000000,5.000000,0.000000,6.000000,12.000000,2.000000,4.000000,0.000000,7.000000,15.000000,2.000000,5.000000,8097.000000,2266.000000,4820.000000,695.000000,601.000000,3.000000,
0.041274,0.826260,0.322210,0.017415,0.698238,-207547.045139,2.988219,2195607.000000,1874874.000000,3722527.000000,334752.000000,1282372.000000,1952.000000,539.000000,1146.000000,164.000000,144.000000,453.000000,125.000000,266.000000,38.000000,33.000000,2784.000000,769.000000,1633.000000,233.000000,205.000000,15.000000,8.000000,18.000000,3.000000,5.000000,0.000000,6.000000,12.000000,2.000000,4.000000,0.000000,7.000000,15.000000,2.000000,5.000000,8097.000000,2266.000000,4820.000000,695.000000,601.000000,3.000000,
0.041274,0.826260,0.322210,0.017415,0.698238,-207547.045139,2.988219,2195607.000000,1874874.000000,3722527.000000,334752.000000,1282372.000000,1952.000000,539.000000,1146.000000,164.000000,144.000000,453.000000,125.000000,266.000000,38.000000,33.000000,2784.000000,769.000000,1633.000000,233.000000,205.000000,15.000000,8.000000,18.000000,3.000000,5.000000,0.000000,6.000000,12.000000,2.000000,4.000000,0.000000,7.000000,15.000000,2.000000,5.000000,8097.000000,2266.000000,4820.000000,695.000000,601.000000,3.000000,
0.041274,0.826260,0.322210,0.017415,0.698238,-207547.045139,2.988219,2195607.000000,1874874.000000,3722527.000000,334752.000000,1282372.000000,1952.000000,539.000000,1146.000000,164.000000,144.000000,453.000000,125.000000,266.000000,38.000000,33.000000,2784.000000,769.000000,1633.000000,233.000000,205.000000,15.000000,8.000000,18.000000,3.000000,5.000000,0.000000,6.000000,12.000000,2.000000,4.000000,0.000000,7.000000,15.000000,2.000000,5.000000,8097.000000,2266.000000,4820.000000,695.000000,601.000000,3.000000,
0.041274,0.826260,0.322210,0.017415,0.698238,-207547.045139,2.988219,2195607.000000,1874874.000000,3722527.000000,334752.000000,1282372.000000,1952.000000,539.000000,1146.000000,164.000000,144.000000,453.000000,125.000000,266.000000,38.000000,33.000000,2784.000000,769.000000,1633.000000,233.000000,205.000000,15.000000,8.000000,18.000000,3.000000,5.000000,0.000000,6.000000,12.000000,2.000000,4.000000,0.000000,7.000000,15.000000,2.000000,5.000000,8097.000000,2266.000000,4820.000000,695.000000,601.000000,3.000000,
0.041274,0.826260,0.322210,0.017415,0.698238,-207547.045139,2.988219,2195607.000000,1874874.000000,3722527.000000,334752.000000,1282372.000000,1952.000000,539.000000,1146.000000,164.000000,144.000000,453.000000,125.000000,266.000000,38.000000,33.000000,2784.000000,769.000000,1633.000000,233.000000,205.000000,15.000000,8.000000,18.000000,3.000000,5.000000,0.000000,6.000000,12.000000,2.000000,4.000000,0.000000,7.000000,15.000000,2.000000,5.000000,8097.000000,2266.000000,4820.000000,695.000000,601.000000,3.000000,
0.041274,0.826260,0.322210,0.017415,0.698238,-207547.045139,2.988219,2195607.000000,1874874.000000,3722527.000000,334752.000000,1282372.000000,1952.000000,539.000000,1146.000000,164.000000,144.000000,453.000000,125.000000,266.000000,38.000000,33.000000,2784.000000,769.000000,1633.000000,233.000000,205.000000,15.000000,8.000000,18.000000,3.000000,5.000000,0.000000,6.000000,12.000000,2.000000,4.000000,0.000000,7.000000,15.000000,2.000000,5.000000,8097.000000,2266.000000,4820.000000,695.000000,601.000000,3.000000,
0.041274,0.826260,0.322210,0.017415,0.698238,-207547.045139,2.988219,2195607.000000,1874874.000000,3722527.000000,334752.000000,1282372.000000,1952.000000,539.000000,1146.000000,164.000000,144.000000,453.000000,125.000000,266.000000,38.000000,33.000000,2784.000000,769.000000,1633.000000,233.000000,205.000000,15.000000,8.000000,18.000000,3.000000,5.000000,0.000000,6.000000,12.000000,2.000000,4.000000,0.000000,7.000000,15.000000,2.000000,5.000000,8097.000000,2266.000000,4820.000000,695.000000,601.000000,3.000000,
0.041143,0.483230,0.332109,0.009312,0.610306,-208038.426404,2.997107,2195607.000000,1874874.000000,3722527.000000,334752.000000,1282372.000000,1952.000000,539.000000,1146.000000,164.000000,144.000000,453.000000,125.000000,266.000000,38.000000,33.000000,2784.000000,769.000000,1633.000000,233.000000,205.000000,15.000000,8.000000,18.000000,3.000000,5.000000,0.000000,6.000000,12.000000,2.000000,4.000000,0.000000,7.000000,15.000000,2.000000,5.000000,8097.000000,2266.000000,4820.000000,695.000000,601.000000,3.000000,
0.041143,0.483230,0.332109,0.009312,0.610306,-208038.426404,2.997107,2195607.000000,1874874.000000,3722527.000000,334752.000000,1282372.000000,1952.000000,539.000000,1146.000000,164.000000,144.000000,453.000000,125.000000,266.000000,38.000000,33.000000,2784.000000,769.000000,1633.000000,233.000000,205.000000,15.000000,8.000000,18.000000,3.000000,5.000000,0.000000,6.000000,12.000000,2.000000,4.000000,0.000000,7.000000,15.000000,2.000000,5.000000,8097.000000,2266.000000,4820.000000,695.000000,601.000000,3.000000,
0.041143,0.483230,0.332109,0.009312,0.610306,-208038.426404,2.997107,2195607.000000,1874874.000000,3722527.000000,334752.000000,1282372.000000,1952.000000,539.000000,1146.000000,164.000000,144.000000,453.000000,125.000000,266.000000,38.000000,33.000000,2784.000000,769.000000,1633.000000,233.000000,205.000000,15.000000,8.000000,18.000000,3.000000,5.000000,0.000000,6.000000,12.000000,2.000000,4.000000,0.000000,7.000000,15.000000,2.000000,5.000000,8097.000000,2266.000000,4820.000000,695.000000,601.000000,3.000000,
0.041119,0.440765,0.333406,0.014685,0.645485,-208103.263623,2.997741,2195607.000000,1874874.000000,3722527.000000,334752.000000,1282372.000000,1952.000000,539.000000,1146.000000,164.000000,144.000000,453.000000,125.000000,266.000000,38.000000,33.000000,2784.000000,769.000000,1633.000000,233.000000,205.000000,15.000000,8.000000,18.000000,3.000000,5.000000,0.000000,6.000000,12.000000,2.000000,4.000000,0.000000,7.000000,15.000000,2.000000,5.000000,8097.000000,2266.000000,4820.000000,695.000000,601.000000,3.000000,
0.041119,0.440765,0.333406,0.014685,0.645485,-208103.263623,2.997741,2195607.000000,1874874.000000,3722527.000000,334752.000000,1282372.000000,1952.000000,539.000000,1146.000000,164.000000,144.000000,453.000000,125.000000,266.000000,38.000000,33.000000,2784.000000,769.000000,1633.000000,233.000000,205.000000,15.000000,8.000000,18.000000,3.000000,5.000000,0.000000,6.000000,12.000000,2.000000,4.000000,0.000000,7.000000,15.000000,2.000000,5.000000,8097.000000,2266.000000,4820.000000,695.000000,601.000000,3.000000,
0.041119,0.440765,0.333406,0.014685,0.645485,-208103.263623,2.997741,2195607.000000,1874874.000000,3722527.000000,334752.000000,1282372.000000,1952.000000,539.000000,1146.000000,164.000000,144.000000,453.000000,125.000000,266.000000,38.000000,33.000000,2784.000000,769.000000,1633.000000,233.000000,205.000000,15.000000,8.000000,18.000000,3.000000,5.000000,0.000000,6.000000,12.000000,2.000000,4.000000,0.000000,7.000000,15.000000,2.000000,5.000000,8097.000000,2266.000000,4820.000000,695.000000,601.000000,3.000000,
0.041119,0.440765,0.333406,0.014685,0.645485,-208103.263623,2.997741,2195607.000000,1874874.000000,3722527.000000,334752.000000,1282372.000000,1952.000000,539.000000,1146.000000,164.000000,144.000000,453.000000,125.000000,266.000000,38.000000,33.000000,2784.000000,769.000000,1633.000000,233.000000,205.000000,15.000000,8.000000,18.000000,3.000000,5.000000,0.000000,6.000000,12.000000,2.000000,4.000000,0.000000,7.000000,15.000000,2.000000,5.000000,8097.000000,2266.000000,4820.000000,695.000000,601.000000,3.000000,
0.041142,0.356825,0.332413,0.018502,0.649967,-208053.636539,2.997570,2195607.000000,1874874.000000,3722527.000000,334752.000000,1282372.000000,1952.000000,539.000000,1146.000000,164.000000,144.000000,453.000000,125.000000,266.000000,38.000000,33.000000,2784.000000,769.000000,1633.000000,233.000000,205.000000,15.000000,8.000000,18.000000,3.000000,5.000000,0.000000,6.000000,12.000000,2.000000,4.000000,0.000000,7.000000,15.000000,2.000000,5.000000,8097.000000,2266.000000,4820.000000,695.000000,601.000000,3.000000,
0.041038,0.134896,0.342125,0.022091,0.536809,-208542.069999,3.007981,2195607.000000,1874874.000000,3722527.000000,334752.000000,1282372.000000,1952.000000,539.000000,1146.000000,164.000000,144.000000,453.000000,125.000000,266.000000,38.000000,33.000000,2784.000000,769.000000,1633.000000,233.000000,205.000000,15.000000,8.000000,18.000000,3.000000,5.000000,0.000000,6.000000,12.000000,2.000000,4.000000,0.000000,7.000000,15.000000,2.000000,5.000000,8097.000000,2266.000000,4820.000000,695.000000,601.000000,3.000000,
0.041038,0.134896,0.342125,0.022091,0.536809,-208542.069999,3.007981,2195607.000000,1874874.000000,3722527.000000,334752.000000,1282372.000000,1952.000000,539.000000,1146.000000,164.000000,144.000000,453.000000,125.000000,266.000000,38.000000,33.000000,2784.000000,769.000000,1633.000000,233.000000,205.000000,15.000000,8.000000,18.000000,3.000000,5.000000,0.000000,6.000000,12.000000,2.000000,4.000000,0.000000,7.000000,15.000000,2.000000,5.000000,8097.000000,2266.000000,4820.000000,695.000000,601.000000,3.000000,
0.041038,0.134896,0.342125,0.022091,0.536809,-208542.069999,3.007981,2195607.000000,1874874.000000,3722527.000000,334752.000000,1282372.000000,1952.000000,539.000000,1146.000000,164.000000,144.000000,453.000000,125.000000,266.000000,38.000000,33.000000,2784.000000,769.000000,1633.000000,233.000000,205.000000,15.000000,8.000000,18.000000,3.000000,5.000000,0.000000,6.000000,12.000000,2.000000,4.000000,0.000000,7.000000,15.000000,2.000000,5.000000,8097.000000,2266.000000,4820.000000,695.000000,601.000000,3.000000,
0.041038,0.134896,0.342125,0.022091,0.536809,-208542.069999,3.007981,2195607.000000,1874874.000000,3722527.000000,334752.000000,1282372.000000,1952.000000,539.000000,1146.000000,164.000000,144.000000,453.000000,125.000000,266.000000,38.000000,33.000000,2784.000000,769.000000,1633.000000,233.000000,205.000000,15.000000,8.000000,18.000000,3.000000,5.000000,0.000000,6.000000,12.000000,2.000000,4.000000,0.000000,7.000000,15.000000,2.000000,5.000000,8097.000000,2266.000000,4820.000000,695.000000,601.000000,3.000000,
0.041038,0.134896,0.342125,0.022091,0.536809,-208542.069999,3.007981,2195607.000000,1874874.000000,3722527.000000,334752.000000,1282372.000000,1952.000000,539.000000,1146.000000,164.000000,144.000000,453.000000,125.000000,266.000000,38.000000,33.000000,2784.000000,769.000000,1633.000000,233.000000,205.000000,15.000000,8.000000,18.000000,3.000000,5.000000,0.000000,6.000000,12.000000,2.000000,4.000000,0.000000,7.000000,15.000000,2.000000,5.000000,8097.000000,2266.000000,4820.000000,695.000000,601.000000,3.000000,
0.041038,0.134896,0.342125,0.022091,0.536809,-208542.069999,3.007981,2195607.000000,1874874.000000,3722527.000000,334752.000000,1282372.000000,1952.000000,539.000000,1146.000000,164.000000,144.000000,453.000000,125.000000,266.000000,38.000000,33.000000,2784.000000,769.000000,1633.000000,233.000000,205.000000,15.000000,8.000000,18.000000,3.000000,5.000000,0.000000,6.000000,12.000000,2.000000,4.000000,0.000000,7.000000,15.000000,2.000000,5.000000,8097.000000,2266.000000,4820.000000,695.000000,601.000000,3.000000,
0.041038,0.134896,0.342125,0.022091,0.536809,-208542.069999,3.007981,2195607.000000,1874874.000000,3722527.000000,334752.000000,1282372.000000,1952.000000,539.000000,1146.000000,164.000000,144.000000,453.000000,125.000000,266.000000,38.000000,33.000000,2784.000000,769.000000,1633.000000,233.000000,205.000000,15.000000,8.000000,18.000000,3.000000,5.000000,0.000000,6.000000,12.000000,2.000000,4.000000,0.000000,7.000000,15.000000,2.000000,5.000000,8097.000000,2266.000000,4820.000000,695.000000,601.000000,3.000000,
0.041038,0.134896,0.342125,0.022091,0.536809,-208542.069999,3.007981,2195607.000000,1874874.000000,3722527.000000,334752.000000,1282372.000000,1952.000000,539.000000,1146.000000,164.000000,144.000000,453.000000,125.000000,266.000000,38.000000,33.000000,2784.000000,769.000000,1633.000000,233.000000,205.000000,15.000000,8.000000,18.000000,3.000000,5.000000,0.000000,6.000000,12.000000,2.000000,4.000000,0.000000,7.000000,15.000000,2.000000,5.000000,8097.000000,2266.000000,4820.000000,695.000000,601.000000,3.000000,
0.041038,0.134896,0.342125,0.022091,0.536809,-208542.069999,3.007981,2195607.000000,1874874.000000,3722527.000000,334752.000000,1282372.000000,1952.000000,539.000000,1146.000000,164.000000,144.000000,453.000000,125.000000,266.000000,38.000000,33.000000,2784.000000,769.000000,1633.000000,233.000000,205.000000,15.000000,8.000000,18.000000,3.000000,5.000000,0.000000,6.000000,12.000000,2.000000,4.000000,0.000000,7.000000,15.000000,2.000000,5.000000,8097.000000,2266.000000,4820.000000,695.000000,601.000000,3.000000,
0.041038,0.134896,0.342125,0.022091,0.536809,-208542.069999,3.007981,2195607.000000,1874874.000000,3722527.000000,334752.000000,1282372.000000,1952.000000,539.000000,1146.000000,164.000000,144.000000,453.000000,125.000000,266.000000,38.000000,33.000000,2784.000000,769.000000,1633.000000,233.000000,205.000000,15.000000,8.000000,18.000000,3.000000,5.000000,0.000000,6.000000,12.000000,2.000000,4.000000,0.000000,7.000000,15.000000,2.000000,5.000000,8097.000000,2266.000000,4820.000000,695.000000,601.000000,3.000000,
0.041038,0.134896,0.342125,0.022091,0.536809,-208542.069999,3.007981,2195607.000000,1874874.000000,3722527.000000,334752.000000,1282372.000000,1952.000000,539.000000,1146.000000,164.000000,144.000000,453.000000,125.000000,266.000000,38.000000,33.000000,2784.000000,769.000000,1633.000000,233.000000,205.000000,15.000000,8.000000,18.000000,3.000000,5.000000,0.000000,6.000000,12.000000,2.000000,4.000000,0.000000,7.000000,15.000000,2.000000,5.000000,8097.000000,2266.000000,4820.000000,695.000000,601.000000,3.000000,
0.041001,0.074445,0.344315,0.027835,0.495864,-208653.054834,3.009342,2195607.000000,1874874.000000,3722527.000000,334752.000000,1282372.000000,1952.000000,539.000000,1146.000000,164.000000,144.000000,453.000000,125.000000,266.000000,38.000000,33.000000,2784.000000,769.000000,1633.000000,233.000000,205.000000,15.000000,8.000000,18.000000,3.000000,5.000000,0.000000,6.000000,12.000000,2.000000,4.000000,0.000000,7.000000,15.000000,2.000000,5.000000,8097.000000,2266.000000,4820.000000,695.000000,601.000000,3.000000,
0.041204,0.120243,0.332970,0.011936,0.524213,-208081.641294,3.003139,2195607.000000,1874874.000000,3722527.000000,334752.000000,1282372.000000,1952.000000,539.000000,1146.000000,164.000000,144.000000,453.000000,125.000000,266.000000,38.000000,33.000000,2784.000000,769.000000,1633.000000,233.000000,205.000000,15.000000,8.000000,18.000000,3.000000,5.000000,0.000000,6.000000,12.000000,2.000000,4.000000,0.000000,7.000000,15.000000,2.000000,5.000000,8097.000000,2266.000000,4820.000000,695.000000,601.000000,3.000000,
0.041261,0.157273,0.330366,0.009060,0.601498,-207951.644666,3.002468,2195607.000000,1874874.000000,3722527.000000,334752.000000,1282372.000000,1952.000000,539.000000,1146.000000,164.000000,144.000000,453.000000,125.000000,266.000000,38.000000,33.000000,2784.000000,769.000000,1633.000000,233.000000,205.000000,15.000000,8.000000,18.000000,3.000000,5.000000,0.000000,6.000000,12.000000,2.000000,4.000000,0.000000,7.000000,15.000000,2.000000,5.000000,8097.000000,2266.000000,4820.000000,695.000000,601.000000,3.000000,
0.041261,0.157273,0.330366,0.009060,0.601498,-207951.644666,3.002468,2195607.000000,1874874.000000,3722527.000000,334752.000000,1282372.000000,1952.000000,539.000000,1146.000000,164.000000,144.000000,453.000000,125.000000,266.000000,38.000000,33.000000,2784.000000,769.000000,1633.000000,233.000000,205.000000,15.000000,8.000000,18.000000,3.000000,5.000000,0.000000,6.000000,12.000000,2.000000,4.000000,0.000000,7.000000,15.000000,2.000000,5.000000,8097.000000,2266.000000,4820.000000,695.000000,601.000000,3.000000,
0.041261,0.157273,0.330366,0.009060,0.601498,-207951.644666,3.002468,2195607.000000,1874874.000000,3722527.000000,334752.000000,1282372.000000,1952.000000,539.000000,1146.000000,164.000000,144.000000,453.000000,125.000000,266.000000,38.000000,33.000000,2784.000000,769.000000,1633.000000,233.000000,205.000000,15.000000,8.000000,18.000000,3.000000,5.000000,0.000000,6.000000,12.000000,2.000000,4.000000,0.000000,7.000000,15.000000,2.000000,5.000000,8097.000000,2266.000000,4820.000000,695.000000,601.000000,3.000000,
0.041261,0.157273,0.330366,0.009060,0.601498,-207951.644666,3.002468,2195607.000000,1874874.000000,3722527.000000,334752.000000,1282372.000000,1952.000000,539.000000,1146.000000,164.000000,144.000000,453.000000,125.000000,266.000000,38.000000,33.000000,2784.000000,769.000000,1633.000000,233.000000,205.000000,15.000000,8.000000,18.000000,3.000000,5.000000,0.000000,6.000000,12.000000,2.000000,4.000000,0.000000,7.000000,15.000000,2.000000,5.000000,8097.000000,2266.000000,4820.000000,695.000000,601.000000,3.000000,
0.041261,0.157273,0.330366,0.009060,0.601498,-207951.644666,3.002468,2195607.000000,1874874.000000,3722527.000000,334752.000000,1282372.000000,1952.000000,539.000000,1146.000000,164.000000,144.000000,453.000000,125.000000,266.000000,38.000000,33.000000,2784.000000,769.000000,1633.000000,233.000000,205.000000,15.000000,8.000000,18.000000,3.000000,5.000000,0.000000,6.000000,12.000000,2.000000,4.000000,0.000000,7.000000,15.000000,2.000000,5.000000,8097.000000,2266.000000,4820.000000,695.000000,601.000000,3.000000,
0.041261,0.157273,0.330366,0.009060,0.601498,-207951.644666,3.002468,2195607.000000,1874874.000000,3722527.000000,334752.000000,1282372.000000,1952.000000,539.000000,1146.000000,164.000000,144.000000,453.000000,125.000000,266.000000,38.000000,33.000000,2784.000000,769.000000,1633.000000,233.000000,205.000000,15.000000,8.000000,18.000000,3.000000,5.000000,0.000000,6.000000,12.000000,2.000000,4.000000,0.000000,7.000000,15.000000,2.000000,5.000000,8097.000000,2266.000000,4820.000000,695.000000,601.000000,3.000000,
0.041261,0.157273,0.330366,0.009060,0.601498,-207951.644666,3.002468,2195607.000000,1874874.000000,3722527.000000,334752.000000,1282372.000000,1952.000000,539.000000,1146.000000,164.000000,144.000000,453.000000,125.000000,266.000000,38.000000,33.000000,2784.000000,769.000000,1633.000000,233.000000,205.000000,15.000000,8.000000,18.000000,3.000000,5.000000,0.000000,6.000000,12.000000,2.000000,4.000000,0.000000,7.000000,15.000000,2.000000,5.000000,8097.000000,2266.000000,4820.000000,695.000000,601.000000,3.000000,
0.041261,0.157273,0.330366,0.009060,0.601498,-207951.644666,3.002468,2195607.000000,1874874.000000,3722527.000000,334752.000000,1282372.000000,1952.000000,539.000000,1146.000000,164.000000,144.000000,453.000000,125.000000,266.000000,38.000000,33.000000,2784.000000,769.000000,1633.000000,233.000000,205.000000,15.000000,8.000000,18.000000,3.000000,5.000000,0.000000,6.000000,12.000000,2.000000,4.000000,0.000000,7.000000,15.000000,2.000000,5.000000,8097.000000,2266.000000,4820.000000,695.000000,601.000000,3.000000,
0.041261,0.157273,0.330366,0.009060,0.601498,-207951.644666,3.002468,2195607.000000,1874874.000000,3722527.000000,334752.000000,1282372.000000,1952.000000,539.000000,1146.000000,164.000000,144.000000,453.000000,125.000000,266.000000,38.000000,33.000000,2784.000000,769.000000,1633.000000,233.000000,205.000000,15.000000,8.000000,18.000000,3.000000,5.000000,0.000000,6.000000,12.000000,2.000000,4.000000,0.000000,7.000000,15.000000,2.000000,5.000000,8097.000000,2266.000000,4820.000000,695.000000,601.000000,3.000000,
0.041261,0.157273,0.330366,0.009060,0.601498,-207951.644666,3.002468,2195607.000000,1874874.000000,3722527.000000,334752.000000,1282372.000000,1952.000000,539.000000,1146.000000,164.000000,144.000000,453.000000,125.000000,266.000000,38.000000,33.000000,2784.000000,769.000000,1633.000000,233.000000,205.000000,15.000000,8.000000,18.000000,3.000000,5.000000,0.000000,6.000000,12.000000,2.000000,4.000000,0.000000,7.000000,15.000000,2.000000,5.000000,8097.000000,2266.000000,4820.000000,695.000000,601.000000,3.000000,
0.041261,0.157273,0.330366,0.009060,0.601498,-207951.644666,3.002468,2195607.000000,1874874.000000,3722527.000000,334752.000000,1282372.000000,1952.000000,539.000000,1146.000000,164.000000,144.000000,453.000000,125.000000,266.000000,38.000000,33.000000,2784.000000,769.000000,1633.000000,233.000000,205.000000,15.000000,8.000000,18.000000,3.000000,5.000000,0.000000,6.000000,12.000000,2.000000,4.000000,0.000000,7.000000,15.000000,2.000000,5.000000,8097.000000,2266.000000,4820.000000,695.000000,601.000000,3.000000,
0.041261,0.157273,0.330366,0.009060,0.601498,-207951.644666,3.002468,2195607.000000,1874874.000000,3722527.000000,334752.000000,1282372.000000,1952.000000,539.000000,1146.000000,164.000000,144.000000,453.000000,125.000000,266.000000,38.000000,33.000000,2784.000000,769.000000,1633.000000,233.000000,205.000000,15.000000,8.000000,18.000000,3.000000,5.000000,0.000000,6.000000,12.000000,2.000000,4.000000,0.000000,7.000000,15.000000,2.000000,5.000000,8097.000000,2266.000000,4820.000000,695.000000,601.000000,3.000000,
0.041261,0.157273,0.330366,0.009060,0.601498,-207951.644666,3.002468,2195607.000000,1874874.000000,3722527.000000,334752.000000,1282372.000000,1952.000000,539.000000,1146.000000,164.000000,144.000000,453.000000,125.000000,266.000000,38.000000,33.000000,2784.000000,769.000000,1633.000000,233.000000,205.000000,15.000000,8.000000,18.000000,3.000000,5.000000,0.000000,6.000000,12.000000,2.000000,4.000000,0.000000,7.000000,15.000000,2.000000,5.000000,8097.000000,2266.000000,4820.000000,695.000000,601.000000,3.000000,
0.041300,0.526818,0.328991,0.009140,0.510789,-207883.208647,3.002707,2195607.000000,1874874.000000,3722527.000000,334752.000000,1282372.000000,1952.000000,539.000000,1146.000000,164.000000,144.000000,453.000000,125.000000,266.000000,38.000000,33.000000,2784.000000,769.000000,1633.000000,233.000000,205.000000,15.000000,8.000000,18.000000,3.000000,5.000000,0.000000,6.000000,12.000000,2.000000,4.000000,0.000000,7.000000,15.000000,2.000000,5.000000,8097.000000,2266.000000,4820.000000,695.000000,601.000000,3.000000,
0.041397,0.601627,0.325680,0.006226,0.577552,-207718.898287,3.003598,2195607.000000,1874874.000000,3722527.000000,334752.000000,1282372.000000,1952.000000,539.000000,1146.000000,164.000000,144.000000,453.000000,125.000000,266.000000,38.000000,33.000000,2784.000000,769.000000,1633.000000,233.000000,205.000000,15.000000,8.000000,18.000000,3.000000,5.000000,0.000000,6.000000,12.000000,2.000000,4.000000,0.000000,7.000000,15.000000,2.000000,5.000000,8097.000000,2266.000000,4820.000000,695.000000,601.000000,3.000000,
0.041397,0.601627,0.325680,0.006226,0.577552,-207718.898287,3.003598,2195607.000000,1874874.000000,3722527.000000,334752.000000,1282372.000000,1952.000000,539.000000,1146.000000,164.000000,144.000000,453.000000,125.000000,266.000000,38.000000,33.000000,2784.000000,769.000000,1633.000000,233.000000,205.000000,15.000000,8.000000,18.000000,3.000000,5.000000,0.000000,6.000000,12.000000,2.000000,4.000000,0.000000,7.000000,15.000000,2.000000,5.000000,8097.000000,2266.000000,4820.000000,695.000000,601.000000,3.000000,
0.041397,0.601627,0.325680,0.006226,0.577552,-207718.898287,3.003598,2195607.000000,1874874.000000,3722527.000000,334752.000000,1282372.000000,1952.000000,539.000000,1146.000000,164.000000,144.000000,453.000000,125.000000,266.000000,38.000000,33.000000,2784.000000,769.000000,1633.000000,233.000000,205.000000,15.000000,8.000000,18.000000,3.000000,5.000000,0.000000,6.000000,12.000000,2.000000,4.000000,0.000000,7.000000,15.000000,2.000000,5.000000,8097.000000,2266.000000,4820.000000,695.000000,601.000000,3.000000,
0.041397,0.601627,0.325680,0.006226,0.577552,-207718.898287,3.003598,2195607.000000,1874874.000000,3722527.000000,334752.000000,1282372.000000,1952.000000,539.000000,1146.000000,164.000000,144.000000,453.000000,125.000000,266.000000,38.000000,33.000000,2784.000000,769.000000,1633.000000,233.000000,205.000000,15.000000,8.000000,18.000000,3.000000,5.000000,0.000000,6.000000,12.000000,2.000000,4.000000,0.000000,7.000000,15.000000,2.000000,5.000000,8097.000000,2266.000000,4820.000000,695.000000,601.000000,3.000000,
0.041397,0.601627,0.325680,0.006226,0.577552,-207718.898287,3.003598,2195607.000000,1874874.000000,3722527.000000,334752.000000,1282372.000000,1952.000000,539.000000,1146.000000,164.000000,144.000000,453.000000,125.000000,266.000000,38.000000,33.000000,2784.000000,769.000000,1633.000000,233.000000,205.000000,15.000000,8.000000,18.000000,3.000000,5.000000,0.000000,6.000000,12.000000,2.000000,4.000000,0.000000,7.000000,15.000000,2.000000,5.000000,8097.000000,2266.000000,4820.000000,695.000000,601.000000,3.000000,
0.041397,0.601627,0.325680,0.006226,0.577552,-207718.898287,3.003598,2195607.000000,1874874.000000,3722527.000000,334752.000000,1282372.000000,1952.000000,539.000000,1146.000000,164.000000,144.000000,453.000000,125.000000,266.000000,38.000000,33.000000,2784.000000,769.000000,1633.000000,233.000000,205.000000,15.000000,8.000000,18.000000,3.000000,5.000000,0.000000,6.000000,12.000000,2.000000,4.000000,0.000000,7.000000,15.000000,2.000000,5.000000,8097.000000,2266.000000,4820.000000,695.000000,601.000000,3.000000,
0.041286,0.427156,0.330722,0.007188,0.593268,-207969.466027,3.004966,2195607.000000,1874874.000000,3722527.000000,334752.000000,1282372.000000,1952.000000,539.000000,1146.000000,164.000000,144.000000,453.000000,125.000000,266.000000,38.000000,33.000000,2784.000000,769.000000,1633.000000,233.000000,205.000000,15.000000,8.000000,18.000000,3.000000,5.000000,0.000000,6.000000,12.000000,2.000000,4.000000,0.000000,7.000000,15.000000,2.000000,5.000000,8097.000000,2266.000000,4820.000000,695.000000,601.000000,3.000000,
0.041178,0.257035,0.335029,0.006528,0.602834,-208184.742862,3.005123,2195607.000000,1874874.000000,3722527.000000,334752.000000,1282372.000000,1952.000000,539.000000,1146.000000,164.000000,144.000000,453.000000,125.000000,266.000000,38.000000,33.000000,2784.000000,769.000000,1633.000000,233.000000,205.000000,15.000000,8.000000,18.000000,3.000000,5.000000,0.000000,6.000000,12.000000,2.000000,4.000000,0.000000,7.000000,15.000000,2.000000,5.000000,8097.000000,2266.000000,4820.000000,695.000000,601.000000,3.000000,
0.041178,0.257035,0.335029,0.006528,0.602834,-208184.742862,3.005123,2195607.000000,1874874.000000,3722527.000000,334752.000000,1282372.000000,1952.000000,539.000000,1146.000000,164.000000,144.000000,453.000000,125.000000,266.000000,38.000000,33.000000,2784.000000,769.000000,1633.000000,233.000000,205.000000,15.000000,8.000000,18.000000,3.000000,5.000000,0.000000,6.000000,12.000000,2.000000,4.000000,0.000000,7.000000,15.000000,2.000000,5.000000,8097.000000,2266.000000,4820.000000,695.000000,601.000000,3.000000,
0.041178,0.257035,0.335029,0.006528,0.602834,-208184.742862,3.005123,2195607.000000,1874874.000000,3722527.000000,334752.000000,1282372.000000,1952.000000,539.000000,1146.000000,164.000000,144.000000,453.000000,125.000000,266.000000,38.000000,33.000000,2784.000000,769.000000,1633.000000,233.000000,205.000000,15.000000,8.000000,18.000000,3.000000,5.000000,0.000000,6.000000,12.000000,2.000000,4.000000,0.000000,7.000000,15.000000,2.000000,5.000000,8097.000000,2266.000000,4820.000000,695.000000,601.000000,3.000000,
0.040848,0.021782,0.358496,0.001758,0.513828,-209379.188788,3.024271,2195607.000000,1874874.000000,3722527.000000,334752.000000,1282372.000000,1952.000000,539.000000,1146.000000,164.000000,144.000000,453.000000,125.000000,266.000000,38.000000,33.000000,2784.000000,769.000000,1633.000000,233.000000,205.000000,15.000000,8.000000,18.000000,3.000000,5.000000,0.000000,6.000000,12.000000,2.000000,4.000000,0.000000,7.000000,15.000000,2.000000,5.000000,8097.000000,2266.000000,4820.000000,695.000000,601.000000,3.000000,
0.040848,0.021782,0.358496,0.001758,0.513828,-209379.188788,3.024271,2195607.000000,1874874.000000,3722527.000000,334752.000000,1282372.000000,1952.000000,539.000000,1146.000000,164.000000,144.000000,453.000000,125.000000,266.000000,38.000000,33.000000,2784.000000,769.000000,1633.000000,233.000000,205.000000,15.000000,8.000000,18.000000,3.000000,5.000000,0.000000,6.000000,12.000000,2.000000,4.000000,0.000000,7.000000,15.000000,2.000000,5.000000,8097.000000,2266.000000,4820.000000,695.000000,601.000000,3.000000,
0.040848,0.021782,0.358496,0.001758,0.513828,-209379.188788,3.024271,2195607.000000,1874874.000000,3722527.000000,334752.000000,1282372.000000,1952.000000,539.000000,1146.000000,164.000000,144.000000,453.000000,125.000000,266.000000,38.000000,33.000000,2784.000000,769.000000,1633.000000,233.000000,205.000000,15.000000,8.000000,18.000000,3.000000,5.000000,0.000000,6.000000,12.000000,2.000000,4.000000,0.000000,7.000000,15.000000,2.000000,5.000000,8097.000000,2266.000000,4820.000000,695.000000,601.000000,3.000000,
0.040848,0.021782,0.358496,0.001758,0.513828,-209379.188788,3.024271,2195607.000000,1874874.000000,3722527.000000,334752.000000,1282372.000000,1952.000000,539.000000,1146.000000,164.000000,144.000000,453.000000,125.000000,266.000000,38.000000,33.000000,2784.000000,769.000000,1633.000000,233.000000,205.000000,15.000000,8.000000,18.000000,3.000000,5.000000,0.000000,6.000000,12.000000,2.000000,4.000000,0.000000,7.000000,15.000000,2.000000,5.000000,8097.000000,2266.000000,4820.000000,695.000000,601.000000,3.000000,
0.040848,0.021782,0.358496,0.001758,0.513828,-209379.188788,3.024271,2195607.000000,1874874.000000,3722527.000000,334752.000000,1282372.000000,1952.000000,539.000000,1146.000000,164.000000,144.000000,453.000000,125.000000,266.000000,38.000000,33.000000,2784.000000,769.000000,1633.000000,233.000000,205.000000,15.000000,8.000000,18.000000,3.000000,5.000000,0.000000,6.000000,12.000000,2.000000,4.000000,0.000000,7.000000,15.000000,2.000000,5.000000,8097.000000,2266.000000,4820.000000,695.000000,601.000000,3.000000,
0.040848,0.021782,0.358496,0.001758,0.513828,-209379.188788,3.024271,2195607.000000,1874874.000000,3722527.000000,334752.000000,1282372.000000,1952.000000,539.000000,1146.000000,164.000000,144.000000,453.000000,125.000000,266.000000,38.000000,33.000000,2784.000000,769.000000,1633.000000,233.000000,205.000000,15.000000,8.000000,18.000000,3.000000,5.000000,0.000000,6.000000,12.000000,2.000000,4.000000,0.000000,7.000000,15.000000,2.000000,5.000000,8097.000000,2266.000000,4820.000000,695.000000,601.000000,3.000000,
0.040848,0.021782,0.358496,0.001758,0.513828,-209379.188788,3.024271,2195607.000000,1874874.000000,3722527.000000,334752.000000,1282372.000000,1952.000000,539.000000,1146.000000,164.000000,144.000000,453.000000,125.000000,266.000000,38.000000,33.000000,2784.000000,769.000000,1633.000000,233.000000,205.000000,15.000000,8.000000,18.000000,3.000000,5.000000,0.000000,6.000000,12.000000,2.000000,4.000000,0.000000,7.000000,15.000000,2.000000,5.000000,8097.000000,2266.000000,4820.000000,695.000000,601.000000,3.000000,
0.040848,0.021782,0.358496,0.001758,0.513828,-209379.188788,3.024271,2195607.000000,1874874.000000,3722527.000000,334752.000000,1282372.000000,1952.000000,539.000000,1146.000000,164.000000,144.000000,453.000000,125.000000,266.000000,38.000000,33.000000,2784.000000,769.000000,1633.000000,233.000000,205.000000,15.000000,8.000000,18.000000,3.000000,5.000000,0.000000,6.000000,12.000000,2.000000,4.000000,0.000000,7.000000,15.000000,2.000000,5.000000,8097.000000,2266.000000,4820.000000,695.000000,601.000000,3.000000,
0.040760,0.024543,0.362812,0.001566,0.432013,-209602.770868,3.025684,2195607.000000,1874874.000000,3722527.000000,334752.000000,1282372.000000,1952.000000,539.000000,1146.000000,164.000000,144.000000,453.000000,125.000000,266.000000,38.000000,33.000000,2784.000000,769.000000,1633.000000,233.000000,205.000000,15.000000,8.000000,18.000000,3.000000,5.000000,0.000000,6.000000,12.000000,2.000000,4.000000,0.000000,7.000000,15.000000,2.000000,5.000000,8097.000000,2266.000000,4820.000000,695.000000,601.000000,3.000000,
0.040760,0.024543,0.362812,0.001566,0.432013,-209602.770868,3.025684,2195607.000000,1874874.000000,3722527.000000,334752.000000,1282372.000000,1952.000000,539.000000,1146.000000,164.000000,144.000000,453.000000,125.000000,266.000000,38.000000,33.000000,2784.000000,769.000000,1633.000000,233.000000,205.000000,15.000000,8.000000,18.000000,3.000000,5.000000,0.000000,6.000000,12.000000,2.000000,4.000000,0.000000,7.000000,15.000000,2.000000,5.000000,8097.000000,2266.000000,4820.000000,695.000000,601.000000,3.000000,
0.040760,0.024543,0.362812,0.001566,0.432013,-209602.770868,3.025684,2195607.000000,1874874.000000,3722527.000000,334752.000000,1282372.000000,1952.000000,539.000000,1146.000000,164.000000,144.000000,453.000000,125.000000,266.000000,38.000000,33.000000,2784.000000,769.000000,1633.000000,233.000000,205.000000,15.000000,8.000000,18.000000,3.000000,5.000000,0.000000,6.000000,12.000000,2.000000,4.000000,0.000000,7.000000,15.000000,2.000000,5.000000,8097.000000,2266.000000,4820.000000,695.000000,601.000000,3.000000,
0.040760,0.024543,0.362812,0.001566,0.432013,-209602.770868,3.025684,2195607.000000,1874874.000000,3722527.000000,334752.000000,1282372.000000,1952.000000,539.000000,1146.000000,164.000000,144.000000,453.000000,125.000000,266.000000,38.000000,33.000000,2784.000000,769.000000,1633.000000,233.000000,205.000000,15.000000,8.000000,18.000000,3.000000,5.000000,0.000000,6.000000,12.000000,2.000000,4.000000,0.000000,7.000000,15.000000,2.000000,5.000000,8097.000000,2266.000000,4820.000000,695.000000,601.000000,3.000000,
0.040973,0.041166,0.352827,0.001238,0.430634,-209087.448383,3.023073,2195607.000000,1874874.000000,3722527.000000,334752.000000,1282372.000000,1952.000000,539.000000,1146.000000,164.000000,144.000000,453.000000,125.000000,266.000000,38.000000,33.000000,2784.000000,769.000000,1633.000000,233.000000,205.000000,15.000000,8.000000,18.000000,3.000000,5.000000,0.000000,6.000000,12.000000,2.000000,4.000000,0.000000,7.000000,15.000000,2.000000,5.000000,8097.000000,2266.000000,4820.000000,695.000000,601.000000,3.000000,
0.040942,0.052386,0.356629,0.001115,0.419192,-209282.973011,3.027777,2195607.000000,1874874.000000,3722527.000000,334752.000000,1282372.000000,1952.000000,539.000000,1146.000000,164.000000,144.000000,453.000000,125.000000,266.000000,38.000000,33.000000,2784.000000,769.000000,1633.000000,233.000000,205.000000,15.000000,8.000000,18.000000,3.000000,5.000000,0.000000,6.000000,12.000000,2.000000,4.000000,0.000000,7.000000,15.000000,2.000000,5.000000,8097.000000,2266.000000,4820.000000,695.000000,601.000000,3.000000,
0.040942,0.052386,0.356629,0.001115,0.419192,-209282.973011,3.027777,2195607.000000,1874874.000000,3722527.000000,334752.000000,1282372.000000,1952.000000,539.000000,1146.000000,164.000000,144.000000,453.000000,125.000000,266.000000,38.000000,33.000000,2784.000000,769.000000,1633.000000,233.000000,205.000000,15.000000,8.000000,18.000000,3.000000,5.000000,0.000000,6.000000,12.000000,2.000000,4.000000,0.000000,7.000000,15.000000,2.000000,5.000000,8097.000000,2266.000000,4820.000000,695.000000,601.000000,3.000000,
0.040942,0.052386,0.356629,0.001115,0.419192,-209282.973011,3.027777,2195607.000000,1874874.000000,3722527.000000,334752.000000,1282372.000000,1952.000000,539.000000,1146.000000,164.000000,144.000000,453.000000,125.000000,266.000000,38.000000,33.000000,2784.000000,769.000000,1633.000000,233.000000,205.000000,15.000000,8.000000,18.000000,3.000000,5.000000,0.000000,6.000000,12.000000,2.000000,4.000000,0.000000,7.000000,15.000000,2.000000,5.000000,8097.000000,2266.000000,4820.000000,695.000000,601.000000,3.000000,
0.040942,0.052386,0.356629,0.001115,0.419192,-209282.973011,3.027777,2195607.000000,1874874.000000,3722527.000000,334752.000000,1282372.000000,1952.000000,539.000000,1146.000000,164.000000,144.000000,453.000000,125.000000,266.000000,38.000000,33.000000,2784.000000,769.000000,1633.000000,233.000000,205.000000,15.000000,8.000000,18.000000,3.000000,5.000000,0.000000,6.000000,12.000000,2.000000,4.000000,0.000000,7.000000,15.000000,2.000000,5.000000,8097.000000,2266.000000,4820.000000,695.000000,601.000000,3.000000,
0.040942,0.052386,0.356629,0.001115,0.419192,-209282.973011,3.027777,2195607.000000,1874874.000000,3722527.000000,334752.000000,1282372.000000,1952.000000,539.000000,1146.000000,164.000000,144.000000,453.000000,125.000000,266.000000,38.000000,33.000000,2784.000000,769.000000,1633.000000,233.000000,205.000000,15.000000,8.000000,18.000000,3.000000,5.000000,0.000000,6.000000,12.000000,2.000000,4.000000,0.000000,7.000000,15.000000,2.000000,5.000000,8097.000000,2266.000000,4820.000000,695.000000,601.000000,3.000000,
0.040942,0.052386,0.356629,0.001115,0.419192,-209282.973011,3.027777,2195607.000000,1874874.000000,3722527.000000,334752.000000,1282372.000000,1952.000000,539.000000,1146.000000,164.000000,144.000000,453.000000,125.000000,266.000000,38.000000,33.000000,2784.000000,769.000000,1633.000000,233.000000,205.000000,15.000000,8.000000,18.000000,3.000000,5.000000,0.000000,6.000000,12.000000,2.000000,4.000000,0.000000,7.000000,15.000000,2.000000,5.000000,8097.000000,2266.000000,4820.000000,695.000000,601.000000,3.000000,
0.040942,0.052386,0.356629,0.001115,0.419192,-209282.973011,3.027777,2195607.000000,1874874.000000,3722527.000000,334752.000000,1282372.000000,1952.000000,539.000000,1146.000000,164.000000,144.000000,453.000000,125.000000,266.000000,38.000000,33.000000,2784.000000,769.000000,1633.000000,233.000000,205.000000,15.000000,8.000000,18.000000,3.000000,5.000000,0.000000,6.000000,12.000000,2.000000,4.000000,0.000000,7.000000,15.000000,2.000000,5.000000,8097.000000,2266.000000,4820.000000,695.000000,601.000000,3.000000,
0.040942,0.052386,0.356629,0.001115,0.419192,-209282.973011,3.027777,2195607.000000,1874874.000000,3722527.000000,334752.000000,1282372.000000,1952.000000,539.000000,1146.000000,164.000000,144.000000,453.000000,125.000000,266.000000,38.000000,33.000000,2784.000000,769.000000,1633.000000,233.000000,205.000000,15.000000,8.000000,18.000000,3.000000,5.000000,0.000000,6.000000,12.000000,2.000000,4.000000,0.000000,7.000000,15.000000,2.000000,5.000000,8097.000000,2266.000000,4820.000000,695.000000,601.000000,3.000000,
0.040942,0.052386,0.356629,0.001115,0.419192,-209282.973011,3.027777,2195607.000000,1874874.000000,3722527.000000,334752.000000,1282372.000000,1952.000000,539.000000,1146.000000,164.000000,144.000000,453.000000,125.000000,266.000000,38.000000,33.000000,2784.000000,769.000000,1633.000000,233.000000,205.000000,15.000000,8.000000,18.000000,3.000000,5.000000,0.000000,6.000000,12.000000,2.000000,4.000000,0.000000,7.000000,15.000000,2.000000,5.000000,8097.000000,2266.000000,4820.000000,695.000000,601.000000,3.000000,
0.040942,0.052386,0.356629,0.001115,0.419192,-209282.973011,3.027777,2195607.000000,1874874.000000,3722527.000000,334752.000000,1282372.000000,1952.000000,539.000000,1146.000000,164.000000,144.000000,453.000000,125.000000,266.000000,38.000000,33.000000,2784.000000,769.000000,1633.000000,233.000000,205.000000,15.000000,8.000000,18.000000,3.000000,5.000000,0.000000,6.000000,12.000000,2.000000,4.000000,0.000000,7.000000,15.000000,2.000000,5.000000,8097.000000,2266.000000,4820.000000,695.000000,601.000000,3.000000,
0.040965,0.025869,0.354210,0.001342,0.503056,-209158.493581,3.025021,2195607.000000,1874874.000000,3722527.000000,334752.000000,1282372.000000,1952.000000,539.000000,1146.000000,164.000000,144.000000,453.000000,125.000000,266.000000,38.000000,33.000000,2784.000000,769.000000,1633.000000,233.000000,205.000000,15.000000,8.000000,18.000000,3.000000,5.000000,0.000000,6.000000,12.000000,2.000000,4.000000,0.000000,7.000000,15.000000,2.000000,5.000000,8097.000000,2266.000000,4820.000000,695.000000,601.000000,3.000000,
0.040965,0.025869,0.354210,0.001342,0.503056,-209158.493581,3.025021,2195607.000000,1874874.000000,3722527.000000,334752.000000,1282372.000000,1952.000000,539.000000,1146.000000,164.000000,144.000000,453.000000,125.000000,266.000000,38.000000,33.000000,2784.000000,769.000000,1633.000000,233.000000,205.000000,15.000000,8.000000,18.000000,3.000000,5.000000,0.000000,6.000000,12.000000,2.000000,4.000000,0.000000,7.000000,15.000000,2.000000,5.000000,8097.000000,2266.000000,4820.000000,695.000000,601.000000,3.000000,
0.040965,0.025869,0.354210,0.001342,0.503056,-209158.493581,3.025021,2195607.000000,1874874.000000,3722527.000000,334752.000000,1282372.000000,1952.000000,539.000000,1146.000000,164.000000,144.000000,453.000000,125.000000,266.000000,38.000000,33.000000,2784.000000,769.000000,1633.000000,233.000000,205.000000,15.000000,8.000000,18.000000,3.000000,5.000000,0.000000,6.000000,12.000000,2.000000,4.000000,0.000000,7.000000,15.000000,2.000000,5.000000,8097.000000,2266.000000,4820.000000,695.000000,601.000000,3.000000,
0.040965,0.025869,0.354210,0.001342,0.503056,-209158.493581,3.025021,2195607.000000,1874874.000000,3722527.000000,334752.000000,1282372.000000,1952.000000,539.000000,1146.000000,164.000000,144.000000,453.000000,125.000000,266.000000,38.000000,33.000000,2784.000000,769.000000,1633.000000,233.000000,205.000000,15.000000,8.000000,18.000000,3.000000,5.000000,0.000000,6.000000,12.000000,2.000000,4.000000,0.000000,7.000000,15.000000,2.000000,5.000000,8097.000000,2266.000000,4820.000000,695.000000,601.000000,3.000000,
0.040965,0.025869,0.354210,0.001342,0.503056,-209158.493581,3.025021,2195607.000000,1874874.000000,3722527.000000,334752.000000,1282372.000000,1952.000000,539.000000,1146.000000,164.000000,144.000000,453.000000,125.000000,266.000000,38.000000,33.000000,2784.000000,769.000000,1633.000000,233.000000,205.000000,15.000000,8.000000,18.000000,3.000000,5.000000,0.000000,6.000000,12.000000,2.000000,4.000000,0.000000,7.000000,15.000000,2.000000,5.000000,8097.000000,2266.000000,4820.000000,695.000000,601.000000,3.000000,
0.040965,0.025869,0.354210,0.001342,0.503056,-209158.493581,3.025021,2195607.000000,1874874.000000,3722527.000000,334752.000000,1282372.000000,1952.000000,539.000000,1146.000000,164.000000,144.000000,453.000000,125.000000,266.000000,38.000000,33.000000,2784.000000,769.000000,1633.000000,233.000000,205.000000,15.000000,8.000000,18.000000,3.000000,5.000000,0.000000,6.000000,12.000000,2.000000,4.000000,0.000000,7.000000,15.000000,2.000000,5.000000,8097.000000,2266.000000,4820.000000,695.000000,601.000000,3.000000,
0.040965,0.025869,0.354210,0.001342,0.503056,-209158.493581,3.025021,2195607.000000,1874874.000000,3722527.000000,334752.000000,1282372.000000,1952.000000,539.000000,1146.000000,164.000000,144.000000,453.000000,125.000000,266.000000,38.000000,33.000000,2784.000000,769.000000,1633.000000,233.000000,205.000000,15.000000,8.000000,18.000000,3.000000,5.000000,0.000000,6.000000,12.000000,2.000000,4.000000,0.000000,7.000000,15.000000,2.000000,5.000000,8097.000000,2266.000000,4820.000000,695.000000,601.000000,3.000000,
0.040965,0.025869,0.354210,0.001342,0.503056,-209158.493581,3.025021,2195607.000000,1874874.000000,3722527.000000,334752.000000,1282372.000000,1952.000000,539.000000,1146.000000,164.000000,144.000000,453.000000,125.000000,266.000000,38.000000,33.000000,2784.000000,769.000000,1633.000000,233.000000,205.000000,15.000000,8.000000,18.000000,3.000000,5.000000,0.000000,6.000000,12.000000,2.000000,4.000000,0.000000,7.000000,15.000000,2.000000,5.000000,8097.000000,2266.000000,4820.000000,695.000000,601.000000,3.000000,
0.040965,0.025869,0.354210,0.001342,0.503056,-209158.493581,3.025021,2195607.000000,1874874.000000,3722527.000000,334752.000000,1282372.000000,1952.000000,539.000000,1146.000000,164.000000,144.000000,453.000000,125.000000,266.000000,38.000000,33.000000,2784.000000,769.000000,1633.000000,233.000000,205.000000,15.000000,8.000000,18.000000,3.000000,5.000000,0.000000,6.000000,12.000000,2.000000,4.000000,0.000000,7.000000,15.000000,2.000000,5.000000,8097.000000,2266.000000,4820.000000,695.000000,601.000000,3.000000,
0.041018,0.010838,0.353513,0.001713,0.502653,-209122.752233,3.027601,2195607.000000,1874874.000000,3722527.000000,334752.000000,1282372.000000,1952.000000,539.000000,1146.000000,164.000000,144.000000,453.000000,125.000000,266.000000,38.000000,33.000000,2784.000000,769.000000,1633.000000,233.000000,205.000000,15.000000,8.000000,18.000000,3.000000,5.000000,0.000000,6.000000,12.000000,2.000000,4.000000,0.000000,7.000000,15.000000,2.000000,5.000000,8097.000000,2266.000000,4820.000000,695.000000,601.000000,3.000000,
0.041018,0.010838,0.353513,0.001713,0.502653,-209122.752233,3.027601,2195607.000000,1874874.000000,3722527.000000,334752.000000,1282372.000000,1952.000000,539.000000,1146.000000,164.000000,144.000000,453.000000,125.000000,266.000000,38.000000,33.000000,2784.000000,769.000000,1633.000000,233.000000,205.000000,15.000000,8.000000,18.000000,3.000000,5.000000,0.000000,6.000000,12.000000,2.000000,4.000000,0.000000,7.000000,15.000000,2.000000,5.000000,8097.000000,2266.000000,4820.000000,695.000000,601.000000,3.000000,
0.041109,0.003892,0.349647,0.001009,0.504176,-208924.840841,3.027151,2195607.000000,1874874.000000,3722527.000000,334752.000000,1282372.000000,1952.000000,539.000000,1146.000000,164.000000,144.000000,453.000000,125.000000,266.000000,38.000000,33.000000,2784.000000,769.000000,1633.000000,233.000000,205.000000,15.000000,8.000000,18.000000,3.000000,5.000000,0.000000,6.000000,12.000000,2.000000,4.000000,0.000000,7.000000,15.000000,2.000000,5.000000,8097.000000,2266.000000,4820.000000,695.000000,601.000000,3.000000,
0.041109,0.003892,0.349647,0.001009,0.504176,-208924.840841,3.027151,2195607.000000,1874874.000000,3722527.000000,334752.000000,1282372.000000,1952.000000,539.000000,1146.000000,164.000000,144.000000,453.000000,125.000000,266.000000,38.000000,33.000000,2784.000000,769.000000,1633.000000,233.000000,205.000000,15.000000,8.000000,18.000000,3.000000,5.000000,0.000000,6.000000,12.000000,2.000000,4.000000,0.000000,7.000000,15.000000,2.000000,5.000000,8097.000000,2266.000000,4820.000000,695.000000,601.000000,3.000000,
0.041109,0.003892,0.349647,0.001009,0.504176,-208924.840841,3.027151,2195607.000000,1874874.000000,3722527.000000,334752.000000,1282372.000000,1952.000000,539.000000,1146.000000,164.000000,144.000000,453.000000,125.000000,266.000000,38.000000,33.000000,2784.000000,769.000000,1633.000000,233.000000,205.000000,15.000000,8.000000,18.000000,3.000000,5.000000,0.000000,6.000000,12.000000,2.000000,4.000000,0.000000,7.000000,15.000000,2.000000,5.000000,8097.000000,2266.000000,4820.000000,695.000000,601.000000,3.000000,
0.041109,0.003892,0.349647,0.001009,0.504176,-208924.840841,3.027151,2195607.000000,1874874.000000,3722527.000000,334752.000000,1282372.000000,1952.000000,539.000000,1146.000000,164.000000,144.000000,453.000000,125.000000,266.000000,38.000000,33.000000,2784.000000,769.000000,1633.000000,233.000000,205.000000,15.000000,8.000000,18.000000,3.000000,5.000000,0.000000,6.000000,12.000000,2.000000,4.000000,0.000000,7.000000,15.000000,2.000000,5.000000,8097.000000,2266.000000,4820.000000,695.000000,601.000000,3.000000,
0.041109,0.003892,0.349647,0.001009,0.504176,-208924.840841,3.027151,2195607.000000,1874874.000000,3722527.000000,334752.000000,1282372.000000,1952.000000,539.000000,1146.000000,164.000000,144.000000,453.000000,125.000000,266.000000,38.000000,33.000000,2784.000000,769.000000,1633.000000,233.000000,205.000000,15.000000,8.000000,18.000000,3.000000,5.000000,0.000000,6.000000,12.000000,2.000000,4.000000,0.000000,7.000000,15.000000,2.000000,5.000000,8097.000000,2266.000000,4820.000000,695.000000,601.000000,3.000000,
0.041109,0.003892,0.349647,0.001009,0.504176,-208924.840841,3.027151,2195607.000000,1874874.000000,3722527.000000,334752.000000,1282372.000000,1952.000000,539.000000,1146.000000,164.000000,144.000000,453.000000,125.000000,266.000000,38.000000,33.000000,2784.000000,769.000000,1633.000000,233.000000,205.000000,15.000000,8.000000,18.000000,3.000000,5.000000,0.000000,6.000000,12.000000,2.000000,4.000000,0.000000,7.000000,15.000000,2.000000,5.000000,8097.000000,2266.000000,4820.000000,695.000000,601.000000,3.000000,
0.041109,0.003892,0.349647,0.001009,0.504176,-208924.840841,3.027151,2195607.000000,1874874.000000,3722527.000000,334752.000000,1282372.000000,1952.000000,539.000000,1146.000000,164.000000,144.000000,453.000000,125.000000,266.000000,38.000000,33.000000,2784.000000,769.000000,1633.000000,233.000000,205.000000,15.000000,8.000000,18.000000,3.000000,5.000000,0.000000,6.000000,12.000000,2.000000,4.000000,0.000000,7.000000,15.000000,2.000000,5.000000,8097.000000,2266.000000,4820.000000,695.000000,601.000000,3.000000,
0.041109,0.003892,0.349647,0.001009,0.504176,-208924.840841,3.027151,2195607.000000,1874874.000000,3722527.000000,334752.000000,1282372.000000,1952.000000,539.000000,1146.000000,164.000000,144.000000,453.000000,125.000000,266.000000,38.000000,33.000000,2784.000000,769.000000,1633.000000,233.000000,205.000000,15.000000,8.000000,18.000000,3.000000,5.000000,0.000000,6.000000,12.000000,2.000000,4.000000,0.000000,7.000000,15.000000,2.000000,5.000000,8097.000000,2266.000000,4820.000000,695.000000,601.000000,3.000000,
0.041109,0.003892,0.349647,0.001009,0.504176,-208924.840841,3.027151,2195607.000000,1874874.000000,3722527.000000,334752.000000,1282372.000000,1952.000000,539.000000,1146.000000,164.000000,144.000000,453.000000,125.000000,266.000000,38.000000,33.000000,2784.000000,769.000000,1633.000000,233.000000,205.000000,15.000000,8.000000,18.000000,3.000000,5.000000,0.000000,6.000000,12.000000,2.000000,4.000000,0.000000,7.000000,15.000000,2.000000,5.000000,8097.000000,2266.000000,4820.000000,695.000000,601.000000,3.000000,
0.041109,0.003892,0.349647,0.001009,0.504176,-208924.840841,3.027151,2195607.000000,1874874.000000,3722527.000000,334752.000000,1282372.000000,1952.000000,539.000000,1146.000000,164.000000,144.000000,453.000000,125.000000,266.000000,38.000000,33.000000,2784.000000,769.000000,1633.000000,233.000000,205.000000,15.000000,8.000000,18.000000,3.000000,5.000000,0.000000,6.000000,12.000000,2.000000,4.000000,0.000000,7.000000,15.000000,2.000000,5.000000,8097.000000,2266.000000,4820.000000,695.000000,601.000000,3.000000,
0.041109,0.003892,0.349647,0.001009,0.504176,-208924.840841,3.027151,2195607.000000,1874874.000000,3722527.000000,334752.000000,1282372.000000,1952.000000,539.000000,1146.000000,164.000000,144.000000,453.000000,125.000000,266.000000,38.000000,33.000000,2784.000000,769.000000,1633.000000,233.000000,205.000000,15.000000,8.000000,18.000000,3.000000,5.000000,0.000000,6.000000,12.000000,2.000000,4.000000,0.000000,7.000000,15.000000,2.000000,5.000000,8097.000000,2266.000000,4820.000000,695.000000,601.000000,3.000000,
0.041109,0.003892,0.349647,0.001009,0.504176,-208924.840841,3.027151,2195607.000000,1874874.000000,3722527.000000,334752.000000,1282372.000000,1952.000000,539.000000,1146.000000,164.000000,144.000000,453.000000,125.000000,266.000000,38.000000,33.000000,2784.000000,769.000000,1633.000000,233.000000,205.000000,15.000000,8.000000,18.000000,3.000000,5.000000,0.000000,6.000000,12.000000,2.000000,4.000000,0.000000,7.000000,15.000000,2.000000,5.000000,8097.000000,2266.000000,4820.000000,695.000000,601.000000,3.000000,
0.040807,0.004217,0.365788,0.001244,0.493473,-209757.843096,3.034647,2195607.000000,1874874.000000,3722527.000000,334752.000000,1282372.000000,1952.000000,539.000000,1146.000000,164.000000,144.000000,453.000000,125.000000,266.000000,38.000000,33.000000,2784.000000,769.000000,1633.000000,233.000000,205.000000,15.000000,8.000000,18.000000,3.000000,5.000000,0.000000,6.000000,12.000000,2.000000,4.000000,0.000000,7.000000,15.000000,2.000000,5.000000,8097.000000,2266.000000,4820.000000,695.000000,601.000000,3.000000,
0.040807,0.004217,0.365788,0.001244,0.493473,-209757.843096,3.034647,2195607.000000,1874874.000000,3722527.000000,334752.000000,1282372.000000,1952.000000,539.000000,1146.000000,164.000000,144.000000,453.000000,125.000000,266.000000,38.000000,33.000000,2784.000000,769.000000,1633.000000,233.000000,205.000000,15.000000,8.000000,18.000000,3.000000,5.000000,0.000000,6.000000,12.000000,2.000000,4.000000,0.000000,7.000000,15.000000,2.000000,5.000000,8097.000000,2266.000000,4820.000000,695.000000,601.000000,3.000000,
0.040807,0.004217,0.365788,0.001244,0.493473,-209757.843096,3.034647,2195607.000000,1874874.000000,3722527.000000,334752.000000,1282372.000000,1952.000000,539.000000,1146.000000,164.000000,144.000000,453.000000,125.000000,266.000000,38.000000,33.000000,2784.000000,769.000000,1633.000000,233.000000,205.000000,15.000000,8.000000,18.000000,3.000000,5.000000,0.000000,6.000000,12.000000,2.000000,4.000000,0.000000,7.000000,15.000000,2.000000,5.000000,8097.000000,2266.000000,4820.000000,695.000000,601.000000,3.000000,
0.040715,0.003045,0.369697,0.001684,0.482794,-209962.131197,3.035026,2195607.000000,1874874.000000,3722527.000000,334752.000000,1282372.000000,1952.000000,539.000000,1146.000000,164.000000,144.000000,453.000000,125.000000,266.000000,38.000000,33.000000,2784.000000,769.000000,1633.000000,233.000000,205.000000,15.000000,8.000000,18.000000,3.000000,5.000000,0.000000,6.000000,12.000000,2.000000,4.000000,0.000000,7.000000,15.000000,2.000000,5.000000,8097.000000,2266.000000,4820.000000,695.000000,601.000000,3.000000,
0.040715,0.003045,0.369697,0.001684,0.482794,-209962.131197,3.035026,2195607.000000,1874874.000000,3722527.000000,334752.000000,1282372.000000,1952.000000,539.000000,1146.000000,164.000000,144.000000,453.000000,125.000000,266.000000,38.000000,33.000000,2784.000000,769.000000,1633.000000,233.000000,205.000000,15.000000,8.000000,18.000000,3.000000,5.000000,0.000000,6.000000,12.000000,2.000000,4.000000,0.000000,7.000000,15.000000,2.000000,5.000000,8097.000000,2266.000000,4820.000000,695.000000,601.000000,3.000000,
0.040715,0.003045,0.369697,0.001684,0.482794,-209962.131197,3.035026,2195607.000000,1874874.000000,3722527.000000,334752.000000,1282372.000000,1952.000000,539.000000,1146.000000,164.000000,144.000000,453.000000,125.000000,266.000000,38.000000,33.000000,2784.000000,769.000000,1633.000000,233.000000,205.000000,15.000000,8.000000,18.000000,3.000000,5.000000,0.000000,6.000000,12.000000,2.000000,4.000000,0.000000,7.000000,15.000000,2.000000,5.000000,8097.000000,2266.000000,4820.000000,695.000000,601.000000,3.000000,
0.040639,0.002819,0.371964,0.001858,0.479868,-210080.996807,3.033517,2195607.000000,1874874.000000,3722527.000000,334752.000000,1282372.000000,1952.000000,539.000000,1146.000000,164.000000,144.000000,453.000000,125.000000,266.000000,38.000000,33.000000,2784.000000,769.000000,1633.000000,233.000000,205.000000,15.000000,8.000000,18.000000,3.000000,5.000000,0.000000,6.000000,12.000000,2.000000,4.000000,0.000000,7.000000,15.000000,2.000000,5.000000,8097.000000,2266.000000,4820.000000,695.000000,601.000000,3.000000,
0.040639,0.002819,0.371964,0.001858,0.479868,-210080.996807,3.033517,2195607.000000,1874874.000000,3722527.000000,334752.000000,1282372.000000,1952.000000,539.000000,1146.000000,164.000000,144.000000,453.000000,125.000000,266.000000,38.000000,33.000000,2784.000000,769.000000,1633.000000,233.000000,205.000000,15.000000,8.000000,18.000000,3.000000,5.000000,0.000000,6.000000,12.000000,2.000000,4.000000,0.000000,7.000000,15.000000,2.000000,5.000000,8097.000000,2266.000000,4820.000000,695.000000,601.000000,3.000000,
0.040639,0.002819,0.371964,0.001858,0.479868,-210080.996807,3.033517,2195607.000000,1874874.000000,3722527.000000,334752.000000,1282372.000000,1952.000000,539.000000,1146.000000,164.000000,144.000000,453.000000,125.000000,266.000000,38.000000,33.000000,2784.000000,769.000000,1633.000000,233.000000,205.000000,15.000000,8.000000,18.000000,3.000000,5.000000,0.000000,6.000000,12.000000,2.000000,4.000000,0.000000,7.000000,15.000000,2.000000,5.000000,8097.000000,2266.000000,4820.000000,695.000000,601.000000,3.000000,
0.040389,0.004985,0.386279,0.001986,0.459475,-210840.225513,3.040960,2195607.000000,1874874.000000,3722527.000000,334752.000000,1282372.000000,1952.000000,539.000000,1146.000000,164.000000,144.000000,453.000000,125.000000,266.000000,38.000000,33.000000,2784.000000,769.000000,1633.000000,233.000000,205.000000,15.000000,8.000000,18.000000,3.000000,5.000000,0.000000,6.000000,12.000000,2.000000,4.000000,0.000000,7.000000,15.000000,2.000000,5.000000,8097.000000,2266.000000,4820.000000,695.000000,601.000000,3.000000,
0.040387,0.003849,0.386165,0.001307,0.424353,-210834.095379,3.040588,2195607.000000,1874874.000000,3722527.000000,334752.000000,1282372.000000,1952.000000,539.000000,1146.000000,164.000000,144.000000,453.000000,125.000000,266.000000,38.000000,33.000000,2784.000000,769.000000,1633.000000,233.000000,205.000000,15.000000,8.000000,18.000000,3.000000,5.000000,0.000000,6.000000,12.000000,2.000000,4.000000,0.000000,7.000000,15.000000,2.000000,5.000000,8097.000000,2266.000000,4820.000000,695.000000,601.000000,3.000000,
0.040579,0.002837,0.376926,0.001375,0.383994,-210342.662898,3.038092,2195607.000000,1874874.000000,3722527.000000,334752.000000,1282372.000000,1952.000000,539.000000,1146.000000,164.000000,144.000000,453.000000,125.000000,266.000000,38.000000,33.000000,2784.000000,769.000000,1633.000000,233.000000,205.000000,15.000000,8.000000,18.000000,3.000000,5.000000,0.000000,6.000000,12.000000,2.000000,4.000000,0.000000,7.000000,15.000000,2.000000,5.000000,8097.000000,2266.000000,4820.000000,695.000000,601.000000,3.000000,
0.040579,0.002837,0.376926,0.001375,0.383994,-210342.662898,3.038092,2195607.000000,1874874.000000,3722527.000000,334752.000000,1282372.000000,1952.000000,539.000000,1146.000000,164.000000,144.000000,453.000000,125.000000,266.000000,38.000000,33.000000,2784.000000,769.000000,1633.000000,233.000000,205.000000,15.000000,8.000000,18.000000,3.000000,5.000000,0.000000,6.000000,12.000000,2.000000,4.000000,0.000000,7.000000,15.000000,2.000000,5.000000,8097.000000,2266.000000,4820.000000,695.000000,601.000000,3.000000,
0.040579,0.002837,0.376926,0.001375,0.383994,-210342.662898,3.038092,2195607.000000,1874874.000000,3722527.000000,334752.000000,1282372.000000,1952.000000,539.000000,1146.000000,164.000000,144.000000,453.000000,125.000000,266.000000,38.000000,33.000000,2784.000000,769.000000,1633.000000,233.000000,205.000000,15.000000,8.000000,18.000000,3.000000,5.000000,0.000000,6.000000,12.000000,2.000000,4.000000,0.000000,7.000000,15.000000,2.000000,5.000000,8097.000000,2266.000000,4820.000000,695.000000,601.000000,3.000000,
0.040579,0.002837,0.376926,0.001375,0.383994,-210342.662898,3.038092,2195607.000000,1874874.000000,3722527.000000,334752.000000,1282372.000000,1952.000000,539.000000,1146.000000,164.000000,144.000000,453.000000,125.000000,266.000000,38.000000,33.000000,2784.000000,769.000000,1633.000000,233.000000,205.000000,15.000000,8.000000,18.000000,3.000000,5.000000,0.000000,6.000000,12.000000,2.000000,4.000000,0.000000,7.000000,15.000000,2.000000,5.000000,8097.000000,2266.000000,4820.000000,695.000000,601.000000,3.000000,
0.040579,0.002837,0.376926,0.001375,0.383994,-210342.662898,3.038092,2195607.000000,1874874.000000,3722527.000000,334752.000000,1282372.000000,1952.000000,539.000000,1146.000000,164.000000,144.000000,453.000000,125.000000,266.000000,38.000000,33.000000,2784.000000,769.000000,1633.000000,233.000000,205.000000,15.000000,8.000000,18.000000,3.000000,5.000000,0.000000,6.000000,12.000000,2.000000,4.000000,0.000000,7.000000,15.000000,2.000000,5.000000,8097.000000,2266.000000,4820.000000,695.000000,601.000000,3.000000,
0.040579,0.002837,0.376926,0.001375,0.383994,-210342.662898,3.038092,2195607.000000,1874874.000000,3722527.000000,334752.000000,1282372.000000,1952.000000,539.000000,1146.000000,164.000000,144.000000,453.000000,125.000000,266.000000,38.000000,33.000000,2784.000000,769.000000,1633.000000,233.000000,205.000000,15.000000,8.000000,18.000000,3.000000,5.000000,0.000000,6.000000,12.000000,2.000000,4.000000,0.000000,7.000000,15.000000,2.000000,5.000000,8097.000000,2266.000000,4820.000000,695.000000,601.000000,3.000000,
0.040579,0.002837,0.376926,0.001375,0.383994,-210342.662898,3.038092,2195607.000000,1874874.000000,3722527.000000,334752.000000,1282372.000000,1952.000000,539.000000,1146.000000,164.000000,144.000000,453.000000,125.000000,266.000000,38.000000,33.000000,2784.000000,769.000000,1633.000000,233.000000,205.000000,15.000000,8.000000,18.000000,3.000000,5.000000,0.000000,6.000000,12.000000,2.000000,4.000000,0.000000,7.000000,15.000000,2.000000,5.000000,8097.000000,2266.000000,4820.000000,695.000000,601.000000,3.000000,
0.040579,0.002837,0.376926,0.001375,0.383994,-210342.662898,3.038092,2195607.000000,1874874.000000,3722527.000000,334752.000000,1282372.000000,1952.000000,539.000000,1146.000000,164.000000,144.000000,453.000000,125.000000,266.000000,38.000000,33.000000,2784.000000,769.000000,1633.000000,233.000000,205.000000,15.000000,8.000000,18.000000,3.000000,5.000000,0.000000,6.000000,12.000000,2.000000,4.000000,0.000000,7.000000,15.000000,2.000000,5.000000,8097.000000,2266.000000,4820.000000,695.000000,601.000000,3.000000,
0.040579,0.002837,0.376926,0.001375,0.383994,-210342.662898,3.038092,2195607.000000,1874874.000000,3722527.000000,334752.000000,1282372.000000,1952.000000,539.000000,1146.000000,164.000000,144.000000,453.000000,125.000000,266.000000,38.000000,33.000000,2784.000000,769.000000,1633.000000,233.000000,205.000000,15.000000,8.000000,18.000000,3.000000,5.000000,0.000000,6.000000,12.000000,2.000000,4.000000,0.000000,7.000000,15.000000,2.000000,5.000000,8097.000000,2266.000000,4820.000000,695.000000,601.000000,3.000000,
0.040579,0.002837,0.376926,0.001375,0.383994,-210342.662898,3.038092,2195607.000000,1874874.000000,3722527.000000,334752.000000,1282372.000000,1952.000000,539.000000,1146.000000,164.000000,144.000000,453.000000,125.000000,266.000000,38.000000,33.000000,2784.000000,769.000000,1633.000000,233.000000,205.000000,15.000000,8.000000,18.000000,3.000000,5.000000,0.000000,6.000000,12.000000,2.000000,4.000000,0.000000,7.000000,15.000000,2.000000,5.000000,8097.000000,2266.000000,4820.000000,695.000000,601.000000,3.000000,
0.040697,0.006928,0.370430,0.001623,0.433109,-210000.506867,3.035019,2195607.000000,1874874.000000,3722527.000000,334752.000000,1282372.000000,1952.000000,539.000000,1146.000000,164.000000,144.000000,453.000000,125.000000,266.000000,38.000000,33.000000,2784.000000,769.000000,1633.000000,233.000000,205.000000,15.000000,8.000000,18.000000,3.000000,5.000000,0.000000,6.000000,12.000000,2.000000,4.000000,0.000000,7.000000,15.000000,2.000000,5.000000,8097.000000,2266.000000,4820.000000,695.000000,601.000000,3.000000,
0.040791,0.033966,0.359749,0.001350,0.528700,-209443.910588,3.022326,2195607.000000,1874874.000000,3722527.000000,334752.000000,1282372.000000,1952.000000,539.000000,1146.000000,164.000000,144.000000,453.000000,125.000000,266.000000,38.000000,33.000000,2784.000000,769.000000,1633.000000,233.000000,205.000000,15.000000,8.000000,18.000000,3.000000,5.000000,0.000000,6.000000,12.000000,2.000000,4.000000,0.000000,7.000000,15.000000,2.000000,5.000000,8097.000000,2266.000000,4820.000000,695.000000,601.000000,3.000000,
0.040791,0.033966,0.359749,0.001350,0.528700,-209443.910588,3.022326,2195607.000000,1874874.000000,3722527.000000,334752.000000,1282372.000000,1952.000000,539.000000,1146.000000,164.000000,144.000000,453.000000,125.000000,266.000000,38.000000,33.000000,2784.000000,769.000000,1633.000000,233.000000,205.000000,15.000000,8.000000,18.000000,3.000000,5.000000,0.000000,6.000000,12.000000,2.000000,4.000000,0.000000,7.000000,15.000000,2.000000,5.000000,8097.000000,2266.000000,4820.000000,695.000000,601.000000,3.000000,
0.040791,0.033966,0.359749,0.001350,0.528700,-209443.910588,3.022326,2195607.000000,1874874.000000,3722527.000000,334752.000000,1282372.000000,1952.000000,539.000000,1146.000000,164.000000,144.000000,453.000000,125.000000,266.000000,38.000000,33.000000,2784.000000,769.000000,1633.000000,233.000000,205.000000,15.000000,8.000000,18.000000,3.000000,5.000000,0.000000,6.000000,12.000000,2.000000,4.000000,0.000000,7.000000,15.000000,2.000000,5.000000,8097.000000,2266.000000,4820.000000,695.000000,601.000000,3.000000,
0.040791,0.033966,0.359749,0.001350,0.528700,-209443.910588,3.022326,2195607.000000,1874874.000000,3722527.000000,334752.000000,1282372.000000,1952.000000,539.000000,1146.000000,164.000000,144.000000,453.000000,125.000000,266.000000,38.000000,33.000000,2784.000000,769.000000,1633.000000,233.000000,205.000000,15.000000,8.000000,18.000000,3.000000,5.000000,0.000000,6.000000,12.000000,2.000000,4.000000,0.000000,7.000000,15.000000,2.000000,5.000000,8097.000000,2266.000000,4820.000000,695.000000,601.000000,3.000000,
0.040791,0.033966,0.359749,0.001350,0.528700,-209443.910588,3.022326,2195607.000000,1874874.000000,3722527.000000,334752.000000,1282372.000000,1952.000000,539.000000,1146.000000,164.000000,144.000000,453.000000,125.000000,266.000000,38.000000,33.000000,2784.000000,769.000000,1633.000000,233.000000,205.000000,15.000000,8.000000,18.000000,3.000000,5.000000,0.000000,6.000000,12.000000,2.000000,4.000000,0.000000,7.000000,15.000000,2.000000,5.000000,8097.000000,2266.000000,4820.000000,695.000000,601.000000,3.000000,
0.040791,0.033966,0.359749,0.001350,0.528700,-209443.910588,3.022326,2195607.000000,1874874.000000,3722527.000000,334752.000000,1282372.000000,1952.000000,539.000000,1146.000000,164.000000,144.000000,453.000000,125.000000,266.000000,38.000000,33.000000,2784.000000,769.000000,1633.000000,233.000000,205.000000,15.000000,8.000000,18.000000,3.000000,5.000000,0.000000,6.000000,12.000000,2.000000,4.000000,0.000000,7.000000,15.000000,2.000000,5.000000,8097.000000,2266.000000,4820.000000,695.000000,601.000000,3.000000,
0.040699,0.088913,0.365432,0.001635,0.494116,-209739.046025,3.026018,2195607.000000,1874874.000000,3722527.000000,334752.000000,1282372.000000,1952.000000,539.000000,1146.000000,164.000000,144.000000,453.000000,125.000000,266.000000,38.000000,33.000000,2784.000000,769.000000,1633.000000,233.000000,205.000000,15.000000,8.000000,18.000000,3.000000,5.000000,0.000000,6.000000,12.000000,2.000000,4.000000,0.000000,7.000000,15.000000,2.000000,5.000000,8097.000000,2266.000000,4820.000000,695.000000,601.000000,3.000000,
0.040699,0.088913,0.365432,0.001635,0.494116,-209739.046025,3.026018,2195607.000000,1874874.000000,3722527.000000,334752.000000,1282372.000000,1952.000000,539.000000,1146.000000,164.000000,144.000000,453.000000,125.000000,266.000000,38.000000,33.000000,2784.000000,769.000000,1633.000000,233.000000,205.000000,15.000000,8.000000,18.000000,3.000000,5.000000,0.000000,6.000000,12.000000,2.000000,4.000000,0.000000,7.000000,15.000000,2.000000,5.000000,8097.000000,2266.000000,4820.000000,695.000000,601.000000,3.000000,
0.040699,0.088913,0.365432,0.001635,0.494116,-209739.046025,3.026018,2195607.000000,1874874.000000,3722527.000000,334752.000000,1282372.000000,1952.000000,539.000000,1146.000000,164.000000,144.000000,453.000000,125.000000,266.000000,38.000000,33.000000,2784.000000,769.000000,1633.000000,233.000000,205.000000,15.000000,8.000000,18.000000,3.000000,5.000000,0.000000,6.000000,12.000000,2.000000,4.000000,0.000000,7.000000,15.000000,2.000000,5.000000,8097.000000,2266.000000,4820.000000,695.000000,601.000000,3.000000,
0.040699,0.088913,0.365432,0.001635,0.494116,-209739.046025,3.026018,2195607.000000,1874874.000000,3722527.000000,334752.000000,1282372.000000,1952.000000,539.000000,1146.000000,164.000000,144.000000,453.000000,125.000000,266.000000,38.000000,33.000000,2784.000000,769.000000,1633.000000,233.000000,205.000000,15.000000,8.000000,18.000000,3.000000,5.000000,0.000000,6.000000,12.000000,2.000000,4.000000,0.000000,7.000000,15.000000,2.000000,5.000000,8097.000000,2266.000000,4820.000000,695.000000,601.000000,3.000000,
0.040699,0.088913,0.365432,0.001635,0.494116,-209739.046025,3.026018,2195607.000000,1874874.000000,3722527.000000,334752.000000,1282372.000000,1952.000000,539.000000,1146.000000,164.000000,144.000000,453.000000,125.000000,266.000000,38.000000,33.000000,2784.000000,769.000000,1633.000000,233.000000,205.000000,15.000000,8.000000,18.000000,3.000000,5.000000,0.000000,6.000000,12.000000,2.000000,4.000000,0.000000,7.000000,15.000000,2.000000,5.000000,8097.000000,2266.000000,4820.000000,695.000000,601.000000,3.000000,
0.040839,0.082571,0.356862,0.001568,0.542063,-209294.810906,3.020581,2195607.000000,1874874.000000,3722527.000000,334752.000000,1282372.000000,1952.000000,539.000000,1146.000000,164.000000,144.000000,453.000000,125.000000,266.000000,38.000000,33.000000,2784.000000,769.000000,1633.000000,233.000000,205.000000,15.000000,8.000000,18.000000,3.000000,5.000000,0.000000,6.000000,12.000000,2.000000,4.000000,0.000000,7.000000,15.000000,2.000000,5.000000,8097.000000,2266.000000,4820.000000,695.000000,601.000000,3.000000,
0.040839,0.082571,0.356862,0.001568,0.542063,-209294.810906,3.020581,2195607.000000,1874874.000000,3722527.000000,334752.000000,1282372.000000,1952.000000,539.000000,1146.000000,164.000000,144.000000,453.000000,125.000000,266.000000,38.000000,33.000000,2784.000000,769.000000,1633.000000,233.000000,205.000000,15.000000,8.000000,18.000000,3.000000,5.000000,0.000000,6.000000,12.000000,2.000000,4.000000,0.000000,7.000000,15.000000,2.000000,5.000000,8097.000000,2266.000000,4820.000000,695.000000,601.000000,3.000000,
0.040839,0.082571,0.356862,0.001568,0.542063,-209294.810906,3.020581,2195607.000000,1874874.000000,3722527.000000,334752.000000,1282372.000000,1952.000000,539.000000,1146.000000,164.000000,144.000000,453.000000,125.000000,266.000000,38.000000,33.000000,2784.000000,769.000000,1633.000000,233.000000,205.000000,15.000000,8.000000,18.000000,3.000000,5.000000,0.000000,6.000000,12.000000,2.000000,4.000000,0.000000,7.000000,15.000000,2.000000,5.000000,8097.000000,2266.000000,4820.000000,695.000000,601.000000,3.000000,
0.040839,0.082571,0.356862,0.001568,0.542063,-209294.810906,3.020581,2195607.000000,1874874.000000,3722527.000000,334752.000000,1282372.000000,1952.000000,539.000000,1146.000000,164.000000,144.000000,453.000000,125.000000,266.000000,38.000000,33.000000,2784.000000,769.000000,1633.000000,233.000000,205.000000,15.000000,8.000000,18.000000,3.000000,5.000000,0.000000,6.000000,12.000000,2.000000,4.000000,0.000000,7.000000,15.000000,2.000000,5.000000,8097.000000,2266.000000,4820.000000,695.000000,601.000000,3.000000,
0.040842,0.071300,0.356045,0.001947,0.542356,-209252.706975,3.019295,2195607.000000,1874874.000000,3722527.000000,334752.000000,1282372.000000,1952.000000,539.000000,1146.000000,164.000000,144.000000,453.000000,125.000000,266.000000,38.000000,33.000000,2784.000000,769.000000,1633.000000,233.000000,205.000000,15.000000,8.000000,18.000000,3.000000,5.000000,0.000000,6.000000,12.000000,2.000000,4.000000,0.000000,7.000000,15.000000,2.000000,5.000000,8097.000000,2266.000000,4820.000000,695.000000,601.000000,3.000000,
0.040842,0.071300,0.356045,0.001947,0.542356,-209252.706975,3.019295,2195607.000000,1874874.000000,3722527.000000,334752.000000,1282372.000000,1952.000000,539.000000,1146.000000,164.000000,144.000000,453.000000,125.000000,266.000000,38.000000,33.000000,2784.000000,769.000000,1633.000000,233.000000,205.000000,15.000000,8.000000,18.000000,3.000000,5.000000,0.000000,6.000000,12.000000,2.000000,4.000000,0.000000,7.000000,15.000000,2.000000,5.000000,8097.000000,2266.000000,4820.000000,695.000000,601.000000,3.000000,
0.040842,0.071300,0.356045,0.001947,0.542356,-209252.706975,3.019295,2195607.000000,1874874.000000,3722527.000000,334752.000000,1282372.000000,1952.000000,539.000000,1146.000000,164.000000,144.000000,453.000000,125.000000,266.000000,38.000000,33.000000,2784.000000,769.000000,1633.000000,233.000000,205.000000,15.000000,8.000000,18.000000,3.000000,5.000000,0.000000,6.000000,12.000000,2.000000,4.000000,0.000000,7.000000,15.000000,2.000000,5.000000,8097.000000,2266.000000,4820.000000,695.000000,601.000000,3.000000,
0.040842,0.071300,0.356045,0.001947,0.542356,-209252.706975,3.019295,2195607.000000,1874874.000000,3722527.000000,334752.000000,1282372.000000,1952.000000,539.000000,1146.000000,164.000000,144.000000,453.000000,125.000000,266.000000,38.000000,33.000000,2784.000000,769.000000,1633.000000,233.000000,205.000000,15.000000,8.000000,18.000000,3.000000,5.000000,0.000000,6.000000,12.000000,2.000000,4.000000,0.000000,7.000000,15.000000,2.000000,5.000000,8097.000000,2266.000000,4820.000000,695.000000,601.000000,3.000000,
0.040842,0.071300,0.356045,0.001947,0.542356,-209252.706975,3.019295,2195607.000000,1874874.000000,3722527.000000,334752.000000,1282372.000000,1952.000000,539.000000,1146.000000,164.000000,144.000000,453.000000,125.000000,266.000000,38.000000,33.000000,2784.000000,769.000000,1633.000000,233.000000,205.000000,15.000000,8.000000,18.000000,3.000000,5.000000,0.000000,6.000000,12.000000,2.000000,4.000000,0.000000,7.000000,15.000000,2.000000,5.000000,8097.000000,2266.000000,4820.000000,695.000000,601.000000,3.000000,
0.040842,0.071300,0.356045,0.001947,0.542356,-209252.706975,3.019295,2195607.000000,1874874.000000,3722527.000000,334752.000000,1282372.000000,1952.000000,539.000000,1146.000000,164.000000,144.000000,453.000000,125.000000,266.000000,38.000000,33.000000,2784.000000,769.000000,1633.000000,233.000000,205.000000,15.000000,8.000000,18.000000,3.000000,5.000000,0.000000,6.000000,12.000000,2.000000,4.000000,0.000000,7.000000,15.000000,2.000000,5.000000,8097.000000,2266.000000,4820.000000,695.000000,601.000000,3.000000,
0.040823,0.100645,0.358342,0.001792,0.496734,-209371.187108,3.022120,2195607.000000,1874874.000000,3722527.000000,334752.000000,1282372.000000,1952.000000,539.000000,1146.000000,164.000000,144.000000,453.000000,125.000000,266.000000,38.000000,33.000000,2784.000000,769.000000,1633.000000,233.000000,205.000000,15.000000,8.000000,18.000000,3.000000,5.000000,0.000000,6.000000,12.000000,2.000000,4.000000,0.000000,7.000000,15.000000,2.000000,5.000000,8097.000000,2266.000000,4820.000000,695.000000,601.000000,3.000000,
0.040823,0.100645,0.358342,0.001792,0.496734,-209371.187108,3.022120,2195607.000000,1874874.000000,3722527.000000,334752.000000,1282372.000000,1952.000000,539.000000,1146.000000,164.000000,144.000000,453.000000,125.000000,266.000000,38.000000,33.000000,2784.000000,769.000000,1633.000000,233.000000,205.000000,15.000000,8.000000,18.000000,3.000000,5.000000,0.000000,6.000000,12.000000,2.000000,4.000000,0.000000,7.000000,15.000000,2.000000,5.000000,8097.000000,2266.000000,4820.000000,695.000000,601.000000,3.000000,
0.040882,0.110170,0.358248,0.001404,0.535769,-209366.437701,3.026331,2195607.000000,1874874.000000,3722527.000000,334752.000000,1282372.000000,1952.000000,539.000000,1146.000000,164.000000,144.000000,453.000000,125.000000,266.000000,38.000000,33.000000,2784.000000,769.000000,1633.000000,233.000000,205.000000,15.000000,8.000000,18.000000,3.000000,5.000000,0.000000,6.000000,12.000000,2.000000,4.000000,0.000000,7.000000,15.000000,2.000000,5.000000,8097.000000,2266.000000,4820.000000,695.000000,601.000000,3.000000,
0.040882,0.110170,0.358248,0.001404,0.535769,-209366.437701,3.026331,2195607.000000,1874874.000000,3722527.000000,334752.000000,1282372.000000,1952.000000,539.000000,1146.000000,164.000000,144.000000,453.000000,125.000000,266.000000,38.000000,33.000000,2784.000000,769.000000,1633.000000,233.000000,205.000000,15.000000,8.000000,18.000000,3.000000,5.000000,0.000000,6.000000,12.000000,2.000000,4.000000,0.000000,7.000000,15.000000,2.000000,5.000000,8097.000000,2266.000000,4820.000000,695.000000,601.000000,3.000000,
0.040849,0.192041,0.356715,0.001078,0.524247,-209287.255017,3.021034,2195607.000000,1874874.000000,3722527.000000,334752.000000,1282372.000000,1952.000000,539.000000,1146.000000,164.000000,144.000000,453.000000,125.000000,266.000000,38.000000,33.000000,2784.000000,769.000000,1633.000000,233.000000,205.000000,15.000000,8.000000,18.000000,3.000000,5.000000,0.000000,6.000000,12.000000,2.000000,4.000000,0.000000,7.000000,15.000000,2.000000,5.000000,8097.000000,2266.000000,4820.000000,695.000000,601.000000,3.000000,
0.040849,0.192041,0.356715,0.001078,0.524247,-209287.255017,3.021034,2195607.000000,1874874.000000,3722527.000000,334752.000000,1282372.000000,1952.000000,539.000000,1146.000000,164.000000,144.000000,453.000000,125.000000,266.000000,38.000000,33.000000,2784.000000,769.000000,1633.000000,233.000000,205.000000,15.000000,8.000000,18.000000,3.000000,5.000000,0.000000,6.000000,12.000000,2.000000,4.000000,0.000000,7.000000,15.000000,2.000000,5.000000,8097.000000,2266.000000,4820.000000,695.000000,601.000000,3.000000,
0.040849,0.192041,0.356715,0.001078,0.524247,-209287.255017,3.021034,2195607.000000,1874874.000000,3722527.000000,334752.000000,1282372.000000,1952.000000,539.000000,1146.000000,164.000000,144.000000,453.000000,125.000000,266.000000,38.000000,33.000000,2784.000000,769.000000,1633.000000,233.000000,205.000000,15.000000,8.000000,18.000000,3.000000,5.000000,0.000000,6.000000,12.000000,2.000000,4.000000,0.000000,7.000000,15.000000,2.000000,5.000000,8097.000000,2266.000000,4820.000000,695.000000,601.000000,3.000000,
0.040849,0.192041,0.356715,0.001078,0.524247,-209287.255017,3.021034,2195607.000000,1874874.000000,3722527.000000,334752.000000,1282372.000000,1952.000000,539.000000,1146.000000,164.000000,144.000000,453.000000,125.000000,266.000000,38.000000,33.000000,2784.000000,769.000000,1633.000000,233.000000,205.000000,15.000000,8.000000,18.000000,3.000000,5.000000,0.000000,6.000000,12.000000,2.000000,4.000000,0.000000,7.000000,15.000000,2.000000,5.000000,8097.000000,2266.000000,4820.000000,695.000000,601.000000,3.000000,
0.040849,0.192041,0.356715,0.001078,0.524247,-209287.255017,3.021034,2195607.000000,1874874.000000,3722527.000000,334752.000000,1282372.000000,1952.000000,539.000000,1146.000000,164.000000,144.000000,453.000000,125.000000,266.000000,38.000000,33.000000,2784.000000,769.000000,1633.000000,233.000000,205.000000,15.000000,8.000000,18.000000,3.000000,5.000000,0.000000,6.000000,12.000000,2.000000,4.000000,0.000000,7.000000,15.000000,2.000000,5.000000,8097.000000,2266.000000,4820.000000,695.000000,601.000000,3.000000,
0.040849,0.192041,0.356715,0.001078,0.524247,-209287.255017,3.021034,2195607.000000,1874874.000000,3722527.000000,334752.000000,1282372.000000,1952.000000,539.000000,1146.000000,164.000000,144.000000,453.000000,125.000000,266.000000,38.000000,33.000000,2784.000000,769.000000,1633.000000,233.000000,205.000000,15.000000,8.000000,18.000000,3.000000,5.000000,0.000000,6.000000,12.000000,2.000000,4.000000,0.000000,7.000000,15.000000,2.000000,5.000000,8097.000000,2266.000000,4820.000000,695.000000,601.000000,3.000000,
0.040786,0.412953,0.359847,0.001212,0.467140,-209448.959638,3.022132,2195607.000000,1874874.000000,3722527.000000,334752.000000,1282372.000000,1952.000000,539.000000,1146.000000,164.000000,144.000000,453.000000,125.000000,266.000000,38.000000,33.000000,2784.000000,769.000000,1633.000000,233.000000,205.000000,15.000000,8.000000,18.000000,3.000000,5.000000,0.000000,6.000000,12.000000,2.000000,4.000000,0.000000,7.000000,15.000000,2.000000,5.000000,8097.000000,2266.000000,4820.000000,695.000000,601.000000,3.000000,
0.040786,0.412953,0.359847,0.001212,0.467140,-209448.959638,3.022132,2195607.000000,1874874.000000,3722527.000000,334752.000000,1282372.000000,1952.000000,539.000000,1146.000000,164.000000,144.000000,453.000000,125.000000,266.000000,38.000000,33.000000,2784.000000,769.000000,1633.000000,233.000000,205.000000,15.000000,8.000000,18.000000,3.000000,5.000000,0.000000,6.000000,12.000000,2.000000,4.000000,0.000000,7.000000,15.000000,2.000000,5.000000,8097.000000,2266.000000,4820.000000,695.000000,601.000000,3.000000,
0.040881,0.581823,0.355350,0.001111,0.493662,-209216.949097,3.020889,2195607.000000,1874874.000000,3722527.000000,334752.000000,1282372.000000,1952.000000,539.000000,1146.000000,164.000000,144.000000,453.000000,125.000000,266.000000,38.000000,33.000000,2784.000000,769.000000,1633.000000,233.000000,205.000000,15.000000,8.000000,18.000000,3.000000,5.000000,0.000000,6.000000,12.000000,2.000000,4.000000,0.000000,7.000000,15.000000,2.000000,5.000000,8097.000000,2266.000000,4820.000000,695.000000,601.000000,3.000000,
0.040881,0.581823,0.355350,0.001111,0.493662,-209216.949097,3.020889,2195607.000000,1874874.000000,3722527.000000,334752.000000,1282372.000000,1952.000000,539.000000,1146.000000,164.000000,144.000000,453.000000,125.000000,266.000000,38.000000,33.000000,2784.000000,769.000000,1633.000000,233.000000,205.000000,15.000000,8.000000,18.000000,3.000000,5.000000,0.000000,6.000000,12.000000,2.000000,4.000000,0.000000,7.000000,15.000000,2.000000,5.000000,8097.000000,2266.000000,4820.000000,695.000000,601.000000,3.000000,
0.040881,0.581823,0.355350,0.001111,0.493662,-209216.949097,3.020889,2195607.000000,1874874.000000,3722527.000000,334752.000000,1282372.000000,1952.000000,539.000000,1146.000000,164.000000,144.000000,453.000000,125.000000,266.000000,38.000000,33.000000,2784.000000,769.000000,1633.000000,233.000000,205.000000,15.000000,8.000000,18.000000,3.000000,5.000000,0.000000,6.000000,12.000000,2.000000,4.000000,0.000000,7.000000,15.000000,2.000000,5.000000,8097.000000,2266.000000,4820.000000,695.000000,601.000000,3.000000,
0.040881,0.581823,0.355350,0.001111,0.493662,-209216.949097,3.020889,2195607.000000,1874874.000000,3722527.000000,334752.000000,1282372.000000,1952.000000,539.000000,1146.000000,164.000000,144.000000,453.000000,125.000000,266.000000,38.000000,33.000000,2784.000000,769.000000,1633.000000,233.000000,205.000000,15.000000,8.000000,18.000000,3.000000,5.000000,0.000000,6.000000,12.000000,2.000000,4.000000,0.000000,7.000000,15.000000,2.000000,5.000000,8097.000000,2266.000000,4820.000000,695.000000,601.000000,3.000000,
0.040881,0.581823,0.355350,0.001111,0.493662,-209216.949097,3.020889,2195607.000000,1874874.000000,3722527.000000,334752.000000,1282372.000000,1952.000000,539.000000,1146.000000,164.000000,144.000000,453.000000,125.000000,266.000000,38.000000,33.000000,2784.000000,769.000000,1633.000000,233.000000,205.000000,15.000000,8.000000,18.000000,3.000000,5.000000,0.000000,6.000000,12.000000,2.000000,4.000000,0.000000,7.000000,15.000000,2.000000,5.000000,8097.000000,2266.000000,4820.000000,695.000000,601.000000,3.000000,
0.040881,0.581823,0.355350,0.001111,0.493662,-209216.949097,3.020889,2195607.000000,1874874.000000,3722527.000000,334752.000000,1282372.000000,1952.000000,539.000000,1146.000000,164.000000,144.000000,453.000000,125.000000,266.000000,38.000000,33.000000,2784.000000,769.000000,1633.000000,233.000000,205.000000,15.000000,8.000000,18.000000,3.000000,5.000000,0.000000,6.000000,12.000000,2.000000,4.000000,0.000000,7.000000,15.000000,2.000000,5.000000,8097.000000,2266.000000,4820.000000,695.000000,601.000000,3.000000,
0.040881,0.581823,0.355350,0.001111,0.493662,-209216.949097,3.020889,2195607.000000,1874874.000000,3722527.000000,334752.000000,1282372.000000,1952.000000,539.000000,1146.000000,164.000000,144.000000,453.000000,125.000000,266.000000,38.000000,33.000000,2784.000000,769.000000,1633.000000,233.000000,205.000000,15.000000,8.000000,18.000000,3.000000,5.000000,0.000000,6.000000,12.000000,2.000000,4.000000,0.000000,7.000000,15.000000,2.000000,5.000000,8097.000000,2266.000000,4820.000000,695.000000,601.000000,3.000000,
0.040881,0.581823,0.355350,0.001111,0.493662,-209216.949097,3.020889,2195607.000000,1874874.000000,3722527.000000,334752.000000,1282372.000000,1952.000000,539.000000,1146.000000,164.000000,144.000000,453.000000,125.000000,266.000000,38.000000,33.000000,2784.000000,769.000000,1633.000000,233.000000,205.000000,15.000000,8.000000,18.000000,3.000000,5.000000,0.000000,6.000000,12.000000,2.000000,4.000000,0.000000,7.000000,15.000000,2.000000,5.000000,8097.000000,2266.000000,4820.000000,695.000000,601.000000,3.000000,
0.040881,0.581823,0.355350,0.001111,0.493662,-209216.949097,3.020889,2195607.000000,1874874.000000,3722527.000000,334752.000000,1282372.000000,1952.000000,539.000000,1146.000000,164.000000,144.000000,453.000000,125.000000,266.000000,38.000000,33.000000,2784.000000,769.000000,1633.000000,233.000000,205.000000,15.000000,8.000000,18.000000,3.000000,5.000000,0.000000,6.000000,12.000000,2.000000,4.000000,0.000000,7.000000,15.000000,2.000000,5.000000,8097.000000,2266.000000,4820.000000,695.000000,601.000000,3.000000,
0.040881,0.581823,0.355350,0.001111,0.493662,-209216.949097,3.020889,2195607.000000,1874874.000000,3722527.000000,334752.000000,1282372.000000,1952.000000,539.000000,1146.000000,164.000000,144.000000,453.000000,125.000000,266.000000,38.000000,33.000000,2784.000000,769.000000,1633.000000,233.000000,205.000000,15.000000,8.000000,18.000000,3.000000,5.000000,0.000000,6.000000,12.000000,2.000000,4.000000,0.000000,7.000000,15.000000,2.000000,5.000000,8097.000000,2266.000000,4820.000000,695.000000,601.000000,3.000000,
0.040869,0.437892,0.353428,0.001334,0.552306,-209118.110310,3.016447,2195607.000000,1874874.000000,3722527.000000,334752.000000,1282372.000000,1952.000000,539.000000,1146.000000,164.000000,144.000000,453.000000,125.000000,266.000000,38.000000,33.000000,2784.000000,769.000000,1633.000000,233.000000,205.000000,15.000000,8.000000,18.000000,3.000000,5.000000,0.000000,6.000000,12.000000,2.000000,4.000000,0.000000,7.000000,15.000000,2.000000,5.000000,8097.000000,2266.000000,4820.000000,695.000000,601.000000,3.000000,
0.040866,0.573422,0.353966,0.001946,0.593410,-209145.757606,3.017214,2195607.000000,1874874.000000,3722527.000000,334752.000000,1282372.000000,1952.000000,539.000000,1146.000000,164.000000,144.000000,453.000000,125.000000,266.000000,38.000000,33.000000,2784.000000,769.000000,1633.000000,233.000000,205.000000,15.000000,8.000000,18.000000,3.000000,5.000000,0.000000,6.000000,12.000000,2.000000,4.000000,0.000000,7.000000,15.000000,2.000000,5.000000,8097.000000,2266.000000,4820.000000,695.000000,601.000000,3.000000,
0.040866,0.573422,0.353966,0.001946,0.593410,-209145.757606,3.017214,2195607.000000,1874874.000000,3722527.000000,334752.000000,1282372.000000,1952.000000,539.000000,1146.000000,164.000000,144.000000,453.000000,125.000000,266.000000,38.000000,33.000000,2784.000000,769.000000,1633.000000,233.000000,205.000000,15.000000,8.000000,18.000000,3.000000,5.000000,0.000000,6.000000,12.000000,2.000000,4.000000,0.000000,7.000000,15.000000,2.000000,5.000000,8097.000000,2266.000000,4820.000000,695.000000,601.000000,3.000000,
0.040866,0.573422,0.353966,0.001946,0.593410,-209145.757606,3.017214,2195607.000000,1874874.000000,3722527.000000,334752.000000,1282372.000000,1952.000000,539.000000,1146.000000,164.000000,144.000000,453.000000,125.000000,266.000000,38.000000,33.000000,2784.000000,769.000000,1633.000000,233.000000,205.000000,15.000000,8.000000,18.000000,3.000000,5.000000,0.000000,6.000000,12.000000,2.000000,4.000000,0.000000,7.000000,15.000000,2.000000,5.000000,8097.000000,2266.000000,4820.000000,695.000000,601.000000,3.000000,
0.041085,0.737385,0.344227,0.002195,0.531445,-208648.703607,3.015377,2195607.000000,1874874.000000,3722527.000000,334752.000000,1282372.000000,1952.000000,539.000000,1146.000000,164.000000,144.000000,453.000000,125.000000,266.000000,38.000000,33.000000,2784.000000,769.000000,1633.000000,233.000000,205.000000,15.000000,8.000000,18.000000,3.000000,5.000000,0.000000,6.000000,12.000000,2.000000,4.000000,0.000000,7.000000,15.000000,2.000000,5.000000,8097.000000,2266.000000,4820.000000,695.000000,601.000000,3.000000,
0.041085,0.737385,0.344227,0.002195,0.531445,-208648.703607,3.015377,2195607.000000,1874874.000000,3722527.000000,334752.000000,1282372.000000,1952.000000,539.000000,1146.000000,164.000000,144.000000,453.000000,125.000000,266.000000,38.000000,33.000000,2784.000000,769.000000,1633.000000,233.000000,205.000000,15.000000,8.000000,18.000000,3.000000,5.000000,0.000000,6.000000,12.000000,2.000000,4.000000,0.000000,7.000000,15.000000,2.000000,5.000000,8097.000000,2266.000000,4820.000000,695.000000,601.000000,3.000000,
0.041085,0.737385,0.344227,0.002195,0.531445,-208648.703607,3.015377,2195607.000000,1874874.000000,3722527.000000,334752.000000,1282372.000000,1952.000000,539.000000,1146.000000,164.000000,144.000000,453.000000,125.000000,266.000000,38.000000,33.000000,2784.000000,769.000000,1633.000000,233.000000,205.000000,15.000000,8.000000,18.000000,3.000000,5.000000,0.000000,6.000000,12.000000,2.000000,4.000000,0.000000,7.000000,15.000000,2.000000,5.000000,8097.000000,2266.000000,4820.000000,695.000000,601.000000,3.000000,
0.041085,0.737385,0.344227,0.002195,0.531445,-208648.703607,3.015377,2195607.000000,1874874.000000,3722527.000000,334752.000000,1282372.000000,1952.000000,539.000000,1146.000000,164.000000,144.000000,453.000000,125.000000,266.000000,38.000000,33.000000,2784.000000,769.000000,1633.000000,233.000000,205.000000,15.000000,8.000000,18.000000,3.000000,5.000000,0.000000,6.000000,12.000000,2.000000,4.000000,0.000000,7.000000,15.000000,2.000000,5.000000,8097.000000,2266.000000,4820.000000,695.000000,601.000000,3.000000,
0.041085,0.737385,0.344227,0.002195,0.531445,-208648.703607,3.015377,2195607.000000,1874874.000000,3722527.000000,334752.000000,1282372.000000,1952.000000,539.000000,1146.000000,164.000000,144.000000,453.000000,125.000000,266.000000,38.000000,33.000000,2784.000000,769.000000,1633.000000,233.000000,205.000000,15.000000,8.000000,18.000000,3.000000,5.000000,0.000000,6.000000,12.000000,2.000000,4.000000,0.000000,7.000000,15.000000,2.000000,5.000000,8097.000000,2266.000000,4820.000000,695.000000,601.000000,3.000000,
0.041085,0.737385,0.344227,0.002195,0.531445,-208648.703607,3.015377,2195607.000000,1874874.000000,3722527.000000,334752.000000,1282372.000000,1952.000000,539.000000,1146.000000,164.000000,144.000000,453.000000,125.000000,266.000000,38.000000,33.000000,2784.000000,769.000000,1633.000000,233.000000,205.000000,15.000000,8.000000,18.000000,3.000000,5.000000,0.000000,6.000000,12.000000,2.000000,4.000000,0.000000,7.000000,15.000000,2.000000,5.000000,8097.000000,2266.000000,4820.000000,695.000000,601.000000,3.000000,
0.040932,0.470111,0.351233,0.001101,0.505221,-209005.670479,3.017095,2195607.000000,1874874.000000,3722527.000000,334752.000000,1282372.000000,1952.000000,539.000000,1146.000000,164.000000,144.000000,453.000000,125.000000,266.000000,38.000000,33.000000,2784.000000,769.000000,1633.000000,233.000000,205.000000,15.000000,8.000000,18.000000,3.000000,5.000000,0.000000,6.000000,12.000000,2.000000,4.000000,0.000000,7.000000,15.000000,2.000000,5.000000,8097.000000,2266.000000,4820.000000,695.000000,601.000000,3.000000,
0.040932,0.470111,0.351233,0.001101,0.505221,-209005.670479,3.017095,2195607.000000,1874874.000000,3722527.000000,334752.000000,1282372.000000,1952.000000,539.000000,1146.000000,164.000000,144.000000,453.000000,125.000000,266.000000,38.000000,33.000000,2784.000000,769.000000,1633.000000,233.000000,205.000000,15.000000,8.000000,18.000000,3.000000,5.000000,0.000000,6.000000,12.000000,2.000000,4.000000,0.000000,7.000000,15.000000,2.000000,5.000000,8097.000000,2266.000000,4820.000000,695.000000,601.000000,3.000000,
0.040932,0.470111,0.351233,0.001101,0.505221,-209005.670479,3.017095,2195607.000000,1874874.000000,3722527.000000,334752.000000,1282372.000000,1952.000000,539.000000,1146.000000,164.000000,144.000000,453.000000,125.000000,266.000000,38.000000,33.000000,2784.000000,769.000000,1633.000000,233.000000,205.000000,15.000000,8.000000,18.000000,3.000000,5.000000,0.000000,6.000000,12.000000,2.000000,4.000000,0.000000,7.000000,15.000000,2.000000,5.000000,8097.000000,2266.000000,4820.000000,695.000000,601.000000,3.000000,
0.040932,0.470111,0.351233,0.001101,0.505221,-209005.670479,3.017095,2195607.000000,1874874.000000,3722527.000000,334752.000000,1282372.000000,1952.000000,539.000000,1146.000000,164.000000,144.000000,453.000000,125.000000,266.000000,38.000000,33.000000,2784.000000,769.000000,1633.000000,233.000000,205.000000,15.000000,8.000000,18.000000,3.000000,5.000000,0.000000,6.000000,12.000000,2.000000,4.000000,0.000000,7.000000,15.000000,2.000000,5.000000,8097.000000,2266.000000,4820.000000,695.000000,601.000000,3.000000,
0.040932,0.470111,0.351233,0.001101,0.505221,-209005.670479,3.017095,2195607.000000,1874874.000000,3722527.000000,334752.000000,1282372.000000,1952.000000,539.000000,1146.000000,164.000000,144.000000,453.000000,125.000000,266.000000,38.000000,33.000000,2784.000000,769.000000,1633.000000,233.000000,205.000000,15.000000,8.000000,18.000000,3.000000,5.000000,0.000000,6.000000,12.000000,2.000000,4.000000,0.000000,7.000000,15.000000,2.000000,5.000000,8097.000000,2266.000000,4820.000000,695.000000,601.000000,3.000000,
0.040932,0.470111,0.351233,0.001101,0.505221,-209005.670479,3.017095,2195607.000000,1874874.000000,3722527.000000,334752.000000,1282372.000000,1952.000000,539.000000,1146.000000,164.000000,144.000000,453.000000,125.000000,266.000000,38.000000,33.000000,2784.000000,769.000000,1633.000000,233.000000,205.000000,15.000000,8.000000,18.000000,3.000000,5.000000,0.000000,6.000000,12.000000,2.000000,4.000000,0.000000,7.000000,15.000000,2.000000,5.000000,8097.000000,2266.000000,4820.000000,695.000000,601.000000,3.000000,
0.040932,0.470111,0.351233,0.001101,0.505221,-209005.670479,3.017095,2195607.000000,1874874.000000,3722527.000000,334752.000000,1282372.000000,1952.000000,539.000000,1146.000000,164.000000,144.000000,453.000000,125.000000,266.000000,38.000000,33.000000,2784.000000,769.000000,1633.000000,233.000000,205.000000,15.000000,8.000000,18.000000,3.000000,5.000000,0.000000,6.000000,12.000000,2.000000,4.000000,0.000000,7.000000,15.000000,2.000000,5.000000,8097.000000,2266.000000,4820.000000,695.000000,601.000000,3.000000,
0.040932,0.470111,0.351233,0.001101,0.505221,-209005.670479,3.017095,2195607.000000,1874874.000000,3722527.000000,334752.000000,1282372.000000,1952.000000,539.000000,1146.000000,164.000000,144.000000,453.000000,125.000000,266.000000,38.000000,33.000000,2784.000000,769.000000,1633.000000,233.000000,205.000000,15.000000,8.000000,18.000000,3.000000,5.000000,0.000000,6.000000,12.000000,2.000000,4.000000,0.000000,7.000000,15.000000,2.000000,5.000000,8097.000000,2266.000000,4820.000000,695.000000,601.000000,3.000000,
0.040932,0.470111,0.351233,0.001101,0.505221,-209005.670479,3.017095,2195607.000000,1874874.000000,3722527.000000,334752.000000,1282372.000000,1952.000000,539.000000,1146.000000,164.000000,144.000000,453.000000,125.000000,266.000000,38.000000,33.000000,2784.000000,769.000000,1633.000000,233.000000,205.000000,15.000000,8.000000,18.000000,3.000000,5.000000,0.000000,6.000000,12.000000,2.000000,4.000000,0.000000,7.000000,15.000000,2.000000,5.000000,8097.000000,2266.000000,4820.000000,695.000000,601.000000,3.000000,
0.040932,0.470111,0.351233,0.001101,0.505221,-209005.670479,3.017095,2195607.000000,1874874.000000,3722527.000000,334752.000000,1282372.000000,1952.000000,539.000000,1146.000000,164.000000,144.000000,453.000000,125.000000,266.000000,38.000000,33.000000,2784.000000,769.000000,1633.000000,233.000000,205.000000,15.000000,8.000000,18.000000,3.000000,5.000000,0.000000,6.000000,12.000000,2.000000,4.000000,0.000000,7.000000,15.000000,2.000000,5.000000,8097.000000,2266.000000,4820.000000,695.000000,601.000000,3.000000,
0.040932,0.470111,0.351233,0.001101,0.505221,-209005.670479,3.017095,2195607.000000,1874874.000000,3722527.000000,334752.000000,1282372.000000,1952.000000,539.000000,1146.000000,164.000000,144.000000,453.000000,125.000000,266.000000,38.000000,33.000000,2784.000000,769.000000,1633.000000,233.000000,205.000000,15.000000,8.000000,18.000000,3.000000,5.000000,0.000000,6.000000,12.000000,2.000000,4.000000,0.000000,7.000000,15.000000,2.000000,5.000000,8097.000000,2266.000000,4820.000000,695.000000,601.000000,3.000000,
0.040874,0.526765,0.354617,0.001400,0.528433,-209179.211705,3.019048,2195607.000000,1874874.000000,3722527.000000,334752.000000,1282372.000000,1952.000000,539.000000,1146.000000,164.000000,144.000000,453.000000,125.000000,266.000000,38.000000,33.000000,2784.000000,769.000000,1633.000000,233.000000,205.000000,15.000000,8.000000,18.000000,3.000000,5.000000,0.000000,6.000000,12.000000,2.000000,4.000000,0.000000,7.000000,15.000000,2.000000,5.000000,8097.000000,2266.000000,4820.000000,695.000000,601.000000,3.000000,
0.040874,0.526765,0.354617,0.001400,0.528433,-209179.211705,3.019048,2195607.000000,1874874.000000,3722527.000000,334752.000000,1282372.000000,1952.000000,539.000000,1146.000000,164.000000,144.000000,453.000000,125.000000,266.000000,38.000000,33.000000,2784.000000,769.000000,1633.000000,233.000000,205.000000,15.000000,8.000000,18.000000,3.000000,5.000000,0.000000,6.000000,12.000000,2.000000,4.000000,0.000000,7.000000,15.000000,2.000000,5.000000,8097.000000,2266.000000,4820.000000,695.000000,601.000000,3.000000,
0.040874,0.526765,0.354617,0.001400,0.528433,-209179.211705,3.019048,2195607.000000,1874874.000000,3722527.000000,334752.000000,1282372.000000,1952.000000,539.000000,1146.000000,164.000000,144.000000,453.000000,125.000000,266.000000,38.000000,33.000000,2784.000000,769.000000,1633.000000,233.000000,205.000000,15.000000,8.000000,18.000000,3.000000,5.000000,0.000000,6.000000,12.000000,2.000000,4.000000,0.000000,7.000000,15.000000,2.000000,5.000000,8097.000000,2266.000000,4820.000000,695.000000,601.000000,3.000000,
0.040874,0.526765,0.354617,0.001400,0.528433,-209179.211705,3.019048,2195607.000000,1874874.000000,3722527.000000,334752.000000,1282372.000000,1952.000000,539.000000,1146.000000,164.000000,144.000000,453.000000,125.000000,266.000000,38.000000,33.000000,2784.000000,769.000000,1633.000000,233.000000,205.000000,15.000000,8.000000,18.000000,3.000000,5.000000,0.000000,6.000000,12.000000,2.000000,4.000000,0.000000,7.000000,15.000000,2.000000,5.000000,8097.000000,2266.000000,4820.000000,695.000000,601.000000,3.000000,
0.040874,0.526765,0.354617,0.001400,0.528433,-209179.211705,3.019048,2195607.000000,1874874.000000,3722527.000000,334752.000000,1282372.000000,1952.000000,539.000000,1146.000000,164.000000,144.000000,453.000000,125.000000,266.000000,38.000000,33.000000,2784.000000,769.000000,1633.000000,233.000000,205.000000,15.000000,8.000000,18.000000,3.000000,5.000000,0.000000,6.000000,12.000000,2.000000,4.000000,0.000000,7.000000,15.000000,2.000000,5.000000,8097.000000,2266.000000,4820.000000,695.000000,601.000000,3.000000,
0.040874,0.526765,0.354617,0.001400,0.528433,-209179.211705,3.019048,2195607.000000,1874874.000000,3722527.000000,334752.000000,1282372.000000,1952.000000,539.000000,1146.000000,164.000000,144.000000,453.000000,125.000000,266.000000,38.000000,33.000000,2784.000000,769.000000,1633.000000,233.000000,205.000000,15.000000,8.000000,18.000000,3.000000,5.000000,0.000000,6.000000,12.000000,2.000000,4.000000,0.000000,7.000000,15.000000,2.000000,5.000000,8097.000000,2266.000000,4820.000000,695.000000,601.000000,3.000000,
0.040874,0.526765,0.354617,0.001400,0.528433,-209179.211705,3.019048,2195607.000000,1874874.000000,3722527.000000,334752.000000,1282372.000000,1952.000000,539.000000,1146.000000,164.000000,144.000000,453.000000,125.000000,266.000000,38.000000,33.000000,2784.000000,769.000000,1633.000000,233.000000,205.000000,15.000000,8.000000,18.000000,3.000000,5.000000,0.000000,6.000000,12.000000,2.000000,4.000000,0.000000,7.000000,15.000000,2.000000,5.000000,8097.000000,2266.000000,4820.000000,695.000000,601.000000,3.000000,
0.040874,0.526765,0.354617,0.001400,0.528433,-209179.211705,3.019048,2195607.000000,1874874.000000,3722527.000000,334752.000000,1282372.000000,1952.000000,539.000000,1146.000000,164.000000,144.000000,453.000000,125.000000,266.000000,38.000000,33.000000,2784.000000,769.000000,1633.000000,233.000000,205.000000,15.000000,8.000000,18.000000,3.000000,5.000000,0.000000,6.000000,12.000000,2.000000,4.000000,0.000000,7.000000,15.000000,2.000000,5.000000,8097.000000,2266.000000,4820.000000,695.000000,601.000000,3.000000,
0.040874,0.526765,0.354617,0.001400,0.528433,-209179.211705,3.019048,2195607.000000,1874874.000000,3722527.000000,334752.000000,1282372.000000,1952.000000,539.000000,1146.000000,164.000000,144.000000,453.000000,125.000000,266.000000,38.000000,33.000000,2784.000000,769.000000,1633.000000,233.000000,205.000000,15.000000,8.000000,18.000000,3.000000,5.000000,0.000000,6.000000,12.000000,2.000000,4.000000,0.000000,7.000000,15.000000,2.000000,5.000000,8097.000000,2266.000000,4820.000000,695.000000,601.000000,3.000000,
0.040874,0.526765,0.354617,0.001400,0.528433,-209179.211705,3.019048,2195607.000000,1874874.000000,3722527.000000,334752.000000,1282372.000000,1952.000000,539.000000,1146.000000,164.000000,144.000000,453.000000,125.000000,266.000000,38.000000,33.000000,2784.000000,769.000000,1633.000000,233.000000,205.000000,15.000000,8.000000,18.000000,3.000000,5.000000,0.000000,6.000000,12.000000,2.000000,4.000000,0.000000,7.000000,15.000000,2.000000,5.000000,8097.000000,2266.000000,4820.000000,695.000000,601.000000,3.000000,
0.040874,0.526765,0.354617,0.001400,0.528433,-209179.211705,3.019048,2195607.000000,1874874.000000,3722527.000000,334752.000000,1282372.000000,1952.000000,539.000000,1146.000000,164.000000,144.000000,453.000000,125.000000,266.000000,38.000000,33.000000,2784.000000,769.000000,1633.000000,233.000000,205.000000,15.000000,8.000000,18.000000,3.000000,5.000000,0.000000,6.000000,12.000000,2.000000,4.000000,0.000000,7.000000,15.000000,2.000000,5.000000,8097.000000,2266.000000,4820.000000,695.000000,601.000000,3.000000,
0.040874,0.526765,0.354617,0.001400,0.528433,-209179.211705,3.019048,2195607.000000,1874874.000000,3722527.000000,334752.000000,1282372.000000,1952.000000,539.000000,1146.000000,164.000000,144.000000,453.000000,125.000000,266.000000,38.000000,33.000000,2784.000000,769.000000,1633.000000,233.000000,205.000000,15.000000,8.000000,18.000000,3.000000,5.000000,0.000000,6.000000,12.000000,2.000000,4.000000,0.000000,7.000000,15.000000,2.000000,5.000000,8097.000000,2266.000000,4820.000000,695.000000,601.000000,3.000000,
0.041001,0.975359,0.348104,0.001603,0.566447,-208845.840491,3.016348,2195607.000000,1874874.000000,3722527.000000,334752.000000,1282372.000000,1952.000000,539.000000,1146.000000,164.000000,144.000000,453.000000,125.000000,266.000000,38.000000,33.000000,2784.000000,769.000000,1633.000000,233.000000,205.000000,15.000000,8.000000,18.000000,3.000000,5.000000,0.000000,6.000000,12.000000,2.000000,4.000000,0.000000,7.000000,15.000000,2.000000,5.000000,8097.000000,2266.000000,4820.000000,695.000000,601.000000,3.000000,
0.041001,0.975359,0.348104,0.001603,0.566447,-208845.840491,3.016348,2195607.000000,1874874.000000,3722527.000000,334752.000000,1282372.000000,1952.000000,539.000000,1146.000000,164.000000,144.000000,453.000000,125.000000,266.000000,38.000000,33.000000,2784.000000,769.000000,1633.000000,233.000000,205.000000,15.000000,8.000000,18.000000,3.000000,5.000000,0.000000,6.000000,12.000000,2.000000,4.000000,0.000000,7.000000,15.000000,2.000000,5.000000,8097.000000,2266.000000,4820.000000,695.000000,601.000000,3.000000,
0.041001,0.975359,0.348104,0.001603,0.566447,-208845.840491,3.016348,2195607.000000,1874874.000000,3722527.000000,334752.000000,1282372.000000,1952.000000,539.000000,1146.000000,164.000000,144.000000,453.000000,125.000000,266.000000,38.000000,33.000000,2784.000000,769.000000,1633.000000,233.000000,205.000000,15.000000,8.000000,18.000000,3.000000,5.000000,0.000000,6.000000,12.000000,2.000000,4.000000,0.000000,7.000000,15.000000,2.000000,5.000000,8097.000000,2266.000000,4820.000000,695.000000,601.000000,3.000000,
0.041001,0.975359,0.348104,0.001603,0.566447,-208845.840491,3.016348,2195607.000000,1874874.000000,3722527.000000,334752.000000,1282372.000000,1952.000000,539.000000,1146.000000,164.000000,144.000000,453.000000,125.000000,266.000000,38.000000,33.000000,2784.000000,769.000000,1633.000000,233.000000,205.000000,15.000000,8.000000,18.000000,3.000000,5.000000,0.000000,6.000000,12.000000,2.000000,4.000000,0.000000,7.000000,15.000000,2.000000,5.000000,8097.000000,2266.000000,4820.000000,695.000000,601.000000,3.000000,
0.041001,0.975359,0.348104,0.001603,0.566447,-208845.840491,3.016348,2195607.000000,1874874.000000,3722527.000000,334752.000000,1282372.000000,1952.000000,539.000000,1146.000000,164.000000,144.000000,453.000000,125.000000,266.000000,38.000000,33.000000,2784.000000,769.000000,1633.000000,233.000000,205.000000,15.000000,8.000000,18.000000,3.000000,5.000000,0.000000,6.000000,12.000000,2.000000,4.000000,0.000000,7.000000,15.000000,2.000000,5.000000,8097.000000,2266.000000,4820.000000,695.000000,601.000000,3.000000,
0.040994,0.802678,0.347337,0.001237,0.558181,-208806.705757,3.014406,2195607.000000,1874874.000000,3722527.000000,334752.000000,1282372.000000,1952.000000,539.000000,1146.000000,164.000000,144.000000,453.000000,125.000000,266.000000,38.000000,33.000000,2784.000000,769.000000,1633.000000,233.000000,205.000000,15.000000,8.000000,18.000000,3.000000,5.000000,0.000000,6.000000,12.000000,2.000000,4.000000,0.000000,7.000000,15.000000,2.000000,5.000000,8097.000000,2266.000000,4820.000000,695.000000,601.000000,3.000000,
0.040994,0.802678,0.347337,0.001237,0.558181,-208806.705757,3.014406,2195607.000000,1874874.000000,3722527.000000,334752.000000,1282372.000000,1952.000000,539.000000,1146.000000,164.000000,144.000000,453.000000,125.000000,266.000000,38.000000,33.000000,2784.000000,769.000000,1633.000000,233.000000,205.000000,15.000000,8.000000,18.000000,3.000000,5.000000,0.000000,6.000000,12.000000,2.000000,4.000000,0.000000,7.000000,15.000000,2.000000,5.000000,8097.000000,2266.000000,4820.000000,695.000000,601.000000,3.000000,
0.040994,0.802678,0.347337,0.001237,0.558181,-208806.705757,3.014406,2195607.000000,1874874.000000,3722527.000000,334752.000000,1282372.000000,1952.000000,539.000000,1146.000000,164.000000,144.000000,453.000000,125.000000,266.000000,38.000000,33.000000,2784.000000,769.000000,1633.000000,233.000000,205.000000,15.000000,8.000000,18.000000,3.000000,5.000000,0.000000,6.000000,12.000000,2.000000,4.000000,0.000000,7.000000,15.000000,2.000000,5.000000,8097.000000,2266.000000,4820.000000,695.000000,601.000000,3.000000,
0.040994,0.802678,0.347337,0.001237,0.558181,-208806.705757,3.014406,2195607.000000,1874874.000000,3722527.000000,334752.000000,1282372.000000,1952.000000,539.000000,1146.000000,164.000000,144.000000,453.000000,125.000000,266.000000,38.000000,33.000000,2784.000000,769.000000,1633.000000,233.000000,205.000000,15.000000,8.000000,18.000000,3.000000,5.000000,0.000000,6.000000,12.000000,2.000000,4.000000,0.000000,7.000000,15.000000,2.000000,5.000000,8097.000000,2266.000000,4820.000000,695.000000,601.000000,3.000000,
0.040994,0.802678,0.347337,0.001237,0.558181,-208806.705757,3.014406,2195607.000000,1874874.000000,3722527.000000,334752.000000,1282372.000000,1952.000000,539.000000,1146.000000,164.000000,144.000000,453.000000,125.000000,266.000000,38.000000,33.000000,2784.000000,769.000000,1633.000000,233.000000,205.000000,15.000000,8.000000,18.000000,3.000000,5.000000,0.000000,6.000000,12.000000,2.000000,4.000000,0.000000,7.000000,15.000000,2.000000,5.000000,8097.000000,2266.000000,4820.000000,695.000000,601.000000,3.000000,
0.040994,0.802678,0.347337,0.001237,0.558181,-208806.705757,3.014406,2195607.000000,1874874.000000,3722527.000000,334752.000000,1282372.000000,1952.000000,539.000000,1146.000000,164.000000,144.000000,453.000000,125.000000,266.000000,38.000000,33.000000,2784.000000,769.000000,1633.000000,233.000000,205.000000,15.000000,8.000000,18.000000,3.000000,5.000000,0.000000,6.000000,12.000000,2.000000,4.000000,0.000000,7.000000,15.000000,2.000000,5.000000,8097.000000,2266.000000,4820.000000,695.000000,601.000000,3.000000,
0.040994,0.802678,0.347337,0.001237,0.558181,-208806.705757,3.014406,2195607.000000,1874874.000000,3722527.000000,334752.000000,1282372.000000,1952.000000,539.000000,1146.000000,164.000000,144.000000,453.000000,125.000000,266.000000,38.000000,33.000000,2784.000000,769.000000,1633.000000,233.000000,205.000000,15.000000,8.000000,18.000000,3.000000,5.000000,0.000000,6.000000,12.000000,2.000000,4.000000,0.000000,7.000000,15.000000,2.000000,5.000000,8097.000000,2266.000000,4820.000000,695.000000,601.000000,3.000000,
0.040892,0.699758,0.351622,0.002348,0.577820,-209025.496103,3.014839,2195607.000000,1874874.000000,3722527.000000,334752.000000,1282372.000000,1952.000000,539.000000,1146.000000,164.000000,144.000000,453.000000,125.000000,266.000000,38.000000,33.000000,2784.000000,769.000000,1633.000000,233.000000,205.000000,15.000000,8.000000,18.000000,3.000000,5.000000,0.000000,6.000000,12.000000,2.000000,4.000000,0.000000,7.000000,15.000000,2.000000,5.000000,8097.000000,2266.000000,4820.000000,695.000000,601.000000,3.000000,
0.040892,0.699758,0.351622,0.002348,0.577820,-209025.496103,3.014839,2195607.000000,1874874.000000,3722527.000000,334752.000000,1282372.000000,1952.000000,539.000000,1146.000000,164.000000,144.000000,453.000000,125.000000,266.000000,38.000000,33.000000,2784.000000,769.000000,1633.000000,233.000000,205.000000,15.000000,8.000000,18.000000,3.000000,5.000000,0.000000,6.000000,12.000000,2.000000,4.000000,0.000000,7.000000,15.000000,2.000000,5.000000,8097.000000,2266.000000,4820.000000,695.000000,601.000000,3.000000,
0.040892,0.699758,0.351622,0.002348,0.577820,-209025.496103,3.014839,2195607.000000,1874874.000000,3722527.000000,334752.000000,1282372.000000,1952.000000,539.000000,1146.000000,164.000000,144.000000,453.000000,125.000000,266.000000,38.000000,33.000000,2784.000000,769.000000,1633.000000,233.000000,205.000000,15.000000,8.000000,18.000000,3.000000,5.000000,0.000000,6.000000,12.000000,2.000000,4.000000,0.000000,7.000000,15.000000,2.000000,5.000000,8097.000000,2266.000000,4820.000000,695.000000,601.000000,3.000000,
0.040831,0.860288,0.358669,0.003640,0.503118,-209388.119686,3.023303,2195607.000000,1874874.000000,3722527.000000,334752.000000,1282372.000000,1952.000000,539.000000,1146.000000,164.000000,144.000000,453.000000,125.000000,266.000000,38.000000,33.000000,2784.000000,769.000000,1633.000000,233.000000,205.000000,15.000000,8.000000,18.000000,3.000000,5.000000,0.000000,6.000000,12.000000,2.000000,4.000000,0.000000,7.000000,15.000000,2.000000,5.000000,8097.000000,2266.000000,4820.000000,695.000000,601.000000,3.000000,
0.040831,0.860288,0.358669,0.003640,0.503118,-209388.119686,3.023303,2195607.000000,1874874.000000,3722527.000000,334752.000000,1282372.000000,1952.000000,539.000000,1146.000000,164.000000,144.000000,453.000000,125.000000,266.000000,38.000000,33.000000,2784.000000,769.000000,1633.000000,233.000000,205.000000,15.000000,8.000000,18.000000,3.000000,5.000000,0.000000,6.000000,12.000000,2.000000,4.000000,0.000000,7.000000,15.000000,2.000000,5.000000,8097.000000,2266.000000,4820.000000,695.000000,601.000000,3.000000,
0.040916,0.708747,0.350404,0.003370,0.525745,-208963.167273,3.014391,2195607.000000,1874874.000000,3722527.000000,334752.000000,1282372.000000,1952.000000,539.000000,1146.000000,164.000000,144.000000,453.000000,125.000000,266.000000,38.000000,33.000000,2784.000000,769.000000,1633.000000,233.000000,205.000000,15.000000,8.000000,18.000000,3.000000,5.000000,0.000000,6.000000,12.000000,2.000000,4.000000,0.000000,7.000000,15.000000,2.000000,5.000000,8097.000000,2266.000000,4820.000000,695.000000,601.000000,3.000000,
0.040916,0.708747,0.350404,0.003370,0.525745,-208963.167273,3.014391,2195607.000000,1874874.000000,3722527.000000,334752.000000,1282372.000000,1952.000000,539.000000,1146.000000,164.000000,144.000000,453.000000,125.000000,266.000000,38.000000,33.000000,2784.000000,769.000000,1633.000000,233.000000,205.000000,15.000000,8.000000,18.000000,3.000000,5.000000,0.000000,6.000000,12.000000,2.000000,4.000000,0.000000,7.000000,15.000000,2.000000,5.000000,8097.000000,2266.000000,4820.000000,695.000000,601.000000,3.000000,
0.040916,0.708747,0.350404,0.003370,0.525745,-208963.167273,3.014391,2195607.000000,1874874.000000,3722527.000000,334752.000000,1282372.000000,1952.000000,539.000000,1146.000000,164.000000,144.000000,453.000000,125.000000,266.000000,38.000000,33.000000,2784.000000,769.000000,1633.000000,233.000000,205.000000,15.000000,8.000000,18.000000,3.000000,5.000000,0.000000,6.000000,12.000000,2.000000,4.000000,0.000000,7.000000,15.000000,2.000000,5.000000,8097.000000,2266.000000,4820.000000,695.000000,601.000000,3.000000,
0.040916,0.708747,0.350404,0.003370,0.525745,-208963.167273,3.014391,2195607.000000,1874874.000000,3722527.000000,334752.000000,1282372.000000,1952.000000,539.000000,1146.000000,164.000000,144.000000,453.000000,125.000000,266.000000,38.000000,33.000000,2784.000000,769.000000,1633.000000,233.000000,205.000000,15.000000,8.000000,18.000000,3.000000,5.000000,0.000000,6.000000,12.000000,2.000000,4.000000,0.000000,7.000000,15.000000,2.000000,5.000000,8097.000000,2266.000000,4820.000000,695.000000,601.000000,3.000000,
0.040916,0.708747,0.350404,0.003370,0.525745,-208963.167273,3.014391,2195607.000000,1874874.000000,3722527.000000,334752.000000,1282372.000000,1952.000000,539.000000,1146.000000,164.000000,144.000000,453.000000,125.000000,266.000000,38.000000,33.000000,2784.000000,769.000000,1633.000000,233.000000,205.000000,15.000000,8.000000,18.000000,3.000000,5.000000,0.000000,6.000000,12.000000,2.000000,4.000000,0.000000,7.000000,15.000000,2.000000,5.000000,8097.000000,2266.000000,4820.000000,695.000000,601.000000,3.000000,
0.040916,0.708747,0.350404,0.003370,0.525745,-208963.167273,3.014391,2195607.000000,1874874.000000,3722527.000000,334752.000000,1282372.000000,1952.000000,539.000000,1146.000000,164.000000,144.000000,453.000000,125.000000,266.000000,38.000000,33.000000,2784.000000,769.000000,1633.000000,233.000000,205.000000,15.000000,8.000000,18.000000,3.000000,5.000000,0.000000,6.000000,12.000000,2.000000,4.000000,0.000000,7.000000,15.000000,2.000000,5.000000,8097.000000,2266.000000,4820.000000,695.000000,601.000000,3.000000,
0.040916,0.708747,0.350404,0.003370,0.525745,-208963.167273,3.014391,2195607.000000,1874874.000000,3722527.000000,334752.000000,1282372.000000,1952.000000,539.000000,1146.000000,164.000000,144.000000,453.000000,125.000000,266.000000,38.000000,33.000000,2784.000000,769.000000,1633.000000,233.000000,205.000000,15.000000,8.000000,18.000000,3.000000,5.000000,0.000000,6.000000,12.000000,2.000000,4.000000,0.000000,7.000000,15.000000,2.000000,5.000000,8097.000000,2266.000000,4820.000000,695.000000,601.000000,3.000000,
0.040916,0.708747,0.350404,0.003370,0.525745,-208963.167273,3.014391,2195607.000000,1874874.000000,3722527.000000,334752.000000,1282372.000000,1952.000000,539.000000,1146.000000,164.000000,144.000000,453.000000,125.000000,266.000000,38.000000,33.000000,2784.000000,769.000000,1633.000000,233.000000,205.000000,15.000000,8.000000,18.000000,3.000000,5.000000,0.000000,6.000000,12.000000,2.000000,4.000000,0.000000,7.000000,15.000000,2.000000,5.000000,8097.000000,2266.000000,4820.000000,695.000000,601.000000,3.000000,
0.040916,0.708747,0.350404,0.003370,0.525745,-208963.167273,3.014391,2195607.000000,1874874.000000,3722527.000000,334752.000000,1282372.000000,1952.000000,539.000000,1146.000000,164.000000,144.000000,453.000000,125.000000,266.000000,38.000000,33.000000,2784.000000,769.000000,1633.000000,233.000000,205.000000,15.000000,8.000000,18.000000,3.000000,5.000000,0.000000,6.000000,12.000000,2.000000,4.000000,0.000000,7.000000,15.000000,2.000000,5.000000,8097.000000,2266.000000,4820.000000,695.000000,601.000000,3.000000,
0.040916,0.708747,0.350404,0.003370,0.525745,-208963.167273,3.014391,2195607.000000,1874874.000000,3722527.000000,334752.000000,1282372.000000,1952.000000,539.000000,1146.000000,164.000000,144.000000,453.000000,125.000000,266.000000,38.000000,33.000000,2784.000000,769.000000,1633.000000,233.000000,205.000000,15.000000,8.000000,18.000000,3.000000,5.000000,0.000000,6.000000,12.000000,2.000000,4.000000,0.000000,7.000000,15.000000,2.000000,5.000000,8097.000000,2266.000000,4820.000000,695.000000,601.000000,3.000000,
0.040916,0.708747,0.350404,0.003370,0.525745,-208963.167273,3.014391,2195607.000000,1874874.000000,3722527.000000,334752.000000,1282372.000000,1952.000000,539.000000,1146.000000,164.000000,144.000000,453.000000,125.000000,266.000000,38.000000,33.000000,2784.000000,769.000000,1633.000000,233.000000,205.000000,15.000000,8.000000,18.000000,3.000000,5.000000,0.000000,6.000000,12.000000,2.000000,4.000000,0.000000,7.000000,15.000000,2.000000,5.000000,8097.000000,2266.000000,4820.000000,695.000000,601.000000,3.000000,
0.040983,0.528070,0.349664,0.003010,0.538353,-208925.481145,3.017920,2195607.000000,1874874.000000,3722527.000000,334752.000000,1282372.000000,1952.000000,539.000000,1146.000000,164.000000,144.000000,453.000000,125.000000,266.000000,38.000000,33.000000,2784.000000,769.000000,1633.000000,233.000000,205.000000,15.000000,8.000000,18.000000,3.000000,5.000000,0.000000,6.000000,12.000000,2.000000,4.000000,0.000000,7.000000,15.000000,2.000000,5.000000,8097.000000,2266.000000,4820.000000,695.000000,601.000000,3.000000,
0.040983,0.528070,0.349664,0.003010,0.538353,-208925.481145,3.017920,2195607.000000,1874874.000000,3722527.000000,334752.000000,1282372.000000,1952.000000,539.000000,1146.000000,164.000000,144.000000,453.000000,125.000000,266.000000,38.000000,33.000000,2784.000000,769.000000,1633.000000,233.000000,205.000000,15.000000,8.000000,18.000000,3.000000,5.000000,0.000000,6.000000,12.000000,2.000000,4.000000,0.000000,7.000000,15.000000,2.000000,5.000000,8097.000000,2266.000000,4820.000000,695.000000,601.000000,3.000000,
0.041004,0.352758,0.345963,0.003516,0.556806,-208736.809221,3.012634,2195607.000000,1874874.000000,3722527.000000,334752.000000,1282372.000000,1952.000000,539.000000,1146.000000,164.000000,144.000000,453.000000,125.000000,266.000000,38.000000,33.000000,2784.000000,769.000000,1633.000000,233.000000,205.000000,15.000000,8.000000,18.000000,3.000000,5.000000,0.000000,6.000000,12.000000,2.000000,4.000000,0.000000,7.000000,15.000000,2.000000,5.000000,8097.000000,2266.000000,4820.000000,695.000000,601.000000,3.000000,
0.041004,0.352758,0.345963,0.003516,0.556806,-208736.809221,3.012634,2195607.000000,1874874.000000,3722527.000000,334752.000000,1282372.000000,1952.000000,539.000000,1146.000000,164.000000,144.000000,453.000000,125.000000,266.000000,38.000000,33.000000,2784.000000,769.000000,1633.000000,233.000000,205.000000,15.000000,8.000000,18.000000,3.000000,5.000000,0.000000,6.000000,12.000000,2.000000,4.000000,0.000000,7.000000,15.000000,2.000000,5.000000,8097.000000,2266.000000,4820.000000,695.000000,601.000000,3.000000,
0.041004,0.352758,0.345963,0.003516,0.556806,-208736.809221,3.012634,2195607.000000,1874874.000000,3722527.000000,334752.000000,1282372.000000,1952.000000,539.000000,1146.000000,164.000000,144.000000,453.000000,125.000000,266.000000,38.000000,33.000000,2784.000000,769.000000,1633.000000,233.000000,205.000000,15.000000,8.000000,18.000000,3.000000,5.000000,0.000000,6.000000,12.000000,2.000000,4.000000,0.000000,7.000000,15.000000,2.000000,5.000000,8097.000000,2266.000000,4820.000000,695.000000,601.000000,3.000000,
0.041004,0.352758,0.345963,0.003516,0.556806,-208736.809221,3.012634,2195607.000000,1874874.000000,3722527.000000,334752.000000,1282372.000000,1952.000000,539.000000,1146.000000,164.000000,144.000000,453.000000,125.000000,266.000000,38.000000,33.000000,2784.000000,769.000000,1633.000000,233.000000,205.000000,15.000000,8.000000,18.000000,3.000000,5.000000,0.000000,6.000000,12.000000,2.000000,4.000000,0.000000,7.000000,15.000000,2.000000,5.000000,8097.000000,2266.000000,4820.000000,695.000000,601.000000,3.000000,
0.040901,0.262618,0.354509,0.003268,0.503166,-209173.745548,3.020822,2195607.000000,1874874.000000,3722527.000000,334752.000000,1282372.000000,1952.000000,539.000000,1146.000000,164.000000,144.000000,453.000000,125.000000,266.000000,38.000000,33.000000,2784.000000,769.000000,1633.000000,233.000000,205.000000,15.000000,8.000000,18.000000,3.000000,5.000000,0.000000,6.000000,12.000000,2.000000,4.000000,0.000000,7.000000,15.000000,2.000000,5.000000,8097.000000,2266.000000,4820.000000,695.000000,601.000000,3.000000,
0.040901,0.262618,0.354509,0.003268,0.503166,-209173.745548,3.020822,2195607.000000,1874874.000000,3722527.000000,334752.000000,1282372.000000,1952.000000,539.000000,1146.000000,164.000000,144.000000,453.000000,125.000000,266.000000,38.000000,33.000000,2784.000000,769.000000,1633.000000,233.000000,205.000000,15.000000,8.000000,18.000000,3.000000,5.000000,0.000000,6.000000,12.000000,2.000000,4.000000,0.000000,7.000000,15.000000,2.000000,5.000000,8097.000000,2266.000000,4820.000000,695.000000,601.000000,3.000000,
0.041873,0.300142,0.294213,0.004627,0.718068,-206190.861505,2.978690,2195607.000000,1874874.000000,3722527.000000,334752.000000,1282372.000000,1952.000000,539.000000,1146.000000,164.000000,144.000000,453.000000,125.000000,266.000000,38.000000,33.000000,2784.000000,769.000000,1633.000000,233.000000,205.000000,15.000000,8.000000,18.000000,3.000000,5.000000,0.000000,6.000000,12.000000,2.000000,4.000000,0.000000,7.000000,15.000000,2.000000,5.000000,8097.000000,2266.000000,4820.000000,695.000000,601.000000,3.000000,
0.041873,0.300142,0.294213,0.004627,0.718068,-206190.861505,2.978690,2195607.000000,1874874.000000,3722527.000000,334752.000000,1282372.000000,1952.000000,539.000000,1146.000000,164.000000,144.000000,453.000000,125.000000,266.000000,38.000000,33.000000,2784.000000,769.000000,1633.000000,233.000000,205.000000,15.000000,8.000000,18.000000,3.000000,5.000000,0.000000,6.000000,12.000000,2.000000,4.000000,0.000000,7.000000,15.000000,2.000000,5.000000,8097.000000,2266.000000,4820.000000,695.000000,601.000000,3.000000,
0.041873,0.300142,0.294213,0.004627,0.718068,-206190.861505,2.978690,2195607.000000,1874874.000000,3722527.000000,334752.000000,1282372.000000,1952.000000,539.000000,1146.000000,164.000000,144.000000,453.000000,125.000000,266.000000,38.000000,33.000000,2784.000000,769.000000,1633.000000,233.000000,205.000000,15.000000,8.000000,18.000000,3.000000,5.000000,0.000000,6.000000,12.000000,2.000000,4.000000,0.000000,7.000000,15.000000,2.000000,5.000000,8097.000000,2266.000000,4820.000000,695.000000,601.000000,3.000000,
0.041895,0.277717,0.293928,0.003867,0.761949,-206177.329619,2.979691,2195607.000000,1874874.000000,3722527.000000,334752.000000,1282372.000000,1952.000000,539.000000,1146.000000,164.000000,144.000000,453.000000,125.000000,266.000000,38.000000,33.000000,2784.000000,769.000000,1633.000000,233.000000,205.000000,15.000000,8.000000,18.000000,3.000000,5.000000,0.000000,6.000000,12.000000,2.000000,4.000000,0.000000,7.000000,15.000000,2.000000,5.000000,8097.000000,2266.000000,4820.000000,695.000000,601.000000,3.000000,
0.041895,0.277717,0.293928,0.003867,0.761949,-206177.329619,2.979691,2195607.000000,1874874.000000,3722527.000000,334752.000000,1282372.000000,1952.000000,539.000000,1146.000000,164.000000,144.000000,453.000000,125.000000,266.000000,38.000000,33.000000,2784.000000,769.000000,1633.000000,233.000000,205.000000,15.000000,8.000000,18.000000,3.000000,5.000000,0.000000,6.000000,12.000000,2.000000,4.000000,0.000000,7.000000,15.000000,2.000000,5.000000,8097.000000,2266.000000,4820.000000,695.000000,601.000000,3.000000,
0.041895,0.277717,0.293928,0.003867,0.761949,-206177.329619,2.979691,2195607.000000,1874874.000000,3722527.000000,334752.000000,1282372.000000,1952.000000,539.000000,1146.000000,164.000000,144.000000,453.000000,125.000000,266.000000,38.000000,33.000000,2784.000000,769.000000,1633.000000,233.000000,205.000000,15.000000,8.000000,18.000000,3.000000,5.000000,0.000000,6.000000,12.000000,2.000000,4.000000,0.000000,7.000000,15.000000,2.000000,5.000000,8097.000000,2266.000000,4820.000000,695.000000,601.000000,3.000000,
0.041895,0.277717,0.293928,0.003867,0.761949,-206177.329619,2.979691,2195607.000000,1874874.000000,3722527.000000,334752.000000,1282372.000000,1952.000000,539.000000,1146.000000,164.000000,144.000000,453.000000,125.000000,266.000000,38.000000,33.000000,2784.000000,769.000000,1633.000000,233.000000,205.000000,15.000000,8.000000,18.000000,3.000000,5.000000,0.000000,6.000000,12.000000,2.000000,4.000000,0.000000,7.000000,15.000000,2.000000,5.000000,8097.000000,2266.000000,4820.000000,695.000000,601.000000,3.000000,
0.041895,0.277717,0.293928,0.003867,0.761949,-206177.329619,2.979691,2195607.000000,1874874.000000,3722527.000000,334752.000000,1282372.000000,1952.000000,539.000000,1146.000000,164.000000,144.000000,453.000000,125.000000,266.000000,38.000000,33.000000,2784.000000,769.000000,1633.000000,233.000000,205.000000,15.000000,8.000000,18.000000,3.000000,5.000000,0.000000,6.000000,12.000000,2.000000,4.000000,0.000000,7.000000,15.000000,2.000000,5.000000,8097.000000,2266.000000,4820.000000,695.000000,601.000000,3.000000,
0.041895,0.277717,0.293928,0.003867,0.761949,-206177.329619,2.979691,2195607.000000,1874874.000000,3722527.000000,334752.000000,1282372.000000,1952.000000,539.000000,1146.000000,164.000000,144.000000,453.000000,125.000000,266.000000,38.000000,33.000000,2784.000000,769.000000,1633.000000,233.000000,205.000000,15.000000,8.000000,18.000000,3.000000,5.000000,0.000000,6.000000,12.000000,2.000000,4.000000,0.000000,7.000000,15.000000,2.000000,5.000000,8097.000000,2266.000000,4820.000000,695.000000,601.000000,3.000000,
0.041796,0.173489,0.301577,0.002710,0.691038,-206543.044706,2.987060,2195607.000000,1874874.000000,3722527.000000,334752.000000,1282372.000000,1952.000000,539.000000,1146.000000,164.000000,144.000000,453.000000,125.000000,266.000000,38.000000,33.000000,2784.000000,769.000000,1633.000000,233.000000,205.000000,15.000000,8.000000,18.000000,3.000000,5.000000,0.000000,6.000000,12.000000,2.000000,4.000000,0.000000,7.000000,15.000000,2.000000,5.000000,8097.000000,2266.000000,4820.000000,695.000000,601.000000,3.000000,
0.041796,0.173489,0.301577,0.002710,0.691038,-206543.044706,2.987060,2195607.000000,1874874.000000,3722527.000000,334752.000000,1282372.000000,1952.000000,539.000000,1146.000000,164.000000,144.000000,453.000000,125.000000,266.000000,38.000000,33.000000,2784.000000,769.000000,1633.000000,233.000000,205.000000,15.000000,8.000000,18.000000,3.000000,5.000000,0.000000,6.000000,12.000000,2.000000,4.000000,0.000000,7.000000,15.000000,2.000000,5.000000,8097.000000,2266.000000,4820.000000,695.000000,601.000000,3.000000,
0.041796,0.173489,0.301577,0.002710,0.691038,-206543.044706,2.987060,2195607.000000,1874874.000000,3722527.000000,334752.000000,1282372.000000,1952.000000,539.000000,1146.000000,164.000000,144.000000,453.000000,125.000000,266.000000,38.000000,33.000000,2784.000000,769.000000,1633.000000,233.000000,205.000000,15.000000,8.000000,18.000000,3.000000,5.000000,0.000000,6.000000,12.000000,2.000000,4.000000,0.000000,7.000000,15.000000,2.000000,5.000000,8097.000000,2266.000000,4820.000000,695.000000,601.000000,3.000000,
0.041796,0.173489,0.301577,0.002710,0.691038,-206543.044706,2.987060,2195607.000000,1874874.000000,3722527.000000,334752.000000,1282372.000000,1952.000000,539.000000,1146.000000,164.000000,144.000000,453.000000,125.000000,266.000000,38.000000,33.000000,2784.000000,769.000000,1633.000000,233.000000,205.000000,15.000000,8.000000,18.000000,3.000000,5.000000,0.000000,6.000000,12.000000,2.000000,4.000000,0.000000,7.000000,15.000000,2.000000,5.000000,8097.000000,2266.000000,4820.000000,695.000000,601.000000,3.000000,
0.041796,0.173489,0.301577,0.002710,0.691038,-206543.044706,2.987060,2195607.000000,1874874.000000,3722527.000000,334752.000000,1282372.000000,1952.000000,539.000000,1146.000000,164.000000,144.000000,453.000000,125.000000,266.000000,38.000000,33.000000,2784.000000,769.000000,1633.000000,233.000000,205.000000,15.000000,8.000000,18.000000,3.000000,5.000000,0.000000,6.000000,12.000000,2.000000,4.000000,0.000000,7.000000,15.000000,2.000000,5.000000,8097.000000,2266.000000,4820.000000,695.000000,601.000000,3.000000,
0.041796,0.173489,0.301577,0.002710,0.691038,-206543.044706,2.987060,2195607.000000,1874874.000000,3722527.000000,334752.000000,1282372.000000,1952.000000,539.000000,1146.000000,164.000000,144.000000,453.000000,125.000000,266.000000,38.000000,33.000000,2784.000000,769.000000,1633.000000,233.000000,205.000000,15.000000,8.000000,18.000000,3.000000,5.000000,0.000000,6.000000,12.000000,2.000000,4.000000,0.000000,7.000000,15.000000,2.000000,5.000000,8097.000000,2266.000000,4820.000000,695.000000,601.000000,3.000000,
0.041796,0.173489,0.301577,0.002710,0.691038,-206543.044706,2.987060,2195607.000000,1874874.000000,3722527.000000,334752.000000,1282372.000000,1952.000000,539.000000,1146.000000,164.000000,144.000000,453.000000,125.000000,266.000000,38.000000,33.000000,2784.000000,769.000000,1633.000000,233.000000,205.000000,15.000000,8.000000,18.000000,3.000000,5.000000,0.000000,6.000000,12.000000,2.000000,4.000000,0.000000,7.000000,15.000000,2.000000,5.000000,8097.000000,2266.000000,4820.000000,695.000000,601.000000,3.000000,
0.041796,0.173489,0.301577,0.002710,0.691038,-206543.044706,2.987060,2195607.000000,1874874.000000,3722527.000000,334752.000000,1282372.000000,1952.000000,539.000000,1146.000000,164.000000,144.000000,453.000000,125.000000,266.000000,38.000000,33.000000,2784.000000,769.000000,1633.000000,233.000000,205.000000,15.000000,8.000000,18.000000,3.000000,5.000000,0.000000,6.000000,12.000000,2.000000,4.000000,0.000000,7.000000,15.000000,2.000000,5.000000,8097.000000,2266.000000,4820.000000,695.000000,601.000000,3.000000,
0.041796,0.173489,0.301577,0.002710,0.691038,-206543.044706,2.987060,2195607.000000,1874874.000000,3722527.000000,334752.000000,1282372.000000,1952.000000,539.000000,1146.000000,164.000000,144.000000,453.000000,125.000000,266.000000,38.000000,33.000000,2784.000000,769.000000,1633.000000,233.000000,205.000000,15.000000,8.000000,18.000000,3.000000,5.000000,0.000000,6.000000,12.000000,2.000000,4.000000,0.000000,7.000000,15.000000,2.000000,5.000000,8097.000000,2266.000000,4820.000000,695.000000,601.000000,3.000000,
0.041796,0.173489,0.301577,0.002710,0.691038,-206543.044706,2.987060,2195607.000000,1874874.000000,3722527.000000,334752.000000,1282372.000000,1952.000000,539.000000,1146.000000,164.000000,144.000000,453.000000,125.000000,266.000000,38.000000,33.000000,2784.000000,769.000000,1633.000000,233.000000,205.000000,15.000000,8.000000,18.000000,3.000000,5.000000,0.000000,6.000000,12.000000,2.000000,4.000000,0.000000,7.000000,15.000000,2.000000,5.000000,8097.000000,2266.000000,4820.000000,695.000000,601.000000,3.000000,
0.041796,0.173489,0.301577,0.002710,0.691038,-206543.044706,2.987060,2195607.000000,1874874.000000,3722527.000000,334752.000000,1282372.000000,1952.000000,539.000000,1146.000000,164.000000,144.000000,453.000000,125.000000,266.000000,38.000000,33.000000,2784.000000,769.000000,1633.000000,233.000000,205.000000,15.000000,8.000000,18.000000,3.000000,5.000000,0.000000,6.000000,12.000000,2.000000,4.000000,0.000000,7.000000,15.000000,2.000000,5.000000,8097.000000,2266.000000,4820.000000,695.000000,601.000000,3.000000,
0.041688,0.391670,0.305485,0.002926,0.645464,-206731.178729,2.986745,2195607.000000,1874874.000000,3722527.000000,334752.000000,1282372.000000,1952.000000,539.000000,1146.000000,164.000000,144.000000,453.000000,125.000000,266.000000,38.000000,33.000000,2784.000000,769.000000,1633.000000,233.000000,205.000000,15.000000,8.000000,18.000000,3.000000,5.000000,0.000000,6.000000,12.000000,2.000000,4.000000,0.000000,7.000000,15.000000,2.000000,5.000000,8097.000000,2266.000000,4820.000000,695.000000,601.000000,3.000000,
0.041688,0.391670,0.305485,0.002926,0.645464,-206731.178729,2.986745,2195607.000000,1874874.000000,3722527.000000,334752.000000,1282372.000000,1952.000000,539.000000,1146.000000,164.000000,144.000000,453.000000,125.000000,266.000000,38.000000,33.000000,2784.000000,769.000000,1633.000000,233.000000,205.000000,15.000000,8.000000,18.000000,3.000000,5.000000,0.000000,6.000000,12.000000,2.000000,4.000000,0.000000,7.000000,15.000000,2.000000,5.000000,8097.000000,2266.000000,4820.000000,695.000000,601.000000,3.000000,
0.041688,0.391670,0.305485,0.002926,0.645464,-206731.178729,2.986745,2195607.000000,1874874.000000,3722527.000000,334752.000000,1282372.000000,1952.000000,539.000000,1146.000000,164.000000,144.000000,453.000000,125.000000,266.000000,38.000000,33.000000,2784.000000,769.000000,1633.000000,233.000000,205.000000,15.000000,8.000000,18.000000,3.000000,5.000000,0.000000,6.000000,12.000000,2.000000,4.000000,0.000000,7.000000,15.000000,2.000000,5.000000,8097.000000,2266.000000,4820.000000,695.000000,601.000000,3.000000,
0.041688,0.391670,0.305485,0.002926,0.645464,-206731.178729,2.986745,2195607.000000,1874874.000000,3722527.000000,334752.000000,1282372.000000,1952.000000,539.000000,1146.000000,164.000000,144.000000,453.000000,125.000000,266.000000,38.000000,33.000000,2784.000000,769.000000,1633.000000,233.000000,205.000000,15.000000,8.000000,18.000000,3.000000,5.000000,0.000000,6.000000,12.000000,2.000000,4.000000,0.000000,7.000000,15.000000,2.000000,5.000000,8097.000000,2266.000000,4820.000000,695.000000,601.000000,3.000000,
0.041688,0.391670,0.305485,0.002926,0.645464,-206731.178729,2.986745,2195607.000000,1874874.000000,3722527.000000,334752.000000,1282372.000000,1952.000000,539.000000,1146.000000,164.000000,144.000000,453.000000,125.000000,266.000000,38.000000,33.000000,2784.000000,769.000000,1633.000000,233.000000,205.000000,15.000000,8.000000,18.000000,3.000000,5.000000,0.000000,6.000000,12.000000,2.000000,4.000000,0.000000,7.000000,15.000000,2.000000,5.000000,8097.000000,2266.000000,4820.000000,695.000000,601.000000,3.000000,
0.041688,0.391670,0.305485,0.002926,0.645464,-206731.178729,2.986745,2195607.000000,1874874.000000,3722527.000000,334752.000000,1282372.000000,1952.000000,539.000000,1146.000000,164.000000,144.000000,453.000000,125.000000,266.000000,38.000000,33.000000,2784.000000,769.000000,1633.000000,233.000000,205.000000,15.000000,8.000000,18.000000,3.000000,5.000000,0.000000,6.000000,12.000000,2.000000,4.000000,0.000000,7.000000,15.000000,2.000000,5.000000,8097.000000,2266.000000,4820.000000,695.000000,601.000000,3.000000,
0.041688,0.391670,0.305485,0.002926,0.645464,-206731.178729,2.986745,2195607.000000,1874874.000000,3722527.000000,334752.000000,1282372.000000,1952.000000,539.000000,1146.000000,164.000000,144.000000,453.000000,125.000000,266.000000,38.000000,33.000000,2784.000000,769.000000,1633.000000,233.000000,205.000000,15.000000,8.000000,18.000000,3.000000,5.000000,0.000000,6.000000,12.000000,2.000000,4.000000,0.000000,7.000000,15.000000,2.000000,5.000000,8097.000000,2266.000000,4820.000000,695.000000,601.000000,3.000000,
0.041688,0.391670,0.305485,0.002926,0.645464,-206731.178729,2.986745,2195607.000000,1874874.000000,3722527.000000,334752.000000,1282372.000000,1952.000000,539.000000,1146.000000,164.000000,144.000000,453.000000,125.000000,266.000000,38.000000,33.000000,2784.000000,769.000000,1633.000000,233.000000,205.000000,15.000000,8.000000,18.000000,3.000000,5.000000,0.000000,6.000000,12.000000,2.000000,4.000000,0.000000,7.000000,15.000000,2.000000,5.000000,8097.000000,2266.000000,4820.000000,695.000000,601.000000,3.000000,
0.041688,0.391670,0.305485,0.002926,0.645464,-206731.178729,2.986745,2195607.000000,1874874.000000,3722527.000000,334752.000000,1282372.000000,1952.000000,539.000000,1146.000000,164.000000,144.000000,453.000000,125.000000,266.000000,38.000000,33.000000,2784.000000,769.000000,1633.000000,233.000000,205.000000,15.000000,8.000000,18.000000,3.000000,5.000000,0.000000,6.000000,12.000000,2.000000,4.000000,0.000000,7.000000,15.000000,2.000000,5.000000,8097.000000,2266.000000,4820.000000,695.000000,601.000000,3.000000,
0.041480,0.281088,0.315042,0.001610,0.707715,-207195.267425,2.989696,2195607.000000,1874874.000000,3722527.000000,334752.000000,1282372.000000,1952.000000,539.000000,1146.000000,164.000000,144.000000,453.000000,125.000000,266.000000,38.000000,33.000000,2784.000000,769.000000,1633.000000,233.000000,205.000000,15.000000,8.000000,18.000000,3.000000,5.000000,0.000000,6.000000,12.000000,2.000000,4.000000,0.000000,7.000000,15.000000,2.000000,5.000000,8097.000000,2266.000000,4820.000000,695.000000,601.000000,3.000000,
0.041480,0.281088,0.315042,0.001610,0.707715,-207195.267425,2.989696,2195607.000000,1874874.000000,3722527.000000,334752.000000,1282372.000000,1952.000000,539.000000,1146.000000,164.000000,144.000000,453.000000,125.000000,266.000000,38.000000,33.000000,2784.000000,769.000000,1633.000000,233.000000,205.000000,15.000000,8.000000,18.000000,3.000000,5.000000,0.000000,6.000000,12.000000,2.000000,4.000000,0.000000,7.000000,15.000000,2.000000,5.000000,8097.000000,2266.000000,4820.000000,695.000000,601.000000,3.000000,
0.041480,0.281088,0.315042,0.001610,0.707715,-207195.267425,2.989696,2195607.000000,1874874.000000,3722527.000000,334752.000000,1282372.000000,1952.000000,539.000000,1146.000000,164.000000,144.000000,453.000000,125.000000,266.000000,38.000000,33.000000,2784.000000,769.000000,1633.000000,233.000000,205.000000,15.000000,8.000000,18.000000,3.000000,5.000000,0.000000,6.000000,12.000000,2.000000,4.000000,0.000000,7.000000,15.000000,2.000000,5.000000,8097.000000,2266.000000,4820.000000,695.000000,601.000000,3.000000,
0.041480,0.281088,0.315042,0.001610,0.707715,-207195.267425,2.989696,2195607.000000,1874874.000000,3722527.000000,334752.000000,1282372.000000,1952.000000,539.000000,1146.000000,164.000000,144.000000,453.000000,125.000000,266.000000,38.000000,33.000000,2784.000000,769.000000,1633.000000,233.000000,205.000000,15.000000,8.000000,18.000000,3.000000,5.000000,0.000000,6.000000,12.000000,2.000000,4.000000,0.000000,7.000000,15.000000,2.000000,5.000000,8097.000000,2266.000000,4820.000000,695.000000,601.000000,3.000000,
0.041442,0.356850,0.319256,0.001188,0.678508,-207401.832787,2.994857,2195607.000000,1874874.000000,3722527.000000,334752.000000,1282372.000000,1952.000000,539.000000,1146.000000,164.000000,144.000000,453.000000,125.000000,266.000000,38.000000,33.000000,2784.000000,769.000000,1633.000000,233.000000,205.000000,15.000000,8.000000,18.000000,3.000000,5.000000,0.000000,6.000000,12.000000,2.000000,4.000000,0.000000,7.000000,15.000000,2.000000,5.000000,8097.000000,2266.000000,4820.000000,695.000000,601.000000,3.000000,
0.041442,0.356850,0.319256,0.001188,0.678508,-207401.832787,2.994857,2195607.000000,1874874.000000,3722527.000000,334752.000000,1282372.000000,1952.000000,539.000000,1146.000000,164.000000,144.000000,453.000000,125.000000,266.000000,38.000000,33.000000,2784.000000,769.000000,1633.000000,233.000000,205.000000,15.000000,8.000000,18.000000,3.000000,5.000000,0.000000,6.000000,12.000000,2.000000,4.000000,0.000000,7.000000,15.000000,2.000000,5.000000,8097.000000,2266.000000,4820.000000,695.000000,601.000000,3.000000,
0.041442,0.356850,0.319256,0.001188,0.678508,-207401.832787,2.994857,2195607.000000,1874874.000000,3722527.000000,334752.000000,1282372.000000,1952.000000,539.000000,1146.000000,164.000000,144.000000,453.000000,125.000000,266.000000,38.000000,33.000000,2784.000000,769.000000,1633.000000,233.000000,205.000000,15.000000,8.000000,18.000000,3.000000,5.000000,0.000000,6.000000,12.000000,2.000000,4.000000,0.000000,7.000000,15.000000,2.000000,5.000000,8097.000000,2266.000000,4820.000000,695.000000,601.000000,3.000000,
0.041442,0.356850,0.319256,0.001188,0.678508,-207401.832787,2.994857,2195607.000000,1874874.000000,3722527.000000,334752.000000,1282372.000000,1952.000000,539.000000,1146.000000,164.000000,144.000000,453.000000,125.000000,266.000000,38.000000,33.000000,2784.000000,769.000000,1633.000000,233.000000,205.000000,15.000000,8.000000,18.000000,3.000000,5.000000,0.000000,6.000000,12.000000,2.000000,4.000000,0.000000,7.000000,15.000000,2.000000,5.000000,8097.000000,2266.000000,4820.000000,695.000000,601.000000,3.000000,
0.041442,0.356850,0.319256,0.001188,0.678508,-207401.832787,2.994857,2195607.000000,1874874.000000,3722527.000000,334752.000000,1282372.000000,1952.000000,539.000000,1146.000000,164.000000,144.000000,453.000000,125.000000,266.000000,38.000000,33.000000,2784.000000,769.000000,1633.000000,233.000000,205.000000,15.000000,8.000000,18.000000,3.000000,5.000000,0.000000,6.000000,12.000000,2.000000,4.000000,0.000000,7.000000,15.000000,2.000000,5.000000,8097.000000,2266.000000,4820.000000,695.000000,601.000000,3.000000,
0.041442,0.356850,0.319256,0.001188,0.678508,-207401.832787,2.994857,2195607.000000,1874874.000000,3722527.000000,334752.000000,1282372.000000,1952.000000,539.000000,1146.000000,164.000000,144.000000,453.000000,125.000000,266.000000,38.000000,33.000000,2784.000000,769.000000,1633.000000,233.000000,205.000000,15.000000,8.000000,18.000000,3.000000,5.000000,0.000000,6.000000,12.000000,2.000000,4.000000,0.000000,7.000000,15.000000,2.000000,5.000000,8097.000000,2266.000000,4820.000000,695.000000,601.000000,3.000000,
0.041442,0.356850,0.319256,0.001188,0.678508,-207401.832787,2.994857,2195607.000000,1874874.000000,3722527.000000,334752.000000,1282372.000000,1952.000000,539.000000,1146.000000,164.000000,144.000000,453.000000,125.000000,266.000000,38.000000,33.000000,2784.000000,769.000000,1633.000000,233.000000,205.000000,15.000000,8.000000,18.000000,3.000000,5.000000,0.000000,6.000000,12.000000,2.000000,4.000000,0.000000,7.000000,15.000000,2.000000,5.000000,8097.000000,2266.000000,4820.000000,695.000000,601.000000,3.000000,
0.041442,0.356850,0.319256,0.001188,0.678508,-207401.832787,2.994857,2195607.000000,1874874.000000,3722527.000000,334752.000000,1282372.000000,1952.000000,539.000000,1146.000000,164.000000,144.000000,453.000000,125.000000,266.000000,38.000000,33.000000,2784.000000,769.000000,1633.000000,233.000000,205.000000,15.000000,8.000000,18.000000,3.000000,5.000000,0.000000,6.000000,12.000000,2.000000,4.000000,0.000000,7.000000,15.000000,2.000000,5.000000,8097.000000,2266.000000,4820.000000,695.000000,601.000000,3.000000,
0.041442,0.356850,0.319256,0.001188,0.678508,-207401.832787,2.994857,2195607.000000,1874874.000000,3722527.000000,334752.000000,1282372.000000,1952.000000,539.000000,1146.000000,164.000000,144.000000,453.000000,125.000000,266.000000,38.000000,33.000000,2784.000000,769.000000,1633.000000,233.000000,205.000000,15.000000,8.000000,18.000000,3.000000,5.000000,0.000000,6.000000,12.000000,2.000000,4.000000,0.000000,7.000000,15.000000,2.000000,5.000000,8097.000000,2266.000000,4820.000000,695.000000,601.000000,3.000000,
0.041442,0.356850,0.319256,0.001188,0.678508,-207401.832787,2.994857,2195607.000000,1874874.000000,3722527.000000,334752.000000,1282372.000000,1952.000000,539.000000,1146.000000,164.000000,144.000000,453.000000,125.000000,266.000000,38.000000,33.000000,2784.000000,769.000000,1633.000000,233.000000,205.000000,15.000000,8.000000,18.000000,3.000000,5.000000,0.000000,6.000000,12.000000,2.000000,4.000000,0.000000,7.000000,15.000000,2.000000,5.000000,8097.000000,2266.000000,4820.000000,695.000000,601.000000,3.000000,
0.041442,0.356850,0.319256,0.001188,0.678508,-207401.832787,2.994857,2195607.000000,1874874.000000,3722527.000000,334752.000000,1282372.000000,1952.000000,539.000000,1146.000000,164.000000,144.000000,453.000000,125.000000,266.000000,38.000000,33.000000,2784.000000,769.000000,1633.000000,233.000000,205.000000,15.000000,8.000000,18.000000,3.000000,5.000000,0.000000,6.000000,12.000000,2.000000,4.000000,0.000000,7.000000,15.000000,2.000000,5.000000,8097.000000,2266.000000,4820.000000,695.000000,601.000000,3.000000,
0.041442,0.356850,0.319256,0.001188,0.678508,-207401.832787,2.994857,2195607.000000,1874874.000000,3722527.000000,334752.000000,1282372.000000,1952.000000,539.000000,1146.000000,164.000000,144.000000,453.000000,125.000000,266.000000,38.000000,33.000000,2784.000000,769.000000,1633.000000,233.000000,205.000000,15.000000,8.000000,18.000000,3.000000,5.000000,0.000000,6.000000,12.000000,2.000000,4.000000,0.000000,7.000000,15.000000,2.000000,5.000000,8097.000000,2266.000000,4820.000000,695.000000,601.000000,3.000000,
0.041442,0.356850,0.319256,0.001188,0.678508,-207401.832787,2.994857,2195607.000000,1874874.000000,3722527.000000,334752.000000,1282372.000000,1952.000000,539.000000,1146.000000,164.000000,144.000000,453.000000,125.000000,266.000000,38.000000,33.000000,2784.000000,769.000000,1633.000000,233.000000,205.000000,15.000000,8.000000,18.000000,3.000000,5.000000,0.000000,6.000000,12.000000,2.000000,4.000000,0.000000,7.000000,15.000000,2.000000,5.000000,8097.000000,2266.000000,4820.000000,695.000000,601.000000,3.000000,
0.041414,0.222265,0.321666,0.001446,0.697978,-207520.486234,2.997343,2195607.000000,1874874.000000,3722527.000000,334752.000000,1282372.000000,1952.000000,539.000000,1146.000000,164.000000,144.000000,453.000000,125.000000,266.000000,38.000000,33.000000,2784.000000,769.000000,1633.000000,233.000000,205.000000,15.000000,8.000000,18.000000,3.000000,5.000000,0.000000,6.000000,12.000000,2.000000,4.000000,0.000000,7.000000,15.000000,2.000000,5.000000,8097.000000,2266.000000,4820.000000,695.000000,601.000000,3.000000,
0.041414,0.222265,0.321666,0.001446,0.697978,-207520.486234,2.997343,2195607.000000,1874874.000000,3722527.000000,334752.000000,1282372.000000,1952.000000,539.000000,1146.000000,164.000000,144.000000,453.000000,125.000000,266.000000,38.000000,33.000000,2784.000000,769.000000,1633.000000,233.000000,205.000000,15.000000,8.000000,18.000000,3.000000,5.000000,0.000000,6.000000,12.000000,2.000000,4.000000,0.000000,7.000000,15.000000,2.000000,5.000000,8097.000000,2266.000000,4820.000000,695.000000,601.000000,3.000000,
0.041443,0.177834,0.319531,0.002894,0.630984,-207415.401513,2.995451,2195607.000000,1874874.000000,3722527.000000,334752.000000,1282372.000000,1952.000000,539.000000,1146.000000,164.000000,144.000000,453.000000,125.000000,266.000000,38.000000,33.000000,2784.000000,769.000000,1633.000000,233.000000,205.000000,15.000000,8.000000,18.000000,3.000000,5.000000,0.000000,6.000000,12.000000,2.000000,4.000000,0.000000,7.000000,15.000000,2.000000,5.000000,8097.000000,2266.000000,4820.000000,695.000000,601.000000,3.000000,
0.041443,0.177834,0.319531,0.002894,0.630984,-207415.401513,2.995451,2195607.000000,1874874.000000,3722527.000000,334752.000000,1282372.000000,1952.000000,539.000000,1146.000000,164.000000,144.000000,453.000000,125.000000,266.000000,38.000000,33.000000,2784.000000,769.000000,1633.000000,233.000000,205.000000,15.000000,8.000000,18.000000,3.000000,5.000000,0.000000,6.000000,12.000000,2.000000,4.000000,0.000000,7.000000,15.000000,2.000000,5.000000,8097.000000,2266.000000,4820.000000,695.000000,601.000000,3.000000,
0.041443,0.177834,0.319531,0.002894,0.630984,-207415.401513,2.995451,2195607.000000,1874874.000000,3722527.000000,334752.000000,1282372.000000,1952.000000,539.000000,1146.000000,164.000000,144.000000,453.000000,125.000000,266.000000,38.000000,33.000000,2784.000000,769.000000,1633.000000,233.000000,205.000000,15.000000,8.000000,18.000000,3.000000,5.000000,0.000000,6.000000,12.000000,2.000000,4.000000,0.000000,7.000000,15.000000,2.000000,5.000000,8097.000000,2266.000000,4820.000000,695.000000,601.000000,3.000000,
0.041443,0.177834,0.319531,0.002894,0.630984,-207415.401513,2.995451,2195607.000000,1874874.000000,3722527.000000,334752.000000,1282372.000000,1952.000000,539.000000,1146.000000,164.000000,144.000000,453.000000,125.000000,266.000000,38.000000,33.000000,2784.000000,769.000000,1633.000000,233.000000,205.000000,15.000000,8.000000,18.000000,3.000000,5.000000,0.000000,6.000000,12.000000,2.000000,4.000000,0.000000,7.000000,15.000000,2.000000,5.000000,8097.000000,2266.000000,4820.000000,695.000000,601.000000,3.000000,
0.041443,0.177834,0.319531,0.002894,0.630984,-207415.401513,2.995451,2195607.000000,1874874.000000,3722527.000000,334752.000000,1282372.000000,1952.000000,539.000000,1146.000000,164.000000,144.000000,453.000000,125.000000,266.000000,38.000000,33.000000,2784.000000,769.000000,1633.000000,233.000000,205.000000,15.000000,8.000000,18.000000,3.000000,5.000000,0.000000,6.000000,12.000000,2.000000,4.000000,0.000000,7.000000,15.000000,2.000000,5.000000,8097.000000,2266.000000,4820.000000,695.000000,601.000000,3.000000,
0.041349,0.255492,0.318973,0.002202,0.658830,-207387.785339,2.987626,2195607.000000,1874874.000000,3722527.000000,334752.000000,1282372.000000,1952.000000,539.000000,1146.000000,164.000000,144.000000,453.000000,125.000000,266.000000,38.000000,33.000000,2784.000000,769.000000,1633.000000,233.000000,205.000000,15.000000,8.000000,18.000000,3.000000,5.000000,0.000000,6.000000,12.000000,2.000000,4.000000,0.000000,7.000000,15.000000,2.000000,5.000000,8097.000000,2266.000000,4820.000000,695.000000,601.000000,3.000000,
0.041349,0.255492,0.318973,0.002202,0.658830,-207387.785339,2.987626,2195607.000000,1874874.000000,3722527.000000,334752.000000,1282372.000000,1952.000000,539.000000,1146.000000,164.000000,144.000000,453.000000,125.000000,266.000000,38.000000,33.000000,2784.000000,769.000000,1633.000000,233.000000,205.000000,15.000000,8.000000,18.000000,3.000000,5.000000,0.000000,6.000000,12.000000,2.000000,4.000000,0.000000,7.000000,15.000000,2.000000,5.000000,8097.000000,2266.000000,4820.000000,695.000000,601.000000,3.000000,
0.041349,0.255492,0.318973,0.002202,0.658830,-207387.785339,2.987626,2195607.000000,1874874.000000,3722527.000000,334752.000000,1282372.000000,1952.000000,539.000000,1146.000000,164.000000,144.000000,453.000000,125.000000,266.000000,38.000000,33.000000,2784.000000,769.000000,1633.000000,233.000000,205.000000,15.000000,8.000000,18.000000,3.000000,5.000000,0.000000,6.000000,12.000000,2.000000,4.000000,0.000000,7.000000,15.000000,2.000000,5.000000,8097.000000,2266.000000,4820.000000,695.000000,601.000000,3.000000,
0.041352,0.411995,0.320380,0.002808,0.668547,-207457.006543,2.990413,2195607.000000,1874874.000000,3722527.000000,334752.000000,1282372.000000,1952.000000,539.000000,1146.000000,164.000000,144.000000,453.000000,125.000000,266.000000,38.000000,33.000000,2784.000000,769.000000,1633.000000,233.000000,205.000000,15.000000,8.000000,18.000000,3.000000,5.000000,0.000000,6.000000,12.000000,2.000000,4.000000,0.000000,7.000000,15.000000,2.000000,5.000000,8097.000000,2266.000000,4820.000000,695.000000,601.000000,3.000000,
0.041352,0.411995,0.320380,0.002808,0.668547,-207457.006543,2.990413,2195607.000000,1874874.000000,3722527.000000,334752.000000,1282372.000000,1952.000000,539.000000,1146.000000,164.000000,144.000000,453.000000,125.000000,266.000000,38.000000,33.000000,2784.000000,769.000000,1633.000000,233.000000,205.000000,15.000000,8.000000,18.000000,3.000000,5.000000,0.000000,6.000000,12.000000,2.000000,4.000000,0.000000,7.000000,15.000000,2.000000,5.000000,8097.000000,2266.000000,4820.000000,695.000000,601.000000,3.000000,
0.041133,0.589955,0.331400,0.003144,0.675875,-208002.998951,2.995062,2195607.000000,1874874.000000,3722527.000000,334752.000000,1282372.000000,1952.000000,539.000000,1146.000000,164.000000,144.000000,453.000000,125.000000,266.000000,38.000000,33.000000,2784.000000,769.000000,1633.000000,233.000000,205.000000,15.000000,8.000000,18.000000,3.000000,5.000000,0.000000,6.000000,12.000000,2.000000,4.000000,0.000000,7.000000,15.000000,2.000000,5.000000,8097.000000,2266.000000,4820.000000,695.000000,601.000000,3.000000,
0.041133,0.589955,0.331400,0.003144,0.675875,-208002.998951,2.995062,2195607.000000,1874874.000000,3722527.000000,334752.000000,1282372.000000,1952.000000,539.000000,1146.000000,164.000000,144.000000,453.000000,125.000000,266.000000,38.000000,33.000000,2784.000000,769.000000,1633.000000,233.000000,205.000000,15.000000,8.000000,18.000000,3.000000,5.000000,0.000000,6.000000,12.000000,2.000000,4.000000,0.000000,7.000000,15.000000,2.000000,5.000000,8097.000000,2266.000000,4820.000000,695.000000,601.000000,3.000000,
0.041340,0.932882,0.321970,0.003546,0.672764,-207535.344454,2.992528,2195607.000000,1874874.000000,3722527.000000,334752.000000,1282372.000000,1952.000000,539.000000,1146.000000,164.000000,144.000000,453.000000,125.000000,266.000000,38.000000,33.000000,2784.000000,769.000000,1633.000000,233.000000,205.000000,15.000000,8.000000,18.000000,3.000000,5.000000,0.000000,6.000000,12.000000,2.000000,4.000000,0.000000,7.000000,15.000000,2.000000,5.000000,8097.000000,2266.000000,4820.000000,695.000000,601.000000,3.000000,
0.041340,0.932882,0.321970,0.003546,0.672764,-207535.344454,2.992528,2195607.000000,1874874.000000,3722527.000000,334752.000000,1282372.000000,1952.000000,539.000000,1146.000000,164.000000,144.000000,453.000000,125.000000,266.000000,38.000000,33.000000,2784.000000,769.000000,1633.000000,233.000000,205.000000,15.000000,8.000000,18.000000,3.000000,5.000000,0.000000,6.000000,12.000000,2.000000,4.000000,0.000000,7.000000,15.000000,2.000000,5.000000,8097.000000,2266.000000,4820.000000,695.000000,601.000000,3.000000,
0.041340,0.932882,0.321970,0.003546,0.672764,-207535.344454,2.992528,2195607.000000,1874874.000000,3722527.000000,334752.000000,1282372.000000,1952.000000,539.000000,1146.000000,164.000000,144.000000,453.000000,125.000000,266.000000,38.000000,33.000000,2784.000000,769.000000,1633.000000,233.000000,205.000000,15.000000,8.000000,18.000000,3.000000,5.000000,0.000000,6.000000,12.000000,2.000000,4.000000,0.000000,7.000000,15.000000,2.000000,5.000000,8097.000000,2266.000000,4820.000000,695.000000,601.000000,3.000000,
0.041340,0.932882,0.321970,0.003546,0.672764,-207535.344454,2.992528,2195607.000000,1874874.000000,3722527.000000,334752.000000,1282372.000000,1952.000000,539.000000,1146.000000,164.000000,144.000000,453.000000,125.000000,266.000000,38.000000,33.000000,2784.000000,769.000000,1633.000000,233.000000,205.000000,15.000000,8.000000,18.000000,3.000000,5.000000,0.000000,6.000000,12.000000,2.000000,4.000000,0.000000,7.000000,15.000000,2.000000,5.000000,8097.000000,2266.000000,4820.000000,695.000000,601.000000,3.000000,
0.041199,0.444506,0.325066,0.003429,0.657912,-207688.093728,2.988070,2195607.000000,1874874.000000,3722527.000000,334752.000000,1282372.000000,1952.000000,539.000000,1146.000000,164.000000,144.000000,453.000000,125.000000,266.000000,38.000000,33.000000,2784.000000,769.000000,1633.000000,233.000000,205.000000,15.000000,8.000000,18.000000,3.000000,5.000000,0.000000,6.000000,12.000000,2.000000,4.000000,0.000000,7.000000,15.000000,2.000000,5.000000,8097.000000,2266.000000,4820.000000,695.000000,601.000000,3.000000,
0.041354,0.340036,0.318932,0.004872,0.727679,-207385.738180,2.987864,2195607.000000,1874874.000000,3722527.000000,334752.000000,1282372.000000,1952.000000,539.000000,1146.000000,164.000000,144.000000,453.000000,125.000000,266.000000,38.000000,33.000000,2784.000000,769.000000,1633.000000,233.000000,205.000000,15.000000,8.000000,18.000000,3.000000,5.000000,0.000000,6.000000,12.000000,2.000000,4.000000,0.000000,7.000000,15.000000,2.000000,5.000000,8097.000000,2266.000000,4820.000000,695.000000,601.000000,3.000000,
0.041354,0.340036,0.318932,0.004872,0.727679,-207385.738180,2.987864,2195607.000000,1874874.000000,3722527.000000,334752.000000,1282372.000000,1952.000000,539.000000,1146.000000,164.000000,144.000000,453.000000,125.000000,266.000000,38.000000,33.000000,2784.000000,769.000000,1633.000000,233.000000,205.000000,15.000000,8.000000,18.000000,3.000000,5.000000,0.000000,6.000000,12.000000,2.000000,4.000000,0.000000,7.000000,15.000000,2.000000,5.000000,8097.000000,2266.000000,4820.000000,695.000000,601.000000,3.000000,
0.041354,0.340036,0.318932,0.004872,0.727679,-207385.738180,2.987864,2195607.000000,1874874.000000,3722527.000000,334752.000000,1282372.000000,1952.000000,539.000000,1146.000000,164.000000,144.000000,453.000000,125.000000,266.000000,38.000000,33.000000,2784.000000,769.000000,1633.000000,233.000000,205.000000,15.000000,8.000000,18.000000,3.000000,5.000000,0.000000,6.000000,12.000000,2.000000,4.000000,0.000000,7.000000,15.000000,2.000000,5.000000,8097.000000,2266.000000,4820.000000,695.000000,601.000000,3.000000,
0.041293,0.191882,0.321883,0.004331,0.625908,-207530.942887,2.988956,2195607.000000,1874874.000000,3722527.000000,334752.000000,1282372.000000,1952.000000,539.000000,1146.000000,164.000000,144.000000,453.000000,125.000000,266.000000,38.000000,33.000000,2784.000000,769.000000,1633.000000,233.000000,205.000000,15.000000,8.000000,18.000000,3.000000,5.000000,0.000000,6.000000,12.000000,2.000000,4.000000,0.000000,7.000000,15.000000,2.000000,5.000000,8097.000000,2266.000000,4820.000000,695.000000,601.000000,3.000000,
0.041293,0.191882,0.321883,0.004331,0.625908,-207530.942887,2.988956,2195607.000000,1874874.000000,3722527.000000,334752.000000,1282372.000000,1952.000000,539.000000,1146.000000,164.000000,144.000000,453.000000,125.000000,266.000000,38.000000,33.000000,2784.000000,769.000000,1633.000000,233.000000,205.000000,15.000000,8.000000,18.000000,3.000000,5.000000,0.000000,6.000000,12.000000,2.000000,4.000000,0.000000,7.000000,15.000000,2.000000,5.000000,8097.000000,2266.000000,4820.000000,695.000000,601.000000,3.000000,
0.041293,0.191882,0.321883,0.004331,0.625908,-207530.942887,2.988956,2195607.000000,1874874.000000,3722527.000000,334752.000000,1282372.000000,1952.000000,539.000000,1146.000000,164.000000,144.000000,453.000000,125.000000,266.000000,38.000000,33.000000,2784.000000,769.000000,1633.000000,233.000000,205.000000,15.000000,8.000000,18.000000,3.000000,5.000000,0.000000,6.000000,12.000000,2.000000,4.000000,0.000000,7.000000,15.000000,2.000000,5.000000,8097.000000,2266.000000,4820.000000,695.000000,601.000000,3.000000,
0.041293,0.191882,0.321883,0.004331,0.625908,-207530.942887,2.988956,2195607.000000,1874874.000000,3722527.000000,334752.000000,1282372.000000,1952.000000,539.000000,1146.000000,164.000000,144.000000,453.000000,125.000000,266.000000,38.000000,33.000000,2784.000000,769.000000,1633.000000,233.000000,205.000000,15.000000,8.000000,18.000000,3.000000,5.000000,0.000000,6.000000,12.000000,2.000000,4.000000,0.000000,7.000000,15.000000,2.000000,5.000000,8097.000000,2266.000000,4820.000000,695.000000,601.000000,3.000000,
0.041293,0.191882,0.321883,0.004331,0.625908,-207530.942887,2.988956,2195607.000000,1874874.000000,3722527.000000,334752.000000,1282372.000000,1952.000000,539.000000,1146.000000,164.000000,144.000000,453.000000,125.000000,266.000000,38.000000,33.000000,2784.000000,769.000000,1633.000000,233.000000,205.000000,15.000000,8.000000,18.000000,3.000000,5.000000,0.000000,6.000000,12.000000,2.000000,4.000000,0.000000,7.000000,15.000000,2.000000,5.000000,8097.000000,2266.000000,4820.000000,695.000000,601.000000,3.000000,
0.041305,0.140838,0.322300,0.003780,0.552245,-207551.561779,2.990643,2195607.000000,1874874.000000,3722527.000000,334752.000000,1282372.000000,1952.000000,539.000000,1146.000000,164.000000,144.000000,453.000000,125.000000,266.000000,38.000000,33.000000,2784.000000,769.000000,1633.000000,233.000000,205.000000,15.000000,8.000000,18.000000,3.000000,5.000000,0.000000,6.000000,12.000000,2.000000,4.000000,0.000000,7.000000,15.000000,2.000000,5.000000,8097.000000,2266.000000,4820.000000,695.000000,601.000000,3.000000,
0.041305,0.140838,0.322300,0.003780,0.552245,-207551.561779,2.990643,2195607.000000,1874874.000000,3722527.000000,334752.000000,1282372.000000,1952.000000,539.000000,1146.000000,164.000000,144.000000,453.000000,125.000000,266.000000,38.000000,33.000000,2784.000000,769.000000,1633.000000,233.000000,205.000000,15.000000,8.000000,18.000000,3.000000,5.000000,0.000000,6.000000,12.000000,2.000000,4.000000,0.000000,7.000000,15.000000,2.000000,5.000000,8097.000000,2266.000000,4820.000000,695.000000,601.000000,3.000000,
0.041305,0.140838,0.322300,0.003780,0.552245,-207551.561779,2.990643,2195607.000000,1874874.000000,3722527.000000,334752.000000,1282372.000000,1952.000000,539.000000,1146.000000,164.000000,144.000000,453.000000,125.000000,266.000000,38.000000,33.000000,2784.000000,769.000000,1633.000000,233.000000,205.000000,15.000000,8.000000,18.000000,3.000000,5.000000,0.000000,6.000000,12.000000,2.000000,4.000000,0.000000,7.000000,15.000000,2.000000,5.000000,8097.000000,2266.000000,4820.000000,695.000000,601.000000,3.000000,
0.041305,0.140838,0.322300,0.003780,0.552245,-207551.561779,2.990643,2195607.000000,1874874.000000,3722527.000000,334752.000000,1282372.000000,1952.000000,539.000000,1146.000000,164.000000,144.000000,453.000000,125.000000,266.000000,38.000000,33.000000,2784.000000,769.000000,1633.000000,233.000000,205.000000,15.000000,8.000000,18.000000,3.000000,5.000000,0.000000,6.000000,12.000000,2.000000,4.000000,0.000000,7.000000,15.000000,2.000000,5.000000,8097.000000,2266.000000,4820.000000,695.000000,601.000000,3.000000,
0.041305,0.140838,0.322300,0.003780,0.552245,-207551.561779,2.990643,2195607.000000,1874874.000000,3722527.000000,334752.000000,1282372.000000,1952.000000,539.000000,1146.000000,164.000000,144.000000,453.000000,125.000000,266.000000,38.000000,33.000000,2784.000000,769.000000,1633.000000,233.000000,205.000000,15.000000,8.000000,18.000000,3.000000,5.000000,0.000000,6.000000,12.000000,2.000000,4.000000,0.000000,7.000000,15.000000,2.000000,5.000000,8097.000000,2266.000000,4820.000000,695.000000,601.000000,3.000000,
0.041216,0.130158,0.325728,0.003450,0.560644,-207720.929732,2.990529,2195607.000000,1874874.000000,3722527.000000,334752.000000,1282372.000000,1952.000000,539.000000,1146.000000,164.000000,144.000000,453.000000,125.000000,266.000000,38.000000,33.000000,2784.000000,769.000000,1633.000000,233.000000,205.000000,15.000000,8.000000,18.000000,3.000000,5.000000,0.000000,6.000000,12.000000,2.000000,4.000000,0.000000,7.000000,15.000000,2.000000,5.000000,8097.000000,2266.000000,4820.000000,695.000000,601.000000,3.000000,
0.041216,0.130158,0.325728,0.003450,0.560644,-207720.929732,2.990529,2195607.000000,1874874.000000,3722527.000000,334752.000000,1282372.000000,1952.000000,539.000000,1146.000000,164.000000,144.000000,453.000000,125.000000,266.000000,38.000000,33.000000,2784.000000,769.000000,1633.000000,233.000000,205.000000,15.000000,8.000000,18.000000,3.000000,5.000000,0.000000,6.000000,12.000000,2.000000,4.000000,0.000000,7.000000,15.000000,2.000000,5.000000,8097.000000,2266.000000,4820.000000,695.000000,601.000000,3.000000,
0.041216,0.130158,0.325728,0.003450,0.560644,-207720.929732,2.990529,2195607.000000,1874874.000000,3722527.000000,334752.000000,1282372.000000,1952.000000,539.000000,1146.000000,164.000000,144.000000,453.000000,125.000000,266.000000,38.000000,33.000000,2784.000000,769.000000,1633.000000,233.000000,205.000000,15.000000,8.000000,18.000000,3.000000,5.000000,0.000000,6.000000,12.000000,2.000000,4.000000,0.000000,7.000000,15.000000,2.000000,5.000000,8097.000000,2266.000000,4820.000000,695.000000,601.000000,3.000000,
0.041179,0.227779,0.324580,0.003763,0.721471,-207663.994060,2.985717,2195607.000000,1874874.000000,3722527.000000,334752.000000,1282372.000000,1952.000000,539.000000,1146.000000,164.000000,144.000000,453.000000,125.000000,266.000000,38.000000,33.000000,2784.000000,769.000000,1633.000000,233.000000,205.000000,15.000000,8.000000,18.000000,3.000000,5.000000,0.000000,6.000000,12.000000,2.000000,4.000000,0.000000,7.000000,15.000000,2.000000,5.000000,8097.000000,2266.000000,4820.000000,695.000000,601.000000,3.000000,
0.041405,0.527033,0.329505,0.007455,0.482691,-207908.998429,3.011334,2195607.000000,1874874.000000,3722527.000000,334752.000000,1282372.000000,1952.000000,539.000000,1146.000000,164.000000,144.000000,453.000000,125.000000,266.000000,38.000000,33.000000,2784.000000,769.000000,1633.000000,233.000000,205.000000,15.000000,8.000000,18.000000,3.000000,5.000000,0.000000,6.000000,12.000000,2.000000,4.000000,0.000000,7.000000,15.000000,2.000000,5.000000,8097.000000,2266.000000,4820.000000,695.000000,601.000000,3.000000,
0.041405,0.527033,0.329505,0.007455,0.482691,-207908.998429,3.011334,2195607.000000,1874874.000000,3722527.000000,334752.000000,1282372.000000,1952.000000,539.000000,1146.000000,164.000000,144.000000,453.000000,125.000000,266.000000,38.000000,33.000000,2784.000000,769.000000,1633.000000,233.000000,205.000000,15.000000,8.000000,18.000000,3.000000,5.000000,0.000000,6.000000,12.000000,2.000000,4.000000,0.000000,7.000000,15.000000,2.000000,5.000000,8097.000000,2266.000000,4820.000000,695.000000,601.000000,3.000000,
0.041356,0.581188,0.332407,0.007042,0.599159,-208053.768143,3.013150,2195607.000000,1874874.000000,3722527.000000,334752.000000,1282372.000000,1952.000000,539.000000,1146.000000,164.000000,144.000000,453.000000,125.000000,266.000000,38.000000,33.000000,2784.000000,769.000000,1633.000000,233.000000,205.000000,15.000000,8.000000,18.000000,3.000000,5.000000,0.000000,6.000000,12.000000,2.000000,4.000000,0.000000,7.000000,15.000000,2.000000,5.000000,8097.000000,2266.000000,4820.000000,695.000000,601.000000,3.000000,
0.041262,0.368103,0.339338,0.007133,0.559103,-208401.653094,3.019250,2195607.000000,1874874.000000,3722527.000000,334752.000000,1282372.000000,1952.000000,539.000000,1146.000000,164.000000,144.000000,453.000000,125.000000,266.000000,38.000000,33.000000,2784.000000,769.000000,1633.000000,233.000000,205.000000,15.000000,8.000000,18.000000,3.000000,5.000000,0.000000,6.000000,12.000000,2.000000,4.000000,0.000000,7.000000,15.000000,2.000000,5.000000,8097.000000,2266.000000,4820.000000,695.000000,601.000000,3.000000,
0.041262,0.368103,0.339338,0.007133,0.559103,-208401.653094,3.019250,2195607.000000,1874874.000000,3722527.000000,334752.000000,1282372.000000,1952.000000,539.000000,1146.000000,164.000000,144.000000,453.000000,125.000000,266.000000,38.000000,33.000000,2784.000000,769.000000,1633.000000,233.000000,205.000000,15.000000,8.000000,18.000000,3.000000,5.000000,0.000000,6.000000,12.000000,2.000000,4.000000,0.000000,7.000000,15.000000,2.000000,5.000000,8097.000000,2266.000000,4820.000000,695.000000,601.000000,3.000000,
0.041262,0.368103,0.339338,0.007133,0.559103,-208401.653094,3.019250,2195607.000000,1874874.000000,3722527.000000,334752.000000,1282372.000000,1952.000000,539.000000,1146.000000,164.000000,144.000000,453.000000,125.000000,266.000000,38.000000,33.000000,2784.000000,769.000000,1633.000000,233.000000,205.000000,15.000000,8.000000,18.000000,3.000000,5.000000,0.000000,6.000000,12.000000,2.000000,4.000000,0.000000,7.000000,15.000000,2.000000,5.000000,8097.000000,2266.000000,4820.000000,695.000000,601.000000,3.000000,
0.041140,0.424366,0.339879,0.005585,0.600962,-208428.721147,3.011311,2195607.000000,1874874.000000,3722527.000000,334752.000000,1282372.000000,1952.000000,539.000000,1146.000000,164.000000,144.000000,453.000000,125.000000,266.000000,38.000000,33.000000,2784.000000,769.000000,1633.000000,233.000000,205.000000,15.000000,8.000000,18.000000,3.000000,5.000000,0.000000,6.000000,12.000000,2.000000,4.000000,0.000000,7.000000,15.000000,2.000000,5.000000,8097.000000,2266.000000,4820.000000,695.000000,601.000000,3.000000,
0.041140,0.424366,0.339879,0.005585,0.600962,-208428.721147,3.011311,2195607.000000,1874874.000000,3722527.000000,334752.000000,1282372.000000,1952.000000,539.000000,1146.000000,164.000000,144.000000,453.000000,125.000000,266.000000,38.000000,33.000000,2784.000000,769.000000,1633.000000,233.000000,205.000000,15.000000,8.000000,18.000000,3.000000,5.000000,0.000000,6.000000,12.000000,2.000000,4.000000,0.000000,7.000000,15.000000,2.000000,5.000000,8097.000000,2266.000000,4820.000000,695.000000,601.000000,3.000000,
0.041140,0.424366,0.339879,0.005585,0.600962,-208428.721147,3.011311,2195607.000000,1874874.000000,3722527.000000,334752.000000,1282372.000000,1952.000000,539.000000,1146.000000,164.000000,144.000000,453.000000,125.000000,266.000000,38.000000,33.000000,2784.000000,769.000000,1633.000000,233.000000,205.000000,15.000000,8.000000,18.000000,3.000000,5.000000,0.000000,6.000000,12.000000,2.000000,4.000000,0.000000,7.000000,15.000000,2.000000,5.000000,8097.000000,2266.000000,4820.000000,695.000000,601.000000,3.000000,
0.041140,0.424366,0.339879,0.005585,0.600962,-208428.721147,3.011311,2195607.000000,1874874.000000,3722527.000000,334752.000000,1282372.000000,1952.000000,539.000000,1146.000000,164.000000,144.000000,453.000000,125.000000,266.000000,38.000000,33.000000,2784.000000,769.000000,1633.000000,233.000000,205.000000,15.000000,8.000000,18.000000,3.000000,5.000000,0.000000,6.000000,12.000000,2.000000,4.000000,0.000000,7.000000,15.000000,2.000000,5.000000,8097.000000,2266.000000,4820.000000,695.000000,601.000000,3.000000,
0.041140,0.424366,0.339879,0.005585,0.600962,-208428.721147,3.011311,2195607.000000,1874874.000000,3722527.000000,334752.000000,1282372.000000,1952.000000,539.000000,1146.000000,164.000000,144.000000,453.000000,125.000000,266.000000,38.000000,33.000000,2784.000000,769.000000,1633.000000,233.000000,205.000000,15.000000,8.000000,18.000000,3.000000,5.000000,0.000000,6.000000,12.000000,2.000000,4.000000,0.000000,7.000000,15.000000,2.000000,5.000000,8097.000000,2266.000000,4820.000000,695.000000,601.000000,3.000000,
0.041140,0.424366,0.339879,0.005585,0.600962,-208428.721147,3.011311,2195607.000000,1874874.000000,3722527.000000,334752.000000,1282372.000000,1952.000000,539.000000,1146.000000,164.000000,144.000000,453.000000,125.000000,266.000000,38.000000,33.000000,2784.000000,769.000000,1633.000000,233.000000,205.000000,15.000000,8.000000,18.000000,3.000000,5.000000,0.000000,6.000000,12.000000,2.000000,4.000000,0.000000,7.000000,15.000000,2.000000,5.000000,8097.000000,2266.000000,4820.000000,695.000000,601.000000,3.000000,
0.041140,0.424366,0.339879,0.005585,0.600962,-208428.721147,3.011311,2195607.000000,1874874.000000,3722527.000000,334752.000000,1282372.000000,1952.000000,539.000000,1146.000000,164.000000,144.000000,453.000000,125.000000,266.000000,38.000000,33.000000,2784.000000,769.000000,1633.000000,233.000000,205.000000,15.000000,8.000000,18.000000,3.000000,5.000000,0.000000,6.000000,12.000000,2.000000,4.000000,0.000000,7.000000,15.000000,2.000000,5.000000,8097.000000,2266.000000,4820.000000,695.000000,601.000000,3.000000,
0.041140,0.424366,0.339879,0.005585,0.600962,-208428.721147,3.011311,2195607.000000,1874874.000000,3722527.000000,334752.000000,1282372.000000,1952.000000,539.000000,1146.000000,164.000000,144.000000,453.000000,125.000000,266.000000,38.000000,33.000000,2784.000000,769.000000,1633.000000,233.000000,205.000000,15.000000,8.000000,18.000000,3.000000,5.000000,0.000000,6.000000,12.000000,2.000000,4.000000,0.000000,7.000000,15.000000,2.000000,5.000000,8097.000000,2266.000000,4820.000000,695.000000,601.000000,3.000000,
0.041140,0.424366,0.339879,0.005585,0.600962,-208428.721147,3.011311,2195607.000000,1874874.000000,3722527.000000,334752.000000,1282372.000000,1952.000000,539.000000,1146.000000,164.000000,144.000000,453.000000,125.000000,266.000000,38.000000,33.000000,2784.000000,769.000000,1633.000000,233.000000,205.000000,15.000000,8.000000,18.000000,3.000000,5.000000,0.000000,6.000000,12.000000,2.000000,4.000000,0.000000,7.000000,15.000000,2.000000,5.000000,8097.000000,2266.000000,4820.000000,695.000000,601.000000,3.000000,
0.041140,0.424366,0.339879,0.005585,0.600962,-208428.721147,3.011311,2195607.000000,1874874.000000,3722527.000000,334752.000000,1282372.000000,1952.000000,539.000000,1146.000000,164.000000,144.000000,453.000000,125.000000,266.000000,38.000000,33.000000,2784.000000,769.000000,1633.000000,233.000000,205.000000,15.000000,8.000000,18.000000,3.000000,5.000000,0.000000,6.000000,12.000000,2.000000,4.000000,0.000000,7.000000,15.000000,2.000000,5.000000,8097.000000,2266.000000,4820.000000,695.000000,601.000000,3.000000,
0.041140,0.424366,0.339879,0.005585,0.600962,-208428.721147,3.011311,2195607.000000,1874874.000000,3722527.000000,334752.000000,1282372.000000,1952.000000,539.000000,1146.000000,164.000000,144.000000,453.000000,125.000000,266.000000,38.000000,33.000000,2784.000000,769.000000,1633.000000,233.000000,205.000000,15.000000,8.000000,18.000000,3.000000,5.000000,0.000000,6.000000,12.000000,2.000000,4.000000,0.000000,7.000000,15.000000,2.000000,5.000000,8097.000000,2266.000000,4820.000000,695.000000,601.000000,3.000000,
0.041140,0.424366,0.339879,0.005585,0.600962,-208428.721147,3.011311,2195607.000000,1874874.000000,3722527.000000,334752.000000,1282372.000000,1952.000000,539.000000,1146.000000,164.000000,144.000000,453.000000,125.000000,266.000000,38.000000,33.000000,2784.000000,769.000000,1633.000000,233.000000,205.000000,15.000000,8.000000,18.000000,3.000000,5.000000,0.000000,6.000000,12.000000,2.000000,4.000000,0.000000,7.000000,15.000000,2.000000,5.000000,8097.000000,2266.000000,4820.000000,695.000000,601.000000,3.000000,
0.041140,0.424366,0.339879,0.005585,0.600962,-208428.721147,3.011311,2195607.000000,1874874.000000,3722527.000000,334752.000000,1282372.000000,1952.000000,539.000000,1146.000000,164.000000,144.000000,453.000000,125.000000,266.000000,38.000000,33.000000,2784.000000,769.000000,1633.000000,233.000000,205.000000,15.000000,8.000000,18.000000,3.000000,5.000000,0.000000,6.000000,12.000000,2.000000,4.000000,0.000000,7.000000,15.000000,2.000000,5.000000,8097.000000,2266.000000,4820.000000,695.000000,601.000000,3.000000,
0.041140,0.424366,0.339879,0.005585,0.600962,-208428.721147,3.011311,2195607.000000,1874874.000000,3722527.000000,334752.000000,1282372.000000,1952.000000,539.000000,1146.000000,164.000000,144.000000,453.000000,125.000000,266.000000,38.000000,33.000000,2784.000000,769.000000,1633.000000,233.000000,205.000000,15.000000,8.000000,18.000000,3.000000,5.000000,0.000000,6.000000,12.000000,2.000000,4.000000,0.000000,7.000000,15.000000,2.000000,5.000000,8097.000000,2266.000000,4820.000000,695.000000,601.000000,3.000000,
0.041140,0.424366,0.339879,0.005585,0.600962,-208428.721147,3.011311,2195607.000000,1874874.000000,3722527.000000,334752.000000,1282372.000000,1952.000000,539.000000,1146.000000,164.000000,144.000000,453.000000,125.000000,266.000000,38.000000,33.000000,2784.000000,769.000000,1633.000000,233.000000,205.000000,15.000000,8.000000,18.000000,3.000000,5.000000,0.000000,6.000000,12.000000,2.000000,4.000000,0.000000,7.000000,15.000000,2.000000,5.000000,8097.000000,2266.000000,4820.000000,695.000000,601.000000,3.000000,
0.041140,0.424366,0.339879,0.005585,0.600962,-208428.721147,3.011311,2195607.000000,1874874.000000,3722527.000000,334752.000000,1282372.000000,1952.000000,539.000000,1146.000000,164.000000,144.000000,453.000000,125.000000,266.000000,38.000000,33.000000,2784.000000,769.000000,1633.000000,233.000000,205.000000,15.000000,8.000000,18.000000,3.000000,5.000000,0.000000,6.000000,12.000000,2.000000,4.000000,0.000000,7.000000,15.000000,2.000000,5.000000,8097.000000,2266.000000,4820.000000,695.000000,601.000000,3.000000,
0.041152,0.770017,0.338883,0.003161,0.606812,-208378.493868,3.010340,2195607.000000,1874874.000000,3722527.000000,334752.000000,1282372.000000,1952.000000,539.000000,1146.000000,164.000000,144.000000,453.000000,125.000000,266.000000,38.000000,33.000000,2784.000000,769.000000,1633.000000,233.000000,205.000000,15.000000,8.000000,18.000000,3.000000,5.000000,0.000000,6.000000,12.000000,2.000000,4.000000,0.000000,7.000000,15.000000,2.000000,5.000000,8097.000000,2266.000000,4820.000000,695.000000,601.000000,3.000000,
0.041152,0.770017,0.338883,0.003161,0.606812,-208378.493868,3.010340,2195607.000000,1874874.000000,3722527.000000,334752.000000,1282372.000000,1952.000000,539.000000,1146.000000,164.000000,144.000000,453.000000,125.000000,266.000000,38.000000,33.000000,2784.000000,769.000000,1633.000000,233.000000,205.000000,15.000000,8.000000,18.000000,3.000000,5.000000,0.000000,6.000000,12.000000,2.000000,4.000000,0.000000,7.000000,15.000000,2.000000,5.000000,8097.000000,2266.000000,4820.000000,695.000000,601.000000,3.000000,
0.041152,0.770017,0.338883,0.003161,0.606812,-208378.493868,3.010340,2195607.000000,1874874.000000,3722527.000000,334752.000000,1282372.000000,1952.000000,539.000000,1146.000000,164.000000,144.000000,453.000000,125.000000,266.000000,38.000000,33.000000,2784.000000,769.000000,1633.000000,233.000000,205.000000,15.000000,8.000000,18.000000,3.000000,5.000000,0.000000,6.000000,12.000000,2.000000,4.000000,0.000000,7.000000,15.000000,2.000000,5.000000,8097.000000,2266.000000,4820.000000,695.000000,601.000000,3.000000,
0.041152,0.770017,0.338883,0.003161,0.606812,-208378.493868,3.010340,2195607.000000,1874874.000000,3722527.000000,334752.000000,1282372.000000,1952.000000,539.000000,1146.000000,164.000000,144.000000,453.000000,125.000000,266.000000,38.000000,33.000000,2784.000000,769.000000,1633.000000,233.000000,205.000000,15.000000,8.000000,18.000000,3.000000,5.000000,0.000000,6.000000,12.000000,2.000000,4.000000,0.000000,7.000000,15.000000,2.000000,5.000000,8097.000000,2266.000000,4820.000000,695.000000,601.000000,3.000000,
0.041282,0.924757,0.332645,0.003521,0.579290,-208065.505921,3.008270,2195607.000000,1874874.000000,3722527.000000,334752.000000,1282372.000000,1952.000000,539.000000,1146.000000,164.000000,144.000000,453.000000,125.000000,266.000000,38.000000,33.000000,2784.000000,769.000000,1633.000000,233.000000,205.000000,15.000000,8.000000,18.000000,3.000000,5.000000,0.000000,6.000000,12.000000,2.000000,4.000000,0.000000,7.000000,15.000000,2.000000,5.000000,8097.000000,2266.000000,4820.000000,695.000000,601.000000,3.000000,
0.041282,0.924757,0.332645,0.003521,0.579290,-208065.505921,3.008270,2195607.000000,1874874.000000,3722527.000000,334752.000000,1282372.000000,1952.000000,539.000000,1146.000000,164.000000,144.000000,453.000000,125.000000,266.000000,38.000000,33.000000,2784.000000,769.000000,1633.000000,233.000000,205.000000,15.000000,8.000000,18.000000,3.000000,5.000000,0.000000,6.000000,12.000000,2.000000,4.000000,0.000000,7.000000,15.000000,2.000000,5.000000,8097.000000,2266.000000,4820.000000,695.000000,601.000000,3.000000,
0.041282,0.924757,0.332645,0.003521,0.579290,-208065.505921,3.008270,2195607.000000,1874874.000000,3722527.000000,334752.000000,1282372.000000,1952.000000,539.000000,1146.000000,164.000000,144.000000,453.000000,125.000000,266.000000,38.000000,33.000000,2784.000000,769.000000,1633.000000,233.000000,205.000000,15.000000,8.000000,18.000000,3.000000,5.000000,0.000000,6.000000,12.000000,2.000000,4.000000,0.000000,7.000000,15.000000,2.000000,5.000000,8097.000000,2266.000000,4820.000000,695.000000,601.000000,3.000000,
0.041282,0.924757,0.332645,0.003521,0.579290,-208065.505921,3.008270,2195607.000000,1874874.000000,3722527.000000,334752.000000,1282372.000000,1952.000000,539.000000,1146.000000,164.000000,144.000000,453.000000,125.000000,266.000000,38.000000,33.000000,2784.000000,769.000000,1633.000000,233.000000,205.000000,15.000000,8.000000,18.000000,3.000000,5.000000,0.000000,6.000000,12.000000,2.000000,4.000000,0.000000,7.000000,15.000000,2.000000,5.000000,8097.000000,2266.000000,4820.000000,695.000000,601.000000,3.000000,
0.041270,0.928735,0.333051,0.004362,0.597291,-208085.828399,3.008140,2195607.000000,1874874.000000,3722527.000000,334752.000000,1282372.000000,1952.000000,539.000000,1146.000000,164.000000,144.000000,453.000000,125.000000,266.000000,38.000000,33.000000,2784.000000,769.000000,1633.000000,233.000000,205.000000,15.000000,8.000000,18.000000,3.000000,5.000000,0.000000,6.000000,12.000000,2.000000,4.000000,0.000000,7.000000,15.000000,2.000000,5.000000,8097.000000,2266.000000,4820.000000,695.000000,601.000000,3.000000,
0.041270,0.928735,0.333051,0.004362,0.597291,-208085.828399,3.008140,2195607.000000,1874874.000000,3722527.000000,334752.000000,1282372.000000,1952.000000,539.000000,1146.000000,164.000000,144.000000,453.000000,125.000000,266.000000,38.000000,33.000000,2784.000000,769.000000,1633.000000,233.000000,205.000000,15.000000,8.000000,18.000000,3.000000,5.000000,0.000000,6.000000,12.000000,2.000000,4.000000,0.000000,7.000000,15.000000,2.000000,5.000000,8097.000000,2266.000000,4820.000000,695.000000,601.000000,3.000000,
0.041270,0.928735,0.333051,0.004362,0.597291,-208085.828399,3.008140,2195607.000000,1874874.000000,3722527.000000,334752.000000,1282372.000000,1952.000000,539.000000,1146.000000,164.000000,144.000000,453.000000,125.000000,266.000000,38.000000,33.000000,2784.000000,769.000000,1633.000000,233.000000,205.000000,15.000000,8.000000,18.000000,3.000000,5.000000,0.000000,6.000000,12.000000,2.000000,4.000000,0.000000,7.000000,15.000000,2.000000,5.000000,8097.000000,2266.000000,4820.000000,695.000000,601.000000,3.000000,
0.041270,0.928735,0.333051,0.004362,0.597291,-208085.828399,3.008140,2195607.000000,1874874.000000,3722527.000000,334752.000000,1282372.000000,1952.000000,539.000000,1146.000000,164.000000,144.000000,453.000000,125.000000,266.000000,38.000000,33.000000,2784.000000,769.000000,1633.000000,233.000000,205.000000,15.000000,8.000000,18.000000,3.000000,5.000000,0.000000,6.000000,12.000000,2.000000,4.000000,0.000000,7.000000,15.000000,2.000000,5.000000,8097.000000,2266.000000,4820.000000,695.000000,601.000000,3.000000,
0.040924,0.526988,0.350267,0.007092,0.497910,-208956.191332,3.014666,2195607.000000,1874874.000000,3722527.000000,334752.000000,1282372.000000,1952.000000,539.000000,1146.000000,164.000000,144.000000,453.000000,125.000000,266.000000,38.000000,33.000000,2784.000000,769.000000,1633.000000,233.000000,205.000000,15.000000,8.000000,18.000000,3.000000,5.000000,0.000000,6.000000,12.000000,2.000000,4.000000,0.000000,7.000000,15.000000,2.000000,5.000000,8097.000000,2266.000000,4820.000000,695.000000,601.000000,3.000000,
0.040924,0.526988,0.350267,0.007092,0.497910,-208956.191332,3.014666,2195607.000000,1874874.000000,3722527.000000,334752.000000,1282372.000000,1952.000000,539.000000,1146.000000,164.000000,144.000000,453.000000,125.000000,266.000000,38.000000,33.000000,2784.000000,769.000000,1633.000000,233.000000,205.000000,15.000000,8.000000,18.000000,3.000000,5.000000,0.000000,6.000000,12.000000,2.000000,4.000000,0.000000,7.000000,15.000000,2.000000,5.000000,8097.000000,2266.000000,4820.000000,695.000000,601.000000,3.000000,
0.040857,0.125119,0.357993,0.005571,0.514450,-209353.238015,3.024044,2195607.000000,1874874.000000,3722527.000000,334752.000000,1282372.000000,1952.000000,539.000000,1146.000000,164.000000,144.000000,453.000000,125.000000,266.000000,38.000000,33.000000,2784.000000,769.000000,1633.000000,233.000000,205.000000,15.000000,8.000000,18.000000,3.000000,5.000000,0.000000,6.000000,12.000000,2.000000,4.000000,0.000000,7.000000,15.000000,2.000000,5.000000,8097.000000,2266.000000,4820.000000,695.000000,601.000000,3.000000,
0.040861,0.218854,0.356781,0.008096,0.529765,-209290.671992,3.022098,2195607.000000,1874874.000000,3722527.000000,334752.000000,1282372.000000,1952.000000,539.000000,1146.000000,164.000000,144.000000,453.000000,125.000000,266.000000,38.000000,33.000000,2784.000000,769.000000,1633.000000,233.000000,205.000000,15.000000,8.000000,18.000000,3.000000,5.000000,0.000000,6.000000,12.000000,2.000000,4.000000,0.000000,7.000000,15.000000,2.000000,5.000000,8097.000000,2266.000000,4820.000000,695.000000,601.000000,3.000000,
0.040861,0.218854,0.356781,0.008096,0.529765,-209290.671992,3.022098,2195607.000000,1874874.000000,3722527.000000,334752.000000,1282372.000000,1952.000000,539.000000,1146.000000,164.000000,144.000000,453.000000,125.000000,266.000000,38.000000,33.000000,2784.000000,769.000000,1633.000000,233.000000,205.000000,15.000000,8.000000,18.000000,3.000000,5.000000,0.000000,6.000000,12.000000,2.000000,4.000000,0.000000,7.000000,15.000000,2.000000,5.000000,8097.000000,2266.000000,4820.000000,695.000000,601.000000,3.000000,
0.040861,0.218854,0.356781,0.008096,0.529765,-209290.671992,3.022098,2195607.000000,1874874.000000,3722527.000000,334752.000000,1282372.000000,1952.000000,539.000000,1146.000000,164.000000,144.000000,453.000000,125.000000,266.000000,38.000000,33.000000,2784.000000,769.000000,1633.000000,233.000000,205.000000,15.000000,8.000000,18.000000,3.000000,5.000000,0.000000,6.000000,12.000000,2.000000,4.000000,0.000000,7.000000,15.000000,2.000000,5.000000,8097.000000,2266.000000,4820.000000,695.000000,601.000000,3.000000,
0.040861,0.218854,0.356781,0.008096,0.529765,-209290.671992,3.022098,2195607.000000,1874874.000000,3722527.000000,334752.000000,1282372.000000,1952.000000,539.000000,1146.000000,164.000000,144.000000,453.000000,125.000000,266.000000,38.000000,33.000000,2784.000000,769.000000,1633.000000,233.000000,205.000000,15.000000,8.000000,18.000000,3.000000,5.000000,0.000000,6.000000,12.000000,2.000000,4.000000,0.000000,7.000000,15.000000,2.000000,5.000000,8097.000000,2266.000000,4820.000000,695.000000,601.000000,3.000000,
0.040861,0.218854,0.356781,0.008096,0.529765,-209290.671992,3.022098,2195607.000000,1874874.000000,3722527.000000,334752.000000,1282372.000000,1952.000000,539.000000,1146.000000,164.000000,144.000000,453.000000,125.000000,266.000000,38.000000,33.000000,2784.000000,769.000000,1633.000000,233.000000,205.000000,15.000000,8.000000,18.000000,3.000000,5.000000,0.000000,6.000000,12.000000,2.000000,4.000000,0.000000,7.000000,15.000000,2.000000,5.000000,8097.000000,2266.000000,4820.000000,695.000000,601.000000,3.000000,
0.040861,0.218854,0.356781,0.008096,0.529765,-209290.671992,3.022098,2195607.000000,1874874.000000,3722527.000000,334752.000000,1282372.000000,1952.000000,539.000000,1146.000000,164.000000,144.000000,453.000000,125.000000,266.000000,38.000000,33.000000,2784.000000,769.000000,1633.000000,233.000000,205.000000,15.000000,8.000000,18.000000,3.000000,5.000000,0.000000,6.000000,12.000000,2.000000,4.000000,0.000000,7.000000,15.000000,2.000000,5.000000,8097.000000,2266.000000,4820.000000,695.000000,601.000000,3.000000,
0.041076,0.356940,0.343746,0.006453,0.598499,-208624.299807,3.013818,2195607.000000,1874874.000000,3722527.000000,334752.000000,1282372.000000,1952.000000,539.000000,1146.000000,164.000000,144.000000,453.000000,125.000000,266.000000,38.000000,33.000000,2784.000000,769.000000,1633.000000,233.000000,205.000000,15.000000,8.000000,18.000000,3.000000,5.000000,0.000000,6.000000,12.000000,2.000000,4.000000,0.000000,7.000000,15.000000,2.000000,5.000000,8097.000000,2266.000000,4820.000000,695.000000,601.000000,3.000000,
0.041090,0.243674,0.342014,0.007245,0.557999,-208536.562937,3.011589,2195607.000000,1874874.000000,3722527.000000,334752.000000,1282372.000000,1952.000000,539.000000,1146.000000,164.000000,144.000000,453.000000,125.000000,266.000000,38.000000,33.000000,2784.000000,769.000000,1633.000000,233.000000,205.000000,15.000000,8.000000,18.000000,3.000000,5.000000,0.000000,6.000000,12.000000,2.000000,4.000000,0.000000,7.000000,15.000000,2.000000,5.000000,8097.000000,2266.000000,4820.000000,695.000000,601.000000,3.000000,
0.041090,0.243674,0.342014,0.007245,0.557999,-208536.562937,3.011589,2195607.000000,1874874.000000,3722527.000000,334752.000000,1282372.000000,1952.000000,539.000000,1146.000000,164.000000,144.000000,453.000000,125.000000,266.000000,38.000000,33.000000,2784.000000,769.000000,1633.000000,233.000000,205.000000,15.000000,8.000000,18.000000,3.000000,5.000000,0.000000,6.000000,12.000000,2.000000,4.000000,0.000000,7.000000,15.000000,2.000000,5.000000,8097.000000,2266.000000,4820.000000,695.000000,601.000000,3.000000,
0.041090,0.243674,0.342014,0.007245,0.557999,-208536.562937,3.011589,2195607.000000,1874874.000000,3722527.000000,334752.000000,1282372.000000,1952.000000,539.000000,1146.000000,164.000000,144.000000,453.000000,125.000000,266.000000,38.000000,33.000000,2784.000000,769.000000,1633.000000,233.000000,205.000000,15.000000,8.000000,18.000000,3.000000,5.000000,0.000000,6.000000,12.000000,2.000000,4.000000,0.000000,7.000000,15.000000,2.000000,5.000000,8097.000000,2266.000000,4820.000000,695.000000,601.000000,3.000000,
0.041090,0.243674,0.342014,0.007245,0.557999,-208536.562937,3.011589,2195607.000000,1874874.000000,3722527.000000,334752.000000,1282372.000000,1952.000000,539.000000,1146.000000,164.000000,144.000000,453.000000,125.000000,266.000000,38.000000,33.000000,2784.000000,769.000000,1633.000000,233.000000,205.000000,15.000000,8.000000,18.000000,3.000000,5.000000,0.000000,6.000000,12.000000,2.000000,4.000000,0.000000,7.000000,15.000000,2.000000,5.000000,8097.000000,2266.000000,4820.000000,695.000000,601.000000,3.000000,
0.041090,0.243674,0.342014,0.007245,0.557999,-208536.562937,3.011589,2195607.000000,1874874.000000,3722527.000000,334752.000000,1282372.000000,1952.000000,539.000000,1146.000000,164.000000,144.000000,453.000000,125.000000,266.000000,38.000000,33.000000,2784.000000,769.000000,1633.000000,233.000000,205.000000,15.000000,8.000000,18.000000,3.000000,5.000000,0.000000,6.000000,12.000000,2.000000,4.000000,0.000000,7.000000,15.000000,2.000000,5.000000,8097.000000,2266.000000,4820.000000,695.000000,601.000000,3.000000,
0.041090,0.243674,0.342014,0.007245,0.557999,-208536.562937,3.011589,2195607.000000,1874874.000000,3722527.000000,334752.000000,1282372.000000,1952.000000,539.000000,1146.000000,164.000000,144.000000,453.000000,125.000000,266.000000,38.000000,33.000000,2784.000000,769.000000,1633.000000,233.000000,205.000000,15.000000,8.000000,18.000000,3.000000,5.000000,0.000000,6.000000,12.000000,2.000000,4.000000,0.000000,7.000000,15.000000,2.000000,5.000000,8097.000000,2266.000000,4820.000000,695.000000,601.000000,3.000000,
0.041090,0.243674,0.342014,0.007245,0.557999,-208536.562937,3.011589,2195607.000000,1874874.000000,3722527.000000,334752.000000,1282372.000000,1952.000000,539.000000,1146.000000,164.000000,144.000000,453.000000,125.000000,266.000000,38.000000,33.000000,2784.000000,769.000000,1633.000000,233.000000,205.000000,15.000000,8.000000,18.000000,3.000000,5.000000,0.000000,6.000000,12.000000,2.000000,4.000000,0.000000,7.000000,15.000000,2.000000,5.000000,8097.000000,2266.000000,4820.000000,695.000000,601.000000,3.000000,
0.041090,0.243674,0.342014,0.007245,0.557999,-208536.562937,3.011589,2195607.000000,1874874.000000,3722527.000000,334752.000000,1282372.000000,1952.000000,539.000000,1146.000000,164.000000,144.000000,453.000000,125.000000,266.000000,38.000000,33.000000,2784.000000,769.000000,1633.000000,233.000000,205.000000,15.000000,8.000000,18.000000,3.000000,5.000000,0.000000,6.000000,12.000000,2.000000,4.000000,0.000000,7.000000,15.000000,2.000000,5.000000,8097.000000,2266.000000,4820.000000,695.000000,601.000000,3.000000,
0.041090,0.243674,0.342014,0.007245,0.557999,-208536.562937,3.011589,2195607.000000,1874874.000000,3722527.000000,334752.000000,1282372.000000,1952.000000,539.000000,1146.000000,164.000000,144.000000,453.000000,125.000000,266.000000,38.000000,33.000000,2784.000000,769.000000,1633.000000,233.000000,205.000000,15.000000,8.000000,18.000000,3.000000,5.000000,0.000000,6.000000,12.000000,2.000000,4.000000,0.000000,7.000000,15.000000,2.000000,5.000000,8097.000000,2266.000000,4820.000000,695.000000,601.000000,3.000000,
0.041150,0.423006,0.343359,0.014065,0.514988,-208604.824669,3.018512,2195607.000000,1874874.000000,3722527.000000,334752.000000,1282372.000000,1952.000000,539.000000,1146.000000,164.000000,144.000000,453.000000,125.000000,266.000000,38.000000,33.000000,2784.000000,769.000000,1633.000000,233.000000,205.000000,15.000000,8.000000,18.000000,3.000000,5.000000,0.000000,6.000000,12.000000,2.000000,4.000000,0.000000,7.000000,15.000000,2.000000,5.000000,8097.000000,2266.000000,4820.000000,695.000000,601.000000,3.000000,
0.041150,0.423006,0.343359,0.014065,0.514988,-208604.824669,3.018512,2195607.000000,1874874.000000,3722527.000000,334752.000000,1282372.000000,1952.000000,539.000000,1146.000000,164.000000,144.000000,453.000000,125.000000,266.000000,38.000000,33.000000,2784.000000,769.000000,1633.000000,233.000000,205.000000,15.000000,8.000000,18.000000,3.000000,5.000000,0.000000,6.000000,12.000000,2.000000,4.000000,0.000000,7.000000,15.000000,2.000000,5.000000,8097.000000,2266.000000,4820.000000,695.000000,601.000000,3.000000,
0.041150,0.423006,0.343359,0.014065,0.514988,-208604.824669,3.018512,2195607.000000,1874874.000000,3722527.000000,334752.000000,1282372.000000,1952.000000,539.000000,1146.000000,164.000000,144.000000,453.000000,125.000000,266.000000,38.000000,33.000000,2784.000000,769.000000,1633.000000,233.000000,205.000000,15.000000,8.000000,18.000000,3.000000,5.000000,0.000000,6.000000,12.000000,2.000000,4.000000,0.000000,7.000000,15.000000,2.000000,5.000000,8097.000000,2266.000000,4820.000000,695.000000,601.000000,3.000000,
0.041150,0.423006,0.343359,0.014065,0.514988,-208604.824669,3.018512,2195607.000000,1874874.000000,3722527.000000,334752.000000,1282372.000000,1952.000000,539.000000,1146.000000,164.000000,144.000000,453.000000,125.000000,266.000000,38.000000,33.000000,2784.000000,769.000000,1633.000000,233.000000,205.000000,15.000000,8.000000,18.000000,3.000000,5.000000,0.000000,6.000000,12.000000,2.000000,4.000000,0.000000,7.000000,15.000000,2.000000,5.000000,8097.000000,2266.000000,4820.000000,695.000000,601.000000,3.000000,
0.041150,0.423006,0.343359,0.014065,0.514988,-208604.824669,3.018512,2195607.000000,1874874.000000,3722527.000000,334752.000000,1282372.000000,1952.000000,539.000000,1146.000000,164.000000,144.000000,453.000000,125.000000,266.000000,38.000000,33.000000,2784.000000,769.000000,1633.000000,233.000000,205.000000,15.000000,8.000000,18.000000,3.000000,5.000000,0.000000,6.000000,12.000000,2.000000,4.000000,0.000000,7.000000,15.000000,2.000000,5.000000,8097.000000,2266.000000,4820.000000,695.000000,601.000000,3.000000,
0.041262,0.547059,0.338405,0.017379,0.564158,-208354.644738,3.017528,2195607.000000,1874874.000000,3722527.000000,334752.000000,1282372.000000,1952.000000,539.000000,1146.000000,164.000000,144.000000,453.000000,125.000000,266.000000,38.000000,33.000000,2784.000000,769.000000,1633.000000,233.000000,205.000000,15.000000,8.000000,18.000000,3.000000,5.000000,0.000000,6.000000,12.000000,2.000000,4.000000,0.000000,7.000000,15.000000,2.000000,5.000000,8097.000000,2266.000000,4820.000000,695.000000,601.000000,3.000000,
0.041262,0.547059,0.338405,0.017379,0.564158,-208354.644738,3.017528,2195607.000000,1874874.000000,3722527.000000,334752.000000,1282372.000000,1952.000000,539.000000,1146.000000,164.000000,144.000000,453.000000,125.000000,266.000000,38.000000,33.000000,2784.000000,769.000000,1633.000000,233.000000,205.000000,15.000000,8.000000,18.000000,3.000000,5.000000,0.000000,6.000000,12.000000,2.000000,4.000000,0.000000,7.000000,15.000000,2.000000,5.000000,8097.000000,2266.000000,4820.000000,695.000000,601.000000,3.000000,
0.041208,0.662366,0.339320,0.021546,0.497485,-208400.659471,3.015257,2195607.000000,1874874.000000,3722527.000000,334752.000000,1282372.000000,1952.000000,539.000000,1146.000000,164.000000,144.000000,453.000000,125.000000,266.000000,38.000000,33.000000,2784.000000,769.000000,1633.000000,233.000000,205.000000,15.000000,8.000000,18.000000,3.000000,5.000000,0.000000,6.000000,12.000000,2.000000,4.000000,0.000000,7.000000,15.000000,2.000000,5.000000,8097.000000,2266.000000,4820.000000,695.000000,601.000000,3.000000,
0.041208,0.662366,0.339320,0.021546,0.497485,-208400.659471,3.015257,2195607.000000,1874874.000000,3722527.000000,334752.000000,1282372.000000,1952.000000,539.000000,1146.000000,164.000000,144.000000,453.000000,125.000000,266.000000,38.000000,33.000000,2784.000000,769.000000,1633.000000,233.000000,205.000000,15.000000,8.000000,18.000000,3.000000,5.000000,0.000000,6.000000,12.000000,2.000000,4.000000,0.000000,7.000000,15.000000,2.000000,5.000000,8097.000000,2266.000000,4820.000000,695.000000,601.000000,3.000000,
0.041208,0.662366,0.339320,0.021546,0.497485,-208400.659471,3.015257,2195607.000000,1874874.000000,3722527.000000,334752.000000,1282372.000000,1952.000000,539.000000,1146.000000,164.000000,144.000000,453.000000,125.000000,266.000000,38.000000,33.000000,2784.000000,769.000000,1633.000000,233.000000,205.000000,15.000000,8.000000,18.000000,3.000000,5.000000,0.000000,6.000000,12.000000,2.000000,4.000000,0.000000,7.000000,15.000000,2.000000,5.000000,8097.000000,2266.000000,4820.000000,695.000000,601.000000,3.000000,
0.041208,0.662366,0.339320,0.021546,0.497485,-208400.659471,3.015257,2195607.000000,1874874.000000,3722527.000000,334752.000000,1282372.000000,1952.000000,539.000000,1146.000000,164.000000,144.000000,453.000000,125.000000,266.000000,38.000000,33.000000,2784.000000,769.000000,1633.000000,233.000000,205.000000,15.000000,8.000000,18.000000,3.000000,5.000000,0.000000,6.000000,12.000000,2.000000,4.000000,0.000000,7.000000,15.000000,2.000000,5.000000,8097.000000,2266.000000,4820.000000,695.000000,601.000000,3.000000,
0.041208,0.662366,0.339320,0.021546,0.497485,-208400.659471,3.015257,2195607.000000,1874874.000000,3722527.000000,334752.000000,1282372.000000,1952.000000,539.000000,1146.000000,164.000000,144.000000,453.000000,125.000000,266.000000,38.000000,33.000000,2784.000000,769.000000,1633.000000,233.000000,205.000000,15.000000,8.000000,18.000000,3.000000,5.000000,0.000000,6.000000,12.000000,2.000000,4.000000,0.000000,7.000000,15.000000,2.000000,5.000000,8097.000000,2266.000000,4820.000000,695.000000,601.000000,3.000000,
0.041208,0.662366,0.339320,0.021546,0.497485,-208400.659471,3.015257,2195607.000000,1874874.000000,3722527.000000,334752.000000,1282372.000000,1952.000000,539.000000,1146.000000,164.000000,144.000000,453.000000,125.000000,266.000000,38.000000,33.000000,2784.000000,769.000000,1633.000000,233.000000,205.000000,15.000000,8.000000,18.000000,3.000000,5.000000,0.000000,6.000000,12.000000,2.000000,4.000000,0.000000,7.000000,15.000000,2.000000,5.000000,8097.000000,2266.000000,4820.000000,695.000000,601.000000,3.000000,
0.041208,0.662366,0.339320,0.021546,0.497485,-208400.659471,3.015257,2195607.000000,1874874.000000,3722527.000000,334752.000000,1282372.000000,1952.000000,539.000000,1146.000000,164.000000,144.000000,453.000000,125.000000,266.000000,38.000000,33.000000,2784.000000,769.000000,1633.000000,233.000000,205.000000,15.000000,8.000000,18.000000,3.000000,5.000000,0.000000,6.000000,12.000000,2.000000,4.000000,0.000000,7.000000,15.000000,2.000000,5.000000,8097.000000,2266.000000,4820.000000,695.000000,601.000000,3.000000,
0.041208,0.662366,0.339320,0.021546,0.497485,-208400.659471,3.015257,2195607.000000,1874874.000000,3722527.000000,334752.000000,1282372.000000,1952.000000,539.000000,1146.000000,164.000000,144.000000,453.000000,125.000000,266.000000,38.000000,33.000000,2784.000000,769.000000,1633.000000,233.000000,205.000000,15.000000,8.000000,18.000000,3.000000,5.000000,0.000000,6.000000,12.000000,2.000000,4.000000,0.000000,7.000000,15.000000,2.000000,5.000000,8097.000000,2266.000000,4820.000000,695.000000,601.000000,3.000000,
0.041261,0.315787,0.334103,0.022055,0.554068,-208138.462090,3.009387,2195607.000000,1874874.000000,3722527.000000,334752.000000,1282372.000000,1952.000000,539.000000,1146.000000,164.000000,144.000000,453.000000,125.000000,266.000000,38.000000,33.000000,2784.000000,769.000000,1633.000000,233.000000,205.000000,15.000000,8.000000,18.000000,3.000000,5.000000,0.000000,6.000000,12.000000,2.000000,4.000000,0.000000,7.000000,15.000000,2.000000,5.000000,8097.000000,2266.000000,4820.000000,695.000000,601.000000,3.000000,
0.041261,0.315787,0.334103,0.022055,0.554068,-208138.462090,3.009387,2195607.000000,1874874.000000,3722527.000000,334752.000000,1282372.000000,1952.000000,539.000000,1146.000000,164.000000,144.000000,453.000000,125.000000,266.000000,38.000000,33.000000,2784.000000,769.000000,1633.000000,233.000000,205.000000,15.000000,8.000000,18.000000,3.000000,5.000000,0.000000,6.000000,12.000000,2.000000,4.000000,0.000000,7.000000,15.000000,2.000000,5.000000,8097.000000,2266.000000,4820.000000,695.000000,601.000000,3.000000,
0.041261,0.315787,0.334103,0.022055,0.554068,-208138.462090,3.009387,2195607.000000,1874874.000000,3722527.000000,334752.000000,1282372.000000,1952.000000,539.000000,1146.000000,164.000000,144.000000,453.000000,125.000000,266.000000,38.000000,33.000000,2784.000000,769.000000,1633.000000,233.000000,205.000000,15.000000,8.000000,18.000000,3.000000,5.000000,0.000000,6.000000,12.000000,2.000000,4.000000,0.000000,7.000000,15.000000,2.000000,5.000000,8097.000000,2266.000000,4820.000000,695.000000,601.000000,3.000000,
0.041261,0.315787,0.334103,0.022055,0.554068,-208138.462090,3.009387,2195607.000000,1874874.000000,3722527.000000,334752.000000,1282372.000000,1952.000000,539.000000,1146.000000,164.000000,144.000000,453.000000,125.000000,266.000000,38.000000,33.000000,2784.000000,769.000000,1633.000000,233.000000,205.000000,15.000000,8.000000,18.000000,3.000000,5.000000,0.000000,6.000000,12.000000,2.000000,4.000000,0.000000,7.000000,15.000000,2.000000,5.000000,8097.000000,2266.000000,4820.000000,695.000000,601.000000,3.000000,
0.041179,0.281053,0.333773,0.027083,0.572155,-208121.794861,3.002818,2195607.000000,1874874.000000,3722527.000000,334752.000000,1282372.000000,1952.000000,539.000000,1146.000000,164.000000,144.000000,453.000000,125.000000,266.000000,38.000000,33.000000,2784.000000,769.000000,1633.000000,233.000000,205.000000,15.000000,8.000000,18.000000,3.000000,5.000000,0.000000,6.000000,12.000000,2.000000,4.000000,0.000000,7.000000,15.000000,2.000000,5.000000,8097.000000,2266.000000,4820.000000,695.000000,601.000000,3.000000,
0.041179,0.281053,0.333773,0.027083,0.572155,-208121.794861,3.002818,2195607.000000,1874874.000000,3722527.000000,334752.000000,1282372.000000,1952.000000,539.000000,1146.000000,164.000000,144.000000,453.000000,125.000000,266.000000,38.000000,33.000000,2784.000000,769.000000,1633.000000,233.000000,205.000000,15.000000,8.000000,18.000000,3.000000,5.000000,0.000000,6.000000,12.000000,2.000000,4.000000,0.000000,7.000000,15.000000,2.000000,5.000000,8097.000000,2266.000000,4820.000000,695.000000,601.000000,3.000000,
0.041329,0.225309,0.325478,0.023108,0.568426,-207708.783045,2.998322,2195607.000000,1874874.000000,3722527.000000,334752.000000,1282372.000000,1952.000000,539.000000,1146.000000,164.000000,144.000000,453.000000,125.000000,266.000000,38.000000,33.000000,2784.000000,769.000000,1633.000000,233.000000,205.000000,15.000000,8.000000,18.000000,3.000000,5.000000,0.000000,6.000000,12.000000,2.000000,4.000000,0.000000,7.000000,15.000000,2.000000,5.000000,8097.000000,2266.000000,4820.000000,695.000000,601.000000,3.000000,
0.041329,0.225309,0.325478,0.023108,0.568426,-207708.783045,2.998322,2195607.000000,1874874.000000,3722527.000000,334752.000000,1282372.000000,1952.000000,539.000000,1146.000000,164.000000,144.000000,453.000000,125.000000,266.000000,38.000000,33.000000,2784.000000,769.000000,1633.000000,233.000000,205.000000,15.000000,8.000000,18.000000,3.000000,5.000000,0.000000,6.000000,12.000000,2.000000,4.000000,0.000000,7.000000,15.000000,2.000000,5.000000,8097.000000,2266.000000,4820.000000,695.000000,601.000000,3.000000,
0.041329,0.225309,0.325478,0.023108,0.568426,-207708.783045,2.998322,2195607.000000,1874874.000000,3722527.000000,334752.000000,1282372.000000,1952.000000,539.000000,1146.000000,164.000000,144.000000,453.000000,125.000000,266.000000,38.000000,33.000000,2784.000000,769.000000,1633.000000,233.000000,205.000000,15.000000,8.000000,18.000000,3.000000,5.000000,0.000000,6.000000,12.000000,2.000000,4.000000,0.000000,7.000000,15.000000,2.000000,5.000000,8097.000000,2266.000000,4820.000000,695.000000,601.000000,3.000000,
0.041055,0.229325,0.339284,0.022740,0.558345,-208398.543597,3.004008,2195607.000000,1874874.000000,3722527.000000,334752.000000,1282372.000000,1952.000000,539.000000,1146.000000,164.000000,144.000000,453.000000,125.000000,266.000000,38.000000,33.000000,2784.000000,769.000000,1633.000000,233.000000,205.000000,15.000000,8.000000,18.000000,3.000000,5.000000,0.000000,6.000000,12.000000,2.000000,4.000000,0.000000,7.000000,15.000000,2.000000,5.000000,8097.000000,2266.000000,4820.000000,695.000000,601.000000,3.000000,
0.041217,0.232156,0.330190,0.030372,0.549847,-207942.777950,2.998904,2195607.000000,1874874.000000,3722527.000000,334752.000000,1282372.000000,1952.000000,539.000000,1146.000000,164.000000,144.000000,453.000000,125.000000,266.000000,38.000000,33.000000,2784.000000,769.000000,1633.000000,233.000000,205.000000,15.000000,8.000000,18.000000,3.000000,5.000000,0.000000,6.000000,12.000000,2.000000,4.000000,0.000000,7.000000,15.000000,2.000000,5.000000,8097.000000,2266.000000,4820.000000,695.000000,601.000000,3.000000,
0.041339,0.351020,0.321489,0.017072,0.686607,-207511.607785,2.991575,2195607.000000,1874874.000000,3722527.000000,334752.000000,1282372.000000,1952.000000,539.000000,1146.000000,164.000000,144.000000,453.000000,125.000000,266.000000,38.000000,33.000000,2784.000000,769.000000,1633.000000,233.000000,205.000000,15.000000,8.000000,18.000000,3.000000,5.000000,0.000000,6.000000,12.000000,2.000000,4.000000,0.000000,7.000000,15.000000,2.000000,5.000000,8097.000000,2266.000000,4820.000000,695.000000,601.000000,3.000000,
0.041339,0.351020,0.321489,0.017072,0.686607,-207511.607785,2.991575,2195607.000000,1874874.000000,3722527.000000,334752.000000,1282372.000000,1952.000000,539.000000,1146.000000,164.000000,144.000000,453.000000,125.000000,266.000000,38.000000,33.000000,2784.000000,769.000000,1633.000000,233.000000,205.000000,15.000000,8.000000,18.000000,3.000000,5.000000,0.000000,6.000000,12.000000,2.000000,4.000000,0.000000,7.000000,15.000000,2.000000,5.000000,8097.000000,2266.000000,4820.000000,695.000000,601.000000,3.000000,
0.041339,0.351020,0.321489,0.017072,0.686607,-207511.607785,2.991575,2195607.000000,1874874.000000,3722527.000000,334752.000000,1282372.000000,1952.000000,539.000000,1146.000000,164.000000,144.000000,453.000000,125.000000,266.000000,38.000000,33.000000,2784.000000,769.000000,1633.000000,233.000000,205.000000,15.000000,8.000000,18.000000,3.000000,5.000000,0.000000,6.000000,12.000000,2.000000,4.000000,0.000000,7.000000,15.000000,2.000000,5.000000,8097.000000,2266.000000,4820.000000,695.000000,601.000000,3.000000,
0.041261,0.410964,0.324751,0.026021,0.669381,-207672.630060,2.992007,2195607.000000,1874874.000000,3722527.000000,334752.000000,1282372.000000,1952.000000,539.000000,1146.000000,164.000000,144.000000,453.000000,125.000000,266.000000,38.000000,33.000000,2784.000000,769.000000,1633.000000,233.000000,205.000000,15.000000,8.000000,18.000000,3.000000,5.000000,0.000000,6.000000,12.000000,2.000000,4.000000,0.000000,7.000000,15.000000,2.000000,5.000000,8097.000000,2266.000000,4820.000000,695.000000,601.000000,3.000000,
0.041179,0.027848,0.328780,0.014524,0.573299,-207872.492911,2.993546,2195607.000000,1874874.000000,3722527.000000,334752.000000,1282372.000000,1952.000000,539.000000,1146.000000,164.000000,144.000000,453.000000,125.000000,266.000000,38.000000,33.000000,2784.000000,769.000000,1633.000000,233.000000,205.000000,15.000000,8.000000,18.000000,3.000000,5.000000,0.000000,6.000000,12.000000,2.000000,4.000000,0.000000,7.000000,15.000000,2.000000,5.000000,8097.000000,2266.000000,4820.000000,695.000000,601.000000,3.000000,
0.041179,0.027848,0.328780,0.014524,0.573299,-207872.492911,2.993546,2195607.000000,1874874.000000,3722527.000000,334752.000000,1282372.000000,1952.000000,539.000000,1146.000000,164.000000,144.000000,453.000000,125.000000,266.000000,38.000000,33.000000,2784.000000,769.000000,1633.000000,233.000000,205.000000,15.000000,8.000000,18.000000,3.000000,5.000000,0.000000,6.000000,12.000000,2.000000,4.000000,0.000000,7.000000,15.000000,2.000000,5.000000,8097.000000,2266.000000,4820.000000,695.000000,601.000000,3.000000,
0.041179,0.027848,0.328780,0.014524,0.573299,-207872.492911,2.993546,2195607.000000,1874874.000000,3722527.000000,334752.000000,1282372.000000,1952.000000,539.000000,1146.000000,164.000000,144.000000,453.000000,125.000000,266.000000,38.000000,33.000000,2784.000000,769.000000,1633.000000,233.000000,205.000000,15.000000,8.000000,18.000000,3.000000,5.000000,0.000000,6.000000,12.000000,2.000000,4.000000,0.000000,7.000000,15.000000,2.000000,5.000000,8097.000000,2266.000000,4820.000000,695.000000,601.000000,3.000000,
0.041179,0.027848,0.328780,0.014524,0.573299,-207872.492911,2.993546,2195607.000000,1874874.000000,3722527.000000,334752.000000,1282372.000000,1952.000000,539.000000,1146.000000,164.000000,144.000000,453.000000,125.000000,266.000000,38.000000,33.000000,2784.000000,769.000000,1633.000000,233.000000,205.000000,15.000000,8.000000,18.000000,3.000000,5.000000,0.000000,6.000000,12.000000,2.000000,4.000000,0.000000,7.000000,15.000000,2.000000,5.000000,8097.000000,2266.000000,4820.000000,695.000000,601.000000,3.000000,
0.041177,0.022705,0.325588,0.012281,0.552347,-207713.918118,2.987501,2195607.000000,1874874.000000,3722527.000000,334752.000000,1282372.000000,1952.000000,539.000000,1146.000000,164.000000,144.000000,453.000000,125.000000,266.000000,38.000000,33.000000,2784.000000,769.000000,1633.000000,233.000000,205.000000,15.000000,8.000000,18.000000,3.000000,5.000000,0.000000,6.000000,12.000000,2.000000,4.000000,0.000000,7.000000,15.000000,2.000000,5.000000,8097.000000,2266.000000,4820.000000,695.000000,601.000000,3.000000,
0.041177,0.022705,0.325588,0.012281,0.552347,-207713.918118,2.987501,2195607.000000,1874874.000000,3722527.000000,334752.000000,1282372.000000,1952.000000,539.000000,1146.000000,164.000000,144.000000,453.000000,125.000000,266.000000,38.000000,33.000000,2784.000000,769.000000,1633.000000,233.000000,205.000000,15.000000,8.000000,18.000000,3.000000,5.000000,0.000000,6.000000,12.000000,2.000000,4.000000,0.000000,7.000000,15.000000,2.000000,5.000000,8097.000000,2266.000000,4820.000000,695.000000,601.000000,3.000000,
0.041177,0.022705,0.325588,0.012281,0.552347,-207713.918118,2.987501,2195607.000000,1874874.000000,3722527.000000,334752.000000,1282372.000000,1952.000000,539.000000,1146.000000,164.000000,144.000000,453.000000,125.000000,266.000000,38.000000,33.000000,2784.000000,769.000000,1633.000000,233.000000,205.000000,15.000000,8.000000,18.000000,3.000000,5.000000,0.000000,6.000000,12.000000,2.000000,4.000000,0.000000,7.000000,15.000000,2.000000,5.000000,8097.000000,2266.000000,4820.000000,695.000000,601.000000,3.000000,
0.041177,0.022705,0.325588,0.012281,0.552347,-207713.918118,2.987501,2195607.000000,1874874.000000,3722527.000000,334752.000000,1282372.000000,1952.000000,539.000000,1146.000000,164.000000,144.000000,453.000000,125.000000,266.000000,38.000000,33.000000,2784.000000,769.000000,1633.000000,233.000000,205.000000,15.000000,8.000000,18.000000,3.000000,5.000000,0.000000,6.000000,12.000000,2.000000,4.000000,0.000000,7.000000,15.000000,2.000000,5.000000,8097.000000,2266.000000,4820.000000,695.000000,601.000000,3.000000,
0.041177,0.022705,0.325588,0.012281,0.552347,-207713.918118,2.987501,2195607.000000,1874874.000000,3722527.000000,334752.000000,1282372.000000,1952.000000,539.000000,1146.000000,164.000000,144.000000,453.000000,125.000000,266.000000,38.000000,33.000000,2784.000000,769.000000,1633.000000,233.000000,205.000000,15.000000,8.000000,18.000000,3.000000,5.000000,0.000000,6.000000,12.000000,2.000000,4.000000,0.000000,7.000000,15.000000,2.000000,5.000000,8097.000000,2266.000000,4820.000000,695.000000,601.000000,3.000000,
0.041177,0.022705,0.325588,0.012281,0.552347,-207713.918118,2.987501,2195607.000000,1874874.000000,3722527.000000,334752.000000,1282372.000000,1952.000000,539.000000,1146.000000,164.000000,144.000000,453.000000,125.000000,266.000000,38.000000,33.000000,2784.000000,769.000000,1633.000000,233.000000,205.000000,15.000000,8.000000,18.000000,3.000000,5.000000,0.000000,6.000000,12.000000,2.000000,4.000000,0.000000,7.000000,15.000000,2.000000,5.000000,8097.000000,2266.000000,4820.000000,695.000000,601.000000,3.000000,
0.041177,0.022705,0.325588,0.012281,0.552347,-207713.918118,2.987501,2195607.000000,1874874.000000,3722527.000000,334752.000000,1282372.000000,1952.000000,539.000000,1146.000000,164.000000,144.000000,453.000000,125.000000,266.000000,38.000000,33.000000,2784.000000,769.000000,1633.000000,233.000000,205.000000,15.000000,8.000000,18.000000,3.000000,5.000000,0.000000,6.000000,12.000000,2.000000,4.000000,0.000000,7.000000,15.000000,2.000000,5.000000,8097.000000,2266.000000,4820.000000,695.000000,601.000000,3.000000,
0.041177,0.022705,0.325588,0.012281,0.552347,-207713.918118,2.987501,2195607.000000,1874874.000000,3722527.000000,334752.000000,1282372.000000,1952.000000,539.000000,1146.000000,164.000000,144.000000,453.000000,125.000000,266.000000,38.000000,33.000000,2784.000000,769.000000,1633.000000,233.000000,205.000000,15.000000,8.000000,18.000000,3.000000,5.000000,0.000000,6.000000,12.000000,2.000000,4.000000,0.000000,7.000000,15.000000,2.000000,5.000000,8097.000000,2266.000000,4820.000000,695.000000,601.000000,3.000000,
0.041148,0.022566,0.329984,0.021936,0.515691,-207932.395870,2.993557,2195607.000000,1874874.000000,3722527.000000,334752.000000,1282372.000000,1952.000000,539.000000,1146.000000,164.000000,144.000000,453.000000,125.000000,266.000000,38.000000,33.000000,2784.000000,769.000000,1633.000000,233.000000,205.000000,15.000000,8.000000,18.000000,3.000000,5.000000,0.000000,6.000000,12.000000,2.000000,4.000000,0.000000,7.000000,15.000000,2.000000,5.000000,8097.000000,2266.000000,4820.000000,695.000000,601.000000,3.000000,
0.041148,0.022566,0.329984,0.021936,0.515691,-207932.395870,2.993557,2195607.000000,1874874.000000,3722527.000000,334752.000000,1282372.000000,1952.000000,539.000000,1146.000000,164.000000,144.000000,453.000000,125.000000,266.000000,38.000000,33.000000,2784.000000,769.000000,1633.000000,233.000000,205.000000,15.000000,8.000000,18.000000,3.000000,5.000000,0.000000,6.000000,12.000000,2.000000,4.000000,0.000000,7.000000,15.000000,2.000000,5.000000,8097.000000,2266.000000,4820.000000,695.000000,601.000000,3.000000,
0.041148,0.022566,0.329984,0.021936,0.515691,-207932.395870,2.993557,2195607.000000,1874874.000000,3722527.000000,334752.000000,1282372.000000,1952.000000,539.000000,1146.000000,164.000000,144.000000,453.000000,125.000000,266.000000,38.000000,33.000000,2784.000000,769.000000,1633.000000,233.000000,205.000000,15.000000,8.000000,18.000000,3.000000,5.000000,0.000000,6.000000,12.000000,2.000000,4.000000,0.000000,7.000000,15.000000,2.000000,5.000000,8097.000000,2266.000000,4820.000000,695.000000,601.000000,3.000000,
0.041148,0.022566,0.329984,0.021936,0.515691,-207932.395870,2.993557,2195607.000000,1874874.000000,3722527.000000,334752.000000,1282372.000000,1952.000000,539.000000,1146.000000,164.000000,144.000000,453.000000,125.000000,266.000000,38.000000,33.000000,2784.000000,769.000000,1633.000000,233.000000,205.000000,15.000000,8.000000,18.000000,3.000000,5.000000,0.000000,6.000000,12.000000,2.000000,4.000000,0.000000,7.000000,15.000000,2.000000,5.000000,8097.000000,2266.000000,4820.000000,695.000000,601.000000,3.000000,
0.041148,0.022566,0.329984,0.021936,0.515691,-207932.395870,2.993557,2195607.000000,1874874.000000,3722527.000000,334752.000000,1282372.000000,1952.000000,539.000000,1146.000000,164.000000,144.000000,453.000000,125.000000,266.000000,38.000000,33.000000,2784.000000,769.000000,1633.000000,233.000000,205.000000,15.000000,8.000000,18.000000,3.000000,5.000000,0.000000,6.000000,12.000000,2.000000,4.000000,0.000000,7.000000,15.000000,2.000000,5.000000,8097.000000,2266.000000,4820.000000,695.000000,601.000000,3.000000,
0.041148,0.022566,0.329984,0.021936,0.515691,-207932.395870,2.993557,2195607.000000,1874874.000000,3722527.000000,334752.000000,1282372.000000,1952.000000,539.000000,1146.000000,164.000000,144.000000,453.000000,125.000000,266.000000,38.000000,33.000000,2784.000000,769.000000,1633.000000,233.000000,205.000000,15.000000,8.000000,18.000000,3.000000,5.000000,0.000000,6.000000,12.000000,2.000000,4.000000,0.000000,7.000000,15.000000,2.000000,5.000000,8097.000000,2266.000000,4820.000000,695.000000,601.000000,3.000000,
0.041148,0.022566,0.329984,0.021936,0.515691,-207932.395870,2.993557,2195607.000000,1874874.000000,3722527.000000,334752.000000,1282372.000000,1952.000000,539.000000,1146.000000,164.000000,144.000000,453.000000,125.000000,266.000000,38.000000,33.000000,2784.000000,769.000000,1633.000000,233.000000,205.000000,15.000000,8.000000,18.000000,3.000000,5.000000,0.000000,6.000000,12.000000,2.000000,4.000000,0.000000,7.000000,15.000000,2.000000,5.000000,8097.000000,2266.000000,4820.000000,695.000000,601.000000,3.000000,
0.041148,0.022566,0.329984,0.021936,0.515691,-207932.395870,2.993557,2195607.000000,1874874.000000,3722527.000000,334752.000000,1282372.000000,1952.000000,539.000000,1146.000000,164.000000,144.000000,453.000000,125.000000,266.000000,38.000000,33.000000,2784.000000,769.000000,1633.000000,233.000000,205.000000,15.000000,8.000000,18.000000,3.000000,5.000000,0.000000,6.000000,12.000000,2.000000,4.000000,0.000000,7.000000,15.000000,2.000000,5.000000,8097.000000,2266.000000,4820.000000,695.000000,601.000000,3.000000,
0.041148,0.022566,0.329984,0.021936,0.515691,-207932.395870,2.993557,2195607.000000,1874874.000000,3722527.000000,334752.000000,1282372.000000,1952.000000,539.000000,1146.000000,164.000000,144.000000,453.000000,125.000000,266.000000,38.000000,33.000000,2784.000000,769.000000,1633.000000,233.000000,205.000000,15.000000,8.000000,18.000000,3.000000,5.000000,0.000000,6.000000,12.000000,2.000000,4.000000,0.000000,7.000000,15.000000,2.000000,5.000000,8097.000000,2266.000000,4820.000000,695.000000,601.000000,3.000000,
0.041148,0.022566,0.329984,0.021936,0.515691,-207932.395870,2.993557,2195607.000000,1874874.000000,3722527.000000,334752.000000,1282372.000000,1952.000000,539.000000,1146.000000,164.000000,144.000000,453.000000,125.000000,266.000000,38.000000,33.000000,2784.000000,769.000000,1633.000000,233.000000,205.000000,15.000000,8.000000,18.000000,3.000000,5.000000,0.000000,6.000000,12.000000,2.000000,4.000000,0.000000,7.000000,15.000000,2.000000,5.000000,8097.000000,2266.000000,4820.000000,695.000000,601.000000,3.000000,
0.041143,0.010432,0.329313,0.021025,0.675103,-207898.943622,2.991891,2195607.000000,1874874.000000,3722527.000000,334752.000000,1282372.000000,1952.000000,539.000000,1146.000000,164.000000,144.000000,453.000000,125.000000,266.000000,38.000000,33.000000,2784.000000,769.000000,1633.000000,233.000000,205.000000,15.000000,8.000000,18.000000,3.000000,5.000000,0.000000,6.000000,12.000000,2.000000,4.000000,0.000000,7.000000,15.000000,2.000000,5.000000,8097.000000,2266.000000,4820.000000,695.000000,601.000000,3.000000,
0.041143,0.010432,0.329313,0.021025,0.675103,-207898.943622,2.991891,2195607.000000,1874874.000000,3722527.000000,334752.000000,1282372.000000,1952.000000,539.000000,1146.000000,164.000000,144.000000,453.000000,125.000000,266.000000,38.000000,33.000000,2784.000000,769.000000,1633.000000,233.000000,205.000000,15.000000,8.000000,18.000000,3.000000,5.000000,0.000000,6.000000,12.000000,2.000000,4.000000,0.000000,7.000000,15.000000,2.000000,5.000000,8097.000000,2266.000000,4820.000000,695.000000,601.000000,3.000000,
0.041143,0.010432,0.329313,0.021025,0.675103,-207898.943622,2.991891,2195607.000000,1874874.000000,3722527.000000,334752.000000,1282372.000000,1952.000000,539.000000,1146.000000,164.000000,144.000000,453.000000,125.000000,266.000000,38.000000,33.000000,2784.000000,769.000000,1633.000000,233.000000,205.000000,15.000000,8.000000,18.000000,3.000000,5.000000,0.000000,6.000000,12.000000,2.000000,4.000000,0.000000,7.000000,15.000000,2.000000,5.000000,8097.000000,2266.000000,4820.000000,695.000000,601.000000,3.000000,
0.041143,0.010432,0.329313,0.021025,0.675103,-207898.943622,2.991891,2195607.000000,1874874.000000,3722527.000000,334752.000000,1282372.000000,1952.000000,539.000000,1146.000000,164.000000,144.000000,453.000000,125.000000,266.000000,38.000000,33.000000,2784.000000,769.000000,1633.000000,233.000000,205.000000,15.000000,8.000000,18.000000,3.000000,5.000000,0.000000,6.000000,12.000000,2.000000,4.000000,0.000000,7.000000,15.000000,2.000000,5.000000,8097.000000,2266.000000,4820.000000,695.000000,601.000000,3.000000,
0.041101,0.010744,0.327766,0.024838,0.588822,-207821.905916,2.985986,2195607.000000,1874874.000000,3722527.000000,334752.000000,1282372.000000,1952.000000,539.000000,1146.000000,164.000000,144.000000,453.000000,125.000000,266.000000,38.000000,33.000000,2784.000000,769.000000,1633.000000,233.000000,205.000000,15.000000,8.000000,18.000000,3.000000,5.000000,0.000000,6.000000,12.000000,2.000000,4.000000,0.000000,7.000000,15.000000,2.000000,5.000000,8097.000000,2266.000000,4820.000000,695.000000,601.000000,3.000000,
0.041148,0.021555,0.325246,0.017538,0.708195,-207696.948835,2.984706,2195607.000000,1874874.000000,3722527.000000,334752.000000,1282372.000000,1952.000000,539.000000,1146.000000,164.000000,144.000000,453.000000,125.000000,266.000000,38.000000,33.000000,2784.000000,769.000000,1633.000000,233.000000,205.000000,15.000000,8.000000,18.000000,3.000000,5.000000,0.000000,6.000000,12.000000,2.000000,4.000000,0.000000,7.000000,15.000000,2.000000,5.000000,8097.000000,2266.000000,4820.000000,695.000000,601.000000,3.000000,
0.041148,0.021555,0.325246,0.017538,0.708195,-207696.948835,2.984706,2195607.000000,1874874.000000,3722527.000000,334752.000000,1282372.000000,1952.000000,539.000000,1146.000000,164.000000,144.000000,453.000000,125.000000,266.000000,38.000000,33.000000,2784.000000,769.000000,1633.000000,233.000000,205.000000,15.000000,8.000000,18.000000,3.000000,5.000000,0.000000,6.000000,12.000000,2.000000,4.000000,0.000000,7.000000,15.000000,2.000000,5.000000,8097.000000,2266.000000,4820.000000,695.000000,601.000000,3.000000,
0.041148,0.021555,0.325246,0.017538,0.708195,-207696.948835,2.984706,2195607.000000,1874874.000000,3722527.000000,334752.000000,1282372.000000,1952.000000,539.000000,1146.000000,164.000000,144.000000,453.000000,125.000000,266.000000,38.000000,33.000000,2784.000000,769.000000,1633.000000,233.000000,205.000000,15.000000,8.000000,18.000000,3.000000,5.000000,0.000000,6.000000,12.000000,2.000000,4.000000,0.000000,7.000000,15.000000,2.000000,5.000000,8097.000000,2266.000000,4820.000000,695.000000,601.000000,3.000000,
0.041164,0.029795,0.324172,0.016682,0.699441,-207643.785924,2.983918,2195607.000000,1874874.000000,3722527.000000,334752.000000,1282372.000000,1952.000000,539.000000,1146.000000,164.000000,144.000000,453.000000,125.000000,266.000000,38.000000,33.000000,2784.000000,769.000000,1633.000000,233.000000,205.000000,15.000000,8.000000,18.000000,3.000000,5.000000,0.000000,6.000000,12.000000,2.000000,4.000000,0.000000,7.000000,15.000000,2.000000,5.000000,8097.000000,2266.000000,4820.000000,695.000000,601.000000,3.000000,
0.041164,0.029795,0.324172,0.016682,0.699441,-207643.785924,2.983918,2195607.000000,1874874.000000,3722527.000000,334752.000000,1282372.000000,1952.000000,539.000000,1146.000000,164.000000,144.000000,453.000000,125.000000,266.000000,38.000000,33.000000,2784.000000,769.000000,1633.000000,233.000000,205.000000,15.000000,8.000000,18.000000,3.000000,5.000000,0.000000,6.000000,12.000000,2.000000,4.000000,0.000000,7.000000,15.000000,2.000000,5.000000,8097.000000,2266.000000,4820.000000,695.000000,601.000000,3.000000,
0.041164,0.029795,0.324172,0.016682,0.699441,-207643.785924,2.983918,2195607.000000,1874874.000000,3722527.000000,334752.000000,1282372.000000,1952.000000,539.000000,1146.000000,164.000000,144.000000,453.000000,125.000000,266.000000,38.000000,33.000000,2784.000000,769.000000,1633.000000,233.000000,205.000000,15.000000,8.000000,18.000000,3.000000,5.000000,0.000000,6.000000,12.000000,2.000000,4.000000,0.000000,7.000000,15.000000,2.000000,5.000000,8097.000000,2266.000000,4820.000000,695.000000,601.000000,3.000000,
0.041164,0.029795,0.324172,0.016682,0.699441,-207643.785924,2.983918,2195607.000000,1874874.000000,3722527.000000,334752.000000,1282372.000000,1952.000000,539.000000,1146.000000,164.000000,144.000000,453.000000,125.000000,266.000000,38.000000,33.000000,2784.000000,769.000000,1633.000000,233.000000,205.000000,15.000000,8.000000,18.000000,3.000000,5.000000,0.000000,6.000000,12.000000,2.000000,4.000000,0.000000,7.000000,15.000000,2.000000,5.000000,8097.000000,2266.000000,4820.000000,695.000000,601.000000,3.000000,
0.041164,0.029795,0.324172,0.016682,0.699441,-207643.785924,2.983918,2195607.000000,1874874.000000,3722527.000000,334752.000000,1282372.000000,1952.000000,539.000000,1146.000000,164.000000,144.000000,453.000000,125.000000,266.000000,38.000000,33.000000,2784.000000,769.000000,1633.000000,233.000000,205.000000,15.000000,8.000000,18.000000,3.000000,5.000000,0.000000,6.000000,12.000000,2.000000,4.000000,0.000000,7.000000,15.000000,2.000000,5.000000,8097.000000,2266.000000,4820.000000,695.000000,601.000000,3.000000,
0.041164,0.029795,0.324172,0.016682,0.699441,-207643.785924,2.983918,2195607.000000,1874874.000000,3722527.000000,334752.000000,1282372.000000,1952.000000,539.000000,1146.000000,164.000000,144.000000,453.000000,125.000000,266.000000,38.000000,33.000000,2784.000000,769.000000,1633.000000,233.000000,205.000000,15.000000,8.000000,18.000000,3.000000,5.000000,0.000000,6.000000,12.000000,2.000000,4.000000,0.000000,7.000000,15.000000,2.000000,5.000000,8097.000000,2266.000000,4820.000000,695.000000,601.000000,3.000000,
0.041164,0.029795,0.324172,0.016682,0.699441,-207643.785924,2.983918,2195607.000000,1874874.000000,3722527.000000,334752.000000,1282372.000000,1952.000000,539.000000,1146.000000,164.000000,144.000000,453.000000,125.000000,266.000000,38.000000,33.000000,2784.000000,769.000000,1633.000000,233.000000,205.000000,15.000000,8.000000,18.000000,3.000000,5.000000,0.000000,6.000000,12.000000,2.000000,4.000000,0.000000,7.000000,15.000000,2.000000,5.000000,8097.000000,2266.000000,4820.000000,695.000000,601.000000,3.000000,
0.041164,0.029795,0.324172,0.016682,0.699441,-207643.785924,2.983918,2195607.000000,1874874.000000,3722527.000000,334752.000000,1282372.000000,1952.000000,539.000000,1146.000000,164.000000,144.000000,453.000000,125.000000,266.000000,38.000000,33.000000,2784.000000,769.000000,1633.000000,233.000000,205.000000,15.000000,8.000000,18.000000,3.000000,5.000000,0.000000,6.000000,12.000000,2.000000,4.000000,0.000000,7.000000,15.000000,2.000000,5.000000,8097.000000,2266.000000,4820.000000,695.000000,601.000000,3.000000,
0.041164,0.029795,0.324172,0.016682,0.699441,-207643.785924,2.983918,2195607.000000,1874874.000000,3722527.000000,334752.000000,1282372.000000,1952.000000,539.000000,1146.000000,164.000000,144.000000,453.000000,125.000000,266.000000,38.000000,33.000000,2784.000000,769.000000,1633.000000,233.000000,205.000000,15.000000,8.000000,18.000000,3.000000,5.000000,0.000000,6.000000,12.000000,2.000000,4.000000,0.000000,7.000000,15.000000,2.000000,5.000000,8097.000000,2266.000000,4820.000000,695.000000,601.000000,3.000000,
0.041164,0.029795,0.324172,0.016682,0.699441,-207643.785924,2.983918,2195607.000000,1874874.000000,3722527.000000,334752.000000,1282372.000000,1952.000000,539.000000,1146.000000,164.000000,144.000000,453.000000,125.000000,266.000000,38.000000,33.000000,2784.000000,769.000000,1633.000000,233.000000,205.000000,15.000000,8.000000,18.000000,3.000000,5.000000,0.000000,6.000000,12.000000,2.000000,4.000000,0.000000,7.000000,15.000000,2.000000,5.000000,8097.000000,2266.000000,4820.000000,695.000000,601.000000,3.000000,
0.041304,0.040045,0.318973,0.012687,0.679650,-207387.676078,2.984383,2195607.000000,1874874.000000,3722527.000000,334752.000000,1282372.000000,1952.000000,539.000000,1146.000000,164.000000,144.000000,453.000000,125.000000,266.000000,38.000000,33.000000,2784.000000,769.000000,1633.000000,233.000000,205.000000,15.000000,8.000000,18.000000,3.000000,5.000000,0.000000,6.000000,12.000000,2.000000,4.000000,0.000000,7.000000,15.000000,2.000000,5.000000,8097.000000,2266.000000,4820.000000,695.000000,601.000000,3.000000,
0.041304,0.040045,0.318973,0.012687,0.679650,-207387.676078,2.984383,2195607.000000,1874874.000000,3722527.000000,334752.000000,1282372.000000,1952.000000,539.000000,1146.000000,164.000000,144.000000,453.000000,125.000000,266.000000,38.000000,33.000000,2784.000000,769.000000,1633.000000,233.000000,205.000000,15.000000,8.000000,18.000000,3.000000,5.000000,0.000000,6.000000,12.000000,2.000000,4.000000,0.000000,7.000000,15.000000,2.000000,5.000000,8097.000000,2266.000000,4820.000000,695.000000,601.000000,3.000000,
0.041304,0.040045,0.318973,0.012687,0.679650,-207387.676078,2.984383,2195607.000000,1874874.000000,3722527.000000,334752.000000,1282372.000000,1952.000000,539.000000,1146.000000,164.000000,144.000000,453.000000,125.000000,266.000000,38.000000,33.000000,2784.000000,769.000000,1633.000000,233.000000,205.000000,15.000000,8.000000,18.000000,3.000000,5.000000,0.000000,6.000000,12.000000,2.000000,4.000000,0.000000,7.000000,15.000000,2.000000,5.000000,8097.000000,2266.000000,4820.000000,695.000000,601.000000,3.000000,
0.041304,0.040045,0.318973,0.012687,0.679650,-207387.676078,2.984383,2195607.000000,1874874.000000,3722527.000000,334752.000000,1282372.000000,1952.000000,539.000000,1146.000000,164.000000,144.000000,453.000000,125.000000,266.000000,38.000000,33.000000,2784.000000,769.000000,1633.000000,233.000000,205.000000,15.000000,8.000000,18.000000,3.000000,5.000000,0.000000,6.000000,12.000000,2.000000,4.000000,0.000000,7.000000,15.000000,2.000000,5.000000,8097.000000,2266.000000,4820.000000,695.000000,601.000000,3.000000,
0.041264,0.068067,0.321581,0.010323,0.602052,-207516.018173,2.986343,2195607.000000,1874874.000000,3722527.000000,334752.000000,1282372.000000,1952.000000,539.000000,1146.000000,164.000000,144.000000,453.000000,125.000000,266.000000,38.000000,33.000000,2784.000000,769.000000,1633.000000,233.000000,205.000000,15.000000,8.000000,18.000000,3.000000,5.000000,0.000000,6.000000,12.000000,2.000000,4.000000,0.000000,7.000000,15.000000,2.000000,5.000000,8097.000000,2266.000000,4820.000000,695.000000,601.000000,3.000000,
0.041264,0.068067,0.321581,0.010323,0.602052,-207516.018173,2.986343,2195607.000000,1874874.000000,3722527.000000,334752.000000,1282372.000000,1952.000000,539.000000,1146.000000,164.000000,144.000000,453.000000,125.000000,266.000000,38.000000,33.000000,2784.000000,769.000000,1633.000000,233.000000,205.000000,15.000000,8.000000,18.000000,3.000000,5.000000,0.000000,6.000000,12.000000,2.000000,4.000000,0.000000,7.000000,15.000000,2.000000,5.000000,8097.000000,2266.000000,4820.000000,695.000000,601.000000,3.000000,
0.041264,0.068067,0.321581,0.010323,0.602052,-207516.018173,2.986343,2195607.000000,1874874.000000,3722527.000000,334752.000000,1282372.000000,1952.000000,539.000000,1146.000000,164.000000,144.000000,453.000000,125.000000,266.000000,38.000000,33.000000,2784.000000,769.000000,1633.000000,233.000000,205.000000,15.000000,8.000000,18.000000,3.000000,5.000000,0.000000,6.000000,12.000000,2.000000,4.000000,0.000000,7.000000,15.000000,2.000000,5.000000,8097.000000,2266.000000,4820.000000,695.000000,601.000000,3.000000,
0.041264,0.068067,0.321581,0.010323,0.602052,-207516.018173,2.986343,2195607.000000,1874874.000000,3722527.000000,334752.000000,1282372.000000,1952.000000,539.000000,1146.000000,164.000000,144.000000,453.000000,125.000000,266.000000,38.000000,33.000000,2784.000000,769.000000,1633.000000,233.000000,205.000000,15.000000,8.000000,18.000000,3.000000,5.000000,0.000000,6.000000,12.000000,2.000000,4.000000,0.000000,7.000000,15.000000,2.000000,5.000000,8097.000000,2266.000000,4820.000000,695.000000,601.000000,3.000000,
0.041423,0.081714,0.313273,0.013883,0.666262,-207108.754132,2.982322,2195607.000000,1874874.000000,3722527.000000,334752.000000,1282372.000000,1952.000000,539.000000,1146.000000,164.000000,144.000000,453.000000,125.000000,266.000000,38.000000,33.000000,2784.000000,769.000000,1633.000000,233.000000,205.000000,15.000000,8.000000,18.000000,3.000000,5.000000,0.000000,6.000000,12.000000,2.000000,4.000000,0.000000,7.000000,15.000000,2.000000,5.000000,8097.000000,2266.000000,4820.000000,695.000000,601.000000,3.000000,
0.041423,0.081714,0.313273,0.013883,0.666262,-207108.754132,2.982322,2195607.000000,1874874.000000,3722527.000000,334752.000000,1282372.000000,1952.000000,539.000000,1146.000000,164.000000,144.000000,453.000000,125.000000,266.000000,38.000000,33.000000,2784.000000,769.000000,1633.000000,233.000000,205.000000,15.000000,8.000000,18.000000,3.000000,5.000000,0.000000,6.000000,12.000000,2.000000,4.000000,0.000000,7.000000,15.000000,2.000000,5.000000,8097.000000,2266.000000,4820.000000,695.000000,601.000000,3.000000,
0.041423,0.081714,0.313273,0.013883,0.666262,-207108.754132,2.982322,2195607.000000,1874874.000000,3722527.000000,334752.000000,1282372.000000,1952.000000,539.000000,1146.000000,164.000000,144.000000,453.000000,125.000000,266.000000,38.000000,33.000000,2784.000000,769.000000,1633.000000,233.000000,205.000000,15.000000,8.000000,18.000000,3.000000,5.000000,0.000000,6.000000,12.000000,2.000000,4.000000,0.000000,7.000000,15.000000,2.000000,5.000000,8097.000000,2266.000000,4820.000000,695.000000,601.000000,3.000000,
0.041423,0.081714,0.313273,0.013883,0.666262,-207108.754132,2.982322,2195607.000000,1874874.000000,3722527.000000,334752.000000,1282372.000000,1952.000000,539.000000,1146.000000,164.000000,144.000000,453.000000,125.000000,266.000000,38.000000,33.000000,2784.000000,769.000000,1633.000000,233.000000,205.000000,15.000000,8.000000,18.000000,3.000000,5.000000,0.000000,6.000000,12.000000,2.000000,4.000000,0.000000,7.000000,15.000000,2.000000,5.000000,8097.000000,2266.000000,4820.000000,695.000000,601.000000,3.000000,
0.041381,0.070303,0.314733,0.012193,0.646127,-207179.969723,2.981961,2195607.000000,1874874.000000,3722527.000000,334752.000000,1282372.000000,1952.000000,539.000000,1146.000000,164.000000,144.000000,453.000000,125.000000,266.000000,38.000000,33.000000,2784.000000,769.000000,1633.000000,233.000000,205.000000,15.000000,8.000000,18.000000,3.000000,5.000000,0.000000,6.000000,12.000000,2.000000,4.000000,0.000000,7.000000,15.000000,2.000000,5.000000,8097.000000,2266.000000,4820.000000,695.000000,601.000000,3.000000,
0.041381,0.070303,0.314733,0.012193,0.646127,-207179.969723,2.981961,2195607.000000,1874874.000000,3722527.000000,334752.000000,1282372.000000,1952.000000,539.000000,1146.000000,164.000000,144.000000,453.000000,125.000000,266.000000,38.000000,33.000000,2784.000000,769.000000,1633.000000,233.000000,205.000000,15.000000,8.000000,18.000000,3.000000,5.000000,0.000000,6.000000,12.000000,2.000000,4.000000,0.000000,7.000000,15.000000,2.000000,5.000000,8097.000000,2266.000000,4820.000000,695.000000,601.000000,3.000000,
0.041381,0.070303,0.314733,0.012193,0.646127,-207179.969723,2.981961,2195607.000000,1874874.000000,3722527.000000,334752.000000,1282372.000000,1952.000000,539.000000,1146.000000,164.000000,144.000000,453.000000,125.000000,266.000000,38.000000,33.000000,2784.000000,769.000000,1633.000000,233.000000,205.000000,15.000000,8.000000,18.000000,3.000000,5.000000,0.000000,6.000000,12.000000,2.000000,4.000000,0.000000,7.000000,15.000000,2.000000,5.000000,8097.000000,2266.000000,4820.000000,695.000000,601.000000,3.000000,
0.041381,0.070303,0.314733,0.012193,0.646127,-207179.969723,2.981961,2195607.000000,1874874.000000,3722527.000000,334752.000000,1282372.000000,1952.000000,539.000000,1146.000000,164.000000,144.000000,453.000000,125.000000,266.000000,38.000000,33.000000,2784.000000,769.000000,1633.000000,233.000000,205.000000,15.000000,8.000000,18.000000,3.000000,5.000000,0.000000,6.000000,12.000000,2.000000,4.000000,0.000000,7.000000,15.000000,2.000000,5.000000,8097.000000,2266.000000,4820.000000,695.000000,601.000000,3.000000,
0.041381,0.070303,0.314733,0.012193,0.646127,-207179.969723,2.981961,2195607.000000,1874874.000000,3722527.000000,334752.000000,1282372.000000,1952.000000,539.000000,1146.000000,164.000000,144.000000,453.000000,125.000000,266.000000,38.000000,33.000000,2784.000000,769.000000,1633.000000,233.000000,205.000000,15.000000,8.000000,18.000000,3.000000,5.000000,0.000000,6.000000,12.000000,2.000000,4.000000,0.000000,7.000000,15.000000,2.000000,5.000000,8097.000000,2266.000000,4820.000000,695.000000,601.000000,3.000000,
0.041381,0.070303,0.314733,0.012193,0.646127,-207179.969723,2.981961,2195607.000000,1874874.000000,3722527.000000,334752.000000,1282372.000000,1952.000000,539.000000,1146.000000,164.000000,144.000000,453.000000,125.000000,266.000000,38.000000,33.000000,2784.000000,769.000000,1633.000000,233.000000,205.000000,15.000000,8.000000,18.000000,3.000000,5.000000,0.000000,6.000000,12.000000,2.000000,4.000000,0.000000,7.000000,15.000000,2.000000,5.000000,8097.000000,2266.000000,4820.000000,695.000000,601.000000,3.000000,
0.041381,0.070303,0.314733,0.012193,0.646127,-207179.969723,2.981961,2195607.000000,1874874.000000,3722527.000000,334752.000000,1282372.000000,1952.000000,539.000000,1146.000000,164.000000,144.000000,453.000000,125.000000,266.000000,38.000000,33.000000,2784.000000,769.000000,1633.000000,233.000000,205.000000,15.000000,8.000000,18.000000,3.000000,5.000000,0.000000,6.000000,12.000000,2.000000,4.000000,0.000000,7.000000,15.000000,2.000000,5.000000,8097.000000,2266.000000,4820.000000,695.000000,601.000000,3.000000,
0.041381,0.070303,0.314733,0.012193,0.646127,-207179.969723,2.981961,2195607.000000,1874874.000000,3722527.000000,334752.000000,1282372.000000,1952.000000,539.000000,1146.000000,164.000000,144.000000,453.000000,125.000000,266.000000,38.000000,33.000000,2784.000000,769.000000,1633.000000,233.000000,205.000000,15.000000,8.000000,18.000000,3.000000,5.000000,0.000000,6.000000,12.000000,2.000000,4.000000,0.000000,7.000000,15.000000,2.000000,5.000000,8097.000000,2266.000000,4820.000000,695.000000,601.000000,3.000000,
0.041381,0.070303,0.314733,0.012193,0.646127,-207179.969723,2.981961,2195607.000000,1874874.000000,3722527.000000,334752.000000,1282372.000000,1952.000000,539.000000,1146.000000,164.000000,144.000000,453.000000,125.000000,266.000000,38.000000,33.000000,2784.000000,769.000000,1633.000000,233.000000,205.000000,15.000000,8.000000,18.000000,3.000000,5.000000,0.000000,6.000000,12.000000,2.000000,4.000000,0.000000,7.000000,15.000000,2.000000,5.000000,8097.000000,2266.000000,4820.000000,695.000000,601.000000,3.000000,
0.041326,0.061822,0.314512,0.016760,0.611582,-207169.076339,2.977601,2195607.000000,1874874.000000,3722527.000000,334752.000000,1282372.000000,1952.000000,539.000000,1146.000000,164.000000,144.000000,453.000000,125.000000,266.000000,38.000000,33.000000,2784.000000,769.000000,1633.000000,233.000000,205.000000,15.000000,8.000000,18.000000,3.000000,5.000000,0.000000,6.000000,12.000000,2.000000,4.000000,0.000000,7.000000,15.000000,2.000000,5.000000,8097.000000,2266.000000,4820.000000,695.000000,601.000000,3.000000,
0.041326,0.061822,0.314512,0.016760,0.611582,-207169.076339,2.977601,2195607.000000,1874874.000000,3722527.000000,334752.000000,1282372.000000,1952.000000,539.000000,1146.000000,164.000000,144.000000,453.000000,125.000000,266.000000,38.000000,33.000000,2784.000000,769.000000,1633.000000,233.000000,205.000000,15.000000,8.000000,18.000000,3.000000,5.000000,0.000000,6.000000,12.000000,2.000000,4.000000,0.000000,7.000000,15.000000,2.000000,5.000000,8097.000000,2266.000000,4820.000000,695.000000,601.000000,3.000000,
0.041553,0.149764,0.304513,0.022912,0.595449,-206683.972897,2.975230,2195607.000000,1874874.000000,3722527.000000,334752.000000,1282372.000000,1952.000000,539.000000,1146.000000,164.000000,144.000000,453.000000,125.000000,266.000000,38.000000,33.000000,2784.000000,769.000000,1633.000000,233.000000,205.000000,15.000000,8.000000,18.000000,3.000000,5.000000,0.000000,6.000000,12.000000,2.000000,4.000000,0.000000,7.000000,15.000000,2.000000,5.000000,8097.000000,2266.000000,4820.000000,695.000000,601.000000,3.000000,
0.041374,0.098210,0.314040,0.011009,0.587282,-207146.102387,2.980192,2195607.000000,1874874.000000,3722527.000000,334752.000000,1282372.000000,1952.000000,539.000000,1146.000000,164.000000,144.000000,453.000000,125.000000,266.000000,38.000000,33.000000,2784.000000,769.000000,1633.000000,233.000000,205.000000,15.000000,8.000000,18.000000,3.000000,5.000000,0.000000,6.000000,12.000000,2.000000,4.000000,0.000000,7.000000,15.000000,2.000000,5.000000,8097.000000,2266.000000,4820.000000,695.000000,601.000000,3.000000,
0.041440,0.062269,0.308710,0.015424,0.617411,-206886.811006,2.974977,2195607.000000,1874874.000000,3722527.000000,334752.000000,1282372.000000,1952.000000,539.000000,1146.000000,164.000000,144.000000,453.000000,125.000000,266.000000,38.000000,33.000000,2784.000000,769.000000,1633.000000,233.000000,205.000000,15.000000,8.000000,18.000000,3.000000,5.000000,0.000000,6.000000,12.000000,2.000000,4.000000,0.000000,7.000000,15.000000,2.000000,5.000000,8097.000000,2266.000000,4820.000000,695.000000,601.000000,3.000000,
0.041440,0.062269,0.308710,0.015424,0.617411,-206886.811006,2.974977,2195607.000000,1874874.000000,3722527.000000,334752.000000,1282372.000000,1952.000000,539.000000,1146.000000,164.000000,144.000000,453.000000,125.000000,266.000000,38.000000,33.000000,2784.000000,769.000000,1633.000000,233.000000,205.000000,15.000000,8.000000,18.000000,3.000000,5.000000,0.000000,6.000000,12.000000,2.000000,4.000000,0.000000,7.000000,15.000000,2.000000,5.000000,8097.000000,2266.000000,4820.000000,695.000000,601.000000,3.000000,
0.041440,0.062269,0.308710,0.015424,0.617411,-206886.811006,2.974977,2195607.000000,1874874.000000,3722527.000000,334752.000000,1282372.000000,1952.000000,539.000000,1146.000000,164.000000,144.000000,453.000000,125.000000,266.000000,38.000000,33.000000,2784.000000,769.000000,1633.000000,233.000000,205.000000,15.000000,8.000000,18.000000,3.000000,5.000000,0.000000,6.000000,12.000000,2.000000,4.000000,0.000000,7.000000,15.000000,2.000000,5.000000,8097.000000,2266.000000,4820.000000,695.000000,601.000000,3.000000,
0.041440,0.062269,0.308710,0.015424,0.617411,-206886.811006,2.974977,2195607.000000,1874874.000000,3722527.000000,334752.000000,1282372.000000,1952.000000,539.000000,1146.000000,164.000000,144.000000,453.000000,125.000000,266.000000,38.000000,33.000000,2784.000000,769.000000,1633.000000,233.000000,205.000000,15.000000,8.000000,18.000000,3.000000,5.000000,0.000000,6.000000,12.000000,2.000000,4.000000,0.000000,7.000000,15.000000,2.000000,5.000000,8097.000000,2266.000000,4820.000000,695.000000,601.000000,3.000000,
0.041440,0.062269,0.308710,0.015424,0.617411,-206886.811006,2.974977,2195607.000000,1874874.000000,3722527.000000,334752.000000,1282372.000000,1952.000000,539.000000,1146.000000,164.000000,144.000000,453.000000,125.000000,266.000000,38.000000,33.000000,2784.000000,769.000000,1633.000000,233.000000,205.000000,15.000000,8.000000,18.000000,3.000000,5.000000,0.000000,6.000000,12.000000,2.000000,4.000000,0.000000,7.000000,15.000000,2.000000,5.000000,8097.000000,2266.000000,4820.000000,695.000000,601.000000,3.000000,
0.041440,0.062269,0.308710,0.015424,0.617411,-206886.811006,2.974977,2195607.000000,1874874.000000,3722527.000000,334752.000000,1282372.000000,1952.000000,539.000000,1146.000000,164.000000,144.000000,453.000000,125.000000,266.000000,38.000000,33.000000,2784.000000,769.000000,1633.000000,233.000000,205.000000,15.000000,8.000000,18.000000,3.000000,5.000000,0.000000,6.000000,12.000000,2.000000,4.000000,0.000000,7.000000,15.000000,2.000000,5.000000,8097.000000,2266.000000,4820.000000,695.000000,601.000000,3.000000,
0.041443,0.017313,0.308465,0.019471,0.617464,-206874.910643,2.974760,2195607.000000,1874874.000000,3722527.000000,334752.000000,1282372.000000,1952.000000,539.000000,1146.000000,164.000000,144.000000,453.000000,125.000000,266.000000,38.000000,33.000000,2784.000000,769.000000,1633.000000,233.000000,205.000000,15.000000,8.000000,18.000000,3.000000,5.000000,0.000000,6.000000,12.000000,2.000000,4.000000,0.000000,7.000000,15.000000,2.000000,5.000000,8097.000000,2266.000000,4820.000000,695.000000,601.000000,3.000000,
0.041395,0.014388,0.310755,0.010151,0.746678,-206986.056308,2.975585,2195607.000000,1874874.000000,3722527.000000,334752.000000,1282372.000000,1952.000000,539.000000,1146.000000,164.000000,144.000000,453.000000,125.000000,266.000000,38.000000,33.000000,2784.000000,769.000000,1633.000000,233.000000,205.000000,15.000000,8.000000,18.000000,3.000000,5.000000,0.000000,6.000000,12.000000,2.000000,4.000000,0.000000,7.000000,15.000000,2.000000,5.000000,8097.000000,2266.000000,4820.000000,695.000000,601.000000,3.000000,
0.041395,0.014388,0.310755,0.010151,0.746678,-206986.056308,2.975585,2195607.000000,1874874.000000,3722527.000000,334752.000000,1282372.000000,1952.000000,539.000000,1146.000000,164.000000,144.000000,453.000000,125.000000,266.000000,38.000000,33.000000,2784.000000,769.000000,1633.000000,233.000000,205.000000,15.000000,8.000000,18.000000,3.000000,5.000000,0.000000,6.000000,12.000000,2.000000,4.000000,0.000000,7.000000,15.000000,2.000000,5.000000,8097.000000,2266.000000,4820.000000,695.000000,601.000000,3.000000,
0.041395,0.014388,0.310755,0.010151,0.746678,-206986.056308,2.975585,2195607.000000,1874874.000000,3722527.000000,334752.000000,1282372.000000,1952.000000,539.000000,1146.000000,164.000000,144.000000,453.000000,125.000000,266.000000,38.000000,33.000000,2784.000000,769.000000,1633.000000,233.000000,205.000000,15.000000,8.000000,18.000000,3.000000,5.000000,0.000000,6.000000,12.000000,2.000000,4.000000,0.000000,7.000000,15.000000,2.000000,5.000000,8097.000000,2266.000000,4820.000000,695.000000,601.000000,3.000000,
0.041395,0.014388,0.310755,0.010151,0.746678,-206986.056308,2.975585,2195607.000000,1874874.000000,3722527.000000,334752.000000,1282372.000000,1952.000000,539.000000,1146.000000,164.000000,144.000000,453.000000,125.000000,266.000000,38.000000,33.000000,2784.000000,769.000000,1633.000000,233.000000,205.000000,15.000000,8.000000,18.000000,3.000000,5.000000,0.000000,6.000000,12.000000,2.000000,4.000000,0.000000,7.000000,15.000000,2.000000,5.000000,8097.000000,2266.000000,4820.000000,695.000000,601.000000,3.000000,
0.041395,0.014388,0.310755,0.010151,0.746678,-206986.056308,2.975585,2195607.000000,1874874.000000,3722527.000000,334752.000000,1282372.000000,1952.000000,539.000000,1146.000000,164.000000,144.000000,453.000000,125.000000,266.000000,38.000000,33.000000,2784.000000,769.000000,1633.000000,233.000000,205.000000,15.000000,8.000000,18.000000,3.000000,5.000000,0.000000,6.000000,12.000000,2.000000,4.000000,0.000000,7.000000,15.000000,2.000000,5.000000,8097.000000,2266.000000,4820.000000,695.000000,601.000000,3.000000,
0.041395,0.014388,0.310755,0.010151,0.746678,-206986.056308,2.975585,2195607.000000,1874874.000000,3722527.000000,334752.000000,1282372.000000,1952.000000,539.000000,1146.000000,164.000000,144.000000,453.000000,125.000000,266.000000,38.000000,33.000000,2784.000000,769.000000,1633.000000,233.000000,205.000000,15.000000,8.000000,18.000000,3.000000,5.000000,0.000000,6.000000,12.000000,2.000000,4.000000,0.000000,7.000000,15.000000,2.000000,5.000000,8097.000000,2266.000000,4820.000000,695.000000,601.000000,3.000000,
0.041395,0.014388,0.310755,0.010151,0.746678,-206986.056308,2.975585,2195607.000000,1874874.000000,3722527.000000,334752.000000,1282372.000000,1952.000000,539.000000,1146.000000,164.000000,144.000000,453.000000,125.000000,266.000000,38.000000,33.000000,2784.000000,769.000000,1633.000000,233.000000,205.000000,15.000000,8.000000,18.000000,3.000000,5.000000,0.000000,6.000000,12.000000,2.000000,4.000000,0.000000,7.000000,15.000000,2.000000,5.000000,8097.000000,2266.000000,4820.000000,695.000000,601.000000,3.000000,
0.041512,0.009312,0.305540,0.008195,0.759158,-206733.494022,2.974228,2195607.000000,1874874.000000,3722527.000000,334752.000000,1282372.000000,1952.000000,539.000000,1146.000000,164.000000,144.000000,453.000000,125.000000,266.000000,38.000000,33.000000,2784.000000,769.000000,1633.000000,233.000000,205.000000,15.000000,8.000000,18.000000,3.000000,5.000000,0.000000,6.000000,12.000000,2.000000,4.000000,0.000000,7.000000,15.000000,2.000000,5.000000,8097.000000,2266.000000,4820.000000,695.000000,601.000000,3.000000,
0.041512,0.009312,0.305540,0.008195,0.759158,-206733.494022,2.974228,2195607.000000,1874874.000000,3722527.000000,334752.000000,1282372.000000,1952.000000,539.000000,1146.000000,164.000000,144.000000,453.000000,125.000000,266.000000,38.000000,33.000000,2784.000000,769.000000,1633.000000,233.000000,205.000000,15.000000,8.000000,18.000000,3.000000,5.000000,0.000000,6.000000,12.000000,2.000000,4.000000,0.000000,7.000000,15.000000,2.000000,5.000000,8097.000000,2266.000000,4820.000000,695.000000,601.000000,3.000000,
0.041512,0.009312,0.305540,0.008195,0.759158,-206733.494022,2.974228,2195607.000000,1874874.000000,3722527.000000,334752.000000,1282372.000000,1952.000000,539.000000,1146.000000,164.000000,144.000000,453.000000,125.000000,266.000000,38.000000,33.000000,2784.000000,769.000000,1633.000000,233.000000,205.000000,15.000000,8.000000,18.000000,3.000000,5.000000,0.000000,6.000000,12.000000,2.000000,4.000000,0.000000,7.000000,15.000000,2.000000,5.000000,8097.000000,2266.000000,4820.000000,695.000000,601.000000,3.000000,
0.041512,0.009312,0.305540,0.008195,0.759158,-206733.494022,2.974228,2195607.000000,1874874.000000,3722527.000000,334752.000000,1282372.000000,1952.000000,539.000000,1146.000000,164.000000,144.000000,453.000000,125.000000,266.000000,38.000000,33.000000,2784.000000,769.000000,1633.000000,233.000000,205.000000,15.000000,8.000000,18.000000,3.000000,5.000000,0.000000,6.000000,12.000000,2.000000,4.000000,0.000000,7.000000,15.000000,2.000000,5.000000,8097.000000,2266.000000,4820.000000,695.000000,601.000000,3.000000,
0.041512,0.009312,0.305540,0.008195,0.759158,-206733.494022,2.974228,2195607.000000,1874874.000000,3722527.000000,334752.000000,1282372.000000,1952.000000,539.000000,1146.000000,164.000000,144.000000,453.000000,125.000000,266.000000,38.000000,33.000000,2784.000000,769.000000,1633.000000,233.000000,205.000000,15.000000,8.000000,18.000000,3.000000,5.000000,0.000000,6.000000,12.000000,2.000000,4.000000,0.000000,7.000000,15.000000,2.000000,5.000000,8097.000000,2266.000000,4820.000000,695.000000,601.000000,3.000000,
0.041512,0.009312,0.305540,0.008195,0.759158,-206733.494022,2.974228,2195607.000000,1874874.000000,3722527.000000,334752.000000,1282372.000000,1952.000000,539.000000,1146.000000,164.000000,144.000000,453.000000,125.000000,266.000000,38.000000,33.000000,2784.000000,769.000000,1633.000000,233.000000,205.000000,15.000000,8.000000,18.000000,3.000000,5.000000,0.000000,6.000000,12.000000,2.000000,4.000000,0.000000,7.000000,15.000000,2.000000,5.000000,8097.000000,2266.000000,4820.000000,695.000000,601.000000,3.000000,
0.041393,0.008414,0.311029,0.004905,0.710013,-206999.354404,2.975966,2195607.000000,1874874.000000,3722527.000000,334752.000000,1282372.000000,1952.000000,539.000000,1146.000000,164.000000,144.000000,453.000000,125.000000,266.000000,38.000000,33.000000,2784.000000,769.000000,1633.000000,233.000000,205.000000,15.000000,8.000000,18.000000,3.000000,5.000000,0.000000,6.000000,12.000000,2.000000,4.000000,0.000000,7.000000,15.000000,2.000000,5.000000,8097.000000,2266.000000,4820.000000,695.000000,601.000000,3.000000,
0.041393,0.008414,0.311029,0.004905,0.710013,-206999.354404,2.975966,2195607.000000,1874874.000000,3722527.000000,334752.000000,1282372.000000,1952.000000,539.000000,1146.000000,164.000000,144.000000,453.000000,125.000000,266.000000,38.000000,33.000000,2784.000000,769.000000,1633.000000,233.000000,205.000000,15.000000,8.000000,18.000000,3.000000,5.000000,0.000000,6.000000,12.000000,2.000000,4.000000,0.000000,7.000000,15.000000,2.000000,5.000000,8097.000000,2266.000000,4820.000000,695.000000,601.000000,3.000000,
0.041393,0.008414,0.311029,0.004905,0.710013,-206999.354404,2.975966,2195607.000000,1874874.000000,3722527.000000,334752.000000,1282372.000000,1952.000000,539.000000,1146.000000,164.000000,144.000000,453.000000,125.000000,266.000000,38.000000,33.000000,2784.000000,769.000000,1633.000000,233.000000,205.000000,15.000000,8.000000,18.000000,3.000000,5.000000,0.000000,6.000000,12.000000,2.000000,4.000000,0.000000,7.000000,15.000000,2.000000,5.000000,8097.000000,2266.000000,4820.000000,695.000000,601.000000,3.000000,
0.041393,0.008414,0.311029,0.004905,0.710013,-206999.354404,2.975966,2195607.000000,1874874.000000,3722527.000000,334752.000000,1282372.000000,1952.000000,539.000000,1146.000000,164.000000,144.000000,453.000000,125.000000,266.000000,38.000000,33.000000,2784.000000,769.000000,1633.000000,233.000000,205.000000,15.000000,8.000000,18.000000,3.000000,5.000000,0.000000,6.000000,12.000000,2.000000,4.000000,0.000000,7.000000,15.000000,2.000000,5.000000,8097.000000,2266.000000,4820.000000,695.000000,601.000000,3.000000,
0.041393,0.008414,0.311029,0.004905,0.710013,-206999.354404,2.975966,2195607.000000,1874874.000000,3722527.000000,334752.000000,1282372.000000,1952.000000,539.000000,1146.000000,164.000000,144.000000,453.000000,125.000000,266.000000,38.000000,33.000000,2784.000000,769.000000,1633.000000,233.000000,205.000000,15.000000,8.000000,18.000000,3.000000,5.000000,0.000000,6.000000,12.000000,2.000000,4.000000,0.000000,7.000000,15.000000,2.000000,5.000000,8097.000000,2266.000000,4820.000000,695.000000,601.000000,3.000000,
0.041393,0.008414,0.311029,0.004905,0.710013,-206999.354404,2.975966,2195607.000000,1874874.000000,3722527.000000,334752.000000,1282372.000000,1952.000000,539.000000,1146.000000,164.000000,144.000000,453.000000,125.000000,266.000000,38.000000,33.000000,2784.000000,769.000000,1633.000000,233.000000,205.000000,15.000000,8.000000,18.000000,3.000000,5.000000,0.000000,6.000000,12.000000,2.000000,4.000000,0.000000,7.000000,15.000000,2.000000,5.000000,8097.000000,2266.000000,4820.000000,695.000000,601.000000,3.000000,
0.041393,0.008414,0.311029,0.004905,0.710013,-206999.354404,2.975966,2195607.000000,1874874.000000,3722527.000000,334752.000000,1282372.000000,1952.000000,539.000000,1146.000000,164.000000,144.000000,453.000000,125.000000,266.000000,38.000000,33.000000,2784.000000,769.000000,1633.000000,233.000000,205.000000,15.000000,8.000000,18.000000,3.000000,5.000000,0.000000,6.000000,12.000000,2.000000,4.000000,0.000000,7.000000,15.000000,2.000000,5.000000,8097.000000,2266.000000,4820.000000,695.000000,601.000000,3.000000,
0.041393,0.008414,0.311029,0.004905,0.710013,-206999.354404,2.975966,2195607.000000,1874874.000000,3722527.000000,334752.000000,1282372.000000,1952.000000,539.000000,1146.000000,164.000000,144.000000,453.000000,125.000000,266.000000,38.000000,33.000000,2784.000000,769.000000,1633.000000,233.000000,205.000000,15.000000,8.000000,18.000000,3.000000,5.000000,0.000000,6.000000,12.000000,2.000000,4.000000,0.000000,7.000000,15.000000,2.000000,5.000000,8097.000000,2266.000000,4820.000000,695.000000,601.000000,3.000000,
0.041393,0.008414,0.311029,0.004905,0.710013,-206999.354404,2.975966,2195607.000000,1874874.000000,3722527.000000,334752.000000,1282372.000000,1952.000000,539.000000,1146.000000,164.000000,144.000000,453.000000,125.000000,266.000000,38.000000,33.000000,2784.000000,769.000000,1633.000000,233.000000,205.000000,15.000000,8.000000,18.000000,3.000000,5.000000,0.000000,6.000000,12.000000,2.000000,4.000000,0.000000,7.000000,15.000000,2.000000,5.000000,8097.000000,2266.000000,4820.000000,695.000000,601.000000,3.000000,
0.041393,0.008414,0.311029,0.004905,0.710013,-206999.354404,2.975966,2195607.000000,1874874.000000,3722527.000000,334752.000000,1282372.000000,1952.000000,539.000000,1146.000000,164.000000,144.000000,453.000000,125.000000,266.000000,38.000000,33.000000,2784.000000,769.000000,1633.000000,233.000000,205.000000,15.000000,8.000000,18.000000,3.000000,5.000000,0.000000,6.000000,12.000000,2.000000,4.000000,0.000000,7.000000,15.000000,2.000000,5.000000,8097.000000,2266.000000,4820.000000,695.000000,601.000000,3.000000,
0.041393,0.008414,0.311029,0.004905,0.710013,-206999.354404,2.975966,2195607.000000,1874874.000000,3722527.000000,334752.000000,1282372.000000,1952.000000,539.000000,1146.000000,164.000000,144.000000,453.000000,125.000000,266.000000,38.000000,33.000000,2784.000000,769.000000,1633.000000,233.000000,205.000000,15.000000,8.000000,18.000000,3.000000,5.000000,0.000000,6.000000,12.000000,2.000000,4.000000,0.000000,7.000000,15.000000,2.000000,5.000000,8097.000000,2266.000000,4820.000000,695.000000,601.000000,3.000000,
0.041393,0.008414,0.311029,0.004905,0.710013,-206999.354404,2.975966,2195607.000000,1874874.000000,3722527.000000,334752.000000,1282372.000000,1952.000000,539.000000,1146.000000,164.000000,144.000000,453.000000,125.000000,266.000000,38.000000,33.000000,2784.000000,769.000000,1633.000000,233.000000,205.000000,15.000000,8.000000,18.000000,3.000000,5.000000,0.000000,6.000000,12.000000,2.000000,4.000000,0.000000,7.000000,15.000000,2.000000,5.000000,8097.000000,2266.000000,4820.000000,695.000000,601.000000,3.000000,
0.041393,0.008414,0.311029,0.004905,0.710013,-206999.354404,2.975966,2195607.000000,1874874.000000,3722527.000000,334752.000000,1282372.000000,1952.000000,539.000000,1146.000000,164.000000,144.000000,453.000000,125.000000,266.000000,38.000000,33.000000,2784.000000,769.000000,1633.000000,233.000000,205.000000,15.000000,8.000000,18.000000,3.000000,5.000000,0.000000,6.000000,12.000000,2.000000,4.000000,0.000000,7.000000,15.000000,2.000000,5.000000,8097.000000,2266.000000,4820.000000,695.000000,601.000000,3.000000,
0.041389,0.006605,0.312753,0.004566,0.665335,-207083.353048,2.978897,2195607.000000,1874874.000000,3722527.000000,334752.000000,1282372.000000,1952.000000,539.000000,1146.000000,164.000000,144.000000,453.000000,125.000000,266.000000,38.000000,33.000000,2784.000000,769.000000,1633.000000,233.000000,205.000000,15.000000,8.000000,18.000000,3.000000,5.000000,0.000000,6.000000,12.000000,2.000000,4.000000,0.000000,7.000000,15.000000,2.000000,5.000000,8097.000000,2266.000000,4820.000000,695.000000,601.000000,3.000000,
0.041389,0.006605,0.312753,0.004566,0.665335,-207083.353048,2.978897,2195607.000000,1874874.000000,3722527.000000,334752.000000,1282372.000000,1952.000000,539.000000,1146.000000,164.000000,144.000000,453.000000,125.000000,266.000000,38.000000,33.000000,2784.000000,769.000000,1633.000000,233.000000,205.000000,15.000000,8.000000,18.000000,3.000000,5.000000,0.000000,6.000000,12.000000,2.000000,4.000000,0.000000,7.000000,15.000000,2.000000,5.000000,8097.000000,2266.000000,4820.000000,695.000000,601.000000,3.000000,
0.041343,0.020215,0.314905,0.003744,0.656335,-207188.327107,2.979610,2195607.000000,1874874.000000,3722527.000000,334752.000000,1282372.000000,1952.000000,539.000000,1146.000000,164.000000,144.000000,453.000000,125.000000,266.000000,38.000000,33.000000,2784.000000,769.000000,1633.000000,233.000000,205.000000,15.000000,8.000000,18.000000,3.000000,5.000000,0.000000,6.000000,12.000000,2.000000,4.000000,0.000000,7.000000,15.000000,2.000000,5.000000,8097.000000,2266.000000,4820.000000,695.000000,601.000000,3.000000,
0.041343,0.020215,0.314905,0.003744,0.656335,-207188.327107,2.979610,2195607.000000,1874874.000000,3722527.000000,334752.000000,1282372.000000,1952.000000,539.000000,1146.000000,164.000000,144.000000,453.000000,125.000000,266.000000,38.000000,33.000000,2784.000000,769.000000,1633.000000,233.000000,205.000000,15.000000,8.000000,18.000000,3.000000,5.000000,0.000000,6.000000,12.000000,2.000000,4.000000,0.000000,7.000000,15.000000,2.000000,5.000000,8097.000000,2266.000000,4820.000000,695.000000,601.000000,3.000000,
0.041343,0.020215,0.314905,0.003744,0.656335,-207188.327107,2.979610,2195607.000000,1874874.000000,3722527.000000,334752.000000,1282372.000000,1952.000000,539.000000,1146.000000,164.000000,144.000000,453.000000,125.000000,266.000000,38.000000,33.000000,2784.000000,769.000000,1633.000000,233.000000,205.000000,15.000000,8.000000,18.000000,3.000000,5.000000,0.000000,6.000000,12.000000,2.000000,4.000000,0.000000,7.000000,15.000000,2.000000,5.000000,8097.000000,2266.000000,4820.000000,695.000000,601.000000,3.000000,
0.041343,0.020215,0.314905,0.003744,0.656335,-207188.327107,2.979610,2195607.000000,1874874.000000,3722527.000000,334752.000000,1282372.000000,1952.000000,539.000000,1146.000000,164.000000,144.000000,453.000000,125.000000,266.000000,38.000000,33.000000,2784.000000,769.000000,1633.000000,233.000000,205.000000,15.000000,8.000000,18.000000,3.000000,5.000000,0.000000,6.000000,12.000000,2.000000,4.000000,0.000000,7.000000,15.000000,2.000000,5.000000,8097.000000,2266.000000,4820.000000,695.000000,601.000000,3.000000,
0.041213,0.029090,0.322947,0.003224,0.636884,-207583.332807,2.985150,2195607.000000,1874874.000000,3722527.000000,334752.000000,1282372.000000,1952.000000,539.000000,1146.000000,164.000000,144.000000,453.000000,125.000000,266.000000,38.000000,33.000000,2784.000000,769.000000,1633.000000,233.000000,205.000000,15.000000,8.000000,18.000000,3.000000,5.000000,0.000000,6.000000,12.000000,2.000000,4.000000,0.000000,7.000000,15.000000,2.000000,5.000000,8097.000000,2266.000000,4820.000000,695.000000,601.000000,3.000000,
0.041213,0.029090,0.322947,0.003224,0.636884,-207583.332807,2.985150,2195607.000000,1874874.000000,3722527.000000,334752.000000,1282372.000000,1952.000000,539.000000,1146.000000,164.000000,144.000000,453.000000,125.000000,266.000000,38.000000,33.000000,2784.000000,769.000000,1633.000000,233.000000,205.000000,15.000000,8.000000,18.000000,3.000000,5.000000,0.000000,6.000000,12.000000,2.000000,4.000000,0.000000,7.000000,15.000000,2.000000,5.000000,8097.000000,2266.000000,4820.000000,695.000000,601.000000,3.000000,
0.041213,0.029090,0.322947,0.003224,0.636884,-207583.332807,2.985150,2195607.000000,1874874.000000,3722527.000000,334752.000000,1282372.000000,1952.000000,539.000000,1146.000000,164.000000,144.000000,453.000000,125.000000,266.000000,38.000000,33.000000,2784.000000,769.000000,1633.000000,233.000000,205.000000,15.000000,8.000000,18.000000,3.000000,5.000000,0.000000,6.000000,12.000000,2.000000,4.000000,0.000000,7.000000,15.000000,2.000000,5.000000,8097.000000,2266.000000,4820.000000,695.000000,601.000000,3.000000,
0.041213,0.029090,0.322947,0.003224,0.636884,-207583.332807,2.985150,2195607.000000,1874874.000000,3722527.000000,334752.000000,1282372.000000,1952.000000,539.000000,1146.000000,164.000000,144.000000,453.000000,125.000000,266.000000,38.000000,33.000000,2784.000000,769.000000,1633.000000,233.000000,205.000000,15.000000,8.000000,18.000000,3.000000,5.000000,0.000000,6.000000,12.000000,2.000000,4.000000,0.000000,7.000000,15.000000,2.000000,5.000000,8097.000000,2266.000000,4820.000000,695.000000,601.000000,3.000000,
0.041675,0.009860,0.303796,0.006542,0.651306,-206649.619645,2.982581,2195607.000000,1874874.000000,3722527.000000,334752.000000,1282372.000000,1952.000000,539.000000,1146.000000,164.000000,144.000000,453.000000,125.000000,266.000000,38.000000,33.000000,2784.000000,769.000000,1633.000000,233.000000,205.000000,15.000000,8.000000,18.000000,3.000000,5.000000,0.000000,6.000000,12.000000,2.000000,4.000000,0.000000,7.000000,15.000000,2.000000,5.000000,8097.000000,2266.000000,4820.000000,695.000000,601.000000,3.000000,
0.041675,0.009860,0.303796,0.006542,0.651306,-206649.619645,2.982581,2195607.000000,1874874.000000,3722527.000000,334752.000000,1282372.000000,1952.000000,539.000000,1146.000000,164.000000,144.000000,453.000000,125.000000,266.000000,38.000000,33.000000,2784.000000,769.000000,1633.000000,233.000000,205.000000,15.000000,8.000000,18.000000,3.000000,5.000000,0.000000,6.000000,12.000000,2.000000,4.000000,0.000000,7.000000,15.000000,2.000000,5.000000,8097.000000,2266.000000,4820.000000,695.000000,601.000000,3.000000,
0.041675,0.009860,0.303796,0.006542,0.651306,-206649.619645,2.982581,2195607.000000,1874874.000000,3722527.000000,334752.000000,1282372.000000,1952.000000,539.000000,1146.000000,164.000000,144.000000,453.000000,125.000000,266.000000,38.000000,33.000000,2784.000000,769.000000,1633.000000,233.000000,205.000000,15.000000,8.000000,18.000000,3.000000,5.000000,0.000000,6.000000,12.000000,2.000000,4.000000,0.000000,7.000000,15.000000,2.000000,5.000000,8097.000000,2266.000000,4820.000000,695.000000,601.000000,3.000000,
0.041675,0.009860,0.303796,0.006542,0.651306,-206649.619645,2.982581,2195607.000000,1874874.000000,3722527.000000,334752.000000,1282372.000000,1952.000000,539.000000,1146.000000,164.000000,144.000000,453.000000,125.000000,266.000000,38.000000,33.000000,2784.000000,769.000000,1633.000000,233.000000,205.000000,15.000000,8.000000,18.000000,3.000000,5.000000,0.000000,6.000000,12.000000,2.000000,4.000000,0.000000,7.000000,15.000000,2.000000,5.000000,8097.000000,2266.000000,4820.000000,695.000000,601.000000,3.000000,
0.041675,0.009860,0.303796,0.006542,0.651306,-206649.619645,2.982581,2195607.000000,1874874.000000,3722527.000000,334752.000000,1282372.000000,1952.000000,539.000000,1146.000000,164.000000,144.000000,453.000000,125.000000,266.000000,38.000000,33.000000,2784.000000,769.000000,1633.000000,233.000000,205.000000,15.000000,8.000000,18.000000,3.000000,5.000000,0.000000,6.000000,12.000000,2.000000,4.000000,0.000000,7.000000,15.000000,2.000000,5.000000,8097.000000,2266.000000,4820.000000,695.000000,601.000000,3.000000,
0.041555,0.006917,0.310946,0.005551,0.714912,-206995.659846,2.987420,2195607.000000,1874874.000000,3722527.000000,334752.000000,1282372.000000,1952.000000,539.000000,1146.000000,164.000000,144.000000,453.000000,125.000000,266.000000,38.000000,33.000000,2784.000000,769.000000,1633.000000,233.000000,205.000000,15.000000,8.000000,18.000000,3.000000,5.000000,0.000000,6.000000,12.000000,2.000000,4.000000,0.000000,7.000000,15.000000,2.000000,5.000000,8097.000000,2266.000000,4820.000000,695.000000,601.000000,3.000000,
0.041617,0.004805,0.304908,0.006157,0.758719,-206703.146342,2.980522,2195607.000000,1874874.000000,3722527.000000,334752.000000,1282372.000000,1952.000000,539.000000,1146.000000,164.000000,144.000000,453.000000,125.000000,266.000000,38.000000,33.000000,2784.000000,769.000000,1633.000000,233.000000,205.000000,15.000000,8.000000,18.000000,3.000000,5.000000,0.000000,6.000000,12.000000,2.000000,4.000000,0.000000,7.000000,15.000000,2.000000,5.000000,8097.000000,2266.000000,4820.000000,695.000000,601.000000,3.000000,
0.041674,0.007167,0.301571,0.008203,0.681135,-206542.509704,2.978372,2195607.000000,1874874.000000,3722527.000000,334752.000000,1282372.000000,1952.000000,539.000000,1146.000000,164.000000,144.000000,453.000000,125.000000,266.000000,38.000000,33.000000,2784.000000,769.000000,1633.000000,233.000000,205.000000,15.000000,8.000000,18.000000,3.000000,5.000000,0.000000,6.000000,12.000000,2.000000,4.000000,0.000000,7.000000,15.000000,2.000000,5.000000,8097.000000,2266.000000,4820.000000,695.000000,601.000000,3.000000,
0.041674,0.007167,0.301571,0.008203,0.681135,-206542.509704,2.978372,2195607.000000,1874874.000000,3722527.000000,334752.000000,1282372.000000,1952.000000,539.000000,1146.000000,164.000000,144.000000,453.000000,125.000000,266.000000,38.000000,33.000000,2784.000000,769.000000,1633.000000,233.000000,205.000000,15.000000,8.000000,18.000000,3.000000,5.000000,0.000000,6.000000,12.000000,2.000000,4.000000,0.000000,7.000000,15.000000,2.000000,5.000000,8097.000000,2266.000000,4820.000000,695.000000,601.000000,3.000000,
0.041674,0.007167,0.301571,0.008203,0.681135,-206542.509704,2.978372,2195607.000000,1874874.000000,3722527.000000,334752.000000,1282372.000000,1952.000000,539.000000,1146.000000,164.000000,144.000000,453.000000,125.000000,266.000000,38.000000,33.000000,2784.000000,769.000000,1633.000000,233.000000,205.000000,15.000000,8.000000,18.000000,3.000000,5.000000,0.000000,6.000000,12.000000,2.000000,4.000000,0.000000,7.000000,15.000000,2.000000,5.000000,8097.000000,2266.000000,4820.000000,695.000000,601.000000,3.000000,
0.041674,0.007167,0.301571,0.008203,0.681135,-206542.509704,2.978372,2195607.000000,1874874.000000,3722527.000000,334752.000000,1282372.000000,1952.000000,539.000000,1146.000000,164.000000,144.000000,453.000000,125.000000,266.000000,38.000000,33.000000,2784.000000,769.000000,1633.000000,233.000000,205.000000,15.000000,8.000000,18.000000,3.000000,5.000000,0.000000,6.000000,12.000000,2.000000,4.000000,0.000000,7.000000,15.000000,2.000000,5.000000,8097.000000,2266.000000,4820.000000,695.000000,601.000000,3.000000,
0.041674,0.007167,0.301571,0.008203,0.681135,-206542.509704,2.978372,2195607.000000,1874874.000000,3722527.000000,334752.000000,1282372.000000,1952.000000,539.000000,1146.000000,164.000000,144.000000,453.000000,125.000000,266.000000,38.000000,33.000000,2784.000000,769.000000,1633.000000,233.000000,205.000000,15.000000,8.000000,18.000000,3.000000,5.000000,0.000000,6.000000,12.000000,2.000000,4.000000,0.000000,7.000000,15.000000,2.000000,5.000000,8097.000000,2266.000000,4820.000000,695.000000,601.000000,3.000000,
0.041638,0.006417,0.304908,0.005933,0.652110,-206703.181765,2.982034,2195607.000000,1874874.000000,3722527.000000,334752.000000,1282372.000000,1952.000000,539.000000,1146.000000,164.000000,144.000000,453.000000,125.000000,266.000000,38.000000,33.000000,2784.000000,769.000000,1633.000000,233.000000,205.000000,15.000000,8.000000,18.000000,3.000000,5.000000,0.000000,6.000000,12.000000,2.000000,4.000000,0.000000,7.000000,15.000000,2.000000,5.000000,8097.000000,2266.000000,4820.000000,695.000000,601.000000,3.000000,
0.041702,0.004158,0.301289,0.008286,0.665212,-206528.996742,2.979787,2195607.000000,1874874.000000,3722527.000000,334752.000000,1282372.000000,1952.000000,539.000000,1146.000000,164.000000,144.000000,453.000000,125.000000,266.000000,38.000000,33.000000,2784.000000,769.000000,1633.000000,233.000000,205.000000,15.000000,8.000000,18.000000,3.000000,5.000000,0.000000,6.000000,12.000000,2.000000,4.000000,0.000000,7.000000,15.000000,2.000000,5.000000,8097.000000,2266.000000,4820.000000,695.000000,601.000000,3.000000,
0.041702,0.004158,0.301289,0.008286,0.665212,-206528.996742,2.979787,2195607.000000,1874874.000000,3722527.000000,334752.000000,1282372.000000,1952.000000,539.000000,1146.000000,164.000000,144.000000,453.000000,125.000000,266.000000,38.000000,33.000000,2784.000000,769.000000,1633.000000,233.000000,205.000000,15.000000,8.000000,18.000000,3.000000,5.000000,0.000000,6.000000,12.000000,2.000000,4.000000,0.000000,7.000000,15.000000,2.000000,5.000000,8097.000000,2266.000000,4820.000000,695.000000,601.000000,3.000000,
0.041702,0.004158,0.301289,0.008286,0.665212,-206528.996742,2.979787,2195607.000000,1874874.000000,3722527.000000,334752.000000,1282372.000000,1952.000000,539.000000,1146.000000,164.000000,144.000000,453.000000,125.000000,266.000000,38.000000,33.000000,2784.000000,769.000000,1633.000000,233.000000,205.000000,15.000000,8.000000,18.000000,3.000000,5.000000,0.000000,6.000000,12.000000,2.000000,4.000000,0.000000,7.000000,15.000000,2.000000,5.000000,8097.000000,2266.000000,4820.000000,695.000000,601.000000,3.000000,
0.041702,0.004158,0.301289,0.008286,0.665212,-206528.996742,2.979787,2195607.000000,1874874.000000,3722527.000000,334752.000000,1282372.000000,1952.000000,539.000000,1146.000000,164.000000,144.000000,453.000000,125.000000,266.000000,38.000000,33.000000,2784.000000,769.000000,1633.000000,233.000000,205.000000,15.000000,8.000000,18.000000,3.000000,5.000000,0.000000,6.000000,12.000000,2.000000,4.000000,0.000000,7.000000,15.000000,2.000000,5.000000,8097.000000,2266.000000,4820.000000,695.000000,601.000000,3.000000,
0.041702,0.004158,0.301289,0.008286,0.665212,-206528.996742,2.979787,2195607.000000,1874874.000000,3722527.000000,334752.000000,1282372.000000,1952.000000,539.000000,1146.000000,164.000000,144.000000,453.000000,125.000000,266.000000,38.000000,33.000000,2784.000000,769.000000,1633.000000,233.000000,205.000000,15.000000,8.000000,18.000000,3.000000,5.000000,0.000000,6.000000,12.000000,2.000000,4.000000,0.000000,7.000000,15.000000,2.000000,5.000000,8097.000000,2266.000000,4820.000000,695.000000,601.000000,3.000000,
0.041702,0.004158,0.301289,0.008286,0.665212,-206528.996742,2.979787,2195607.000000,1874874.000000,3722527.000000,334752.000000,1282372.000000,1952.000000,539.000000,1146.000000,164.000000,144.000000,453.000000,125.000000,266.000000,38.000000,33.000000,2784.000000,769.000000,1633.000000,233.000000,205.000000,15.000000,8.000000,18.000000,3.000000,5.000000,0.000000,6.000000,12.000000,2.000000,4.000000,0.000000,7.000000,15.000000,2.000000,5.000000,8097.000000,2266.000000,4820.000000,695.000000,601.000000,3.000000,
0.041702,0.004158,0.301289,0.008286,0.665212,-206528.996742,2.979787,2195607.000000,1874874.000000,3722527.000000,334752.000000,1282372.000000,1952.000000,539.000000,1146.000000,164.000000,144.000000,453.000000,125.000000,266.000000,38.000000,33.000000,2784.000000,769.000000,1633.000000,233.000000,205.000000,15.000000,8.000000,18.000000,3.000000,5.000000,0.000000,6.000000,12.000000,2.000000,4.000000,0.000000,7.000000,15.000000,2.000000,5.000000,8097.000000,2266.000000,4820.000000,695.000000,601.000000,3.000000,
0.041702,0.004158,0.301289,0.008286,0.665212,-206528.996742,2.979787,2195607.000000,1874874.000000,3722527.000000,334752.000000,1282372.000000,1952.000000,539.000000,1146.000000,164.000000,144.000000,453.000000,125.000000,266.000000,38.000000,33.000000,2784.000000,769.000000,1633.000000,233.000000,205.000000,15.000000,8.000000,18.000000,3.000000,5.000000,0.000000,6.000000,12.000000,2.000000,4.000000,0.000000,7.000000,15.000000,2.000000,5.000000,8097.000000,2266.000000,4820.000000,695.000000,601.000000,3.000000,
0.041702,0.004158,0.301289,0.008286,0.665212,-206528.996742,2.979787,2195607.000000,1874874.000000,3722527.000000,334752.000000,1282372.000000,1952.000000,539.000000,1146.000000,164.000000,144.000000,453.000000,125.000000,266.000000,38.000000,33.000000,2784.000000,769.000000,1633.000000,233.000000,205.000000,15.000000,8.000000,18.000000,3.000000,5.000000,0.000000,6.000000,12.000000,2.000000,4.000000,0.000000,7.000000,15.000000,2.000000,5.000000,8097.000000,2266.000000,4820.000000,695.000000,601.000000,3.000000,
0.041702,0.004158,0.301289,0.008286,0.665212,-206528.996742,2.979787,2195607.000000,1874874.000000,3722527.000000,334752.000000,1282372.000000,1952.000000,539.000000,1146.000000,164.000000,144.000000,453.000000,125.000000,266.000000,38.000000,33.000000,2784.000000,769.000000,1633.000000,233.000000,205.000000,15.000000,8.000000,18.000000,3.000000,5.000000,0.000000,6.000000,12.000000,2.000000,4.000000,0.000000,7.000000,15.000000,2.000000,5.000000,8097.000000,2266.000000,4820.000000,695.000000,601.000000,3.000000,
0.041702,0.004158,0.301289,0.008286,0.665212,-206528.996742,2.979787,2195607.000000,1874874.000000,3722527.000000,334752.000000,1282372.000000,1952.000000,539.000000,1146.000000,164.000000,144.000000,453.000000,125.000000,266.000000,38.000000,33.000000,2784.000000,769.000000,1633.000000,233.000000,205.000000,15.000000,8.000000,18.000000,3.000000,5.000000,0.000000,6.000000,12.000000,2.000000,4.000000,0.000000,7.000000,15.000000,2.000000,5.000000,8097.000000,2266.000000,4820.000000,695.000000,601.000000,3.000000,
0.041651,0.003327,0.301827,0.005041,0.684137,-206554.787916,2.977196,2195607.000000,1874874.000000,3722527.000000,334752.000000,1282372.000000,1952.000000,539.000000,1146.000000,164.000000,144.000000,453.000000,125.000000,266.000000,38.000000,33.000000,2784.000000,769.000000,1633.000000,233.000000,205.000000,15.000000,8.000000,18.000000,3.000000,5.000000,0.000000,6.000000,12.000000,2.000000,4.000000,0.000000,7.000000,15.000000,2.000000,5.000000,8097.000000,2266.000000,4820.000000,695.000000,601.000000,3.000000,
0.041651,0.003327,0.301827,0.005041,0.684137,-206554.787916,2.977196,2195607.000000,1874874.000000,3722527.000000,334752.000000,1282372.000000,1952.000000,539.000000,1146.000000,164.000000,144.000000,453.000000,125.000000,266.000000,38.000000,33.000000,2784.000000,769.000000,1633.000000,233.000000,205.000000,15.000000,8.000000,18.000000,3.000000,5.000000,0.000000,6.000000,12.000000,2.000000,4.000000,0.000000,7.000000,15.000000,2.000000,5.000000,8097.000000,2266.000000,4820.000000,695.000000,601.000000,3.000000,
0.041651,0.003327,0.301827,0.005041,0.684137,-206554.787916,2.977196,2195607.000000,1874874.000000,3722527.000000,334752.000000,1282372.000000,1952.000000,539.000000,1146.000000,164.000000,144.000000,453.000000,125.000000,266.000000,38.000000,33.000000,2784.000000,769.000000,1633.000000,233.000000,205.000000,15.000000,8.000000,18.000000,3.000000,5.000000,0.000000,6.000000,12.000000,2.000000,4.000000,0.000000,7.000000,15.000000,2.000000,5.000000,8097.000000,2266.000000,4820.000000,695.000000,601.000000,3.000000,
0.041651,0.003327,0.301827,0.005041,0.684137,-206554.787916,2.977196,2195607.000000,1874874.000000,3722527.000000,334752.000000,1282372.000000,1952.000000,539.000000,1146.000000,164.000000,144.000000,453.000000,125.000000,266.000000,38.000000,33.000000,2784.000000,769.000000,1633.000000,233.000000,205.000000,15.000000,8.000000,18.000000,3.000000,5.000000,0.000000,6.000000,12.000000,2.000000,4.000000,0.000000,7.000000,15.000000,2.000000,5.000000,8097.000000,2266.000000,4820.000000,695.000000,601.000000,3.000000,
0.041651,0.003327,0.301827,0.005041,0.684137,-206554.787916,2.977196,2195607.000000,1874874.000000,3722527.000000,334752.000000,1282372.000000,1952.000000,539.000000,1146.000000,164.000000,144.000000,453.000000,125.000000,266.000000,38.000000,33.000000,2784.000000,769.000000,1633.000000,233.000000,205.000000,15.000000,8.000000,18.000000,3.000000,5.000000,0.000000,6.000000,12.000000,2.000000,4.000000,0.000000,7.000000,15.000000,2.000000,5.000000,8097.000000,2266.000000,4820.000000,695.000000,601.000000,3.000000,
0.041651,0.003327,0.301827,0.005041,0.684137,-206554.787916,2.977196,2195607.000000,1874874.000000,3722527.000000,334752.000000,1282372.000000,1952.000000,539.000000,1146.000000,164.000000,144.000000,453.000000,125.000000,266.000000,38.000000,33.000000,2784.000000,769.000000,1633.000000,233.000000,205.000000,15.000000,8.000000,18.000000,3.000000,5.000000,0.000000,6.000000,12.000000,2.000000,4.000000,0.000000,7.000000,15.000000,2.000000,5.000000,8097.000000,2266.000000,4820.000000,695.000000,601.000000,3.000000,
0.041651,0.003327,0.301827,0.005041,0.684137,-206554.787916,2.977196,2195607.000000,1874874.000000,3722527.000000,334752.000000,1282372.000000,1952.000000,539.000000,1146.000000,164.000000,144.000000,453.000000,125.000000,266.000000,38.000000,33.000000,2784.000000,769.000000,1633.000000,233.000000,205.000000,15.000000,8.000000,18.000000,3.000000,5.000000,0.000000,6.000000,12.000000,2.000000,4.000000,0.000000,7.000000,15.000000,2.000000,5.000000,8097.000000,2266.000000,4820.000000,695.000000,601.000000,3.000000,
0.041651,0.003327,0.301827,0.005041,0.684137,-206554.787916,2.977196,2195607.000000,1874874.000000,3722527.000000,334752.000000,1282372.000000,1952.000000,539.000000,1146.000000,164.000000,144.000000,453.000000,125.000000,266.000000,38.000000,33.000000,2784.000000,769.000000,1633.000000,233.000000,205.000000,15.000000,8.000000,18.000000,3.000000,5.000000,0.000000,6.000000,12.000000,2.000000,4.000000,0.000000,7.000000,15.000000,2.000000,5.000000,8097.000000,2266.000000,4820.000000,695.000000,601.000000,3.000000,
0.041651,0.003327,0.301827,0.005041,0.684137,-206554.787916,2.977196,2195607.000000,1874874.000000,3722527.000000,334752.000000,1282372.000000,1952.000000,539.000000,1146.000000,164.000000,144.000000,453.000000,125.000000,266.000000,38.000000,33.000000,2784.000000,769.000000,1633.000000,233.000000,205.000000,15.000000,8.000000,18.000000,3.000000,5.000000,0.000000,6.000000,12.000000,2.000000,4.000000,0.000000,7.000000,15.000000,2.000000,5.000000,8097.000000,2266.000000,4820.000000,695.000000,601.000000,3.000000,
0.041651,0.003327,0.301827,0.005041,0.684137,-206554.787916,2.977196,2195607.000000,1874874.000000,3722527.000000,334752.000000,1282372.000000,1952.000000,539.000000,1146.000000,164.000000,144.000000,453.000000,125.000000,266.000000,38.000000,33.000000,2784.000000,769.000000,1633.000000,233.000000,205.000000,15.000000,8.000000,18.000000,3.000000,5.000000,0.000000,6.000000,12.000000,2.000000,4.000000,0.000000,7.000000,15.000000,2.000000,5.000000,8097.000000,2266.000000,4820.000000,695.000000,601.000000,3.000000,
0.041618,0.004037,0.306647,0.003623,0.703552,-206787.190995,2.983881,2195607.000000,1874874.000000,3722527.000000,334752.000000,1282372.000000,1952.000000,539.000000,1146.000000,164.000000,144.000000,453.000000,125.000000,266.000000,38.000000,33.000000,2784.000000,769.000000,1633.000000,233.000000,205.000000,15.000000,8.000000,18.000000,3.000000,5.000000,0.000000,6.000000,12.000000,2.000000,4.000000,0.000000,7.000000,15.000000,2.000000,5.000000,8097.000000,2266.000000,4820.000000,695.000000,601.000000,3.000000,
0.041618,0.004037,0.306647,0.003623,0.703552,-206787.190995,2.983881,2195607.000000,1874874.000000,3722527.000000,334752.000000,1282372.000000,1952.000000,539.000000,1146.000000,164.000000,144.000000,453.000000,125.000000,266.000000,38.000000,33.000000,2784.000000,769.000000,1633.000000,233.000000,205.000000,15.000000,8.000000,18.000000,3.000000,5.000000,0.000000,6.000000,12.000000,2.000000,4.000000,0.000000,7.000000,15.000000,2.000000,5.000000,8097.000000,2266.000000,4820.000000,695.000000,601.000000,3.000000,
0.041618,0.004037,0.306647,0.003623,0.703552,-206787.190995,2.983881,2195607.000000,1874874.000000,3722527.000000,334752.000000,1282372.000000,1952.000000,539.000000,1146.000000,164.000000,144.000000,453.000000,125.000000,266.000000,38.000000,33.000000,2784.000000,769.000000,1633.000000,233.000000,205.000000,15.000000,8.000000,18.000000,3.000000,5.000000,0.000000,6.000000,12.000000,2.000000,4.000000,0.000000,7.000000,15.000000,2.000000,5.000000,8097.000000,2266.000000,4820.000000,695.000000,601.000000,3.000000,
0.041618,0.004037,0.306647,0.003623,0.703552,-206787.190995,2.983881,2195607.000000,1874874.000000,3722527.000000,334752.000000,1282372.000000,1952.000000,539.000000,1146.000000,164.000000,144.000000,453.000000,125.000000,266.000000,38.000000,33.000000,2784.000000,769.000000,1633.000000,233.000000,205.000000,15.000000,8.000000,18.000000,3.000000,5.000000,0.000000,6.000000,12.000000,2.000000,4.000000,0.000000,7.000000,15.000000,2.000000,5.000000,8097.000000,2266.000000,4820.000000,695.000000,601.000000,3.000000,
0.041618,0.004037,0.306647,0.003623,0.703552,-206787.190995,2.983881,2195607.000000,1874874.000000,3722527.000000,334752.000000,1282372.000000,1952.000000,539.000000,1146.000000,164.000000,144.000000,453.000000,125.000000,266.000000,38.000000,33.000000,2784.000000,769.000000,1633.000000,233.000000,205.000000,15.000000,8.000000,18.000000,3.000000,5.000000,0.000000,6.000000,12.000000,2.000000,4.000000,0.000000,7.000000,15.000000,2.000000,5.000000,8097.000000,2266.000000,4820.000000,695.000000,601.000000,3.000000,
0.041618,0.004037,0.306647,0.003623,0.703552,-206787.190995,2.983881,2195607.000000,1874874.000000,3722527.000000,334752.000000,1282372.000000,1952.000000,539.000000,1146.000000,164.000000,144.000000,453.000000,125.000000,266.000000,38.000000,33.000000,2784.000000,769.000000,1633.000000,233.000000,205.000000,15.000000,8.000000,18.000000,3.000000,5.000000,0.000000,6.000000,12.000000,2.000000,4.000000,0.000000,7.000000,15.000000,2.000000,5.000000,8097.000000,2266.000000,4820.000000,695.000000,601.000000,3.000000,
0.041618,0.004037,0.306647,0.003623,0.703552,-206787.190995,2.983881,2195607.000000,1874874.000000,3722527.000000,334752.000000,1282372.000000,1952.000000,539.000000,1146.000000,164.000000,144.000000,453.000000,125.000000,266.000000,38.000000,33.000000,2784.000000,769.000000,1633.000000,233.000000,205.000000,15.000000,8.000000,18.000000,3.000000,5.000000,0.000000,6.000000,12.000000,2.000000,4.000000,0.000000,7.000000,15.000000,2.000000,5.000000,8097.000000,2266.000000,4820.000000,695.000000,601.000000,3.000000,
0.041618,0.004037,0.306647,0.003623,0.703552,-206787.190995,2.983881,2195607.000000,1874874.000000,3722527.000000,334752.000000,1282372.000000,1952.000000,539.000000,1146.000000,164.000000,144.000000,453.000000,125.000000,266.000000,38.000000,33.000000,2784.000000,769.000000,1633.000000,233.000000,205.000000,15.000000,8.000000,18.000000,3.000000,5.000000,0.000000,6.000000,12.000000,2.000000,4.000000,0.000000,7.000000,15.000000,2.000000,5.000000,8097.000000,2266.000000,4820.000000,695.000000,601.000000,3.000000,
0.041423,0.001126,0.322301,0.001317,0.604500,-207551.809801,2.999171,2195607.000000,1874874.000000,3722527.000000,334752.000000,1282372.000000,1952.000000,539.000000,1146.000000,164.000000,144.000000,453.000000,125.000000,266.000000,38.000000,33.000000,2784.000000,769.000000,1633.000000,233.000000,205.000000,15.000000,8.000000,18.000000,3.000000,5.000000,0.000000,6.000000,12.000000,2.000000,4.000000,0.000000,7.000000,15.000000,2.000000,5.000000,8097.000000,2266.000000,4820.000000,695.000000,601.000000,3.000000,
0.041423,0.001126,0.322301,0.001317,0.604500,-207551.809801,2.999171,2195607.000000,1874874.000000,3722527.000000,334752.000000,1282372.000000,1952.000000,539.000000,1146.000000,164.000000,144.000000,453.000000,125.000000,266.000000,38.000000,33.000000,2784.000000,769.000000,1633.000000,233.000000,205.000000,15.000000,8.000000,18.000000,3.000000,5.000000,0.000000,6.000000,12.000000,2.000000,4.000000,0.000000,7.000000,15.000000,2.000000,5.000000,8097.000000,2266.000000,4820.000000,695.000000,601.000000,3.000000,
0.041423,0.001126,0.322301,0.001317,0.604500,-207551.809801,2.999171,2195607.000000,1874874.000000,3722527.000000,334752.000000,1282372.000000,1952.000000,539.000000,1146.000000,164.000000,144.000000,453.000000,125.000000,266.000000,38.000000,33.000000,2784.000000,769.000000,1633.000000,233.000000,205.000000,15.000000,8.000000,18.000000,3.000000,5.000000,0.000000,6.000000,12.000000,2.000000,4.000000,0.000000,7.000000,15.000000,2.000000,5.000000,8097.000000,2266.000000,4820.000000,695.000000,601.000000,3.000000,
0.041423,0.001126,0.322301,0.001317,0.604500,-207551.809801,2.999171,2195607.000000,1874874.000000,3722527.000000,334752.000000,1282372.000000,1952.000000,539.000000,1146.000000,164.000000,144.000000,453.000000,125.000000,266.000000,38.000000,33.000000,2784.000000,769.000000,1633.000000,233.000000,205.000000,15.000000,8.000000,18.000000,3.000000,5.000000,0.000000,6.000000,12.000000,2.000000,4.000000,0.000000,7.000000,15.000000,2.000000,5.000000,8097.000000,2266.000000,4820.000000,695.000000,601.000000,3.000000,
0.041423,0.001126,0.322301,0.001317,0.604500,-207551.809801,2.999171,2195607.000000,1874874.000000,3722527.000000,334752.000000,1282372.000000,1952.000000,539.000000,1146.000000,164.000000,144.000000,453.000000,125.000000,266.000000,38.000000,33.000000,2784.000000,769.000000,1633.000000,233.000000,205.000000,15.000000,8.000000,18.000000,3.000000,5.000000,0.000000,6.000000,12.000000,2.000000,4.000000,0.000000,7.000000,15.000000,2.000000,5.000000,8097.000000,2266.000000,4820.000000,695.000000,601.000000,3.000000,
0.041423,0.001126,0.322301,0.001317,0.604500,-207551.809801,2.999171,2195607.000000,1874874.000000,3722527.000000,334752.000000,1282372.000000,1952.000000,539.000000,1146.000000,164.000000,144.000000,453.000000,125.000000,266.000000,38.000000,33.000000,2784.000000,769.000000,1633.000000,233.000000,205.000000,15.000000,8.000000,18.000000,3.000000,5.000000,0.000000,6.000000,12.000000,2.000000,4.000000,0.000000,7.000000,15.000000,2.000000,5.000000,8097.000000,2266.000000,4820.000000,695.000000,601.000000,3.000000,
0.041423,0.001126,0.322301,0.001317,0.604500,-207551.809801,2.999171,2195607.000000,1874874.000000,3722527.000000,334752.000000,1282372.000000,1952.000000,539.000000,1146.000000,164.000000,144.000000,453.000000,125.000000,266.000000,38.000000,33.000000,2784.000000,769.000000,1633.000000,233.000000,205.000000,15.000000,8.000000,18.000000,3.000000,5.000000,0.000000,6.000000,12.000000,2.000000,4.000000,0.000000,7.000000,15.000000,2.000000,5.000000,8097.000000,2266.000000,4820.000000,695.000000,601.000000,3.000000,
0.041423,0.001126,0.322301,0.001317,0.604500,-207551.809801,2.999171,2195607.000000,1874874.000000,3722527.000000,334752.000000,1282372.000000,1952.000000,539.000000,1146.000000,164.000000,144.000000,453.000000,125.000000,266.000000,38.000000,33.000000,2784.000000,769.000000,1633.000000,233.000000,205.000000,15.000000,8.000000,18.000000,3.000000,5.000000,0.000000,6.000000,12.000000,2.000000,4.000000,0.000000,7.000000,15.000000,2.000000,5.000000,8097.000000,2266.000000,4820.000000,695.000000,601.000000,3.000000,
0.041423,0.001126,0.322301,0.001317,0.604500,-207551.809801,2.999171,2195607.000000,1874874.000000,3722527.000000,334752.000000,1282372.000000,1952.000000,539.000000,1146.000000,164.000000,144.000000,453.000000,125.000000,266.000000,38.000000,33.000000,2784.000000,769.000000,1633.000000,233.000000,205.000000,15.000000,8.000000,18.000000,3.000000,5.000000,0.000000,6.000000,12.000000,2.000000,4.000000,0.000000,7.000000,15.000000,2.000000,5.000000,8097.000000,2266.000000,4820.000000,695.000000,601.000000,3.000000,
0.041423,0.001126,0.322301,0.001317,0.604500,-207551.809801,2.999171,2195607.000000,1874874.000000,3722527.000000,334752.000000,1282372.000000,1952.000000,539.000000,1146.000000,164.000000,144.000000,453.000000,125.000000,266.000000,38.000000,33.000000,2784.000000,769.000000,1633.000000,233.000000,205.000000,15.000000,8.000000,18.000000,3.000000,5.000000,0.000000,6.000000,12.000000,2.000000,4.000000,0.000000,7.000000,15.000000,2.000000,5.000000,8097.000000,2266.000000,4820.000000,695.000000,601.000000,3.000000,
0.041423,0.001126,0.322301,0.001317,0.604500,-207551.809801,2.999171,2195607.000000,1874874.000000,3722527.000000,334752.000000,1282372.000000,1952.000000,539.000000,1146.000000,164.000000,144.000000,453.000000,125.000000,266.000000,38.000000,33.000000,2784.000000,769.000000,1633.000000,233.000000,205.000000,15.000000,8.000000,18.000000,3.000000,5.000000,0.000000,6.000000,12.000000,2.000000,4.000000,0.000000,7.000000,15.000000,2.000000,5.000000,8097.000000,2266.000000,4820.000000,695.000000,601.000000,3.000000,
0.041423,0.001126,0.322301,0.001317,0.604500,-207551.809801,2.999171,2195607.000000,1874874.000000,3722527.000000,334752.000000,1282372.000000,1952.000000,539.000000,1146.000000,164.000000,144.000000,453.000000,125.000000,266.000000,38.000000,33.000000,2784.000000,769.000000,1633.000000,233.000000,205.000000,15.000000,8.000000,18.000000,3.000000,5.000000,0.000000,6.000000,12.000000,2.000000,4.000000,0.000000,7.000000,15.000000,2.000000,5.000000,8097.000000,2266.000000,4820.000000,695.000000,601.000000,3.000000,
0.041423,0.001126,0.322301,0.001317,0.604500,-207551.809801,2.999171,2195607.000000,1874874.000000,3722527.000000,334752.000000,1282372.000000,1952.000000,539.000000,1146.000000,164.000000,144.000000,453.000000,125.000000,266.000000,38.000000,33.000000,2784.000000,769.000000,1633.000000,233.000000,205.000000,15.000000,8.000000,18.000000,3.000000,5.000000,0.000000,6.000000,12.000000,2.000000,4.000000,0.000000,7.000000,15.000000,2.000000,5.000000,8097.000000,2266.000000,4820.000000,695.000000,601.000000,3.000000,
0.041423,0.001126,0.322301,0.001317,0.604500,-207551.809801,2.999171,2195607.000000,1874874.000000,3722527.000000,334752.000000,1282372.000000,1952.000000,539.000000,1146.000000,164.000000,144.000000,453.000000,125.000000,266.000000,38.000000,33.000000,2784.000000,769.000000,1633.000000,233.000000,205.000000,15.000000,8.000000,18.000000,3.000000,5.000000,0.000000,6.000000,12.000000,2.000000,4.000000,0.000000,7.000000,15.000000,2.000000,5.000000,8097.000000,2266.000000,4820.000000,695.000000,601.000000,3.000000,
0.041423,0.001126,0.322301,0.001317,0.604500,-207551.809801,2.999171,2195607.000000,1874874.000000,3722527.000000,334752.000000,1282372.000000,1952.000000,539.000000,1146.000000,164.000000,144.000000,453.000000,125.000000,266.000000,38.000000,33.000000,2784.000000,769.000000,1633.000000,233.000000,205.000000,15.000000,8.000000,18.000000,3.000000,5.000000,0.000000,6.000000,12.000000,2.000000,4.000000,0.000000,7.000000,15.000000,2.000000,5.000000,8097.000000,2266.000000,4820.000000,695.000000,601.000000,3.000000,
0.041402,0.001290,0.323570,0.001462,0.693995,-207614.465381,3.000010,2195607.000000,1874874.000000,3722527.000000,334752.000000,1282372.000000,1952.000000,539.000000,1146.000000,164.000000,144.000000,453.000000,125.000000,266.000000,38.000000,33.000000,2784.000000,769.000000,1633.000000,233.000000,205.000000,15.000000,8.000000,18.000000,3.000000,5.000000,0.000000,6.000000,12.000000,2.000000,4.000000,0.000000,7.000000,15.000000,2.000000,5.000000,8097.000000,2266.000000,4820.000000,695.000000,601.000000,3.000000,
0.041402,0.001290,0.323570,0.001462,0.693995,-207614.465381,3.000010,2195607.000000,1874874.000000,3722527.000000,334752.000000,1282372.000000,1952.000000,539.000000,1146.000000,164.000000,144.000000,453.000000,125.000000,266.000000,38.000000,33.000000,2784.000000,769.000000,1633.000000,233.000000,205.000000,15.000000,8.000000,18.000000,3.000000,5.000000,0.000000,6.000000,12.000000,2.000000,4.000000,0.000000,7.000000,15.000000,2.000000,5.000000,8097.000000,2266.000000,4820.000000,695.000000,601.000000,3.000000,
0.041402,0.001290,0.323570,0.001462,0.693995,-207614.465381,3.000010,2195607.000000,1874874.000000,3722527.000000,334752.000000,1282372.000000,1952.000000,539.000000,1146.000000,164.000000,144.000000,453.000000,125.000000,266.000000,38.000000,33.000000,2784.000000,769.000000,1633.000000,233.000000,205.000000,15.000000,8.000000,18.000000,3.000000,5.000000,0.000000,6.000000,12.000000,2.000000,4.000000,0.000000,7.000000,15.000000,2.000000,5.000000,8097.000000,2266.000000,4820.000000,695.000000,601.000000,3.000000,
0.041416,0.001505,0.322346,0.001755,0.682426,-207554.050645,2.998758,2195607.000000,1874874.000000,3722527.000000,334752.000000,1282372.000000,1952.000000,539.000000,1146.000000,164.000000,144.000000,453.000000,125.000000,266.000000,38.000000,33.000000,2784.000000,769.000000,1633.000000,233.000000,205.000000,15.000000,8.000000,18.000000,3.000000,5.000000,0.000000,6.000000,12.000000,2.000000,4.000000,0.000000,7.000000,15.000000,2.000000,5.000000,8097.000000,2266.000000,4820.000000,695.000000,601.000000,3.000000,
0.041416,0.001505,0.322346,0.001755,0.682426,-207554.050645,2.998758,2195607.000000,1874874.000000,3722527.000000,334752.000000,1282372.000000,1952.000000,539.000000,1146.000000,164.000000,144.000000,453.000000,125.000000,266.000000,38.000000,33.000000,2784.000000,769.000000,1633.000000,233.000000,205.000000,15.000000,8.000000,18.000000,3.000000,5.000000,0.000000,6.000000,12.000000,2.000000,4.000000,0.000000,7.000000,15.000000,2.000000,5.000000,8097.000000,2266.000000,4820.000000,695.000000,601.000000,3.000000,
0.041416,0.001505,0.322346,0.001755,0.682426,-207554.050645,2.998758,2195607.000000,1874874.000000,3722527.000000,334752.000000,1282372.000000,1952.000000,539.000000,1146.000000,164.000000,144.000000,453.000000,125.000000,266.000000,38.000000,33.000000,2784.000000,769.000000,1633.000000,233.000000,205.000000,15.000000,8.000000,18.000000,3.000000,5.000000,0.000000,6.000000,12.000000,2.000000,4.000000,0.000000,7.000000,15.000000,2.000000,5.000000,8097.000000,2266.000000,4820.000000,695.000000,601.000000,3.000000,
0.041416,0.001505,0.322346,0.001755,0.682426,-207554.050645,2.998758,2195607.000000,1874874.000000,3722527.000000,334752.000000,1282372.000000,1952.000000,539.000000,1146.000000,164.000000,144.000000,453.000000,125.000000,266.000000,38.000000,33.000000,2784.000000,769.000000,1633.000000,233.000000,205.000000,15.000000,8.000000,18.000000,3.000000,5.000000,0.000000,6.000000,12.000000,2.000000,4.000000,0.000000,7.000000,15.000000,2.000000,5.000000,8097.000000,2266.000000,4820.000000,695.000000,601.000000,3.000000,
0.041416,0.001505,0.322346,0.001755,0.682426,-207554.050645,2.998758,2195607.000000,1874874.000000,3722527.000000,334752.000000,1282372.000000,1952.000000,539.000000,1146.000000,164.000000,144.000000,453.000000,125.000000,266.000000,38.000000,33.000000,2784.000000,769.000000,1633.000000,233.000000,205.000000,15.000000,8.000000,18.000000,3.000000,5.000000,0.000000,6.000000,12.000000,2.000000,4.000000,0.000000,7.000000,15.000000,2.000000,5.000000,8097.000000,2266.000000,4820.000000,695.000000,601.000000,3.000000,
0.041416,0.001505,0.322346,0.001755,0.682426,-207554.050645,2.998758,2195607.000000,1874874.000000,3722527.000000,334752.000000,1282372.000000,1952.000000,539.000000,1146.000000,164.000000,144.000000,453.000000,125.000000,266.000000,38.000000,33.000000,2784.000000,769.000000,1633.000000,233.000000,205.000000,15.000000,8.000000,18.000000,3.000000,5.000000,0.000000,6.000000,12.000000,2.000000,4.000000,0.000000,7.000000,15.000000,2.000000,5.000000,8097.000000,2266.000000,4820.000000,695.000000,601.000000,3.000000,
0.041416,0.001505,0.322346,0.001755,0.682426,-207554.050645,2.998758,2195607.000000,1874874.000000,3722527.000000,334752.000000,1282372.000000,1952.000000,539.000000,1146.000000,164.000000,144.000000,453.000000,125.000000,266.000000,38.000000,33.000000,2784.000000,769.000000,1633.000000,233.000000,205.000000,15.000000,8.000000,18.000000,3.000000,5.000000,0.000000,6.000000,12.000000,2.000000,4.000000,0.000000,7.000000,15.000000,2.000000,5.000000,8097.000000,2266.000000,4820.000000,695.000000,601.000000,3.000000,
0.041416,0.001505,0.322346,0.001755,0.682426,-207554.050645,2.998758,2195607.000000,1874874.000000,3722527.000000,334752.000000,1282372.000000,1952.000000,539.000000,1146.000000,164.000000,144.000000,453.000000,125.000000,266.000000,38.000000,33.000000,2784.000000,769.000000,1633.000000,233.000000,205.000000,15.000000,8.000000,18.000000,3.000000,5.000000,0.000000,6.000000,12.000000,2.000000,4.000000,0.000000,7.000000,15.000000,2.000000,5.000000,8097.000000,2266.000000,4820.000000,695.000000,601.000000,3.000000,
0.041605,0.002054,0.310616,0.002282,0.685377,-206979.696815,2.990410,2195607.000000,1874874.000000,3722527.000000,334752.000000,1282372.000000,1952.000000,539.000000,1146.000000,164.000000,144.000000,453.000000,125.000000,266.000000,38.000000,33.000000,2784.000000,769.000000,1633.000000,233.000000,205.000000,15.000000,8.000000,18.000000,3.000000,5.000000,0.000000,6.000000,12.000000,2.000000,4.000000,0.000000,7.000000,15.000000,2.000000,5.000000,8097.000000,2266.000000,4820.000000,695.000000,601.000000,3.000000,
0.041605,0.002054,0.310616,0.002282,0.685377,-206979.696815,2.990410,2195607.000000,1874874.000000,3722527.000000,334752.000000,1282372.000000,1952.000000,539.000000,1146.000000,164.000000,144.000000,453.000000,125.000000,266.000000,38.000000,33.000000,2784.000000,769.000000,1633.000000,233.000000,205.000000,15.000000,8.000000,18.000000,3.000000,5.000000,0.000000,6.000000,12.000000,2.000000,4.000000,0.000000,7.000000,15.000000,2.000000,5.000000,8097.000000,2266.000000,4820.000000,695.000000,601.000000,3.000000,
0.041605,0.002054,0.310616,0.002282,0.685377,-206979.696815,2.990410,2195607.000000,1874874.000000,3722527.000000,334752.000000,1282372.000000,1952.000000,539.000000,1146.000000,164.000000,144.000000,453.000000,125.000000,266.000000,38.000000,33.000000,2784.000000,769.000000,1633.000000,233.000000,205.000000,15.000000,8.000000,18.000000,3.000000,5.000000,0.000000,6.000000,12.000000,2.000000,4.000000,0.000000,7.000000,15.000000,2.000000,5.000000,8097.000000,2266.000000,4820.000000,695.000000,601.000000,3.000000,
0.041605,0.002054,0.310616,0.002282,0.685377,-206979.696815,2.990410,2195607.000000,1874874.000000,3722527.000000,334752.000000,1282372.000000,1952.000000,539.000000,1146.000000,164.000000,144.000000,453.000000,125.000000,266.000000,38.000000,33.000000,2784.000000,769.000000,1633.000000,233.000000,205.000000,15.000000,8.000000,18.000000,3.000000,5.000000,0.000000,6.000000,12.000000,2.000000,4.000000,0.000000,7.000000,15.000000,2.000000,5.000000,8097.000000,2266.000000,4820.000000,695.000000,601.000000,3.000000,
0.041605,0.002054,0.310616,0.002282,0.685377,-206979.696815,2.990410,2195607.000000,1874874.000000,3722527.000000,334752.000000,1282372.000000,1952.000000,539.000000,1146.000000,164.000000,144.000000,453.000000,125.000000,266.000000,38.000000,33.000000,2784.000000,769.000000,1633.000000,233.000000,205.000000,15.000000,8.000000,18.000000,3.000000,5.000000,0.000000,6.000000,12.000000,2.000000,4.000000,0.000000,7.000000,15.000000,2.000000,5.000000,8097.000000,2266.000000,4820.000000,695.000000,601.000000,3.000000,
0.041548,0.003528,0.316529,0.002437,0.562593,-207268.193687,2.997408,2195607.000000,1874874.000000,3722527.000000,334752.000000,1282372.000000,1952.000000,539.000000,1146.000000,164.000000,144.000000,453.000000,125.000000,266.000000,38.000000,33.000000,2784.000000,769.000000,1633.000000,233.000000,205.000000,15.000000,8.000000,18.000000,3.000000,5.000000,0.000000,6.000000,12.000000,2.000000,4.000000,0.000000,7.000000,15.000000,2.000000,5.000000,8097.000000,2266.000000,4820.000000,695.000000,601.000000,3.000000,
0.041548,0.003528,0.316529,0.002437,0.562593,-207268.193687,2.997408,2195607.000000,1874874.000000,3722527.000000,334752.000000,1282372.000000,1952.000000,539.000000,1146.000000,164.000000,144.000000,453.000000,125.000000,266.000000,38.000000,33.000000,2784.000000,769.000000,1633.000000,233.000000,205.000000,15.000000,8.000000,18.000000,3.000000,5.000000,0.000000,6.000000,12.000000,2.000000,4.000000,0.000000,7.000000,15.000000,2.000000,5.000000,8097.000000,2266.000000,4820.000000,695.000000,601.000000,3.000000,
0.041443,0.003501,0.322076,0.001882,0.674993,-207540.749655,3.000220,2195607.000000,1874874.000000,3722527.000000,334752.000000,1282372.000000,1952.000000,539.000000,1146.000000,164.000000,144.000000,453.000000,125.000000,266.000000,38.000000,33.000000,2784.000000,769.000000,1633.000000,233.000000,205.000000,15.000000,8.000000,18.000000,3.000000,5.000000,0.000000,6.000000,12.000000,2.000000,4.000000,0.000000,7.000000,15.000000,2.000000,5.000000,8097.000000,2266.000000,4820.000000,695.000000,601.000000,3.000000,
0.041443,0.003501,0.322076,0.001882,0.674993,-207540.749655,3.000220,2195607.000000,1874874.000000,3722527.000000,334752.000000,1282372.000000,1952.000000,539.000000,1146.000000,164.000000,144.000000,453.000000,125.000000,266.000000,38.000000,33.000000,2784.000000,769.000000,1633.000000,233.000000,205.000000,15.000000,8.000000,18.000000,3.000000,5.000000,0.000000,6.000000,12.000000,2.000000,4.000000,0.000000,7.000000,15.000000,2.000000,5.000000,8097.000000,2266.000000,4820.000000,695.000000,601.000000,3.000000,
0.041443,0.003501,0.322076,0.001882,0.674993,-207540.749655,3.000220,2195607.000000,1874874.000000,3722527.000000,334752.000000,1282372.000000,1952.000000,539.000000,1146.000000,164.000000,144.000000,453.000000,125.000000,266.000000,38.000000,33.000000,2784.000000,769.000000,1633.000000,233.000000,205.000000,15.000000,8.000000,18.000000,3.000000,5.000000,0.000000,6.000000,12.000000,2.000000,4.000000,0.000000,7.000000,15.000000,2.000000,5.000000,8097.000000,2266.000000,4820.000000,695.000000,601.000000,3.000000,
0.041443,0.003501,0.322076,0.001882,0.674993,-207540.749655,3.000220,2195607.000000,1874874.000000,3722527.000000,334752.000000,1282372.000000,1952.000000,539.000000,1146.000000,164.000000,144.000000,453.000000,125.000000,266.000000,38.000000,33.000000,2784.000000,769.000000,1633.000000,233.000000,205.000000,15.000000,8.000000,18.000000,3.000000,5.000000,0.000000,6.000000,12.000000,2.000000,4.000000,0.000000,7.000000,15.000000,2.000000,5.000000,8097.000000,2266.000000,4820.000000,695.000000,601.000000,3.000000,
0.041493,0.002916,0.322851,0.001832,0.576246,-207579.127787,3.005294,2195607.000000,1874874.000000,3722527.000000,334752.000000,1282372.000000,1952.000000,539.000000,1146.000000,164.000000,144.000000,453.000000,125.000000,266.000000,38.000000,33.000000,2784.000000,769.000000,1633.000000,233.000000,205.000000,15.000000,8.000000,18.000000,3.000000,5.000000,0.000000,6.000000,12.000000,2.000000,4.000000,0.000000,7.000000,15.000000,2.000000,5.000000,8097.000000,2266.000000,4820.000000,695.000000,601.000000,3.000000,
0.041493,0.002916,0.322851,0.001832,0.576246,-207579.127787,3.005294,2195607.000000,1874874.000000,3722527.000000,334752.000000,1282372.000000,1952.000000,539.000000,1146.000000,164.000000,144.000000,453.000000,125.000000,266.000000,38.000000,33.000000,2784.000000,769.000000,1633.000000,233.000000,205.000000,15.000000,8.000000,18.000000,3.000000,5.000000,0.000000,6.000000,12.000000,2.000000,4.000000,0.000000,7.000000,15.000000,2.000000,5.000000,8097.000000,2266.000000,4820.000000,695.000000,601.000000,3.000000,
0.041653,0.004295,0.314781,0.001779,0.658806,-207182.859667,3.001701,2195607.000000,1874874.000000,3722527.000000,334752.000000,1282372.000000,1952.000000,539.000000,1146.000000,164.000000,144.000000,453.000000,125.000000,266.000000,38.000000,33.000000,2784.000000,769.000000,1633.000000,233.000000,205.000000,15.000000,8.000000,18.000000,3.000000,5.000000,0.000000,6.000000,12.000000,2.000000,4.000000,0.000000,7.000000,15.000000,2.000000,5.000000,8097.000000,2266.000000,4820.000000,695.000000,601.000000,3.000000,
0.041666,0.005435,0.315322,0.001918,0.657939,-207209.332725,3.003640,2195607.000000,1874874.000000,3722527.000000,334752.000000,1282372.000000,1952.000000,539.000000,1146.000000,164.000000,144.000000,453.000000,125.000000,266.000000,38.000000,33.000000,2784.000000,769.000000,1633.000000,233.000000,205.000000,15.000000,8.000000,18.000000,3.000000,5.000000,0.000000,6.000000,12.000000,2.000000,4.000000,0.000000,7.000000,15.000000,2.000000,5.000000,8097.000000,2266.000000,4820.000000,695.000000,601.000000,3.000000,
0.041666,0.005435,0.315322,0.001918,0.657939,-207209.332725,3.003640,2195607.000000,1874874.000000,3722527.000000,334752.000000,1282372.000000,1952.000000,539.000000,1146.000000,164.000000,144.000000,453.000000,125.000000,266.000000,38.000000,33.000000,2784.000000,769.000000,1633.000000,233.000000,205.000000,15.000000,8.000000,18.000000,3.000000,5.000000,0.000000,6.000000,12.000000,2.000000,4.000000,0.000000,7.000000,15.000000,2.000000,5.000000,8097.000000,2266.000000,4820.000000,695.000000,601.000000,3.000000,
0.041666,0.005435,0.315322,0.001918,0.657939,-207209.332725,3.003640,2195607.000000,1874874.000000,3722527.000000,334752.000000,1282372.000000,1952.000000,539.000000,1146.000000,164.000000,144.000000,453.000000,125.000000,266.000000,38.000000,33.000000,2784.000000,769.000000,1633.000000,233.000000,205.000000,15.000000,8.000000,18.000000,3.000000,5.000000,0.000000,6.000000,12.000000,2.000000,4.000000,0.000000,7.000000,15.000000,2.000000,5.000000,8097.000000,2266.000000,4820.000000,695.000000,601.000000,3.000000,
0.041659,0.005045,0.316926,0.002835,0.571358,-207287.871611,3.006180,2195607.000000,1874874.000000,3722527.000000,334752.000000,1282372.000000,1952.000000,539.000000,1146.000000,164.000000,144.000000,453.000000,125.000000,266.000000,38.000000,33.000000,2784.000000,769.000000,1633.000000,233.000000,205.000000,15.000000,8.000000,18.000000,3.000000,5.000000,0.000000,6.000000,12.000000,2.000000,4.000000,0.000000,7.000000,15.000000,2.000000,5.000000,8097.000000,2266.000000,4820.000000,695.000000,601.000000,3.000000,
0.041659,0.005045,0.316926,0.002835,0.571358,-207287.871611,3.006180,2195607.000000,1874874.000000,3722527.000000,334752.000000,1282372.000000,1952.000000,539.000000,1146.000000,164.000000,144.000000,453.000000,125.000000,266.000000,38.000000,33.000000,2784.000000,769.000000,1633.000000,233.000000,205.000000,15.000000,8.000000,18.000000,3.000000,5.000000,0.000000,6.000000,12.000000,2.000000,4.000000,0.000000,7.000000,15.000000,2.000000,5.000000,8097.000000,2266.000000,4820.000000,695.000000,601.000000,3.000000,
0.041659,0.005045,0.316926,0.002835,0.571358,-207287.871611,3.006180,2195607.000000,1874874.000000,3722527.000000,334752.000000,1282372.000000,1952.000000,539.000000,1146.000000,164.000000,144.000000,453.000000,125.000000,266.000000,38.000000,33.000000,2784.000000,769.000000,1633.000000,233.000000,205.000000,15.000000,8.000000,18.000000,3.000000,5.000000,0.000000,6.000000,12.000000,2.000000,4.000000,0.000000,7.000000,15.000000,2.000000,5.000000,8097.000000,2266.000000,4820.000000,695.000000,601.000000,3.000000,
0.041659,0.005045,0.316926,0.002835,0.571358,-207287.871611,3.006180,2195607.000000,1874874.000000,3722527.000000,334752.000000,1282372.000000,1952.000000,539.000000,1146.000000,164.000000,144.000000,453.000000,125.000000,266.000000,38.000000,33.000000,2784.000000,769.000000,1633.000000,233.000000,205.000000,15.000000,8.000000,18.000000,3.000000,5.000000,0.000000,6.000000,12.000000,2.000000,4.000000,0.000000,7.000000,15.000000,2.000000,5.000000,8097.000000,2266.000000,4820.000000,695.000000,601.000000,3.000000,
0.041722,0.005500,0.312636,0.003425,0.605732,-207078.285691,3.002619,2195607.000000,1874874.000000,3722527.000000,334752.000000,1282372.000000,1952.000000,539.000000,1146.000000,164.000000,144.000000,453.000000,125.000000,266.000000,38.000000,33.000000,2784.000000,769.000000,1633.000000,233.000000,205.000000,15.000000,8.000000,18.000000,3.000000,5.000000,0.000000,6.000000,12.000000,2.000000,4.000000,0.000000,7.000000,15.000000,2.000000,5.000000,8097.000000,2266.000000,4820.000000,695.000000,601.000000,3.000000,
0.041722,0.005500,0.312636,0.003425,0.605732,-207078.285691,3.002619,2195607.000000,1874874.000000,3722527.000000,334752.000000,1282372.000000,1952.000000,539.000000,1146.000000,164.000000,144.000000,453.000000,125.000000,266.000000,38.000000,33.000000,2784.000000,769.000000,1633.000000,233.000000,205.000000,15.000000,8.000000,18.000000,3.000000,5.000000,0.000000,6.000000,12.000000,2.000000,4.000000,0.000000,7.000000,15.000000,2.000000,5.000000,8097.000000,2266.000000,4820.000000,695.000000,601.000000,3.000000,
0.041741,0.004376,0.310880,0.002657,0.639763,-206992.769865,3.000688,2195607.000000,1874874.000000,3722527.000000,334752.000000,1282372.000000,1952.000000,539.000000,1146.000000,164.000000,144.000000,453.000000,125.000000,266.000000,38.000000,33.000000,2784.000000,769.000000,1633.000000,233.000000,205.000000,15.000000,8.000000,18.000000,3.000000,5.000000,0.000000,6.000000,12.000000,2.000000,4.000000,0.000000,7.000000,15.000000,2.000000,5.000000,8097.000000,2266.000000,4820.000000,695.000000,601.000000,3.000000,
0.041741,0.004376,0.310880,0.002657,0.639763,-206992.769865,3.000688,2195607.000000,1874874.000000,3722527.000000,334752.000000,1282372.000000,1952.000000,539.000000,1146.000000,164.000000,144.000000,453.000000,125.000000,266.000000,38.000000,33.000000,2784.000000,769.000000,1633.000000,233.000000,205.000000,15.000000,8.000000,18.000000,3.000000,5.000000,0.000000,6.000000,12.000000,2.000000,4.000000,0.000000,7.000000,15.000000,2.000000,5.000000,8097.000000,2266.000000,4820.000000,695.000000,601.000000,3.000000,
0.041741,0.004376,0.310880,0.002657,0.639763,-206992.769865,3.000688,2195607.000000,1874874.000000,3722527.000000,334752.000000,1282372.000000,1952.000000,539.000000,1146.000000,164.000000,144.000000,453.000000,125.000000,266.000000,38.000000,33.000000,2784.000000,769.000000,1633.000000,233.000000,205.000000,15.000000,8.000000,18.000000,3.000000,5.000000,0.000000,6.000000,12.000000,2.000000,4.000000,0.000000,7.000000,15.000000,2.000000,5.000000,8097.000000,2266.000000,4820.000000,695.000000,601.000000,3.000000,
0.041741,0.004376,0.310880,0.002657,0.639763,-206992.769865,3.000688,2195607.000000,1874874.000000,3722527.000000,334752.000000,1282372.000000,1952.000000,539.000000,1146.000000,164.000000,144.000000,453.000000,125.000000,266.000000,38.000000,33.000000,2784.000000,769.000000,1633.000000,233.000000,205.000000,15.000000,8.000000,18.000000,3.000000,5.000000,0.000000,6.000000,12.000000,2.000000,4.000000,0.000000,7.000000,15.000000,2.000000,5.000000,8097.000000,2266.000000,4820.000000,695.000000,601.000000,3.000000,
0.041741,0.004376,0.310880,0.002657,0.639763,-206992.769865,3.000688,2195607.000000,1874874.000000,3722527.000000,334752.000000,1282372.000000,1952.000000,539.000000,1146.000000,164.000000,144.000000,453.000000,125.000000,266.000000,38.000000,33.000000,2784.000000,769.000000,1633.000000,233.000000,205.000000,15.000000,8.000000,18.000000,3.000000,5.000000,0.000000,6.000000,12.000000,2.000000,4.000000,0.000000,7.000000,15.000000,2.000000,5.000000,8097.000000,2266.000000,4820.000000,695.000000,601.000000,3.000000,
0.041741,0.004376,0.310880,0.002657,0.639763,-206992.769865,3.000688,2195607.000000,1874874.000000,3722527.000000,334752.000000,1282372.000000,1952.000000,539.000000,1146.000000,164.000000,144.000000,453.000000,125.000000,266.000000,38.000000,33.000000,2784.000000,769.000000,1633.000000,233.000000,205.000000,15.000000,8.000000,18.000000,3.000000,5.000000,0.000000,6.000000,12.000000,2.000000,4.000000,0.000000,7.000000,15.000000,2.000000,5.000000,8097.000000,2266.000000,4820.000000,695.000000,601.000000,3.000000,
0.041741,0.004376,0.310880,0.002657,0.639763,-206992.769865,3.000688,2195607.000000,1874874.000000,3722527.000000,334752.000000,1282372.000000,1952.000000,539.000000,1146.000000,164.000000,144.000000,453.000000,125.000000,266.000000,38.000000,33.000000,2784.000000,769.000000,1633.000000,233.000000,205.000000,15.000000,8.000000,18.000000,3.000000,5.000000,0.000000,6.000000,12.000000,2.000000,4.000000,0.000000,7.000000,15.000000,2.000000,5.000000,8097.000000,2266.000000,4820.000000,695.000000,601.000000,3.000000,
0.041741,0.004376,0.310880,0.002657,0.639763,-206992.769865,3.000688,2195607.000000,1874874.000000,3722527.000000,334752.000000,1282372.000000,1952.000000,539.000000,1146.000000,164.000000,144.000000,453.000000,125.000000,266.000000,38.000000,33.000000,2784.000000,769.000000,1633.000000,233.000000,205.000000,15.000000,8.000000,18.000000,3.000000,5.000000,0.000000,6.000000,12.000000,2.000000,4.000000,0.000000,7.000000,15.000000,2.000000,5.000000,8097.000000,2266.000000,4820.000000,695.000000,601.000000,3.000000,
0.041741,0.004376,0.310880,0.002657,0.639763,-206992.769865,3.000688,2195607.000000,1874874.000000,3722527.000000,334752.000000,1282372.000000,1952.000000,539.000000,1146.000000,164.000000,144.000000,453.000000,125.000000,266.000000,38.000000,33.000000,2784.000000,769.000000,1633.000000,233.000000,205.000000,15.000000,8.000000,18.000000,3.000000,5.000000,0.000000,6.000000,12.000000,2.000000,4.000000,0.000000,7.000000,15.000000,2.000000,5.000000,8097.000000,2266.000000,4820.000000,695.000000,601.000000,3.000000,
0.041831,0.005494,0.308059,0.001753,0.594608,-206856.003598,3.001809,2195607.000000,1874874.000000,3722527.000000,334752.000000,1282372.000000,1952.000000,539.000000,1146.000000,164.000000,144.000000,453.000000,125.000000,266.000000,38.000000,33.000000,2784.000000,769.000000,1633.000000,233.000000,205.000000,15.000000,8.000000,18.000000,3.000000,5.000000,0.000000,6.000000,12.000000,2.000000,4.000000,0.000000,7.000000,15.000000,2.000000,5.000000,8097.000000,2266.000000,4820.000000,695.000000,601.000000,3.000000,
0.041831,0.005494,0.308059,0.001753,0.594608,-206856.003598,3.001809,2195607.000000,1874874.000000,3722527.000000,334752.000000,1282372.000000,1952.000000,539.000000,1146.000000,164.000000,144.000000,453.000000,125.000000,266.000000,38.000000,33.000000,2784.000000,769.000000,1633.000000,233.000000,205.000000,15.000000,8.000000,18.000000,3.000000,5.000000,0.000000,6.000000,12.000000,2.000000,4.000000,0.000000,7.000000,15.000000,2.000000,5.000000,8097.000000,2266.000000,4820.000000,695.000000,601.000000,3.000000,
0.041891,0.004433,0.305263,0.002605,0.679031,-206720.813536,3.000829,2195607.000000,1874874.000000,3722527.000000,334752.000000,1282372.000000,1952.000000,539.000000,1146.000000,164.000000,144.000000,453.000000,125.000000,266.000000,38.000000,33.000000,2784.000000,769.000000,1633.000000,233.000000,205.000000,15.000000,8.000000,18.000000,3.000000,5.000000,0.000000,6.000000,12.000000,2.000000,4.000000,0.000000,7.000000,15.000000,2.000000,5.000000,8097.000000,2266.000000,4820.000000,695.000000,601.000000,3.000000,
0.041891,0.004433,0.305263,0.002605,0.679031,-206720.813536,3.000829,2195607.000000,1874874.000000,3722527.000000,334752.000000,1282372.000000,1952.000000,539.000000,1146.000000,164.000000,144.000000,453.000000,125.000000,266.000000,38.000000,33.000000,2784.000000,769.000000,1633.000000,233.000000,205.000000,15.000000,8.000000,18.000000,3.000000,5.000000,0.000000,6.000000,12.000000,2.000000,4.000000,0.000000,7.000000,15.000000,2.000000,5.000000,8097.000000,2266.000000,4820.000000,695.000000,601.000000,3.000000,
0.041891,0.004433,0.305263,0.002605,0.679031,-206720.813536,3.000829,2195607.000000,1874874.000000,3722527.000000,334752.000000,1282372.000000,1952.000000,539.000000,1146.000000,164.000000,144.000000,453.000000,125.000000,266.000000,38.000000,33.000000,2784.000000,769.000000,1633.000000,233.000000,205.000000,15.000000,8.000000,18.000000,3.000000,5.000000,0.000000,6.000000,12.000000,2.000000,4.000000,0.000000,7.000000,15.000000,2.000000,5.000000,8097.000000,2266.000000,4820.000000,695.000000,601.000000,3.000000,
0.041891,0.004433,0.305263,0.002605,0.679031,-206720.813536,3.000829,2195607.000000,1874874.000000,3722527.000000,334752.000000,1282372.000000,1952.000000,539.000000,1146.000000,164.000000,144.000000,453.000000,125.000000,266.000000,38.000000,33.000000,2784.000000,769.000000,1633.000000,233.000000,205.000000,15.000000,8.000000,18.000000,3.000000,5.000000,0.000000,6.000000,12.000000,2.000000,4.000000,0.000000,7.000000,15.000000,2.000000,5.000000,8097.000000,2266.000000,4820.000000,695.000000,601.000000,3.000000,
0.041891,0.004433,0.305263,0.002605,0.679031,-206720.813536,3.000829,2195607.000000,1874874.000000,3722527.000000,334752.000000,1282372.000000,1952.000000,539.000000,1146.000000,164.000000,144.000000,453.000000,125.000000,266.000000,38.000000,33.000000,2784.000000,769.000000,1633.000000,233.000000,205.000000,15.000000,8.000000,18.000000,3.000000,5.000000,0.000000,6.000000,12.000000,2.000000,4.000000,0.000000,7.000000,15.000000,2.000000,5.000000,8097.000000,2266.000000,4820.000000,695.000000,601.000000,3.000000,
0.041891,0.004433,0.305263,0.002605,0.679031,-206720.813536,3.000829,2195607.000000,1874874.000000,3722527.000000,334752.000000,1282372.000000,1952.000000,539.000000,1146.000000,164.000000,144.000000,453.000000,125.000000,266.000000,38.000000,33.000000,2784.000000,769.000000,1633.000000,233.000000,205.000000,15.000000,8.000000,18.000000,3.000000,5.000000,0.000000,6.000000,12.000000,2.000000,4.000000,0.000000,7.000000,15.000000,2.000000,5.000000,8097.000000,2266.000000,4820.000000,695.000000,601.000000,3.000000,
0.041891,0.004433,0.305263,0.002605,0.679031,-206720.813536,3.000829,2195607.000000,1874874.000000,3722527.000000,334752.000000,1282372.000000,1952.000000,539.000000,1146.000000,164.000000,144.000000,453.000000,125.000000,266.000000,38.000000,33.000000,2784.000000,769.000000,1633.000000,233.000000,205.000000,15.000000,8.000000,18.000000,3.000000,5.000000,0.000000,6.000000,12.000000,2.000000,4.000000,0.000000,7.000000,15.000000,2.000000,5.000000,8097.000000,2266.000000,4820.000000,695.000000,601.000000,3.000000,
0.042025,0.004824,0.301916,0.003194,0.625320,-206559.759717,3.004079,2195607.000000,1874874.000000,3722527.000000,334752.000000,1282372.000000,1952.000000,539.000000,1146.000000,164.000000,144.000000,453.000000,125.000000,266.000000,38.000000,33.000000,2784.000000,769.000000,1633.000000,233.000000,205.000000,15.000000,8.000000,18.000000,3.000000,5.000000,0.000000,6.000000,12.000000,2.000000,4.000000,0.000000,7.000000,15.000000,2.000000,5.000000,8097.000000,2266.000000,4820.000000,695.000000,601.000000,3.000000,
0.042025,0.004824,0.301916,0.003194,0.625320,-206559.759717,3.004079,2195607.000000,1874874.000000,3722527.000000,334752.000000,1282372.000000,1952.000000,539.000000,1146.000000,164.000000,144.000000,453.000000,125.000000,266.000000,38.000000,33.000000,2784.000000,769.000000,1633.000000,233.000000,205.000000,15.000000,8.000000,18.000000,3.000000,5.000000,0.000000,6.000000,12.000000,2.000000,4.000000,0.000000,7.000000,15.000000,2.000000,5.000000,8097.000000,2266.000000,4820.000000,695.000000,601.000000,3.000000,
0.042025,0.004824,0.301916,0.003194,0.625320,-206559.759717,3.004079,2195607.000000,1874874.000000,3722527.000000,334752.000000,1282372.000000,1952.000000,539.000000,1146.000000,164.000000,144.000000,453.000000,125.000000,266.000000,38.000000,33.000000,2784.000000,769.000000,1633.000000,233.000000,205.000000,15.000000,8.000000,18.000000,3.000000,5.000000,0.000000,6.000000,12.000000,2.000000,4.000000,0.000000,7.000000,15.000000,2.000000,5.000000,8097.000000,2266.000000,4820.000000,695.000000,601.000000,3.000000,
0.042025,0.004824,0.301916,0.003194,0.625320,-206559.759717,3.004079,2195607.000000,1874874.000000,3722527.000000,334752.000000,1282372.000000,1952.000000,539.000000,1146.000000,164.000000,144.000000,453.000000,125.000000,266.000000,38.000000,33.000000,2784.000000,769.000000,1633.000000,233.000000,205.000000,15.000000,8.000000,18.000000,3.000000,5.000000,0.000000,6.000000,12.000000,2.000000,4.000000,0.000000,7.000000,15.000000,2.000000,5.000000,8097.000000,2266.000000,4820.000000,695.000000,601.000000,3.000000,
0.042025,0.004824,0.301916,0.003194,0.625320,-206559.759717,3.004079,2195607.000000,1874874.000000,3722527.000000,334752.000000,1282372.000000,1952.000000,539.000000,1146.000000,164.000000,144.000000,453.000000,125.000000,266.000000,38.000000,33.000000,2784.000000,769.000000,1633.000000,233.000000,205.000000,15.000000,8.000000,18.000000,3.000000,5.000000,0.000000,6.000000,12.000000,2.000000,4.000000,0.000000,7.000000,15.000000,2.000000,5.000000,8097.000000,2266.000000,4820.000000,695.000000,601.000000,3.000000,
0.042025,0.004824,0.301916,0.003194,0.625320,-206559.759717,3.004079,2195607.000000,1874874.000000,3722527.000000,334752.000000,1282372.000000,1952.000000,539.000000,1146.000000,164.000000,144.000000,453.000000,125.000000,266.000000,38.000000,33.000000,2784.000000,769.000000,1633.000000,233.000000,205.000000,15.000000,8.000000,18.000000,3.000000,5.000000,0.000000,6.000000,12.000000,2.000000,4.000000,0.000000,7.000000,15.000000,2.000000,5.000000,8097.000000,2266.000000,4820.000000,695.000000,601.000000,3.000000,
0.042025,0.004824,0.301916,0.003194,0.625320,-206559.759717,3.004079,2195607.000000,1874874.000000,3722527.000000,334752.000000,1282372.000000,1952.000000,539.000000,1146.000000,164.000000,144.000000,453.000000,125.000000,266.000000,38.000000,33.000000,2784.000000,769.000000,1633.000000,233.000000,205.000000,15.000000,8.000000,18.000000,3.000000,5.000000,0.000000,6.000000,12.000000,2.000000,4.000000,0.000000,7.000000,15.000000,2.000000,5.000000,8097.000000,2266.000000,4820.000000,695.000000,601.000000,3.000000,
0.042025,0.004824,0.301916,0.003194,0.625320,-206559.759717,3.004079,2195607.000000,1874874.000000,3722527.000000,334752.000000,1282372.000000,1952.000000,539.000000,1146.000000,164.000000,144.000000,453.000000,125.000000,266.000000,38.000000,33.000000,2784.000000,769.000000,1633.000000,233.000000,205.000000,15.000000,8.000000,18.000000,3.000000,5.000000,0.000000,6.000000,12.000000,2.000000,4.000000,0.000000,7.000000,15.000000,2.000000,5.000000,8097.000000,2266.000000,4820.000000,695.000000,601.000000,3.000000,
0.042025,0.004824,0.301916,0.003194,0.625320,-206559.759717,3.004079,2195607.000000,1874874.000000,3722527.000000,334752.000000,1282372.000000,1952.000000,539.000000,1146.000000,164.000000,144.000000,453.000000,125.000000,266.000000,38.000000,33.000000,2784.000000,769.000000,1633.000000,233.000000,205.000000,15.000000,8.000000,18.000000,3.000000,5.000000,0.000000,6.000000,12.000000,2.000000,4.000000,0.000000,7.000000,15.000000,2.000000,5.000000,8097.000000,2266.000000,4820.000000,695.000000,601.000000,3.000000,
0.042036,0.144177,0.294559,0.006868,0.732039,-206207.671096,2.990882,2195607.000000,1874874.000000,3722527.000000,334752.000000,1282372.000000,1952.000000,539.000000,1146.000000,164.000000,144.000000,453.000000,125.000000,266.000000,38.000000,33.000000,2784.000000,769.000000,1633.000000,233.000000,205.000000,15.000000,8.000000,18.000000,3.000000,5.000000,0.000000,6.000000,12.000000,2.000000,4.000000,0.000000,7.000000,15.000000,2.000000,5.000000,8097.000000,2266.000000,4820.000000,695.000000,601.000000,3.000000,
0.042036,0.144177,0.294559,0.006868,0.732039,-206207.671096,2.990882,2195607.000000,1874874.000000,3722527.000000,334752.000000,1282372.000000,1952.000000,539.000000,1146.000000,164.000000,144.000000,453.000000,125.000000,266.000000,38.000000,33.000000,2784.000000,769.000000,1633.000000,233.000000,205.000000,15.000000,8.000000,18.000000,3.000000,5.000000,0.000000,6.000000,12.000000,2.000000,4.000000,0.000000,7.000000,15.000000,2.000000,5.000000,8097.000000,2266.000000,4820.000000,695.000000,601.000000,3.000000,
0.042036,0.144177,0.294559,0.006868,0.732039,-206207.671096,2.990882,2195607.000000,1874874.000000,3722527.000000,334752.000000,1282372.000000,1952.000000,539.000000,1146.000000,164.000000,144.000000,453.000000,125.000000,266.000000,38.000000,33.000000,2784.000000,769.000000,1633.000000,233.000000,205.000000,15.000000,8.000000,18.000000,3.000000,5.000000,0.000000,6.000000,12.000000,2.000000,4.000000,0.000000,7.000000,15.000000,2.000000,5.000000,8097.000000,2266.000000,4820.000000,695.000000,601.000000,3.000000,
0.042036,0.144177,0.294559,0.006868,0.732039,-206207.671096,2.990882,2195607.000000,1874874.000000,3722527.000000,334752.000000,1282372.000000,1952.000000,539.000000,1146.000000,164.000000,144.000000,453.000000,125.000000,266.000000,38.000000,33.000000,2784.000000,769.000000,1633.000000,233.000000,205.000000,15.000000,8.000000,18.000000,3.000000,5.000000,0.000000,6.000000,12.000000,2.000000,4.000000,0.000000,7.000000,15.000000,2.000000,5.000000,8097.000000,2266.000000,4820.000000,695.000000,601.000000,3.000000,
0.042036,0.144177,0.294559,0.006868,0.732039,-206207.671096,2.990882,2195607.000000,1874874.000000,3722527.000000,334752.000000,1282372.000000,1952.000000,539.000000,1146.000000,164.000000,144.000000,453.000000,125.000000,266.000000,38.000000,33.000000,2784.000000,769.000000,1633.000000,233.000000,205.000000,15.000000,8.000000,18.000000,3.000000,5.000000,0.000000,6.000000,12.000000,2.000000,4.000000,0.000000,7.000000,15.000000,2.000000,5.000000,8097.000000,2266.000000,4820.000000,695.000000,601.000000,3.000000,
0.042006,0.172003,0.293495,0.010274,0.715147,-206156.959224,2.986748,2195607.000000,1874874.000000,3722527.000000,334752.000000,1282372.000000,1952.000000,539.000000,1146.000000,164.000000,144.000000,453.000000,125.000000,266.000000,38.000000,33.000000,2784.000000,769.000000,1633.000000,233.000000,205.000000,15.000000,8.000000,18.000000,3.000000,5.000000,0.000000,6.000000,12.000000,2.000000,4.000000,0.000000,7.000000,15.000000,2.000000,5.000000,8097.000000,2266.000000,4820.000000,695.000000,601.000000,3.000000,
0.042074,0.203225,0.290001,0.013026,0.777488,-205991.233323,2.984937,2195607.000000,1874874.000000,3722527.000000,334752.000000,1282372.000000,1952.000000,539.000000,1146.000000,164.000000,144.000000,453.000000,125.000000,266.000000,38.000000,33.000000,2784.000000,769.000000,1633.000000,233.000000,205.000000,15.000000,8.000000,18.000000,3.000000,5.000000,0.000000,6.000000,12.000000,2.000000,4.000000,0.000000,7.000000,15.000000,2.000000,5.000000,8097.000000,2266.000000,4820.000000,695.000000,601.000000,3.000000,
0.042074,0.203225,0.290001,0.013026,0.777488,-205991.233323,2.984937,2195607.000000,1874874.000000,3722527.000000,334752.000000,1282372.000000,1952.000000,539.000000,1146.000000,164.000000,144.000000,453.000000,125.000000,266.000000,38.000000,33.000000,2784.000000,769.000000,1633.000000,233.000000,205.000000,15.000000,8.000000,18.000000,3.000000,5.000000,0.000000,6.000000,12.000000,2.000000,4.000000,0.000000,7.000000,15.000000,2.000000,5.000000,8097.000000,2266.000000,4820.000000,695.000000,601.000000,3.000000,
0.042074,0.203225,0.290001,0.013026,0.777488,-205991.233323,2.984937,2195607.000000,1874874.000000,3722527.000000,334752.000000,1282372.000000,1952.000000,539.000000,1146.000000,164.000000,144.000000,453.000000,125.000000,266.000000,38.000000,33.000000,2784.000000,769.000000,1633.000000,233.000000,205.000000,15.000000,8.000000,18.000000,3.000000,5.000000,0.000000,6.000000,12.000000,2.000000,4.000000,0.000000,7.000000,15.000000,2.000000,5.000000,8097.000000,2266.000000,4820.000000,695.000000,601.000000,3.000000,
0.042074,0.203225,0.290001,0.013026,0.777488,-205991.233323,2.984937,2195607.000000,1874874.000000,3722527.000000,334752.000000,1282372.000000,1952.000000,539.000000,1146.000000,164.000000,144.000000,453.000000,125.000000,266.000000,38.000000,33.000000,2784.000000,769.000000,1633.000000,233.000000,205.000000,15.000000,8.000000,18.000000,3.000000,5.000000,0.000000,6.000000,12.000000,2.000000,4.000000,0.000000,7.000000,15.000000,2.000000,5.000000,8097.000000,2266.000000,4820.000000,695.000000,601.000000,3.000000,
0.042074,0.203225,0.290001,0.013026,0.777488,-205991.233323,2.984937,2195607.000000,1874874.000000,3722527.000000,334752.000000,1282372.000000,1952.000000,539.000000,1146.000000,164.000000,144.000000,453.000000,125.000000,266.000000,38.000000,33.000000,2784.000000,769.000000,1633.000000,233.000000,205.000000,15.000000,8.000000,18.000000,3.000000,5.000000,0.000000,6.000000,12.000000,2.000000,4.000000,0.000000,7.000000,15.000000,2.000000,5.000000,8097.000000,2266.000000,4820.000000,695.000000,601.000000,3.000000,
0.042001,0.179790,0.292251,0.019799,0.683534,-206097.808892,2.984067,2195607.000000,1874874.000000,3722527.000000,334752.000000,1282372.000000,1952.000000,539.000000,1146.000000,164.000000,144.000000,453.000000,125.000000,266.000000,38.000000,33.000000,2784.000000,769.000000,1633.000000,233.000000,205.000000,15.000000,8.000000,18.000000,3.000000,5.000000,0.000000,6.000000,12.000000,2.000000,4.000000,0.000000,7.000000,15.000000,2.000000,5.000000,8097.000000,2266.000000,4820.000000,695.000000,601.000000,3.000000,
0.042001,0.179790,0.292251,0.019799,0.683534,-206097.808892,2.984067,2195607.000000,1874874.000000,3722527.000000,334752.000000,1282372.000000,1952.000000,539.000000,1146.000000,164.000000,144.000000,453.000000,125.000000,266.000000,38.000000,33.000000,2784.000000,769.000000,1633.000000,233.000000,205.000000,15.000000,8.000000,18.000000,3.000000,5.000000,0.000000,6.000000,12.000000,2.000000,4.000000,0.000000,7.000000,15.000000,2.000000,5.000000,8097.000000,2266.000000,4820.000000,695.000000,601.000000,3.000000,
0.041906,0.155861,0.293520,0.017825,0.614076,-206157.942888,2.979730,2195607.000000,1874874.000000,3722527.000000,334752.000000,1282372.000000,1952.000000,539.000000,1146.000000,164.000000,144.000000,453.000000,125.000000,266.000000,38.000000,33.000000,2784.000000,769.000000,1633.000000,233.000000,205.000000,15.000000,8.000000,18.000000,3.000000,5.000000,0.000000,6.000000,12.000000,2.000000,4.000000,0.000000,7.000000,15.000000,2.000000,5.000000,8097.000000,2266.000000,4820.000000,695.000000,601.000000,3.000000,
0.041906,0.155861,0.293520,0.017825,0.614076,-206157.942888,2.979730,2195607.000000,1874874.000000,3722527.000000,334752.000000,1282372.000000,1952.000000,539.000000,1146.000000,164.000000,144.000000,453.000000,125.000000,266.000000,38.000000,33.000000,2784.000000,769.000000,1633.000000,233.000000,205.000000,15.000000,8.000000,18.000000,3.000000,5.000000,0.000000,6.000000,12.000000,2.000000,4.000000,0.000000,7.000000,15.000000,2.000000,5.000000,8097.000000,2266.000000,4820.000000,695.000000,601.000000,3.000000,
0.042051,0.086377,0.291963,0.017954,0.665465,-206084.232623,2.987021,2195607.000000,1874874.000000,3722527.000000,334752.000000,1282372.000000,1952.000000,539.000000,1146.000000,164.000000,144.000000,453.000000,125.000000,266.000000,38.000000,33.000000,2784.000000,769.000000,1633.000000,233.000000,205.000000,15.000000,8.000000,18.000000,3.000000,5.000000,0.000000,6.000000,12.000000,2.000000,4.000000,0.000000,7.000000,15.000000,2.000000,5.000000,8097.000000,2266.000000,4820.000000,695.000000,601.000000,3.000000,
0.042051,0.086377,0.291963,0.017954,0.665465,-206084.232623,2.987021,2195607.000000,1874874.000000,3722527.000000,334752.000000,1282372.000000,1952.000000,539.000000,1146.000000,164.000000,144.000000,453.000000,125.000000,266.000000,38.000000,33.000000,2784.000000,769.000000,1633.000000,233.000000,205.000000,15.000000,8.000000,18.000000,3.000000,5.000000,0.000000,6.000000,12.000000,2.000000,4.000000,0.000000,7.000000,15.000000,2.000000,5.000000,8097.000000,2266.000000,4820.000000,695.000000,601.000000,3.000000,
0.042051,0.086377,0.291963,0.017954,0.665465,-206084.232623,2.987021,2195607.000000,1874874.000000,3722527.000000,334752.000000,1282372.000000,1952.000000,539.000000,1146.000000,164.000000,144.000000,453.000000,125.000000,266.000000,38.000000,33.000000,2784.000000,769.000000,1633.000000,233.000000,205.000000,15.000000,8.000000,18.000000,3.000000,5.000000,0.000000,6.000000,12.000000,2.000000,4.000000,0.000000,7.000000,15.000000,2.000000,5.000000,8097.000000,2266.000000,4820.000000,695.000000,601.000000,3.000000,
0.042051,0.086377,0.291963,0.017954,0.665465,-206084.232623,2.987021,2195607.000000,1874874.000000,3722527.000000,334752.000000,1282372.000000,1952.000000,539.000000,1146.000000,164.000000,144.000000,453.000000,125.000000,266.000000,38.000000,33.000000,2784.000000,769.000000,1633.000000,233.000000,205.000000,15.000000,8.000000,18.000000,3.000000,5.000000,0.000000,6.000000,12.000000,2.000000,4.000000,0.000000,7.000000,15.000000,2.000000,5.000000,8097.000000,2266.000000,4820.000000,695.000000,601.000000,3.000000,
0.042051,0.086377,0.291963,0.017954,0.665465,-206084.232623,2.987021,2195607.000000,1874874.000000,3722527.000000,334752.000000,1282372.000000,1952.000000,539.000000,1146.000000,164.000000,144.000000,453.000000,125.000000,266.000000,38.000000,33.000000,2784.000000,769.000000,1633.000000,233.000000,205.000000,15.000000,8.000000,18.000000,3.000000,5.000000,0.000000,6.000000,12.000000,2.000000,4.000000,0.000000,7.000000,15.000000,2.000000,5.000000,8097.000000,2266.000000,4820.000000,695.000000,601.000000,3.000000,
0.041927,0.061588,0.299526,0.016597,0.672213,-206444.802701,2.992545,2195607.000000,1874874.000000,3722527.000000,334752.000000,1282372.000000,1952.000000,539.000000,1146.000000,164.000000,144.000000,453.000000,125.000000,266.000000,38.000000,33.000000,2784.000000,769.000000,1633.000000,233.000000,205.000000,15.000000,8.000000,18.000000,3.000000,5.000000,0.000000,6.000000,12.000000,2.000000,4.000000,0.000000,7.000000,15.000000,2.000000,5.000000,8097.000000,2266.000000,4820.000000,695.000000,601.000000,3.000000,
0.041927,0.061588,0.299526,0.016597,0.672213,-206444.802701,2.992545,2195607.000000,1874874.000000,3722527.000000,334752.000000,1282372.000000,1952.000000,539.000000,1146.000000,164.000000,144.000000,453.000000,125.000000,266.000000,38.000000,33.000000,2784.000000,769.000000,1633.000000,233.000000,205.000000,15.000000,8.000000,18.000000,3.000000,5.000000,0.000000,6.000000,12.000000,2.000000,4.000000,0.000000,7.000000,15.000000,2.000000,5.000000,8097.000000,2266.000000,4820.000000,695.000000,601.000000,3.000000,
0.041927,0.061588,0.299526,0.016597,0.672213,-206444.802701,2.992545,2195607.000000,1874874.000000,3722527.000000,334752.000000,1282372.000000,1952.000000,539.000000,1146.000000,164.000000,144.000000,453.000000,125.000000,266.000000,38.000000,33.000000,2784.000000,769.000000,1633.000000,233.000000,205.000000,15.000000,8.000000,18.000000,3.000000,5.000000,0.000000,6.000000,12.000000,2.000000,4.000000,0.000000,7.000000,15.000000,2.000000,5.000000,8097.000000,2266.000000,4820.000000,695.000000,601.000000,3.000000,
0.041927,0.061588,0.299526,0.016597,0.672213,-206444.802701,2.992545,2195607.000000,1874874.000000,3722527.000000,334752.000000,1282372.000000,1952.000000,539.000000,1146.000000,164.000000,144.000000,453.000000,125.000000,266.000000,38.000000,33.000000,2784.000000,769.000000,1633.000000,233.000000,205.000000,15.000000,8.000000,18.000000,3.000000,5.000000,0.000000,6.000000,12.000000,2.000000,4.000000,0.000000,7.000000,15.000000,2.000000,5.000000,8097.000000,2266.000000,4820.000000,695.000000,601.000000,3.000000,
0.042246,0.049073,0.286310,0.026907,0.686551,-205817.134433,2.990120,2195607.000000,1874874.000000,3722527.000000,334752.000000,1282372.000000,1952.000000,539.000000,1146.000000,164.000000,144.000000,453.000000,125.000000,266.000000,38.000000,33.000000,2784.000000,769.000000,1633.000000,233.000000,205.000000,15.000000,8.000000,18.000000,3.000000,5.000000,0.000000,6.000000,12.000000,2.000000,4.000000,0.000000,7.000000,15.000000,2.000000,5.000000,8097.000000,2266.000000,4820.000000,695.000000,601.000000,3.000000,
0.042246,0.049073,0.286310,0.026907,0.686551,-205817.134433,2.990120,2195607.000000,1874874.000000,3722527.000000,334752.000000,1282372.000000,1952.000000,539.000000,1146.000000,164.000000,144.000000,453.000000,125.000000,266.000000,38.000000,33.000000,2784.000000,769.000000,1633.000000,233.000000,205.000000,15.000000,8.000000,18.000000,3.000000,5.000000,0.000000,6.000000,12.000000,2.000000,4.000000,0.000000,7.000000,15.000000,2.000000,5.000000,8097.000000,2266.000000,4820.000000,695.000000,601.000000,3.000000,
0.042141,0.031785,0.291126,0.032534,0.630482,-206044.655816,2.991838,2195607.000000,1874874.000000,3722527.000000,334752.000000,1282372.000000,1952.000000,539.000000,1146.000000,164.000000,144.000000,453.000000,125.000000,266.000000,38.000000,33.000000,2784.000000,769.000000,1633.000000,233.000000,205.000000,15.000000,8.000000,18.000000,3.000000,5.000000,0.000000,6.000000,12.000000,2.000000,4.000000,0.000000,7.000000,15.000000,2.000000,5.000000,8097.000000,2266.000000,4820.000000,695.000000,601.000000,3.000000,
0.042187,0.017640,0.287814,0.023939,0.677494,-205887.994521,2.988836,2195607.000000,1874874.000000,3722527.000000,334752.000000,1282372.000000,1952.000000,539.000000,1146.000000,164.000000,144.000000,453.000000,125.000000,266.000000,38.000000,33.000000,2784.000000,769.000000,1633.000000,233.000000,205.000000,15.000000,8.000000,18.000000,3.000000,5.000000,0.000000,6.000000,12.000000,2.000000,4.000000,0.000000,7.000000,15.000000,2.000000,5.000000,8097.000000,2266.000000,4820.000000,695.000000,601.000000,3.000000,
0.042187,0.017640,0.287814,0.023939,0.677494,-205887.994521,2.988836,2195607.000000,1874874.000000,3722527.000000,334752.000000,1282372.000000,1952.000000,539.000000,1146.000000,164.000000,144.000000,453.000000,125.000000,266.000000,38.000000,33.000000,2784.000000,769.000000,1633.000000,233.000000,205.000000,15.000000,8.000000,18.000000,3.000000,5.000000,0.000000,6.000000,12.000000,2.000000,4.000000,0.000000,7.000000,15.000000,2.000000,5.000000,8097.000000,2266.000000,4820.000000,695.000000,601.000000,3.000000,
0.042187,0.017640,0.287814,0.023939,0.677494,-205887.994521,2.988836,2195607.000000,1874874.000000,3722527.000000,334752.000000,1282372.000000,1952.000000,539.000000,1146.000000,164.000000,144.000000,453.000000,125.000000,266.000000,38.000000,33.000000,2784.000000,769.000000,1633.000000,233.000000,205.000000,15.000000,8.000000,18.000000,3.000000,5.000000,0.000000,6.000000,12.000000,2.000000,4.000000,0.000000,7.000000,15.000000,2.000000,5.000000,8097.000000,2266.000000,4820.000000,695.000000,601.000000,3.000000,
0.042250,0.009557,0.278246,0.001499,0.811879,-205438.960398,2.974992,2195607.000000,1874874.000000,3722527.000000,334752.000000,1282372.000000,1952.000000,539.000000,1146.000000,164.000000,144.000000,453.000000,125.000000,266.000000,38.000000,33.000000,2784.000000,769.000000,1633.000000,233.000000,205.000000,15.000000,8.000000,18.000000,3.000000,5.000000,0.000000,6.000000,12.000000,2.000000,4.000000,0.000000,7.000000,15.000000,2.000000,5.000000,8097.000000,2266.000000,4820.000000,695.000000,601.000000,3.000000,
0.042250,0.009557,0.278246,0.001499,0.811879,-205438.960398,2.974992,2195607.000000,1874874.000000,3722527.000000,334752.000000,1282372.000000,1952.000000,539.000000,1146.000000,164.000000,144.000000,453.000000,125.000000,266.000000,38.000000,33.000000,2784.000000,769.000000,1633.000000,233.000000,205.000000,15.000000,8.000000,18.000000,3.000000,5.000000,0.000000,6.000000,12.000000,2.000000,4.000000,0.000000,7.000000,15.000000,2.000000,5.000000,8097.000000,2266.000000,4820.000000,695.000000,601.000000,3.000000,
0.042175,0.012551,0.280226,0.002032,0.709227,-205531.318166,2.973514,2195607.000000,1874874.000000,3722527.000000,334752.000000,1282372.000000,1952.000000,539.000000,1146.000000,164.000000,144.000000,453.000000,125.000000,266.000000,38.000000,33.000000,2784.000000,769.000000,1633.000000,233.000000,205.000000,15.000000,8.000000,18.000000,3.000000,5.000000,0.000000,6.000000,12.000000,2.000000,4.000000,0.000000,7.000000,15.000000,2.000000,5.000000,8097.000000,2266.000000,4820.000000,695.000000,601.000000,3.000000,
0.042175,0.012551,0.280226,0.002032,0.709227,-205531.318166,2.973514,2195607.000000,1874874.000000,3722527.000000,334752.000000,1282372.000000,1952.000000,539.000000,1146.000000,164.000000,144.000000,453.000000,125.000000,266.000000,38.000000,33.000000,2784.000000,769.000000,1633.000000,233.000000,205.000000,15.000000,8.000000,18.000000,3.000000,5.000000,0.000000,6.000000,12.000000,2.000000,4.000000,0.000000,7.000000,15.000000,2.000000,5.000000,8097.000000,2266.000000,4820.000000,695.000000,601.000000,3.000000,
0.042175,0.012551,0.280226,0.002032,0.709227,-205531.318166,2.973514,2195607.000000,1874874.000000,3722527.000000,334752.000000,1282372.000000,1952.000000,539.000000,1146.000000,164.000000,144.000000,453.000000,125.000000,266.000000,38.000000,33.000000,2784.000000,769.000000,1633.000000,233.000000,205.000000,15.000000,8.000000,18.000000,3.000000,5.000000,0.000000,6.000000,12.000000,2.000000,4.000000,0.000000,7.000000,15.000000,2.000000,5.000000,8097.000000,2266.000000,4820.000000,695.000000,601.000000,3.000000,
0.042034,0.009026,0.286184,0.002245,0.871116,-205810.783398,2.974865,2195607.000000,1874874.000000,3722527.000000,334752.000000,1282372.000000,1952.000000,539.000000,1146.000000,164.000000,144.000000,453.000000,125.000000,266.000000,38.000000,33.000000,2784.000000,769.000000,1633.000000,233.000000,205.000000,15.000000,8.000000,18.000000,3.000000,5.000000,0.000000,6.000000,12.000000,2.000000,4.000000,0.000000,7.000000,15.000000,2.000000,5.000000,8097.000000,2266.000000,4820.000000,695.000000,601.000000,3.000000,
0.041729,0.004365,0.293198,0.003605,0.745775,-206142.311895,2.966486,2195607.000000,1874874.000000,3722527.000000,334752.000000,1282372.000000,1952.000000,539.000000,1146.000000,164.000000,144.000000,453.000000,125.000000,266.000000,38.000000,33.000000,2784.000000,769.000000,1633.000000,233.000000,205.000000,15.000000,8.000000,18.000000,3.000000,5.000000,0.000000,6.000000,12.000000,2.000000,4.000000,0.000000,7.000000,15.000000,2.000000,5.000000,8097.000000,2266.000000,4820.000000,695.000000,601.000000,3.000000,
0.041729,0.004365,0.293198,0.003605,0.745775,-206142.311895,2.966486,2195607.000000,1874874.000000,3722527.000000,334752.000000,1282372.000000,1952.000000,539.000000,1146.000000,164.000000,144.000000,453.000000,125.000000,266.000000,38.000000,33.000000,2784.000000,769.000000,1633.000000,233.000000,205.000000,15.000000,8.000000,18.000000,3.000000,5.000000,0.000000,6.000000,12.000000,2.000000,4.000000,0.000000,7.000000,15.000000,2.000000,5.000000,8097.000000,2266.000000,4820.000000,695.000000,601.000000,3.000000,
0.041729,0.004365,0.293198,0.003605,0.745775,-206142.311895,2.966486,2195607.000000,1874874.000000,3722527.000000,334752.000000,1282372.000000,1952.000000,539.000000,1146.000000,164.000000,144.000000,453.000000,125.000000,266.000000,38.000000,33.000000,2784.000000,769.000000,1633.000000,233.000000,205.000000,15.000000,8.000000,18.000000,3.000000,5.000000,0.000000,6.000000,12.000000,2.000000,4.000000,0.000000,7.000000,15.000000,2.000000,5.000000,8097.000000,2266.000000,4820.000000,695.000000,601.000000,3.000000,
0.041729,0.004365,0.293198,0.003605,0.745775,-206142.311895,2.966486,2195607.000000,1874874.000000,3722527.000000,334752.000000,1282372.000000,1952.000000,539.000000,1146.000000,164.000000,144.000000,453.000000,125.000000,266.000000,38.000000,33.000000,2784.000000,769.000000,1633.000000,233.000000,205.000000,15.000000,8.000000,18.000000,3.000000,5.000000,0.000000,6.000000,12.000000,2.000000,4.000000,0.000000,7.000000,15.000000,2.000000,5.000000,8097.000000,2266.000000,4820.000000,695.000000,601.000000,3.000000,
0.041729,0.004365,0.293198,0.003605,0.745775,-206142.311895,2.966486,2195607.000000,1874874.000000,3722527.000000,334752.000000,1282372.000000,1952.000000,539.000000,1146.000000,164.000000,144.000000,453.000000,125.000000,266.000000,38.000000,33.000000,2784.000000,769.000000,1633.000000,233.000000,205.000000,15.000000,8.000000,18.000000,3.000000,5.000000,0.000000,6.000000,12.000000,2.000000,4.000000,0.000000,7.000000,15.000000,2.000000,5.000000,8097.000000,2266.000000,4820.000000,695.000000,601.000000,3.000000,
0.041729,0.004365,0.293198,0.003605,0.745775,-206142.311895,2.966486,2195607.000000,1874874.000000,3722527.000000,334752.000000,1282372.000000,1952.000000,539.000000,1146.000000,164.000000,144.000000,453.000000,125.000000,266.000000,38.000000,33.000000,2784.000000,769.000000,1633.000000,233.000000,205.000000,15.000000,8.000000,18.000000,3.000000,5.000000,0.000000,6.000000,12.000000,2.000000,4.000000,0.000000,7.000000,15.000000,2.000000,5.000000,8097.000000,2266.000000,4820.000000,695.000000,601.000000,3.000000,
0.041729,0.004365,0.293198,0.003605,0.745775,-206142.311895,2.966486,2195607.000000,1874874.000000,3722527.000000,334752.000000,1282372.000000,1952.000000,539.000000,1146.000000,164.000000,144.000000,453.000000,125.000000,266.000000,38.000000,33.000000,2784.000000,769.000000,1633.000000,233.000000,205.000000,15.000000,8.000000,18.000000,3.000000,5.000000,0.000000,6.000000,12.000000,2.000000,4.000000,0.000000,7.000000,15.000000,2.000000,5.000000,8097.000000,2266.000000,4820.000000,695.000000,601.000000,3.000000,
0.041729,0.004365,0.293198,0.003605,0.745775,-206142.311895,2.966486,2195607.000000,1874874.000000,3722527.000000,334752.000000,1282372.000000,1952.000000,539.000000,1146.000000,164.000000,144.000000,453.000000,125.000000,266.000000,38.000000,33.000000,2784.000000,769.000000,1633.000000,233.000000,205.000000,15.000000,8.000000,18.000000,3.000000,5.000000,0.000000,6.000000,12.000000,2.000000,4.000000,0.000000,7.000000,15.000000,2.000000,5.000000,8097.000000,2266.000000,4820.000000,695.000000,601.000000,3.000000,
0.041729,0.004365,0.293198,0.003605,0.745775,-206142.311895,2.966486,2195607.000000,1874874.000000,3722527.000000,334752.000000,1282372.000000,1952.000000,539.000000,1146.000000,164.000000,144.000000,453.000000,125.000000,266.000000,38.000000,33.000000,2784.000000,769.000000,1633.000000,233.000000,205.000000,15.000000,8.000000,18.000000,3.000000,5.000000,0.000000,6.000000,12.000000,2.000000,4.000000,0.000000,7.000000,15.000000,2.000000,5.000000,8097.000000,2266.000000,4820.000000,695.000000,601.000000,3.000000,
0.041729,0.004365,0.293198,0.003605,0.745775,-206142.311895,2.966486,2195607.000000,1874874.000000,3722527.000000,334752.000000,1282372.000000,1952.000000,539.000000,1146.000000,164.000000,144.000000,453.000000,125.000000,266.000000,38.000000,33.000000,2784.000000,769.000000,1633.000000,233.000000,205.000000,15.000000,8.000000,18.000000,3.000000,5.000000,0.000000,6.000000,12.000000,2.000000,4.000000,0.000000,7.000000,15.000000,2.000000,5.000000,8097.000000,2266.000000,4820.000000,695.000000,601.000000,3.000000,
0.041729,0.004365,0.293198,0.003605,0.745775,-206142.311895,2.966486,2195607.000000,1874874.000000,3722527.000000,334752.000000,1282372.000000,1952.000000,539.000000,1146.000000,164.000000,144.000000,453.000000,125.000000,266.000000,38.000000,33.000000,2784.000000,769.000000,1633.000000,233.000000,205.000000,15.000000,8.000000,18.000000,3.000000,5.000000,0.000000,6.000000,12.000000,2.000000,4.000000,0.000000,7.000000,15.000000,2.000000,5.000000,8097.000000,2266.000000,4820.000000,695.000000,601.000000,3.000000,
0.041729,0.004365,0.293198,0.003605,0.745775,-206142.311895,2.966486,2195607.000000,1874874.000000,3722527.000000,334752.000000,1282372.000000,1952.000000,539.000000,1146.000000,164.000000,144.000000,453.000000,125.000000,266.000000,38.000000,33.000000,2784.000000,769.000000,1633.000000,233.000000,205.000000,15.000000,8.000000,18.000000,3.000000,5.000000,0.000000,6.000000,12.000000,2.000000,4.000000,0.000000,7.000000,15.000000,2.000000,5.000000,8097.000000,2266.000000,4820.000000,695.000000,601.000000,3.000000,
0.041729,0.004365,0.293198,0.003605,0.745775,-206142.311895,2.966486,2195607.000000,1874874.000000,3722527.000000,334752.000000,1282372.000000,1952.000000,539.000000,1146.000000,164.000000,144.000000,453.000000,125.000000,266.000000,38.000000,33.000000,2784.000000,769.000000,1633.000000,233.000000,205.000000,15.000000,8.000000,18.000000,3.000000,5.000000,0.000000,6.000000,12.000000,2.000000,4.000000,0.000000,7.000000,15.000000,2.000000,5.000000,8097.000000,2266.000000,4820.000000,695.000000,601.000000,3.000000,
0.041627,0.006414,0.297707,0.003516,0.779027,-206357.137981,2.967734,2195607.000000,1874874.000000,3722527.000000,334752.000000,1282372.000000,1952.000000,539.000000,1146.000000,164.000000,144.000000,453.000000,125.000000,266.000000,38.000000,33.000000,2784.000000,769.000000,1633.000000,233.000000,205.000000,15.000000,8.000000,18.000000,3.000000,5.000000,0.000000,6.000000,12.000000,2.000000,4.000000,0.000000,7.000000,15.000000,2.000000,5.000000,8097.000000,2266.000000,4820.000000,695.000000,601.000000,3.000000,
0.041627,0.006414,0.297707,0.003516,0.779027,-206357.137981,2.967734,2195607.000000,1874874.000000,3722527.000000,334752.000000,1282372.000000,1952.000000,539.000000,1146.000000,164.000000,144.000000,453.000000,125.000000,266.000000,38.000000,33.000000,2784.000000,769.000000,1633.000000,233.000000,205.000000,15.000000,8.000000,18.000000,3.000000,5.000000,0.000000,6.000000,12.000000,2.000000,4.000000,0.000000,7.000000,15.000000,2.000000,5.000000,8097.000000,2266.000000,4820.000000,695.000000,601.000000,3.000000,
0.041627,0.006414,0.297707,0.003516,0.779027,-206357.137981,2.967734,2195607.000000,1874874.000000,3722527.000000,334752.000000,1282372.000000,1952.000000,539.000000,1146.000000,164.000000,144.000000,453.000000,125.000000,266.000000,38.000000,33.000000,2784.000000,769.000000,1633.000000,233.000000,205.000000,15.000000,8.000000,18.000000,3.000000,5.000000,0.000000,6.000000,12.000000,2.000000,4.000000,0.000000,7.000000,15.000000,2.000000,5.000000,8097.000000,2266.000000,4820.000000,695.000000,601.000000,3.000000,
0.041627,0.006414,0.297707,0.003516,0.779027,-206357.137981,2.967734,2195607.000000,1874874.000000,3722527.000000,334752.000000,1282372.000000,1952.000000,539.000000,1146.000000,164.000000,144.000000,453.000000,125.000000,266.000000,38.000000,33.000000,2784.000000,769.000000,1633.000000,233.000000,205.000000,15.000000,8.000000,18.000000,3.000000,5.000000,0.000000,6.000000,12.000000,2.000000,4.000000,0.000000,7.000000,15.000000,2.000000,5.000000,8097.000000,2266.000000,4820.000000,695.000000,601.000000,3.000000,
0.041627,0.006414,0.297707,0.003516,0.779027,-206357.137981,2.967734,2195607.000000,1874874.000000,3722527.000000,334752.000000,1282372.000000,1952.000000,539.000000,1146.000000,164.000000,144.000000,453.000000,125.000000,266.000000,38.000000,33.000000,2784.000000,769.000000,1633.000000,233.000000,205.000000,15.000000,8.000000,18.000000,3.000000,5.000000,0.000000,6.000000,12.000000,2.000000,4.000000,0.000000,7.000000,15.000000,2.000000,5.000000,8097.000000,2266.000000,4820.000000,695.000000,601.000000,3.000000,
0.041824,0.003751,0.287414,0.007897,0.705531,-205868.444099,2.962318,2195607.000000,1874874.000000,3722527.000000,334752.000000,1282372.000000,1952.000000,539.000000,1146.000000,164.000000,144.000000,453.000000,125.000000,266.000000,38.000000,33.000000,2784.000000,769.000000,1633.000000,233.000000,205.000000,15.000000,8.000000,18.000000,3.000000,5.000000,0.000000,6.000000,12.000000,2.000000,4.000000,0.000000,7.000000,15.000000,2.000000,5.000000,8097.000000,2266.000000,4820.000000,695.000000,601.000000,3.000000,
0.041824,0.003751,0.287414,0.007897,0.705531,-205868.444099,2.962318,2195607.000000,1874874.000000,3722527.000000,334752.000000,1282372.000000,1952.000000,539.000000,1146.000000,164.000000,144.000000,453.000000,125.000000,266.000000,38.000000,33.000000,2784.000000,769.000000,1633.000000,233.000000,205.000000,15.000000,8.000000,18.000000,3.000000,5.000000,0.000000,6.000000,12.000000,2.000000,4.000000,0.000000,7.000000,15.000000,2.000000,5.000000,8097.000000,2266.000000,4820.000000,695.000000,601.000000,3.000000,
0.041824,0.003751,0.287414,0.007897,0.705531,-205868.444099,2.962318,2195607.000000,1874874.000000,3722527.000000,334752.000000,1282372.000000,1952.000000,539.000000,1146.000000,164.000000,144.000000,453.000000,125.000000,266.000000,38.000000,33.000000,2784.000000,769.000000,1633.000000,233.000000,205.000000,15.000000,8.000000,18.000000,3.000000,5.000000,0.000000,6.000000,12.000000,2.000000,4.000000,0.000000,7.000000,15.000000,2.000000,5.000000,8097.000000,2266.000000,4820.000000,695.000000,601.000000,3.000000,
0.041824,0.003751,0.287414,0.007897,0.705531,-205868.444099,2.962318,2195607.000000,1874874.000000,3722527.000000,334752.000000,1282372.000000,1952.000000,539.000000,1146.000000,164.000000,144.000000,453.000000,125.000000,266.000000,38.000000,33.000000,2784.000000,769.000000,1633.000000,233.000000,205.000000,15.000000,8.000000,18.000000,3.000000,5.000000,0.000000,6.000000,12.000000,2.000000,4.000000,0.000000,7.000000,15.000000,2.000000,5.000000,8097.000000,2266.000000,4820.000000,695.000000,601.000000,3.000000,
0.042229,0.013137,0.274059,0.009559,0.790071,-205244.118646,2.965573,2195607.000000,1874874.000000,3722527.000000,334752.000000,1282372.000000,1952.000000,539.000000,1146.000000,164.000000,144.000000,453.000000,125.000000,266.000000,38.000000,33.000000,2784.000000,769.000000,1633.000000,233.000000,205.000000,15.000000,8.000000,18.000000,3.000000,5.000000,0.000000,6.000000,12.000000,2.000000,4.000000,0.000000,7.000000,15.000000,2.000000,5.000000,8097.000000,2266.000000,4820.000000,695.000000,601.000000,3.000000,
0.042229,0.013137,0.274059,0.009559,0.790071,-205244.118646,2.965573,2195607.000000,1874874.000000,3722527.000000,334752.000000,1282372.000000,1952.000000,539.000000,1146.000000,164.000000,144.000000,453.000000,125.000000,266.000000,38.000000,33.000000,2784.000000,769.000000,1633.000000,233.000000,205.000000,15.000000,8.000000,18.000000,3.000000,5.000000,0.000000,6.000000,12.000000,2.000000,4.000000,0.000000,7.000000,15.000000,2.000000,5.000000,8097.000000,2266.000000,4820.000000,695.000000,601.000000,3.000000,
0.042229,0.013137,0.274059,0.009559,0.790071,-205244.118646,2.965573,2195607.000000,1874874.000000,3722527.000000,334752.000000,1282372.000000,1952.000000,539.000000,1146.000000,164.000000,144.000000,453.000000,125.000000,266.000000,38.000000,33.000000,2784.000000,769.000000,1633.000000,233.000000,205.000000,15.000000,8.000000,18.000000,3.000000,5.000000,0.000000,6.000000,12.000000,2.000000,4.000000,0.000000,7.000000,15.000000,2.000000,5.000000,8097.000000,2266.000000,4820.000000,695.000000,601.000000,3.000000,
0.042229,0.013137,0.274059,0.009559,0.790071,-205244.118646,2.965573,2195607.000000,1874874.000000,3722527.000000,334752.000000,1282372.000000,1952.000000,539.000000,1146.000000,164.000000,144.000000,453.000000,125.000000,266.000000,38.000000,33.000000,2784.000000,769.000000,1633.000000,233.000000,205.000000,15.000000,8.000000,18.000000,3.000000,5.000000,0.000000,6.000000,12.000000,2.000000,4.000000,0.000000,7.000000,15.000000,2.000000,5.000000,8097.000000,2266.000000,4820.000000,695.000000,601.000000,3.000000,
0.042229,0.013137,0.274059,0.009559,0.790071,-205244.118646,2.965573,2195607.000000,1874874.000000,3722527.000000,334752.000000,1282372.000000,1952.000000,539.000000,1146.000000,164.000000,144.000000,453.000000,125.000000,266.000000,38.000000,33.000000,2784.000000,769.000000,1633.000000,233.000000,205.000000,15.000000,8.000000,18.000000,3.000000,5.000000,0.000000,6.000000,12.000000,2.000000,4.000000,0.000000,7.000000,15.000000,2.000000,5.000000,8097.000000,2266.000000,4820.000000,695.000000,601.000000,3.000000,
0.042229,0.013137,0.274059,0.009559,0.790071,-205244.118646,2.965573,2195607.000000,1874874.000000,3722527.000000,334752.000000,1282372.000000,1952.000000,539.000000,1146.000000,164.000000,144.000000,453.000000,125.000000,266.000000,38.000000,33.000000,2784.000000,769.000000,1633.000000,233.000000,205.000000,15.000000,8.000000,18.000000,3.000000,5.000000,0.000000,6.000000,12.000000,2.000000,4.000000,0.000000,7.000000,15.000000,2.000000,5.000000,8097.000000,2266.000000,4820.000000,695.000000,601.000000,3.000000,
0.042229,0.013137,0.274059,0.009559,0.790071,-205244.118646,2.965573,2195607.000000,1874874.000000,3722527.000000,334752.000000,1282372.000000,1952.000000,539.000000,1146.000000,164.000000,144.000000,453.000000,125.000000,266.000000,38.000000,33.000000,2784.000000,769.000000,1633.000000,233.000000,205.000000,15.000000,8.000000,18.000000,3.000000,5.000000,0.000000,6.000000,12.000000,2.000000,4.000000,0.000000,7.000000,15.000000,2.000000,5.000000,8097.000000,2266.000000,4820.000000,695.000000,601.000000,3.000000,
0.042229,0.013137,0.274059,0.009559,0.790071,-205244.118646,2.965573,2195607.000000,1874874.000000,3722527.000000,334752.000000,1282372.000000,1952.000000,539.000000,1146.000000,164.000000,144.000000,453.000000,125.000000,266.000000,38.000000,33.000000,2784.000000,769.000000,1633.000000,233.000000,205.000000,15.000000,8.000000,18.000000,3.000000,5.000000,0.000000,6.000000,12.000000,2.000000,4.000000,0.000000,7.000000,15.000000,2.000000,5.000000,8097.000000,2266.000000,4820.000000,695.000000,601.000000,3.000000,
0.042229,0.013137,0.274059,0.009559,0.790071,-205244.118646,2.965573,2195607.000000,1874874.000000,3722527.000000,334752.000000,1282372.000000,1952.000000,539.000000,1146.000000,164.000000,144.000000,453.000000,125.000000,266.000000,38.000000,33.000000,2784.000000,769.000000,1633.000000,233.000000,205.000000,15.000000,8.000000,18.000000,3.000000,5.000000,0.000000,6.000000,12.000000,2.000000,4.000000,0.000000,7.000000,15.000000,2.000000,5.000000,8097.000000,2266.000000,4820.000000,695.000000,601.000000,3.000000,
0.042229,0.013137,0.274059,0.009559,0.790071,-205244.118646,2.965573,2195607.000000,1874874.000000,3722527.000000,334752.000000,1282372.000000,1952.000000,539.000000,1146.000000,164.000000,144.000000,453.000000,125.000000,266.000000,38.000000,33.000000,2784.000000,769.000000,1633.000000,233.000000,205.000000,15.000000,8.000000,18.000000,3.000000,5.000000,0.000000,6.000000,12.000000,2.000000,4.000000,0.000000,7.000000,15.000000,2.000000,5.000000,8097.000000,2266.000000,4820.000000,695.000000,601.000000,3.000000,
0.042229,0.013137,0.274059,0.009559,0.790071,-205244.118646,2.965573,2195607.000000,1874874.000000,3722527.000000,334752.000000,1282372.000000,1952.000000,539.000000,1146.000000,164.000000,144.000000,453.000000,125.000000,266.000000,38.000000,33.000000,2784.000000,769.000000,1633.000000,233.000000,205.000000,15.000000,8.000000,18.000000,3.000000,5.000000,0.000000,6.000000,12.000000,2.000000,4.000000,0.000000,7.000000,15.000000,2.000000,5.000000,8097.000000,2266.000000,4820.000000,695.000000,601.000000,3.000000,
0.042222,0.008322,0.273427,0.009803,0.832101,-205214.769863,2.963888,2195607.000000,1874874.000000,3722527.000000,334752.000000,1282372.000000,1952.000000,539.000000,1146.000000,164.000000,144.000000,453.000000,125.000000,266.000000,38.000000,33.000000,2784.000000,769.000000,1633.000000,233.000000,205.000000,15.000000,8.000000,18.000000,3.000000,5.000000,0.000000,6.000000,12.000000,2.000000,4.000000,0.000000,7.000000,15.000000,2.000000,5.000000,8097.000000,2266.000000,4820.000000,695.000000,601.000000,3.000000,
0.042222,0.008322,0.273427,0.009803,0.832101,-205214.769863,2.963888,2195607.000000,1874874.000000,3722527.000000,334752.000000,1282372.000000,1952.000000,539.000000,1146.000000,164.000000,144.000000,453.000000,125.000000,266.000000,38.000000,33.000000,2784.000000,769.000000,1633.000000,233.000000,205.000000,15.000000,8.000000,18.000000,3.000000,5.000000,0.000000,6.000000,12.000000,2.000000,4.000000,0.000000,7.000000,15.000000,2.000000,5.000000,8097.000000,2266.000000,4820.000000,695.000000,601.000000,3.000000,
0.042222,0.008322,0.273427,0.009803,0.832101,-205214.769863,2.963888,2195607.000000,1874874.000000,3722527.000000,334752.000000,1282372.000000,1952.000000,539.000000,1146.000000,164.000000,144.000000,453.000000,125.000000,266.000000,38.000000,33.000000,2784.000000,769.000000,1633.000000,233.000000,205.000000,15.000000,8.000000,18.000000,3.000000,5.000000,0.000000,6.000000,12.000000,2.000000,4.000000,0.000000,7.000000,15.000000,2.000000,5.000000,8097.000000,2266.000000,4820.000000,695.000000,601.000000,3.000000,
0.042222,0.008322,0.273427,0.009803,0.832101,-205214.769863,2.963888,2195607.000000,1874874.000000,3722527.000000,334752.000000,1282372.000000,1952.000000,539.000000,1146.000000,164.000000,144.000000,453.000000,125.000000,266.000000,38.000000,33.000000,2784.000000,769.000000,1633.000000,233.000000,205.000000,15.000000,8.000000,18.000000,3.000000,5.000000,0.000000,6.000000,12.000000,2.000000,4.000000,0.000000,7.000000,15.000000,2.000000,5.000000,8097.000000,2266.000000,4820.000000,695.000000,601.000000,3.000000,
0.042222,0.008322,0.273427,0.009803,0.832101,-205214.769863,2.963888,2195607.000000,1874874.000000,3722527.000000,334752.000000,1282372.000000,1952.000000,539.000000,1146.000000,164.000000,144.000000,453.000000,125.000000,266.000000,38.000000,33.000000,2784.000000,769.000000,1633.000000,233.000000,205.000000,15.000000,8.000000,18.000000,3.000000,5.000000,0.000000,6.000000,12.000000,2.000000,4.000000,0.000000,7.000000,15.000000,2.000000,5.000000,8097.000000,2266.000000,4820.000000,695.000000,601.000000,3.000000,
0.042222,0.008322,0.273427,0.009803,0.832101,-205214.769863,2.963888,2195607.000000,1874874.000000,3722527.000000,334752.000000,1282372.000000,1952.000000,539.000000,1146.000000,164.000000,144.000000,453.000000,125.000000,266.000000,38.000000,33.000000,2784.000000,769.000000,1633.000000,233.000000,205.000000,15.000000,8.000000,18.000000,3.000000,5.000000,0.000000,6.000000,12.000000,2.000000,4.000000,0.000000,7.000000,15.000000,2.000000,5.000000,8097.000000,2266.000000,4820.000000,695.000000,601.000000,3.000000,
0.042222,0.008322,0.273427,0.009803,0.832101,-205214.769863,2.963888,2195607.000000,1874874.000000,3722527.000000,334752.000000,1282372.000000,1952.000000,539.000000,1146.000000,164.000000,144.000000,453.000000,125.000000,266.000000,38.000000,33.000000,2784.000000,769.000000,1633.000000,233.000000,205.000000,15.000000,8.000000,18.000000,3.000000,5.000000,0.000000,6.000000,12.000000,2.000000,4.000000,0.000000,7.000000,15.000000,2.000000,5.000000,8097.000000,2266.000000,4820.000000,695.000000,601.000000,3.000000,
0.042222,0.008322,0.273427,0.009803,0.832101,-205214.769863,2.963888,2195607.000000,1874874.000000,3722527.000000,334752.000000,1282372.000000,1952.000000,539.000000,1146.000000,164.000000,144.000000,453.000000,125.000000,266.000000,38.000000,33.000000,2784.000000,769.000000,1633.000000,233.000000,205.000000,15.000000,8.000000,18.000000,3.000000,5.000000,0.000000,6.000000,12.000000,2.000000,4.000000,0.000000,7.000000,15.000000,2.000000,5.000000,8097.000000,2266.000000,4820.000000,695.000000,601.000000,3.000000,
0.042222,0.008322,0.273427,0.009803,0.832101,-205214.769863,2.963888,2195607.000000,1874874.000000,3722527.000000,334752.000000,1282372.000000,1952.000000,539.000000,1146.000000,164.000000,144.000000,453.000000,125.000000,266.000000,38.000000,33.000000,2784.000000,769.000000,1633.000000,233.000000,205.000000,15.000000,8.000000,18.000000,3.000000,5.000000,0.000000,6.000000,12.000000,2.000000,4.000000,0.000000,7.000000,15.000000,2.000000,5.000000,8097.000000,2266.000000,4820.000000,695.000000,601.000000,3.000000,
0.042222,0.008322,0.273427,0.009803,0.832101,-205214.769863,2.963888,2195607.000000,1874874.000000,3722527.000000,334752.000000,1282372.000000,1952.000000,539.000000,1146.000000,164.000000,144.000000,453.000000,125.000000,266.000000,38.000000,33.000000,2784.000000,769.000000,1633.000000,233.000000,205.000000,15.000000,8.000000,18.000000,3.000000,5.000000,0.000000,6.000000,12.000000,2.000000,4.000000,0.000000,7.000000,15.000000,2.000000,5.000000,8097.000000,2266.000000,4820.000000,695.000000,601.000000,3.000000,
0.042222,0.008322,0.273427,0.009803,0.832101,-205214.769863,2.963888,2195607.000000,1874874.000000,3722527.000000,334752.000000,1282372.000000,1952.000000,539.000000,1146.000000,164.000000,144.000000,453.000000,125.000000,266.000000,38.000000,33.000000,2784.000000,769.000000,1633.000000,233.000000,205.000000,15.000000,8.000000,18.000000,3.000000,5.000000,0.000000,6.000000,12.000000,2.000000,4.000000,0.000000,7.000000,15.000000,2.000000,5.000000,8097.000000,2266.000000,4820.000000,695.000000,601.000000,3.000000,
0.042222,0.008322,0.273427,0.009803,0.832101,-205214.769863,2.963888,2195607.000000,1874874.000000,3722527.000000,334752.000000,1282372.000000,1952.000000,539.000000,1146.000000,164.000000,144.000000,453.000000,125.000000,266.000000,38.000000,33.000000,2784.000000,769.000000,1633.000000,233.000000,205.000000,15.000000,8.000000,18.000000,3.000000,5.000000,0.000000,6.000000,12.000000,2.000000,4.000000,0.000000,7.000000,15.000000,2.000000,5.000000,8097.000000,2266.000000,4820.000000,695.000000,601.000000,3.000000,
0.042222,0.008322,0.273427,0.009803,0.832101,-205214.769863,2.963888,2195607.000000,1874874.000000,3722527.000000,334752.000000,1282372.000000,1952.000000,539.000000,1146.000000,164.000000,144.000000,453.000000,125.000000,266.000000,38.000000,33.000000,2784.000000,769.000000,1633.000000,233.000000,205.000000,15.000000,8.000000,18.000000,3.000000,5.000000,0.000000,6.000000,12.000000,2.000000,4.000000,0.000000,7.000000,15.000000,2.000000,5.000000,8097.000000,2266.000000,4820.000000,695.000000,601.000000,3.000000,
0.042222,0.008322,0.273427,0.009803,0.832101,-205214.769863,2.963888,2195607.000000,1874874.000000,3722527.000000,334752.000000,1282372.000000,1952.000000,539.000000,1146.000000,164.000000,144.000000,453.000000,125.000000,266.000000,38.000000,33.000000,2784.000000,769.000000,1633.000000,233.000000,205.000000,15.000000,8.000000,18.000000,3.000000,5.000000,0.000000,6.000000,12.000000,2.000000,4.000000,0.000000,7.000000,15.000000,2.000000,5.000000,8097.000000,2266.000000,4820.000000,695.000000,601.000000,3.000000,
0.042222,0.008322,0.273427,0.009803,0.832101,-205214.769863,2.963888,2195607.000000,1874874.000000,3722527.000000,334752.000000,1282372.000000,1952.000000,539.000000,1146.000000,164.000000,144.000000,453.000000,125.000000,266.000000,38.000000,33.000000,2784.000000,769.000000,1633.000000,233.000000,205.000000,15.000000,8.000000,18.000000,3.000000,5.000000,0.000000,6.000000,12.000000,2.000000,4.000000,0.000000,7.000000,15.000000,2.000000,5.000000,8097.000000,2266.000000,4820.000000,695.000000,601.000000,3.000000,
0.042222,0.008322,0.273427,0.009803,0.832101,-205214.769863,2.963888,2195607.000000,1874874.000000,3722527.000000,334752.000000,1282372.000000,1952.000000,539.000000,1146.000000,164.000000,144.000000,453.000000,125.000000,266.000000,38.000000,33.000000,2784.000000,769.000000,1633.000000,233.000000,205.000000,15.000000,8.000000,18.000000,3.000000,5.000000,0.000000,6.000000,12.000000,2.000000,4.000000,0.000000,7.000000,15.000000,2.000000,5.000000,8097.000000,2266.000000,4820.000000,695.000000,601.000000,3.000000,
0.042222,0.008322,0.273427,0.009803,0.832101,-205214.769863,2.963888,2195607.000000,1874874.000000,3722527.000000,334752.000000,1282372.000000,1952.000000,539.000000,1146.000000,164.000000,144.000000,453.000000,125.000000,266.000000,38.000000,33.000000,2784.000000,769.000000,1633.000000,233.000000,205.000000,15.000000,8.000000,18.000000,3.000000,5.000000,0.000000,6.000000,12.000000,2.000000,4.000000,0.000000,7.000000,15.000000,2.000000,5.000000,8097.000000,2266.000000,4820.000000,695.000000,601.000000,3.000000,
0.042222,0.008322,0.273427,0.009803,0.832101,-205214.769863,2.963888,2195607.000000,1874874.000000,3722527.000000,334752.000000,1282372.000000,1952.000000,539.000000,1146.000000,164.000000,144.000000,453.000000,125.000000,266.000000,38.000000,33.000000,2784.000000,769.000000,1633.000000,233.000000,205.000000,15.000000,8.000000,18.000000,3.000000,5.000000,0.000000,6.000000,12.000000,2.000000,4.000000,0.000000,7.000000,15.000000,2.000000,5.000000,8097.000000,2266.000000,4820.000000,695.000000,601.000000,3.000000,
0.042222,0.008322,0.273427,0.009803,0.832101,-205214.769863,2.963888,2195607.000000,1874874.000000,3722527.000000,334752.000000,1282372.000000,1952.000000,539.000000,1146.000000,164.000000,144.000000,453.000000,125.000000,266.000000,38.000000,33.000000,2784.000000,769.000000,1633.000000,233.000000,205.000000,15.000000,8.000000,18.000000,3.000000,5.000000,0.000000,6.000000,12.000000,2.000000,4.000000,0.000000,7.000000,15.000000,2.000000,5.000000,8097.000000,2266.000000,4820.000000,695.000000,601.000000,3.000000,
0.042222,0.008322,0.273427,0.009803,0.832101,-205214.769863,2.963888,2195607.000000,1874874.000000,3722527.000000,334752.000000,1282372.000000,1952.000000,539.000000,1146.000000,164.000000,144.000000,453.000000,125.000000,266.000000,38.000000,33.000000,2784.000000,769.000000,1633.000000,233.000000,205.000000,15.000000,8.000000,18.000000,3.000000,5.000000,0.000000,6.000000,12.000000,2.000000,4.000000,0.000000,7.000000,15.000000,2.000000,5.000000,8097.000000,2266.000000,4820.000000,695.000000,601.000000,3.000000,
0.042222,0.008322,0.273427,0.009803,0.832101,-205214.769863,2.963888,2195607.000000,1874874.000000,3722527.000000,334752.000000,1282372.000000,1952.000000,539.000000,1146.000000,164.000000,144.000000,453.000000,125.000000,266.000000,38.000000,33.000000,2784.000000,769.000000,1633.000000,233.000000,205.000000,15.000000,8.000000,18.000000,3.000000,5.000000,0.000000,6.000000,12.000000,2.000000,4.000000,0.000000,7.000000,15.000000,2.000000,5.000000,8097.000000,2266.000000,4820.000000,695.000000,601.000000,3.000000,
0.042222,0.008322,0.273427,0.009803,0.832101,-205214.769863,2.963888,2195607.000000,1874874.000000,3722527.000000,334752.000000,1282372.000000,1952.000000,539.000000,1146.000000,164.000000,144.000000,453.000000,125.000000,266.000000,38.000000,33.000000,2784.000000,769.000000,1633.000000,233.000000,205.000000,15.000000,8.000000,18.000000,3.000000,5.000000,0.000000,6.000000,12.000000,2.000000,4.000000,0.000000,7.000000,15.000000,2.000000,5.000000,8097.000000,2266.000000,4820.000000,695.000000,601.000000,3.000000,
0.042222,0.008322,0.273427,0.009803,0.832101,-205214.769863,2.963888,2195607.000000,1874874.000000,3722527.000000,334752.000000,1282372.000000,1952.000000,539.000000,1146.000000,164.000000,144.000000,453.000000,125.000000,266.000000,38.000000,33.000000,2784.000000,769.000000,1633.000000,233.000000,205.000000,15.000000,8.000000,18.000000,3.000000,5.000000,0.000000,6.000000,12.000000,2.000000,4.000000,0.000000,7.000000,15.000000,2.000000,5.000000,8097.000000,2266.000000,4820.000000,695.000000,601.000000,3.000000,
0.042222,0.008322,0.273427,0.009803,0.832101,-205214.769863,2.963888,2195607.000000,1874874.000000,3722527.000000,334752.000000,1282372.000000,1952.000000,539.000000,1146.000000,164.000000,144.000000,453.000000,125.000000,266.000000,38.000000,33.000000,2784.000000,769.000000,1633.000000,233.000000,205.000000,15.000000,8.000000,18.000000,3.000000,5.000000,0.000000,6.000000,12.000000,2.000000,4.000000,0.000000,7.000000,15.000000,2.000000,5.000000,8097.000000,2266.000000,4820.000000,695.000000,601.000000,3.000000,
0.042222,0.008322,0.273427,0.009803,0.832101,-205214.769863,2.963888,2195607.000000,1874874.000000,3722527.000000,334752.000000,1282372.000000,1952.000000,539.000000,1146.000000,164.000000,144.000000,453.000000,125.000000,266.000000,38.000000,33.000000,2784.000000,769.000000,1633.000000,233.000000,205.000000,15.000000,8.000000,18.000000,3.000000,5.000000,0.000000,6.000000,12.000000,2.000000,4.000000,0.000000,7.000000,15.000000,2.000000,5.000000,8097.000000,2266.000000,4820.000000,695.000000,601.000000,3.000000,
0.042222,0.008322,0.273427,0.009803,0.832101,-205214.769863,2.963888,2195607.000000,1874874.000000,3722527.000000,334752.000000,1282372.000000,1952.000000,539.000000,1146.000000,164.000000,144.000000,453.000000,125.000000,266.000000,38.000000,33.000000,2784.000000,769.000000,1633.000000,233.000000,205.000000,15.000000,8.000000,18.000000,3.000000,5.000000,0.000000,6.000000,12.000000,2.000000,4.000000,0.000000,7.000000,15.000000,2.000000,5.000000,8097.000000,2266.000000,4820.000000,695.000000,601.000000,3.000000,
0.041701,0.008794,0.307645,0.001689,0.745198,-206835.673790,2.991678,2195607.000000,1874874.000000,3722527.000000,334752.000000,1282372.000000,1952.000000,539.000000,1146.000000,164.000000,144.000000,453.000000,125.000000,266.000000,38.000000,33.000000,2784.000000,769.000000,1633.000000,233.000000,205.000000,15.000000,8.000000,18.000000,3.000000,5.000000,0.000000,6.000000,12.000000,2.000000,4.000000,0.000000,7.000000,15.000000,2.000000,5.000000,8097.000000,2266.000000,4820.000000,695.000000,601.000000,3.000000,
0.041701,0.008794,0.307645,0.001689,0.745198,-206835.673790,2.991678,2195607.000000,1874874.000000,3722527.000000,334752.000000,1282372.000000,1952.000000,539.000000,1146.000000,164.000000,144.000000,453.000000,125.000000,266.000000,38.000000,33.000000,2784.000000,769.000000,1633.000000,233.000000,205.000000,15.000000,8.000000,18.000000,3.000000,5.000000,0.000000,6.000000,12.000000,2.000000,4.000000,0.000000,7.000000,15.000000,2.000000,5.000000,8097.000000,2266.000000,4820.000000,695.000000,601.000000,3.000000,
0.041701,0.008794,0.307645,0.001689,0.745198,-206835.673790,2.991678,2195607.000000,1874874.000000,3722527.000000,334752.000000,1282372.000000,1952.000000,539.000000,1146.000000,164.000000,144.000000,453.000000,125.000000,266.000000,38.000000,33.000000,2784.000000,769.000000,1633.000000,233.000000,205.000000,15.000000,8.000000,18.000000,3.000000,5.000000,0.000000,6.000000,12.000000,2.000000,4.000000,0.000000,7.000000,15.000000,2.000000,5.000000,8097.000000,2266.000000,4820.000000,695.000000,601.000000,3.000000,
0.041601,0.006004,0.312022,0.002543,0.578861,-207048.134330,2.992765,2195607.000000,1874874.000000,3722527.000000,334752.000000,1282372.000000,1952.000000,539.000000,1146.000000,164.000000,144.000000,453.000000,125.000000,266.000000,38.000000,33.000000,2784.000000,769.000000,1633.000000,233.000000,205.000000,15.000000,8.000000,18.000000,3.000000,5.000000,0.000000,6.000000,12.000000,2.000000,4.000000,0.000000,7.000000,15.000000,2.000000,5.000000,8097.000000,2266.000000,4820.000000,695.000000,601.000000,3.000000,
0.041601,0.006004,0.312022,0.002543,0.578861,-207048.134330,2.992765,2195607.000000,1874874.000000,3722527.000000,334752.000000,1282372.000000,1952.000000,539.000000,1146.000000,164.000000,144.000000,453.000000,125.000000,266.000000,38.000000,33.000000,2784.000000,769.000000,1633.000000,233.000000,205.000000,15.000000,8.000000,18.000000,3.000000,5.000000,0.000000,6.000000,12.000000,2.000000,4.000000,0.000000,7.000000,15.000000,2.000000,5.000000,8097.000000,2266.000000,4820.000000,695.000000,601.000000,3.000000,
0.041725,0.005320,0.304726,0.003243,0.719201,-206694.597985,2.987945,2195607.000000,1874874.000000,3722527.000000,334752.000000,1282372.000000,1952.000000,539.000000,1146.000000,164.000000,144.000000,453.000000,125.000000,266.000000,38.000000,33.000000,2784.000000,769.000000,1633.000000,233.000000,205.000000,15.000000,8.000000,18.000000,3.000000,5.000000,0.000000,6.000000,12.000000,2.000000,4.000000,0.000000,7.000000,15.000000,2.000000,5.000000,8097.000000,2266.000000,4820.000000,695.000000,601.000000,3.000000,
0.041777,0.004232,0.298485,0.002418,0.716405,-206394.641840,2.979904,2195607.000000,1874874.000000,3722527.000000,334752.000000,1282372.000000,1952.000000,539.000000,1146.000000,164.000000,144.000000,453.000000,125.000000,266.000000,38.000000,33.000000,2784.000000,769.000000,1633.000000,233.000000,205.000000,15.000000,8.000000,18.000000,3.000000,5.000000,0.000000,6.000000,12.000000,2.000000,4.000000,0.000000,7.000000,15.000000,2.000000,5.000000,8097.000000,2266.000000,4820.000000,695.000000,601.000000,3.000000,
0.041579,0.007917,0.304948,0.002317,0.741367,-206705.016347,2.977900,2195607.000000,1874874.000000,3722527.000000,334752.000000,1282372.000000,1952.000000,539.000000,1146.000000,164.000000,144.000000,453.000000,125.000000,266.000000,38.000000,33.000000,2784.000000,769.000000,1633.000000,233.000000,205.000000,15.000000,8.000000,18.000000,3.000000,5.000000,0.000000,6.000000,12.000000,2.000000,4.000000,0.000000,7.000000,15.000000,2.000000,5.000000,8097.000000,2266.000000,4820.000000,695.000000,601.000000,3.000000,
0.041427,0.015160,0.311732,0.003384,0.656861,-207033.656898,2.979690,2195607.000000,1874874.000000,3722527.000000,334752.000000,1282372.000000,1952.000000,539.000000,1146.000000,164.000000,144.000000,453.000000,125.000000,266.000000,38.000000,33.000000,2784.000000,769.000000,1633.000000,233.000000,205.000000,15.000000,8.000000,18.000000,3.000000,5.000000,0.000000,6.000000,12.000000,2.000000,4.000000,0.000000,7.000000,15.000000,2.000000,5.000000,8097.000000,2266.000000,4820.000000,695.000000,601.000000,3.000000,
0.041523,0.013265,0.307909,0.002845,0.738107,-206848.114247,2.979435,2195607.000000,1874874.000000,3722527.000000,334752.000000,1282372.000000,1952.000000,539.000000,1146.000000,164.000000,144.000000,453.000000,125.000000,266.000000,38.000000,33.000000,2784.000000,769.000000,1633.000000,233.000000,205.000000,15.000000,8.000000,18.000000,3.000000,5.000000,0.000000,6.000000,12.000000,2.000000,4.000000,0.000000,7.000000,15.000000,2.000000,5.000000,8097.000000,2266.000000,4820.000000,695.000000,601.000000,3.000000,
0.041523,0.013265,0.307909,0.002845,0.738107,-206848.114247,2.979435,2195607.000000,1874874.000000,3722527.000000,334752.000000,1282372.000000,1952.000000,539.000000,1146.000000,164.000000,144.000000,453.000000,125.000000,266.000000,38.000000,33.000000,2784.000000,769.000000,1633.000000,233.000000,205.000000,15.000000,8.000000,18.000000,3.000000,5.000000,0.000000,6.000000,12.000000,2.000000,4.000000,0.000000,7.000000,15.000000,2.000000,5.000000,8097.000000,2266.000000,4820.000000,695.000000,601.000000,3.000000,
0.041572,0.014325,0.309838,0.006845,0.625306,-206941.811605,2.986559,2195607.000000,1874874.000000,3722527.000000,334752.000000,1282372.000000,1952.000000,539.000000,1146.000000,164.000000,144.000000,453.000000,125.000000,266.000000,38.000000,33.000000,2784.000000,769.000000,1633.000000,233.000000,205.000000,15.000000,8.000000,18.000000,3.000000,5.000000,0.000000,6.000000,12.000000,2.000000,4.000000,0.000000,7.000000,15.000000,2.000000,5.000000,8097.000000,2266.000000,4820.000000,695.000000,601.000000,3.000000,
0.041572,0.014325,0.309838,0.006845,0.625306,-206941.811605,2.986559,2195607.000000,1874874.000000,3722527.000000,334752.000000,1282372.000000,1952.000000,539.000000,1146.000000,164.000000,144.000000,453.000000,125.000000,266.000000,38.000000,33.000000,2784.000000,769.000000,1633.000000,233.000000,205.000000,15.000000,8.000000,18.000000,3.000000,5.000000,0.000000,6.000000,12.000000,2.000000,4.000000,0.000000,7.000000,15.000000,2.000000,5.000000,8097.000000,2266.000000,4820.000000,695.000000,601.000000,3.000000,
0.041572,0.014325,0.309838,0.006845,0.625306,-206941.811605,2.986559,2195607.000000,1874874.000000,3722527.000000,334752.000000,1282372.000000,1952.000000,539.000000,1146.000000,164.000000,144.000000,453.000000,125.000000,266.000000,38.000000,33.000000,2784.000000,769.000000,1633.000000,233.000000,205.000000,15.000000,8.000000,18.000000,3.000000,5.000000,0.000000,6.000000,12.000000,2.000000,4.000000,0.000000,7.000000,15.000000,2.000000,5.000000,8097.000000,2266.000000,4820.000000,695.000000,601.000000,3.000000,
0.041572,0.014325,0.309838,0.006845,0.625306,-206941.811605,2.986559,2195607.000000,1874874.000000,3722527.000000,334752.000000,1282372.000000,1952.000000,539.000000,1146.000000,164.000000,144.000000,453.000000,125.000000,266.000000,38.000000,33.000000,2784.000000,769.000000,1633.000000,233.000000,205.000000,15.000000,8.000000,18.000000,3.000000,5.000000,0.000000,6.000000,12.000000,2.000000,4.000000,0.000000,7.000000,15.000000,2.000000,5.000000,8097.000000,2266.000000,4820.000000,695.000000,601.000000,3.000000,
0.041572,0.014325,0.309838,0.006845,0.625306,-206941.811605,2.986559,2195607.000000,1874874.000000,3722527.000000,334752.000000,1282372.000000,1952.000000,539.000000,1146.000000,164.000000,144.000000,453.000000,125.000000,266.000000,38.000000,33.000000,2784.000000,769.000000,1633.000000,233.000000,205.000000,15.000000,8.000000,18.000000,3.000000,5.000000,0.000000,6.000000,12.000000,2.000000,4.000000,0.000000,7.000000,15.000000,2.000000,5.000000,8097.000000,2266.000000,4820.000000,695.000000,601.000000,3.000000,
0.041241,0.018060,0.326242,0.007945,0.620769,-207746.500101,2.993329,2195607.000000,1874874.000000,3722527.000000,334752.000000,1282372.000000,1952.000000,539.000000,1146.000000,164.000000,144.000000,453.000000,125.000000,266.000000,38.000000,33.000000,2784.000000,769.000000,1633.000000,233.000000,205.000000,15.000000,8.000000,18.000000,3.000000,5.000000,0.000000,6.000000,12.000000,2.000000,4.000000,0.000000,7.000000,15.000000,2.000000,5.000000,8097.000000,2266.000000,4820.000000,695.000000,601.000000,3.000000,
0.041241,0.018060,0.326242,0.007945,0.620769,-207746.500101,2.993329,2195607.000000,1874874.000000,3722527.000000,334752.000000,1282372.000000,1952.000000,539.000000,1146.000000,164.000000,144.000000,453.000000,125.000000,266.000000,38.000000,33.000000,2784.000000,769.000000,1633.000000,233.000000,205.000000,15.000000,8.000000,18.000000,3.000000,5.000000,0.000000,6.000000,12.000000,2.000000,4.000000,0.000000,7.000000,15.000000,2.000000,5.000000,8097.000000,2266.000000,4820.000000,695.000000,601.000000,3.000000,
0.041241,0.018060,0.326242,0.007945,0.620769,-207746.500101,2.993329,2195607.000000,1874874.000000,3722527.000000,334752.000000,1282372.000000,1952.000000,539.000000,1146.000000,164.000000,144.000000,453.000000,125.000000,266.000000,38.000000,33.000000,2784.000000,769.000000,1633.000000,233.000000,205.000000,15.000000,8.000000,18.000000,3.000000,5.000000,0.000000,6.000000,12.000000,2.000000,4.000000,0.000000,7.000000,15.000000,2.000000,5.000000,8097.000000,2266.000000,4820.000000,695.000000,601.000000,3.000000,
0.041162,0.013863,0.331392,0.009164,0.601367,-208002.666208,2.997200,2195607.000000,1874874.000000,3722527.000000,334752.000000,1282372.000000,1952.000000,539.000000,1146.000000,164.000000,144.000000,453.000000,125.000000,266.000000,38.000000,33.000000,2784.000000,769.000000,1633.000000,233.000000,205.000000,15.000000,8.000000,18.000000,3.000000,5.000000,0.000000,6.000000,12.000000,2.000000,4.000000,0.000000,7.000000,15.000000,2.000000,5.000000,8097.000000,2266.000000,4820.000000,695.000000,601.000000,3.000000,
0.041162,0.013863,0.331392,0.009164,0.601367,-208002.666208,2.997200,2195607.000000,1874874.000000,3722527.000000,334752.000000,1282372.000000,1952.000000,539.000000,1146.000000,164.000000,144.000000,453.000000,125.000000,266.000000,38.000000,33.000000,2784.000000,769.000000,1633.000000,233.000000,205.000000,15.000000,8.000000,18.000000,3.000000,5.000000,0.000000,6.000000,12.000000,2.000000,4.000000,0.000000,7.000000,15.000000,2.000000,5.000000,8097.000000,2266.000000,4820.000000,695.000000,601.000000,3.000000,
0.041162,0.013863,0.331392,0.009164,0.601367,-208002.666208,2.997200,2195607.000000,1874874.000000,3722527.000000,334752.000000,1282372.000000,1952.000000,539.000000,1146.000000,164.000000,144.000000,453.000000,125.000000,266.000000,38.000000,33.000000,2784.000000,769.000000,1633.000000,233.000000,205.000000,15.000000,8.000000,18.000000,3.000000,5.000000,0.000000,6.000000,12.000000,2.000000,4.000000,0.000000,7.000000,15.000000,2.000000,5.000000,8097.000000,2266.000000,4820.000000,695.000000,601.000000,3.000000,
0.041162,0.013863,0.331392,0.009164,0.601367,-208002.666208,2.997200,2195607.000000,1874874.000000,3722527.000000,334752.000000,1282372.000000,1952.000000,539.000000,1146.000000,164.000000,144.000000,453.000000,125.000000,266.000000,38.000000,33.000000,2784.000000,769.000000,1633.000000,233.000000,205.000000,15.000000,8.000000,18.000000,3.000000,5.000000,0.000000,6.000000,12.000000,2.000000,4.000000,0.000000,7.000000,15.000000,2.000000,5.000000,8097.000000,2266.000000,4820.000000,695.000000,601.000000,3.000000,
0.041162,0.013863,0.331392,0.009164,0.601367,-208002.666208,2.997200,2195607.000000,1874874.000000,3722527.000000,334752.000000,1282372.000000,1952.000000,539.000000,1146.000000,164.000000,144.000000,453.000000,125.000000,266.000000,38.000000,33.000000,2784.000000,769.000000,1633.000000,233.000000,205.000000,15.000000,8.000000,18.000000,3.000000,5.000000,0.000000,6.000000,12.000000,2.000000,4.000000,0.000000,7.000000,15.000000,2.000000,5.000000,8097.000000,2266.000000,4820.000000,695.000000,601.000000,3.000000,
0.041162,0.013863,0.331392,0.009164,0.601367,-208002.666208,2.997200,2195607.000000,1874874.000000,3722527.000000,334752.000000,1282372.000000,1952.000000,539.000000,1146.000000,164.000000,144.000000,453.000000,125.000000,266.000000,38.000000,33.000000,2784.000000,769.000000,1633.000000,233.000000,205.000000,15.000000,8.000000,18.000000,3.000000,5.000000,0.000000,6.000000,12.000000,2.000000,4.000000,0.000000,7.000000,15.000000,2.000000,5.000000,8097.000000,2266.000000,4820.000000,695.000000,601.000000,3.000000,
0.041162,0.013863,0.331392,0.009164,0.601367,-208002.666208,2.997200,2195607.000000,1874874.000000,3722527.000000,334752.000000,1282372.000000,1952.000000,539.000000,1146.000000,164.000000,144.000000,453.000000,125.000000,266.000000,38.000000,33.000000,2784.000000,769.000000,1633.000000,233.000000,205.000000,15.000000,8.000000,18.000000,3.000000,5.000000,0.000000,6.000000,12.000000,2.000000,4.000000,0.000000,7.000000,15.000000,2.000000,5.000000,8097.000000,2266.000000,4820.000000,695.000000,601.000000,3.000000,
0.041162,0.013863,0.331392,0.009164,0.601367,-208002.666208,2.997200,2195607.000000,1874874.000000,3722527.000000,334752.000000,1282372.000000,1952.000000,539.000000,1146.000000,164.000000,144.000000,453.000000,125.000000,266.000000,38.000000,33.000000,2784.000000,769.000000,1633.000000,233.000000,205.000000,15.000000,8.000000,18.000000,3.000000,5.000000,0.000000,6.000000,12.000000,2.000000,4.000000,0.000000,7.000000,15.000000,2.000000,5.000000,8097.000000,2266.000000,4820.000000,695.000000,601.000000,3.000000,
0.041162,0.013863,0.331392,0.009164,0.601367,-208002.666208,2.997200,2195607.000000,1874874.000000,3722527.000000,334752.000000,1282372.000000,1952.000000,539.000000,1146.000000,164.000000,144.000000,453.000000,125.000000,266.000000,38.000000,33.000000,2784.000000,769.000000,1633.000000,233.000000,205.000000,15.000000,8.000000,18.000000,3.000000,5.000000,0.000000,6.000000,12.000000,2.000000,4.000000,0.000000,7.000000,15.000000,2.000000,5.000000,8097.000000,2266.000000,4820.000000,695.000000,601.000000,3.000000,
0.041162,0.013863,0.331392,0.009164,0.601367,-208002.666208,2.997200,2195607.000000,1874874.000000,3722527.000000,334752.000000,1282372.000000,1952.000000,539.000000,1146.000000,164.000000,144.000000,453.000000,125.000000,266.000000,38.000000,33.000000,2784.000000,769.000000,1633.000000,233.000000,205.000000,15.000000,8.000000,18.000000,3.000000,5.000000,0.000000,6.000000,12.000000,2.000000,4.000000,0.000000,7.000000,15.000000,2.000000,5.000000,8097.000000,2266.000000,4820.000000,695.000000,601.000000,3.000000,
0.040103,0.120650,0.378751,0.007995,0.471343,-210438.412588,3.005743,2195607.000000,1874874.000000,3722527.000000,334752.000000,1282372.000000,1952.000000,539.000000,1146.000000,164.000000,144.000000,453.000000,125.000000,266.000000,38.000000,33.000000,2784.000000,769.000000,1633.000000,233.000000,205.000000,15.000000,8.000000,18.000000,3.000000,5.000000,0.000000,6.000000,12.000000,2.000000,4.000000,0.000000,7.000000,15.000000,2.000000,5.000000,8097.000000,2266.000000,4820.000000,695.000000,601.000000,3.000000,
0.040103,0.120650,0.378751,0.007995,0.471343,-210438.412588,3.005743,2195607.000000,1874874.000000,3722527.000000,334752.000000,1282372.000000,1952.000000,539.000000,1146.000000,164.000000,144.000000,453.000000,125.000000,266.000000,38.000000,33.000000,2784.000000,769.000000,1633.000000,233.000000,205.000000,15.000000,8.000000,18.000000,3.000000,5.000000,0.000000,6.000000,12.000000,2.000000,4.000000,0.000000,7.000000,15.000000,2.000000,5.000000,8097.000000,2266.000000,4820.000000,695.000000,601.000000,3.000000,
0.040103,0.120650,0.378751,0.007995,0.471343,-210438.412588,3.005743,2195607.000000,1874874.000000,3722527.000000,334752.000000,1282372.000000,1952.000000,539.000000,1146.000000,164.000000,144.000000,453.000000,125.000000,266.000000,38.000000,33.000000,2784.000000,769.000000,1633.000000,233.000000,205.000000,15.000000,8.000000,18.000000,3.000000,5.000000,0.000000,6.000000,12.000000,2.000000,4.000000,0.000000,7.000000,15.000000,2.000000,5.000000,8097.000000,2266.000000,4820.000000,695.000000,601.000000,3.000000,
0.040103,0.120650,0.378751,0.007995,0.471343,-210438.412588,3.005743,2195607.000000,1874874.000000,3722527.000000,334752.000000,1282372.000000,1952.000000,539.000000,1146.000000,164.000000,144.000000,453.000000,125.000000,266.000000,38.000000,33.000000,2784.000000,769.000000,1633.000000,233.000000,205.000000,15.000000,8.000000,18.000000,3.000000,5.000000,0.000000,6.000000,12.000000,2.000000,4.000000,0.000000,7.000000,15.000000,2.000000,5.000000,8097.000000,2266.000000,4820.000000,695.000000,601.000000,3.000000,
0.039985,0.150460,0.386625,0.005758,0.514603,-210857.962030,3.011160,2195607.000000,1874874.000000,3722527.000000,334752.000000,1282372.000000,1952.000000,539.000000,1146.000000,164.000000,144.000000,453.000000,125.000000,266.000000,38.000000,33.000000,2784.000000,769.000000,1633.000000,233.000000,205.000000,15.000000,8.000000,18.000000,3.000000,5.000000,0.000000,6.000000,12.000000,2.000000,4.000000,0.000000,7.000000,15.000000,2.000000,5.000000,8097.000000,2266.000000,4820.000000,695.000000,601.000000,3.000000,
0.039985,0.150460,0.386625,0.005758,0.514603,-210857.962030,3.011160,2195607.000000,1874874.000000,3722527.000000,334752.000000,1282372.000000,1952.000000,539.000000,1146.000000,164.000000,144.000000,453.000000,125.000000,266.000000,38.000000,33.000000,2784.000000,769.000000,1633.000000,233.000000,205.000000,15.000000,8.000000,18.000000,3.000000,5.000000,0.000000,6.000000,12.000000,2.000000,4.000000,0.000000,7.000000,15.000000,2.000000,5.000000,8097.000000,2266.000000,4820.000000,695.000000,601.000000,3.000000,
0.039985,0.150460,0.386625,0.005758,0.514603,-210857.962030,3.011160,2195607.000000,1874874.000000,3722527.000000,334752.000000,1282372.000000,1952.000000,539.000000,1146.000000,164.000000,144.000000,453.000000,125.000000,266.000000,38.000000,33.000000,2784.000000,769.000000,1633.000000,233.000000,205.000000,15.000000,8.000000,18.000000,3.000000,5.000000,0.000000,6.000000,12.000000,2.000000,4.000000,0.000000,7.000000,15.000000,2.000000,5.000000,8097.000000,2266.000000,4820.000000,695.000000,601.000000,3.000000,
0.040105,0.099810,0.376816,0.007266,0.502047,-210335.913045,3.002387,2195607.000000,1874874.000000,3722527.000000,334752.000000,1282372.000000,1952.000000,539.000000,1146.000000,164.000000,144.000000,453.000000,125.000000,266.000000,38.000000,33.000000,2784.000000,769.000000,1633.000000,233.000000,205.000000,15.000000,8.000000,18.000000,3.000000,5.000000,0.000000,6.000000,12.000000,2.000000,4.000000,0.000000,7.000000,15.000000,2.000000,5.000000,8097.000000,2266.000000,4820.000000,695.000000,601.000000,3.000000,
0.040105,0.099810,0.376816,0.007266,0.502047,-210335.913045,3.002387,2195607.000000,1874874.000000,3722527.000000,334752.000000,1282372.000000,1952.000000,539.000000,1146.000000,164.000000,144.000000,453.000000,125.000000,266.000000,38.000000,33.000000,2784.000000,769.000000,1633.000000,233.000000,205.000000,15.000000,8.000000,18.000000,3.000000,5.000000,0.000000,6.000000,12.000000,2.000000,4.000000,0.000000,7.000000,15.000000,2.000000,5.000000,8097.000000,2266.000000,4820.000000,695.000000,601.000000,3.000000,
0.040105,0.099810,0.376816,0.007266,0.502047,-210335.913045,3.002387,2195607.000000,1874874.000000,3722527.000000,334752.000000,1282372.000000,1952.000000,539.000000,1146.000000,164.000000,144.000000,453.000000,125.000000,266.000000,38.000000,33.000000,2784.000000,769.000000,1633.000000,233.000000,205.000000,15.000000,8.000000,18.000000,3.000000,5.000000,0.000000,6.000000,12.000000,2.000000,4.000000,0.000000,7.000000,15.000000,2.000000,5.000000,8097.000000,2266.000000,4820.000000,695.000000,601.000000,3.000000,
0.040105,0.099810,0.376816,0.007266,0.502047,-210335.913045,3.002387,2195607.000000,1874874.000000,3722527.000000,334752.000000,1282372.000000,1952.000000,539.000000,1146.000000,164.000000,144.000000,453.000000,125.000000,266.000000,38.000000,33.000000,2784.000000,769.000000,1633.000000,233.000000,205.000000,15.000000,8.000000,18.000000,3.000000,5.000000,0.000000,6.000000,12.000000,2.000000,4.000000,0.000000,7.000000,15.000000,2.000000,5.000000,8097.000000,2266.000000,4820.000000,695.000000,601.000000,3.000000,
0.040105,0.099810,0.376816,0.007266,0.502047,-210335.913045,3.002387,2195607.000000,1874874.000000,3722527.000000,334752.000000,1282372.000000,1952.000000,539.000000,1146.000000,164.000000,144.000000,453.000000,125.000000,266.000000,38.000000,33.000000,2784.000000,769.000000,1633.000000,233.000000,205.000000,15.000000,8.000000,18.000000,3.000000,5.000000,0.000000,6.000000,12.000000,2.000000,4.000000,0.000000,7.000000,15.000000,2.000000,5.000000,8097.000000,2266.000000,4820.000000,695.000000,601.000000,3.000000,
0.040105,0.099810,0.376816,0.007266,0.502047,-210335.913045,3.002387,2195607.000000,1874874.000000,3722527.000000,334752.000000,1282372.000000,1952.000000,539.000000,1146.000000,164.000000,144.000000,453.000000,125.000000,266.000000,38.000000,33.000000,2784.000000,769.000000,1633.000000,233.000000,205.000000,15.000000,8.000000,18.000000,3.000000,5.000000,0.000000,6.000000,12.000000,2.000000,4.000000,0.000000,7.000000,15.000000,2.000000,5.000000,8097.000000,2266.000000,4820.000000,695.000000,601.000000,3.000000,
0.040105,0.099810,0.376816,0.007266,0.502047,-210335.913045,3.002387,2195607.000000,1874874.000000,3722527.000000,334752.000000,1282372.000000,1952.000000,539.000000,1146.000000,164.000000,144.000000,453.000000,125.000000,266.000000,38.000000,33.000000,2784.000000,769.000000,1633.000000,233.000000,205.000000,15.000000,8.000000,18.000000,3.000000,5.000000,0.000000,6.000000,12.000000,2.000000,4.000000,0.000000,7.000000,15.000000,2.000000,5.000000,8097.000000,2266.000000,4820.000000,695.000000,601.000000,3.000000,
0.040105,0.099810,0.376816,0.007266,0.502047,-210335.913045,3.002387,2195607.000000,1874874.000000,3722527.000000,334752.000000,1282372.000000,1952.000000,539.000000,1146.000000,164.000000,144.000000,453.000000,125.000000,266.000000,38.000000,33.000000,2784.000000,769.000000,1633.000000,233.000000,205.000000,15.000000,8.000000,18.000000,3.000000,5.000000,0.000000,6.000000,12.000000,2.000000,4.000000,0.000000,7.000000,15.000000,2.000000,5.000000,8097.000000,2266.000000,4820.000000,695.000000,601.000000,3.000000,
0.040105,0.099810,0.376816,0.007266,0.502047,-210335.913045,3.002387,2195607.000000,1874874.000000,3722527.000000,334752.000000,1282372.000000,1952.000000,539.000000,1146.000000,164.000000,144.000000,453.000000,125.000000,266.000000,38.000000,33.000000,2784.000000,769.000000,1633.000000,233.000000,205.000000,15.000000,8.000000,18.000000,3.000000,5.000000,0.000000,6.000000,12.000000,2.000000,4.000000,0.000000,7.000000,15.000000,2.000000,5.000000,8097.000000,2266.000000,4820.000000,695.000000,601.000000,3.000000,
0.040105,0.099810,0.376816,0.007266,0.502047,-210335.913045,3.002387,2195607.000000,1874874.000000,3722527.000000,334752.000000,1282372.000000,1952.000000,539.000000,1146.000000,164.000000,144.000000,453.000000,125.000000,266.000000,38.000000,33.000000,2784.000000,769.000000,1633.000000,233.000000,205.000000,15.000000,8.000000,18.000000,3.000000,5.000000,0.000000,6.000000,12.000000,2.000000,4.000000,0.000000,7.000000,15.000000,2.000000,5.000000,8097.000000,2266.000000,4820.000000,695.000000,601.000000,3.000000,
0.040105,0.099810,0.376816,0.007266,0.502047,-210335.913045,3.002387,2195607.000000,1874874.000000,3722527.000000,334752.000000,1282372.000000,1952.000000,539.000000,1146.000000,164.000000,144.000000,453.000000,125.000000,266.000000,38.000000,33.000000,2784.000000,769.000000,1633.000000,233.000000,205.000000,15.000000,8.000000,18.000000,3.000000,5.000000,0.000000,6.000000,12.000000,2.000000,4.000000,0.000000,7.000000,15.000000,2.000000,5.000000,8097.000000,2266.000000,4820.000000,695.000000,601.000000,3.000000,
0.040105,0.099810,0.376816,0.007266,0.502047,-210335.913045,3.002387,2195607.000000,1874874.000000,3722527.000000,334752.000000,1282372.000000,1952.000000,539.000000,1146.000000,164.000000,144.000000,453.000000,125.000000,266.000000,38.000000,33.000000,2784.000000,769.000000,1633.000000,233.000000,205.000000,15.000000,8.000000,18.000000,3.000000,5.000000,0.000000,6.000000,12.000000,2.000000,4.000000,0.000000,7.000000,15.000000,2.000000,5.000000,8097.000000,2266.000000,4820.000000,695.000000,601.000000,3.000000,
0.040105,0.099810,0.376816,0.007266,0.502047,-210335.913045,3.002387,2195607.000000,1874874.000000,3722527.000000,334752.000000,1282372.000000,1952.000000,539.000000,1146.000000,164.000000,144.000000,453.000000,125.000000,266.000000,38.000000,33.000000,2784.000000,769.000000,1633.000000,233.000000,205.000000,15.000000,8.000000,18.000000,3.000000,5.000000,0.000000,6.000000,12.000000,2.000000,4.000000,0.000000,7.000000,15.000000,2.000000,5.000000,8097.000000,2266.000000,4820.000000,695.000000,601.000000,3.000000,
0.040105,0.099810,0.376816,0.007266,0.502047,-210335.913045,3.002387,2195607.000000,1874874.000000,3722527.000000,334752.000000,1282372.000000,1952.000000,539.000000,1146.000000,164.000000,144.000000,453.000000,125.000000,266.000000,38.000000,33.000000,2784.000000,769.000000,1633.000000,233.000000,205.000000,15.000000,8.000000,18.000000,3.000000,5.000000,0.000000,6.000000,12.000000,2.000000,4.000000,0.000000,7.000000,15.000000,2.000000,5.000000,8097.000000,2266.000000,4820.000000,695.000000,601.000000,3.000000,
0.040200,0.081440,0.369209,0.006684,0.557996,-209935.534066,2.995762,2195607.000000,1874874.000000,3722527.000000,334752.000000,1282372.000000,1952.000000,539.000000,1146.000000,164.000000,144.000000,453.000000,125.000000,266.000000,38.000000,33.000000,2784.000000,769.000000,1633.000000,233.000000,205.000000,15.000000,8.000000,18.000000,3.000000,5.000000,0.000000,6.000000,12.000000,2.000000,4.000000,0.000000,7.000000,15.000000,2.000000,5.000000,8097.000000,2266.000000,4820.000000,695.000000,601.000000,3.000000,
0.040200,0.081440,0.369209,0.006684,0.557996,-209935.534066,2.995762,2195607.000000,1874874.000000,3722527.000000,334752.000000,1282372.000000,1952.000000,539.000000,1146.000000,164.000000,144.000000,453.000000,125.000000,266.000000,38.000000,33.000000,2784.000000,769.000000,1633.000000,233.000000,205.000000,15.000000,8.000000,18.000000,3.000000,5.000000,0.000000,6.000000,12.000000,2.000000,4.000000,0.000000,7.000000,15.000000,2.000000,5.000000,8097.000000,2266.000000,4820.000000,695.000000,601.000000,3.000000,
0.040200,0.081440,0.369209,0.006684,0.557996,-209935.534066,2.995762,2195607.000000,1874874.000000,3722527.000000,334752.000000,1282372.000000,1952.000000,539.000000,1146.000000,164.000000,144.000000,453.000000,125.000000,266.000000,38.000000,33.000000,2784.000000,769.000000,1633.000000,233.000000,205.000000,15.000000,8.000000,18.000000,3.000000,5.000000,0.000000,6.000000,12.000000,2.000000,4.000000,0.000000,7.000000,15.000000,2.000000,5.000000,8097.000000,2266.000000,4820.000000,695.000000,601.000000,3.000000,
0.040200,0.081440,0.369209,0.006684,0.557996,-209935.534066,2.995762,2195607.000000,1874874.000000,3722527.000000,334752.000000,1282372.000000,1952.000000,539.000000,1146.000000,164.000000,144.000000,453.000000,125.000000,266.000000,38.000000,33.000000,2784.000000,769.000000,1633.000000,233.000000,205.000000,15.000000,8.000000,18.000000,3.000000,5.000000,0.000000,6.000000,12.000000,2.000000,4.000000,0.000000,7.000000,15.000000,2.000000,5.000000,8097.000000,2266.000000,4820.000000,695.000000,601.000000,3.000000,
0.040200,0.081440,0.369209,0.006684,0.557996,-209935.534066,2.995762,2195607.000000,1874874.000000,3722527.000000,334752.000000,1282372.000000,1952.000000,539.000000,1146.000000,164.000000,144.000000,453.000000,125.000000,266.000000,38.000000,33.000000,2784.000000,769.000000,1633.000000,233.000000,205.000000,15.000000,8.000000,18.000000,3.000000,5.000000,0.000000,6.000000,12.000000,2.000000,4.000000,0.000000,7.000000,15.000000,2.000000,5.000000,8097.000000,2266.000000,4820.000000,695.000000,601.000000,3.000000,
0.040200,0.081440,0.369209,0.006684,0.557996,-209935.534066,2.995762,2195607.000000,1874874.000000,3722527.000000,334752.000000,1282372.000000,1952.000000,539.000000,1146.000000,164.000000,144.000000,453.000000,125.000000,266.000000,38.000000,33.000000,2784.000000,769.000000,1633.000000,233.000000,205.000000,15.000000,8.000000,18.000000,3.000000,5.000000,0.000000,6.000000,12.000000,2.000000,4.000000,0.000000,7.000000,15.000000,2.000000,5.000000,8097.000000,2266.000000,4820.000000,695.000000,601.000000,3.000000,
0.040200,0.081440,0.369209,0.006684,0.557996,-209935.534066,2.995762,2195607.000000,1874874.000000,3722527.000000,334752.000000,1282372.000000,1952.000000,539.000000,1146.000000,164.000000,144.000000,453.000000,125.000000,266.000000,38.000000,33.000000,2784.000000,769.000000,1633.000000,233.000000,205.000000,15.000000,8.000000,18.000000,3.000000,5.000000,0.000000,6.000000,12.000000,2.000000,4.000000,0.000000,7.000000,15.000000,2.000000,5.000000,8097.000000,2266.000000,4820.000000,695.000000,601.000000,3.000000,
0.040200,0.081440,0.369209,0.006684,0.557996,-209935.534066,2.995762,2195607.000000,1874874.000000,3722527.000000,334752.000000,1282372.000000,1952.000000,539.000000,1146.000000,164.000000,144.000000,453.000000,125.000000,266.000000,38.000000,33.000000,2784.000000,769.000000,1633.000000,233.000000,205.000000,15.000000,8.000000,18.000000,3.000000,5.000000,0.000000,6.000000,12.000000,2.000000,4.000000,0.000000,7.000000,15.000000,2.000000,5.000000,8097.000000,2266.000000,4820.000000,695.000000,601.000000,3.000000,
0.040200,0.081440,0.369209,0.006684,0.557996,-209935.534066,2.995762,2195607.000000,1874874.000000,3722527.000000,334752.000000,1282372.000000,1952.000000,539.000000,1146.000000,164.000000,144.000000,453.000000,125.000000,266.000000,38.000000,33.000000,2784.000000,769.000000,1633.000000,233.000000,205.000000,15.000000,8.000000,18.000000,3.000000,5.000000,0.000000,6.000000,12.000000,2.000000,4.000000,0.000000,7.000000,15.000000,2.000000,5.000000,8097.000000,2266.000000,4820.000000,695.000000,601.000000,3.000000,
0.040262,0.087118,0.364468,0.008019,0.522285,-209687.957069,2.991748,2195607.000000,1874874.000000,3722527.000000,334752.000000,1282372.000000,1952.000000,539.000000,1146.000000,164.000000,144.000000,453.000000,125.000000,266.000000,38.000000,33.000000,2784.000000,769.000000,1633.000000,233.000000,205.000000,15.000000,8.000000,18.000000,3.000000,5.000000,0.000000,6.000000,12.000000,2.000000,4.000000,0.000000,7.000000,15.000000,2.000000,5.000000,8097.000000,2266.000000,4820.000000,695.000000,601.000000,3.000000,
0.040262,0.087118,0.364468,0.008019,0.522285,-209687.957069,2.991748,2195607.000000,1874874.000000,3722527.000000,334752.000000,1282372.000000,1952.000000,539.000000,1146.000000,164.000000,144.000000,453.000000,125.000000,266.000000,38.000000,33.000000,2784.000000,769.000000,1633.000000,233.000000,205.000000,15.000000,8.000000,18.000000,3.000000,5.000000,0.000000,6.000000,12.000000,2.000000,4.000000,0.000000,7.000000,15.000000,2.000000,5.000000,8097.000000,2266.000000,4820.000000,695.000000,601.000000,3.000000,
0.040262,0.087118,0.364468,0.008019,0.522285,-209687.957069,2.991748,2195607.000000,1874874.000000,3722527.000000,334752.000000,1282372.000000,1952.000000,539.000000,1146.000000,164.000000,144.000000,453.000000,125.000000,266.000000,38.000000,33.000000,2784.000000,769.000000,1633.000000,233.000000,205.000000,15.000000,8.000000,18.000000,3.000000,5.000000,0.000000,6.000000,12.000000,2.000000,4.000000,0.000000,7.000000,15.000000,2.000000,5.000000,8097.000000,2266.000000,4820.000000,695.000000,601.000000,3.000000,
0.040195,0.098681,0.368976,0.009680,0.536364,-209923.301485,2.994908,2195607.000000,1874874.000000,3722527.000000,334752.000000,1282372.000000,1952.000000,539.000000,1146.000000,164.000000,144.000000,453.000000,125.000000,266.000000,38.000000,33.000000,2784.000000,769.000000,1633.000000,233.000000,205.000000,15.000000,8.000000,18.000000,3.000000,5.000000,0.000000,6.000000,12.000000,2.000000,4.000000,0.000000,7.000000,15.000000,2.000000,5.000000,8097.000000,2266.000000,4820.000000,695.000000,601.000000,3.000000,
0.040195,0.098681,0.368976,0.009680,0.536364,-209923.301485,2.994908,2195607.000000,1874874.000000,3722527.000000,334752.000000,1282372.000000,1952.000000,539.000000,1146.000000,164.000000,144.000000,453.000000,125.000000,266.000000,38.000000,33.000000,2784.000000,769.000000,1633.000000,233.000000,205.000000,15.000000,8.000000,18.000000,3.000000,5.000000,0.000000,6.000000,12.000000,2.000000,4.000000,0.000000,7.000000,15.000000,2.000000,5.000000,8097.000000,2266.000000,4820.000000,695.000000,601.000000,3.000000,
0.040195,0.098681,0.368976,0.009680,0.536364,-209923.301485,2.994908,2195607.000000,1874874.000000,3722527.000000,334752.000000,1282372.000000,1952.000000,539.000000,1146.000000,164.000000,144.000000,453.000000,125.000000,266.000000,38.000000,33.000000,2784.000000,769.000000,1633.000000,233.000000,205.000000,15.000000,8.000000,18.000000,3.000000,5.000000,0.000000,6.000000,12.000000,2.000000,4.000000,0.000000,7.000000,15.000000,2.000000,5.000000,8097.000000,2266.000000,4820.000000,695.000000,601.000000,3.000000,
0.040089,0.032073,0.378640,0.009952,0.496426,-210432.503594,3.004501,2195607.000000,1874874.000000,3722527.000000,334752.000000,1282372.000000,1952.000000,539.000000,1146.000000,164.000000,144.000000,453.000000,125.000000,266.000000,38.000000,33.000000,2784.000000,769.000000,1633.000000,233.000000,205.000000,15.000000,8.000000,18.000000,3.000000,5.000000,0.000000,6.000000,12.000000,2.000000,4.000000,0.000000,7.000000,15.000000,2.000000,5.000000,8097.000000,2266.000000,4820.000000,695.000000,601.000000,3.000000,
0.040138,0.036023,0.376129,0.009935,0.505679,-210299.622999,3.003614,2195607.000000,1874874.000000,3722527.000000,334752.000000,1282372.000000,1952.000000,539.000000,1146.000000,164.000000,144.000000,453.000000,125.000000,266.000000,38.000000,33.000000,2784.000000,769.000000,1633.000000,233.000000,205.000000,15.000000,8.000000,18.000000,3.000000,5.000000,0.000000,6.000000,12.000000,2.000000,4.000000,0.000000,7.000000,15.000000,2.000000,5.000000,8097.000000,2266.000000,4820.000000,695.000000,601.000000,3.000000,
0.040138,0.036023,0.376129,0.009935,0.505679,-210299.622999,3.003614,2195607.000000,1874874.000000,3722527.000000,334752.000000,1282372.000000,1952.000000,539.000000,1146.000000,164.000000,144.000000,453.000000,125.000000,266.000000,38.000000,33.000000,2784.000000,769.000000,1633.000000,233.000000,205.000000,15.000000,8.000000,18.000000,3.000000,5.000000,0.000000,6.000000,12.000000,2.000000,4.000000,0.000000,7.000000,15.000000,2.000000,5.000000,8097.000000,2266.000000,4820.000000,695.000000,601.000000,3.000000,
0.040138,0.036023,0.376129,0.009935,0.505679,-210299.622999,3.003614,2195607.000000,1874874.000000,3722527.000000,334752.000000,1282372.000000,1952.000000,539.000000,1146.000000,164.000000,144.000000,453.000000,125.000000,266.000000,38.000000,33.000000,2784.000000,769.000000,1633.000000,233.000000,205.000000,15.000000,8.000000,18.000000,3.000000,5.000000,0.000000,6.000000,12.000000,2.000000,4.000000,0.000000,7.000000,15.000000,2.000000,5.000000,8097.000000,2266.000000,4820.000000,695.000000,601.000000,3.000000,
0.040138,0.036023,0.376129,0.009935,0.505679,-210299.622999,3.003614,2195607.000000,1874874.000000,3722527.000000,334752.000000,1282372.000000,1952.000000,539.000000,1146.000000,164.000000,144.000000,453.000000,125.000000,266.000000,38.000000,33.000000,2784.000000,769.000000,1633.000000,233.000000,205.000000,15.000000,8.000000,18.000000,3.000000,5.000000,0.000000,6.000000,12.000000,2.000000,4.000000,0.000000,7.000000,15.000000,2.000000,5.000000,8097.000000,2266.000000,4820.000000,695.000000,601.000000,3.000000,
0.040138,0.036023,0.376129,0.009935,0.505679,-210299.622999,3.003614,2195607.000000,1874874.000000,3722527.000000,334752.000000,1282372.000000,1952.000000,539.000000,1146.000000,164.000000,144.000000,453.000000,125.000000,266.000000,38.000000,33.000000,2784.000000,769.000000,1633.000000,233.000000,205.000000,15.000000,8.000000,18.000000,3.000000,5.000000,0.000000,6.000000,12.000000,2.000000,4.000000,0.000000,7.000000,15.000000,2.000000,5.000000,8097.000000,2266.000000,4820.000000,695.000000,601.000000,3.000000,
0.040138,0.036023,0.376129,0.009935,0.505679,-210299.622999,3.003614,2195607.000000,1874874.000000,3722527.000000,334752.000000,1282372.000000,1952.000000,539.000000,1146.000000,164.000000,144.000000,453.000000,125.000000,266.000000,38.000000,33.000000,2784.000000,769.000000,1633.000000,233.000000,205.000000,15.000000,8.000000,18.000000,3.000000,5.000000,0.000000,6.000000,12.000000,2.000000,4.000000,0.000000,7.000000,15.000000,2.000000,5.000000,8097.000000,2266.000000,4820.000000,695.000000,601.000000,3.000000,
0.040138,0.036023,0.376129,0.009935,0.505679,-210299.622999,3.003614,2195607.000000,1874874.000000,3722527.000000,334752.000000,1282372.000000,1952.000000,539.000000,1146.000000,164.000000,144.000000,453.000000,125.000000,266.000000,38.000000,33.000000,2784.000000,769.000000,1633.000000,233.000000,205.000000,15.000000,8.000000,18.000000,3.000000,5.000000,0.000000,6.000000,12.000000,2.000000,4.000000,0.000000,7.000000,15.000000,2.000000,5.000000,8097.000000,2266.000000,4820.000000,695.000000,601.000000,3.000000,
0.040138,0.036023,0.376129,0.009935,0.505679,-210299.622999,3.003614,2195607.000000,1874874.000000,3722527.000000,334752.000000,1282372.000000,1952.000000,539.000000,1146.000000,164.000000,144.000000,453.000000,125.000000,266.000000,38.000000,33.000000,2784.000000,769.000000,1633.000000,233.000000,205.000000,15.000000,8.000000,18.000000,3.000000,5.000000,0.000000,6.000000,12.000000,2.000000,4.000000,0.000000,7.000000,15.000000,2.000000,5.000000,8097.000000,2266.000000,4820.000000,695.000000,601.000000,3.000000,
0.040138,0.036023,0.376129,0.009935,0.505679,-210299.622999,3.003614,2195607.000000,1874874.000000,3722527.000000,334752.000000,1282372.000000,1952.000000,539.000000,1146.000000,164.000000,144.000000,453.000000,125.000000,266.000000,38.000000,33.000000,2784.000000,769.000000,1633.000000,233.000000,205.000000,15.000000,8.000000,18.000000,3.000000,5.000000,0.000000,6.000000,12.000000,2.000000,4.000000,0.000000,7.000000,15.000000,2.000000,5.000000,8097.000000,2266.000000,4820.000000,695.000000,601.000000,3.000000,
0.040138,0.036023,0.376129,0.009935,0.505679,-210299.622999,3.003614,2195607.000000,1874874.000000,3722527.000000,334752.000000,1282372.000000,1952.000000,539.000000,1146.000000,164.000000,144.000000,453.000000,125.000000,266.000000,38.000000,33.000000,2784.000000,769.000000,1633.000000,233.000000,205.000000,15.000000,8.000000,18.000000,3.000000,5.000000,0.000000,6.000000,12.000000,2.000000,4.000000,0.000000,7.000000,15.000000,2.000000,5.000000,8097.000000,2266.000000,4820.000000,695.000000,601.000000,3.000000,
0.040138,0.036023,0.376129,0.009935,0.505679,-210299.622999,3.003614,2195607.000000,1874874.000000,3722527.000000,334752.000000,1282372.000000,1952.000000,539.000000,1146.000000,164.000000,144.000000,453.000000,125.000000,266.000000,38.000000,33.000000,2784.000000,769.000000,1633.000000,233.000000,205.000000,15.000000,8.000000,18.000000,3.000000,5.000000,0.000000,6.000000,12.000000,2.000000,4.000000,0.000000,7.000000,15.000000,2.000000,5.000000,8097.000000,2266.000000,4820.000000,695.000000,601.000000,3.000000,
0.040138,0.036023,0.376129,0.009935,0.505679,-210299.622999,3.003614,2195607.000000,1874874.000000,3722527.000000,334752.000000,1282372.000000,1952.000000,539.000000,1146.000000,164.000000,144.000000,453.000000,125.000000,266.000000,38.000000,33.000000,2784.000000,769.000000,1633.000000,233.000000,205.000000,15.000000,8.000000,18.000000,3.000000,5.000000,0.000000,6.000000,12.000000,2.000000,4.000000,0.000000,7.000000,15.000000,2.000000,5.000000,8097.000000,2266.000000,4820.000000,695.000000,601.000000,3.000000,
0.040138,0.036023,0.376129,0.009935,0.505679,-210299.622999,3.003614,2195607.000000,1874874.000000,3722527.000000,334752.000000,1282372.000000,1952.000000,539.000000,1146.000000,164.000000,144.000000,453.000000,125.000000,266.000000,38.000000,33.000000,2784.000000,769.000000,1633.000000,233.000000,205.000000,15.000000,8.000000,18.000000,3.000000,5.000000,0.000000,6.000000,12.000000,2.000000,4.000000,0.000000,7.000000,15.000000,2.000000,5.000000,8097.000000,2266.000000,4820.000000,695.000000,601.000000,3.000000,
0.040138,0.036023,0.376129,0.009935,0.505679,-210299.622999,3.003614,2195607.000000,1874874.000000,3722527.000000,334752.000000,1282372.000000,1952.000000,539.000000,1146.000000,164.000000,144.000000,453.000000,125.000000,266.000000,38.000000,33.000000,2784.000000,769.000000,1633.000000,233.000000,205.000000,15.000000,8.000000,18.000000,3.000000,5.000000,0.000000,6.000000,12.000000,2.000000,4.000000,0.000000,7.000000,15.000000,2.000000,5.000000,8097.000000,2266.000000,4820.000000,695.000000,601.000000,3.000000,
0.040138,0.036023,0.376129,0.009935,0.505679,-210299.622999,3.003614,2195607.000000,1874874.000000,3722527.000000,334752.000000,1282372.000000,1952.000000,539.000000,1146.000000,164.000000,144.000000,453.000000,125.000000,266.000000,38.000000,33.000000,2784.000000,769.000000,1633.000000,233.000000,205.000000,15.000000,8.000000,18.000000,3.000000,5.000000,0.000000,6.000000,12.000000,2.000000,4.000000,0.000000,7.000000,15.000000,2.000000,5.000000,8097.000000,2266.000000,4820.000000,695.000000,601.000000,3.000000,
0.040162,0.027461,0.369290,0.009313,0.517287,-209939.692869,2.993022,2195607.000000,1874874.000000,3722527.000000,334752.000000,1282372.000000,1952.000000,539.000000,1146.000000,164.000000,144.000000,453.000000,125.000000,266.000000,38.000000,33.000000,2784.000000,769.000000,1633.000000,233.000000,205.000000,15.000000,8.000000,18.000000,3.000000,5.000000,0.000000,6.000000,12.000000,2.000000,4.000000,0.000000,7.000000,15.000000,2.000000,5.000000,8097.000000,2266.000000,4820.000000,695.000000,601.000000,3.000000,
0.040162,0.027461,0.369290,0.009313,0.517287,-209939.692869,2.993022,2195607.000000,1874874.000000,3722527.000000,334752.000000,1282372.000000,1952.000000,539.000000,1146.000000,164.000000,144.000000,453.000000,125.000000,266.000000,38.000000,33.000000,2784.000000,769.000000,1633.000000,233.000000,205.000000,15.000000,8.000000,18.000000,3.000000,5.000000,0.000000,6.000000,12.000000,2.000000,4.000000,0.000000,7.000000,15.000000,2.000000,5.000000,8097.000000,2266.000000,4820.000000,695.000000,601.000000,3.000000,
0.040162,0.027461,0.369290,0.009313,0.517287,-209939.692869,2.993022,2195607.000000,1874874.000000,3722527.000000,334752.000000,1282372.000000,1952.000000,539.000000,1146.000000,164.000000,144.000000,453.000000,125.000000,266.000000,38.000000,33.000000,2784.000000,769.000000,1633.000000,233.000000,205.000000,15.000000,8.000000,18.000000,3.000000,5.000000,0.000000,6.000000,12.000000,2.000000,4.000000,0.000000,7.000000,15.000000,2.000000,5.000000,8097.000000,2266.000000,4820.000000,695.000000,601.000000,3.000000,
0.040162,0.027461,0.369290,0.009313,0.517287,-209939.692869,2.993022,2195607.000000,1874874.000000,3722527.000000,334752.000000,1282372.000000,1952.000000,539.000000,1146.000000,164.000000,144.000000,453.000000,125.000000,266.000000,38.000000,33.000000,2784.000000,769.000000,1633.000000,233.000000,205.000000,15.000000,8.000000,18.000000,3.000000,5.000000,0.000000,6.000000,12.000000,2.000000,4.000000,0.000000,7.000000,15.000000,2.000000,5.000000,8097.000000,2266.000000,4820.000000,695.000000,601.000000,3.000000,
0.040262,0.009124,0.364700,0.010227,0.550918,-209700.051907,2.992180,2195607.000000,1874874.000000,3722527.000000,334752.000000,1282372.000000,1952.000000,539.000000,1146.000000,164.000000,144.000000,453.000000,125.000000,266.000000,38.000000,33.000000,2784.000000,769.000000,1633.000000,233.000000,205.000000,15.000000,8.000000,18.000000,3.000000,5.000000,0.000000,6.000000,12.000000,2.000000,4.000000,0.000000,7.000000,15.000000,2.000000,5.000000,8097.000000,2266.000000,4820.000000,695.000000,601.000000,3.000000,
0.040262,0.009124,0.364700,0.010227,0.550918,-209700.051907,2.992180,2195607.000000,1874874.000000,3722527.000000,334752.000000,1282372.000000,1952.000000,539.000000,1146.000000,164.000000,144.000000,453.000000,125.000000,266.000000,38.000000,33.000000,2784.000000,769.000000,1633.000000,233.000000,205.000000,15.000000,8.000000,18.000000,3.000000,5.000000,0.000000,6.000000,12.000000,2.000000,4.000000,0.000000,7.000000,15.000000,2.000000,5.000000,8097.000000,2266.000000,4820.000000,695.000000,601.000000,3.000000,
0.040262,0.009124,0.364700,0.010227,0.550918,-209700.051907,2.992180,2195607.000000,1874874.000000,3722527.000000,334752.000000,1282372.000000,1952.000000,539.000000,1146.000000,164.000000,144.000000,453.000000,125.000000,266.000000,38.000000,33.000000,2784.000000,769.000000,1633.000000,233.000000,205.000000,15.000000,8.000000,18.000000,3.000000,5.000000,0.000000,6.000000,12.000000,2.000000,4.000000,0.000000,7.000000,15.000000,2.000000,5.000000,8097.000000,2266.000000,4820.000000,695.000000,601.000000,3.000000,
0.040262,0.009124,0.364700,0.010227,0.550918,-209700.051907,2.992180,2195607.000000,1874874.000000,3722527.000000,334752.000000,1282372.000000,1952.000000,539.000000,1146.000000,164.000000,144.000000,453.000000,125.000000,266.000000,38.000000,33.000000,2784.000000,769.000000,1633.000000,233.000000,205.000000,15.000000,8.000000,18.000000,3.000000,5.000000,0.000000,6.000000,12.000000,2.000000,4.000000,0.000000,7.000000,15.000000,2.000000,5.000000,8097.000000,2266.000000,4820.000000,695.000000,601.000000,3.000000,
0.040262,0.009124,0.364700,0.010227,0.550918,-209700.051907,2.992180,2195607.000000,1874874.000000,3722527.000000,334752.000000,1282372.000000,1952.000000,539.000000,1146.000000,164.000000,144.000000,453.000000,125.000000,266.000000,38.000000,33.000000,2784.000000,769.000000,1633.000000,233.000000,205.000000,15.000000,8.000000,18.000000,3.000000,5.000000,0.000000,6.000000,12.000000,2.000000,4.000000,0.000000,7.000000,15.000000,2.000000,5.000000,8097.000000,2266.000000,4820.000000,695.000000,601.000000,3.000000,
0.040262,0.009124,0.364700,0.010227,0.550918,-209700.051907,2.992180,2195607.000000,1874874.000000,3722527.000000,334752.000000,1282372.000000,1952.000000,539.000000,1146.000000,164.000000,144.000000,453.000000,125.000000,266.000000,38.000000,33.000000,2784.000000,769.000000,1633.000000,233.000000,205.000000,15.000000,8.000000,18.000000,3.000000,5.000000,0.000000,6.000000,12.000000,2.000000,4.000000,0.000000,7.000000,15.000000,2.000000,5.000000,8097.000000,2266.000000,4820.000000,695.000000,601.000000,3.000000,
0.040262,0.009124,0.364700,0.010227,0.550918,-209700.051907,2.992180,2195607.000000,1874874.000000,3722527.000000,334752.000000,1282372.000000,1952.000000,539.000000,1146.000000,164.000000,144.000000,453.000000,125.000000,266.000000,38.000000,33.000000,2784.000000,769.000000,1633.000000,233.000000,205.000000,15.000000,8.000000,18.000000,3.000000,5.000000,0.000000,6.000000,12.000000,2.000000,4.000000,0.000000,7.000000,15.000000,2.000000,5.000000,8097.000000,2266.000000,4820.000000,695.000000,601.000000,3.000000,
0.040262,0.009124,0.364700,0.010227,0.550918,-209700.051907,2.992180,2195607.000000,1874874.000000,3722527.000000,334752.000000,1282372.000000,1952.000000,539.000000,1146.000000,164.000000,144.000000,453.000000,125.000000,266.000000,38.000000,33.000000,2784.000000,769.000000,1633.000000,233.000000,205.000000,15.000000,8.000000,18.000000,3.000000,5.000000,0.000000,6.000000,12.000000,2.000000,4.000000,0.000000,7.000000,15.000000,2.000000,5.000000,8097.000000,2266.000000,4820.000000,695.000000,601.000000,3.000000,
0.040262,0.009124,0.364700,0.010227,0.550918,-209700.051907,2.992180,2195607.000000,1874874.000000,3722527.000000,334752.000000,1282372.000000,1952.000000,539.000000,1146.000000,164.000000,144.000000,453.000000,125.000000,266.000000,38.000000,33.000000,2784.000000,769.000000,1633.000000,233.000000,205.000000,15.000000,8.000000,18.000000,3.000000,5.000000,0.000000,6.000000,12.000000,2.000000,4.000000,0.000000,7.000000,15.000000,2.000000,5.000000,8097.000000,2266.000000,4820.000000,695.000000,601.000000,3.000000,
0.040262,0.009124,0.364700,0.010227,0.550918,-209700.051907,2.992180,2195607.000000,1874874.000000,3722527.000000,334752.000000,1282372.000000,1952.000000,539.000000,1146.000000,164.000000,144.000000,453.000000,125.000000,266.000000,38.000000,33.000000,2784.000000,769.000000,1633.000000,233.000000,205.000000,15.000000,8.000000,18.000000,3.000000,5.000000,0.000000,6.000000,12.000000,2.000000,4.000000,0.000000,7.000000,15.000000,2.000000,5.000000,8097.000000,2266.000000,4820.000000,695.000000,601.000000,3.000000,
0.040262,0.009124,0.364700,0.010227,0.550918,-209700.051907,2.992180,2195607.000000,1874874.000000,3722527.000000,334752.000000,1282372.000000,1952.000000,539.000000,1146.000000,164.000000,144.000000,453.000000,125.000000,266.000000,38.000000,33.000000,2784.000000,769.000000,1633.000000,233.000000,205.000000,15.000000,8.000000,18.000000,3.000000,5.000000,0.000000,6.000000,12.000000,2.000000,4.000000,0.000000,7.000000,15.000000,2.000000,5.000000,8097.000000,2266.000000,4820.000000,695.000000,601.000000,3.000000,
0.040262,0.009124,0.364700,0.010227,0.550918,-209700.051907,2.992180,2195607.000000,1874874.000000,3722527.000000,334752.000000,1282372.000000,1952.000000,539.000000,1146.000000,164.000000,144.000000,453.000000,125.000000,266.000000,38.000000,33.000000,2784.000000,769.000000,1633.000000,233.000000,205.000000,15.000000,8.000000,18.000000,3.000000,5.000000,0.000000,6.000000,12.000000,2.000000,4.000000,0.000000,7.000000,15.000000,2.000000,5.000000,8097.000000,2266.000000,4820.000000,695.000000,601.000000,3.000000,
0.040170,0.009165,0.370702,0.015706,0.478328,-210013.790821,2.996206,2195607.000000,1874874.000000,3722527.000000,334752.000000,1282372.000000,1952.000000,539.000000,1146.000000,164.000000,144.000000,453.000000,125.000000,266.000000,38.000000,33.000000,2784.000000,769.000000,1633.000000,233.000000,205.000000,15.000000,8.000000,18.000000,3.000000,5.000000,0.000000,6.000000,12.000000,2.000000,4.000000,0.000000,7.000000,15.000000,2.000000,5.000000,8097.000000,2266.000000,4820.000000,695.000000,601.000000,3.000000,
0.040170,0.009165,0.370702,0.015706,0.478328,-210013.790821,2.996206,2195607.000000,1874874.000000,3722527.000000,334752.000000,1282372.000000,1952.000000,539.000000,1146.000000,164.000000,144.000000,453.000000,125.000000,266.000000,38.000000,33.000000,2784.000000,769.000000,1633.000000,233.000000,205.000000,15.000000,8.000000,18.000000,3.000000,5.000000,0.000000,6.000000,12.000000,2.000000,4.000000,0.000000,7.000000,15.000000,2.000000,5.000000,8097.000000,2266.000000,4820.000000,695.000000,601.000000,3.000000,
0.040170,0.009165,0.370702,0.015706,0.478328,-210013.790821,2.996206,2195607.000000,1874874.000000,3722527.000000,334752.000000,1282372.000000,1952.000000,539.000000,1146.000000,164.000000,144.000000,453.000000,125.000000,266.000000,38.000000,33.000000,2784.000000,769.000000,1633.000000,233.000000,205.000000,15.000000,8.000000,18.000000,3.000000,5.000000,0.000000,6.000000,12.000000,2.000000,4.000000,0.000000,7.000000,15.000000,2.000000,5.000000,8097.000000,2266.000000,4820.000000,695.000000,601.000000,3.000000,
0.040170,0.009165,0.370702,0.015706,0.478328,-210013.790821,2.996206,2195607.000000,1874874.000000,3722527.000000,334752.000000,1282372.000000,1952.000000,539.000000,1146.000000,164.000000,144.000000,453.000000,125.000000,266.000000,38.000000,33.000000,2784.000000,769.000000,1633.000000,233.000000,205.000000,15.000000,8.000000,18.000000,3.000000,5.000000,0.000000,6.000000,12.000000,2.000000,4.000000,0.000000,7.000000,15.000000,2.000000,5.000000,8097.000000,2266.000000,4820.000000,695.000000,601.000000,3.000000,
0.040280,0.001548,0.381691,0.018193,0.460003,-210595.003247,3.024396,2195607.000000,1874874.000000,3722527.000000,334752.000000,1282372.000000,1952.000000,539.000000,1146.000000,164.000000,144.000000,453.000000,125.000000,266.000000,38.000000,33.000000,2784.000000,769.000000,1633.000000,233.000000,205.000000,15.000000,8.000000,18.000000,3.000000,5.000000,0.000000,6.000000,12.000000,2.000000,4.000000,0.000000,7.000000,15.000000,2.000000,5.000000,8097.000000,2266.000000,4820.000000,695.000000,601.000000,3.000000,
0.040280,0.001548,0.381691,0.018193,0.460003,-210595.003247,3.024396,2195607.000000,1874874.000000,3722527.000000,334752.000000,1282372.000000,1952.000000,539.000000,1146.000000,164.000000,144.000000,453.000000,125.000000,266.000000,38.000000,33.000000,2784.000000,769.000000,1633.000000,233.000000,205.000000,15.000000,8.000000,18.000000,3.000000,5.000000,0.000000,6.000000,12.000000,2.000000,4.000000,0.000000,7.000000,15.000000,2.000000,5.000000,8097.000000,2266.000000,4820.000000,695.000000,601.000000,3.000000,
0.040280,0.001548,0.381691,0.018193,0.460003,-210595.003247,3.024396,2195607.000000,1874874.000000,3722527.000000,334752.000000,1282372.000000,1952.000000,539.000000,1146.000000,164.000000,144.000000,453.000000,125.000000,266.000000,38.000000,33.000000,2784.000000,769.000000,1633.000000,233.000000,205.000000,15.000000,8.000000,18.000000,3.000000,5.000000,0.000000,6.000000,12.000000,2.000000,4.000000,0.000000,7.000000,15.000000,2.000000,5.000000,8097.000000,2266.000000,4820.000000,695.000000,601.000000,3.000000,
0.040280,0.001548,0.381691,0.018193,0.460003,-210595.003247,3.024396,2195607.000000,1874874.000000,3722527.000000,334752.000000,1282372.000000,1952.000000,539.000000,1146.000000,164.000000,144.000000,453.000000,125.000000,266.000000,38.000000,33.000000,2784.000000,769.000000,1633.000000,233.000000,205.000000,15.000000,8.000000,18.000000,3.000000,5.000000,0.000000,6.000000,12.000000,2.000000,4.000000,0.000000,7.000000,15.000000,2.000000,5.000000,8097.000000,2266.000000,4820.000000,695.000000,601.000000,3.000000,
0.040280,0.001548,0.381691,0.018193,0.460003,-210595.003247,3.024396,2195607.000000,1874874.000000,3722527.000000,334752.000000,1282372.000000,1952.000000,539.000000,1146.000000,164.000000,144.000000,453.000000,125.000000,266.000000,38.000000,33.000000,2784.000000,769.000000,1633.000000,233.000000,205.000000,15.000000,8.000000,18.000000,3.000000,5.000000,0.000000,6.000000,12.000000,2.000000,4.000000,0.000000,7.000000,15.000000,2.000000,5.000000,8097.000000,2266.000000,4820.000000,695.000000,601.000000,3.000000,
0.040202,0.001824,0.387363,0.009264,0.511559,-210897.964740,3.028788,2195607.000000,1874874.000000,3722527.000000,334752.000000,1282372.000000,1952.000000,539.000000,1146.000000,164.000000,144.000000,453.000000,125.000000,266.000000,38.000000,33.000000,2784.000000,769.000000,1633.000000,233.000000,205.000000,15.000000,8.000000,18.000000,3.000000,5.000000,0.000000,6.000000,12.000000,2.000000,4.000000,0.000000,7.000000,15.000000,2.000000,5.000000,8097.000000,2266.000000,4820.000000,695.000000,601.000000,3.000000,
0.040298,0.003098,0.380503,0.007852,0.492416,-210531.836473,3.023614,2195607.000000,1874874.000000,3722527.000000,334752.000000,1282372.000000,1952.000000,539.000000,1146.000000,164.000000,144.000000,453.000000,125.000000,266.000000,38.000000,33.000000,2784.000000,769.000000,1633.000000,233.000000,205.000000,15.000000,8.000000,18.000000,3.000000,5.000000,0.000000,6.000000,12.000000,2.000000,4.000000,0.000000,7.000000,15.000000,2.000000,5.000000,8097.000000,2266.000000,4820.000000,695.000000,601.000000,3.000000,
0.040298,0.003098,0.380503,0.007852,0.492416,-210531.836473,3.023614,2195607.000000,1874874.000000,3722527.000000,334752.000000,1282372.000000,1952.000000,539.000000,1146.000000,164.000000,144.000000,453.000000,125.000000,266.000000,38.000000,33.000000,2784.000000,769.000000,1633.000000,233.000000,205.000000,15.000000,8.000000,18.000000,3.000000,5.000000,0.000000,6.000000,12.000000,2.000000,4.000000,0.000000,7.000000,15.000000,2.000000,5.000000,8097.000000,2266.000000,4820.000000,695.000000,601.000000,3.000000,
0.040298,0.003098,0.380503,0.007852,0.492416,-210531.836473,3.023614,2195607.000000,1874874.000000,3722527.000000,334752.000000,1282372.000000,1952.000000,539.000000,1146.000000,164.000000,144.000000,453.000000,125.000000,266.000000,38.000000,33.000000,2784.000000,769.000000,1633.000000,233.000000,205.000000,15.000000,8.000000,18.000000,3.000000,5.000000,0.000000,6.000000,12.000000,2.000000,4.000000,0.000000,7.000000,15.000000,2.000000,5.000000,8097.000000,2266.000000,4820.000000,695.000000,601.000000,3.000000,
0.040298,0.003098,0.380503,0.007852,0.492416,-210531.836473,3.023614,2195607.000000,1874874.000000,3722527.000000,334752.000000,1282372.000000,1952.000000,539.000000,1146.000000,164.000000,144.000000,453.000000,125.000000,266.000000,38.000000,33.000000,2784.000000,769.000000,1633.000000,233.000000,205.000000,15.000000,8.000000,18.000000,3.000000,5.000000,0.000000,6.000000,12.000000,2.000000,4.000000,0.000000,7.000000,15.000000,2.000000,5.000000,8097.000000,2266.000000,4820.000000,695.000000,601.000000,3.000000,
0.040298,0.003098,0.380503,0.007852,0.492416,-210531.836473,3.023614,2195607.000000,1874874.000000,3722527.000000,334752.000000,1282372.000000,1952.000000,539.000000,1146.000000,164.000000,144.000000,453.000000,125.000000,266.000000,38.000000,33.000000,2784.000000,769.000000,1633.000000,233.000000,205.000000,15.000000,8.000000,18.000000,3.000000,5.000000,0.000000,6.000000,12.000000,2.000000,4.000000,0.000000,7.000000,15.000000,2.000000,5.000000,8097.000000,2266.000000,4820.000000,695.000000,601.000000,3.000000,
0.040258,0.002671,0.383064,0.008632,0.461240,-210668.132585,3.025209,2195607.000000,1874874.000000,3722527.000000,334752.000000,1282372.000000,1952.000000,539.000000,1146.000000,164.000000,144.000000,453.000000,125.000000,266.000000,38.000000,33.000000,2784.000000,769.000000,1633.000000,233.000000,205.000000,15.000000,8.000000,18.000000,3.000000,5.000000,0.000000,6.000000,12.000000,2.000000,4.000000,0.000000,7.000000,15.000000,2.000000,5.000000,8097.000000,2266.000000,4820.000000,695.000000,601.000000,3.000000,
0.040258,0.002671,0.383064,0.008632,0.461240,-210668.132585,3.025209,2195607.000000,1874874.000000,3722527.000000,334752.000000,1282372.000000,1952.000000,539.000000,1146.000000,164.000000,144.000000,453.000000,125.000000,266.000000,38.000000,33.000000,2784.000000,769.000000,1633.000000,233.000000,205.000000,15.000000,8.000000,18.000000,3.000000,5.000000,0.000000,6.000000,12.000000,2.000000,4.000000,0.000000,7.000000,15.000000,2.000000,5.000000,8097.000000,2266.000000,4820.000000,695.000000,601.000000,3.000000,
0.040258,0.002671,0.383064,0.008632,0.461240,-210668.132585,3.025209,2195607.000000,1874874.000000,3722527.000000,334752.000000,1282372.000000,1952.000000,539.000000,1146.000000,164.000000,144.000000,453.000000,125.000000,266.000000,38.000000,33.000000,2784.000000,769.000000,1633.000000,233.000000,205.000000,15.000000,8.000000,18.000000,3.000000,5.000000,0.000000,6.000000,12.000000,2.000000,4.000000,0.000000,7.000000,15.000000,2.000000,5.000000,8097.000000,2266.000000,4820.000000,695.000000,601.000000,3.000000,
0.040258,0.002671,0.383064,0.008632,0.461240,-210668.132585,3.025209,2195607.000000,1874874.000000,3722527.000000,334752.000000,1282372.000000,1952.000000,539.000000,1146.000000,164.000000,144.000000,453.000000,125.000000,266.000000,38.000000,33.000000,2784.000000,769.000000,1633.000000,233.000000,205.000000,15.000000,8.000000,18.000000,3.000000,5.000000,0.000000,6.000000,12.000000,2.000000,4.000000,0.000000,7.000000,15.000000,2.000000,5.000000,8097.000000,2266.000000,4820.000000,695.000000,601.000000,3.000000,
0.040258,0.002671,0.383064,0.008632,0.461240,-210668.132585,3.025209,2195607.000000,1874874.000000,3722527.000000,334752.000000,1282372.000000,1952.000000,539.000000,1146.000000,164.000000,144.000000,453.000000,125.000000,266.000000,38.000000,33.000000,2784.000000,769.000000,1633.000000,233.000000,205.000000,15.000000,8.000000,18.000000,3.000000,5.000000,0.000000,6.000000,12.000000,2.000000,4.000000,0.000000,7.000000,15.000000,2.000000,5.000000,8097.000000,2266.000000,4820.000000,695.000000,601.000000,3.000000,
0.040258,0.002671,0.383064,0.008632,0.461240,-210668.132585,3.025209,2195607.000000,1874874.000000,3722527.000000,334752.000000,1282372.000000,1952.000000,539.000000,1146.000000,164.000000,144.000000,453.000000,125.000000,266.000000,38.000000,33.000000,2784.000000,769.000000,1633.000000,233.000000,205.000000,15.000000,8.000000,18.000000,3.000000,5.000000,0.000000,6.000000,12.000000,2.000000,4.000000,0.000000,7.000000,15.000000,2.000000,5.000000,8097.000000,2266.000000,4820.000000,695.000000,601.000000,3.000000,
0.040258,0.002671,0.383064,0.008632,0.461240,-210668.132585,3.025209,2195607.000000,1874874.000000,3722527.000000,334752.000000,1282372.000000,1952.000000,539.000000,1146.000000,164.000000,144.000000,453.000000,125.000000,266.000000,38.000000,33.000000,2784.000000,769.000000,1633.000000,233.000000,205.000000,15.000000,8.000000,18.000000,3.000000,5.000000,0.000000,6.000000,12.000000,2.000000,4.000000,0.000000,7.000000,15.000000,2.000000,5.000000,8097.000000,2266.000000,4820.000000,695.000000,601.000000,3.000000,
0.040258,0.002671,0.383064,0.008632,0.461240,-210668.132585,3.025209,2195607.000000,1874874.000000,3722527.000000,334752.000000,1282372.000000,1952.000000,539.000000,1146.000000,164.000000,144.000000,453.000000,125.000000,266.000000,38.000000,33.000000,2784.000000,769.000000,1633.000000,233.000000,205.000000,15.000000,8.000000,18.000000,3.000000,5.000000,0.000000,6.000000,12.000000,2.000000,4.000000,0.000000,7.000000,15.000000,2.000000,5.000000,8097.000000,2266.000000,4820.000000,695.000000,601.000000,3.000000,
0.040258,0.002671,0.383064,0.008632,0.461240,-210668.132585,3.025209,2195607.000000,1874874.000000,3722527.000000,334752.000000,1282372.000000,1952.000000,539.000000,1146.000000,164.000000,144.000000,453.000000,125.000000,266.000000,38.000000,33.000000,2784.000000,769.000000,1633.000000,233.000000,205.000000,15.000000,8.000000,18.000000,3.000000,5.000000,0.000000,6.000000,12.000000,2.000000,4.000000,0.000000,7.000000,15.000000,2.000000,5.000000,8097.000000,2266.000000,4820.000000,695.000000,601.000000,3.000000,
0.040258,0.002671,0.383064,0.008632,0.461240,-210668.132585,3.025209,2195607.000000,1874874.000000,3722527.000000,334752.000000,1282372.000000,1952.000000,539.000000,1146.000000,164.000000,144.000000,453.000000,125.000000,266.000000,38.000000,33.000000,2784.000000,769.000000,1633.000000,233.000000,205.000000,15.000000,8.000000,18.000000,3.000000,5.000000,0.000000,6.000000,12.000000,2.000000,4.000000,0.000000,7.000000,15.000000,2.000000,5.000000,8097.000000,2266.000000,4820.000000,695.000000,601.000000,3.000000,
0.040258,0.002671,0.383064,0.008632,0.461240,-210668.132585,3.025209,2195607.000000,1874874.000000,3722527.000000,334752.000000,1282372.000000,1952.000000,539.000000,1146.000000,164.000000,144.000000,453.000000,125.000000,266.000000,38.000000,33.000000,2784.000000,769.000000,1633.000000,233.000000,205.000000,15.000000,8.000000,18.000000,3.000000,5.000000,0.000000,6.000000,12.000000,2.000000,4.000000,0.000000,7.000000,15.000000,2.000000,5.000000,8097.000000,2266.000000,4820.000000,695.000000,601.000000,3.000000,
0.040233,0.001608,0.390275,0.007096,0.461775,-211054.456375,3.036427,2195607.000000,1874874.000000,3722527.000000,334752.000000,1282372.000000,1952.000000,539.000000,1146.000000,164.000000,144.000000,453.000000,125.000000,266.000000,38.000000,33.000000,2784.000000,769.000000,1633.000000,233.000000,205.000000,15.000000,8.000000,18.000000,3.000000,5.000000,0.000000,6.000000,12.000000,2.000000,4.000000,0.000000,7.000000,15.000000,2.000000,5.000000,8097.000000,2266.000000,4820.000000,695.000000,601.000000,3.000000,
0.040425,0.001547,0.374577,0.005883,0.510904,-210218.248724,3.022292,2195607.000000,1874874.000000,3722527.000000,334752.000000,1282372.000000,1952.000000,539.000000,1146.000000,164.000000,144.000000,453.000000,125.000000,266.000000,38.000000,33.000000,2784.000000,769.000000,1633.000000,233.000000,205.000000,15.000000,8.000000,18.000000,3.000000,5.000000,0.000000,6.000000,12.000000,2.000000,4.000000,0.000000,7.000000,15.000000,2.000000,5.000000,8097.000000,2266.000000,4820.000000,695.000000,601.000000,3.000000,
0.040425,0.001547,0.374577,0.005883,0.510904,-210218.248724,3.022292,2195607.000000,1874874.000000,3722527.000000,334752.000000,1282372.000000,1952.000000,539.000000,1146.000000,164.000000,144.000000,453.000000,125.000000,266.000000,38.000000,33.000000,2784.000000,769.000000,1633.000000,233.000000,205.000000,15.000000,8.000000,18.000000,3.000000,5.000000,0.000000,6.000000,12.000000,2.000000,4.000000,0.000000,7.000000,15.000000,2.000000,5.000000,8097.000000,2266.000000,4820.000000,695.000000,601.000000,3.000000,
0.040513,0.002046,0.368023,0.005486,0.525535,-209874.030419,3.016879,2195607.000000,1874874.000000,3722527.000000,334752.000000,1282372.000000,1952.000000,539.000000,1146.000000,164.000000,144.000000,453.000000,125.000000,266.000000,38.000000,33.000000,2784.000000,769.000000,1633.000000,233.000000,205.000000,15.000000,8.000000,18.000000,3.000000,5.000000,0.000000,6.000000,12.000000,2.000000,4.000000,0.000000,7.000000,15.000000,2.000000,5.000000,8097.000000,2266.000000,4820.000000,695.000000,601.000000,3.000000,
0.040513,0.002046,0.368023,0.005486,0.525535,-209874.030419,3.016879,2195607.000000,1874874.000000,3722527.000000,334752.000000,1282372.000000,1952.000000,539.000000,1146.000000,164.000000,144.000000,453.000000,125.000000,266.000000,38.000000,33.000000,2784.000000,769.000000,1633.000000,233.000000,205.000000,15.000000,8.000000,18.000000,3.000000,5.000000,0.000000,6.000000,12.000000,2.000000,4.000000,0.000000,7.000000,15.000000,2.000000,5.000000,8097.000000,2266.000000,4820.000000,695.000000,601.000000,3.000000,
0.040513,0.002046,0.368023,0.005486,0.525535,-209874.030419,3.016879,2195607.000000,1874874.000000,3722527.000000,334752.000000,1282372.000000,1952.000000,539.000000,1146.000000,164.000000,144.000000,453.000000,125.000000,266.000000,38.000000,33.000000,2784.000000,769.000000,1633.000000,233.000000,205.000000,15.000000,8.000000,18.000000,3.000000,5.000000,0.000000,6.000000,12.000000,2.000000,4.000000,0.000000,7.000000,15.000000,2.000000,5.000000,8097.000000,2266.000000,4820.000000,695.000000,601.000000,3.000000,
0.040513,0.002046,0.368023,0.005486,0.525535,-209874.030419,3.016879,2195607.000000,1874874.000000,3722527.000000,334752.000000,1282372.000000,1952.000000,539.000000,1146.000000,164.000000,144.000000,453.000000,125.000000,266.000000,38.000000,33.000000,2784.000000,769.000000,1633.000000,233.000000,205.000000,15.000000,8.000000,18.000000,3.000000,5.000000,0.000000,6.000000,12.000000,2.000000,4.000000,0.000000,7.000000,15.000000,2.000000,5.000000,8097.000000,2266.000000,4820.000000,695.000000,601.000000,3.000000,
0.040607,0.002159,0.361851,0.007098,0.530020,-209552.533770,3.012594,2195607.000000,1874874.000000,3722527.000000,334752.000000,1282372.000000,1952.000000,539.000000,1146.000000,164.000000,144.000000,453.000000,125.000000,266.000000,38.000000,33.000000,2784.000000,769.000000,1633.000000,233.000000,205.000000,15.000000,8.000000,18.000000,3.000000,5.000000,0.000000,6.000000,12.000000,2.000000,4.000000,0.000000,7.000000,15.000000,2.000000,5.000000,8097.000000,2266.000000,4820.000000,695.000000,601.000000,3.000000,
0.040607,0.002159,0.361851,0.007098,0.530020,-209552.533770,3.012594,2195607.000000,1874874.000000,3722527.000000,334752.000000,1282372.000000,1952.000000,539.000000,1146.000000,164.000000,144.000000,453.000000,125.000000,266.000000,38.000000,33.000000,2784.000000,769.000000,1633.000000,233.000000,205.000000,15.000000,8.000000,18.000000,3.000000,5.000000,0.000000,6.000000,12.000000,2.000000,4.000000,0.000000,7.000000,15.000000,2.000000,5.000000,8097.000000,2266.000000,4820.000000,695.000000,601.000000,3.000000,
0.040607,0.002159,0.361851,0.007098,0.530020,-209552.533770,3.012594,2195607.000000,1874874.000000,3722527.000000,334752.000000,1282372.000000,1952.000000,539.000000,1146.000000,164.000000,144.000000,453.000000,125.000000,266.000000,38.000000,33.000000,2784.000000,769.000000,1633.000000,233.000000,205.000000,15.000000,8.000000,18.000000,3.000000,5.000000,0.000000,6.000000,12.000000,2.000000,4.000000,0.000000,7.000000,15.000000,2.000000,5.000000,8097.000000,2266.000000,4820.000000,695.000000,601.000000,3.000000,
0.040607,0.002159,0.361851,0.007098,0.530020,-209552.533770,3.012594,2195607.000000,1874874.000000,3722527.000000,334752.000000,1282372.000000,1952.000000,539.000000,1146.000000,164.000000,144.000000,453.000000,125.000000,266.000000,38.000000,33.000000,2784.000000,769.000000,1633.000000,233.000000,205.000000,15.000000,8.000000,18.000000,3.000000,5.000000,0.000000,6.000000,12.000000,2.000000,4.000000,0.000000,7.000000,15.000000,2.000000,5.000000,8097.000000,2266.000000,4820.000000,695.000000,601.000000,3.000000,
0.040607,0.002159,0.361851,0.007098,0.530020,-209552.533770,3.012594,2195607.000000,1874874.000000,3722527.000000,334752.000000,1282372.000000,1952.000000,539.000000,1146.000000,164.000000,144.000000,453.000000,125.000000,266.000000,38.000000,33.000000,2784.000000,769.000000,1633.000000,233.000000,205.000000,15.000000,8.000000,18.000000,3.000000,5.000000,0.000000,6.000000,12.000000,2.000000,4.000000,0.000000,7.000000,15.000000,2.000000,5.000000,8097.000000,2266.000000,4820.000000,695.000000,601.000000,3.000000,
0.040607,0.002159,0.361851,0.007098,0.530020,-209552.533770,3.012594,2195607.000000,1874874.000000,3722527.000000,334752.000000,1282372.000000,1952.000000,539.000000,1146.000000,164.000000,144.000000,453.000000,125.000000,266.000000,38.000000,33.000000,2784.000000,769.000000,1633.000000,233.000000,205.000000,15.000000,8.000000,18.000000,3.000000,5.000000,0.000000,6.000000,12.000000,2.000000,4.000000,0.000000,7.000000,15.000000,2.000000,5.000000,8097.000000,2266.000000,4820.000000,695.000000,601.000000,3.000000,
0.041009,0.010340,0.347585,0.027463,0.431749,-208819.378743,3.015963,2195607.000000,1874874.000000,3722527.000000,334752.000000,1282372.000000,1952.000000,539.000000,1146.000000,164.000000,144.000000,453.000000,125.000000,266.000000,38.000000,33.000000,2784.000000,769.000000,1633.000000,233.000000,205.000000,15.000000,8.000000,18.000000,3.000000,5.000000,0.000000,6.000000,12.000000,2.000000,4.000000,0.000000,7.000000,15.000000,2.000000,5.000000,8097.000000,2266.000000,4820.000000,695.000000,601.000000,3.000000,
0.040946,0.017398,0.352683,0.014787,0.534935,-209080.006355,3.020778,2195607.000000,1874874.000000,3722527.000000,334752.000000,1282372.000000,1952.000000,539.000000,1146.000000,164.000000,144.000000,453.000000,125.000000,266.000000,38.000000,33.000000,2784.000000,769.000000,1633.000000,233.000000,205.000000,15.000000,8.000000,18.000000,3.000000,5.000000,0.000000,6.000000,12.000000,2.000000,4.000000,0.000000,7.000000,15.000000,2.000000,5.000000,8097.000000,2266.000000,4820.000000,695.000000,601.000000,3.000000,
0.040946,0.017398,0.352683,0.014787,0.534935,-209080.006355,3.020778,2195607.000000,1874874.000000,3722527.000000,334752.000000,1282372.000000,1952.000000,539.000000,1146.000000,164.000000,144.000000,453.000000,125.000000,266.000000,38.000000,33.000000,2784.000000,769.000000,1633.000000,233.000000,205.000000,15.000000,8.000000,18.000000,3.000000,5.000000,0.000000,6.000000,12.000000,2.000000,4.000000,0.000000,7.000000,15.000000,2.000000,5.000000,8097.000000,2266.000000,4820.000000,695.000000,601.000000,3.000000,
0.040946,0.017398,0.352683,0.014787,0.534935,-209080.006355,3.020778,2195607.000000,1874874.000000,3722527.000000,334752.000000,1282372.000000,1952.000000,539.000000,1146.000000,164.000000,144.000000,453.000000,125.000000,266.000000,38.000000,33.000000,2784.000000,769.000000,1633.000000,233.000000,205.000000,15.000000,8.000000,18.000000,3.000000,5.000000,0.000000,6.000000,12.000000,2.000000,4.000000,0.000000,7.000000,15.000000,2.000000,5.000000,8097.000000,2266.000000,4820.000000,695.000000,601.000000,3.000000,
0.040946,0.017398,0.352683,0.014787,0.534935,-209080.006355,3.020778,2195607.000000,1874874.000000,3722527.000000,334752.000000,1282372.000000,1952.000000,539.000000,1146.000000,164.000000,144.000000,453.000000,125.000000,266.000000,38.000000,33.000000,2784.000000,769.000000,1633.000000,233.000000,205.000000,15.000000,8.000000,18.000000,3.000000,5.000000,0.000000,6.000000,12.000000,2.000000,4.000000,0.000000,7.000000,15.000000,2.000000,5.000000,8097.000000,2266.000000,4820.000000,695.000000,601.000000,3.000000,
0.040946,0.017398,0.352683,0.014787,0.534935,-209080.006355,3.020778,2195607.000000,1874874.000000,3722527.000000,334752.000000,1282372.000000,1952.000000,539.000000,1146.000000,164.000000,144.000000,453.000000,125.000000,266.000000,38.000000,33.000000,2784.000000,769.000000,1633.000000,233.000000,205.000000,15.000000,8.000000,18.000000,3.000000,5.000000,0.000000,6.000000,12.000000,2.000000,4.000000,0.000000,7.000000,15.000000,2.000000,5.000000,8097.000000,2266.000000,4820.000000,695.000000,601.000000,3.000000,
0.040946,0.017398,0.352683,0.014787,0.534935,-209080.006355,3.020778,2195607.000000,1874874.000000,3722527.000000,334752.000000,1282372.000000,1952.000000,539.000000,1146.000000,164.000000,144.000000,453.000000,125.000000,266.000000,38.000000,33.000000,2784.000000,769.000000,1633.000000,233.000000,205.000000,15.000000,8.000000,18.000000,3.000000,5.000000,0.000000,6.000000,12.000000,2.000000,4.000000,0.000000,7.000000,15.000000,2.000000,5.000000,8097.000000,2266.000000,4820.000000,695.000000,601.000000,3.000000,
0.040946,0.017398,0.352683,0.014787,0.534935,-209080.006355,3.020778,2195607.000000,1874874.000000,3722527.000000,334752.000000,1282372.000000,1952.000000,539.000000,1146.000000,164.000000,144.000000,453.000000,125.000000,266.000000,38.000000,33.000000,2784.000000,769.000000,1633.000000,233.000000,205.000000,15.000000,8.000000,18.000000,3.000000,5.000000,0.000000,6.000000,12.000000,2.000000,4.000000,0.000000,7.000000,15.000000,2.000000,5.000000,8097.000000,2266.000000,4820.000000,695.000000,601.000000,3.000000,
0.040875,0.016045,0.354488,0.015981,0.566550,-209172.582729,3.018909,2195607.000000,1874874.000000,3722527.000000,334752.000000,1282372.000000,1952.000000,539.000000,1146.000000,164.000000,144.000000,453.000000,125.000000,266.000000,38.000000,33.000000,2784.000000,769.000000,1633.000000,233.000000,205.000000,15.000000,8.000000,18.000000,3.000000,5.000000,0.000000,6.000000,12.000000,2.000000,4.000000,0.000000,7.000000,15.000000,2.000000,5.000000,8097.000000,2266.000000,4820.000000,695.000000,601.000000,3.000000,
0.040844,0.012302,0.359485,0.013993,0.457850,-209430.374942,3.025826,2195607.000000,1874874.000000,3722527.000000,334752.000000,1282372.000000,1952.000000,539.000000,1146.000000,164.000000,144.000000,453.000000,125.000000,266.000000,38.000000,33.000000,2784.000000,769.000000,1633.000000,233.000000,205.000000,15.000000,8.000000,18.000000,3.000000,5.000000,0.000000,6.000000,12.000000,2.000000,4.000000,0.000000,7.000000,15.000000,2.000000,5.000000,8097.000000,2266.000000,4820.000000,695.000000,601.000000,3.000000,
0.040844,0.012302,0.359485,0.013993,0.457850,-209430.374942,3.025826,2195607.000000,1874874.000000,3722527.000000,334752.000000,1282372.000000,1952.000000,539.000000,1146.000000,164.000000,144.000000,453.000000,125.000000,266.000000,38.000000,33.000000,2784.000000,769.000000,1633.000000,233.000000,205.000000,15.000000,8.000000,18.000000,3.000000,5.000000,0.000000,6.000000,12.000000,2.000000,4.000000,0.000000,7.000000,15.000000,2.000000,5.000000,8097.000000,2266.000000,4820.000000,695.000000,601.000000,3.000000,
0.040902,0.012879,0.357650,0.012150,0.484002,-209335.611656,3.026716,2195607.000000,1874874.000000,3722527.000000,334752.000000,1282372.000000,1952.000000,539.000000,1146.000000,164.000000,144.000000,453.000000,125.000000,266.000000,38.000000,33.000000,2784.000000,769.000000,1633.000000,233.000000,205.000000,15.000000,8.000000,18.000000,3.000000,5.000000,0.000000,6.000000,12.000000,2.000000,4.000000,0.000000,7.000000,15.000000,2.000000,5.000000,8097.000000,2266.000000,4820.000000,695.000000,601.000000,3.000000,
0.040902,0.012879,0.357650,0.012150,0.484002,-209335.611656,3.026716,2195607.000000,1874874.000000,3722527.000000,334752.000000,1282372.000000,1952.000000,539.000000,1146.000000,164.000000,144.000000,453.000000,125.000000,266.000000,38.000000,33.000000,2784.000000,769.000000,1633.000000,233.000000,205.000000,15.000000,8.000000,18.000000,3.000000,5.000000,0.000000,6.000000,12.000000,2.000000,4.000000,0.000000,7.000000,15.000000,2.000000,5.000000,8097.000000,2266.000000,4820.000000,695.000000,601.000000,3.000000,
0.040902,0.012879,0.357650,0.012150,0.484002,-209335.611656,3.026716,2195607.000000,1874874.000000,3722527.000000,334752.000000,1282372.000000,1952.000000,539.000000,1146.000000,164.000000,144.000000,453.000000,125.000000,266.000000,38.000000,33.000000,2784.000000,769.000000,1633.000000,233.000000,205.000000,15.000000,8.000000,18.000000,3.000000,5.000000,0.000000,6.000000,12.000000,2.000000,4.000000,0.000000,7.000000,15.000000,2.000000,5.000000,8097.000000,2266.000000,4820.000000,695.000000,601.000000,3.000000,
0.040902,0.012879,0.357650,0.012150,0.484002,-209335.611656,3.026716,2195607.000000,1874874.000000,3722527.000000,334752.000000,1282372.000000,1952.000000,539.000000,1146.000000,164.000000,144.000000,453.000000,125.000000,266.000000,38.000000,33.000000,2784.000000,769.000000,1633.000000,233.000000,205.000000,15.000000,8.000000,18.000000,3.000000,5.000000,0.000000,6.000000,12.000000,2.000000,4.000000,0.000000,7.000000,15.000000,2.000000,5.000000,8097.000000,2266.000000,4820.000000,695.000000,601.000000,3.000000,
0.040902,0.012879,0.357650,0.012150,0.484002,-209335.611656,3.026716,2195607.000000,1874874.000000,3722527.000000,334752.000000,1282372.000000,1952.000000,539.000000,1146.000000,164.000000,144.000000,453.000000,125.000000,266.000000,38.000000,33.000000,2784.000000,769.000000,1633.000000,233.000000,205.000000,15.000000,8.000000,18.000000,3.000000,5.000000,0.000000,6.000000,12.000000,2.000000,4.000000,0.000000,7.000000,15.000000,2.000000,5.000000,8097.000000,2266.000000,4820.000000,695.000000,601.000000,3.000000,
0.041019,0.007422,0.352821,0.003048,0.469448,-209087.236861,3.026402,2195607.000000,1874874.000000,3722527.000000,334752.000000,1282372.000000,1952.000000,539.000000,1146.000000,164.000000,144.000000,453.000000,125.000000,266.000000,38.000000,33.000000,2784.000000,769.000000,1633.000000,233.000000,205.000000,15.000000,8.000000,18.000000,3.000000,5.000000,0.000000,6.000000,12.000000,2.000000,4.000000,0.000000,7.000000,15.000000,2.000000,5.000000,8097.000000,2266.000000,4820.000000,695.000000,601.000000,3.000000,
0.041019,0.007422,0.352821,0.003048,0.469448,-209087.236861,3.026402,2195607.000000,1874874.000000,3722527.000000,334752.000000,1282372.000000,1952.000000,539.000000,1146.000000,164.000000,144.000000,453.000000,125.000000,266.000000,38.000000,33.000000,2784.000000,769.000000,1633.000000,233.000000,205.000000,15.000000,8.000000,18.000000,3.000000,5.000000,0.000000,6.000000,12.000000,2.000000,4.000000,0.000000,7.000000,15.000000,2.000000,5.000000,8097.000000,2266.000000,4820.000000,695.000000,601.000000,3.000000,
0.041019,0.007422,0.352821,0.003048,0.469448,-209087.236861,3.026402,2195607.000000,1874874.000000,3722527.000000,334752.000000,1282372.000000,1952.000000,539.000000,1146.000000,164.000000,144.000000,453.000000,125.000000,266.000000,38.000000,33.000000,2784.000000,769.000000,1633.000000,233.000000,205.000000,15.000000,8.000000,18.000000,3.000000,5.000000,0.000000,6.000000,12.000000,2.000000,4.000000,0.000000,7.000000,15.000000,2.000000,5.000000,8097.000000,2266.000000,4820.000000,695.000000,601.000000,3.000000,
0.041019,0.007422,0.352821,0.003048,0.469448,-209087.236861,3.026402,2195607.000000,1874874.000000,3722527.000000,334752.000000,1282372.000000,1952.000000,539.000000,1146.000000,164.000000,144.000000,453.000000,125.000000,266.000000,38.000000,33.000000,2784.000000,769.000000,1633.000000,233.000000,205.000000,15.000000,8.000000,18.000000,3.000000,5.000000,0.000000,6.000000,12.000000,2.000000,4.000000,0.000000,7.000000,15.000000,2.000000,5.000000,8097.000000,2266.000000,4820.000000,695.000000,601.000000,3.000000,
0.040974,0.011250,0.354944,0.002053,0.444713,-209196.259301,3.027026,2195607.000000,1874874.000000,3722527.000000,334752.000000,1282372.000000,1952.000000,539.000000,1146.000000,164.000000,144.000000,453.000000,125.000000,266.000000,38.000000,33.000000,2784.000000,769.000000,1633.000000,233.000000,205.000000,15.000000,8.000000,18.000000,3.000000,5.000000,0.000000,6.000000,12.000000,2.000000,4.000000,0.000000,7.000000,15.000000,2.000000,5.000000,8097.000000,2266.000000,4820.000000,695.000000,601.000000,3.000000,
0.040974,0.011250,0.354944,0.002053,0.444713,-209196.259301,3.027026,2195607.000000,1874874.000000,3722527.000000,334752.000000,1282372.000000,1952.000000,539.000000,1146.000000,164.000000,144.000000,453.000000,125.000000,266.000000,38.000000,33.000000,2784.000000,769.000000,1633.000000,233.000000,205.000000,15.000000,8.000000,18.000000,3.000000,5.000000,0.000000,6.000000,12.000000,2.000000,4.000000,0.000000,7.000000,15.000000,2.000000,5.000000,8097.000000,2266.000000,4820.000000,695.000000,601.000000,3.000000,
0.041054,0.009614,0.352853,0.001189,0.496726,-209088.962122,3.029052,2195607.000000,1874874.000000,3722527.000000,334752.000000,1282372.000000,1952.000000,539.000000,1146.000000,164.000000,144.000000,453.000000,125.000000,266.000000,38.000000,33.000000,2784.000000,769.000000,1633.000000,233.000000,205.000000,15.000000,8.000000,18.000000,3.000000,5.000000,0.000000,6.000000,12.000000,2.000000,4.000000,0.000000,7.000000,15.000000,2.000000,5.000000,8097.000000,2266.000000,4820.000000,695.000000,601.000000,3.000000,
0.041054,0.009614,0.352853,0.001189,0.496726,-209088.962122,3.029052,2195607.000000,1874874.000000,3722527.000000,334752.000000,1282372.000000,1952.000000,539.000000,1146.000000,164.000000,144.000000,453.000000,125.000000,266.000000,38.000000,33.000000,2784.000000,769.000000,1633.000000,233.000000,205.000000,15.000000,8.000000,18.000000,3.000000,5.000000,0.000000,6.000000,12.000000,2.000000,4.000000,0.000000,7.000000,15.000000,2.000000,5.000000,8097.000000,2266.000000,4820.000000,695.000000,601.000000,3.000000,
0.041054,0.009614,0.352853,0.001189,0.496726,-209088.962122,3.029052,2195607.000000,1874874.000000,3722527.000000,334752.000000,1282372.000000,1952.000000,539.000000,1146.000000,164.000000,144.000000,453.000000,125.000000,266.000000,38.000000,33.000000,2784.000000,769.000000,1633.000000,233.000000,205.000000,15.000000,8.000000,18.000000,3.000000,5.000000,0.000000,6.000000,12.000000,2.000000,4.000000,0.000000,7.000000,15.000000,2.000000,5.000000,8097.000000,2266.000000,4820.000000,695.000000,601.000000,3.000000,
0.041054,0.009614,0.352853,0.001189,0.496726,-209088.962122,3.029052,2195607.000000,1874874.000000,3722527.000000,334752.000000,1282372.000000,1952.000000,539.000000,1146.000000,164.000000,144.000000,453.000000,125.000000,266.000000,38.000000,33.000000,2784.000000,769.000000,1633.000000,233.000000,205.000000,15.000000,8.000000,18.000000,3.000000,5.000000,0.000000,6.000000,12.000000,2.000000,4.000000,0.000000,7.000000,15.000000,2.000000,5.000000,8097.000000,2266.000000,4820.000000,695.000000,601.000000,3.000000,
0.041054,0.009614,0.352853,0.001189,0.496726,-209088.962122,3.029052,2195607.000000,1874874.000000,3722527.000000,334752.000000,1282372.000000,1952.000000,539.000000,1146.000000,164.000000,144.000000,453.000000,125.000000,266.000000,38.000000,33.000000,2784.000000,769.000000,1633.000000,233.000000,205.000000,15.000000,8.000000,18.000000,3.000000,5.000000,0.000000,6.000000,12.000000,2.000000,4.000000,0.000000,7.000000,15.000000,2.000000,5.000000,8097.000000,2266.000000,4820.000000,695.000000,601.000000,3.000000,
0.041054,0.009614,0.352853,0.001189,0.496726,-209088.962122,3.029052,2195607.000000,1874874.000000,3722527.000000,334752.000000,1282372.000000,1952.000000,539.000000,1146.000000,164.000000,144.000000,453.000000,125.000000,266.000000,38.000000,33.000000,2784.000000,769.000000,1633.000000,233.000000,205.000000,15.000000,8.000000,18.000000,3.000000,5.000000,0.000000,6.000000,12.000000,2.000000,4.000000,0.000000,7.000000,15.000000,2.000000,5.000000,8097.000000,2266.000000,4820.000000,695.000000,601.000000,3.000000,
0.041054,0.009614,0.352853,0.001189,0.496726,-209088.962122,3.029052,2195607.000000,1874874.000000,3722527.000000,334752.000000,1282372.000000,1952.000000,539.000000,1146.000000,164.000000,144.000000,453.000000,125.000000,266.000000,38.000000,33.000000,2784.000000,769.000000,1633.000000,233.000000,205.000000,15.000000,8.000000,18.000000,3.000000,5.000000,0.000000,6.000000,12.000000,2.000000,4.000000,0.000000,7.000000,15.000000,2.000000,5.000000,8097.000000,2266.000000,4820.000000,695.000000,601.000000,3.000000,
0.041054,0.009614,0.352853,0.001189,0.496726,-209088.962122,3.029052,2195607.000000,1874874.000000,3722527.000000,334752.000000,1282372.000000,1952.000000,539.000000,1146.000000,164.000000,144.000000,453.000000,125.000000,266.000000,38.000000,33.000000,2784.000000,769.000000,1633.000000,233.000000,205.000000,15.000000,8.000000,18.000000,3.000000,5.000000,0.000000,6.000000,12.000000,2.000000,4.000000,0.000000,7.000000,15.000000,2.000000,5.000000,8097.000000,2266.000000,4820.000000,695.000000,601.000000,3.000000,
0.041054,0.009614,0.352853,0.001189,0.496726,-209088.962122,3.029052,2195607.000000,1874874.000000,3722527.000000,334752.000000,1282372.000000,1952.000000,539.000000,1146.000000,164.000000,144.000000,453.000000,125.000000,266.000000,38.000000,33.000000,2784.000000,769.000000,1633.000000,233.000000,205.000000,15.000000,8.000000,18.000000,3.000000,5.000000,0.000000,6.000000,12.000000,2.000000,4.000000,0.000000,7.000000,15.000000,2.000000,5.000000,8097.000000,2266.000000,4820.000000,695.000000,601.000000,3.000000,
0.041054,0.009614,0.352853,0.001189,0.496726,-209088.962122,3.029052,2195607.000000,1874874.000000,3722527.000000,334752.000000,1282372.000000,1952.000000,539.000000,1146.000000,164.000000,144.000000,453.000000,125.000000,266.000000,38.000000,33.000000,2784.000000,769.000000,1633.000000,233.000000,205.000000,15.000000,8.000000,18.000000,3.000000,5.000000,0.000000,6.000000,12.000000,2.000000,4.000000,0.000000,7.000000,15.000000,2.000000,5.000000,8097.000000,2266.000000,4820.000000,695.000000,601.000000,3.000000,
0.041054,0.009614,0.352853,0.001189,0.496726,-209088.962122,3.029052,2195607.000000,1874874.000000,3722527.000000,334752.000000,1282372.000000,1952.000000,539.000000,1146.000000,164.000000,144.000000,453.000000,125.000000,266.000000,38.000000,33.000000,2784.000000,769.000000,1633.000000,233.000000,205.000000,15.000000,8.000000,18.000000,3.000000,5.000000,0.000000,6.000000,12.000000,2.000000,4.000000,0.000000,7.000000,15.000000,2.000000,5.000000,8097.000000,2266.000000,4820.000000,695.000000,601.000000,3.000000,
0.040939,0.010407,0.358216,0.001431,0.517193,-209364.928131,3.030467,2195607.000000,1874874.000000,3722527.000000,334752.000000,1282372.000000,1952.000000,539.000000,1146.000000,164.000000,144.000000,453.000000,125.000000,266.000000,38.000000,33.000000,2784.000000,769.000000,1633.000000,233.000000,205.000000,15.000000,8.000000,18.000000,3.000000,5.000000,0.000000,6.000000,12.000000,2.000000,4.000000,0.000000,7.000000,15.000000,2.000000,5.000000,8097.000000,2266.000000,4820.000000,695.000000,601.000000,3.000000,
0.040939,0.010407,0.358216,0.001431,0.517193,-209364.928131,3.030467,2195607.000000,1874874.000000,3722527.000000,334752.000000,1282372.000000,1952.000000,539.000000,1146.000000,164.000000,144.000000,453.000000,125.000000,266.000000,38.000000,33.000000,2784.000000,769.000000,1633.000000,233.000000,205.000000,15.000000,8.000000,18.000000,3.000000,5.000000,0.000000,6.000000,12.000000,2.000000,4.000000,0.000000,7.000000,15.000000,2.000000,5.000000,8097.000000,2266.000000,4820.000000,695.000000,601.000000,3.000000,
0.040939,0.010407,0.358216,0.001431,0.517193,-209364.928131,3.030467,2195607.000000,1874874.000000,3722527.000000,334752.000000,1282372.000000,1952.000000,539.000000,1146.000000,164.000000,144.000000,453.000000,125.000000,266.000000,38.000000,33.000000,2784.000000,769.000000,1633.000000,233.000000,205.000000,15.000000,8.000000,18.000000,3.000000,5.000000,0.000000,6.000000,12.000000,2.000000,4.000000,0.000000,7.000000,15.000000,2.000000,5.000000,8097.000000,2266.000000,4820.000000,695.000000,601.000000,3.000000,
0.041159,0.011077,0.347089,0.001061,0.505588,-208794.404092,3.026127,2195607.000000,1874874.000000,3722527.000000,334752.000000,1282372.000000,1952.000000,539.000000,1146.000000,164.000000,144.000000,453.000000,125.000000,266.000000,38.000000,33.000000,2784.000000,769.000000,1633.000000,233.000000,205.000000,15.000000,8.000000,18.000000,3.000000,5.000000,0.000000,6.000000,12.000000,2.000000,4.000000,0.000000,7.000000,15.000000,2.000000,5.000000,8097.000000,2266.000000,4820.000000,695.000000,601.000000,3.000000,
0.041159,0.011077,0.347089,0.001061,0.505588,-208794.404092,3.026127,2195607.000000,1874874.000000,3722527.000000,334752.000000,1282372.000000,1952.000000,539.000000,1146.000000,164.000000,144.000000,453.000000,125.000000,266.000000,38.000000,33.000000,2784.000000,769.000000,1633.000000,233.000000,205.000000,15.000000,8.000000,18.000000,3.000000,5.000000,0.000000,6.000000,12.000000,2.000000,4.000000,0.000000,7.000000,15.000000,2.000000,5.000000,8097.000000,2266.000000,4820.000000,695.000000,601.000000,3.000000,
0.041159,0.011077,0.347089,0.001061,0.505588,-208794.404092,3.026127,2195607.000000,1874874.000000,3722527.000000,334752.000000,1282372.000000,1952.000000,539.000000,1146.000000,164.000000,144.000000,453.000000,125.000000,266.000000,38.000000,33.000000,2784.000000,769.000000,1633.000000,233.000000,205.000000,15.000000,8.000000,18.000000,3.000000,5.000000,0.000000,6.000000,12.000000,2.000000,4.000000,0.000000,7.000000,15.000000,2.000000,5.000000,8097.000000,2266.000000,4820.000000,695.000000,601.000000,3.000000,
0.041159,0.011077,0.347089,0.001061,0.505588,-208794.404092,3.026127,2195607.000000,1874874.000000,3722527.000000,334752.000000,1282372.000000,1952.000000,539.000000,1146.000000,164.000000,144.000000,453.000000,125.000000,266.000000,38.000000,33.000000,2784.000000,769.000000,1633.000000,233.000000,205.000000,15.000000,8.000000,18.000000,3.000000,5.000000,0.000000,6.000000,12.000000,2.000000,4.000000,0.000000,7.000000,15.000000,2.000000,5.000000,8097.000000,2266.000000,4820.000000,695.000000,601.000000,3.000000,
0.041159,0.011077,0.347089,0.001061,0.505588,-208794.404092,3.026127,2195607.000000,1874874.000000,3722527.000000,334752.000000,1282372.000000,1952.000000,539.000000,1146.000000,164.000000,144.000000,453.000000,125.000000,266.000000,38.000000,33.000000,2784.000000,769.000000,1633.000000,233.000000,205.000000,15.000000,8.000000,18.000000,3.000000,5.000000,0.000000,6.000000,12.000000,2.000000,4.000000,0.000000,7.000000,15.000000,2.000000,5.000000,8097.000000,2266.000000,4820.000000,695.000000,601.000000,3.000000,
0.041159,0.011077,0.347089,0.001061,0.505588,-208794.404092,3.026127,2195607.000000,1874874.000000,3722527.000000,334752.000000,1282372.000000,1952.000000,539.000000,1146.000000,164.000000,144.000000,453.000000,125.000000,266.000000,38.000000,33.000000,2784.000000,769.000000,1633.000000,233.000000,205.000000,15.000000,8.000000,18.000000,3.000000,5.000000,0.000000,6.000000,12.000000,2.000000,4.000000,0.000000,7.000000,15.000000,2.000000,5.000000,8097.000000,2266.000000,4820.000000,695.000000,601.000000,3.000000,
0.041159,0.011077,0.347089,0.001061,0.505588,-208794.404092,3.026127,2195607.000000,1874874.000000,3722527.000000,334752.000000,1282372.000000,1952.000000,539.000000,1146.000000,164.000000,144.000000,453.000000,125.000000,266.000000,38.000000,33.000000,2784.000000,769.000000,1633.000000,233.000000,205.000000,15.000000,8.000000,18.000000,3.000000,5.000000,0.000000,6.000000,12.000000,2.000000,4.000000,0.000000,7.000000,15.000000,2.000000,5.000000,8097.000000,2266.000000,4820.000000,695.000000,601.000000,3.000000,
0.041159,0.011077,0.347089,0.001061,0.505588,-208794.404092,3.026127,2195607.000000,1874874.000000,3722527.000000,334752.000000,1282372.000000,1952.000000,539.000000,1146.000000,164.000000,144.000000,453.000000,125.000000,266.000000,38.000000,33.000000,2784.000000,769.000000,1633.000000,233.000000,205.000000,15.000000,8.000000,18.000000,3.000000,5.000000,0.000000,6.000000,12.000000,2.000000,4.000000,0.000000,7.000000,15.000000,2.000000,5.000000,8097.000000,2266.000000,4820.000000,695.000000,601.000000,3.000000,
0.041159,0.011077,0.347089,0.001061,0.505588,-208794.404092,3.026127,2195607.000000,1874874.000000,3722527.000000,334752.000000,1282372.000000,1952.000000,539.000000,1146.000000,164.000000,144.000000,453.000000,125.000000,266.000000,38.000000,33.000000,2784.000000,769.000000,1633.000000,233.000000,205.000000,15.000000,8.000000,18.000000,3.000000,5.000000,0.000000,6.000000,12.000000,2.000000,4.000000,0.000000,7.000000,15.000000,2.000000,5.000000,8097.000000,2266.000000,4820.000000,695.000000,601.000000,3.000000,
0.041159,0.011077,0.347089,0.001061,0.505588,-208794.404092,3.026127,2195607.000000,1874874.000000,3722527.000000,334752.000000,1282372.000000,1952.000000,539.000000,1146.000000,164.000000,144.000000,453.000000,125.000000,266.000000,38.000000,33.000000,2784.000000,769.000000,1633.000000,233.000000,205.000000,15.000000,8.000000,18.000000,3.000000,5.000000,0.000000,6.000000,12.000000,2.000000,4.000000,0.000000,7.000000,15.000000,2.000000,5.000000,8097.000000,2266.000000,4820.000000,695.000000,601.000000,3.000000,
0.041159,0.011077,0.347089,0.001061,0.505588,-208794.404092,3.026127,2195607.000000,1874874.000000,3722527.000000,334752.000000,1282372.000000,1952.000000,539.000000,1146.000000,164.000000,144.000000,453.000000,125.000000,266.000000,38.000000,33.000000,2784.000000,769.000000,1633.000000,233.000000,205.000000,15.000000,8.000000,18.000000,3.000000,5.000000,0.000000,6.000000,12.000000,2.000000,4.000000,0.000000,7.000000,15.000000,2.000000,5.000000,8097.000000,2266.000000,4820.000000,695.000000,601.000000,3.000000,
0.041116,0.030916,0.351474,0.001272,0.477558,-209018.371711,3.031058,2195607.000000,1874874.000000,3722527.000000,334752.000000,1282372.000000,1952.000000,539.000000,1146.000000,164.000000,144.000000,453.000000,125.000000,266.000000,38.000000,33.000000,2784.000000,769.000000,1633.000000,233.000000,205.000000,15.000000,8.000000,18.000000,3.000000,5.000000,0.000000,6.000000,12.000000,2.000000,4.000000,0.000000,7.000000,15.000000,2.000000,5.000000,8097.000000,2266.000000,4820.000000,695.000000,601.000000,3.000000,
0.041116,0.030916,0.351474,0.001272,0.477558,-209018.371711,3.031058,2195607.000000,1874874.000000,3722527.000000,334752.000000,1282372.000000,1952.000000,539.000000,1146.000000,164.000000,144.000000,453.000000,125.000000,266.000000,38.000000,33.000000,2784.000000,769.000000,1633.000000,233.000000,205.000000,15.000000,8.000000,18.000000,3.000000,5.000000,0.000000,6.000000,12.000000,2.000000,4.000000,0.000000,7.000000,15.000000,2.000000,5.000000,8097.000000,2266.000000,4820.000000,695.000000,601.000000,3.000000,
0.041116,0.030916,0.351474,0.001272,0.477558,-209018.371711,3.031058,2195607.000000,1874874.000000,3722527.000000,334752.000000,1282372.000000,1952.000000,539.000000,1146.000000,164.000000,144.000000,453.000000,125.000000,266.000000,38.000000,33.000000,2784.000000,769.000000,1633.000000,233.000000,205.000000,15.000000,8.000000,18.000000,3.000000,5.000000,0.000000,6.000000,12.000000,2.000000,4.000000,0.000000,7.000000,15.000000,2.000000,5.000000,8097.000000,2266.000000,4820.000000,695.000000,601.000000,3.000000,
0.041116,0.030916,0.351474,0.001272,0.477558,-209018.371711,3.031058,2195607.000000,1874874.000000,3722527.000000,334752.000000,1282372.000000,1952.000000,539.000000,1146.000000,164.000000,144.000000,453.000000,125.000000,266.000000,38.000000,33.000000,2784.000000,769.000000,1633.000000,233.000000,205.000000,15.000000,8.000000,18.000000,3.000000,5.000000,0.000000,6.000000,12.000000,2.000000,4.000000,0.000000,7.000000,15.000000,2.000000,5.000000,8097.000000,2266.000000,4820.000000,695.000000,601.000000,3.000000,
0.041036,0.032091,0.356925,0.001316,0.436258,-209298.436046,3.035314,2195607.000000,1874874.000000,3722527.000000,334752.000000,1282372.000000,1952.000000,539.000000,1146.000000,164.000000,144.000000,453.000000,125.000000,266.000000,38.000000,33.000000,2784.000000,769.000000,1633.000000,233.000000,205.000000,15.000000,8.000000,18.000000,3.000000,5.000000,0.000000,6.000000,12.000000,2.000000,4.000000,0.000000,7.000000,15.000000,2.000000,5.000000,8097.000000,2266.000000,4820.000000,695.000000,601.000000,3.000000,
0.041036,0.032091,0.356925,0.001316,0.436258,-209298.436046,3.035314,2195607.000000,1874874.000000,3722527.000000,334752.000000,1282372.000000,1952.000000,539.000000,1146.000000,164.000000,144.000000,453.000000,125.000000,266.000000,38.000000,33.000000,2784.000000,769.000000,1633.000000,233.000000,205.000000,15.000000,8.000000,18.000000,3.000000,5.000000,0.000000,6.000000,12.000000,2.000000,4.000000,0.000000,7.000000,15.000000,2.000000,5.000000,8097.000000,2266.000000,4820.000000,695.000000,601.000000,3.000000,
0.041036,0.032091,0.356925,0.001316,0.436258,-209298.436046,3.035314,2195607.000000,1874874.000000,3722527.000000,334752.000000,1282372.000000,1952.000000,539.000000,1146.000000,164.000000,144.000000,453.000000,125.000000,266.000000,38.000000,33.000000,2784.000000,769.000000,1633.000000,233.000000,205.000000,15.000000,8.000000,18.000000,3.000000,5.000000,0.000000,6.000000,12.000000,2.000000,4.000000,0.000000,7.000000,15.000000,2.000000,5.000000,8097.000000,2266.000000,4820.000000,695.000000,601.000000,3.000000,
0.041036,0.032091,0.356925,0.001316,0.436258,-209298.436046,3.035314,2195607.000000,1874874.000000,3722527.000000,334752.000000,1282372.000000,1952.000000,539.000000,1146.000000,164.000000,144.000000,453.000000,125.000000,266.000000,38.000000,33.000000,2784.000000,769.000000,1633.000000,233.000000,205.000000,15.000000,8.000000,18.000000,3.000000,5.000000,0.000000,6.000000,12.000000,2.000000,4.000000,0.000000,7.000000,15.000000,2.000000,5.000000,8097.000000,2266.000000,4820.000000,695.000000,601.000000,3.000000,
0.041107,0.037682,0.353504,0.001101,0.527446,-209122.474787,3.034174,2195607.000000,1874874.000000,3722527.000000,334752.000000,1282372.000000,1952.000000,539.000000,1146.000000,164.000000,144.000000,453.000000,125.000000,266.000000,38.000000,33.000000,2784.000000,769.000000,1633.000000,233.000000,205.000000,15.000000,8.000000,18.000000,3.000000,5.000000,0.000000,6.000000,12.000000,2.000000,4.000000,0.000000,7.000000,15.000000,2.000000,5.000000,8097.000000,2266.000000,4820.000000,695.000000,601.000000,3.000000,
0.041107,0.037682,0.353504,0.001101,0.527446,-209122.474787,3.034174,2195607.000000,1874874.000000,3722527.000000,334752.000000,1282372.000000,1952.000000,539.000000,1146.000000,164.000000,144.000000,453.000000,125.000000,266.000000,38.000000,33.000000,2784.000000,769.000000,1633.000000,233.000000,205.000000,15.000000,8.000000,18.000000,3.000000,5.000000,0.000000,6.000000,12.000000,2.000000,4.000000,0.000000,7.000000,15.000000,2.000000,5.000000,8097.000000,2266.000000,4820.000000,695.000000,601.000000,3.000000,
0.041107,0.037682,0.353504,0.001101,0.527446,-209122.474787,3.034174,2195607.000000,1874874.000000,3722527.000000,334752.000000,1282372.000000,1952.000000,539.000000,1146.000000,164.000000,144.000000,453.000000,125.000000,266.000000,38.000000,33.000000,2784.000000,769.000000,1633.000000,233.000000,205.000000,15.000000,8.000000,18.000000,3.000000,5.000000,0.000000,6.000000,12.000000,2.000000,4.000000,0.000000,7.000000,15.000000,2.000000,5.000000,8097.000000,2266.000000,4820.000000,695.000000,601.000000,3.000000,
0.041107,0.037682,0.353504,0.001101,0.527446,-209122.474787,3.034174,2195607.000000,1874874.000000,3722527.000000,334752.000000,1282372.000000,1952.000000,539.000000,1146.000000,164.000000,144.000000,453.000000,125.000000,266.000000,38.000000,33.000000,2784.000000,769.000000,1633.000000,233.000000,205.000000,15.000000,8.000000,18.000000,3.000000,5.000000,0.000000,6.000000,12.000000,2.000000,4.000000,0.000000,7.000000,15.000000,2.000000,5.000000,8097.000000,2266.000000,4820.000000,695.000000,601.000000,3.000000,
0.041260,0.052692,0.344634,0.001664,0.516693,-208669.709175,3.028990,2195607.000000,1874874.000000,3722527.000000,334752.000000,1282372.000000,1952.000000,539.000000,1146.000000,164.000000,144.000000,453.000000,125.000000,266.000000,38.000000,33.000000,2784.000000,769.000000,1633.000000,233.000000,205.000000,15.000000,8.000000,18.000000,3.000000,5.000000,0.000000,6.000000,12.000000,2.000000,4.000000,0.000000,7.000000,15.000000,2.000000,5.000000,8097.000000,2266.000000,4820.000000,695.000000,601.000000,3.000000,
0.041260,0.052692,0.344634,0.001664,0.516693,-208669.709175,3.028990,2195607.000000,1874874.000000,3722527.000000,334752.000000,1282372.000000,1952.000000,539.000000,1146.000000,164.000000,144.000000,453.000000,125.000000,266.000000,38.000000,33.000000,2784.000000,769.000000,1633.000000,233.000000,205.000000,15.000000,8.000000,18.000000,3.000000,5.000000,0.000000,6.000000,12.000000,2.000000,4.000000,0.000000,7.000000,15.000000,2.000000,5.000000,8097.000000,2266.000000,4820.000000,695.000000,601.000000,3.000000,
0.041432,0.053088,0.330786,0.001200,0.527160,-207972.932094,3.015654,2195607.000000,1874874.000000,3722527.000000,334752.000000,1282372.000000,1952.000000,539.000000,1146.000000,164.000000,144.000000,453.000000,125.000000,266.000000,38.000000,33.000000,2784.000000,769.000000,1633.000000,233.000000,205.000000,15.000000,8.000000,18.000000,3.000000,5.000000,0.000000,6.000000,12.000000,2.000000,4.000000,0.000000,7.000000,15.000000,2.000000,5.000000,8097.000000,2266.000000,4820.000000,695.000000,601.000000,3.000000,
0.041498,0.049306,0.325916,0.001467,0.568545,-207730.829524,3.011384,2195607.000000,1874874.000000,3722527.000000,334752.000000,1282372.000000,1952.000000,539.000000,1146.000000,164.000000,144.000000,453.000000,125.000000,266.000000,38.000000,33.000000,2784.000000,769.000000,1633.000000,233.000000,205.000000,15.000000,8.000000,18.000000,3.000000,5.000000,0.000000,6.000000,12.000000,2.000000,4.000000,0.000000,7.000000,15.000000,2.000000,5.000000,8097.000000,2266.000000,4820.000000,695.000000,601.000000,3.000000,
0.041498,0.049306,0.325916,0.001467,0.568545,-207730.829524,3.011384,2195607.000000,1874874.000000,3722527.000000,334752.000000,1282372.000000,1952.000000,539.000000,1146.000000,164.000000,144.000000,453.000000,125.000000,266.000000,38.000000,33.000000,2784.000000,769.000000,1633.000000,233.000000,205.000000,15.000000,8.000000,18.000000,3.000000,5.000000,0.000000,6.000000,12.000000,2.000000,4.000000,0.000000,7.000000,15.000000,2.000000,5.000000,8097.000000,2266.000000,4820.000000,695.000000,601.000000,3.000000,
0.041451,0.066725,0.329271,0.001373,0.647047,-207897.439573,3.014248,2195607.000000,1874874.000000,3722527.000000,334752.000000,1282372.000000,1952.000000,539.000000,1146.000000,164.000000,144.000000,453.000000,125.000000,266.000000,38.000000,33.000000,2784.000000,769.000000,1633.000000,233.000000,205.000000,15.000000,8.000000,18.000000,3.000000,5.000000,0.000000,6.000000,12.000000,2.000000,4.000000,0.000000,7.000000,15.000000,2.000000,5.000000,8097.000000,2266.000000,4820.000000,695.000000,601.000000,3.000000,
0.041451,0.066725,0.329271,0.001373,0.647047,-207897.439573,3.014248,2195607.000000,1874874.000000,3722527.000000,334752.000000,1282372.000000,1952.000000,539.000000,1146.000000,164.000000,144.000000,453.000000,125.000000,266.000000,38.000000,33.000000,2784.000000,769.000000,1633.000000,233.000000,205.000000,15.000000,8.000000,18.000000,3.000000,5.000000,0.000000,6.000000,12.000000,2.000000,4.000000,0.000000,7.000000,15.000000,2.000000,5.000000,8097.000000,2266.000000,4820.000000,695.000000,601.000000,3.000000,
0.041451,0.066725,0.329271,0.001373,0.647047,-207897.439573,3.014248,2195607.000000,1874874.000000,3722527.000000,334752.000000,1282372.000000,1952.000000,539.000000,1146.000000,164.000000,144.000000,453.000000,125.000000,266.000000,38.000000,33.000000,2784.000000,769.000000,1633.000000,233.000000,205.000000,15.000000,8.000000,18.000000,3.000000,5.000000,0.000000,6.000000,12.000000,2.000000,4.000000,0.000000,7.000000,15.000000,2.000000,5.000000,8097.000000,2266.000000,4820.000000,695.000000,601.000000,3.000000,
0.041451,0.066725,0.329271,0.001373,0.647047,-207897.439573,3.014248,2195607.000000,1874874.000000,3722527.000000,334752.000000,1282372.000000,1952.000000,539.000000,1146.000000,164.000000,144.000000,453.000000,125.000000,266.000000,38.000000,33.000000,2784.000000,769.000000,1633.000000,233.000000,205.000000,15.000000,8.000000,18.000000,3.000000,5.000000,0.000000,6.000000,12.000000,2.000000,4.000000,0.000000,7.000000,15.000000,2.000000,5.000000,8097.000000,2266.000000,4820.000000,695.000000,601.000000,3.000000,
0.041451,0.066725,0.329271,0.001373,0.647047,-207897.439573,3.014248,2195607.000000,1874874.000000,3722527.000000,334752.000000,1282372.000000,1952.000000,539.000000,1146.000000,164.000000,144.000000,453.000000,125.000000,266.000000,38.000000,33.000000,2784.000000,769.000000,1633.000000,233.000000,205.000000,15.000000,8.000000,18.000000,3.000000,5.000000,0.000000,6.000000,12.000000,2.000000,4.000000,0.000000,7.000000,15.000000,2.000000,5.000000,8097.000000,2266.000000,4820.000000,695.000000,601.000000,3.000000,
0.041451,0.066725,0.329271,0.001373,0.647047,-207897.439573,3.014248,2195607.000000,1874874.000000,3722527.000000,334752.000000,1282372.000000,1952.000000,539.000000,1146.000000,164.000000,144.000000,453.000000,125.000000,266.000000,38.000000,33.000000,2784.000000,769.000000,1633.000000,233.000000,205.000000,15.000000,8.000000,18.000000,3.000000,5.000000,0.000000,6.000000,12.000000,2.000000,4.000000,0.000000,7.000000,15.000000,2.000000,5.000000,8097.000000,2266.000000,4820.000000,695.000000,601.000000,3.000000,
0.041451,0.066725,0.329271,0.001373,0.647047,-207897.439573,3.014248,2195607.000000,1874874.000000,3722527.000000,334752.000000,1282372.000000,1952.000000,539.000000,1146.000000,164.000000,144.000000,453.000000,125.000000,266.000000,38.000000,33.000000,2784.000000,769.000000,1633.000000,233.000000,205.000000,15.000000,8.000000,18.000000,3.000000,5.000000,0.000000,6.000000,12.000000,2.000000,4.000000,0.000000,7.000000,15.000000,2.000000,5.000000,8097.000000,2266.000000,4820.000000,695.000000,601.000000,3.000000,
0.041573,0.020062,0.324076,0.002274,0.518207,-207639.801130,3.013332,2195607.000000,1874874.000000,3722527.000000,334752.000000,1282372.000000,1952.000000,539.000000,1146.000000,164.000000,144.000000,453.000000,125.000000,266.000000,38.000000,33.000000,2784.000000,769.000000,1633.000000,233.000000,205.000000,15.000000,8.000000,18.000000,3.000000,5.000000,0.000000,6.000000,12.000000,2.000000,4.000000,0.000000,7.000000,15.000000,2.000000,5.000000,8097.000000,2266.000000,4820.000000,695.000000,601.000000,3.000000,
0.041573,0.020062,0.324076,0.002274,0.518207,-207639.801130,3.013332,2195607.000000,1874874.000000,3722527.000000,334752.000000,1282372.000000,1952.000000,539.000000,1146.000000,164.000000,144.000000,453.000000,125.000000,266.000000,38.000000,33.000000,2784.000000,769.000000,1633.000000,233.000000,205.000000,15.000000,8.000000,18.000000,3.000000,5.000000,0.000000,6.000000,12.000000,2.000000,4.000000,0.000000,7.000000,15.000000,2.000000,5.000000,8097.000000,2266.000000,4820.000000,695.000000,601.000000,3.000000,
0.041462,0.012966,0.328954,0.001447,0.600691,-207881.708599,3.014448,2195607.000000,1874874.000000,3722527.000000,334752.000000,1282372.000000,1952.000000,539.000000,1146.000000,164.000000,144.000000,453.000000,125.000000,266.000000,38.000000,33.000000,2784.000000,769.000000,1633.000000,233.000000,205.000000,15.000000,8.000000,18.000000,3.000000,5.000000,0.000000,6.000000,12.000000,2.000000,4.000000,0.000000,7.000000,15.000000,2.000000,5.000000,8097.000000,2266.000000,4820.000000,695.000000,601.000000,3.000000,
0.041462,0.012966,0.328954,0.001447,0.600691,-207881.708599,3.014448,2195607.000000,1874874.000000,3722527.000000,334752.000000,1282372.000000,1952.000000,539.000000,1146.000000,164.000000,144.000000,453.000000,125.000000,266.000000,38.000000,33.000000,2784.000000,769.000000,1633.000000,233.000000,205.000000,15.000000,8.000000,18.000000,3.000000,5.000000,0.000000,6.000000,12.000000,2.000000,4.000000,0.000000,7.000000,15.000000,2.000000,5.000000,8097.000000,2266.000000,4820.000000,695.000000,601.000000,3.000000,
0.041524,0.009935,0.327392,0.001020,0.584022,-207804.121164,3.016046,2195607.000000,1874874.000000,3722527.000000,334752.000000,1282372.000000,1952.000000,539.000000,1146.000000,164.000000,144.000000,453.000000,125.000000,266.000000,38.000000,33.000000,2784.000000,769.000000,1633.000000,233.000000,205.000000,15.000000,8.000000,18.000000,3.000000,5.000000,0.000000,6.000000,12.000000,2.000000,4.000000,0.000000,7.000000,15.000000,2.000000,5.000000,8097.000000,2266.000000,4820.000000,695.000000,601.000000,3.000000,
0.041524,0.009935,0.327392,0.001020,0.584022,-207804.121164,3.016046,2195607.000000,1874874.000000,3722527.000000,334752.000000,1282372.000000,1952.000000,539.000000,1146.000000,164.000000,144.000000,453.000000,125.000000,266.000000,38.000000,33.000000,2784.000000,769.000000,1633.000000,233.000000,205.000000,15.000000,8.000000,18.000000,3.000000,5.000000,0.000000,6.000000,12.000000,2.000000,4.000000,0.000000,7.000000,15.000000,2.000000,5.000000,8097.000000,2266.000000,4820.000000,695.000000,601.000000,3.000000,
0.041524,0.009935,0.327392,0.001020,0.584022,-207804.121164,3.016046,2195607.000000,1874874.000000,3722527.000000,334752.000000,1282372.000000,1952.000000,539.000000,1146.000000,164.000000,144.000000,453.000000,125.000000,266.000000,38.000000,33.000000,2784.000000,769.000000,1633.000000,233.000000,205.000000,15.000000,8.000000,18.000000,3.000000,5.000000,0.000000,6.000000,12.000000,2.000000,4.000000,0.000000,7.000000,15.000000,2.000000,5.000000,8097.000000,2266.000000,4820.000000,695.000000,601.000000,3.000000,
0.041524,0.009935,0.327392,0.001020,0.584022,-207804.121164,3.016046,2195607.000000,1874874.000000,3722527.000000,334752.000000,1282372.000000,1952.000000,539.000000,1146.000000,164.000000,144.000000,453.000000,125.000000,266.000000,38.000000,33.000000,2784.000000,769.000000,1633.000000,233.000000,205.000000,15.000000,8.000000,18.000000,3.000000,5.000000,0.000000,6.000000,12.000000,2.000000,4.000000,0.000000,7.000000,15.000000,2.000000,5.000000,8097.000000,2266.000000,4820.000000,695.000000,601.000000,3.000000,
0.041524,0.009935,0.327392,0.001020,0.584022,-207804.121164,3.016046,2195607.000000,1874874.000000,3722527.000000,334752.000000,1282372.000000,1952.000000,539.000000,1146.000000,164.000000,144.000000,453.000000,125.000000,266.000000,38.000000,33.000000,2784.000000,769.000000,1633.000000,233.000000,205.000000,15.000000,8.000000,18.000000,3.000000,5.000000,0.000000,6.000000,12.000000,2.000000,4.000000,0.000000,7.000000,15.000000,2.000000,5.000000,8097.000000,2266.000000,4820.000000,695.000000,601.000000,3.000000,
0.041524,0.009935,0.327392,0.001020,0.584022,-207804.121164,3.016046,2195607.000000,1874874.000000,3722527.000000,334752.000000,1282372.000000,1952.000000,539.000000,1146.000000,164.000000,144.000000,453.000000,125.000000,266.000000,38.000000,33.000000,2784.000000,769.000000,1633.000000,233.000000,205.000000,15.000000,8.000000,18.000000,3.000000,5.000000,0.000000,6.000000,12.000000,2.000000,4.000000,0.000000,7.000000,15.000000,2.000000,5.000000,8097.000000,2266.000000,4820.000000,695.000000,601.000000,3.000000,
0.041524,0.009935,0.327392,0.001020,0.584022,-207804.121164,3.016046,2195607.000000,1874874.000000,3722527.000000,334752.000000,1282372.000000,1952.000000,539.000000,1146.000000,164.000000,144.000000,453.000000,125.000000,266.000000,38.000000,33.000000,2784.000000,769.000000,1633.000000,233.000000,205.000000,15.000000,8.000000,18.000000,3.000000,5.000000,0.000000,6.000000,12.000000,2.000000,4.000000,0.000000,7.000000,15.000000,2.000000,5.000000,8097.000000,2266.000000,4820.000000,695.000000,601.000000,3.000000,
0.041524,0.009935,0.327392,0.001020,0.584022,-207804.121164,3.016046,2195607.000000,1874874.000000,3722527.000000,334752.000000,1282372.000000,1952.000000,539.000000,1146.000000,164.000000,144.000000,453.000000,125.000000,266.000000,38.000000,33.000000,2784.000000,769.000000,1633.000000,233.000000,205.000000,15.000000,8.000000,18.000000,3.000000,5.000000,0.000000,6.000000,12.000000,2.000000,4.000000,0.000000,7.000000,15.000000,2.000000,5.000000,8097.000000,2266.000000,4820.000000,695.000000,601.000000,3.000000,
0.041524,0.009935,0.327392,0.001020,0.584022,-207804.121164,3.016046,2195607.000000,1874874.000000,3722527.000000,334752.000000,1282372.000000,1952.000000,539.000000,1146.000000,164.000000,144.000000,453.000000,125.000000,266.000000,38.000000,33.000000,2784.000000,769.000000,1633.000000,233.000000,205.000000,15.000000,8.000000,18.000000,3.000000,5.000000,0.000000,6.000000,12.000000,2.000000,4.000000,0.000000,7.000000,15.000000,2.000000,5.000000,8097.000000,2266.000000,4820.000000,695.000000,601.000000,3.000000,
0.041524,0.009935,0.327392,0.001020,0.584022,-207804.121164,3.016046,2195607.000000,1874874.000000,3722527.000000,334752.000000,1282372.000000,1952.000000,539.000000,1146.000000,164.000000,144.000000,453.000000,125.000000,266.000000,38.000000,33.000000,2784.000000,769.000000,1633.000000,233.000000,205.000000,15.000000,8.000000,18.000000,3.000000,5.000000,0.000000,6.000000,12.000000,2.000000,4.000000,0.000000,7.000000,15.000000,2.000000,5.000000,8097.000000,2266.000000,4820.000000,695.000000,601.000000,3.000000,
0.041394,0.014944,0.331481,0.001227,0.581405,-208007.568944,3.014259,2195607.000000,1874874.000000,3722527.000000,334752.000000,1282372.000000,1952.000000,539.000000,1146.000000,164.000000,144.000000,453.000000,125.000000,266.000000,38.000000,33.000000,2784.000000,769.000000,1633.000000,233.000000,205.000000,15.000000,8.000000,18.000000,3.000000,5.000000,0.000000,6.000000,12.000000,2.000000,4.000000,0.000000,7.000000,15.000000,2.000000,5.000000,8097.000000,2266.000000,4820.000000,695.000000,601.000000,3.000000,
0.041394,0.014944,0.331481,0.001227,0.581405,-208007.568944,3.014259,2195607.000000,1874874.000000,3722527.000000,334752.000000,1282372.000000,1952.000000,539.000000,1146.000000,164.000000,144.000000,453.000000,125.000000,266.000000,38.000000,33.000000,2784.000000,769.000000,1633.000000,233.000000,205.000000,15.000000,8.000000,18.000000,3.000000,5.000000,0.000000,6.000000,12.000000,2.000000,4.000000,0.000000,7.000000,15.000000,2.000000,5.000000,8097.000000,2266.000000,4820.000000,695.000000,601.000000,3.000000,
0.041394,0.014944,0.331481,0.001227,0.581405,-208007.568944,3.014259,2195607.000000,1874874.000000,3722527.000000,334752.000000,1282372.000000,1952.000000,539.000000,1146.000000,164.000000,144.000000,453.000000,125.000000,266.000000,38.000000,33.000000,2784.000000,769.000000,1633.000000,233.000000,205.000000,15.000000,8.000000,18.000000,3.000000,5.000000,0.000000,6.000000,12.000000,2.000000,4.000000,0.000000,7.000000,15.000000,2.000000,5.000000,8097.000000,2266.000000,4820.000000,695.000000,601.000000,3.000000,
0.041334,0.013470,0.334926,0.001064,0.566136,-208179.874094,3.016246,2195607.000000,1874874.000000,3722527.000000,334752.000000,1282372.000000,1952.000000,539.000000,1146.000000,164.000000,144.000000,453.000000,125.000000,266.000000,38.000000,33.000000,2784.000000,769.000000,1633.000000,233.000000,205.000000,15.000000,8.000000,18.000000,3.000000,5.000000,0.000000,6.000000,12.000000,2.000000,4.000000,0.000000,7.000000,15.000000,2.000000,5.000000,8097.000000,2266.000000,4820.000000,695.000000,601.000000,3.000000,
0.041334,0.013470,0.334926,0.001064,0.566136,-208179.874094,3.016246,2195607.000000,1874874.000000,3722527.000000,334752.000000,1282372.000000,1952.000000,539.000000,1146.000000,164.000000,144.000000,453.000000,125.000000,266.000000,38.000000,33.000000,2784.000000,769.000000,1633.000000,233.000000,205.000000,15.000000,8.000000,18.000000,3.000000,5.000000,0.000000,6.000000,12.000000,2.000000,4.000000,0.000000,7.000000,15.000000,2.000000,5.000000,8097.000000,2266.000000,4820.000000,695.000000,601.000000,3.000000,
0.041334,0.013470,0.334926,0.001064,0.566136,-208179.874094,3.016246,2195607.000000,1874874.000000,3722527.000000,334752.000000,1282372.000000,1952.000000,539.000000,1146.000000,164.000000,144.000000,453.000000,125.000000,266.000000,38.000000,33.000000,2784.000000,769.000000,1633.000000,233.000000,205.000000,15.000000,8.000000,18.000000,3.000000,5.000000,0.000000,6.000000,12.000000,2.000000,4.000000,0.000000,7.000000,15.000000,2.000000,5.000000,8097.000000,2266.000000,4820.000000,695.000000,601.000000,3.000000,
0.041334,0.013470,0.334926,0.001064,0.566136,-208179.874094,3.016246,2195607.000000,1874874.000000,3722527.000000,334752.000000,1282372.000000,1952.000000,539.000000,1146.000000,164.000000,144.000000,453.000000,125.000000,266.000000,38.000000,33.000000,2784.000000,769.000000,1633.000000,233.000000,205.000000,15.000000,8.000000,18.000000,3.000000,5.000000,0.000000,6.000000,12.000000,2.000000,4.000000,0.000000,7.000000,15.000000,2.000000,5.000000,8097.000000,2266.000000,4820.000000,695.000000,601.000000,3.000000,
0.041334,0.013470,0.334926,0.001064,0.566136,-208179.874094,3.016246,2195607.000000,1874874.000000,3722527.000000,334752.000000,1282372.000000,1952.000000,539.000000,1146.000000,164.000000,144.000000,453.000000,125.000000,266.000000,38.000000,33.000000,2784.000000,769.000000,1633.000000,233.000000,205.000000,15.000000,8.000000,18.000000,3.000000,5.000000,0.000000,6.000000,12.000000,2.000000,4.000000,0.000000,7.000000,15.000000,2.000000,5.000000,8097.000000,2266.000000,4820.000000,695.000000,601.000000,3.000000,
0.041334,0.013470,0.334926,0.001064,0.566136,-208179.874094,3.016246,2195607.000000,1874874.000000,3722527.000000,334752.000000,1282372.000000,1952.000000,539.000000,1146.000000,164.000000,144.000000,453.000000,125.000000,266.000000,38.000000,33.000000,2784.000000,769.000000,1633.000000,233.000000,205.000000,15.000000,8.000000,18.000000,3.000000,5.000000,0.000000,6.000000,12.000000,2.000000,4.000000,0.000000,7.000000,15.000000,2.000000,5.000000,8097.000000,2266.000000,4820.000000,695.000000,601.000000,3.000000,
0.041396,0.018940,0.334598,0.001352,0.525497,-208163.514480,3.020169,2195607.000000,1874874.000000,3722527.000000,334752.000000,1282372.000000,1952.000000,539.000000,1146.000000,164.000000,144.000000,453.000000,125.000000,266.000000,38.000000,33.000000,2784.000000,769.000000,1633.000000,233.000000,205.000000,15.000000,8.000000,18.000000,3.000000,5.000000,0.000000,6.000000,12.000000,2.000000,4.000000,0.000000,7.000000,15.000000,2.000000,5.000000,8097.000000,2266.000000,4820.000000,695.000000,601.000000,3.000000,
0.041396,0.018940,0.334598,0.001352,0.525497,-208163.514480,3.020169,2195607.000000,1874874.000000,3722527.000000,334752.000000,1282372.000000,1952.000000,539.000000,1146.000000,164.000000,144.000000,453.000000,125.000000,266.000000,38.000000,33.000000,2784.000000,769.000000,1633.000000,233.000000,205.000000,15.000000,8.000000,18.000000,3.000000,5.000000,0.000000,6.000000,12.000000,2.000000,4.000000,0.000000,7.000000,15.000000,2.000000,5.000000,8097.000000,2266.000000,4820.000000,695.000000,601.000000,3.000000,
0.041396,0.018940,0.334598,0.001352,0.525497,-208163.514480,3.020169,2195607.000000,1874874.000000,3722527.000000,334752.000000,1282372.000000,1952.000000,539.000000,1146.000000,164.000000,144.000000,453.000000,125.000000,266.000000,38.000000,33.000000,2784.000000,769.000000,1633.000000,233.000000,205.000000,15.000000,8.000000,18.000000,3.000000,5.000000,0.000000,6.000000,12.000000,2.000000,4.000000,0.000000,7.000000,15.000000,2.000000,5.000000,8097.000000,2266.000000,4820.000000,695.000000,601.000000,3.000000,
0.041396,0.018940,0.334598,0.001352,0.525497,-208163.514480,3.020169,2195607.000000,1874874.000000,3722527.000000,334752.000000,1282372.000000,1952.000000,539.000000,1146.000000,164.000000,144.000000,453.000000,125.000000,266.000000,38.000000,33.000000,2784.000000,769.000000,1633.000000,233.000000,205.000000,15.000000,8.000000,18.000000,3.000000,5.000000,0.000000,6.000000,12.000000,2.000000,4.000000,0.000000,7.000000,15.000000,2.000000,5.000000,8097.000000,2266.000000,4820.000000,695.000000,601.000000,3.000000,
0.041396,0.018940,0.334598,0.001352,0.525497,-208163.514480,3.020169,2195607.000000,1874874.000000,3722527.000000,334752.000000,1282372.000000,1952.000000,539.000000,1146.000000,164.000000,144.000000,453.000000,125.000000,266.000000,38.000000,33.000000,2784.000000,769.000000,1633.000000,233.000000,205.000000,15.000000,8.000000,18.000000,3.000000,5.000000,0.000000,6.000000,12.000000,2.000000,4.000000,0.000000,7.000000,15.000000,2.000000,5.000000,8097.000000,2266.000000,4820.000000,695.000000,601.000000,3.000000,
0.041396,0.018940,0.334598,0.001352,0.525497,-208163.514480,3.020169,2195607.000000,1874874.000000,3722527.000000,334752.000000,1282372.000000,1952.000000,539.000000,1146.000000,164.000000,144.000000,453.000000,125.000000,266.000000,38.000000,33.000000,2784.000000,769.000000,1633.000000,233.000000,205.000000,15.000000,8.000000,18.000000,3.000000,5.000000,0.000000,6.000000,12.000000,2.000000,4.000000,0.000000,7.000000,15.000000,2.000000,5.000000,8097.000000,2266.000000,4820.000000,695.000000,601.000000,3.000000,
0.041396,0.018940,0.334598,0.001352,0.525497,-208163.514480,3.020169,2195607.000000,1874874.000000,3722527.000000,334752.000000,1282372.000000,1952.000000,539.000000,1146.000000,164.000000,144.000000,453.000000,125.000000,266.000000,38.000000,33.000000,2784.000000,769.000000,1633.000000,233.000000,205.000000,15.000000,8.000000,18.000000,3.000000,5.000000,0.000000,6.000000,12.000000,2.000000,4.000000,0.000000,7.000000,15.000000,2.000000,5.000000,8097.000000,2266.000000,4820.000000,695.000000,601.000000,3.000000,
0.041396,0.018940,0.334598,0.001352,0.525497,-208163.514480,3.020169,2195607.000000,1874874.000000,3722527.000000,334752.000000,1282372.000000,1952.000000,539.000000,1146.000000,164.000000,144.000000,453.000000,125.000000,266.000000,38.000000,33.000000,2784.000000,769.000000,1633.000000,233.000000,205.000000,15.000000,8.000000,18.000000,3.000000,5.000000,0.000000,6.000000,12.000000,2.000000,4.000000,0.000000,7.000000,15.000000,2.000000,5.000000,8097.000000,2266.000000,4820.000000,695.000000,601.000000,3.000000,
0.041396,0.018940,0.334598,0.001352,0.525497,-208163.514480,3.020169,2195607.000000,1874874.000000,3722527.000000,334752.000000,1282372.000000,1952.000000,539.000000,1146.000000,164.000000,144.000000,453.000000,125.000000,266.000000,38.000000,33.000000,2784.000000,769.000000,1633.000000,233.000000,205.000000,15.000000,8.000000,18.000000,3.000000,5.000000,0.000000,6.000000,12.000000,2.000000,4.000000,0.000000,7.000000,15.000000,2.000000,5.000000,8097.000000,2266.000000,4820.000000,695.000000,601.000000,3.000000,
0.041396,0.018940,0.334598,0.001352,0.525497,-208163.514480,3.020169,2195607.000000,1874874.000000,3722527.000000,334752.000000,1282372.000000,1952.000000,539.000000,1146.000000,164.000000,144.000000,453.000000,125.000000,266.000000,38.000000,33.000000,2784.000000,769.000000,1633.000000,233.000000,205.000000,15.000000,8.000000,18.000000,3.000000,5.000000,0.000000,6.000000,12.000000,2.000000,4.000000,0.000000,7.000000,15.000000,2.000000,5.000000,8097.000000,2266.000000,4820.000000,695.000000,601.000000,3.000000,
0.041396,0.018940,0.334598,0.001352,0.525497,-208163.514480,3.020169,2195607.000000,1874874.000000,3722527.000000,334752.000000,1282372.000000,1952.000000,539.000000,1146.000000,164.000000,144.000000,453.000000,125.000000,266.000000,38.000000,33.000000,2784.000000,769.000000,1633.000000,233.000000,205.000000,15.000000,8.000000,18.000000,3.000000,5.000000,0.000000,6.000000,12.000000,2.000000,4.000000,0.000000,7.000000,15.000000,2.000000,5.000000,8097.000000,2266.000000,4820.000000,695.000000,601.000000,3.000000,
0.041396,0.018940,0.334598,0.001352,0.525497,-208163.514480,3.020169,2195607.000000,1874874.000000,3722527.000000,334752.000000,1282372.000000,1952.000000,539.000000,1146.000000,164.000000,144.000000,453.000000,125.000000,266.000000,38.000000,33.000000,2784.000000,769.000000,1633.000000,233.000000,205.000000,15.000000,8.000000,18.000000,3.000000,5.000000,0.000000,6.000000,12.000000,2.000000,4.000000,0.000000,7.000000,15.000000,2.000000,5.000000,8097.000000,2266.000000,4820.000000,695.000000,601.000000,3.000000,
0.041396,0.018940,0.334598,0.001352,0.525497,-208163.514480,3.020169,2195607.000000,1874874.000000,3722527.000000,334752.000000,1282372.000000,1952.000000,539.000000,1146.000000,164.000000,144.000000,453.000000,125.000000,266.000000,38.000000,33.000000,2784.000000,769.000000,1633.000000,233.000000,205.000000,15.000000,8.000000,18.000000,3.000000,5.000000,0.000000,6.000000,12.000000,2.000000,4.000000,0.000000,7.000000,15.000000,2.000000,5.000000,8097.000000,2266.000000,4820.000000,695.000000,601.000000,3.000000,
0.041396,0.018940,0.334598,0.001352,0.525497,-208163.514480,3.020169,2195607.000000,1874874.000000,3722527.000000,334752.000000,1282372.000000,1952.000000,539.000000,1146.000000,164.000000,144.000000,453.000000,125.000000,266.000000,38.000000,33.000000,2784.000000,769.000000,1633.000000,233.000000,205.000000,15.000000,8.000000,18.000000,3.000000,5.000000,0.000000,6.000000,12.000000,2.000000,4.000000,0.000000,7.000000,15.000000,2.000000,5.000000,8097.000000,2266.000000,4820.000000,695.000000,601.000000,3.000000,
0.041396,0.018940,0.334598,0.001352,0.525497,-208163.514480,3.020169,2195607.000000,1874874.000000,3722527.000000,334752.000000,1282372.000000,1952.000000,539.000000,1146.000000,164.000000,144.000000,453.000000,125.000000,266.000000,38.000000,33.000000,2784.000000,769.000000,1633.000000,233.000000,205.000000,15.000000,8.000000,18.000000,3.000000,5.000000,0.000000,6.000000,12.000000,2.000000,4.000000,0.000000,7.000000,15.000000,2.000000,5.000000,8097.000000,2266.000000,4820.000000,695.000000,601.000000,3.000000,
0.041396,0.018940,0.334598,0.001352,0.525497,-208163.514480,3.020169,2195607.000000,1874874.000000,3722527.000000,334752.000000,1282372.000000,1952.000000,539.000000,1146.000000,164.000000,144.000000,453.000000,125.000000,266.000000,38.000000,33.000000,2784.000000,769.000000,1633.000000,233.000000,205.000000,15.000000,8.000000,18.000000,3.000000,5.000000,0.000000,6.000000,12.000000,2.000000,4.000000,0.000000,7.000000,15.000000,2.000000,5.000000,8097.000000,2266.000000,4820.000000,695.000000,601.000000,3.000000,
0.041248,0.018199,0.342069,0.001751,0.576831,-208539.648486,3.023325,2195607.000000,1874874.000000,3722527.000000,334752.000000,1282372.000000,1952.000000,539.000000,1146.000000,164.000000,144.000000,453.000000,125.000000,266.000000,38.000000,33.000000,2784.000000,769.000000,1633.000000,233.000000,205.000000,15.000000,8.000000,18.000000,3.000000,5.000000,0.000000,6.000000,12.000000,2.000000,4.000000,0.000000,7.000000,15.000000,2.000000,5.000000,8097.000000,2266.000000,4820.000000,695.000000,601.000000,3.000000,
0.041248,0.018199,0.342069,0.001751,0.576831,-208539.648486,3.023325,2195607.000000,1874874.000000,3722527.000000,334752.000000,1282372.000000,1952.000000,539.000000,1146.000000,164.000000,144.000000,453.000000,125.000000,266.000000,38.000000,33.000000,2784.000000,769.000000,1633.000000,233.000000,205.000000,15.000000,8.000000,18.000000,3.000000,5.000000,0.000000,6.000000,12.000000,2.000000,4.000000,0.000000,7.000000,15.000000,2.000000,5.000000,8097.000000,2266.000000,4820.000000,695.000000,601.000000,3.000000,
0.041248,0.018199,0.342069,0.001751,0.576831,-208539.648486,3.023325,2195607.000000,1874874.000000,3722527.000000,334752.000000,1282372.000000,1952.000000,539.000000,1146.000000,164.000000,144.000000,453.000000,125.000000,266.000000,38.000000,33.000000,2784.000000,769.000000,1633.000000,233.000000,205.000000,15.000000,8.000000,18.000000,3.000000,5.000000,0.000000,6.000000,12.000000,2.000000,4.000000,0.000000,7.000000,15.000000,2.000000,5.000000,8097.000000,2266.000000,4820.000000,695.000000,601.000000,3.000000,
0.041248,0.018199,0.342069,0.001751,0.576831,-208539.648486,3.023325,2195607.000000,1874874.000000,3722527.000000,334752.000000,1282372.000000,1952.000000,539.000000,1146.000000,164.000000,144.000000,453.000000,125.000000,266.000000,38.000000,33.000000,2784.000000,769.000000,1633.000000,233.000000,205.000000,15.000000,8.000000,18.000000,3.000000,5.000000,0.000000,6.000000,12.000000,2.000000,4.000000,0.000000,7.000000,15.000000,2.000000,5.000000,8097.000000,2266.000000,4820.000000,695.000000,601.000000,3.000000,
0.041248,0.018199,0.342069,0.001751,0.576831,-208539.648486,3.023325,2195607.000000,1874874.000000,3722527.000000,334752.000000,1282372.000000,1952.000000,539.000000,1146.000000,164.000000,144.000000,453.000000,125.000000,266.000000,38.000000,33.000000,2784.000000,769.000000,1633.000000,233.000000,205.000000,15.000000,8.000000,18.000000,3.000000,5.000000,0.000000,6.000000,12.000000,2.000000,4.000000,0.000000,7.000000,15.000000,2.000000,5.000000,8097.000000,2266.000000,4820.000000,695.000000,601.000000,3.000000,
0.041424,0.029397,0.334769,0.001982,0.546954,-208172.168517,3.022545,2195607.000000,1874874.000000,3722527.000000,334752.000000,1282372.000000,1952.000000,539.000000,1146.000000,164.000000,144.000000,453.000000,125.000000,266.000000,38.000000,33.000000,2784.000000,769.000000,1633.000000,233.000000,205.000000,15.000000,8.000000,18.000000,3.000000,5.000000,0.000000,6.000000,12.000000,2.000000,4.000000,0.000000,7.000000,15.000000,2.000000,5.000000,8097.000000,2266.000000,4820.000000,695.000000,601.000000,3.000000,
0.041424,0.029397,0.334769,0.001982,0.546954,-208172.168517,3.022545,2195607.000000,1874874.000000,3722527.000000,334752.000000,1282372.000000,1952.000000,539.000000,1146.000000,164.000000,144.000000,453.000000,125.000000,266.000000,38.000000,33.000000,2784.000000,769.000000,1633.000000,233.000000,205.000000,15.000000,8.000000,18.000000,3.000000,5.000000,0.000000,6.000000,12.000000,2.000000,4.000000,0.000000,7.000000,15.000000,2.000000,5.000000,8097.000000,2266.000000,4820.000000,695.000000,601.000000,3.000000,
0.041424,0.029397,0.334769,0.001982,0.546954,-208172.168517,3.022545,2195607.000000,1874874.000000,3722527.000000,334752.000000,1282372.000000,1952.000000,539.000000,1146.000000,164.000000,144.000000,453.000000,125.000000,266.000000,38.000000,33.000000,2784.000000,769.000000,1633.000000,233.000000,205.000000,15.000000,8.000000,18.000000,3.000000,5.000000,0.000000,6.000000,12.000000,2.000000,4.000000,0.000000,7.000000,15.000000,2.000000,5.000000,8097.000000,2266.000000,4820.000000,695.000000,601.000000,3.000000,
0.041424,0.029397,0.334769,0.001982,0.546954,-208172.168517,3.022545,2195607.000000,1874874.000000,3722527.000000,334752.000000,1282372.000000,1952.000000,539.000000,1146.000000,164.000000,144.000000,453.000000,125.000000,266.000000,38.000000,33.000000,2784.000000,769.000000,1633.000000,233.000000,205.000000,15.000000,8.000000,18.000000,3.000000,5.000000,0.000000,6.000000,12.000000,2.000000,4.000000,0.000000,7.000000,15.000000,2.000000,5.000000,8097.000000,2266.000000,4820.000000,695.000000,601.000000,3.000000,
0.041424,0.029397,0.334769,0.001982,0.546954,-208172.168517,3.022545,2195607.000000,1874874.000000,3722527.000000,334752.000000,1282372.000000,1952.000000,539.000000,1146.000000,164.000000,144.000000,453.000000,125.000000,266.000000,38.000000,33.000000,2784.000000,769.000000,1633.000000,233.000000,205.000000,15.000000,8.000000,18.000000,3.000000,5.000000,0.000000,6.000000,12.000000,2.000000,4.000000,0.000000,7.000000,15.000000,2.000000,5.000000,8097.000000,2266.000000,4820.000000,695.000000,601.000000,3.000000,
0.041424,0.029397,0.334769,0.001982,0.546954,-208172.168517,3.022545,2195607.000000,1874874.000000,3722527.000000,334752.000000,1282372.000000,1952.000000,539.000000,1146.000000,164.000000,144.000000,453.000000,125.000000,266.000000,38.000000,33.000000,2784.000000,769.000000,1633.000000,233.000000,205.000000,15.000000,8.000000,18.000000,3.000000,5.000000,0.000000,6.000000,12.000000,2.000000,4.000000,0.000000,7.000000,15.000000,2.000000,5.000000,8097.000000,2266.000000,4820.000000,695.000000,601.000000,3.000000,
0.040469,0.226142,0.377991,0.002372,0.445118,-210398.837221,3.031858,2195607.000000,1874874.000000,3722527.000000,334752.000000,1282372.000000,1952.000000,539.000000,1146.000000,164.000000,144.000000,453.000000,125.000000,266.000000,38.000000,33.000000,2784.000000,769.000000,1633.000000,233.000000,205.000000,15.000000,8.000000,18.000000,3.000000,5.000000,0.000000,6.000000,12.000000,2.000000,4.000000,0.000000,7.000000,15.000000,2.000000,5.000000,8097.000000,2266.000000,4820.000000,695.000000,601.000000,3.000000,
0.040469,0.226142,0.377991,0.002372,0.445118,-210398.837221,3.031858,2195607.000000,1874874.000000,3722527.000000,334752.000000,1282372.000000,1952.000000,539.000000,1146.000000,164.000000,144.000000,453.000000,125.000000,266.000000,38.000000,33.000000,2784.000000,769.000000,1633.000000,233.000000,205.000000,15.000000,8.000000,18.000000,3.000000,5.000000,0.000000,6.000000,12.000000,2.000000,4.000000,0.000000,7.000000,15.000000,2.000000,5.000000,8097.000000,2266.000000,4820.000000,695.000000,601.000000,3.000000,
0.040562,0.184324,0.375307,0.003209,0.388879,-210257.040625,3.033910,2195607.000000,1874874.000000,3722527.000000,334752.000000,1282372.000000,1952.000000,539.000000,1146.000000,164.000000,144.000000,453.000000,125.000000,266.000000,38.000000,33.000000,2784.000000,769.000000,1633.000000,233.000000,205.000000,15.000000,8.000000,18.000000,3.000000,5.000000,0.000000,6.000000,12.000000,2.000000,4.000000,0.000000,7.000000,15.000000,2.000000,5.000000,8097.000000,2266.000000,4820.000000,695.000000,601.000000,3.000000,
0.040253,0.366704,0.392030,0.003248,0.432400,-211149.076517,3.041130,2195607.000000,1874874.000000,3722527.000000,334752.000000,1282372.000000,1952.000000,539.000000,1146.000000,164.000000,144.000000,453.000000,125.000000,266.000000,38.000000,33.000000,2784.000000,769.000000,1633.000000,233.000000,205.000000,15.000000,8.000000,18.000000,3.000000,5.000000,0.000000,6.000000,12.000000,2.000000,4.000000,0.000000,7.000000,15.000000,2.000000,5.000000,8097.000000,2266.000000,4820.000000,695.000000,601.000000,3.000000,
0.040334,0.407223,0.385881,0.003394,0.470571,-210818.806216,3.036104,2195607.000000,1874874.000000,3722527.000000,334752.000000,1282372.000000,1952.000000,539.000000,1146.000000,164.000000,144.000000,453.000000,125.000000,266.000000,38.000000,33.000000,2784.000000,769.000000,1633.000000,233.000000,205.000000,15.000000,8.000000,18.000000,3.000000,5.000000,0.000000,6.000000,12.000000,2.000000,4.000000,0.000000,7.000000,15.000000,2.000000,5.000000,8097.000000,2266.000000,4820.000000,695.000000,601.000000,3.000000,
0.040334,0.407223,0.385881,0.003394,0.470571,-210818.806216,3.036104,2195607.000000,1874874.000000,3722527.000000,334752.000000,1282372.000000,1952.000000,539.000000,1146.000000,164.000000,144.000000,453.000000,125.000000,266.000000,38.000000,33.000000,2784.000000,769.000000,1633.000000,233.000000,205.000000,15.000000,8.000000,18.000000,3.000000,5.000000,0.000000,6.000000,12.000000,2.000000,4.000000,0.000000,7.000000,15.000000,2.000000,5.000000,8097.000000,2266.000000,4820.000000,695.000000,601.000000,3.000000,
0.040306,0.200844,0.391407,0.006169,0.318996,-211115.573144,3.044026,2195607.000000,1874874.000000,3722527.000000,334752.000000,1282372.000000,1952.000000,539.000000,1146.000000,164.000000,144.000000,453.000000,125.000000,266.000000,38.000000,33.000000,2784.000000,769.000000,1633.000000,233.000000,205.000000,15.000000,8.000000,18.000000,3.000000,5.000000,0.000000,6.000000,12.000000,2.000000,4.000000,0.000000,7.000000,15.000000,2.000000,5.000000,8097.000000,2266.000000,4820.000000,695.000000,601.000000,3.000000,
0.040607,0.318905,0.375602,0.003168,0.470781,-210272.731987,3.037756,2195607.000000,1874874.000000,3722527.000000,334752.000000,1282372.000000,1952.000000,539.000000,1146.000000,164.000000,144.000000,453.000000,125.000000,266.000000,38.000000,33.000000,2784.000000,769.000000,1633.000000,233.000000,205.000000,15.000000,8.000000,18.000000,3.000000,5.000000,0.000000,6.000000,12.000000,2.000000,4.000000,0.000000,7.000000,15.000000,2.000000,5.000000,8097.000000,2266.000000,4820.000000,695.000000,601.000000,3.000000,
0.040607,0.318905,0.375602,0.003168,0.470781,-210272.731987,3.037756,2195607.000000,1874874.000000,3722527.000000,334752.000000,1282372.000000,1952.000000,539.000000,1146.000000,164.000000,144.000000,453.000000,125.000000,266.000000,38.000000,33.000000,2784.000000,769.000000,1633.000000,233.000000,205.000000,15.000000,8.000000,18.000000,3.000000,5.000000,0.000000,6.000000,12.000000,2.000000,4.000000,0.000000,7.000000,15.000000,2.000000,5.000000,8097.000000,2266.000000,4820.000000,695.000000,601.000000,3.000000,
0.040607,0.318905,0.375602,0.003168,0.470781,-210272.731987,3.037756,2195607.000000,1874874.000000,3722527.000000,334752.000000,1282372.000000,1952.000000,539.000000,1146.000000,164.000000,144.000000,453.000000,125.000000,266.000000,38.000000,33.000000,2784.000000,769.000000,1633.000000,233.000000,205.000000,15.000000,8.000000,18.000000,3.000000,5.000000,0.000000,6.000000,12.000000,2.000000,4.000000,0.000000,7.000000,15.000000,2.000000,5.000000,8097.000000,2266.000000,4820.000000,695.000000,601.000000,3.000000,
0.040607,0.318905,0.375602,0.003168,0.470781,-210272.731987,3.037756,2195607.000000,1874874.000000,3722527.000000,334752.000000,1282372.000000,1952.000000,539.000000,1146.000000,164.000000,144.000000,453.000000,125.000000,266.000000,38.000000,33.000000,2784.000000,769.000000,1633.000000,233.000000,205.000000,15.000000,8.000000,18.000000,3.000000,5.000000,0.000000,6.000000,12.000000,2.000000,4.000000,0.000000,7.000000,15.000000,2.000000,5.000000,8097.000000,2266.000000,4820.000000,695.000000,601.000000,3.000000,
0.040609,0.253229,0.373951,0.001834,0.519989,-210185.563241,3.034939,2195607.000000,1874874.000000,3722527.000000,334752.000000,1282372.000000,1952.000000,539.000000,1146.000000,164.000000,144.000000,453.000000,125.000000,266.000000,38.000000,33.000000,2784.000000,769.000000,1633.000000,233.000000,205.000000,15.000000,8.000000,18.000000,3.000000,5.000000,0.000000,6.000000,12.000000,2.000000,4.000000,0.000000,7.000000,15.000000,2.000000,5.000000,8097.000000,2266.000000,4820.000000,695.000000,601.000000,3.000000,
0.040609,0.253229,0.373951,0.001834,0.519989,-210185.563241,3.034939,2195607.000000,1874874.000000,3722527.000000,334752.000000,1282372.000000,1952.000000,539.000000,1146.000000,164.000000,144.000000,453.000000,125.000000,266.000000,38.000000,33.000000,2784.000000,769.000000,1633.000000,233.000000,205.000000,15.000000,8.000000,18.000000,3.000000,5.000000,0.000000,6.000000,12.000000,2.000000,4.000000,0.000000,7.000000,15.000000,2.000000,5.000000,8097.000000,2266.000000,4820.000000,695.000000,601.000000,3.000000,
0.040609,0.253229,0.373951,0.001834,0.519989,-210185.563241,3.034939,2195607.000000,1874874.000000,3722527.000000,334752.000000,1282372.000000,1952.000000,539.000000,1146.000000,164.000000,144.000000,453.000000,125.000000,266.000000,38.000000,33.000000,2784.000000,769.000000,1633.000000,233.000000,205.000000,15.000000,8.000000,18.000000,3.000000,5.000000,0.000000,6.000000,12.000000,2.000000,4.000000,0.000000,7.000000,15.000000,2.000000,5.000000,8097.000000,2266.000000,4820.000000,695.000000,601.000000,3.000000,
0.040609,0.253229,0.373951,0.001834,0.519989,-210185.563241,3.034939,2195607.000000,1874874.000000,3722527.000000,334752.000000,1282372.000000,1952.000000,539.000000,1146.000000,164.000000,144.000000,453.000000,125.000000,266.000000,38.000000,33.000000,2784.000000,769.000000,1633.000000,233.000000,205.000000,15.000000,8.000000,18.000000,3.000000,5.000000,0.000000,6.000000,12.000000,2.000000,4.000000,0.000000,7.000000,15.000000,2.000000,5.000000,8097.000000,2266.000000,4820.000000,695.000000,601.000000,3.000000,
0.040642,0.518508,0.369758,0.001388,0.468891,-209965.177150,3.029707,2195607.000000,1874874.000000,3722527.000000,334752.000000,1282372.000000,1952.000000,539.000000,1146.000000,164.000000,144.000000,453.000000,125.000000,266.000000,38.000000,33.000000,2784.000000,769.000000,1633.000000,233.000000,205.000000,15.000000,8.000000,18.000000,3.000000,5.000000,0.000000,6.000000,12.000000,2.000000,4.000000,0.000000,7.000000,15.000000,2.000000,5.000000,8097.000000,2266.000000,4820.000000,695.000000,601.000000,3.000000,
0.040642,0.518508,0.369758,0.001388,0.468891,-209965.177150,3.029707,2195607.000000,1874874.000000,3722527.000000,334752.000000,1282372.000000,1952.000000,539.000000,1146.000000,164.000000,144.000000,453.000000,125.000000,266.000000,38.000000,33.000000,2784.000000,769.000000,1633.000000,233.000000,205.000000,15.000000,8.000000,18.000000,3.000000,5.000000,0.000000,6.000000,12.000000,2.000000,4.000000,0.000000,7.000000,15.000000,2.000000,5.000000,8097.000000,2266.000000,4820.000000,695.000000,601.000000,3.000000,
0.040642,0.518508,0.369758,0.001388,0.468891,-209965.177150,3.029707,2195607.000000,1874874.000000,3722527.000000,334752.000000,1282372.000000,1952.000000,539.000000,1146.000000,164.000000,144.000000,453.000000,125.000000,266.000000,38.000000,33.000000,2784.000000,769.000000,1633.000000,233.000000,205.000000,15.000000,8.000000,18.000000,3.000000,5.000000,0.000000,6.000000,12.000000,2.000000,4.000000,0.000000,7.000000,15.000000,2.000000,5.000000,8097.000000,2266.000000,4820.000000,695.000000,601.000000,3.000000,
0.040642,0.518508,0.369758,0.001388,0.468891,-209965.177150,3.029707,2195607.000000,1874874.000000,3722527.000000,334752.000000,1282372.000000,1952.000000,539.000000,1146.000000,164.000000,144.000000,453.000000,125.000000,266.000000,38.000000,33.000000,2784.000000,769.000000,1633.000000,233.000000,205.000000,15.000000,8.000000,18.000000,3.000000,5.000000,0.000000,6.000000,12.000000,2.000000,4.000000,0.000000,7.000000,15.000000,2.000000,5.000000,8097.000000,2266.000000,4820.000000,695.000000,601.000000,3.000000,
0.040685,0.214496,0.369520,0.001794,0.411306,-209952.778412,3.032483,2195607.000000,1874874.000000,3722527.000000,334752.000000,1282372.000000,1952.000000,539.000000,1146.000000,164.000000,144.000000,453.000000,125.000000,266.000000,38.000000,33.000000,2784.000000,769.000000,1633.000000,233.000000,205.000000,15.000000,8.000000,18.000000,3.000000,5.000000,0.000000,6.000000,12.000000,2.000000,4.000000,0.000000,7.000000,15.000000,2.000000,5.000000,8097.000000,2266.000000,4820.000000,695.000000,601.000000,3.000000,
0.040747,0.406277,0.363548,0.002791,0.554923,-209641.015713,3.026110,2195607.000000,1874874.000000,3722527.000000,334752.000000,1282372.000000,1952.000000,539.000000,1146.000000,164.000000,144.000000,453.000000,125.000000,266.000000,38.000000,33.000000,2784.000000,769.000000,1633.000000,233.000000,205.000000,15.000000,8.000000,18.000000,3.000000,5.000000,0.000000,6.000000,12.000000,2.000000,4.000000,0.000000,7.000000,15.000000,2.000000,5.000000,8097.000000,2266.000000,4820.000000,695.000000,601.000000,3.000000,
0.040747,0.406277,0.363548,0.002791,0.554923,-209641.015713,3.026110,2195607.000000,1874874.000000,3722527.000000,334752.000000,1282372.000000,1952.000000,539.000000,1146.000000,164.000000,144.000000,453.000000,125.000000,266.000000,38.000000,33.000000,2784.000000,769.000000,1633.000000,233.000000,205.000000,15.000000,8.000000,18.000000,3.000000,5.000000,0.000000,6.000000,12.000000,2.000000,4.000000,0.000000,7.000000,15.000000,2.000000,5.000000,8097.000000,2266.000000,4820.000000,695.000000,601.000000,3.000000,
0.040747,0.406277,0.363548,0.002791,0.554923,-209641.015713,3.026110,2195607.000000,1874874.000000,3722527.000000,334752.000000,1282372.000000,1952.000000,539.000000,1146.000000,164.000000,144.000000,453.000000,125.000000,266.000000,38.000000,33.000000,2784.000000,769.000000,1633.000000,233.000000,205.000000,15.000000,8.000000,18.000000,3.000000,5.000000,0.000000,6.000000,12.000000,2.000000,4.000000,0.000000,7.000000,15.000000,2.000000,5.000000,8097.000000,2266.000000,4820.000000,695.000000,601.000000,3.000000,
0.040767,0.280134,0.362060,0.001664,0.517637,-209563.710670,3.024831,2195607.000000,1874874.000000,3722527.000000,334752.000000,1282372.000000,1952.000000,539.000000,1146.000000,164.000000,144.000000,453.000000,125.000000,266.000000,38.000000,33.000000,2784.000000,769.000000,1633.000000,233.000000,205.000000,15.000000,8.000000,18.000000,3.000000,5.000000,0.000000,6.000000,12.000000,2.000000,4.000000,0.000000,7.000000,15.000000,2.000000,5.000000,8097.000000,2266.000000,4820.000000,695.000000,601.000000,3.000000,
0.040767,0.280134,0.362060,0.001664,0.517637,-209563.710670,3.024831,2195607.000000,1874874.000000,3722527.000000,334752.000000,1282372.000000,1952.000000,539.000000,1146.000000,164.000000,144.000000,453.000000,125.000000,266.000000,38.000000,33.000000,2784.000000,769.000000,1633.000000,233.000000,205.000000,15.000000,8.000000,18.000000,3.000000,5.000000,0.000000,6.000000,12.000000,2.000000,4.000000,0.000000,7.000000,15.000000,2.000000,5.000000,8097.000000,2266.000000,4820.000000,695.000000,601.000000,3.000000,
0.040767,0.280134,0.362060,0.001664,0.517637,-209563.710670,3.024831,2195607.000000,1874874.000000,3722527.000000,334752.000000,1282372.000000,1952.000000,539.000000,1146.000000,164.000000,144.000000,453.000000,125.000000,266.000000,38.000000,33.000000,2784.000000,769.000000,1633.000000,233.000000,205.000000,15.000000,8.000000,18.000000,3.000000,5.000000,0.000000,6.000000,12.000000,2.000000,4.000000,0.000000,7.000000,15.000000,2.000000,5.000000,8097.000000,2266.000000,4820.000000,695.000000,601.000000,3.000000,
0.040767,0.280134,0.362060,0.001664,0.517637,-209563.710670,3.024831,2195607.000000,1874874.000000,3722527.000000,334752.000000,1282372.000000,1952.000000,539.000000,1146.000000,164.000000,144.000000,453.000000,125.000000,266.000000,38.000000,33.000000,2784.000000,769.000000,1633.000000,233.000000,205.000000,15.000000,8.000000,18.000000,3.000000,5.000000,0.000000,6.000000,12.000000,2.000000,4.000000,0.000000,7.000000,15.000000,2.000000,5.000000,8097.000000,2266.000000,4820.000000,695.000000,601.000000,3.000000,
0.040767,0.280134,0.362060,0.001664,0.517637,-209563.710670,3.024831,2195607.000000,1874874.000000,3722527.000000,334752.000000,1282372.000000,1952.000000,539.000000,1146.000000,164.000000,144.000000,453.000000,125.000000,266.000000,38.000000,33.000000,2784.000000,769.000000,1633.000000,233.000000,205.000000,15.000000,8.000000,18.000000,3.000000,5.000000,0.000000,6.000000,12.000000,2.000000,4.000000,0.000000,7.000000,15.000000,2.000000,5.000000,8097.000000,2266.000000,4820.000000,695.000000,601.000000,3.000000,
0.040767,0.280134,0.362060,0.001664,0.517637,-209563.710670,3.024831,2195607.000000,1874874.000000,3722527.000000,334752.000000,1282372.000000,1952.000000,539.000000,1146.000000,164.000000,144.000000,453.000000,125.000000,266.000000,38.000000,33.000000,2784.000000,769.000000,1633.000000,233.000000,205.000000,15.000000,8.000000,18.000000,3.000000,5.000000,0.000000,6.000000,12.000000,2.000000,4.000000,0.000000,7.000000,15.000000,2.000000,5.000000,8097.000000,2266.000000,4820.000000,695.000000,601.000000,3.000000,
0.040767,0.280134,0.362060,0.001664,0.517637,-209563.710670,3.024831,2195607.000000,1874874.000000,3722527.000000,334752.000000,1282372.000000,1952.000000,539.000000,1146.000000,164.000000,144.000000,453.000000,125.000000,266.000000,38.000000,33.000000,2784.000000,769.000000,1633.000000,233.000000,205.000000,15.000000,8.000000,18.000000,3.000000,5.000000,0.000000,6.000000,12.000000,2.000000,4.000000,0.000000,7.000000,15.000000,2.000000,5.000000,8097.000000,2266.000000,4820.000000,695.000000,601.000000,3.000000,
0.040767,0.280134,0.362060,0.001664,0.517637,-209563.710670,3.024831,2195607.000000,1874874.000000,3722527.000000,334752.000000,1282372.000000,1952.000000,539.000000,1146.000000,164.000000,144.000000,453.000000,125.000000,266.000000,38.000000,33.000000,2784.000000,769.000000,1633.000000,233.000000,205.000000,15.000000,8.000000,18.000000,3.000000,5.000000,0.000000,6.000000,12.000000,2.000000,4.000000,0.000000,7.000000,15.000000,2.000000,5.000000,8097.000000,2266.000000,4820.000000,695.000000,601.000000,3.000000,
0.040670,0.270374,0.370268,0.001594,0.474587,-209991.956775,3.032677,2195607.000000,1874874.000000,3722527.000000,334752.000000,1282372.000000,1952.000000,539.000000,1146.000000,164.000000,144.000000,453.000000,125.000000,266.000000,38.000000,33.000000,2784.000000,769.000000,1633.000000,233.000000,205.000000,15.000000,8.000000,18.000000,3.000000,5.000000,0.000000,6.000000,12.000000,2.000000,4.000000,0.000000,7.000000,15.000000,2.000000,5.000000,8097.000000,2266.000000,4820.000000,695.000000,601.000000,3.000000,
0.040670,0.270374,0.370268,0.001594,0.474587,-209991.956775,3.032677,2195607.000000,1874874.000000,3722527.000000,334752.000000,1282372.000000,1952.000000,539.000000,1146.000000,164.000000,144.000000,453.000000,125.000000,266.000000,38.000000,33.000000,2784.000000,769.000000,1633.000000,233.000000,205.000000,15.000000,8.000000,18.000000,3.000000,5.000000,0.000000,6.000000,12.000000,2.000000,4.000000,0.000000,7.000000,15.000000,2.000000,5.000000,8097.000000,2266.000000,4820.000000,695.000000,601.000000,3.000000,
0.040670,0.270374,0.370268,0.001594,0.474587,-209991.956775,3.032677,2195607.000000,1874874.000000,3722527.000000,334752.000000,1282372.000000,1952.000000,539.000000,1146.000000,164.000000,144.000000,453.000000,125.000000,266.000000,38.000000,33.000000,2784.000000,769.000000,1633.000000,233.000000,205.000000,15.000000,8.000000,18.000000,3.000000,5.000000,0.000000,6.000000,12.000000,2.000000,4.000000,0.000000,7.000000,15.000000,2.000000,5.000000,8097.000000,2266.000000,4820.000000,695.000000,601.000000,3.000000,
0.040670,0.270374,0.370268,0.001594,0.474587,-209991.956775,3.032677,2195607.000000,1874874.000000,3722527.000000,334752.000000,1282372.000000,1952.000000,539.000000,1146.000000,164.000000,144.000000,453.000000,125.000000,266.000000,38.000000,33.000000,2784.000000,769.000000,1633.000000,233.000000,205.000000,15.000000,8.000000,18.000000,3.000000,5.000000,0.000000,6.000000,12.000000,2.000000,4.000000,0.000000,7.000000,15.000000,2.000000,5.000000,8097.000000,2266.000000,4820.000000,695.000000,601.000000,3.000000,
0.040670,0.270374,0.370268,0.001594,0.474587,-209991.956775,3.032677,2195607.000000,1874874.000000,3722527.000000,334752.000000,1282372.000000,1952.000000,539.000000,1146.000000,164.000000,144.000000,453.000000,125.000000,266.000000,38.000000,33.000000,2784.000000,769.000000,1633.000000,233.000000,205.000000,15.000000,8.000000,18.000000,3.000000,5.000000,0.000000,6.000000,12.000000,2.000000,4.000000,0.000000,7.000000,15.000000,2.000000,5.000000,8097.000000,2266.000000,4820.000000,695.000000,601.000000,3.000000,
0.040662,0.538282,0.369197,0.001221,0.603166,-209935.780534,3.030122,2195607.000000,1874874.000000,3722527.000000,334752.000000,1282372.000000,1952.000000,539.000000,1146.000000,164.000000,144.000000,453.000000,125.000000,266.000000,38.000000,33.000000,2784.000000,769.000000,1633.000000,233.000000,205.000000,15.000000,8.000000,18.000000,3.000000,5.000000,0.000000,6.000000,12.000000,2.000000,4.000000,0.000000,7.000000,15.000000,2.000000,5.000000,8097.000000,2266.000000,4820.000000,695.000000,601.000000,3.000000,
0.040662,0.538282,0.369197,0.001221,0.603166,-209935.780534,3.030122,2195607.000000,1874874.000000,3722527.000000,334752.000000,1282372.000000,1952.000000,539.000000,1146.000000,164.000000,144.000000,453.000000,125.000000,266.000000,38.000000,33.000000,2784.000000,769.000000,1633.000000,233.000000,205.000000,15.000000,8.000000,18.000000,3.000000,5.000000,0.000000,6.000000,12.000000,2.000000,4.000000,0.000000,7.000000,15.000000,2.000000,5.000000,8097.000000,2266.000000,4820.000000,695.000000,601.000000,3.000000,
0.040662,0.538282,0.369197,0.001221,0.603166,-209935.780534,3.030122,2195607.000000,1874874.000000,3722527.000000,334752.000000,1282372.000000,1952.000000,539.000000,1146.000000,164.000000,144.000000,453.000000,125.000000,266.000000,38.000000,33.000000,2784.000000,769.000000,1633.000000,233.000000,205.000000,15.000000,8.000000,18.000000,3.000000,5.000000,0.000000,6.000000,12.000000,2.000000,4.000000,0.000000,7.000000,15.000000,2.000000,5.000000,8097.000000,2266.000000,4820.000000,695.000000,601.000000,3.000000,
0.040662,0.538282,0.369197,0.001221,0.603166,-209935.780534,3.030122,2195607.000000,1874874.000000,3722527.000000,334752.000000,1282372.000000,1952.000000,539.000000,1146.000000,164.000000,144.000000,453.000000,125.000000,266.000000,38.000000,33.000000,2784.000000,769.000000,1633.000000,233.000000,205.000000,15.000000,8.000000,18.000000,3.000000,5.000000,0.000000,6.000000,12.000000,2.000000,4.000000,0.000000,7.000000,15.000000,2.000000,5.000000,8097.000000,2266.000000,4820.000000,695.000000,601.000000,3.000000,
0.040738,0.997648,0.366319,0.001828,0.489809,-209785.394499,3.030539,2195607.000000,1874874.000000,3722527.000000,334752.000000,1282372.000000,1952.000000,539.000000,1146.000000,164.000000,144.000000,453.000000,125.000000,266.000000,38.000000,33.000000,2784.000000,769.000000,1633.000000,233.000000,205.000000,15.000000,8.000000,18.000000,3.000000,5.000000,0.000000,6.000000,12.000000,2.000000,4.000000,0.000000,7.000000,15.000000,2.000000,5.000000,8097.000000,2266.000000,4820.000000,695.000000,601.000000,3.000000,
0.040738,0.997648,0.366319,0.001828,0.489809,-209785.394499,3.030539,2195607.000000,1874874.000000,3722527.000000,334752.000000,1282372.000000,1952.000000,539.000000,1146.000000,164.000000,144.000000,453.000000,125.000000,266.000000,38.000000,33.000000,2784.000000,769.000000,1633.000000,233.000000,205.000000,15.000000,8.000000,18.000000,3.000000,5.000000,0.000000,6.000000,12.000000,2.000000,4.000000,0.000000,7.000000,15.000000,2.000000,5.000000,8097.000000,2266.000000,4820.000000,695.000000,601.000000,3.000000,
0.040738,0.997648,0.366319,0.001828,0.489809,-209785.394499,3.030539,2195607.000000,1874874.000000,3722527.000000,334752.000000,1282372.000000,1952.000000,539.000000,1146.000000,164.000000,144.000000,453.000000,125.000000,266.000000,38.000000,33.000000,2784.000000,769.000000,1633.000000,233.000000,205.000000,15.000000,8.000000,18.000000,3.000000,5.000000,0.000000,6.000000,12.000000,2.000000,4.000000,0.000000,7.000000,15.000000,2.000000,5.000000,8097.000000,2266.000000,4820.000000,695.000000,601.000000,3.000000,
0.040738,0.997648,0.366319,0.001828,0.489809,-209785.394499,3.030539,2195607.000000,1874874.000000,3722527.000000,334752.000000,1282372.000000,1952.000000,539.000000,1146.000000,164.000000,144.000000,453.000000,125.000000,266.000000,38.000000,33.000000,2784.000000,769.000000,1633.000000,233.000000,205.000000,15.000000,8.000000,18.000000,3.000000,5.000000,0.000000,6.000000,12.000000,2.000000,4.000000,0.000000,7.000000,15.000000,2.000000,5.000000,8097.000000,2266.000000,4820.000000,695.000000,601.000000,3.000000,
0.040738,0.997648,0.366319,0.001828,0.489809,-209785.394499,3.030539,2195607.000000,1874874.000000,3722527.000000,334752.000000,1282372.000000,1952.000000,539.000000,1146.000000,164.000000,144.000000,453.000000,125.000000,266.000000,38.000000,33.000000,2784.000000,769.000000,1633.000000,233.000000,205.000000,15.000000,8.000000,18.000000,3.000000,5.000000,0.000000,6.000000,12.000000,2.000000,4.000000,0.000000,7.000000,15.000000,2.000000,5.000000,8097.000000,2266.000000,4820.000000,695.000000,601.000000,3.000000,
0.040632,0.917303,0.370626,0.002496,0.496794,-210010.713088,3.030545,2195607.000000,1874874.000000,3722527.000000,334752.000000,1282372.000000,1952.000000,539.000000,1146.000000,164.000000,144.000000,453.000000,125.000000,266.000000,38.000000,33.000000,2784.000000,769.000000,1633.000000,233.000000,205.000000,15.000000,8.000000,18.000000,3.000000,5.000000,0.000000,6.000000,12.000000,2.000000,4.000000,0.000000,7.000000,15.000000,2.000000,5.000000,8097.000000,2266.000000,4820.000000,695.000000,601.000000,3.000000,
0.040632,0.917303,0.370626,0.002496,0.496794,-210010.713088,3.030545,2195607.000000,1874874.000000,3722527.000000,334752.000000,1282372.000000,1952.000000,539.000000,1146.000000,164.000000,144.000000,453.000000,125.000000,266.000000,38.000000,33.000000,2784.000000,769.000000,1633.000000,233.000000,205.000000,15.000000,8.000000,18.000000,3.000000,5.000000,0.000000,6.000000,12.000000,2.000000,4.000000,0.000000,7.000000,15.000000,2.000000,5.000000,8097.000000,2266.000000,4820.000000,695.000000,601.000000,3.000000,
0.040632,0.917303,0.370626,0.002496,0.496794,-210010.713088,3.030545,2195607.000000,1874874.000000,3722527.000000,334752.000000,1282372.000000,1952.000000,539.000000,1146.000000,164.000000,144.000000,453.000000,125.000000,266.000000,38.000000,33.000000,2784.000000,769.000000,1633.000000,233.000000,205.000000,15.000000,8.000000,18.000000,3.000000,5.000000,0.000000,6.000000,12.000000,2.000000,4.000000,0.000000,7.000000,15.000000,2.000000,5.000000,8097.000000,2266.000000,4820.000000,695.000000,601.000000,3.000000,
0.040681,0.678835,0.367921,0.003682,0.477376,-209869.043757,3.029250,2195607.000000,1874874.000000,3722527.000000,334752.000000,1282372.000000,1952.000000,539.000000,1146.000000,164.000000,144.000000,453.000000,125.000000,266.000000,38.000000,33.000000,2784.000000,769.000000,1633.000000,233.000000,205.000000,15.000000,8.000000,18.000000,3.000000,5.000000,0.000000,6.000000,12.000000,2.000000,4.000000,0.000000,7.000000,15.000000,2.000000,5.000000,8097.000000,2266.000000,4820.000000,695.000000,601.000000,3.000000,
0.040681,0.678835,0.367921,0.003682,0.477376,-209869.043757,3.029250,2195607.000000,1874874.000000,3722527.000000,334752.000000,1282372.000000,1952.000000,539.000000,1146.000000,164.000000,144.000000,453.000000,125.000000,266.000000,38.000000,33.000000,2784.000000,769.000000,1633.000000,233.000000,205.000000,15.000000,8.000000,18.000000,3.000000,5.000000,0.000000,6.000000,12.000000,2.000000,4.000000,0.000000,7.000000,15.000000,2.000000,5.000000,8097.000000,2266.000000,4820.000000,695.000000,601.000000,3.000000,
0.040681,0.678835,0.367921,0.003682,0.477376,-209869.043757,3.029250,2195607.000000,1874874.000000,3722527.000000,334752.000000,1282372.000000,1952.000000,539.000000,1146.000000,164.000000,144.000000,453.000000,125.000000,266.000000,38.000000,33.000000,2784.000000,769.000000,1633.000000,233.000000,205.000000,15.000000,8.000000,18.000000,3.000000,5.000000,0.000000,6.000000,12.000000,2.000000,4.000000,0.000000,7.000000,15.000000,2.000000,5.000000,8097.000000,2266.000000,4820.000000,695.000000,601.000000,3.000000,
0.040770,0.488575,0.363410,0.002416,0.498026,-209633.858171,3.027532,2195607.000000,1874874.000000,3722527.000000,334752.000000,1282372.000000,1952.000000,539.000000,1146.000000,164.000000,144.000000,453.000000,125.000000,266.000000,38.000000,33.000000,2784.000000,769.000000,1633.000000,233.000000,205.000000,15.000000,8.000000,18.000000,3.000000,5.000000,0.000000,6.000000,12.000000,2.000000,4.000000,0.000000,7.000000,15.000000,2.000000,5.000000,8097.000000,2266.000000,4820.000000,695.000000,601.000000,3.000000,
0.040770,0.488575,0.363410,0.002416,0.498026,-209633.858171,3.027532,2195607.000000,1874874.000000,3722527.000000,334752.000000,1282372.000000,1952.000000,539.000000,1146.000000,164.000000,144.000000,453.000000,125.000000,266.000000,38.000000,33.000000,2784.000000,769.000000,1633.000000,233.000000,205.000000,15.000000,8.000000,18.000000,3.000000,5.000000,0.000000,6.000000,12.000000,2.000000,4.000000,0.000000,7.000000,15.000000,2.000000,5.000000,8097.000000,2266.000000,4820.000000,695.000000,601.000000,3.000000,
0.041031,0.493105,0.349044,0.004440,0.554708,-208893.907860,3.020288,2195607.000000,1874874.000000,3722527.000000,334752.000000,1282372.000000,1952.000000,539.000000,1146.000000,164.000000,144.000000,453.000000,125.000000,266.000000,38.000000,33.000000,2784.000000,769.000000,1633.000000,233.000000,205.000000,15.000000,8.000000,18.000000,3.000000,5.000000,0.000000,6.000000,12.000000,2.000000,4.000000,0.000000,7.000000,15.000000,2.000000,5.000000,8097.000000,2266.000000,4820.000000,695.000000,601.000000,3.000000,
0.041031,0.493105,0.349044,0.004440,0.554708,-208893.907860,3.020288,2195607.000000,1874874.000000,3722527.000000,334752.000000,1282372.000000,1952.000000,539.000000,1146.000000,164.000000,144.000000,453.000000,125.000000,266.000000,38.000000,33.000000,2784.000000,769.000000,1633.000000,233.000000,205.000000,15.000000,8.000000,18.000000,3.000000,5.000000,0.000000,6.000000,12.000000,2.000000,4.000000,0.000000,7.000000,15.000000,2.000000,5.000000,8097.000000,2266.000000,4820.000000,695.000000,601.000000,3.000000,
0.041031,0.493105,0.349044,0.004440,0.554708,-208893.907860,3.020288,2195607.000000,1874874.000000,3722527.000000,334752.000000,1282372.000000,1952.000000,539.000000,1146.000000,164.000000,144.000000,453.000000,125.000000,266.000000,38.000000,33.000000,2784.000000,769.000000,1633.000000,233.000000,205.000000,15.000000,8.000000,18.000000,3.000000,5.000000,0.000000,6.000000,12.000000,2.000000,4.000000,0.000000,7.000000,15.000000,2.000000,5.000000,8097.000000,2266.000000,4820.000000,695.000000,601.000000,3.000000,
0.041117,0.589505,0.345084,0.003311,0.600637,-208692.326349,3.019282,2195607.000000,1874874.000000,3722527.000000,334752.000000,1282372.000000,1952.000000,539.000000,1146.000000,164.000000,144.000000,453.000000,125.000000,266.000000,38.000000,33.000000,2784.000000,769.000000,1633.000000,233.000000,205.000000,15.000000,8.000000,18.000000,3.000000,5.000000,0.000000,6.000000,12.000000,2.000000,4.000000,0.000000,7.000000,15.000000,2.000000,5.000000,8097.000000,2266.000000,4820.000000,695.000000,601.000000,3.000000,
0.041117,0.589505,0.345084,0.003311,0.600637,-208692.326349,3.019282,2195607.000000,1874874.000000,3722527.000000,334752.000000,1282372.000000,1952.000000,539.000000,1146.000000,164.000000,144.000000,453.000000,125.000000,266.000000,38.000000,33.000000,2784.000000,769.000000,1633.000000,233.000000,205.000000,15.000000,8.000000,18.000000,3.000000,5.000000,0.000000,6.000000,12.000000,2.000000,4.000000,0.000000,7.000000,15.000000,2.000000,5.000000,8097.000000,2266.000000,4820.000000,695.000000,601.000000,3.000000,
0.041117,0.589505,0.345084,0.003311,0.600637,-208692.326349,3.019282,2195607.000000,1874874.000000,3722527.000000,334752.000000,1282372.000000,1952.000000,539.000000,1146.000000,164.000000,144.000000,453.000000,125.000000,266.000000,38.000000,33.000000,2784.000000,769.000000,1633.000000,233.000000,205.000000,15.000000,8.000000,18.000000,3.000000,5.000000,0.000000,6.000000,12.000000,2.000000,4.000000,0.000000,7.000000,15.000000,2.000000,5.000000,8097.000000,2266.000000,4820.000000,695.000000,601.000000,3.000000,
0.040982,0.419782,0.350436,0.002828,0.564822,-208964.973972,3.019294,2195607.000000,1874874.000000,3722527.000000,334752.000000,1282372.000000,1952.000000,539.000000,1146.000000,164.000000,144.000000,453.000000,125.000000,266.000000,38.000000,33.000000,2784.000000,769.000000,1633.000000,233.000000,205.000000,15.000000,8.000000,18.000000,3.000000,5.000000,0.000000,6.000000,12.000000,2.000000,4.000000,0.000000,7.000000,15.000000,2.000000,5.000000,8097.000000,2266.000000,4820.000000,695.000000,601.000000,3.000000,
0.040982,0.419782,0.350436,0.002828,0.564822,-208964.973972,3.019294,2195607.000000,1874874.000000,3722527.000000,334752.000000,1282372.000000,1952.000000,539.000000,1146.000000,164.000000,144.000000,453.000000,125.000000,266.000000,38.000000,33.000000,2784.000000,769.000000,1633.000000,233.000000,205.000000,15.000000,8.000000,18.000000,3.000000,5.000000,0.000000,6.000000,12.000000,2.000000,4.000000,0.000000,7.000000,15.000000,2.000000,5.000000,8097.000000,2266.000000,4820.000000,695.000000,601.000000,3.000000,
0.040982,0.419782,0.350436,0.002828,0.564822,-208964.973972,3.019294,2195607.000000,1874874.000000,3722527.000000,334752.000000,1282372.000000,1952.000000,539.000000,1146.000000,164.000000,144.000000,453.000000,125.000000,266.000000,38.000000,33.000000,2784.000000,769.000000,1633.000000,233.000000,205.000000,15.000000,8.000000,18.000000,3.000000,5.000000,0.000000,6.000000,12.000000,2.000000,4.000000,0.000000,7.000000,15.000000,2.000000,5.000000,8097.000000,2266.000000,4820.000000,695.000000,601.000000,3.000000,
0.040982,0.419782,0.350436,0.002828,0.564822,-208964.973972,3.019294,2195607.000000,1874874.000000,3722527.000000,334752.000000,1282372.000000,1952.000000,539.000000,1146.000000,164.000000,144.000000,453.000000,125.000000,266.000000,38.000000,33.000000,2784.000000,769.000000,1633.000000,233.000000,205.000000,15.000000,8.000000,18.000000,3.000000,5.000000,0.000000,6.000000,12.000000,2.000000,4.000000,0.000000,7.000000,15.000000,2.000000,5.000000,8097.000000,2266.000000,4820.000000,695.000000,601.000000,3.000000,
0.040982,0.419782,0.350436,0.002828,0.564822,-208964.973972,3.019294,2195607.000000,1874874.000000,3722527.000000,334752.000000,1282372.000000,1952.000000,539.000000,1146.000000,164.000000,144.000000,453.000000,125.000000,266.000000,38.000000,33.000000,2784.000000,769.000000,1633.000000,233.000000,205.000000,15.000000,8.000000,18.000000,3.000000,5.000000,0.000000,6.000000,12.000000,2.000000,4.000000,0.000000,7.000000,15.000000,2.000000,5.000000,8097.000000,2266.000000,4820.000000,695.000000,601.000000,3.000000,
0.040982,0.419782,0.350436,0.002828,0.564822,-208964.973972,3.019294,2195607.000000,1874874.000000,3722527.000000,334752.000000,1282372.000000,1952.000000,539.000000,1146.000000,164.000000,144.000000,453.000000,125.000000,266.000000,38.000000,33.000000,2784.000000,769.000000,1633.000000,233.000000,205.000000,15.000000,8.000000,18.000000,3.000000,5.000000,0.000000,6.000000,12.000000,2.000000,4.000000,0.000000,7.000000,15.000000,2.000000,5.000000,8097.000000,2266.000000,4820.000000,695.000000,601.000000,3.000000,
0.040933,0.340715,0.354455,0.004017,0.545488,-209171.007116,3.023107,2195607.000000,1874874.000000,3722527.000000,334752.000000,1282372.000000,1952.000000,539.000000,1146.000000,164.000000,144.000000,453.000000,125.000000,266.000000,38.000000,33.000000,2784.000000,769.000000,1633.000000,233.000000,205.000000,15.000000,8.000000,18.000000,3.000000,5.000000,0.000000,6.000000,12.000000,2.000000,4.000000,0.000000,7.000000,15.000000,2.000000,5.000000,8097.000000,2266.000000,4820.000000,695.000000,601.000000,3.000000,
0.040933,0.340715,0.354455,0.004017,0.545488,-209171.007116,3.023107,2195607.000000,1874874.000000,3722527.000000,334752.000000,1282372.000000,1952.000000,539.000000,1146.000000,164.000000,144.000000,453.000000,125.000000,266.000000,38.000000,33.000000,2784.000000,769.000000,1633.000000,233.000000,205.000000,15.000000,8.000000,18.000000,3.000000,5.000000,0.000000,6.000000,12.000000,2.000000,4.000000,0.000000,7.000000,15.000000,2.000000,5.000000,8097.000000,2266.000000,4820.000000,695.000000,601.000000,3.000000,
0.040933,0.340715,0.354455,0.004017,0.545488,-209171.007116,3.023107,2195607.000000,1874874.000000,3722527.000000,334752.000000,1282372.000000,1952.000000,539.000000,1146.000000,164.000000,144.000000,453.000000,125.000000,266.000000,38.000000,33.000000,2784.000000,769.000000,1633.000000,233.000000,205.000000,15.000000,8.000000,18.000000,3.000000,5.000000,0.000000,6.000000,12.000000,2.000000,4.000000,0.000000,7.000000,15.000000,2.000000,5.000000,8097.000000,2266.000000,4820.000000,695.000000,601.000000,3.000000,
0.040933,0.340715,0.354455,0.004017,0.545488,-209171.007116,3.023107,2195607.000000,1874874.000000,3722527.000000,334752.000000,1282372.000000,1952.000000,539.000000,1146.000000,164.000000,144.000000,453.000000,125.000000,266.000000,38.000000,33.000000,2784.000000,769.000000,1633.000000,233.000000,205.000000,15.000000,8.000000,18.000000,3.000000,5.000000,0.000000,6.000000,12.000000,2.000000,4.000000,0.000000,7.000000,15.000000,2.000000,5.000000,8097.000000,2266.000000,4820.000000,695.000000,601.000000,3.000000,
0.040776,0.601508,0.360699,0.002652,0.589506,-209493.110378,3.023002,2195607.000000,1874874.000000,3722527.000000,334752.000000,1282372.000000,1952.000000,539.000000,1146.000000,164.000000,144.000000,453.000000,125.000000,266.000000,38.000000,33.000000,2784.000000,769.000000,1633.000000,233.000000,205.000000,15.000000,8.000000,18.000000,3.000000,5.000000,0.000000,6.000000,12.000000,2.000000,4.000000,0.000000,7.000000,15.000000,2.000000,5.000000,8097.000000,2266.000000,4820.000000,695.000000,601.000000,3.000000,
0.040550,0.816291,0.371858,0.002065,0.484872,-210075.243872,3.026664,2195607.000000,1874874.000000,3722527.000000,334752.000000,1282372.000000,1952.000000,539.000000,1146.000000,164.000000,144.000000,453.000000,125.000000,266.000000,38.000000,33.000000,2784.000000,769.000000,1633.000000,233.000000,205.000000,15.000000,8.000000,18.000000,3.000000,5.000000,0.000000,6.000000,12.000000,2.000000,4.000000,0.000000,7.000000,15.000000,2.000000,5.000000,8097.000000,2266.000000,4820.000000,695.000000,601.000000,3.000000,
0.040550,0.816291,0.371858,0.002065,0.484872,-210075.243872,3.026664,2195607.000000,1874874.000000,3722527.000000,334752.000000,1282372.000000,1952.000000,539.000000,1146.000000,164.000000,144.000000,453.000000,125.000000,266.000000,38.000000,33.000000,2784.000000,769.000000,1633.000000,233.000000,205.000000,15.000000,8.000000,18.000000,3.000000,5.000000,0.000000,6.000000,12.000000,2.000000,4.000000,0.000000,7.000000,15.000000,2.000000,5.000000,8097.000000,2266.000000,4820.000000,695.000000,601.000000,3.000000,
0.040550,0.816291,0.371858,0.002065,0.484872,-210075.243872,3.026664,2195607.000000,1874874.000000,3722527.000000,334752.000000,1282372.000000,1952.000000,539.000000,1146.000000,164.000000,144.000000,453.000000,125.000000,266.000000,38.000000,33.000000,2784.000000,769.000000,1633.000000,233.000000,205.000000,15.000000,8.000000,18.000000,3.000000,5.000000,0.000000,6.000000,12.000000,2.000000,4.000000,0.000000,7.000000,15.000000,2.000000,5.000000,8097.000000,2266.000000,4820.000000,695.000000,601.000000,3.000000,
0.040550,0.816291,0.371858,0.002065,0.484872,-210075.243872,3.026664,2195607.000000,1874874.000000,3722527.000000,334752.000000,1282372.000000,1952.000000,539.000000,1146.000000,164.000000,144.000000,453.000000,125.000000,266.000000,38.000000,33.000000,2784.000000,769.000000,1633.000000,233.000000,205.000000,15.000000,8.000000,18.000000,3.000000,5.000000,0.000000,6.000000,12.000000,2.000000,4.000000,0.000000,7.000000,15.000000,2.000000,5.000000,8097.000000,2266.000000,4820.000000,695.000000,601.000000,3.000000,
0.040594,0.376289,0.368679,0.002637,0.522573,-209908.524088,3.024088,2195607.000000,1874874.000000,3722527.000000,334752.000000,1282372.000000,1952.000000,539.000000,1146.000000,164.000000,144.000000,453.000000,125.000000,266.000000,38.000000,33.000000,2784.000000,769.000000,1633.000000,233.000000,205.000000,15.000000,8.000000,18.000000,3.000000,5.000000,0.000000,6.000000,12.000000,2.000000,4.000000,0.000000,7.000000,15.000000,2.000000,5.000000,8097.000000,2266.000000,4820.000000,695.000000,601.000000,3.000000,
0.040594,0.376289,0.368679,0.002637,0.522573,-209908.524088,3.024088,2195607.000000,1874874.000000,3722527.000000,334752.000000,1282372.000000,1952.000000,539.000000,1146.000000,164.000000,144.000000,453.000000,125.000000,266.000000,38.000000,33.000000,2784.000000,769.000000,1633.000000,233.000000,205.000000,15.000000,8.000000,18.000000,3.000000,5.000000,0.000000,6.000000,12.000000,2.000000,4.000000,0.000000,7.000000,15.000000,2.000000,5.000000,8097.000000,2266.000000,4820.000000,695.000000,601.000000,3.000000,
0.040594,0.376289,0.368679,0.002637,0.522573,-209908.524088,3.024088,2195607.000000,1874874.000000,3722527.000000,334752.000000,1282372.000000,1952.000000,539.000000,1146.000000,164.000000,144.000000,453.000000,125.000000,266.000000,38.000000,33.000000,2784.000000,769.000000,1633.000000,233.000000,205.000000,15.000000,8.000000,18.000000,3.000000,5.000000,0.000000,6.000000,12.000000,2.000000,4.000000,0.000000,7.000000,15.000000,2.000000,5.000000,8097.000000,2266.000000,4820.000000,695.000000,601.000000,3.000000,
0.040594,0.376289,0.368679,0.002637,0.522573,-209908.524088,3.024088,2195607.000000,1874874.000000,3722527.000000,334752.000000,1282372.000000,1952.000000,539.000000,1146.000000,164.000000,144.000000,453.000000,125.000000,266.000000,38.000000,33.000000,2784.000000,769.000000,1633.000000,233.000000,205.000000,15.000000,8.000000,18.000000,3.000000,5.000000,0.000000,6.000000,12.000000,2.000000,4.000000,0.000000,7.000000,15.000000,2.000000,5.000000,8097.000000,2266.000000,4820.000000,695.000000,601.000000,3.000000,
0.040594,0.376289,0.368679,0.002637,0.522573,-209908.524088,3.024088,2195607.000000,1874874.000000,3722527.000000,334752.000000,1282372.000000,1952.000000,539.000000,1146.000000,164.000000,144.000000,453.000000,125.000000,266.000000,38.000000,33.000000,2784.000000,769.000000,1633.000000,233.000000,205.000000,15.000000,8.000000,18.000000,3.000000,5.000000,0.000000,6.000000,12.000000,2.000000,4.000000,0.000000,7.000000,15.000000,2.000000,5.000000,8097.000000,2266.000000,4820.000000,695.000000,601.000000,3.000000,
0.040531,0.431065,0.373588,0.002967,0.516078,-210166.306738,3.028378,2195607.000000,1874874.000000,3722527.000000,334752.000000,1282372.000000,1952.000000,539.000000,1146.000000,164.000000,144.000000,453.000000,125.000000,266.000000,38.000000,33.000000,2784.000000,769.000000,1633.000000,233.000000,205.000000,15.000000,8.000000,18.000000,3.000000,5.000000,0.000000,6.000000,12.000000,2.000000,4.000000,0.000000,7.000000,15.000000,2.000000,5.000000,8097.000000,2266.000000,4820.000000,695.000000,601.000000,3.000000,
0.040531,0.431065,0.373588,0.002967,0.516078,-210166.306738,3.028378,2195607.000000,1874874.000000,3722527.000000,334752.000000,1282372.000000,1952.000000,539.000000,1146.000000,164.000000,144.000000,453.000000,125.000000,266.000000,38.000000,33.000000,2784.000000,769.000000,1633.000000,233.000000,205.000000,15.000000,8.000000,18.000000,3.000000,5.000000,0.000000,6.000000,12.000000,2.000000,4.000000,0.000000,7.000000,15.000000,2.000000,5.000000,8097.000000,2266.000000,4820.000000,695.000000,601.000000,3.000000,
0.040531,0.431065,0.373588,0.002967,0.516078,-210166.306738,3.028378,2195607.000000,1874874.000000,3722527.000000,334752.000000,1282372.000000,1952.000000,539.000000,1146.000000,164.000000,144.000000,453.000000,125.000000,266.000000,38.000000,33.000000,2784.000000,769.000000,1633.000000,233.000000,205.000000,15.000000,8.000000,18.000000,3.000000,5.000000,0.000000,6.000000,12.000000,2.000000,4.000000,0.000000,7.000000,15.000000,2.000000,5.000000,8097.000000,2266.000000,4820.000000,695.000000,601.000000,3.000000,
0.040586,0.208131,0.369744,0.003599,0.538970,-209964.305374,3.025462,2195607.000000,1874874.000000,3722527.000000,334752.000000,1282372.000000,1952.000000,539.000000,1146.000000,164.000000,144.000000,453.000000,125.000000,266.000000,38.000000,33.000000,2784.000000,769.000000,1633.000000,233.000000,205.000000,15.000000,8.000000,18.000000,3.000000,5.000000,0.000000,6.000000,12.000000,2.000000,4.000000,0.000000,7.000000,15.000000,2.000000,5.000000,8097.000000,2266.000000,4820.000000,695.000000,601.000000,3.000000,
0.040586,0.208131,0.369744,0.003599,0.538970,-209964.305374,3.025462,2195607.000000,1874874.000000,3722527.000000,334752.000000,1282372.000000,1952.000000,539.000000,1146.000000,164.000000,144.000000,453.000000,125.000000,266.000000,38.000000,33.000000,2784.000000,769.000000,1633.000000,233.000000,205.000000,15.000000,8.000000,18.000000,3.000000,5.000000,0.000000,6.000000,12.000000,2.000000,4.000000,0.000000,7.000000,15.000000,2.000000,5.000000,8097.000000,2266.000000,4820.000000,695.000000,601.000000,3.000000,
0.040586,0.208131,0.369744,0.003599,0.538970,-209964.305374,3.025462,2195607.000000,1874874.000000,3722527.000000,334752.000000,1282372.000000,1952.000000,539.000000,1146.000000,164.000000,144.000000,453.000000,125.000000,266.000000,38.000000,33.000000,2784.000000,769.000000,1633.000000,233.000000,205.000000,15.000000,8.000000,18.000000,3.000000,5.000000,0.000000,6.000000,12.000000,2.000000,4.000000,0.000000,7.000000,15.000000,2.000000,5.000000,8097.000000,2266.000000,4820.000000,695.000000,601.000000,3.000000,
0.040662,0.243645,0.366420,0.003704,0.543568,-209790.523903,3.025033,2195607.000000,1874874.000000,3722527.000000,334752.000000,1282372.000000,1952.000000,539.000000,1146.000000,164.000000,144.000000,453.000000,125.000000,266.000000,38.000000,33.000000,2784.000000,769.000000,1633.000000,233.000000,205.000000,15.000000,8.000000,18.000000,3.000000,5.000000,0.000000,6.000000,12.000000,2.000000,4.000000,0.000000,7.000000,15.000000,2.000000,5.000000,8097.000000,2266.000000,4820.000000,695.000000,601.000000,3.000000,
0.040662,0.243645,0.366420,0.003704,0.543568,-209790.523903,3.025033,2195607.000000,1874874.000000,3722527.000000,334752.000000,1282372.000000,1952.000000,539.000000,1146.000000,164.000000,144.000000,453.000000,125.000000,266.000000,38.000000,33.000000,2784.000000,769.000000,1633.000000,233.000000,205.000000,15.000000,8.000000,18.000000,3.000000,5.000000,0.000000,6.000000,12.000000,2.000000,4.000000,0.000000,7.000000,15.000000,2.000000,5.000000,8097.000000,2266.000000,4820.000000,695.000000,601.000000,3.000000,
0.040601,0.101482,0.365823,0.004990,0.484730,-209759.242878,3.019423,2195607.000000,1874874.000000,3722527.000000,334752.000000,1282372.000000,1952.000000,539.000000,1146.000000,164.000000,144.000000,453.000000,125.000000,266.000000,38.000000,33.000000,2784.000000,769.000000,1633.000000,233.000000,205.000000,15.000000,8.000000,18.000000,3.000000,5.000000,0.000000,6.000000,12.000000,2.000000,4.000000,0.000000,7.000000,15.000000,2.000000,5.000000,8097.000000,2266.000000,4820.000000,695.000000,601.000000,3.000000,
0.040601,0.101482,0.365823,0.004990,0.484730,-209759.242878,3.019423,2195607.000000,1874874.000000,3722527.000000,334752.000000,1282372.000000,1952.000000,539.000000,1146.000000,164.000000,144.000000,453.000000,125.000000,266.000000,38.000000,33.000000,2784.000000,769.000000,1633.000000,233.000000,205.000000,15.000000,8.000000,18.000000,3.000000,5.000000,0.000000,6.000000,12.000000,2.000000,4.000000,0.000000,7.000000,15.000000,2.000000,5.000000,8097.000000,2266.000000,4820.000000,695.000000,601.000000,3.000000,
0.040777,0.037969,0.353768,0.013279,0.446593,-209135.411919,3.010297,2195607.000000,1874874.000000,3722527.000000,334752.000000,1282372.000000,1952.000000,539.000000,1146.000000,164.000000,144.000000,453.000000,125.000000,266.000000,38.000000,33.000000,2784.000000,769.000000,1633.000000,233.000000,205.000000,15.000000,8.000000,18.000000,3.000000,5.000000,0.000000,6.000000,12.000000,2.000000,4.000000,0.000000,7.000000,15.000000,2.000000,5.000000,8097.000000,2266.000000,4820.000000,695.000000,601.000000,3.000000,
0.040775,0.019782,0.356408,0.014056,0.453428,-209271.253637,3.015026,2195607.000000,1874874.000000,3722527.000000,334752.000000,1282372.000000,1952.000000,539.000000,1146.000000,164.000000,144.000000,453.000000,125.000000,266.000000,38.000000,33.000000,2784.000000,769.000000,1633.000000,233.000000,205.000000,15.000000,8.000000,18.000000,3.000000,5.000000,0.000000,6.000000,12.000000,2.000000,4.000000,0.000000,7.000000,15.000000,2.000000,5.000000,8097.000000,2266.000000,4820.000000,695.000000,601.000000,3.000000,
0.040676,0.026630,0.363039,0.017096,0.451852,-209614.402218,3.019866,2195607.000000,1874874.000000,3722527.000000,334752.000000,1282372.000000,1952.000000,539.000000,1146.000000,164.000000,144.000000,453.000000,125.000000,266.000000,38.000000,33.000000,2784.000000,769.000000,1633.000000,233.000000,205.000000,15.000000,8.000000,18.000000,3.000000,5.000000,0.000000,6.000000,12.000000,2.000000,4.000000,0.000000,7.000000,15.000000,2.000000,5.000000,8097.000000,2266.000000,4820.000000,695.000000,601.000000,3.000000,
0.040676,0.026630,0.363039,0.017096,0.451852,-209614.402218,3.019866,2195607.000000,1874874.000000,3722527.000000,334752.000000,1282372.000000,1952.000000,539.000000,1146.000000,164.000000,144.000000,453.000000,125.000000,266.000000,38.000000,33.000000,2784.000000,769.000000,1633.000000,233.000000,205.000000,15.000000,8.000000,18.000000,3.000000,5.000000,0.000000,6.000000,12.000000,2.000000,4.000000,0.000000,7.000000,15.000000,2.000000,5.000000,8097.000000,2266.000000,4820.000000,695.000000,601.000000,3.000000,
0.040843,0.028824,0.355280,0.014397,0.482611,-209213.293310,3.017979,2195607.000000,1874874.000000,3722527.000000,334752.000000,1282372.000000,1952.000000,539.000000,1146.000000,164.000000,144.000000,453.000000,125.000000,266.000000,38.000000,33.000000,2784.000000,769.000000,1633.000000,233.000000,205.000000,15.000000,8.000000,18.000000,3.000000,5.000000,0.000000,6.000000,12.000000,2.000000,4.000000,0.000000,7.000000,15.000000,2.000000,5.000000,8097.000000,2266.000000,4820.000000,695.000000,601.000000,3.000000,
0.040843,0.028824,0.355280,0.014397,0.482611,-209213.293310,3.017979,2195607.000000,1874874.000000,3722527.000000,334752.000000,1282372.000000,1952.000000,539.000000,1146.000000,164.000000,144.000000,453.000000,125.000000,266.000000,38.000000,33.000000,2784.000000,769.000000,1633.000000,233.000000,205.000000,15.000000,8.000000,18.000000,3.000000,5.000000,0.000000,6.000000,12.000000,2.000000,4.000000,0.000000,7.000000,15.000000,2.000000,5.000000,8097.000000,2266.000000,4820.000000,695.000000,601.000000,3.000000,
0.040843,0.028824,0.355280,0.014397,0.482611,-209213.293310,3.017979,2195607.000000,1874874.000000,3722527.000000,334752.000000,1282372.000000,1952.000000,539.000000,1146.000000,164.000000,144.000000,453.000000,125.000000,266.000000,38.000000,33.000000,2784.000000,769.000000,1633.000000,233.000000,205.000000,15.000000,8.000000,18.000000,3.000000,5.000000,0.000000,6.000000,12.000000,2.000000,4.000000,0.000000,7.000000,15.000000,2.000000,5.000000,8097.000000,2266.000000,4820.000000,695.000000,601.000000,3.000000,
0.040843,0.028824,0.355280,0.014397,0.482611,-209213.293310,3.017979,2195607.000000,1874874.000000,3722527.000000,334752.000000,1282372.000000,1952.000000,539.000000,1146.000000,164.000000,144.000000,453.000000,125.000000,266.000000,38.000000,33.000000,2784.000000,769.000000,1633.000000,233.000000,205.000000,15.000000,8.000000,18.000000,3.000000,5.000000,0.000000,6.000000,12.000000,2.000000,4.000000,0.000000,7.000000,15.000000,2.000000,5.000000,8097.000000,2266.000000,4820.000000,695.000000,601.000000,3.000000,
0.040843,0.028824,0.355280,0.014397,0.482611,-209213.293310,3.017979,2195607.000000,1874874.000000,3722527.000000,334752.000000,1282372.000000,1952.000000,539.000000,1146.000000,164.000000,144.000000,453.000000,125.000000,266.000000,38.000000,33.000000,2784.000000,769.000000,1633.000000,233.000000,205.000000,15.000000,8.000000,18.000000,3.000000,5.000000,0.000000,6.000000,12.000000,2.000000,4.000000,0.000000,7.000000,15.000000,2.000000,5.000000,8097.000000,2266.000000,4820.000000,695.000000,601.000000,3.000000,
0.040843,0.028824,0.355280,0.014397,0.482611,-209213.293310,3.017979,2195607.000000,1874874.000000,3722527.000000,334752.000000,1282372.000000,1952.000000,539.000000,1146.000000,164.000000,144.000000,453.000000,125.000000,266.000000,38.000000,33.000000,2784.000000,769.000000,1633.000000,233.000000,205.000000,15.000000,8.000000,18.000000,3.000000,5.000000,0.000000,6.000000,12.000000,2.000000,4.000000,0.000000,7.000000,15.000000,2.000000,5.000000,8097.000000,2266.000000,4820.000000,695.000000,601.000000,3.000000,
0.040843,0.028824,0.355280,0.014397,0.482611,-209213.293310,3.017979,2195607.000000,1874874.000000,3722527.000000,334752.000000,1282372.000000,1952.000000,539.000000,1146.000000,164.000000,144.000000,453.000000,125.000000,266.000000,38.000000,33.000000,2784.000000,769.000000,1633.000000,233.000000,205.000000,15.000000,8.000000,18.000000,3.000000,5.000000,0.000000,6.000000,12.000000,2.000000,4.000000,0.000000,7.000000,15.000000,2.000000,5.000000,8097.000000,2266.000000,4820.000000,695.000000,601.000000,3.000000,
0.040843,0.028824,0.355280,0.014397,0.482611,-209213.293310,3.017979,2195607.000000,1874874.000000,3722527.000000,334752.000000,1282372.000000,1952.000000,539.000000,1146.000000,164.000000,144.000000,453.000000,125.000000,266.000000,38.000000,33.000000,2784.000000,769.000000,1633.000000,233.000000,205.000000,15.000000,8.000000,18.000000,3.000000,5.000000,0.000000,6.000000,12.000000,2.000000,4.000000,0.000000,7.000000,15.000000,2.000000,5.000000,8097.000000,2266.000000,4820.000000,695.000000,601.000000,3.000000,
0.040843,0.028824,0.355280,0.014397,0.482611,-209213.293310,3.017979,2195607.000000,1874874.000000,3722527.000000,334752.000000,1282372.000000,1952.000000,539.000000,1146.000000,164.000000,144.000000,453.000000,125.000000,266.000000,38.000000,33.000000,2784.000000,769.000000,1633.000000,233.000000,205.000000,15.000000,8.000000,18.000000,3.000000,5.000000,0.000000,6.000000,12.000000,2.000000,4.000000,0.000000,7.000000,15.000000,2.000000,5.000000,8097.000000,2266.000000,4820.000000,695.000000,601.000000,3.000000,
0.040843,0.028824,0.355280,0.014397,0.482611,-209213.293310,3.017979,2195607.000000,1874874.000000,3722527.000000,334752.000000,1282372.000000,1952.000000,539.000000,1146.000000,164.000000,144.000000,453.000000,125.000000,266.000000,38.000000,33.000000,2784.000000,769.000000,1633.000000,233.000000,205.000000,15.000000,8.000000,18.000000,3.000000,5.000000,0.000000,6.000000,12.000000,2.000000,4.000000,0.000000,7.000000,15.000000,2.000000,5.000000,8097.000000,2266.000000,4820.000000,695.000000,601.000000,3.000000,
0.040843,0.028824,0.355280,0.014397,0.482611,-209213.293310,3.017979,2195607.000000,1874874.000000,3722527.000000,334752.000000,1282372.000000,1952.000000,539.000000,1146.000000,164.000000,144.000000,453.000000,125.000000,266.000000,38.000000,33.000000,2784.000000,769.000000,1633.000000,233.000000,205.000000,15.000000,8.000000,18.000000,3.000000,5.000000,0.000000,6.000000,12.000000,2.000000,4.000000,0.000000,7.000000,15.000000,2.000000,5.000000,8097.000000,2266.000000,4820.000000,695.000000,601.000000,3.000000,
0.040843,0.028824,0.355280,0.014397,0.482611,-209213.293310,3.017979,2195607.000000,1874874.000000,3722527.000000,334752.000000,1282372.000000,1952.000000,539.000000,1146.000000,164.000000,144.000000,453.000000,125.000000,266.000000,38.000000,33.000000,2784.000000,769.000000,1633.000000,233.000000,205.000000,15.000000,8.000000,18.000000,3.000000,5.000000,0.000000,6.000000,12.000000,2.000000,4.000000,0.000000,7.000000,15.000000,2.000000,5.000000,8097.000000,2266.000000,4820.000000,695.000000,601.000000,3.000000,
0.040787,0.014794,0.360104,0.013552,0.532746,-209462.289899,3.022751,2195607.000000,1874874.000000,3722527.000000,334752.000000,1282372.000000,1952.000000,539.000000,1146.000000,164.000000,144.000000,453.000000,125.000000,266.000000,38.000000,33.000000,2784.000000,769.000000,1633.000000,233.000000,205.000000,15.000000,8.000000,18.000000,3.000000,5.000000,0.000000,6.000000,12.000000,2.000000,4.000000,0.000000,7.000000,15.000000,2.000000,5.000000,8097.000000,2266.000000,4820.000000,695.000000,601.000000,3.000000,
0.040809,0.019431,0.361448,0.019346,0.387046,-209532.015190,3.026808,2195607.000000,1874874.000000,3722527.000000,334752.000000,1282372.000000,1952.000000,539.000000,1146.000000,164.000000,144.000000,453.000000,125.000000,266.000000,38.000000,33.000000,2784.000000,769.000000,1633.000000,233.000000,205.000000,15.000000,8.000000,18.000000,3.000000,5.000000,0.000000,6.000000,12.000000,2.000000,4.000000,0.000000,7.000000,15.000000,2.000000,5.000000,8097.000000,2266.000000,4820.000000,695.000000,601.000000,3.000000,
0.041263,0.323495,0.350366,0.166930,0.075624,-208961.914882,3.039880,2195607.000000,1874874.000000,3722527.000000,334752.000000,1282372.000000,1952.000000,539.000000,1146.000000,164.000000,144.000000,453.000000,125.000000,266.000000,38.000000,33.000000,2784.000000,769.000000,1633.000000,233.000000,205.000000,15.000000,8.000000,18.000000,3.000000,5.000000,0.000000,6.000000,12.000000,2.000000,4.000000,0.000000,7.000000,15.000000,2.000000,5.000000,8097.000000,2266.000000,4820.000000,695.000000,601.000000,3.000000,
0.041263,0.323495,0.350366,0.166930,0.075624,-208961.914882,3.039880,2195607.000000,1874874.000000,3722527.000000,334752.000000,1282372.000000,1952.000000,539.000000,1146.000000,164.000000,144.000000,453.000000,125.000000,266.000000,38.000000,33.000000,2784.000000,769.000000,1633.000000,233.000000,205.000000,15.000000,8.000000,18.000000,3.000000,5.000000,0.000000,6.000000,12.000000,2.000000,4.000000,0.000000,7.000000,15.000000,2.000000,5.000000,8097.000000,2266.000000,4820.000000,695.000000,601.000000,3.000000,
0.041263,0.323495,0.350366,0.166930,0.075624,-208961.914882,3.039880,2195607.000000,1874874.000000,3722527.000000,334752.000000,1282372.000000,1952.000000,539.000000,1146.000000,164.000000,144.000000,453.000000,125.000000,266.000000,38.000000,33.000000,2784.000000,769.000000,1633.000000,233.000000,205.000000,15.000000,8.000000,18.000000,3.000000,5.000000,0.000000,6.000000,12.000000,2.000000,4.000000,0.000000,7.000000,15.000000,2.000000,5.000000,8097.000000,2266.000000,4820.000000,695.000000,601.000000,3.000000,
0.041263,0.323495,0.350366,0.166930,0.075624,-208961.914882,3.039880,2195607.000000,1874874.000000,3722527.000000,334752.000000,1282372.000000,1952.000000,539.000000,1146.000000,164.000000,144.000000,453.000000,125.000000,266.000000,38.000000,33.000000,2784.000000,769.000000,1633.000000,233.000000,205.000000,15.000000,8.000000,18.000000,3.000000,5.000000,0.000000,6.000000,12.000000,2.000000,4.000000,0.000000,7.000000,15.000000,2.000000,5.000000,8097.000000,2266.000000,4820.000000,695.000000,601.000000,3.000000,
0.041263,0.323495,0.350366,0.166930,0.075624,-208961.914882,3.039880,2195607.000000,1874874.000000,3722527.000000,334752.000000,1282372.000000,1952.000000,539.000000,1146.000000,164.000000,144.000000,453.000000,125.000000,266.000000,38.000000,33.000000,2784.000000,769.000000,1633.000000,233.000000,205.000000,15.000000,8.000000,18.000000,3.000000,5.000000,0.000000,6.000000,12.000000,2.000000,4.000000,0.000000,7.000000,15.000000,2.000000,5.000000,8097.000000,2266.000000,4820.000000,695.000000,601.000000,3.000000,
0.041263,0.323495,0.350366,0.166930,0.075624,-208961.914882,3.039880,2195607.000000,1874874.000000,3722527.000000,334752.000000,1282372.000000,1952.000000,539.000000,1146.000000,164.000000,144.000000,453.000000,125.000000,266.000000,38.000000,33.000000,2784.000000,769.000000,1633.000000,233.000000,205.000000,15.000000,8.000000,18.000000,3.000000,5.000000,0.000000,6.000000,12.000000,2.000000,4.000000,0.000000,7.000000,15.000000,2.000000,5.000000,8097.000000,2266.000000,4820.000000,695.000000,601.000000,3.000000,
0.041110,0.597513,0.356332,0.200739,0.040300,-209267.994864,3.039665,2195607.000000,1874874.000000,3722527.000000,334752.000000,1282372.000000,1952.000000,539.000000,1146.000000,164.000000,144.000000,453.000000,125.000000,266.000000,38.000000,33.000000,2784.000000,769.000000,1633.000000,233.000000,205.000000,15.000000,8.000000,18.000000,3.000000,5.000000,0.000000,6.000000,12.000000,2.000000,4.000000,0.000000,7.000000,15.000000,2.000000,5.000000,8097.000000,2266.000000,4820.000000,695.000000,601.000000,3.000000,
0.041110,0.597513,0.356332,0.200739,0.040300,-209267.994864,3.039665,2195607.000000,1874874.000000,3722527.000000,334752.000000,1282372.000000,1952.000000,539.000000,1146.000000,164.000000,144.000000,453.000000,125.000000,266.000000,38.000000,33.000000,2784.000000,769.000000,1633.000000,233.000000,205.000000,15.000000,8.000000,18.000000,3.000000,5.000000,0.000000,6.000000,12.000000,2.000000,4.000000,0.000000,7.000000,15.000000,2.000000,5.000000,8097.000000,2266.000000,4820.000000,695.000000,601.000000,3.000000,
0.041110,0.597513,0.356332,0.200739,0.040300,-209267.994864,3.039665,2195607.000000,1874874.000000,3722527.000000,334752.000000,1282372.000000,1952.000000,539.000000,1146.000000,164.000000,144.000000,453.000000,125.000000,266.000000,38.000000,33.000000,2784.000000,769.000000,1633.000000,233.000000,205.000000,15.000000,8.000000,18.000000,3.000000,5.000000,0.000000,6.000000,12.000000,2.000000,4.000000,0.000000,7.000000,15.000000,2.000000,5.000000,8097.000000,2266.000000,4820.000000,695.000000,601.000000,3.000000,
0.041110,0.597513,0.356332,0.200739,0.040300,-209267.994864,3.039665,2195607.000000,1874874.000000,3722527.000000,334752.000000,1282372.000000,1952.000000,539.000000,1146.000000,164.000000,144.000000,453.000000,125.000000,266.000000,38.000000,33.000000,2784.000000,769.000000,1633.000000,233.000000,205.000000,15.000000,8.000000,18.000000,3.000000,5.000000,0.000000,6.000000,12.000000,2.000000,4.000000,0.000000,7.000000,15.000000,2.000000,5.000000,8097.000000,2266.000000,4820.000000,695.000000,601.000000,3.000000,
0.041110,0.597513,0.356332,0.200739,0.040300,-209267.994864,3.039665,2195607.000000,1874874.000000,3722527.000000,334752.000000,1282372.000000,1952.000000,539.000000,1146.000000,164.000000,144.000000,453.000000,125.000000,266.000000,38.000000,33.000000,2784.000000,769.000000,1633.000000,233.000000,205.000000,15.000000,8.000000,18.000000,3.000000,5.000000,0.000000,6.000000,12.000000,2.000000,4.000000,0.000000,7.000000,15.000000,2.000000,5.000000,8097.000000,2266.000000,4820.000000,695.000000,601.000000,3.000000,
0.041110,0.597513,0.356332,0.200739,0.040300,-209267.994864,3.039665,2195607.000000,1874874.000000,3722527.000000,334752.000000,1282372.000000,1952.000000,539.000000,1146.000000,164.000000,144.000000,453.000000,125.000000,266.000000,38.000000,33.000000,2784.000000,769.000000,1633.000000,233.000000,205.000000,15.000000,8.000000,18.000000,3.000000,5.000000,0.000000,6.000000,12.000000,2.000000,4.000000,0.000000,7.000000,15.000000,2.000000,5.000000,8097.000000,2266.000000,4820.000000,695.000000,601.000000,3.000000,
0.041110,0.597513,0.356332,0.200739,0.040300,-209267.994864,3.039665,2195607.000000,1874874.000000,3722527.000000,334752.000000,1282372.000000,1952.000000,539.000000,1146.000000,164.000000,144.000000,453.000000,125.000000,266.000000,38.000000,33.000000,2784.000000,769.000000,1633.000000,233.000000,205.000000,15.000000,8.000000,18.000000,3.000000,5.000000,0.000000,6.000000,12.000000,2.000000,4.000000,0.000000,7.000000,15.000000,2.000000,5.000000,8097.000000,2266.000000,4820.000000,695.000000,601.000000,3.000000,
0.041110,0.597513,0.356332,0.200739,0.040300,-209267.994864,3.039665,2195607.000000,1874874.000000,3722527.000000,334752.000000,1282372.000000,1952.000000,539.000000,1146.000000,164.000000,144.000000,453.000000,125.000000,266.000000,38.000000,33.000000,2784.000000,769.000000,1633.000000,233.000000,205.000000,15.000000,8.000000,18.000000,3.000000,5.000000,0.000000,6.000000,12.000000,2.000000,4.000000,0.000000,7.000000,15.000000,2.000000,5.000000,8097.000000,2266.000000,4820.000000,695.000000,601.000000,3.000000,
0.041210,0.519721,0.351839,0.191764,0.037035,-209037.231808,3.038660,2195607.000000,1874874.000000,3722527.000000,334752.000000,1282372.000000,1952.000000,539.000000,1146.000000,164.000000,144.000000,453.000000,125.000000,266.000000,38.000000,33.000000,2784.000000,769.000000,1633.000000,233.000000,205.000000,15.000000,8.000000,18.000000,3.000000,5.000000,0.000000,6.000000,12.000000,2.000000,4.000000,0.000000,7.000000,15.000000,2.000000,5.000000,8097.000000,2266.000000,4820.000000,695.000000,601.000000,3.000000,
0.041210,0.519721,0.351839,0.191764,0.037035,-209037.231808,3.038660,2195607.000000,1874874.000000,3722527.000000,334752.000000,1282372.000000,1952.000000,539.000000,1146.000000,164.000000,144.000000,453.000000,125.000000,266.000000,38.000000,33.000000,2784.000000,769.000000,1633.000000,233.000000,205.000000,15.000000,8.000000,18.000000,3.000000,5.000000,0.000000,6.000000,12.000000,2.000000,4.000000,0.000000,7.000000,15.000000,2.000000,5.000000,8097.000000,2266.000000,4820.000000,695.000000,601.000000,3.000000,
0.041210,0.519721,0.351839,0.191764,0.037035,-209037.231808,3.038660,2195607.000000,1874874.000000,3722527.000000,334752.000000,1282372.000000,1952.000000,539.000000,1146.000000,164.000000,144.000000,453.000000,125.000000,266.000000,38.000000,33.000000,2784.000000,769.000000,1633.000000,233.000000,205.000000,15.000000,8.000000,18.000000,3.000000,5.000000,0.000000,6.000000,12.000000,2.000000,4.000000,0.000000,7.000000,15.000000,2.000000,5.000000,8097.000000,2266.000000,4820.000000,695.000000,601.000000,3.000000,
0.041210,0.519721,0.351839,0.191764,0.037035,-209037.231808,3.038660,2195607.000000,1874874.000000,3722527.000000,334752.000000,1282372.000000,1952.000000,539.000000,1146.000000,164.000000,144.000000,453.000000,125.000000,266.000000,38.000000,33.000000,2784.000000,769.000000,1633.000000,233.000000,205.000000,15.000000,8.000000,18.000000,3.000000,5.000000,0.000000,6.000000,12.000000,2.000000,4.000000,0.000000,7.000000,15.000000,2.000000,5.000000,8097.000000,2266.000000,4820.000000,695.000000,601.000000,3.000000,
0.041210,0.519721,0.351839,0.191764,0.037035,-209037.231808,3.038660,2195607.000000,1874874.000000,3722527.000000,334752.000000,1282372.000000,1952.000000,539.000000,1146.000000,164.000000,144.000000,453.000000,125.000000,266.000000,38.000000,33.000000,2784.000000,769.000000,1633.000000,233.000000,205.000000,15.000000,8.000000,18.000000,3.000000,5.000000,0.000000,6.000000,12.000000,2.000000,4.000000,0.000000,7.000000,15.000000,2.000000,5.000000,8097.000000,2266.000000,4820.000000,695.000000,601.000000,3.000000,
0.041210,0.519721,0.351839,0.191764,0.037035,-209037.231808,3.038660,2195607.000000,1874874.000000,3722527.000000,334752.000000,1282372.000000,1952.000000,539.000000,1146.000000,164.000000,144.000000,453.000000,125.000000,266.000000,38.000000,33.000000,2784.000000,769.000000,1633.000000,233.000000,205.000000,15.000000,8.000000,18.000000,3.000000,5.000000,0.000000,6.000000,12.000000,2.000000,4.000000,0.000000,7.000000,15.000000,2.000000,5.000000,8097.000000,2266.000000,4820.000000,695.000000,601.000000,3.000000,
0.041081,0.879078,0.357195,0.192851,0.031499,-209312.467802,3.039088,2195607.000000,1874874.000000,3722527.000000,334752.000000,1282372.000000,1952.000000,539.000000,1146.000000,164.000000,144.000000,453.000000,125.000000,266.000000,38.000000,33.000000,2784.000000,769.000000,1633.000000,233.000000,205.000000,15.000000,8.000000,18.000000,3.000000,5.000000,0.000000,6.000000,12.000000,2.000000,4.000000,0.000000,7.000000,15.000000,2.000000,5.000000,8097.000000,2266.000000,4820.000000,695.000000,601.000000,3.000000,
0.041081,0.879078,0.357195,0.192851,0.031499,-209312.467802,3.039088,2195607.000000,1874874.000000,3722527.000000,334752.000000,1282372.000000,1952.000000,539.000000,1146.000000,164.000000,144.000000,453.000000,125.000000,266.000000,38.000000,33.000000,2784.000000,769.000000,1633.000000,233.000000,205.000000,15.000000,8.000000,18.000000,3.000000,5.000000,0.000000,6.000000,12.000000,2.000000,4.000000,0.000000,7.000000,15.000000,2.000000,5.000000,8097.000000,2266.000000,4820.000000,695.000000,601.000000,3.000000,
0.041081,0.879078,0.357195,0.192851,0.031499,-209312.467802,3.039088,2195607.000000,1874874.000000,3722527.000000,334752.000000,1282372.000000,1952.000000,539.000000,1146.000000,164.000000,144.000000,453.000000,125.000000,266.000000,38.000000,33.000000,2784.000000,769.000000,1633.000000,233.000000,205.000000,15.000000,8.000000,18.000000,3.000000,5.000000,0.000000,6.000000,12.000000,2.000000,4.000000,0.000000,7.000000,15.000000,2.000000,5.000000,8097.000000,2266.000000,4820.000000,695.000000,601.000000,3.000000,
0.041053,0.936220,0.353172,0.245947,0.021603,-209105.328332,3.029615,2195607.000000,1874874.000000,3722527.000000,334752.000000,1282372.000000,1952.000000,539.000000,1146.000000,164.000000,144.000000,453.000000,125.000000,266.000000,38.000000,33.000000,2784.000000,769.000000,1633.000000,233.000000,205.000000,15.000000,8.000000,18.000000,3.000000,5.000000,0.000000,6.000000,12.000000,2.000000,4.000000,0.000000,7.000000,15.000000,2.000000,5.000000,8097.000000,2266.000000,4820.000000,695.000000,601.000000,3.000000,
0.041053,0.936220,0.353172,0.245947,0.021603,-209105.328332,3.029615,2195607.000000,1874874.000000,3722527.000000,334752.000000,1282372.000000,1952.000000,539.000000,1146.000000,164.000000,144.000000,453.000000,125.000000,266.000000,38.000000,33.000000,2784.000000,769.000000,1633.000000,233.000000,205.000000,15.000000,8.000000,18.000000,3.000000,5.000000,0.000000,6.000000,12.000000,2.000000,4.000000,0.000000,7.000000,15.000000,2.000000,5.000000,8097.000000,2266.000000,4820.000000,695.000000,601.000000,3.000000,
0.041053,0.936220,0.353172,0.245947,0.021603,-209105.328332,3.029615,2195607.000000,1874874.000000,3722527.000000,334752.000000,1282372.000000,1952.000000,539.000000,1146.000000,164.000000,144.000000,453.000000,125.000000,266.000000,38.000000,33.000000,2784.000000,769.000000,1633.000000,233.000000,205.000000,15.000000,8.000000,18.000000,3.000000,5.000000,0.000000,6.000000,12.000000,2.000000,4.000000,0.000000,7.000000,15.000000,2.000000,5.000000,8097.000000,2266.000000,4820.000000,695.000000,601.000000,3.000000,
0.041053,0.936220,0.353172,0.245947,0.021603,-209105.328332,3.029615,2195607.000000,1874874.000000,3722527.000000,334752.000000,1282372.000000,1952.000000,539.000000,1146.000000,164.000000,144.000000,453.000000,125.000000,266.000000,38.000000,33.000000,2784.000000,769.000000,1633.000000,233.000000,205.000000,15.000000,8.000000,18.000000,3.000000,5.000000,0.000000,6.000000,12.000000,2.000000,4.000000,0.000000,7.000000,15.000000,2.000000,5.000000,8097.000000,2266.000000,4820.000000,695.000000,601.000000,3.000000,
0.041053,0.936220,0.353172,0.245947,0.021603,-209105.328332,3.029615,2195607.000000,1874874.000000,3722527.000000,334752.000000,1282372.000000,1952.000000,539.000000,1146.000000,164.000000,144.000000,453.000000,125.000000,266.000000,38.000000,33.000000,2784.000000,769.000000,1633.000000,233.000000,205.000000,15.000000,8.000000,18.000000,3.000000,5.000000,0.000000,6.000000,12.000000,2.000000,4.000000,0.000000,7.000000,15.000000,2.000000,5.000000,8097.000000,2266.000000,4820.000000,695.000000,601.000000,3.000000,
0.041053,0.936220,0.353172,0.245947,0.021603,-209105.328332,3.029615,2195607.000000,1874874.000000,3722527.000000,334752.000000,1282372.000000,1952.000000,539.000000,1146.000000,164.000000,144.000000,453.000000,125.000000,266.000000,38.000000,33.000000,2784.000000,769.000000,1633.000000,233.000000,205.000000,15.000000,8.000000,18.000000,3.000000,5.000000,0.000000,6.000000,12.000000,2.000000,4.000000,0.000000,7.000000,15.000000,2.000000,5.000000,8097.000000,2266.000000,4820.000000,695.000000,601.000000,3.000000,
0.041053,0.936220,0.353172,0.245947,0.021603,-209105.328332,3.029615,2195607.000000,1874874.000000,3722527.000000,334752.000000,1282372.000000,1952.000000,539.000000,1146.000000,164.000000,144.000000,453.000000,125.000000,266.000000,38.000000,33.000000,2784.000000,769.000000,1633.000000,233.000000,205.000000,15.000000,8.000000,18.000000,3.000000,5.000000,0.000000,6.000000,12.000000,2.000000,4.000000,0.000000,7.000000,15.000000,2.000000,5.000000,8097.000000,2266.000000,4820.000000,695.000000,601.000000,3.000000,
0.041053,0.936220,0.353172,0.245947,0.021603,-209105.328332,3.029615,2195607.000000,1874874.000000,3722527.000000,334752.000000,1282372.000000,1952.000000,539.000000,1146.000000,164.000000,144.000000,453.000000,125.000000,266.000000,38.000000,33.000000,2784.000000,769.000000,1633.000000,233.000000,205.000000,15.000000,8.000000,18.000000,3.000000,5.000000,0.000000,6.000000,12.000000,2.000000,4.000000,0.000000,7.000000,15.000000,2.000000,5.000000,8097.000000,2266.000000,4820.000000,695.000000,601.000000,3.000000,
0.041053,0.936220,0.353172,0.245947,0.021603,-209105.328332,3.029615,2195607.000000,1874874.000000,3722527.000000,334752.000000,1282372.000000,1952.000000,539.000000,1146.000000,164.000000,144.000000,453.000000,125.000000,266.000000,38.000000,33.000000,2784.000000,769.000000,1633.000000,233.000000,205.000000,15.000000,8.000000,18.000000,3.000000,5.000000,0.000000,6.000000,12.000000,2.000000,4.000000,0.000000,7.000000,15.000000,2.000000,5.000000,8097.000000,2266.000000,4820.000000,695.000000,601.000000,3.000000,
0.041053,0.936220,0.353172,0.245947,0.021603,-209105.328332,3.029615,2195607.000000,1874874.000000,3722527.000000,334752.000000,1282372.000000,1952.000000,539.000000,1146.000000,164.000000,144.000000,453.000000,125.000000,266.000000,38.000000,33.000000,2784.000000,769.000000,1633.000000,233.000000,205.000000,15.000000,8.000000,18.000000,3.000000,5.000000,0.000000,6.000000,12.000000,2.000000,4.000000,0.000000,7.000000,15.000000,2.000000,5.000000,8097.000000,2266.000000,4820.000000,695.000000,601.000000,3.000000,
0.041291,0.846395,0.341676,0.248982,0.026079,-208519.848634,3.025735,2195607.000000,1874874.000000,3722527.000000,334752.000000,1282372.000000,1952.000000,539.000000,1146.000000,164.000000,144.000000,453.000000,125.000000,266.000000,38.000000,33.000000,2784.000000,769.000000,1633.000000,233.000000,205.000000,15.000000,8.000000,18.000000,3.000000,5.000000,0.000000,6.000000,12.000000,2.000000,4.000000,0.000000,7.000000,15.000000,2.000000,5.000000,8097.000000,2266.000000,4820.000000,695.000000,601.000000,3.000000,
0.041291,0.846395,0.341676,0.248982,0.026079,-208519.848634,3.025735,2195607.000000,1874874.000000,3722527.000000,334752.000000,1282372.000000,1952.000000,539.000000,1146.000000,164.000000,144.000000,453.000000,125.000000,266.000000,38.000000,33.000000,2784.000000,769.000000,1633.000000,233.000000,205.000000,15.000000,8.000000,18.000000,3.000000,5.000000,0.000000,6.000000,12.000000,2.000000,4.000000,0.000000,7.000000,15.000000,2.000000,5.000000,8097.000000,2266.000000,4820.000000,695.000000,601.000000,3.000000,
0.041452,0.802253,0.336432,0.198485,0.043060,-208255.703716,3.027726,2195607.000000,1874874.000000,3722527.000000,334752.000000,1282372.000000,1952.000000,539.000000,1146.000000,164.000000,144.000000,453.000000,125.000000,266.000000,38.000000,33.000000,2784.000000,769.000000,1633.000000,233.000000,205.000000,15.000000,8.000000,18.000000,3.000000,5.000000,0.000000,6.000000,12.000000,2.000000,4.000000,0.000000,7.000000,15.000000,2.000000,5.000000,8097.000000,2266.000000,4820.000000,695.000000,601.000000,3.000000,
0.041452,0.802253,0.336432,0.198485,0.043060,-208255.703716,3.027726,2195607.000000,1874874.000000,3722527.000000,334752.000000,1282372.000000,1952.000000,539.000000,1146.000000,164.000000,144.000000,453.000000,125.000000,266.000000,38.000000,33.000000,2784.000000,769.000000,1633.000000,233.000000,205.000000,15.000000,8.000000,18.000000,3.000000,5.000000,0.000000,6.000000,12.000000,2.000000,4.000000,0.000000,7.000000,15.000000,2.000000,5.000000,8097.000000,2266.000000,4820.000000,695.000000,601.000000,3.000000,
0.041452,0.802253,0.336432,0.198485,0.043060,-208255.703716,3.027726,2195607.000000,1874874.000000,3722527.000000,334752.000000,1282372.000000,1952.000000,539.000000,1146.000000,164.000000,144.000000,453.000000,125.000000,266.000000,38.000000,33.000000,2784.000000,769.000000,1633.000000,233.000000,205.000000,15.000000,8.000000,18.000000,3.000000,5.000000,0.000000,6.000000,12.000000,2.000000,4.000000,0.000000,7.000000,15.000000,2.000000,5.000000,8097.000000,2266.000000,4820.000000,695.000000,601.000000,3.000000,
0.041452,0.802253,0.336432,0.198485,0.043060,-208255.703716,3.027726,2195607.000000,1874874.000000,3722527.000000,334752.000000,1282372.000000,1952.000000,539.000000,1146.000000,164.000000,144.000000,453.000000,125.000000,266.000000,38.000000,33.000000,2784.000000,769.000000,1633.000000,233.000000,205.000000,15.000000,8.000000,18.000000,3.000000,5.000000,0.000000,6.000000,12.000000,2.000000,4.000000,0.000000,7.000000,15.000000,2.000000,5.000000,8097.000000,2266.000000,4820.000000,695.000000,601.000000,3.000000,
0.041452,0.802253,0.336432,0.198485,0.043060,-208255.703716,3.027726,2195607.000000,1874874.000000,3722527.000000,334752.000000,1282372.000000,1952.000000,539.000000,1146.000000,164.000000,144.000000,453.000000,125.000000,266.000000,38.000000,33.000000,2784.000000,769.000000,1633.000000,233.000000,205.000000,15.000000,8.000000,18.000000,3.000000,5.000000,0.000000,6.000000,12.000000,2.000000,4.000000,0.000000,7.000000,15.000000,2.000000,5.000000,8097.000000,2266.000000,4820.000000,695.000000,601.000000,3.000000,
0.041452,0.802253,0.336432,0.198485,0.043060,-208255.703716,3.027726,2195607.000000,1874874.000000,3722527.000000,334752.000000,1282372.000000,1952.000000,539.000000,1146.000000,164.000000,144.000000,453.000000,125.000000,266.000000,38.000000,33.000000,2784.000000,769.000000,1633.000000,233.000000,205.000000,15.000000,8.000000,18.000000,3.000000,5.000000,0.000000,6.000000,12.000000,2.000000,4.000000,0.000000,7.000000,15.000000,2.000000,5.000000,8097.000000,2266.000000,4820.000000,695.000000,601.000000,3.000000,
0.041452,0.802253,0.336432,0.198485,0.043060,-208255.703716,3.027726,2195607.000000,1874874.000000,3722527.000000,334752.000000,1282372.000000,1952.000000,539.000000,1146.000000,164.000000,144.000000,453.000000,125.000000,266.000000,38.000000,33.000000,2784.000000,769.000000,1633.000000,233.000000,205.000000,15.000000,8.000000,18.000000,3.000000,5.000000,0.000000,6.000000,12.000000,2.000000,4.000000,0.000000,7.000000,15.000000,2.000000,5.000000,8097.000000,2266.000000,4820.000000,695.000000,601.000000,3.000000,
0.041452,0.802253,0.336432,0.198485,0.043060,-208255.703716,3.027726,2195607.000000,1874874.000000,3722527.000000,334752.000000,1282372.000000,1952.000000,539.000000,1146.000000,164.000000,144.000000,453.000000,125.000000,266.000000,38.000000,33.000000,2784.000000,769.000000,1633.000000,233.000000,205.000000,15.000000,8.000000,18.000000,3.000000,5.000000,0.000000,6.000000,12.000000,2.000000,4.000000,0.000000,7.000000,15.000000,2.000000,5.000000,8097.000000,2266.000000,4820.000000,695.000000,601.000000,3.000000,
0.041452,0.802253,0.336432,0.198485,0.043060,-208255.703716,3.027726,2195607.000000,1874874.000000,3722527.000000,334752.000000,1282372.000000,1952.000000,539.000000,1146.000000,164.000000,144.000000,453.000000,125.000000,266.000000,38.000000,33.000000,2784.000000,769.000000,1633.000000,233.000000,205.000000,15.000000,8.000000,18.000000,3.000000,5.000000,0.000000,6.000000,12.000000,2.000000,4.000000,0.000000,7.000000,15.000000,2.000000,5.000000,8097.000000,2266.000000,4820.000000,695.000000,601.000000,3.000000,
0.041452,0.802253,0.336432,0.198485,0.043060,-208255.703716,3.027726,2195607.000000,1874874.000000,3722527.000000,334752.000000,1282372.000000,1952.000000,539.000000,1146.000000,164.000000,144.000000,453.000000,125.000000,266.000000,38.000000,33.000000,2784.000000,769.000000,1633.000000,233.000000,205.000000,15.000000,8.000000,18.000000,3.000000,5.000000,0.000000,6.000000,12.000000,2.000000,4.000000,0.000000,7.000000,15.000000,2.000000,5.000000,8097.000000,2266.000000,4820.000000,695.000000,601.000000,3.000000,
0.041452,0.802253,0.336432,0.198485,0.043060,-208255.703716,3.027726,2195607.000000,1874874.000000,3722527.000000,334752.000000,1282372.000000,1952.000000,539.000000,1146.000000,164.000000,144.000000,453.000000,125.000000,266.000000,38.000000,33.000000,2784.000000,769.000000,1633.000000,233.000000,205.000000,15.000000,8.000000,18.000000,3.000000,5.000000,0.000000,6.000000,12.000000,2.000000,4.000000,0.000000,7.000000,15.000000,2.000000,5.000000,8097.000000,2266.000000,4820.000000,695.000000,601.000000,3.000000,
0.041441,0.666369,0.333825,0.264013,0.040292,-208124.890593,3.022024,2195607.000000,1874874.000000,3722527.000000,334752.000000,1282372.000000,1952.000000,539.000000,1146.000000,164.000000,144.000000,453.000000,125.000000,266.000000,38.000000,33.000000,2784.000000,769.000000,1633.000000,233.000000,205.000000,15.000000,8.000000,18.000000,3.000000,5.000000,0.000000,6.000000,12.000000,2.000000,4.000000,0.000000,7.000000,15.000000,2.000000,5.000000,8097.000000,2266.000000,4820.000000,695.000000,601.000000,3.000000,
0.041441,0.666369,0.333825,0.264013,0.040292,-208124.890593,3.022024,2195607.000000,1874874.000000,3722527.000000,334752.000000,1282372.000000,1952.000000,539.000000,1146.000000,164.000000,144.000000,453.000000,125.000000,266.000000,38.000000,33.000000,2784.000000,769.000000,1633.000000,233.000000,205.000000,15.000000,8.000000,18.000000,3.000000,5.000000,0.000000,6.000000,12.000000,2.000000,4.000000,0.000000,7.000000,15.000000,2.000000,5.000000,8097.000000,2266.000000,4820.000000,695.000000,601.000000,3.000000,
0.041343,0.448052,0.339867,0.171571,0.052702,-208428.522189,3.026132,2195607.000000,1874874.000000,3722527.000000,334752.000000,1282372.000000,1952.000000,539.000000,1146.000000,164.000000,144.000000,453.000000,125.000000,266.000000,38.000000,33.000000,2784.000000,769.000000,1633.000000,233.000000,205.000000,15.000000,8.000000,18.000000,3.000000,5.000000,0.000000,6.000000,12.000000,2.000000,4.000000,0.000000,7.000000,15.000000,2.000000,5.000000,8097.000000,2266.000000,4820.000000,695.000000,601.000000,3.000000,
0.040438,0.003635,0.394259,0.127956,0.055981,-211269.890134,3.059168,2195607.000000,1874874.000000,3722527.000000,334752.000000,1282372.000000,1952.000000,539.000000,1146.000000,164.000000,144.000000,453.000000,125.000000,266.000000,38.000000,33.000000,2784.000000,769.000000,1633.000000,233.000000,205.000000,15.000000,8.000000,18.000000,3.000000,5.000000,0.000000,6.000000,12.000000,2.000000,4.000000,0.000000,7.000000,15.000000,2.000000,5.000000,8097.000000,2266.000000,4820.000000,695.000000,601.000000,3.000000,
0.040438,0.003635,0.394259,0.127956,0.055981,-211269.890134,3.059168,2195607.000000,1874874.000000,3722527.000000,334752.000000,1282372.000000,1952.000000,539.000000,1146.000000,164.000000,144.000000,453.000000,125.000000,266.000000,38.000000,33.000000,2784.000000,769.000000,1633.000000,233.000000,205.000000,15.000000,8.000000,18.000000,3.000000,5.000000,0.000000,6.000000,12.000000,2.000000,4.000000,0.000000,7.000000,15.000000,2.000000,5.000000,8097.000000,2266.000000,4820.000000,695.000000,601.000000,3.000000,
0.040462,0.001645,0.393687,0.148280,0.060100,-211239.005875,3.059978,2195607.000000,1874874.000000,3722527.000000,334752.000000,1282372.000000,1952.000000,539.000000,1146.000000,164.000000,144.000000,453.000000,125.000000,266.000000,38.000000,33.000000,2784.000000,769.000000,1633.000000,233.000000,205.000000,15.000000,8.000000,18.000000,3.000000,5.000000,0.000000,6.000000,12.000000,2.000000,4.000000,0.000000,7.000000,15.000000,2.000000,5.000000,8097.000000,2266.000000,4820.000000,695.000000,601.000000,3.000000,
0.040462,0.001645,0.393687,0.148280,0.060100,-211239.005875,3.059978,2195607.000000,1874874.000000,3722527.000000,334752.000000,1282372.000000,1952.000000,539.000000,1146.000000,164.000000,144.000000,453.000000,125.000000,266.000000,38.000000,33.000000,2784.000000,769.000000,1633.000000,233.000000,205.000000,15.000000,8.000000,18.000000,3.000000,5.000000,0.000000,6.000000,12.000000,2.000000,4.000000,0.000000,7.000000,15.000000,2.000000,5.000000,8097.000000,2266.000000,4820.000000,695.000000,601.000000,3.000000,
0.040462,0.001645,0.393687,0.148280,0.060100,-211239.005875,3.059978,2195607.000000,1874874.000000,3722527.000000,334752.000000,1282372.000000,1952.000000,539.000000,1146.000000,164.000000,144.000000,453.000000,125.000000,266.000000,38.000000,33.000000,2784.000000,769.000000,1633.000000,233.000000,205.000000,15.000000,8.000000,18.000000,3.000000,5.000000,0.000000,6.000000,12.000000,2.000000,4.000000,0.000000,7.000000,15.000000,2.000000,5.000000,8097.000000,2266.000000,4820.000000,695.000000,601.000000,3.000000,
0.040507,0.001498,0.389116,0.166272,0.072166,-210992.674370,3.054999,2195607.000000,1874874.000000,3722527.000000,334752.000000,1282372.000000,1952.000000,539.000000,1146.000000,164.000000,144.000000,453.000000,125.000000,266.000000,38.000000,33.000000,2784.000000,769.000000,1633.000000,233.000000,205.000000,15.000000,8.000000,18.000000,3.000000,5.000000,0.000000,6.000000,12.000000,2.000000,4.000000,0.000000,7.000000,15.000000,2.000000,5.000000,8097.000000,2266.000000,4820.000000,695.000000,601.000000,3.000000,
0.040507,0.001498,0.389116,0.166272,0.072166,-210992.674370,3.054999,2195607.000000,1874874.000000,3722527.000000,334752.000000,1282372.000000,1952.000000,539.000000,1146.000000,164.000000,144.000000,453.000000,125.000000,266.000000,38.000000,33.000000,2784.000000,769.000000,1633.000000,233.000000,205.000000,15.000000,8.000000,18.000000,3.000000,5.000000,0.000000,6.000000,12.000000,2.000000,4.000000,0.000000,7.000000,15.000000,2.000000,5.000000,8097.000000,2266.000000,4820.000000,695.000000,601.000000,3.000000,
0.040295,0.002343,0.398445,0.169571,0.061774,-211496.692251,3.055987,2195607.000000,1874874.000000,3722527.000000,334752.000000,1282372.000000,1952.000000,539.000000,1146.000000,164.000000,144.000000,453.000000,125.000000,266.000000,38.000000,33.000000,2784.000000,769.000000,1633.000000,233.000000,205.000000,15.000000,8.000000,18.000000,3.000000,5.000000,0.000000,6.000000,12.000000,2.000000,4.000000,0.000000,7.000000,15.000000,2.000000,5.000000,8097.000000,2266.000000,4820.000000,695.000000,601.000000,3.000000,
0.040295,0.002343,0.398445,0.169571,0.061774,-211496.692251,3.055987,2195607.000000,1874874.000000,3722527.000000,334752.000000,1282372.000000,1952.000000,539.000000,1146.000000,164.000000,144.000000,453.000000,125.000000,266.000000,38.000000,33.000000,2784.000000,769.000000,1633.000000,233.000000,205.000000,15.000000,8.000000,18.000000,3.000000,5.000000,0.000000,6.000000,12.000000,2.000000,4.000000,0.000000,7.000000,15.000000,2.000000,5.000000,8097.000000,2266.000000,4820.000000,695.000000,601.000000,3.000000,
0.040295,0.002343,0.398445,0.169571,0.061774,-211496.692251,3.055987,2195607.000000,1874874.000000,3722527.000000,334752.000000,1282372.000000,1952.000000,539.000000,1146.000000,164.000000,144.000000,453.000000,125.000000,266.000000,38.000000,33.000000,2784.000000,769.000000,1633.000000,233.000000,205.000000,15.000000,8.000000,18.000000,3.000000,5.000000,0.000000,6.000000,12.000000,2.000000,4.000000,0.000000,7.000000,15.000000,2.000000,5.000000,8097.000000,2266.000000,4820.000000,695.000000,601.000000,3.000000,
0.040295,0.002343,0.398445,0.169571,0.061774,-211496.692251,3.055987,2195607.000000,1874874.000000,3722527.000000,334752.000000,1282372.000000,1952.000000,539.000000,1146.000000,164.000000,144.000000,453.000000,125.000000,266.000000,38.000000,33.000000,2784.000000,769.000000,1633.000000,233.000000,205.000000,15.000000,8.000000,18.000000,3.000000,5.000000,0.000000,6.000000,12.000000,2.000000,4.000000,0.000000,7.000000,15.000000,2.000000,5.000000,8097.000000,2266.000000,4820.000000,695.000000,601.000000,3.000000,
0.040340,0.001416,0.392633,0.137636,0.093203,-211181.819919,3.048814,2195607.000000,1874874.000000,3722527.000000,334752.000000,1282372.000000,1952.000000,539.000000,1146.000000,164.000000,144.000000,453.000000,125.000000,266.000000,38.000000,33.000000,2784.000000,769.000000,1633.000000,233.000000,205.000000,15.000000,8.000000,18.000000,3.000000,5.000000,0.000000,6.000000,12.000000,2.000000,4.000000,0.000000,7.000000,15.000000,2.000000,5.000000,8097.000000,2266.000000,4820.000000,695.000000,601.000000,3.000000,
0.040340,0.001416,0.392633,0.137636,0.093203,-211181.819919,3.048814,2195607.000000,1874874.000000,3722527.000000,334752.000000,1282372.000000,1952.000000,539.000000,1146.000000,164.000000,144.000000,453.000000,125.000000,266.000000,38.000000,33.000000,2784.000000,769.000000,1633.000000,233.000000,205.000000,15.000000,8.000000,18.000000,3.000000,5.000000,0.000000,6.000000,12.000000,2.000000,4.000000,0.000000,7.000000,15.000000,2.000000,5.000000,8097.000000,2266.000000,4820.000000,695.000000,601.000000,3.000000,
0.040340,0.001416,0.392633,0.137636,0.093203,-211181.819919,3.048814,2195607.000000,1874874.000000,3722527.000000,334752.000000,1282372.000000,1952.000000,539.000000,1146.000000,164.000000,144.000000,453.000000,125.000000,266.000000,38.000000,33.000000,2784.000000,769.000000,1633.000000,233.000000,205.000000,15.000000,8.000000,18.000000,3.000000,5.000000,0.000000,6.000000,12.000000,2.000000,4.000000,0.000000,7.000000,15.000000,2.000000,5.000000,8097.000000,2266.000000,4820.000000,695.000000,601.000000,3.000000,
0.040340,0.001416,0.392633,0.137636,0.093203,-211181.819919,3.048814,2195607.000000,1874874.000000,3722527.000000,334752.000000,1282372.000000,1952.000000,539.000000,1146.000000,164.000000,144.000000,453.000000,125.000000,266.000000,38.000000,33.000000,2784.000000,769.000000,1633.000000,233.000000,205.000000,15.000000,8.000000,18.000000,3.000000,5.000000,0.000000,6.000000,12.000000,2.000000,4.000000,0.000000,7.000000,15.000000,2.000000,5.000000,8097.000000,2266.000000,4820.000000,695.000000,601.000000,3.000000,
0.040509,0.006137,0.378206,0.004071,0.429649,-210410.324799,3.035214,2195607.000000,1874874.000000,3722527.000000,334752.000000,1282372.000000,1952.000000,539.000000,1146.000000,164.000000,144.000000,453.000000,125.000000,266.000000,38.000000,33.000000,2784.000000,769.000000,1633.000000,233.000000,205.000000,15.000000,8.000000,18.000000,3.000000,5.000000,0.000000,6.000000,12.000000,2.000000,4.000000,0.000000,7.000000,15.000000,2.000000,5.000000,8097.000000,2266.000000,4820.000000,695.000000,601.000000,3.000000,
0.040509,0.006137,0.378206,0.004071,0.429649,-210410.324799,3.035214,2195607.000000,1874874.000000,3722527.000000,334752.000000,1282372.000000,1952.000000,539.000000,1146.000000,164.000000,144.000000,453.000000,125.000000,266.000000,38.000000,33.000000,2784.000000,769.000000,1633.000000,233.000000,205.000000,15.000000,8.000000,18.000000,3.000000,5.000000,0.000000,6.000000,12.000000,2.000000,4.000000,0.000000,7.000000,15.000000,2.000000,5.000000,8097.000000,2266.000000,4820.000000,695.000000,601.000000,3.000000,
0.040720,0.005196,0.364119,0.008347,0.430014,-209670.653772,3.025153,2195607.000000,1874874.000000,3722527.000000,334752.000000,1282372.000000,1952.000000,539.000000,1146.000000,164.000000,144.000000,453.000000,125.000000,266.000000,38.000000,33.000000,2784.000000,769.000000,1633.000000,233.000000,205.000000,15.000000,8.000000,18.000000,3.000000,5.000000,0.000000,6.000000,12.000000,2.000000,4.000000,0.000000,7.000000,15.000000,2.000000,5.000000,8097.000000,2266.000000,4820.000000,695.000000,601.000000,3.000000,
0.040808,0.006064,0.359772,0.006153,0.518624,-209445.153155,3.023645,2195607.000000,1874874.000000,3722527.000000,334752.000000,1282372.000000,1952.000000,539.000000,1146.000000,164.000000,144.000000,453.000000,125.000000,266.000000,38.000000,33.000000,2784.000000,769.000000,1633.000000,233.000000,205.000000,15.000000,8.000000,18.000000,3.000000,5.000000,0.000000,6.000000,12.000000,2.000000,4.000000,0.000000,7.000000,15.000000,2.000000,5.000000,8097.000000,2266.000000,4820.000000,695.000000,601.000000,3.000000,
0.040688,0.006417,0.367556,0.009907,0.465808,-209849.952321,3.029060,2195607.000000,1874874.000000,3722527.000000,334752.000000,1282372.000000,1952.000000,539.000000,1146.000000,164.000000,144.000000,453.000000,125.000000,266.000000,38.000000,33.000000,2784.000000,769.000000,1633.000000,233.000000,205.000000,15.000000,8.000000,18.000000,3.000000,5.000000,0.000000,6.000000,12.000000,2.000000,4.000000,0.000000,7.000000,15.000000,2.000000,5.000000,8097.000000,2266.000000,4820.000000,695.000000,601.000000,3.000000,
0.040890,0.003748,0.359398,0.009204,0.432415,-209425.964895,3.029031,2195607.000000,1874874.000000,3722527.000000,334752.000000,1282372.000000,1952.000000,539.000000,1146.000000,164.000000,144.000000,453.000000,125.000000,266.000000,38.000000,33.000000,2784.000000,769.000000,1633.000000,233.000000,205.000000,15.000000,8.000000,18.000000,3.000000,5.000000,0.000000,6.000000,12.000000,2.000000,4.000000,0.000000,7.000000,15.000000,2.000000,5.000000,8097.000000,2266.000000,4820.000000,695.000000,601.000000,3.000000,
0.040890,0.003748,0.359398,0.009204,0.432415,-209425.964895,3.029031,2195607.000000,1874874.000000,3722527.000000,334752.000000,1282372.000000,1952.000000,539.000000,1146.000000,164.000000,144.000000,453.000000,125.000000,266.000000,38.000000,33.000000,2784.000000,769.000000,1633.000000,233.000000,205.000000,15.000000,8.000000,18.000000,3.000000,5.000000,0.000000,6.000000,12.000000,2.000000,4.000000,0.000000,7.000000,15.000000,2.000000,5.000000,8097.000000,2266.000000,4820.000000,695.000000,601.000000,3.000000,
0.040865,0.002738,0.362475,0.009047,0.516727,-209585.433469,3.032836,2195607.000000,1874874.000000,3722527.000000,334752.000000,1282372.000000,1952.000000,539.000000,1146.000000,164.000000,144.000000,453.000000,125.000000,266.000000,38.000000,33.000000,2784.000000,769.000000,1633.000000,233.000000,205.000000,15.000000,8.000000,18.000000,3.000000,5.000000,0.000000,6.000000,12.000000,2.000000,4.000000,0.000000,7.000000,15.000000,2.000000,5.000000,8097.000000,2266.000000,4820.000000,695.000000,601.000000,3.000000,
0.040917,0.003217,0.360588,0.005613,0.466927,-209487.605115,3.033254,2195607.000000,1874874.000000,3722527.000000,334752.000000,1282372.000000,1952.000000,539.000000,1146.000000,164.000000,144.000000,453.000000,125.000000,266.000000,38.000000,33.000000,2784.000000,769.000000,1633.000000,233.000000,205.000000,15.000000,8.000000,18.000000,3.000000,5.000000,0.000000,6.000000,12.000000,2.000000,4.000000,0.000000,7.000000,15.000000,2.000000,5.000000,8097.000000,2266.000000,4820.000000,695.000000,601.000000,3.000000,
0.040917,0.003217,0.360588,0.005613,0.466927,-209487.605115,3.033254,2195607.000000,1874874.000000,3722527.000000,334752.000000,1282372.000000,1952.000000,539.000000,1146.000000,164.000000,144.000000,453.000000,125.000000,266.000000,38.000000,33.000000,2784.000000,769.000000,1633.000000,233.000000,205.000000,15.000000,8.000000,18.000000,3.000000,5.000000,0.000000,6.000000,12.000000,2.000000,4.000000,0.000000,7.000000,15.000000,2.000000,5.000000,8097.000000,2266.000000,4820.000000,695.000000,601.000000,3.000000,
0.040917,0.003217,0.360588,0.005613,0.466927,-209487.605115,3.033254,2195607.000000,1874874.000000,3722527.000000,334752.000000,1282372.000000,1952.000000,539.000000,1146.000000,164.000000,144.000000,453.000000,125.000000,266.000000,38.000000,33.000000,2784.000000,769.000000,1633.000000,233.000000,205.000000,15.000000,8.000000,18.000000,3.000000,5.000000,0.000000,6.000000,12.000000,2.000000,4.000000,0.000000,7.000000,15.000000,2.000000,5.000000,8097.000000,2266.000000,4820.000000,695.000000,601.000000,3.000000,
0.040917,0.003217,0.360588,0.005613,0.466927,-209487.605115,3.033254,2195607.000000,1874874.000000,3722527.000000,334752.000000,1282372.000000,1952.000000,539.000000,1146.000000,164.000000,144.000000,453.000000,125.000000,266.000000,38.000000,33.000000,2784.000000,769.000000,1633.000000,233.000000,205.000000,15.000000,8.000000,18.000000,3.000000,5.000000,0.000000,6.000000,12.000000,2.000000,4.000000,0.000000,7.000000,15.000000,2.000000,5.000000,8097.000000,2266.000000,4820.000000,695.000000,601.000000,3.000000,
0.040917,0.003217,0.360588,0.005613,0.466927,-209487.605115,3.033254,2195607.000000,1874874.000000,3722527.000000,334752.000000,1282372.000000,1952.000000,539.000000,1146.000000,164.000000,144.000000,453.000000,125.000000,266.000000,38.000000,33.000000,2784.000000,769.000000,1633.000000,233.000000,205.000000,15.000000,8.000000,18.000000,3.000000,5.000000,0.000000,6.000000,12.000000,2.000000,4.000000,0.000000,7.000000,15.000000,2.000000,5.000000,8097.000000,2266.000000,4820.000000,695.000000,601.000000,3.000000,
0.040917,0.003217,0.360588,0.005613,0.466927,-209487.605115,3.033254,2195607.000000,1874874.000000,3722527.000000,334752.000000,1282372.000000,1952.000000,539.000000,1146.000000,164.000000,144.000000,453.000000,125.000000,266.000000,38.000000,33.000000,2784.000000,769.000000,1633.000000,233.000000,205.000000,15.000000,8.000000,18.000000,3.000000,5.000000,0.000000,6.000000,12.000000,2.000000,4.000000,0.000000,7.000000,15.000000,2.000000,5.000000,8097.000000,2266.000000,4820.000000,695.000000,601.000000,3.000000,
0.040917,0.003217,0.360588,0.005613,0.466927,-209487.605115,3.033254,2195607.000000,1874874.000000,3722527.000000,334752.000000,1282372.000000,1952.000000,539.000000,1146.000000,164.000000,144.000000,453.000000,125.000000,266.000000,38.000000,33.000000,2784.000000,769.000000,1633.000000,233.000000,205.000000,15.000000,8.000000,18.000000,3.000000,5.000000,0.000000,6.000000,12.000000,2.000000,4.000000,0.000000,7.000000,15.000000,2.000000,5.000000,8097.000000,2266.000000,4820.000000,695.000000,601.000000,3.000000,
0.040814,0.002259,0.365079,0.007473,0.444196,-209720.871849,3.033871,2195607.000000,1874874.000000,3722527.000000,334752.000000,1282372.000000,1952.000000,539.000000,1146.000000,164.000000,144.000000,453.000000,125.000000,266.000000,38.000000,33.000000,2784.000000,769.000000,1633.000000,233.000000,205.000000,15.000000,8.000000,18.000000,3.000000,5.000000,0.000000,6.000000,12.000000,2.000000,4.000000,0.000000,7.000000,15.000000,2.000000,5.000000,8097.000000,2266.000000,4820.000000,695.000000,601.000000,3.000000,
0.040814,0.002259,0.365079,0.007473,0.444196,-209720.871849,3.033871,2195607.000000,1874874.000000,3722527.000000,334752.000000,1282372.000000,1952.000000,539.000000,1146.000000,164.000000,144.000000,453.000000,125.000000,266.000000,38.000000,33.000000,2784.000000,769.000000,1633.000000,233.000000,205.000000,15.000000,8.000000,18.000000,3.000000,5.000000,0.000000,6.000000,12.000000,2.000000,4.000000,0.000000,7.000000,15.000000,2.000000,5.000000,8097.000000,2266.000000,4820.000000,695.000000,601.000000,3.000000,
0.040586,0.001651,0.374315,0.006107,0.436156,-210204.740867,3.033829,2195607.000000,1874874.000000,3722527.000000,334752.000000,1282372.000000,1952.000000,539.000000,1146.000000,164.000000,144.000000,453.000000,125.000000,266.000000,38.000000,33.000000,2784.000000,769.000000,1633.000000,233.000000,205.000000,15.000000,8.000000,18.000000,3.000000,5.000000,0.000000,6.000000,12.000000,2.000000,4.000000,0.000000,7.000000,15.000000,2.000000,5.000000,8097.000000,2266.000000,4820.000000,695.000000,601.000000,3.000000,
0.040586,0.001651,0.374315,0.006107,0.436156,-210204.740867,3.033829,2195607.000000,1874874.000000,3722527.000000,334752.000000,1282372.000000,1952.000000,539.000000,1146.000000,164.000000,144.000000,453.000000,125.000000,266.000000,38.000000,33.000000,2784.000000,769.000000,1633.000000,233.000000,205.000000,15.000000,8.000000,18.000000,3.000000,5.000000,0.000000,6.000000,12.000000,2.000000,4.000000,0.000000,7.000000,15.000000,2.000000,5.000000,8097.000000,2266.000000,4820.000000,695.000000,601.000000,3.000000,
0.040527,0.001282,0.376134,0.005724,0.471521,-210300.677645,3.032756,2195607.000000,1874874.000000,3722527.000000,334752.000000,1282372.000000,1952.000000,539.000000,1146.000000,164.000000,144.000000,453.000000,125.000000,266.000000,38.000000,33.000000,2784.000000,769.000000,1633.000000,233.000000,205.000000,15.000000,8.000000,18.000000,3.000000,5.000000,0.000000,6.000000,12.000000,2.000000,4.000000,0.000000,7.000000,15.000000,2.000000,5.000000,8097.000000,2266.000000,4820.000000,695.000000,601.000000,3.000000,
0.040527,0.001282,0.376134,0.005724,0.471521,-210300.677645,3.032756,2195607.000000,1874874.000000,3722527.000000,334752.000000,1282372.000000,1952.000000,539.000000,1146.000000,164.000000,144.000000,453.000000,125.000000,266.000000,38.000000,33.000000,2784.000000,769.000000,1633.000000,233.000000,205.000000,15.000000,8.000000,18.000000,3.000000,5.000000,0.000000,6.000000,12.000000,2.000000,4.000000,0.000000,7.000000,15.000000,2.000000,5.000000,8097.000000,2266.000000,4820.000000,695.000000,601.000000,3.000000,
0.040527,0.001282,0.376134,0.005724,0.471521,-210300.677645,3.032756,2195607.000000,1874874.000000,3722527.000000,334752.000000,1282372.000000,1952.000000,539.000000,1146.000000,164.000000,144.000000,453.000000,125.000000,266.000000,38.000000,33.000000,2784.000000,769.000000,1633.000000,233.000000,205.000000,15.000000,8.000000,18.000000,3.000000,5.000000,0.000000,6.000000,12.000000,2.000000,4.000000,0.000000,7.000000,15.000000,2.000000,5.000000,8097.000000,2266.000000,4820.000000,695.000000,601.000000,3.000000,
0.040527,0.001282,0.376134,0.005724,0.471521,-210300.677645,3.032756,2195607.000000,1874874.000000,3722527.000000,334752.000000,1282372.000000,1952.000000,539.000000,1146.000000,164.000000,144.000000,453.000000,125.000000,266.000000,38.000000,33.000000,2784.000000,769.000000,1633.000000,233.000000,205.000000,15.000000,8.000000,18.000000,3.000000,5.000000,0.000000,6.000000,12.000000,2.000000,4.000000,0.000000,7.000000,15.000000,2.000000,5.000000,8097.000000,2266.000000,4820.000000,695.000000,601.000000,3.000000,
0.040527,0.001282,0.376134,0.005724,0.471521,-210300.677645,3.032756,2195607.000000,1874874.000000,3722527.000000,334752.000000,1282372.000000,1952.000000,539.000000,1146.000000,164.000000,144.000000,453.000000,125.000000,266.000000,38.000000,33.000000,2784.000000,769.000000,1633.000000,233.000000,205.000000,15.000000,8.000000,18.000000,3.000000,5.000000,0.000000,6.000000,12.000000,2.000000,4.000000,0.000000,7.000000,15.000000,2.000000,5.000000,8097.000000,2266.000000,4820.000000,695.000000,601.000000,3.000000,
0.040527,0.001282,0.376134,0.005724,0.471521,-210300.677645,3.032756,2195607.000000,1874874.000000,3722527.000000,334752.000000,1282372.000000,1952.000000,539.000000,1146.000000,164.000000,144.000000,453.000000,125.000000,266.000000,38.000000,33.000000,2784.000000,769.000000,1633.000000,233.000000,205.000000,15.000000,8.000000,18.000000,3.000000,5.000000,0.000000,6.000000,12.000000,2.000000,4.000000,0.000000,7.000000,15.000000,2.000000,5.000000,8097.000000,2266.000000,4820.000000,695.000000,601.000000,3.000000,
0.040527,0.001282,0.376134,0.005724,0.471521,-210300.677645,3.032756,2195607.000000,1874874.000000,3722527.000000,334752.000000,1282372.000000,1952.000000,539.000000,1146.000000,164.000000,144.000000,453.000000,125.000000,266.000000,38.000000,33.000000,2784.000000,769.000000,1633.000000,233.000000,205.000000,15.000000,8.000000,18.000000,3.000000,5.000000,0.000000,6.000000,12.000000,2.000000,4.000000,0.000000,7.000000,15.000000,2.000000,5.000000,8097.000000,2266.000000,4820.000000,695.000000,601.000000,3.000000,
0.040527,0.001282,0.376134,0.005724,0.471521,-210300.677645,3.032756,2195607.000000,1874874.000000,3722527.000000,334752.000000,1282372.000000,1952.000000,539.000000,1146.000000,164.000000,144.000000,453.000000,125.000000,266.000000,38.000000,33.000000,2784.000000,769.000000,1633.000000,233.000000,205.000000,15.000000,8.000000,18.000000,3.000000,5.000000,0.000000,6.000000,12.000000,2.000000,4.000000,0.000000,7.000000,15.000000,2.000000,5.000000,8097.000000,2266.000000,4820.000000,695.000000,601.000000,3.000000,
0.040527,0.001282,0.376134,0.005724,0.471521,-210300.677645,3.032756,2195607.000000,1874874.000000,3722527.000000,334752.000000,1282372.000000,1952.000000,539.000000,1146.000000,164.000000,144.000000,453.000000,125.000000,266.000000,38.000000,33.000000,2784.000000,769.000000,1633.000000,233.000000,205.000000,15.000000,8.000000,18.000000,3.000000,5.000000,0.000000,6.000000,12.000000,2.000000,4.000000,0.000000,7.000000,15.000000,2.000000,5.000000,8097.000000,2266.000000,4820.000000,695.000000,601.000000,3.000000,
0.040527,0.001282,0.376134,0.005724,0.471521,-210300.677645,3.032756,2195607.000000,1874874.000000,3722527.000000,334752.000000,1282372.000000,1952.000000,539.000000,1146.000000,164.000000,144.000000,453.000000,125.000000,266.000000,38.000000,33.000000,2784.000000,769.000000,1633.000000,233.000000,205.000000,15.000000,8.000000,18.000000,3.000000,5.000000,0.000000,6.000000,12.000000,2.000000,4.000000,0.000000,7.000000,15.000000,2.000000,5.000000,8097.000000,2266.000000,4820.000000,695.000000,601.000000,3.000000,
0.040527,0.001282,0.376134,0.005724,0.471521,-210300.677645,3.032756,2195607.000000,1874874.000000,3722527.000000,334752.000000,1282372.000000,1952.000000,539.000000,1146.000000,164.000000,144.000000,453.000000,125.000000,266.000000,38.000000,33.000000,2784.000000,769.000000,1633.000000,233.000000,205.000000,15.000000,8.000000,18.000000,3.000000,5.000000,0.000000,6.000000,12.000000,2.000000,4.000000,0.000000,7.000000,15.000000,2.000000,5.000000,8097.000000,2266.000000,4820.000000,695.000000,601.000000,3.000000,
0.040527,0.001282,0.376134,0.005724,0.471521,-210300.677645,3.032756,2195607.000000,1874874.000000,3722527.000000,334752.000000,1282372.000000,1952.000000,539.000000,1146.000000,164.000000,144.000000,453.000000,125.000000,266.000000,38.000000,33.000000,2784.000000,769.000000,1633.000000,233.000000,205.000000,15.000000,8.000000,18.000000,3.000000,5.000000,0.000000,6.000000,12.000000,2.000000,4.000000,0.000000,7.000000,15.000000,2.000000,5.000000,8097.000000,2266.000000,4820.000000,695.000000,601.000000,3.000000,
0.040527,0.001282,0.376134,0.005724,0.471521,-210300.677645,3.032756,2195607.000000,1874874.000000,3722527.000000,334752.000000,1282372.000000,1952.000000,539.000000,1146.000000,164.000000,144.000000,453.000000,125.000000,266.000000,38.000000,33.000000,2784.000000,769.000000,1633.000000,233.000000,205.000000,15.000000,8.000000,18.000000,3.000000,5.000000,0.000000,6.000000,12.000000,2.000000,4.000000,0.000000,7.000000,15.000000,2.000000,5.000000,8097.000000,2266.000000,4820.000000,695.000000,601.000000,3.000000,
0.040527,0.001282,0.376134,0.005724,0.471521,-210300.677645,3.032756,2195607.000000,1874874.000000,3722527.000000,334752.000000,1282372.000000,1952.000000,539.000000,1146.000000,164.000000,144.000000,453.000000,125.000000,266.000000,38.000000,33.000000,2784.000000,769.000000,1633.000000,233.000000,205.000000,15.000000,8.000000,18.000000,3.000000,5.000000,0.000000,6.000000,12.000000,2.000000,4.000000,0.000000,7.000000,15.000000,2.000000,5.000000,8097.000000,2266.000000,4820.000000,695.000000,601.000000,3.000000,
0.040527,0.001282,0.376134,0.005724,0.471521,-210300.677645,3.032756,2195607.000000,1874874.000000,3722527.000000,334752.000000,1282372.000000,1952.000000,539.000000,1146.000000,164.000000,144.000000,453.000000,125.000000,266.000000,38.000000,33.000000,2784.000000,769.000000,1633.000000,233.000000,205.000000,15.000000,8.000000,18.000000,3.000000,5.000000,0.000000,6.000000,12.000000,2.000000,4.000000,0.000000,7.000000,15.000000,2.000000,5.000000,8097.000000,2266.000000,4820.000000,695.000000,601.000000,3.000000,
0.040527,0.001282,0.376134,0.005724,0.471521,-210300.677645,3.032756,2195607.000000,1874874.000000,3722527.000000,334752.000000,1282372.000000,1952.000000,539.000000,1146.000000,164.000000,144.000000,453.000000,125.000000,266.000000,38.000000,33.000000,2784.000000,769.000000,1633.000000,233.000000,205.000000,15.000000,8.000000,18.000000,3.000000,5.000000,0.000000,6.000000,12.000000,2.000000,4.000000,0.000000,7.000000,15.000000,2.000000,5.000000,8097.000000,2266.000000,4820.000000,695.000000,601.000000,3.000000,
0.040527,0.001282,0.376134,0.005724,0.471521,-210300.677645,3.032756,2195607.000000,1874874.000000,3722527.000000,334752.000000,1282372.000000,1952.000000,539.000000,1146.000000,164.000000,144.000000,453.000000,125.000000,266.000000,38.000000,33.000000,2784.000000,769.000000,1633.000000,233.000000,205.000000,15.000000,8.000000,18.000000,3.000000,5.000000,0.000000,6.000000,12.000000,2.000000,4.000000,0.000000,7.000000,15.000000,2.000000,5.000000,8097.000000,2266.000000,4820.000000,695.000000,601.000000,3.000000,
0.040527,0.001282,0.376134,0.005724,0.471521,-210300.677645,3.032756,2195607.000000,1874874.000000,3722527.000000,334752.000000,1282372.000000,1952.000000,539.000000,1146.000000,164.000000,144.000000,453.000000,125.000000,266.000000,38.000000,33.000000,2784.000000,769.000000,1633.000000,233.000000,205.000000,15.000000,8.000000,18.000000,3.000000,5.000000,0.000000,6.000000,12.000000,2.000000,4.000000,0.000000,7.000000,15.000000,2.000000,5.000000,8097.000000,2266.000000,4820.000000,695.000000,601.000000,3.000000,
0.040387,0.001847,0.386044,0.004848,0.421707,-210827.654478,3.040336,2195607.000000,1874874.000000,3722527.000000,334752.000000,1282372.000000,1952.000000,539.000000,1146.000000,164.000000,144.000000,453.000000,125.000000,266.000000,38.000000,33.000000,2784.000000,769.000000,1633.000000,233.000000,205.000000,15.000000,8.000000,18.000000,3.000000,5.000000,0.000000,6.000000,12.000000,2.000000,4.000000,0.000000,7.000000,15.000000,2.000000,5.000000,8097.000000,2266.000000,4820.000000,695.000000,601.000000,3.000000,
0.040491,0.002788,0.379417,0.006558,0.407260,-210474.520042,3.036074,2195607.000000,1874874.000000,3722527.000000,334752.000000,1282372.000000,1952.000000,539.000000,1146.000000,164.000000,144.000000,453.000000,125.000000,266.000000,38.000000,33.000000,2784.000000,769.000000,1633.000000,233.000000,205.000000,15.000000,8.000000,18.000000,3.000000,5.000000,0.000000,6.000000,12.000000,2.000000,4.000000,0.000000,7.000000,15.000000,2.000000,5.000000,8097.000000,2266.000000,4820.000000,695.000000,601.000000,3.000000,
0.040491,0.002788,0.379417,0.006558,0.407260,-210474.520042,3.036074,2195607.000000,1874874.000000,3722527.000000,334752.000000,1282372.000000,1952.000000,539.000000,1146.000000,164.000000,144.000000,453.000000,125.000000,266.000000,38.000000,33.000000,2784.000000,769.000000,1633.000000,233.000000,205.000000,15.000000,8.000000,18.000000,3.000000,5.000000,0.000000,6.000000,12.000000,2.000000,4.000000,0.000000,7.000000,15.000000,2.000000,5.000000,8097.000000,2266.000000,4820.000000,695.000000,601.000000,3.000000,
0.040491,0.002788,0.379417,0.006558,0.407260,-210474.520042,3.036074,2195607.000000,1874874.000000,3722527.000000,334752.000000,1282372.000000,1952.000000,539.000000,1146.000000,164.000000,144.000000,453.000000,125.000000,266.000000,38.000000,33.000000,2784.000000,769.000000,1633.000000,233.000000,205.000000,15.000000,8.000000,18.000000,3.000000,5.000000,0.000000,6.000000,12.000000,2.000000,4.000000,0.000000,7.000000,15.000000,2.000000,5.000000,8097.000000,2266.000000,4820.000000,695.000000,601.000000,3.000000,
0.040491,0.002788,0.379417,0.006558,0.407260,-210474.520042,3.036074,2195607.000000,1874874.000000,3722527.000000,334752.000000,1282372.000000,1952.000000,539.000000,1146.000000,164.000000,144.000000,453.000000,125.000000,266.000000,38.000000,33.000000,2784.000000,769.000000,1633.000000,233.000000,205.000000,15.000000,8.000000,18.000000,3.000000,5.000000,0.000000,6.000000,12.000000,2.000000,4.000000,0.000000,7.000000,15.000000,2.000000,5.000000,8097.000000,2266.000000,4820.000000,695.000000,601.000000,3.000000,
0.040491,0.002788,0.379417,0.006558,0.407260,-210474.520042,3.036074,2195607.000000,1874874.000000,3722527.000000,334752.000000,1282372.000000,1952.000000,539.000000,1146.000000,164.000000,144.000000,453.000000,125.000000,266.000000,38.000000,33.000000,2784.000000,769.000000,1633.000000,233.000000,205.000000,15.000000,8.000000,18.000000,3.000000,5.000000,0.000000,6.000000,12.000000,2.000000,4.000000,0.000000,7.000000,15.000000,2.000000,5.000000,8097.000000,2266.000000,4820.000000,695.000000,601.000000,3.000000,
0.040491,0.002788,0.379417,0.006558,0.407260,-210474.520042,3.036074,2195607.000000,1874874.000000,3722527.000000,334752.000000,1282372.000000,1952.000000,539.000000,1146.000000,164.000000,144.000000,453.000000,125.000000,266.000000,38.000000,33.000000,2784.000000,769.000000,1633.000000,233.000000,205.000000,15.000000,8.000000,18.000000,3.000000,5.000000,0.000000,6.000000,12.000000,2.000000,4.000000,0.000000,7.000000,15.000000,2.000000,5.000000,8097.000000,2266.000000,4820.000000,695.000000,601.000000,3.000000,
0.040297,0.002361,0.390767,0.007984,0.449734,-211081.081948,3.042176,2195607.000000,1874874.000000,3722527.000000,334752.000000,1282372.000000,1952.000000,539.000000,1146.000000,164.000000,144.000000,453.000000,125.000000,266.000000,38.000000,33.000000,2784.000000,769.000000,1633.000000,233.000000,205.000000,15.000000,8.000000,18.000000,3.000000,5.000000,0.000000,6.000000,12.000000,2.000000,4.000000,0.000000,7.000000,15.000000,2.000000,5.000000,8097.000000,2266.000000,4820.000000,695.000000,601.000000,3.000000,
0.040297,0.002361,0.390767,0.007984,0.449734,-211081.081948,3.042176,2195607.000000,1874874.000000,3722527.000000,334752.000000,1282372.000000,1952.000000,539.000000,1146.000000,164.000000,144.000000,453.000000,125.000000,266.000000,38.000000,33.000000,2784.000000,769.000000,1633.000000,233.000000,205.000000,15.000000,8.000000,18.000000,3.000000,5.000000,0.000000,6.000000,12.000000,2.000000,4.000000,0.000000,7.000000,15.000000,2.000000,5.000000,8097.000000,2266.000000,4820.000000,695.000000,601.000000,3.000000,
0.040297,0.002361,0.390767,0.007984,0.449734,-211081.081948,3.042176,2195607.000000,1874874.000000,3722527.000000,334752.000000,1282372.000000,1952.000000,539.000000,1146.000000,164.000000,144.000000,453.000000,125.000000,266.000000,38.000000,33.000000,2784.000000,769.000000,1633.000000,233.000000,205.000000,15.000000,8.000000,18.000000,3.000000,5.000000,0.000000,6.000000,12.000000,2.000000,4.000000,0.000000,7.000000,15.000000,2.000000,5.000000,8097.000000,2266.000000,4820.000000,695.000000,601.000000,3.000000,
0.040297,0.002361,0.390767,0.007984,0.449734,-211081.081948,3.042176,2195607.000000,1874874.000000,3722527.000000,334752.000000,1282372.000000,1952.000000,539.000000,1146.000000,164.000000,144.000000,453.000000,125.000000,266.000000,38.000000,33.000000,2784.000000,769.000000,1633.000000,233.000000,205.000000,15.000000,8.000000,18.000000,3.000000,5.000000,0.000000,6.000000,12.000000,2.000000,4.000000,0.000000,7.000000,15.000000,2.000000,5.000000,8097.000000,2266.000000,4820.000000,695.000000,601.000000,3.000000,
0.040297,0.002361,0.390767,0.007984,0.449734,-211081.081948,3.042176,2195607.000000,1874874.000000,3722527.000000,334752.000000,1282372.000000,1952.000000,539.000000,1146.000000,164.000000,144.000000,453.000000,125.000000,266.000000,38.000000,33.000000,2784.000000,769.000000,1633.000000,233.000000,205.000000,15.000000,8.000000,18.000000,3.000000,5.000000,0.000000,6.000000,12.000000,2.000000,4.000000,0.000000,7.000000,15.000000,2.000000,5.000000,8097.000000,2266.000000,4820.000000,695.000000,601.000000,3.000000,
0.040297,0.002361,0.390767,0.007984,0.449734,-211081.081948,3.042176,2195607.000000,1874874.000000,3722527.000000,334752.000000,1282372.000000,1952.000000,539.000000,1146.000000,164.000000,144.000000,453.000000,125.000000,266.000000,38.000000,33.000000,2784.000000,769.000000,1633.000000,233.000000,205.000000,15.000000,8.000000,18.000000,3.000000,5.000000,0.000000,6.000000,12.000000,2.000000,4.000000,0.000000,7.000000,15.000000,2.000000,5.000000,8097.000000,2266.000000,4820.000000,695.000000,601.000000,3.000000,
0.040297,0.002361,0.390767,0.007984,0.449734,-211081.081948,3.042176,2195607.000000,1874874.000000,3722527.000000,334752.000000,1282372.000000,1952.000000,539.000000,1146.000000,164.000000,144.000000,453.000000,125.000000,266.000000,38.000000,33.000000,2784.000000,769.000000,1633.000000,233.000000,205.000000,15.000000,8.000000,18.000000,3.000000,5.000000,0.000000,6.000000,12.000000,2.000000,4.000000,0.000000,7.000000,15.000000,2.000000,5.000000,8097.000000,2266.000000,4820.000000,695.000000,601.000000,3.000000,
0.040301,0.001298,0.393325,0.013151,0.369100,-211219.077242,3.047158,2195607.000000,1874874.000000,3722527.000000,334752.000000,1282372.000000,1952.000000,539.000000,1146.000000,164.000000,144.000000,453.000000,125.000000,266.000000,38.000000,33.000000,2784.000000,769.000000,1633.000000,233.000000,205.000000,15.000000,8.000000,18.000000,3.000000,5.000000,0.000000,6.000000,12.000000,2.000000,4.000000,0.000000,7.000000,15.000000,2.000000,5.000000,8097.000000,2266.000000,4820.000000,695.000000,601.000000,3.000000,
0.040289,0.001539,0.393671,0.016159,0.402562,-211237.791019,3.046837,2195607.000000,1874874.000000,3722527.000000,334752.000000,1282372.000000,1952.000000,539.000000,1146.000000,164.000000,144.000000,453.000000,125.000000,266.000000,38.000000,33.000000,2784.000000,769.000000,1633.000000,233.000000,205.000000,15.000000,8.000000,18.000000,3.000000,5.000000,0.000000,6.000000,12.000000,2.000000,4.000000,0.000000,7.000000,15.000000,2.000000,5.000000,8097.000000,2266.000000,4820.000000,695.000000,601.000000,3.000000,
0.040289,0.001539,0.393671,0.016159,0.402562,-211237.791019,3.046837,2195607.000000,1874874.000000,3722527.000000,334752.000000,1282372.000000,1952.000000,539.000000,1146.000000,164.000000,144.000000,453.000000,125.000000,266.000000,38.000000,33.000000,2784.000000,769.000000,1633.000000,233.000000,205.000000,15.000000,8.000000,18.000000,3.000000,5.000000,0.000000,6.000000,12.000000,2.000000,4.000000,0.000000,7.000000,15.000000,2.000000,5.000000,8097.000000,2266.000000,4820.000000,695.000000,601.000000,3.000000,
0.040530,0.013285,0.378293,0.005445,0.442770,-210414.948101,3.036931,2195607.000000,1874874.000000,3722527.000000,334752.000000,1282372.000000,1952.000000,539.000000,1146.000000,164.000000,144.000000,453.000000,125.000000,266.000000,38.000000,33.000000,2784.000000,769.000000,1633.000000,233.000000,205.000000,15.000000,8.000000,18.000000,3.000000,5.000000,0.000000,6.000000,12.000000,2.000000,4.000000,0.000000,7.000000,15.000000,2.000000,5.000000,8097.000000,2266.000000,4820.000000,695.000000,601.000000,3.000000,
0.040530,0.013285,0.378293,0.005445,0.442770,-210414.948101,3.036931,2195607.000000,1874874.000000,3722527.000000,334752.000000,1282372.000000,1952.000000,539.000000,1146.000000,164.000000,144.000000,453.000000,125.000000,266.000000,38.000000,33.000000,2784.000000,769.000000,1633.000000,233.000000,205.000000,15.000000,8.000000,18.000000,3.000000,5.000000,0.000000,6.000000,12.000000,2.000000,4.000000,0.000000,7.000000,15.000000,2.000000,5.000000,8097.000000,2266.000000,4820.000000,695.000000,601.000000,3.000000,
0.040530,0.013285,0.378293,0.005445,0.442770,-210414.948101,3.036931,2195607.000000,1874874.000000,3722527.000000,334752.000000,1282372.000000,1952.000000,539.000000,1146.000000,164.000000,144.000000,453.000000,125.000000,266.000000,38.000000,33.000000,2784.000000,769.000000,1633.000000,233.000000,205.000000,15.000000,8.000000,18.000000,3.000000,5.000000,0.000000,6.000000,12.000000,2.000000,4.000000,0.000000,7.000000,15.000000,2.000000,5.000000,8097.000000,2266.000000,4820.000000,695.000000,601.000000,3.000000,
0.040530,0.013285,0.378293,0.005445,0.442770,-210414.948101,3.036931,2195607.000000,1874874.000000,3722527.000000,334752.000000,1282372.000000,1952.000000,539.000000,1146.000000,164.000000,144.000000,453.000000,125.000000,266.000000,38.000000,33.000000,2784.000000,769.000000,1633.000000,233.000000,205.000000,15.000000,8.000000,18.000000,3.000000,5.000000,0.000000,6.000000,12.000000,2.000000,4.000000,0.000000,7.000000,15.000000,2.000000,5.000000,8097.000000,2266.000000,4820.000000,695.000000,601.000000,3.000000,
0.040530,0.013285,0.378293,0.005445,0.442770,-210414.948101,3.036931,2195607.000000,1874874.000000,3722527.000000,334752.000000,1282372.000000,1952.000000,539.000000,1146.000000,164.000000,144.000000,453.000000,125.000000,266.000000,38.000000,33.000000,2784.000000,769.000000,1633.000000,233.000000,205.000000,15.000000,8.000000,18.000000,3.000000,5.000000,0.000000,6.000000,12.000000,2.000000,4.000000,0.000000,7.000000,15.000000,2.000000,5.000000,8097.000000,2266.000000,4820.000000,695.000000,601.000000,3.000000,
0.040530,0.013285,0.378293,0.005445,0.442770,-210414.948101,3.036931,2195607.000000,1874874.000000,3722527.000000,334752.000000,1282372.000000,1952.000000,539.000000,1146.000000,164.000000,144.000000,453.000000,125.000000,266.000000,38.000000,33.000000,2784.000000,769.000000,1633.000000,233.000000,205.000000,15.000000,8.000000,18.000000,3.000000,5.000000,0.000000,6.000000,12.000000,2.000000,4.000000,0.000000,7.000000,15.000000,2.000000,5.000000,8097.000000,2266.000000,4820.000000,695.000000,601.000000,3.000000,
0.040530,0.013285,0.378293,0.005445,0.442770,-210414.948101,3.036931,2195607.000000,1874874.000000,3722527.000000,334752.000000,1282372.000000,1952.000000,539.000000,1146.000000,164.000000,144.000000,453.000000,125.000000,266.000000,38.000000,33.000000,2784.000000,769.000000,1633.000000,233.000000,205.000000,15.000000,8.000000,18.000000,3.000000,5.000000,0.000000,6.000000,12.000000,2.000000,4.000000,0.000000,7.000000,15.000000,2.000000,5.000000,8097.000000,2266.000000,4820.000000,695.000000,601.000000,3.000000,
0.040530,0.013285,0.378293,0.005445,0.442770,-210414.948101,3.036931,2195607.000000,1874874.000000,3722527.000000,334752.000000,1282372.000000,1952.000000,539.000000,1146.000000,164.000000,144.000000,453.000000,125.000000,266.000000,38.000000,33.000000,2784.000000,769.000000,1633.000000,233.000000,205.000000,15.000000,8.000000,18.000000,3.000000,5.000000,0.000000,6.000000,12.000000,2.000000,4.000000,0.000000,7.000000,15.000000,2.000000,5.000000,8097.000000,2266.000000,4820.000000,695.000000,601.000000,3.000000,
0.040530,0.013285,0.378293,0.005445,0.442770,-210414.948101,3.036931,2195607.000000,1874874.000000,3722527.000000,334752.000000,1282372.000000,1952.000000,539.000000,1146.000000,164.000000,144.000000,453.000000,125.000000,266.000000,38.000000,33.000000,2784.000000,769.000000,1633.000000,233.000000,205.000000,15.000000,8.000000,18.000000,3.000000,5.000000,0.000000,6.000000,12.000000,2.000000,4.000000,0.000000,7.000000,15.000000,2.000000,5.000000,8097.000000,2266.000000,4820.000000,695.000000,601.000000,3.000000,
0.040530,0.013285,0.378293,0.005445,0.442770,-210414.948101,3.036931,2195607.000000,1874874.000000,3722527.000000,334752.000000,1282372.000000,1952.000000,539.000000,1146.000000,164.000000,144.000000,453.000000,125.000000,266.000000,38.000000,33.000000,2784.000000,769.000000,1633.000000,233.000000,205.000000,15.000000,8.000000,18.000000,3.000000,5.000000,0.000000,6.000000,12.000000,2.000000,4.000000,0.000000,7.000000,15.000000,2.000000,5.000000,8097.000000,2266.000000,4820.000000,695.000000,601.000000,3.000000,
0.041683,0.051158,0.318600,0.004369,0.610454,-207370.073631,3.011020,2195607.000000,1874874.000000,3722527.000000,334752.000000,1282372.000000,1952.000000,539.000000,1146.000000,164.000000,144.000000,453.000000,125.000000,266.000000,38.000000,33.000000,2784.000000,769.000000,1633.000000,233.000000,205.000000,15.000000,8.000000,18.000000,3.000000,5.000000,0.000000,6.000000,12.000000,2.000000,4.000000,0.000000,7.000000,15.000000,2.000000,5.000000,8097.000000,2266.000000,4820.000000,695.000000,601.000000,3.000000,
0.041617,0.037262,0.319635,0.009733,0.594847,-207420.848658,3.008179,2195607.000000,1874874.000000,3722527.000000,334752.000000,1282372.000000,1952.000000,539.000000,1146.000000,164.000000,144.000000,453.000000,125.000000,266.000000,38.000000,33.000000,2784.000000,769.000000,1633.000000,233.000000,205.000000,15.000000,8.000000,18.000000,3.000000,5.000000,0.000000,6.000000,12.000000,2.000000,4.000000,0.000000,7.000000,15.000000,2.000000,5.000000,8097.000000,2266.000000,4820.000000,695.000000,601.000000,3.000000,
0.041617,0.037262,0.319635,0.009733,0.594847,-207420.848658,3.008179,2195607.000000,1874874.000000,3722527.000000,334752.000000,1282372.000000,1952.000000,539.000000,1146.000000,164.000000,144.000000,453.000000,125.000000,266.000000,38.000000,33.000000,2784.000000,769.000000,1633.000000,233.000000,205.000000,15.000000,8.000000,18.000000,3.000000,5.000000,0.000000,6.000000,12.000000,2.000000,4.000000,0.000000,7.000000,15.000000,2.000000,5.000000,8097.000000,2266.000000,4820.000000,695.000000,601.000000,3.000000,
0.041617,0.037262,0.319635,0.009733,0.594847,-207420.848658,3.008179,2195607.000000,1874874.000000,3722527.000000,334752.000000,1282372.000000,1952.000000,539.000000,1146.000000,164.000000,144.000000,453.000000,125.000000,266.000000,38.000000,33.000000,2784.000000,769.000000,1633.000000,233.000000,205.000000,15.000000,8.000000,18.000000,3.000000,5.000000,0.000000,6.000000,12.000000,2.000000,4.000000,0.000000,7.000000,15.000000,2.000000,5.000000,8097.000000,2266.000000,4820.000000,695.000000,601.000000,3.000000,
0.041617,0.037262,0.319635,0.009733,0.594847,-207420.848658,3.008179,2195607.000000,1874874.000000,3722527.000000,334752.000000,1282372.000000,1952.000000,539.000000,1146.000000,164.000000,144.000000,453.000000,125.000000,266.000000,38.000000,33.000000,2784.000000,769.000000,1633.000000,233.000000,205.000000,15.000000,8.000000,18.000000,3.000000,5.000000,0.000000,6.000000,12.000000,2.000000,4.000000,0.000000,7.000000,15.000000,2.000000,5.000000,8097.000000,2266.000000,4820.000000,695.000000,601.000000,3.000000,
0.041617,0.037262,0.319635,0.009733,0.594847,-207420.848658,3.008179,2195607.000000,1874874.000000,3722527.000000,334752.000000,1282372.000000,1952.000000,539.000000,1146.000000,164.000000,144.000000,453.000000,125.000000,266.000000,38.000000,33.000000,2784.000000,769.000000,1633.000000,233.000000,205.000000,15.000000,8.000000,18.000000,3.000000,5.000000,0.000000,6.000000,12.000000,2.000000,4.000000,0.000000,7.000000,15.000000,2.000000,5.000000,8097.000000,2266.000000,4820.000000,695.000000,601.000000,3.000000,
0.041617,0.037262,0.319635,0.009733,0.594847,-207420.848658,3.008179,2195607.000000,1874874.000000,3722527.000000,334752.000000,1282372.000000,1952.000000,539.000000,1146.000000,164.000000,144.000000,453.000000,125.000000,266.000000,38.000000,33.000000,2784.000000,769.000000,1633.000000,233.000000,205.000000,15.000000,8.000000,18.000000,3.000000,5.000000,0.000000,6.000000,12.000000,2.000000,4.000000,0.000000,7.000000,15.000000,2.000000,5.000000,8097.000000,2266.000000,4820.000000,695.000000,601.000000,3.000000,
0.041617,0.037262,0.319635,0.009733,0.594847,-207420.848658,3.008179,2195607.000000,1874874.000000,3722527.000000,334752.000000,1282372.000000,1952.000000,539.000000,1146.000000,164.000000,144.000000,453.000000,125.000000,266.000000,38.000000,33.000000,2784.000000,769.000000,1633.000000,233.000000,205.000000,15.000000,8.000000,18.000000,3.000000,5.000000,0.000000,6.000000,12.000000,2.000000,4.000000,0.000000,7.000000,15.000000,2.000000,5.000000,8097.000000,2266.000000,4820.000000,695.000000,601.000000,3.000000,
0.041507,0.029473,0.326376,0.014702,0.504049,-207753.628055,3.012865,2195607.000000,1874874.000000,3722527.000000,334752.000000,1282372.000000,1952.000000,539.000000,1146.000000,164.000000,144.000000,453.000000,125.000000,266.000000,38.000000,33.000000,2784.000000,769.000000,1633.000000,233.000000,205.000000,15.000000,8.000000,18.000000,3.000000,5.000000,0.000000,6.000000,12.000000,2.000000,4.000000,0.000000,7.000000,15.000000,2.000000,5.000000,8097.000000,2266.000000,4820.000000,695.000000,601.000000,3.000000,
0.041435,0.069179,0.329660,0.015730,0.503083,-207916.802668,3.013812,2195607.000000,1874874.000000,3722527.000000,334752.000000,1282372.000000,1952.000000,539.000000,1146.000000,164.000000,144.000000,453.000000,125.000000,266.000000,38.000000,33.000000,2784.000000,769.000000,1633.000000,233.000000,205.000000,15.000000,8.000000,18.000000,3.000000,5.000000,0.000000,6.000000,12.000000,2.000000,4.000000,0.000000,7.000000,15.000000,2.000000,5.000000,8097.000000,2266.000000,4820.000000,695.000000,601.000000,3.000000,
0.041435,0.069179,0.329660,0.015730,0.503083,-207916.802668,3.013812,2195607.000000,1874874.000000,3722527.000000,334752.000000,1282372.000000,1952.000000,539.000000,1146.000000,164.000000,144.000000,453.000000,125.000000,266.000000,38.000000,33.000000,2784.000000,769.000000,1633.000000,233.000000,205.000000,15.000000,8.000000,18.000000,3.000000,5.000000,0.000000,6.000000,12.000000,2.000000,4.000000,0.000000,7.000000,15.000000,2.000000,5.000000,8097.000000,2266.000000,4820.000000,695.000000,601.000000,3.000000,
0.041124,0.098575,0.342706,0.010977,0.531668,-208571.672278,3.015399,2195607.000000,1874874.000000,3722527.000000,334752.000000,1282372.000000,1952.000000,539.000000,1146.000000,164.000000,144.000000,453.000000,125.000000,266.000000,38.000000,33.000000,2784.000000,769.000000,1633.000000,233.000000,205.000000,15.000000,8.000000,18.000000,3.000000,5.000000,0.000000,6.000000,12.000000,2.000000,4.000000,0.000000,7.000000,15.000000,2.000000,5.000000,8097.000000,2266.000000,4820.000000,695.000000,601.000000,3.000000,
0.041124,0.098575,0.342706,0.010977,0.531668,-208571.672278,3.015399,2195607.000000,1874874.000000,3722527.000000,334752.000000,1282372.000000,1952.000000,539.000000,1146.000000,164.000000,144.000000,453.000000,125.000000,266.000000,38.000000,33.000000,2784.000000,769.000000,1633.000000,233.000000,205.000000,15.000000,8.000000,18.000000,3.000000,5.000000,0.000000,6.000000,12.000000,2.000000,4.000000,0.000000,7.000000,15.000000,2.000000,5.000000,8097.000000,2266.000000,4820.000000,695.000000,601.000000,3.000000,
0.041124,0.098575,0.342706,0.010977,0.531668,-208571.672278,3.015399,2195607.000000,1874874.000000,3722527.000000,334752.000000,1282372.000000,1952.000000,539.000000,1146.000000,164.000000,144.000000,453.000000,125.000000,266.000000,38.000000,33.000000,2784.000000,769.000000,1633.000000,233.000000,205.000000,15.000000,8.000000,18.000000,3.000000,5.000000,0.000000,6.000000,12.000000,2.000000,4.000000,0.000000,7.000000,15.000000,2.000000,5.000000,8097.000000,2266.000000,4820.000000,695.000000,601.000000,3.000000,
0.041124,0.098575,0.342706,0.010977,0.531668,-208571.672278,3.015399,2195607.000000,1874874.000000,3722527.000000,334752.000000,1282372.000000,1952.000000,539.000000,1146.000000,164.000000,144.000000,453.000000,125.000000,266.000000,38.000000,33.000000,2784.000000,769.000000,1633.000000,233.000000,205.000000,15.000000,8.000000,18.000000,3.000000,5.000000,0.000000,6.000000,12.000000,2.000000,4.000000,0.000000,7.000000,15.000000,2.000000,5.000000,8097.000000,2266.000000,4820.000000,695.000000,601.000000,3.000000,
0.040901,0.100974,0.354120,0.014045,0.485078,-209153.706231,3.020112,2195607.000000,1874874.000000,3722527.000000,334752.000000,1282372.000000,1952.000000,539.000000,1146.000000,164.000000,144.000000,453.000000,125.000000,266.000000,38.000000,33.000000,2784.000000,769.000000,1633.000000,233.000000,205.000000,15.000000,8.000000,18.000000,3.000000,5.000000,0.000000,6.000000,12.000000,2.000000,4.000000,0.000000,7.000000,15.000000,2.000000,5.000000,8097.000000,2266.000000,4820.000000,695.000000,601.000000,3.000000,
0.040921,0.128738,0.354010,0.028983,0.434147,-209148.136121,3.021396,2195607.000000,1874874.000000,3722527.000000,334752.000000,1282372.000000,1952.000000,539.000000,1146.000000,164.000000,144.000000,453.000000,125.000000,266.000000,38.000000,33.000000,2784.000000,769.000000,1633.000000,233.000000,205.000000,15.000000,8.000000,18.000000,3.000000,5.000000,0.000000,6.000000,12.000000,2.000000,4.000000,0.000000,7.000000,15.000000,2.000000,5.000000,8097.000000,2266.000000,4820.000000,695.000000,601.000000,3.000000,
0.041021,0.343042,0.343927,0.016835,0.600176,-208633.387071,3.010088,2195607.000000,1874874.000000,3722527.000000,334752.000000,1282372.000000,1952.000000,539.000000,1146.000000,164.000000,144.000000,453.000000,125.000000,266.000000,38.000000,33.000000,2784.000000,769.000000,1633.000000,233.000000,205.000000,15.000000,8.000000,18.000000,3.000000,5.000000,0.000000,6.000000,12.000000,2.000000,4.000000,0.000000,7.000000,15.000000,2.000000,5.000000,8097.000000,2266.000000,4820.000000,695.000000,601.000000,3.000000,
0.041021,0.343042,0.343927,0.016835,0.600176,-208633.387071,3.010088,2195607.000000,1874874.000000,3722527.000000,334752.000000,1282372.000000,1952.000000,539.000000,1146.000000,164.000000,144.000000,453.000000,125.000000,266.000000,38.000000,33.000000,2784.000000,769.000000,1633.000000,233.000000,205.000000,15.000000,8.000000,18.000000,3.000000,5.000000,0.000000,6.000000,12.000000,2.000000,4.000000,0.000000,7.000000,15.000000,2.000000,5.000000,8097.000000,2266.000000,4820.000000,695.000000,601.000000,3.000000,
0.040869,0.236741,0.353193,0.018210,0.534547,-209106.021675,3.016055,2195607.000000,1874874.000000,3722527.000000,334752.000000,1282372.000000,1952.000000,539.000000,1146.000000,164.000000,144.000000,453.000000,125.000000,266.000000,38.000000,33.000000,2784.000000,769.000000,1633.000000,233.000000,205.000000,15.000000,8.000000,18.000000,3.000000,5.000000,0.000000,6.000000,12.000000,2.000000,4.000000,0.000000,7.000000,15.000000,2.000000,5.000000,8097.000000,2266.000000,4820.000000,695.000000,601.000000,3.000000,
0.040869,0.236741,0.353193,0.018210,0.534547,-209106.021675,3.016055,2195607.000000,1874874.000000,3722527.000000,334752.000000,1282372.000000,1952.000000,539.000000,1146.000000,164.000000,144.000000,453.000000,125.000000,266.000000,38.000000,33.000000,2784.000000,769.000000,1633.000000,233.000000,205.000000,15.000000,8.000000,18.000000,3.000000,5.000000,0.000000,6.000000,12.000000,2.000000,4.000000,0.000000,7.000000,15.000000,2.000000,5.000000,8097.000000,2266.000000,4820.000000,695.000000,601.000000,3.000000,
0.040869,0.236741,0.353193,0.018210,0.534547,-209106.021675,3.016055,2195607.000000,1874874.000000,3722527.000000,334752.000000,1282372.000000,1952.000000,539.000000,1146.000000,164.000000,144.000000,453.000000,125.000000,266.000000,38.000000,33.000000,2784.000000,769.000000,1633.000000,233.000000,205.000000,15.000000,8.000000,18.000000,3.000000,5.000000,0.000000,6.000000,12.000000,2.000000,4.000000,0.000000,7.000000,15.000000,2.000000,5.000000,8097.000000,2266.000000,4820.000000,695.000000,601.000000,3.000000,
0.040869,0.236741,0.353193,0.018210,0.534547,-209106.021675,3.016055,2195607.000000,1874874.000000,3722527.000000,334752.000000,1282372.000000,1952.000000,539.000000,1146.000000,164.000000,144.000000,453.000000,125.000000,266.000000,38.000000,33.000000,2784.000000,769.000000,1633.000000,233.000000,205.000000,15.000000,8.000000,18.000000,3.000000,5.000000,0.000000,6.000000,12.000000,2.000000,4.000000,0.000000,7.000000,15.000000,2.000000,5.000000,8097.000000,2266.000000,4820.000000,695.000000,601.000000,3.000000,
0.040917,0.556474,0.349354,0.031452,0.563469,-208909.521556,3.012495,2195607.000000,1874874.000000,3722527.000000,334752.000000,1282372.000000,1952.000000,539.000000,1146.000000,164.000000,144.000000,453.000000,125.000000,266.000000,38.000000,33.000000,2784.000000,769.000000,1633.000000,233.000000,205.000000,15.000000,8.000000,18.000000,3.000000,5.000000,0.000000,6.000000,12.000000,2.000000,4.000000,0.000000,7.000000,15.000000,2.000000,5.000000,8097.000000,2266.000000,4820.000000,695.000000,601.000000,3.000000,
0.040917,0.556474,0.349354,0.031452,0.563469,-208909.521556,3.012495,2195607.000000,1874874.000000,3722527.000000,334752.000000,1282372.000000,1952.000000,539.000000,1146.000000,164.000000,144.000000,453.000000,125.000000,266.000000,38.000000,33.000000,2784.000000,769.000000,1633.000000,233.000000,205.000000,15.000000,8.000000,18.000000,3.000000,5.000000,0.000000,6.000000,12.000000,2.000000,4.000000,0.000000,7.000000,15.000000,2.000000,5.000000,8097.000000,2266.000000,4820.000000,695.000000,601.000000,3.000000,
0.040917,0.556474,0.349354,0.031452,0.563469,-208909.521556,3.012495,2195607.000000,1874874.000000,3722527.000000,334752.000000,1282372.000000,1952.000000,539.000000,1146.000000,164.000000,144.000000,453.000000,125.000000,266.000000,38.000000,33.000000,2784.000000,769.000000,1633.000000,233.000000,205.000000,15.000000,8.000000,18.000000,3.000000,5.000000,0.000000,6.000000,12.000000,2.000000,4.000000,0.000000,7.000000,15.000000,2.000000,5.000000,8097.000000,2266.000000,4820.000000,695.000000,601.000000,3.000000,
0.040917,0.556474,0.349354,0.031452,0.563469,-208909.521556,3.012495,2195607.000000,1874874.000000,3722527.000000,334752.000000,1282372.000000,1952.000000,539.000000,1146.000000,164.000000,144.000000,453.000000,125.000000,266.000000,38.000000,33.000000,2784.000000,769.000000,1633.000000,233.000000,205.000000,15.000000,8.000000,18.000000,3.000000,5.000000,0.000000,6.000000,12.000000,2.000000,4.000000,0.000000,7.000000,15.000000,2.000000,5.000000,8097.000000,2266.000000,4820.000000,695.000000,601.000000,3.000000,
0.040917,0.556474,0.349354,0.031452,0.563469,-208909.521556,3.012495,2195607.000000,1874874.000000,3722527.000000,334752.000000,1282372.000000,1952.000000,539.000000,1146.000000,164.000000,144.000000,453.000000,125.000000,266.000000,38.000000,33.000000,2784.000000,769.000000,1633.000000,233.000000,205.000000,15.000000,8.000000,18.000000,3.000000,5.000000,0.000000,6.000000,12.000000,2.000000,4.000000,0.000000,7.000000,15.000000,2.000000,5.000000,8097.000000,2266.000000,4820.000000,695.000000,601.000000,3.000000,
0.040917,0.556474,0.349354,0.031452,0.563469,-208909.521556,3.012495,2195607.000000,1874874.000000,3722527.000000,334752.000000,1282372.000000,1952.000000,539.000000,1146.000000,164.000000,144.000000,453.000000,125.000000,266.000000,38.000000,33.000000,2784.000000,769.000000,1633.000000,233.000000,205.000000,15.000000,8.000000,18.000000,3.000000,5.000000,0.000000,6.000000,12.000000,2.000000,4.000000,0.000000,7.000000,15.000000,2.000000,5.000000,8097.000000,2266.000000,4820.000000,695.000000,601.000000,3.000000,
0.040917,0.556474,0.349354,0.031452,0.563469,-208909.521556,3.012495,2195607.000000,1874874.000000,3722527.000000,334752.000000,1282372.000000,1952.000000,539.000000,1146.000000,164.000000,144.000000,453.000000,125.000000,266.000000,38.000000,33.000000,2784.000000,769.000000,1633.000000,233.000000,205.000000,15.000000,8.000000,18.000000,3.000000,5.000000,0.000000,6.000000,12.000000,2.000000,4.000000,0.000000,7.000000,15.000000,2.000000,5.000000,8097.000000,2266.000000,4820.000000,695.000000,601.000000,3.000000,
0.040917,0.556474,0.349354,0.031452,0.563469,-208909.521556,3.012495,2195607.000000,1874874.000000,3722527.000000,334752.000000,1282372.000000,1952.000000,539.000000,1146.000000,164.000000,144.000000,453.000000,125.000000,266.000000,38.000000,33.000000,2784.000000,769.000000,1633.000000,233.000000,205.000000,15.000000,8.000000,18.000000,3.000000,5.000000,0.000000,6.000000,12.000000,2.000000,4.000000,0.000000,7.000000,15.000000,2.000000,5.000000,8097.000000,2266.000000,4820.000000,695.000000,601.000000,3.000000,
0.040917,0.556474,0.349354,0.031452,0.563469,-208909.521556,3.012495,2195607.000000,1874874.000000,3722527.000000,334752.000000,1282372.000000,1952.000000,539.000000,1146.000000,164.000000,144.000000,453.000000,125.000000,266.000000,38.000000,33.000000,2784.000000,769.000000,1633.000000,233.000000,205.000000,15.000000,8.000000,18.000000,3.000000,5.000000,0.000000,6.000000,12.000000,2.000000,4.000000,0.000000,7.000000,15.000000,2.000000,5.000000,8097.000000,2266.000000,4820.000000,695.000000,601.000000,3.000000,
0.040917,0.556474,0.349354,0.031452,0.563469,-208909.521556,3.012495,2195607.000000,1874874.000000,3722527.000000,334752.000000,1282372.000000,1952.000000,539.000000,1146.000000,164.000000,144.000000,453.000000,125.000000,266.000000,38.000000,33.000000,2784.000000,769.000000,1633.000000,233.000000,205.000000,15.000000,8.000000,18.000000,3.000000,5.000000,0.000000,6.000000,12.000000,2.000000,4.000000,0.000000,7.000000,15.000000,2.000000,5.000000,8097.000000,2266.000000,4820.000000,695.000000,601.000000,3.000000,
0.040917,0.556474,0.349354,0.031452,0.563469,-208909.521556,3.012495,2195607.000000,1874874.000000,3722527.000000,334752.000000,1282372.000000,1952.000000,539.000000,1146.000000,164.000000,144.000000,453.000000,125.000000,266.000000,38.000000,33.000000,2784.000000,769.000000,1633.000000,233.000000,205.000000,15.000000,8.000000,18.000000,3.000000,5.000000,0.000000,6.000000,12.000000,2.000000,4.000000,0.000000,7.000000,15.000000,2.000000,5.000000,8097.000000,2266.000000,4820.000000,695.000000,601.000000,3.000000,
0.040917,0.556474,0.349354,0.031452,0.563469,-208909.521556,3.012495,2195607.000000,1874874.000000,3722527.000000,334752.000000,1282372.000000,1952.000000,539.000000,1146.000000,164.000000,144.000000,453.000000,125.000000,266.000000,38.000000,33.000000,2784.000000,769.000000,1633.000000,233.000000,205.000000,15.000000,8.000000,18.000000,3.000000,5.000000,0.000000,6.000000,12.000000,2.000000,4.000000,0.000000,7.000000,15.000000,2.000000,5.000000,8097.000000,2266.000000,4820.000000,695.000000,601.000000,3.000000,
0.040917,0.556474,0.349354,0.031452,0.563469,-208909.521556,3.012495,2195607.000000,1874874.000000,3722527.000000,334752.000000,1282372.000000,1952.000000,539.000000,1146.000000,164.000000,144.000000,453.000000,125.000000,266.000000,38.000000,33.000000,2784.000000,769.000000,1633.000000,233.000000,205.000000,15.000000,8.000000,18.000000,3.000000,5.000000,0.000000,6.000000,12.000000,2.000000,4.000000,0.000000,7.000000,15.000000,2.000000,5.000000,8097.000000,2266.000000,4820.000000,695.000000,601.000000,3.000000,
0.041293,0.176624,0.335242,0.021747,0.530836,-208195.625029,3.013886,2195607.000000,1874874.000000,3722527.000000,334752.000000,1282372.000000,1952.000000,539.000000,1146.000000,164.000000,144.000000,453.000000,125.000000,266.000000,38.000000,33.000000,2784.000000,769.000000,1633.000000,233.000000,205.000000,15.000000,8.000000,18.000000,3.000000,5.000000,0.000000,6.000000,12.000000,2.000000,4.000000,0.000000,7.000000,15.000000,2.000000,5.000000,8097.000000,2266.000000,4820.000000,695.000000,601.000000,3.000000,
0.041293,0.176624,0.335242,0.021747,0.530836,-208195.625029,3.013886,2195607.000000,1874874.000000,3722527.000000,334752.000000,1282372.000000,1952.000000,539.000000,1146.000000,164.000000,144.000000,453.000000,125.000000,266.000000,38.000000,33.000000,2784.000000,769.000000,1633.000000,233.000000,205.000000,15.000000,8.000000,18.000000,3.000000,5.000000,0.000000,6.000000,12.000000,2.000000,4.000000,0.000000,7.000000,15.000000,2.000000,5.000000,8097.000000,2266.000000,4820.000000,695.000000,601.000000,3.000000,
0.041293,0.176624,0.335242,0.021747,0.530836,-208195.625029,3.013886,2195607.000000,1874874.000000,3722527.000000,334752.000000,1282372.000000,1952.000000,539.000000,1146.000000,164.000000,144.000000,453.000000,125.000000,266.000000,38.000000,33.000000,2784.000000,769.000000,1633.000000,233.000000,205.000000,15.000000,8.000000,18.000000,3.000000,5.000000,0.000000,6.000000,12.000000,2.000000,4.000000,0.000000,7.000000,15.000000,2.000000,5.000000,8097.000000,2266.000000,4820.000000,695.000000,601.000000,3.000000,
0.041293,0.176624,0.335242,0.021747,0.530836,-208195.625029,3.013886,2195607.000000,1874874.000000,3722527.000000,334752.000000,1282372.000000,1952.000000,539.000000,1146.000000,164.000000,144.000000,453.000000,125.000000,266.000000,38.000000,33.000000,2784.000000,769.000000,1633.000000,233.000000,205.000000,15.000000,8.000000,18.000000,3.000000,5.000000,0.000000,6.000000,12.000000,2.000000,4.000000,0.000000,7.000000,15.000000,2.000000,5.000000,8097.000000,2266.000000,4820.000000,695.000000,601.000000,3.000000,
0.041293,0.176624,0.335242,0.021747,0.530836,-208195.625029,3.013886,2195607.000000,1874874.000000,3722527.000000,334752.000000,1282372.000000,1952.000000,539.000000,1146.000000,164.000000,144.000000,453.000000,125.000000,266.000000,38.000000,33.000000,2784.000000,769.000000,1633.000000,233.000000,205.000000,15.000000,8.000000,18.000000,3.000000,5.000000,0.000000,6.000000,12.000000,2.000000,4.000000,0.000000,7.000000,15.000000,2.000000,5.000000,8097.000000,2266.000000,4820.000000,695.000000,601.000000,3.000000,
0.041293,0.176624,0.335242,0.021747,0.530836,-208195.625029,3.013886,2195607.000000,1874874.000000,3722527.000000,334752.000000,1282372.000000,1952.000000,539.000000,1146.000000,164.000000,144.000000,453.000000,125.000000,266.000000,38.000000,33.000000,2784.000000,769.000000,1633.000000,233.000000,205.000000,15.000000,8.000000,18.000000,3.000000,5.000000,0.000000,6.000000,12.000000,2.000000,4.000000,0.000000,7.000000,15.000000,2.000000,5.000000,8097.000000,2266.000000,4820.000000,695.000000,601.000000,3.000000,
0.041293,0.176624,0.335242,0.021747,0.530836,-208195.625029,3.013886,2195607.000000,1874874.000000,3722527.000000,334752.000000,1282372.000000,1952.000000,539.000000,1146.000000,164.000000,144.000000,453.000000,125.000000,266.000000,38.000000,33.000000,2784.000000,769.000000,1633.000000,233.000000,205.000000,15.000000,8.000000,18.000000,3.000000,5.000000,0.000000,6.000000,12.000000,2.000000,4.000000,0.000000,7.000000,15.000000,2.000000,5.000000,8097.000000,2266.000000,4820.000000,695.000000,601.000000,3.000000,
0.041335,0.248017,0.334153,0.018461,0.570110,-208141.131052,3.014919,2195607.000000,1874874.000000,3722527.000000,334752.000000,1282372.000000,1952.000000,539.000000,1146.000000,164.000000,144.000000,453.000000,125.000000,266.000000,38.000000,33.000000,2784.000000,769.000000,1633.000000,233.000000,205.000000,15.000000,8.000000,18.000000,3.000000,5.000000,0.000000,6.000000,12.000000,2.000000,4.000000,0.000000,7.000000,15.000000,2.000000,5.000000,8097.000000,2266.000000,4820.000000,695.000000,601.000000,3.000000,
0.041335,0.248017,0.334153,0.018461,0.570110,-208141.131052,3.014919,2195607.000000,1874874.000000,3722527.000000,334752.000000,1282372.000000,1952.000000,539.000000,1146.000000,164.000000,144.000000,453.000000,125.000000,266.000000,38.000000,33.000000,2784.000000,769.000000,1633.000000,233.000000,205.000000,15.000000,8.000000,18.000000,3.000000,5.000000,0.000000,6.000000,12.000000,2.000000,4.000000,0.000000,7.000000,15.000000,2.000000,5.000000,8097.000000,2266.000000,4820.000000,695.000000,601.000000,3.000000,
0.041460,0.423963,0.314028,0.177900,0.317678,-207145.683999,2.986375,2195607.000000,1874874.000000,3722527.000000,334752.000000,1282372.000000,1952.000000,539.000000,1146.000000,164.000000,144.000000,453.000000,125.000000,266.000000,38.000000,33.000000,2784.000000,769.000000,1633.000000,233.000000,205.000000,15.000000,8.000000,18.000000,3.000000,5.000000,0.000000,6.000000,12.000000,2.000000,4.000000,0.000000,7.000000,15.000000,2.000000,5.000000,8097.000000,2266.000000,4820.000000,695.000000,601.000000,3.000000,
0.041300,0.821190,0.324832,0.204132,0.264463,-207676.723883,2.994960,2195607.000000,1874874.000000,3722527.000000,334752.000000,1282372.000000,1952.000000,539.000000,1146.000000,164.000000,144.000000,453.000000,125.000000,266.000000,38.000000,33.000000,2784.000000,769.000000,1633.000000,233.000000,205.000000,15.000000,8.000000,18.000000,3.000000,5.000000,0.000000,6.000000,12.000000,2.000000,4.000000,0.000000,7.000000,15.000000,2.000000,5.000000,8097.000000,2266.000000,4820.000000,695.000000,601.000000,3.000000,
0.041300,0.821190,0.324832,0.204132,0.264463,-207676.723883,2.994960,2195607.000000,1874874.000000,3722527.000000,334752.000000,1282372.000000,1952.000000,539.000000,1146.000000,164.000000,144.000000,453.000000,125.000000,266.000000,38.000000,33.000000,2784.000000,769.000000,1633.000000,233.000000,205.000000,15.000000,8.000000,18.000000,3.000000,5.000000,0.000000,6.000000,12.000000,2.000000,4.000000,0.000000,7.000000,15.000000,2.000000,5.000000,8097.000000,2266.000000,4820.000000,695.000000,601.000000,3.000000,
0.041300,0.821190,0.324832,0.204132,0.264463,-207676.723883,2.994960,2195607.000000,1874874.000000,3722527.000000,334752.000000,1282372.000000,1952.000000,539.000000,1146.000000,164.000000,144.000000,453.000000,125.000000,266.000000,38.000000,33.000000,2784.000000,769.000000,1633.000000,233.000000,205.000000,15.000000,8.000000,18.000000,3.000000,5.000000,0.000000,6.000000,12.000000,2.000000,4.000000,0.000000,7.000000,15.000000,2.000000,5.000000,8097.000000,2266.000000,4820.000000,695.000000,601.000000,3.000000,
0.041417,0.872567,0.319200,0.178589,0.289531,-207399.071036,2.992961,2195607.000000,1874874.000000,3722527.000000,334752.000000,1282372.000000,1952.000000,539.000000,1146.000000,164.000000,144.000000,453.000000,125.000000,266.000000,38.000000,33.000000,2784.000000,769.000000,1633.000000,233.000000,205.000000,15.000000,8.000000,18.000000,3.000000,5.000000,0.000000,6.000000,12.000000,2.000000,4.000000,0.000000,7.000000,15.000000,2.000000,5.000000,8097.000000,2266.000000,4820.000000,695.000000,601.000000,3.000000,
0.041417,0.872567,0.319200,0.178589,0.289531,-207399.071036,2.992961,2195607.000000,1874874.000000,3722527.000000,334752.000000,1282372.000000,1952.000000,539.000000,1146.000000,164.000000,144.000000,453.000000,125.000000,266.000000,38.000000,33.000000,2784.000000,769.000000,1633.000000,233.000000,205.000000,15.000000,8.000000,18.000000,3.000000,5.000000,0.000000,6.000000,12.000000,2.000000,4.000000,0.000000,7.000000,15.000000,2.000000,5.000000,8097.000000,2266.000000,4820.000000,695.000000,601.000000,3.000000,
0.041231,0.603720,0.330706,0.193380,0.224781,-207968.545235,3.000926,2195607.000000,1874874.000000,3722527.000000,334752.000000,1282372.000000,1952.000000,539.000000,1146.000000,164.000000,144.000000,453.000000,125.000000,266.000000,38.000000,33.000000,2784.000000,769.000000,1633.000000,233.000000,205.000000,15.000000,8.000000,18.000000,3.000000,5.000000,0.000000,6.000000,12.000000,2.000000,4.000000,0.000000,7.000000,15.000000,2.000000,5.000000,8097.000000,2266.000000,4820.000000,695.000000,601.000000,3.000000,
0.041355,0.445786,0.325697,0.188614,0.302733,-207719.674030,3.000608,2195607.000000,1874874.000000,3722527.000000,334752.000000,1282372.000000,1952.000000,539.000000,1146.000000,164.000000,144.000000,453.000000,125.000000,266.000000,38.000000,33.000000,2784.000000,769.000000,1633.000000,233.000000,205.000000,15.000000,8.000000,18.000000,3.000000,5.000000,0.000000,6.000000,12.000000,2.000000,4.000000,0.000000,7.000000,15.000000,2.000000,5.000000,8097.000000,2266.000000,4820.000000,695.000000,601.000000,3.000000,
0.041355,0.445786,0.325697,0.188614,0.302733,-207719.674030,3.000608,2195607.000000,1874874.000000,3722527.000000,334752.000000,1282372.000000,1952.000000,539.000000,1146.000000,164.000000,144.000000,453.000000,125.000000,266.000000,38.000000,33.000000,2784.000000,769.000000,1633.000000,233.000000,205.000000,15.000000,8.000000,18.000000,3.000000,5.000000,0.000000,6.000000,12.000000,2.000000,4.000000,0.000000,7.000000,15.000000,2.000000,5.000000,8097.000000,2266.000000,4820.000000,695.000000,601.000000,3.000000,
0.041333,0.661727,0.324603,0.217967,0.293568,-207665.457517,2.996937,2195607.000000,1874874.000000,3722527.000000,334752.000000,1282372.000000,1952.000000,539.000000,1146.000000,164.000000,144.000000,453.000000,125.000000,266.000000,38.000000,33.000000,2784.000000,769.000000,1633.000000,233.000000,205.000000,15.000000,8.000000,18.000000,3.000000,5.000000,0.000000,6.000000,12.000000,2.000000,4.000000,0.000000,7.000000,15.000000,2.000000,5.000000,8097.000000,2266.000000,4820.000000,695.000000,601.000000,3.000000,
0.041316,0.610102,0.323110,0.112342,0.435094,-207591.563289,2.992924,2195607.000000,1874874.000000,3722527.000000,334752.000000,1282372.000000,1952.000000,539.000000,1146.000000,164.000000,144.000000,453.000000,125.000000,266.000000,38.000000,33.000000,2784.000000,769.000000,1633.000000,233.000000,205.000000,15.000000,8.000000,18.000000,3.000000,5.000000,0.000000,6.000000,12.000000,2.000000,4.000000,0.000000,7.000000,15.000000,2.000000,5.000000,8097.000000,2266.000000,4820.000000,695.000000,601.000000,3.000000,
0.041316,0.610102,0.323110,0.112342,0.435094,-207591.563289,2.992924,2195607.000000,1874874.000000,3722527.000000,334752.000000,1282372.000000,1952.000000,539.000000,1146.000000,164.000000,144.000000,453.000000,125.000000,266.000000,38.000000,33.000000,2784.000000,769.000000,1633.000000,233.000000,205.000000,15.000000,8.000000,18.000000,3.000000,5.000000,0.000000,6.000000,12.000000,2.000000,4.000000,0.000000,7.000000,15.000000,2.000000,5.000000,8097.000000,2266.000000,4820.000000,695.000000,601.000000,3.000000,
0.041316,0.610102,0.323110,0.112342,0.435094,-207591.563289,2.992924,2195607.000000,1874874.000000,3722527.000000,334752.000000,1282372.000000,1952.000000,539.000000,1146.000000,164.000000,144.000000,453.000000,125.000000,266.000000,38.000000,33.000000,2784.000000,769.000000,1633.000000,233.000000,205.000000,15.000000,8.000000,18.000000,3.000000,5.000000,0.000000,6.000000,12.000000,2.000000,4.000000,0.000000,7.000000,15.000000,2.000000,5.000000,8097.000000,2266.000000,4820.000000,695.000000,601.000000,3.000000,
0.041316,0.610102,0.323110,0.112342,0.435094,-207591.563289,2.992924,2195607.000000,1874874.000000,3722527.000000,334752.000000,1282372.000000,1952.000000,539.000000,1146.000000,164.000000,144.000000,453.000000,125.000000,266.000000,38.000000,33.000000,2784.000000,769.000000,1633.000000,233.000000,205.000000,15.000000,8.000000,18.000000,3.000000,5.000000,0.000000,6.000000,12.000000,2.000000,4.000000,0.000000,7.000000,15.000000,2.000000,5.000000,8097.000000,2266.000000,4820.000000,695.000000,601.000000,3.000000,
0.041316,0.610102,0.323110,0.112342,0.435094,-207591.563289,2.992924,2195607.000000,1874874.000000,3722527.000000,334752.000000,1282372.000000,1952.000000,539.000000,1146.000000,164.000000,144.000000,453.000000,125.000000,266.000000,38.000000,33.000000,2784.000000,769.000000,1633.000000,233.000000,205.000000,15.000000,8.000000,18.000000,3.000000,5.000000,0.000000,6.000000,12.000000,2.000000,4.000000,0.000000,7.000000,15.000000,2.000000,5.000000,8097.000000,2266.000000,4820.000000,695.000000,601.000000,3.000000,
0.041316,0.610102,0.323110,0.112342,0.435094,-207591.563289,2.992924,2195607.000000,1874874.000000,3722527.000000,334752.000000,1282372.000000,1952.000000,539.000000,1146.000000,164.000000,144.000000,453.000000,125.000000,266.000000,38.000000,33.000000,2784.000000,769.000000,1633.000000,233.000000,205.000000,15.000000,8.000000,18.000000,3.000000,5.000000,0.000000,6.000000,12.000000,2.000000,4.000000,0.000000,7.000000,15.000000,2.000000,5.000000,8097.000000,2266.000000,4820.000000,695.000000,601.000000,3.000000,
0.041162,0.698579,0.329473,0.053247,0.519925,-207906.975223,2.993603,2195607.000000,1874874.000000,3722527.000000,334752.000000,1282372.000000,1952.000000,539.000000,1146.000000,164.000000,144.000000,453.000000,125.000000,266.000000,38.000000,33.000000,2784.000000,769.000000,1633.000000,233.000000,205.000000,15.000000,8.000000,18.000000,3.000000,5.000000,0.000000,6.000000,12.000000,2.000000,4.000000,0.000000,7.000000,15.000000,2.000000,5.000000,8097.000000,2266.000000,4820.000000,695.000000,601.000000,3.000000,
0.041192,0.796195,0.330204,0.084143,0.475201,-207943.434241,2.997105,2195607.000000,1874874.000000,3722527.000000,334752.000000,1282372.000000,1952.000000,539.000000,1146.000000,164.000000,144.000000,453.000000,125.000000,266.000000,38.000000,33.000000,2784.000000,769.000000,1633.000000,233.000000,205.000000,15.000000,8.000000,18.000000,3.000000,5.000000,0.000000,6.000000,12.000000,2.000000,4.000000,0.000000,7.000000,15.000000,2.000000,5.000000,8097.000000,2266.000000,4820.000000,695.000000,601.000000,3.000000,
0.041192,0.796195,0.330204,0.084143,0.475201,-207943.434241,2.997105,2195607.000000,1874874.000000,3722527.000000,334752.000000,1282372.000000,1952.000000,539.000000,1146.000000,164.000000,144.000000,453.000000,125.000000,266.000000,38.000000,33.000000,2784.000000,769.000000,1633.000000,233.000000,205.000000,15.000000,8.000000,18.000000,3.000000,5.000000,0.000000,6.000000,12.000000,2.000000,4.000000,0.000000,7.000000,15.000000,2.000000,5.000000,8097.000000,2266.000000,4820.000000,695.000000,601.000000,3.000000,
0.041192,0.796195,0.330204,0.084143,0.475201,-207943.434241,2.997105,2195607.000000,1874874.000000,3722527.000000,334752.000000,1282372.000000,1952.000000,539.000000,1146.000000,164.000000,144.000000,453.000000,125.000000,266.000000,38.000000,33.000000,2784.000000,769.000000,1633.000000,233.000000,205.000000,15.000000,8.000000,18.000000,3.000000,5.000000,0.000000,6.000000,12.000000,2.000000,4.000000,0.000000,7.000000,15.000000,2.000000,5.000000,8097.000000,2266.000000,4820.000000,695.000000,601.000000,3.000000,
0.041192,0.796195,0.330204,0.084143,0.475201,-207943.434241,2.997105,2195607.000000,1874874.000000,3722527.000000,334752.000000,1282372.000000,1952.000000,539.000000,1146.000000,164.000000,144.000000,453.000000,125.000000,266.000000,38.000000,33.000000,2784.000000,769.000000,1633.000000,233.000000,205.000000,15.000000,8.000000,18.000000,3.000000,5.000000,0.000000,6.000000,12.000000,2.000000,4.000000,0.000000,7.000000,15.000000,2.000000,5.000000,8097.000000,2266.000000,4820.000000,695.000000,601.000000,3.000000,
0.041192,0.796195,0.330204,0.084143,0.475201,-207943.434241,2.997105,2195607.000000,1874874.000000,3722527.000000,334752.000000,1282372.000000,1952.000000,539.000000,1146.000000,164.000000,144.000000,453.000000,125.000000,266.000000,38.000000,33.000000,2784.000000,769.000000,1633.000000,233.000000,205.000000,15.000000,8.000000,18.000000,3.000000,5.000000,0.000000,6.000000,12.000000,2.000000,4.000000,0.000000,7.000000,15.000000,2.000000,5.000000,8097.000000,2266.000000,4820.000000,695.000000,601.000000,3.000000,
0.041453,0.969710,0.319053,0.080794,0.482243,-207391.915091,2.995247,2195607.000000,1874874.000000,3722527.000000,334752.000000,1282372.000000,1952.000000,539.000000,1146.000000,164.000000,144.000000,453.000000,125.000000,266.000000,38.000000,33.000000,2784.000000,769.000000,1633.000000,233.000000,205.000000,15.000000,8.000000,18.000000,3.000000,5.000000,0.000000,6.000000,12.000000,2.000000,4.000000,0.000000,7.000000,15.000000,2.000000,5.000000,8097.000000,2266.000000,4820.000000,695.000000,601.000000,3.000000,
0.041453,0.969710,0.319053,0.080794,0.482243,-207391.915091,2.995247,2195607.000000,1874874.000000,3722527.000000,334752.000000,1282372.000000,1952.000000,539.000000,1146.000000,164.000000,144.000000,453.000000,125.000000,266.000000,38.000000,33.000000,2784.000000,769.000000,1633.000000,233.000000,205.000000,15.000000,8.000000,18.000000,3.000000,5.000000,0.000000,6.000000,12.000000,2.000000,4.000000,0.000000,7.000000,15.000000,2.000000,5.000000,8097.000000,2266.000000,4820.000000,695.000000,601.000000,3.000000,
0.041453,0.969710,0.319053,0.080794,0.482243,-207391.915091,2.995247,2195607.000000,1874874.000000,3722527.000000,334752.000000,1282372.000000,1952.000000,539.000000,1146.000000,164.000000,144.000000,453.000000,125.000000,266.000000,38.000000,33.000000,2784.000000,769.000000,1633.000000,233.000000,205.000000,15.000000,8.000000,18.000000,3.000000,5.000000,0.000000,6.000000,12.000000,2.000000,4.000000,0.000000,7.000000,15.000000,2.000000,5.000000,8097.000000,2266.000000,4820.000000,695.000000,601.000000,3.000000,
0.041453,0.969710,0.319053,0.080794,0.482243,-207391.915091,2.995247,2195607.000000,1874874.000000,3722527.000000,334752.000000,1282372.000000,1952.000000,539.000000,1146.000000,164.000000,144.000000,453.000000,125.000000,266.000000,38.000000,33.000000,2784.000000,769.000000,1633.000000,233.000000,205.000000,15.000000,8.000000,18.000000,3.000000,5.000000,0.000000,6.000000,12.000000,2.000000,4.000000,0.000000,7.000000,15.000000,2.000000,5.000000,8097.000000,2266.000000,4820.000000,695.000000,601.000000,3.000000,
0.041453,0.969710,0.319053,0.080794,0.482243,-207391.915091,2.995247,2195607.000000,1874874.000000,3722527.000000,334752.000000,1282372.000000,1952.000000,539.000000,1146.000000,164.000000,144.000000,453.000000,125.000000,266.000000,38.000000,33.000000,2784.000000,769.000000,1633.000000,233.000000,205.000000,15.000000,8.000000,18.000000,3.000000,5.000000,0.000000,6.000000,12.000000,2.000000,4.000000,0.000000,7.000000,15.000000,2.000000,5.000000,8097.000000,2266.000000,4820.000000,695.000000,601.000000,3.000000,
0.041453,0.969710,0.319053,0.080794,0.482243,-207391.915091,2.995247,2195607.000000,1874874.000000,3722527.000000,334752.000000,1282372.000000,1952.000000,539.000000,1146.000000,164.000000,144.000000,453.000000,125.000000,266.000000,38.000000,33.000000,2784.000000,769.000000,1633.000000,233.000000,205.000000,15.000000,8.000000,18.000000,3.000000,5.000000,0.000000,6.000000,12.000000,2.000000,4.000000,0.000000,7.000000,15.000000,2.000000,5.000000,8097.000000,2266.000000,4820.000000,695.000000,601.000000,3.000000,
0.041501,0.723300,0.315518,0.112030,0.412260,-207218.593520,2.992076,2195607.000000,1874874.000000,3722527.000000,334752.000000,1282372.000000,1952.000000,539.000000,1146.000000,164.000000,144.000000,453.000000,125.000000,266.000000,38.000000,33.000000,2784.000000,769.000000,1633.000000,233.000000,205.000000,15.000000,8.000000,18.000000,3.000000,5.000000,0.000000,6.000000,12.000000,2.000000,4.000000,0.000000,7.000000,15.000000,2.000000,5.000000,8097.000000,2266.000000,4820.000000,695.000000,601.000000,3.000000,
0.041501,0.723300,0.315518,0.112030,0.412260,-207218.593520,2.992076,2195607.000000,1874874.000000,3722527.000000,334752.000000,1282372.000000,1952.000000,539.000000,1146.000000,164.000000,144.000000,453.000000,125.000000,266.000000,38.000000,33.000000,2784.000000,769.000000,1633.000000,233.000000,205.000000,15.000000,8.000000,18.000000,3.000000,5.000000,0.000000,6.000000,12.000000,2.000000,4.000000,0.000000,7.000000,15.000000,2.000000,5.000000,8097.000000,2266.000000,4820.000000,695.000000,601.000000,3.000000,
0.041501,0.723300,0.315518,0.112030,0.412260,-207218.593520,2.992076,2195607.000000,1874874.000000,3722527.000000,334752.000000,1282372.000000,1952.000000,539.000000,1146.000000,164.000000,144.000000,453.000000,125.000000,266.000000,38.000000,33.000000,2784.000000,769.000000,1633.000000,233.000000,205.000000,15.000000,8.000000,18.000000,3.000000,5.000000,0.000000,6.000000,12.000000,2.000000,4.000000,0.000000,7.000000,15.000000,2.000000,5.000000,8097.000000,2266.000000,4820.000000,695.000000,601.000000,3.000000,
0.041501,0.723300,0.315518,0.112030,0.412260,-207218.593520,2.992076,2195607.000000,1874874.000000,3722527.000000,334752.000000,1282372.000000,1952.000000,539.000000,1146.000000,164.000000,144.000000,453.000000,125.000000,266.000000,38.000000,33.000000,2784.000000,769.000000,1633.000000,233.000000,205.000000,15.000000,8.000000,18.000000,3.000000,5.000000,0.000000,6.000000,12.000000,2.000000,4.000000,0.000000,7.000000,15.000000,2.000000,5.000000,8097.000000,2266.000000,4820.000000,695.000000,601.000000,3.000000,
0.041421,0.933986,0.319318,0.132267,0.403087,-207404.871451,2.993477,2195607.000000,1874874.000000,3722527.000000,334752.000000,1282372.000000,1952.000000,539.000000,1146.000000,164.000000,144.000000,453.000000,125.000000,266.000000,38.000000,33.000000,2784.000000,769.000000,1633.000000,233.000000,205.000000,15.000000,8.000000,18.000000,3.000000,5.000000,0.000000,6.000000,12.000000,2.000000,4.000000,0.000000,7.000000,15.000000,2.000000,5.000000,8097.000000,2266.000000,4820.000000,695.000000,601.000000,3.000000,
0.041421,0.933986,0.319318,0.132267,0.403087,-207404.871451,2.993477,2195607.000000,1874874.000000,3722527.000000,334752.000000,1282372.000000,1952.000000,539.000000,1146.000000,164.000000,144.000000,453.000000,125.000000,266.000000,38.000000,33.000000,2784.000000,769.000000,1633.000000,233.000000,205.000000,15.000000,8.000000,18.000000,3.000000,5.000000,0.000000,6.000000,12.000000,2.000000,4.000000,0.000000,7.000000,15.000000,2.000000,5.000000,8097.000000,2266.000000,4820.000000,695.000000,601.000000,3.000000,
0.041421,0.933986,0.319318,0.132267,0.403087,-207404.871451,2.993477,2195607.000000,1874874.000000,3722527.000000,334752.000000,1282372.000000,1952.000000,539.000000,1146.000000,164.000000,144.000000,453.000000,125.000000,266.000000,38.000000,33.000000,2784.000000,769.000000,1633.000000,233.000000,205.000000,15.000000,8.000000,18.000000,3.000000,5.000000,0.000000,6.000000,12.000000,2.000000,4.000000,0.000000,7.000000,15.000000,2.000000,5.000000,8097.000000,2266.000000,4820.000000,695.000000,601.000000,3.000000,
0.041421,0.933986,0.319318,0.132267,0.403087,-207404.871451,2.993477,2195607.000000,1874874.000000,3722527.000000,334752.000000,1282372.000000,1952.000000,539.000000,1146.000000,164.000000,144.000000,453.000000,125.000000,266.000000,38.000000,33.000000,2784.000000,769.000000,1633.000000,233.000000,205.000000,15.000000,8.000000,18.000000,3.000000,5.000000,0.000000,6.000000,12.000000,2.000000,4.000000,0.000000,7.000000,15.000000,2.000000,5.000000,8097.000000,2266.000000,4820.000000,695.000000,601.000000,3.000000,
0.041421,0.933986,0.319318,0.132267,0.403087,-207404.871451,2.993477,2195607.000000,1874874.000000,3722527.000000,334752.000000,1282372.000000,1952.000000,539.000000,1146.000000,164.000000,144.000000,453.000000,125.000000,266.000000,38.000000,33.000000,2784.000000,769.000000,1633.000000,233.000000,205.000000,15.000000,8.000000,18.000000,3.000000,5.000000,0.000000,6.000000,12.000000,2.000000,4.000000,0.000000,7.000000,15.000000,2.000000,5.000000,8097.000000,2266.000000,4820.000000,695.000000,601.000000,3.000000,
0.041421,0.933986,0.319318,0.132267,0.403087,-207404.871451,2.993477,2195607.000000,1874874.000000,3722527.000000,334752.000000,1282372.000000,1952.000000,539.000000,1146.000000,164.000000,144.000000,453.000000,125.000000,266.000000,38.000000,33.000000,2784.000000,769.000000,1633.000000,233.000000,205.000000,15.000000,8.000000,18.000000,3.000000,5.000000,0.000000,6.000000,12.000000,2.000000,4.000000,0.000000,7.000000,15.000000,2.000000,5.000000,8097.000000,2266.000000,4820.000000,695.000000,601.000000,3.000000,
0.041436,0.748534,0.318526,0.169558,0.340448,-207365.941333,2.993022,2195607.000000,1874874.000000,3722527.000000,334752.000000,1282372.000000,1952.000000,539.000000,1146.000000,164.000000,144.000000,453.000000,125.000000,266.000000,38.000000,33.000000,2784.000000,769.000000,1633.000000,233.000000,205.000000,15.000000,8.000000,18.000000,3.000000,5.000000,0.000000,6.000000,12.000000,2.000000,4.000000,0.000000,7.000000,15.000000,2.000000,5.000000,8097.000000,2266.000000,4820.000000,695.000000,601.000000,3.000000,
0.041436,0.748534,0.318526,0.169558,0.340448,-207365.941333,2.993022,2195607.000000,1874874.000000,3722527.000000,334752.000000,1282372.000000,1952.000000,539.000000,1146.000000,164.000000,144.000000,453.000000,125.000000,266.000000,38.000000,33.000000,2784.000000,769.000000,1633.000000,233.000000,205.000000,15.000000,8.000000,18.000000,3.000000,5.000000,0.000000,6.000000,12.000000,2.000000,4.000000,0.000000,7.000000,15.000000,2.000000,5.000000,8097.000000,2266.000000,4820.000000,695.000000,601.000000,3.000000,
0.041436,0.748534,0.318526,0.169558,0.340448,-207365.941333,2.993022,2195607.000000,1874874.000000,3722527.000000,334752.000000,1282372.000000,1952.000000,539.000000,1146.000000,164.000000,144.000000,453.000000,125.000000,266.000000,38.000000,33.000000,2784.000000,769.000000,1633.000000,233.000000,205.000000,15.000000,8.000000,18.000000,3.000000,5.000000,0.000000,6.000000,12.000000,2.000000,4.000000,0.000000,7.000000,15.000000,2.000000,5.000000,8097.000000,2266.000000,4820.000000,695.000000,601.000000,3.000000,
0.041436,0.748534,0.318526,0.169558,0.340448,-207365.941333,2.993022,2195607.000000,1874874.000000,3722527.000000,334752.000000,1282372.000000,1952.000000,539.000000,1146.000000,164.000000,144.000000,453.000000,125.000000,266.000000,38.000000,33.000000,2784.000000,769.000000,1633.000000,233.000000,205.000000,15.000000,8.000000,18.000000,3.000000,5.000000,0.000000,6.000000,12.000000,2.000000,4.000000,0.000000,7.000000,15.000000,2.000000,5.000000,8097.000000,2266.000000,4820.000000,695.000000,601.000000,3.000000,
0.041436,0.748534,0.318526,0.169558,0.340448,-207365.941333,2.993022,2195607.000000,1874874.000000,3722527.000000,334752.000000,1282372.000000,1952.000000,539.000000,1146.000000,164.000000,144.000000,453.000000,125.000000,266.000000,38.000000,33.000000,2784.000000,769.000000,1633.000000,233.000000,205.000000,15.000000,8.000000,18.000000,3.000000,5.000000,0.000000,6.000000,12.000000,2.000000,4.000000,0.000000,7.000000,15.000000,2.000000,5.000000,8097.000000,2266.000000,4820.000000,695.000000,601.000000,3.000000,
0.041436,0.748534,0.318526,0.169558,0.340448,-207365.941333,2.993022,2195607.000000,1874874.000000,3722527.000000,334752.000000,1282372.000000,1952.000000,539.000000,1146.000000,164.000000,144.000000,453.000000,125.000000,266.000000,38.000000,33.000000,2784.000000,769.000000,1633.000000,233.000000,205.000000,15.000000,8.000000,18.000000,3.000000,5.000000,0.000000,6.000000,12.000000,2.000000,4.000000,0.000000,7.000000,15.000000,2.000000,5.000000,8097.000000,2266.000000,4820.000000,695.000000,601.000000,3.000000,
0.041530,0.514504,0.315702,0.170664,0.332961,-207227.651114,2.994577,2195607.000000,1874874.000000,3722527.000000,334752.000000,1282372.000000,1952.000000,539.000000,1146.000000,164.000000,144.000000,453.000000,125.000000,266.000000,38.000000,33.000000,2784.000000,769.000000,1633.000000,233.000000,205.000000,15.000000,8.000000,18.000000,3.000000,5.000000,0.000000,6.000000,12.000000,2.000000,4.000000,0.000000,7.000000,15.000000,2.000000,5.000000,8097.000000,2266.000000,4820.000000,695.000000,601.000000,3.000000,
0.041530,0.514504,0.315702,0.170664,0.332961,-207227.651114,2.994577,2195607.000000,1874874.000000,3722527.000000,334752.000000,1282372.000000,1952.000000,539.000000,1146.000000,164.000000,144.000000,453.000000,125.000000,266.000000,38.000000,33.000000,2784.000000,769.000000,1633.000000,233.000000,205.000000,15.000000,8.000000,18.000000,3.000000,5.000000,0.000000,6.000000,12.000000,2.000000,4.000000,0.000000,7.000000,15.000000,2.000000,5.000000,8097.000000,2266.000000,4820.000000,695.000000,601.000000,3.000000,
0.041530,0.514504,0.315702,0.170664,0.332961,-207227.651114,2.994577,2195607.000000,1874874.000000,3722527.000000,334752.000000,1282372.000000,1952.000000,539.000000,1146.000000,164.000000,144.000000,453.000000,125.000000,266.000000,38.000000,33.000000,2784.000000,769.000000,1633.000000,233.000000,205.000000,15.000000,8.000000,18.000000,3.000000,5.000000,0.000000,6.000000,12.000000,2.000000,4.000000,0.000000,7.000000,15.000000,2.000000,5.000000,8097.000000,2266.000000,4820.000000,695.000000,601.000000,3.000000,
0.041530,0.514504,0.315702,0.170664,0.332961,-207227.651114,2.994577,2195607.000000,1874874.000000,3722527.000000,334752.000000,1282372.000000,1952.000000,539.000000,1146.000000,164.000000,144.000000,453.000000,125.000000,266.000000,38.000000,33.000000,2784.000000,769.000000,1633.000000,233.000000,205.000000,15.000000,8.000000,18.000000,3.000000,5.000000,0.000000,6.000000,12.000000,2.000000,4.000000,0.000000,7.000000,15.000000,2.000000,5.000000,8097.000000,2266.000000,4820.000000,695.000000,601.000000,3.000000,
0.041530,0.514504,0.315702,0.170664,0.332961,-207227.651114,2.994577,2195607.000000,1874874.000000,3722527.000000,334752.000000,1282372.000000,1952.000000,539.000000,1146.000000,164.000000,144.000000,453.000000,125.000000,266.000000,38.000000,33.000000,2784.000000,769.000000,1633.000000,233.000000,205.000000,15.000000,8.000000,18.000000,3.000000,5.000000,0.000000,6.000000,12.000000,2.000000,4.000000,0.000000,7.000000,15.000000,2.000000,5.000000,8097.000000,2266.000000,4820.000000,695.000000,601.000000,3.000000,
0.041530,0.514504,0.315702,0.170664,0.332961,-207227.651114,2.994577,2195607.000000,1874874.000000,3722527.000000,334752.000000,1282372.000000,1952.000000,539.000000,1146.000000,164.000000,144.000000,453.000000,125.000000,266.000000,38.000000,33.000000,2784.000000,769.000000,1633.000000,233.000000,205.000000,15.000000,8.000000,18.000000,3.000000,5.000000,0.000000,6.000000,12.000000,2.000000,4.000000,0.000000,7.000000,15.000000,2.000000,5.000000,8097.000000,2266.000000,4820.000000,695.000000,601.000000,3.000000,
0.041449,0.752335,0.317580,0.151186,0.289294,-207319.564885,2.992233,2195607.000000,1874874.000000,3722527.000000,334752.000000,1282372.000000,1952.000000,539.000000,1146.000000,164.000000,144.000000,453.000000,125.000000,266.000000,38.000000,33.000000,2784.000000,769.000000,1633.000000,233.000000,205.000000,15.000000,8.000000,18.000000,3.000000,5.000000,0.000000,6.000000,12.000000,2.000000,4.000000,0.000000,7.000000,15.000000,2.000000,5.000000,8097.000000,2266.000000,4820.000000,695.000000,601.000000,3.000000,
0.041319,0.605730,0.320922,0.172151,0.262063,-207483.628300,2.989101,2195607.000000,1874874.000000,3722527.000000,334752.000000,1282372.000000,1952.000000,539.000000,1146.000000,164.000000,144.000000,453.000000,125.000000,266.000000,38.000000,33.000000,2784.000000,769.000000,1633.000000,233.000000,205.000000,15.000000,8.000000,18.000000,3.000000,5.000000,0.000000,6.000000,12.000000,2.000000,4.000000,0.000000,7.000000,15.000000,2.000000,5.000000,8097.000000,2266.000000,4820.000000,695.000000,601.000000,3.000000,
0.041319,0.605730,0.320922,0.172151,0.262063,-207483.628300,2.989101,2195607.000000,1874874.000000,3722527.000000,334752.000000,1282372.000000,1952.000000,539.000000,1146.000000,164.000000,144.000000,453.000000,125.000000,266.000000,38.000000,33.000000,2784.000000,769.000000,1633.000000,233.000000,205.000000,15.000000,8.000000,18.000000,3.000000,5.000000,0.000000,6.000000,12.000000,2.000000,4.000000,0.000000,7.000000,15.000000,2.000000,5.000000,8097.000000,2266.000000,4820.000000,695.000000,601.000000,3.000000,
0.041319,0.605730,0.320922,0.172151,0.262063,-207483.628300,2.989101,2195607.000000,1874874.000000,3722527.000000,334752.000000,1282372.000000,1952.000000,539.000000,1146.000000,164.000000,144.000000,453.000000,125.000000,266.000000,38.000000,33.000000,2784.000000,769.000000,1633.000000,233.000000,205.000000,15.000000,8.000000,18.000000,3.000000,5.000000,0.000000,6.000000,12.000000,2.000000,4.000000,0.000000,7.000000,15.000000,2.000000,5.000000,8097.000000,2266.000000,4820.000000,695.000000,601.000000,3.000000,
0.041290,0.335355,0.321924,0.206297,0.223151,-207532.949929,2.988826,2195607.000000,1874874.000000,3722527.000000,334752.000000,1282372.000000,1952.000000,539.000000,1146.000000,164.000000,144.000000,453.000000,125.000000,266.000000,38.000000,33.000000,2784.000000,769.000000,1633.000000,233.000000,205.000000,15.000000,8.000000,18.000000,3.000000,5.000000,0.000000,6.000000,12.000000,2.000000,4.000000,0.000000,7.000000,15.000000,2.000000,5.000000,8097.000000,2266.000000,4820.000000,695.000000,601.000000,3.000000,
0.041290,0.335355,0.321924,0.206297,0.223151,-207532.949929,2.988826,2195607.000000,1874874.000000,3722527.000000,334752.000000,1282372.000000,1952.000000,539.000000,1146.000000,164.000000,144.000000,453.000000,125.000000,266.000000,38.000000,33.000000,2784.000000,769.000000,1633.000000,233.000000,205.000000,15.000000,8.000000,18.000000,3.000000,5.000000,0.000000,6.000000,12.000000,2.000000,4.000000,0.000000,7.000000,15.000000,2.000000,5.000000,8097.000000,2266.000000,4820.000000,695.000000,601.000000,3.000000,
0.041104,0.179269,0.329319,0.219363,0.253404,-207899.179022,2.989106,2195607.000000,1874874.000000,3722527.000000,334752.000000,1282372.000000,1952.000000,539.000000,1146.000000,164.000000,144.000000,453.000000,125.000000,266.000000,38.000000,33.000000,2784.000000,769.000000,1633.000000,233.000000,205.000000,15.000000,8.000000,18.000000,3.000000,5.000000,0.000000,6.000000,12.000000,2.000000,4.000000,0.000000,7.000000,15.000000,2.000000,5.000000,8097.000000,2266.000000,4820.000000,695.000000,601.000000,3.000000,
0.041104,0.179269,0.329319,0.219363,0.253404,-207899.179022,2.989106,2195607.000000,1874874.000000,3722527.000000,334752.000000,1282372.000000,1952.000000,539.000000,1146.000000,164.000000,144.000000,453.000000,125.000000,266.000000,38.000000,33.000000,2784.000000,769.000000,1633.000000,233.000000,205.000000,15.000000,8.000000,18.000000,3.000000,5.000000,0.000000,6.000000,12.000000,2.000000,4.000000,0.000000,7.000000,15.000000,2.000000,5.000000,8097.000000,2266.000000,4820.000000,695.000000,601.000000,3.000000,
0.041122,0.140410,0.327412,0.151879,0.425245,-207804.335682,2.986884,2195607.000000,1874874.000000,3722527.000000,334752.000000,1282372.000000,1952.000000,539.000000,1146.000000,164.000000,144.000000,453.000000,125.000000,266.000000,38.000000,33.000000,2784.000000,769.000000,1633.000000,233.000000,205.000000,15.000000,8.000000,18.000000,3.000000,5.000000,0.000000,6.000000,12.000000,2.000000,4.000000,0.000000,7.000000,15.000000,2.000000,5.000000,8097.000000,2266.000000,4820.000000,695.000000,601.000000,3.000000,
0.041122,0.140410,0.327412,0.151879,0.425245,-207804.335682,2.986884,2195607.000000,1874874.000000,3722527.000000,334752.000000,1282372.000000,1952.000000,539.000000,1146.000000,164.000000,144.000000,453.000000,125.000000,266.000000,38.000000,33.000000,2784.000000,769.000000,1633.000000,233.000000,205.000000,15.000000,8.000000,18.000000,3.000000,5.000000,0.000000,6.000000,12.000000,2.000000,4.000000,0.000000,7.000000,15.000000,2.000000,5.000000,8097.000000,2266.000000,4820.000000,695.000000,601.000000,3.000000,
0.041122,0.140410,0.327412,0.151879,0.425245,-207804.335682,2.986884,2195607.000000,1874874.000000,3722527.000000,334752.000000,1282372.000000,1952.000000,539.000000,1146.000000,164.000000,144.000000,453.000000,125.000000,266.000000,38.000000,33.000000,2784.000000,769.000000,1633.000000,233.000000,205.000000,15.000000,8.000000,18.000000,3.000000,5.000000,0.000000,6.000000,12.000000,2.000000,4.000000,0.000000,7.000000,15.000000,2.000000,5.000000,8097.000000,2266.000000,4820.000000,695.000000,601.000000,3.000000,
0.041122,0.140410,0.327412,0.151879,0.425245,-207804.335682,2.986884,2195607.000000,1874874.000000,3722527.000000,334752.000000,1282372.000000,1952.000000,539.000000,1146.000000,164.000000,144.000000,453.000000,125.000000,266.000000,38.000000,33.000000,2784.000000,769.000000,1633.000000,233.000000,205.000000,15.000000,8.000000,18.000000,3.000000,5.000000,0.000000,6.000000,12.000000,2.000000,4.000000,0.000000,7.000000,15.000000,2.000000,5.000000,8097.000000,2266.000000,4820.000000,695.000000,601.000000,3.000000,
0.041375,0.041587,0.327552,0.185377,0.267366,-207811.782135,3.005492,2195607.000000,1874874.000000,3722527.000000,334752.000000,1282372.000000,1952.000000,539.000000,1146.000000,164.000000,144.000000,453.000000,125.000000,266.000000,38.000000,33.000000,2784.000000,769.000000,1633.000000,233.000000,205.000000,15.000000,8.000000,18.000000,3.000000,5.000000,0.000000,6.000000,12.000000,2.000000,4.000000,0.000000,7.000000,15.000000,2.000000,5.000000,8097.000000,2266.000000,4820.000000,695.000000,601.000000,3.000000,
0.041375,0.041587,0.327552,0.185377,0.267366,-207811.782135,3.005492,2195607.000000,1874874.000000,3722527.000000,334752.000000,1282372.000000,1952.000000,539.000000,1146.000000,164.000000,144.000000,453.000000,125.000000,266.000000,38.000000,33.000000,2784.000000,769.000000,1633.000000,233.000000,205.000000,15.000000,8.000000,18.000000,3.000000,5.000000,0.000000,6.000000,12.000000,2.000000,4.000000,0.000000,7.000000,15.000000,2.000000,5.000000,8097.000000,2266.000000,4820.000000,695.000000,601.000000,3.000000,
0.041375,0.041587,0.327552,0.185377,0.267366,-207811.782135,3.005492,2195607.000000,1874874.000000,3722527.000000,334752.000000,1282372.000000,1952.000000,539.000000,1146.000000,164.000000,144.000000,453.000000,125.000000,266.000000,38.000000,33.000000,2784.000000,769.000000,1633.000000,233.000000,205.000000,15.000000,8.000000,18.000000,3.000000,5.000000,0.000000,6.000000,12.000000,2.000000,4.000000,0.000000,7.000000,15.000000,2.000000,5.000000,8097.000000,2266.000000,4820.000000,695.000000,601.000000,3.000000,
0.041375,0.041587,0.327552,0.185377,0.267366,-207811.782135,3.005492,2195607.000000,1874874.000000,3722527.000000,334752.000000,1282372.000000,1952.000000,539.000000,1146.000000,164.000000,144.000000,453.000000,125.000000,266.000000,38.000000,33.000000,2784.000000,769.000000,1633.000000,233.000000,205.000000,15.000000,8.000000,18.000000,3.000000,5.000000,0.000000,6.000000,12.000000,2.000000,4.000000,0.000000,7.000000,15.000000,2.000000,5.000000,8097.000000,2266.000000,4820.000000,695.000000,601.000000,3.000000,
0.041375,0.041587,0.327552,0.185377,0.267366,-207811.782135,3.005492,2195607.000000,1874874.000000,3722527.000000,334752.000000,1282372.000000,1952.000000,539.000000,1146.000000,164.000000,144.000000,453.000000,125.000000,266.000000,38.000000,33.000000,2784.000000,769.000000,1633.000000,233.000000,205.000000,15.000000,8.000000,18.000000,3.000000,5.000000,0.000000,6.000000,12.000000,2.000000,4.000000,0.000000,7.000000,15.000000,2.000000,5.000000,8097.000000,2266.000000,4820.000000,695.000000,601.000000,3.000000,
0.041375,0.041587,0.327552,0.185377,0.267366,-207811.782135,3.005492,2195607.000000,1874874.000000,3722527.000000,334752.000000,1282372.000000,1952.000000,539.000000,1146.000000,164.000000,144.000000,453.000000,125.000000,266.000000,38.000000,33.000000,2784.000000,769.000000,1633.000000,233.000000,205.000000,15.000000,8.000000,18.000000,3.000000,5.000000,0.000000,6.000000,12.000000,2.000000,4.000000,0.000000,7.000000,15.000000,2.000000,5.000000,8097.000000,2266.000000,4820.000000,695.000000,601.000000,3.000000,
0.041375,0.041587,0.327552,0.185377,0.267366,-207811.782135,3.005492,2195607.000000,1874874.000000,3722527.000000,334752.000000,1282372.000000,1952.000000,539.000000,1146.000000,164.000000,144.000000,453.000000,125.000000,266.000000,38.000000,33.000000,2784.000000,769.000000,1633.000000,233.000000,205.000000,15.000000,8.000000,18.000000,3.000000,5.000000,0.000000,6.000000,12.000000,2.000000,4.000000,0.000000,7.000000,15.000000,2.000000,5.000000,8097.000000,2266.000000,4820.000000,695.000000,601.000000,3.000000,
0.041375,0.041587,0.327552,0.185377,0.267366,-207811.782135,3.005492,2195607.000000,1874874.000000,3722527.000000,334752.000000,1282372.000000,1952.000000,539.000000,1146.000000,164.000000,144.000000,453.000000,125.000000,266.000000,38.000000,33.000000,2784.000000,769.000000,1633.000000,233.000000,205.000000,15.000000,8.000000,18.000000,3.000000,5.000000,0.000000,6.000000,12.000000,2.000000,4.000000,0.000000,7.000000,15.000000,2.000000,5.000000,8097.000000,2266.000000,4820.000000,695.000000,601.000000,3.000000,
0.041375,0.041587,0.327552,0.185377,0.267366,-207811.782135,3.005492,2195607.000000,1874874.000000,3722527.000000,334752.000000,1282372.000000,1952.000000,539.000000,1146.000000,164.000000,144.000000,453.000000,125.000000,266.000000,38.000000,33.000000,2784.000000,769.000000,1633.000000,233.000000,205.000000,15.000000,8.000000,18.000000,3.000000,5.000000,0.000000,6.000000,12.000000,2.000000,4.000000,0.000000,7.000000,15.000000,2.000000,5.000000,8097.000000,2266.000000,4820.000000,695.000000,601.000000,3.000000,
0.041375,0.041587,0.327552,0.185377,0.267366,-207811.782135,3.005492,2195607.000000,1874874.000000,3722527.000000,334752.000000,1282372.000000,1952.000000,539.000000,1146.000000,164.000000,144.000000,453.000000,125.000000,266.000000,38.000000,33.000000,2784.000000,769.000000,1633.000000,233.000000,205.000000,15.000000,8.000000,18.000000,3.000000,5.000000,0.000000,6.000000,12.000000,2.000000,4.000000,0.000000,7.000000,15.000000,2.000000,5.000000,8097.000000,2266.000000,4820.000000,695.000000,601.000000,3.000000,
0.041375,0.041587,0.327552,0.185377,0.267366,-207811.782135,3.005492,2195607.000000,1874874.000000,3722527.000000,334752.000000,1282372.000000,1952.000000,539.000000,1146.000000,164.000000,144.000000,453.000000,125.000000,266.000000,38.000000,33.000000,2784.000000,769.000000,1633.000000,233.000000,205.000000,15.000000,8.000000,18.000000,3.000000,5.000000,0.000000,6.000000,12.000000,2.000000,4.000000,0.000000,7.000000,15.000000,2.000000,5.000000,8097.000000,2266.000000,4820.000000,695.000000,601.000000,3.000000,
0.041375,0.041587,0.327552,0.185377,0.267366,-207811.782135,3.005492,2195607.000000,1874874.000000,3722527.000000,334752.000000,1282372.000000,1952.000000,539.000000,1146.000000,164.000000,144.000000,453.000000,125.000000,266.000000,38.000000,33.000000,2784.000000,769.000000,1633.000000,233.000000,205.000000,15.000000,8.000000,18.000000,3.000000,5.000000,0.000000,6.000000,12.000000,2.000000,4.000000,0.000000,7.000000,15.000000,2.000000,5.000000,8097.000000,2266.000000,4820.000000,695.000000,601.000000,3.000000,
0.041375,0.041587,0.327552,0.185377,0.267366,-207811.782135,3.005492,2195607.000000,1874874.000000,3722527.000000,334752.000000,1282372.000000,1952.000000,539.000000,1146.000000,164.000000,144.000000,453.000000,125.000000,266.000000,38.000000,33.000000,2784.000000,769.000000,1633.000000,233.000000,205.000000,15.000000,8.000000,18.000000,3.000000,5.000000,0.000000,6.000000,12.000000,2.000000,4.000000,0.000000,7.000000,15.000000,2.000000,5.000000,8097.000000,2266.000000,4820.000000,695.000000,601.000000,3.000000,
0.041375,0.041587,0.327552,0.185377,0.267366,-207811.782135,3.005492,2195607.000000,1874874.000000,3722527.000000,334752.000000,1282372.000000,1952.000000,539.000000,1146.000000,164.000000,144.000000,453.000000,125.000000,266.000000,38.000000,33.000000,2784.000000,769.000000,1633.000000,233.000000,205.000000,15.000000,8.000000,18.000000,3.000000,5.000000,0.000000,6.000000,12.000000,2.000000,4.000000,0.000000,7.000000,15.000000,2.000000,5.000000,8097.000000,2266.000000,4820.000000,695.000000,601.000000,3.000000,
0.041581,0.082175,0.316864,0.158138,0.289578,-207284.673513,3.000436,2195607.000000,1874874.000000,3722527.000000,334752.000000,1282372.000000,1952.000000,539.000000,1146.000000,164.000000,144.000000,453.000000,125.000000,266.000000,38.000000,33.000000,2784.000000,769.000000,1633.000000,233.000000,205.000000,15.000000,8.000000,18.000000,3.000000,5.000000,0.000000,6.000000,12.000000,2.000000,4.000000,0.000000,7.000000,15.000000,2.000000,5.000000,8097.000000,2266.000000,4820.000000,695.000000,601.000000,3.000000,
0.041581,0.082175,0.316864,0.158138,0.289578,-207284.673513,3.000436,2195607.000000,1874874.000000,3722527.000000,334752.000000,1282372.000000,1952.000000,539.000000,1146.000000,164.000000,144.000000,453.000000,125.000000,266.000000,38.000000,33.000000,2784.000000,769.000000,1633.000000,233.000000,205.000000,15.000000,8.000000,18.000000,3.000000,5.000000,0.000000,6.000000,12.000000,2.000000,4.000000,0.000000,7.000000,15.000000,2.000000,5.000000,8097.000000,2266.000000,4820.000000,695.000000,601.000000,3.000000,
0.041638,0.056873,0.312058,0.168289,0.233194,-207049.957140,2.995518,2195607.000000,1874874.000000,3722527.000000,334752.000000,1282372.000000,1952.000000,539.000000,1146.000000,164.000000,144.000000,453.000000,125.000000,266.000000,38.000000,33.000000,2784.000000,769.000000,1633.000000,233.000000,205.000000,15.000000,8.000000,18.000000,3.000000,5.000000,0.000000,6.000000,12.000000,2.000000,4.000000,0.000000,7.000000,15.000000,2.000000,5.000000,8097.000000,2266.000000,4820.000000,695.000000,601.000000,3.000000,
0.041715,0.006242,0.314868,0.235521,0.188526,-207187.232653,3.006347,2195607.000000,1874874.000000,3722527.000000,334752.000000,1282372.000000,1952.000000,539.000000,1146.000000,164.000000,144.000000,453.000000,125.000000,266.000000,38.000000,33.000000,2784.000000,769.000000,1633.000000,233.000000,205.000000,15.000000,8.000000,18.000000,3.000000,5.000000,0.000000,6.000000,12.000000,2.000000,4.000000,0.000000,7.000000,15.000000,2.000000,5.000000,8097.000000,2266.000000,4820.000000,695.000000,601.000000,3.000000,
0.041715,0.006242,0.314868,0.235521,0.188526,-207187.232653,3.006347,2195607.000000,1874874.000000,3722527.000000,334752.000000,1282372.000000,1952.000000,539.000000,1146.000000,164.000000,144.000000,453.000000,125.000000,266.000000,38.000000,33.000000,2784.000000,769.000000,1633.000000,233.000000,205.000000,15.000000,8.000000,18.000000,3.000000,5.000000,0.000000,6.000000,12.000000,2.000000,4.000000,0.000000,7.000000,15.000000,2.000000,5.000000,8097.000000,2266.000000,4820.000000,695.000000,601.000000,3.000000,
0.041882,0.008646,0.314066,0.240631,0.104891,-207148.353342,3.016826,2195607.000000,1874874.000000,3722527.000000,334752.000000,1282372.000000,1952.000000,539.000000,1146.000000,164.000000,144.000000,453.000000,125.000000,266.000000,38.000000,33.000000,2784.000000,769.000000,1633.000000,233.000000,205.000000,15.000000,8.000000,18.000000,3.000000,5.000000,0.000000,6.000000,12.000000,2.000000,4.000000,0.000000,7.000000,15.000000,2.000000,5.000000,8097.000000,2266.000000,4820.000000,695.000000,601.000000,3.000000,
0.040771,0.017351,0.375340,0.194304,0.004456,-210259.163736,3.049582,2195607.000000,1874874.000000,3722527.000000,334752.000000,1282372.000000,1952.000000,539.000000,1146.000000,164.000000,144.000000,453.000000,125.000000,266.000000,38.000000,33.000000,2784.000000,769.000000,1633.000000,233.000000,205.000000,15.000000,8.000000,18.000000,3.000000,5.000000,0.000000,6.000000,12.000000,2.000000,4.000000,0.000000,7.000000,15.000000,2.000000,5.000000,8097.000000,2266.000000,4820.000000,695.000000,601.000000,3.000000,
0.040682,0.033080,0.380446,0.170461,0.004703,-210529.561005,3.052281,2195607.000000,1874874.000000,3722527.000000,334752.000000,1282372.000000,1952.000000,539.000000,1146.000000,164.000000,144.000000,453.000000,125.000000,266.000000,38.000000,33.000000,2784.000000,769.000000,1633.000000,233.000000,205.000000,15.000000,8.000000,18.000000,3.000000,5.000000,0.000000,6.000000,12.000000,2.000000,4.000000,0.000000,7.000000,15.000000,2.000000,5.000000,8097.000000,2266.000000,4820.000000,695.000000,601.000000,3.000000,
0.040682,0.033080,0.380446,0.170461,0.004703,-210529.561005,3.052281,2195607.000000,1874874.000000,3722527.000000,334752.000000,1282372.000000,1952.000000,539.000000,1146.000000,164.000000,144.000000,453.000000,125.000000,266.000000,38.000000,33.000000,2784.000000,769.000000,1633.000000,233.000000,205.000000,15.000000,8.000000,18.000000,3.000000,5.000000,0.000000,6.000000,12.000000,2.000000,4.000000,0.000000,7.000000,15.000000,2.000000,5.000000,8097.000000,2266.000000,4820.000000,695.000000,601.000000,3.000000,
0.040682,0.033080,0.380446,0.170461,0.004703,-210529.561005,3.052281,2195607.000000,1874874.000000,3722527.000000,334752.000000,1282372.000000,1952.000000,539.000000,1146.000000,164.000000,144.000000,453.000000,125.000000,266.000000,38.000000,33.000000,2784.000000,769.000000,1633.000000,233.000000,205.000000,15.000000,8.000000,18.000000,3.000000,5.000000,0.000000,6.000000,12.000000,2.000000,4.000000,0.000000,7.000000,15.000000,2.000000,5.000000,8097.000000,2266.000000,4820.000000,695.000000,601.000000,3.000000,
0.040682,0.033080,0.380446,0.170461,0.004703,-210529.561005,3.052281,2195607.000000,1874874.000000,3722527.000000,334752.000000,1282372.000000,1952.000000,539.000000,1146.000000,164.000000,144.000000,453.000000,125.000000,266.000000,38.000000,33.000000,2784.000000,769.000000,1633.000000,233.000000,205.000000,15.000000,8.000000,18.000000,3.000000,5.000000,0.000000,6.000000,12.000000,2.000000,4.000000,0.000000,7.000000,15.000000,2.000000,5.000000,8097.000000,2266.000000,4820.000000,695.000000,601.000000,3.000000,
0.040682,0.033080,0.380446,0.170461,0.004703,-210529.561005,3.052281,2195607.000000,1874874.000000,3722527.000000,334752.000000,1282372.000000,1952.000000,539.000000,1146.000000,164.000000,144.000000,453.000000,125.000000,266.000000,38.000000,33.000000,2784.000000,769.000000,1633.000000,233.000000,205.000000,15.000000,8.000000,18.000000,3.000000,5.000000,0.000000,6.000000,12.000000,2.000000,4.000000,0.000000,7.000000,15.000000,2.000000,5.000000,8097.000000,2266.000000,4820.000000,695.000000,601.000000,3.000000,
0.040682,0.033080,0.380446,0.170461,0.004703,-210529.561005,3.052281,2195607.000000,1874874.000000,3722527.000000,334752.000000,1282372.000000,1952.000000,539.000000,1146.000000,164.000000,144.000000,453.000000,125.000000,266.000000,38.000000,33.000000,2784.000000,769.000000,1633.000000,233.000000,205.000000,15.000000,8.000000,18.000000,3.000000,5.000000,0.000000,6.000000,12.000000,2.000000,4.000000,0.000000,7.000000,15.000000,2.000000,5.000000,8097.000000,2266.000000,4820.000000,695.000000,601.000000,3.000000,
0.040609,0.050946,0.384581,0.189481,0.005002,-210749.823598,3.054392,2195607.000000,1874874.000000,3722527.000000,334752.000000,1282372.000000,1952.000000,539.000000,1146.000000,164.000000,144.000000,453.000000,125.000000,266.000000,38.000000,33.000000,2784.000000,769.000000,1633.000000,233.000000,205.000000,15.000000,8.000000,18.000000,3.000000,5.000000,0.000000,6.000000,12.000000,2.000000,4.000000,0.000000,7.000000,15.000000,2.000000,5.000000,8097.000000,2266.000000,4820.000000,695.000000,601.000000,3.000000,
0.040609,0.050946,0.384581,0.189481,0.005002,-210749.823598,3.054392,2195607.000000,1874874.000000,3722527.000000,334752.000000,1282372.000000,1952.000000,539.000000,1146.000000,164.000000,144.000000,453.000000,125.000000,266.000000,38.000000,33.000000,2784.000000,769.000000,1633.000000,233.000000,205.000000,15.000000,8.000000,18.000000,3.000000,5.000000,0.000000,6.000000,12.000000,2.000000,4.000000,0.000000,7.000000,15.000000,2.000000,5.000000,8097.000000,2266.000000,4820.000000,695.000000,601.000000,3.000000,
0.040609,0.050946,0.384581,0.189481,0.005002,-210749.823598,3.054392,2195607.000000,1874874.000000,3722527.000000,334752.000000,1282372.000000,1952.000000,539.000000,1146.000000,164.000000,144.000000,453.000000,125.000000,266.000000,38.000000,33.000000,2784.000000,769.000000,1633.000000,233.000000,205.000000,15.000000,8.000000,18.000000,3.000000,5.000000,0.000000,6.000000,12.000000,2.000000,4.000000,0.000000,7.000000,15.000000,2.000000,5.000000,8097.000000,2266.000000,4820.000000,695.000000,601.000000,3.000000,
0.040609,0.050946,0.384581,0.189481,0.005002,-210749.823598,3.054392,2195607.000000,1874874.000000,3722527.000000,334752.000000,1282372.000000,1952.000000,539.000000,1146.000000,164.000000,144.000000,453.000000,125.000000,266.000000,38.000000,33.000000,2784.000000,769.000000,1633.000000,233.000000,205.000000,15.000000,8.000000,18.000000,3.000000,5.000000,0.000000,6.000000,12.000000,2.000000,4.000000,0.000000,7.000000,15.000000,2.000000,5.000000,8097.000000,2266.000000,4820.000000,695.000000,601.000000,3.000000,
0.040509,0.045341,0.386880,0.183125,0.004587,-210872.655226,3.051060,2195607.000000,1874874.000000,3722527.000000,334752.000000,1282372.000000,1952.000000,539.000000,1146.000000,164.000000,144.000000,453.000000,125.000000,266.000000,38.000000,33.000000,2784.000000,769.000000,1633.000000,233.000000,205.000000,15.000000,8.000000,18.000000,3.000000,5.000000,0.000000,6.000000,12.000000,2.000000,4.000000,0.000000,7.000000,15.000000,2.000000,5.000000,8097.000000,2266.000000,4820.000000,695.000000,601.000000,3.000000,
0.040283,0.349136,0.396573,0.166717,0.003085,-211394.923324,3.051668,2195607.000000,1874874.000000,3722527.000000,334752.000000,1282372.000000,1952.000000,539.000000,1146.000000,164.000000,144.000000,453.000000,125.000000,266.000000,38.000000,33.000000,2784.000000,769.000000,1633.000000,233.000000,205.000000,15.000000,8.000000,18.000000,3.000000,5.000000,0.000000,6.000000,12.000000,2.000000,4.000000,0.000000,7.000000,15.000000,2.000000,5.000000,8097.000000,2266.000000,4820.000000,695.000000,601.000000,3.000000,
0.040283,0.349136,0.396573,0.166717,0.003085,-211394.923324,3.051668,2195607.000000,1874874.000000,3722527.000000,334752.000000,1282372.000000,1952.000000,539.000000,1146.000000,164.000000,144.000000,453.000000,125.000000,266.000000,38.000000,33.000000,2784.000000,769.000000,1633.000000,233.000000,205.000000,15.000000,8.000000,18.000000,3.000000,5.000000,0.000000,6.000000,12.000000,2.000000,4.000000,0.000000,7.000000,15.000000,2.000000,5.000000,8097.000000,2266.000000,4820.000000,695.000000,601.000000,3.000000,
0.040283,0.349136,0.396573,0.166717,0.003085,-211394.923324,3.051668,2195607.000000,1874874.000000,3722527.000000,334752.000000,1282372.000000,1952.000000,539.000000,1146.000000,164.000000,144.000000,453.000000,125.000000,266.000000,38.000000,33.000000,2784.000000,769.000000,1633.000000,233.000000,205.000000,15.000000,8.000000,18.000000,3.000000,5.000000,0.000000,6.000000,12.000000,2.000000,4.000000,0.000000,7.000000,15.000000,2.000000,5.000000,8097.000000,2266.000000,4820.000000,695.000000,601.000000,3.000000,
0.040283,0.349136,0.396573,0.166717,0.003085,-211394.923324,3.051668,2195607.000000,1874874.000000,3722527.000000,334752.000000,1282372.000000,1952.000000,539.000000,1146.000000,164.000000,144.000000,453.000000,125.000000,266.000000,38.000000,33.000000,2784.000000,769.000000,1633.000000,233.000000,205.000000,15.000000,8.000000,18.000000,3.000000,5.000000,0.000000,6.000000,12.000000,2.000000,4.000000,0.000000,7.000000,15.000000,2.000000,5.000000,8097.000000,2266.000000,4820.000000,695.000000,601.000000,3.000000,
0.040283,0.349136,0.396573,0.166717,0.003085,-211394.923324,3.051668,2195607.000000,1874874.000000,3722527.000000,334752.000000,1282372.000000,1952.000000,539.000000,1146.000000,164.000000,144.000000,453.000000,125.000000,266.000000,38.000000,33.000000,2784.000000,769.000000,1633.000000,233.000000,205.000000,15.000000,8.000000,18.000000,3.000000,5.000000,0.000000,6.000000,12.000000,2.000000,4.000000,0.000000,7.000000,15.000000,2.000000,5.000000,8097.000000,2266.000000,4820.000000,695.000000,601.000000,3.000000,
0.040283,0.349136,0.396573,0.166717,0.003085,-211394.923324,3.051668,2195607.000000,1874874.000000,3722527.000000,334752.000000,1282372.000000,1952.000000,539.000000,1146.000000,164.000000,144.000000,453.000000,125.000000,266.000000,38.000000,33.000000,2784.000000,769.000000,1633.000000,233.000000,205.000000,15.000000,8.000000,18.000000,3.000000,5.000000,0.000000,6.000000,12.000000,2.000000,4.000000,0.000000,7.000000,15.000000,2.000000,5.000000,8097.000000,2266.000000,4820.000000,695.000000,601.000000,3.000000,
0.040376,0.340000,0.390497,0.169146,0.002987,-211066.692631,3.047612,2195607.000000,1874874.000000,3722527.000000,334752.000000,1282372.000000,1952.000000,539.000000,1146.000000,164.000000,144.000000,453.000000,125.000000,266.000000,38.000000,33.000000,2784.000000,769.000000,1633.000000,233.000000,205.000000,15.000000,8.000000,18.000000,3.000000,5.000000,0.000000,6.000000,12.000000,2.000000,4.000000,0.000000,7.000000,15.000000,2.000000,5.000000,8097.000000,2266.000000,4820.000000,695.000000,601.000000,3.000000,
0.040374,0.336948,0.389049,0.151280,0.002861,-210988.825899,3.044853,2195607.000000,1874874.000000,3722527.000000,334752.000000,1282372.000000,1952.000000,539.000000,1146.000000,164.000000,144.000000,453.000000,125.000000,266.000000,38.000000,33.000000,2784.000000,769.000000,1633.000000,233.000000,205.000000,15.000000,8.000000,18.000000,3.000000,5.000000,0.000000,6.000000,12.000000,2.000000,4.000000,0.000000,7.000000,15.000000,2.000000,5.000000,8097.000000,2266.000000,4820.000000,695.000000,601.000000,3.000000,
0.040374,0.336948,0.389049,0.151280,0.002861,-210988.825899,3.044853,2195607.000000,1874874.000000,3722527.000000,334752.000000,1282372.000000,1952.000000,539.000000,1146.000000,164.000000,144.000000,453.000000,125.000000,266.000000,38.000000,33.000000,2784.000000,769.000000,1633.000000,233.000000,205.000000,15.000000,8.000000,18.000000,3.000000,5.000000,0.000000,6.000000,12.000000,2.000000,4.000000,0.000000,7.000000,15.000000,2.000000,5.000000,8097.000000,2266.000000,4820.000000,695.000000,601.000000,3.000000,
0.040401,0.251155,0.390636,0.143885,0.002499,-211074.243297,3.049800,2195607.000000,1874874.000000,3722527.000000,334752.000000,1282372.000000,1952.000000,539.000000,1146.000000,164.000000,144.000000,453.000000,125.000000,266.000000,38.000000,33.000000,2784.000000,769.000000,1633.000000,233.000000,205.000000,15.000000,8.000000,18.000000,3.000000,5.000000,0.000000,6.000000,12.000000,2.000000,4.000000,0.000000,7.000000,15.000000,2.000000,5.000000,8097.000000,2266.000000,4820.000000,695.000000,601.000000,3.000000,
0.040401,0.251155,0.390636,0.143885,0.002499,-211074.243297,3.049800,2195607.000000,1874874.000000,3722527.000000,334752.000000,1282372.000000,1952.000000,539.000000,1146.000000,164.000000,144.000000,453.000000,125.000000,266.000000,38.000000,33.000000,2784.000000,769.000000,1633.000000,233.000000,205.000000,15.000000,8.000000,18.000000,3.000000,5.000000,0.000000,6.000000,12.000000,2.000000,4.000000,0.000000,7.000000,15.000000,2.000000,5.000000,8097.000000,2266.000000,4820.000000,695.000000,601.000000,3.000000,
0.040292,0.238478,0.395333,0.183338,0.001718,-211327.738962,3.050114,2195607.000000,1874874.000000,3722527.000000,334752.000000,1282372.000000,1952.000000,539.000000,1146.000000,164.000000,144.000000,453.000000,125.000000,266.000000,38.000000,33.000000,2784.000000,769.000000,1633.000000,233.000000,205.000000,15.000000,8.000000,18.000000,3.000000,5.000000,0.000000,6.000000,12.000000,2.000000,4.000000,0.000000,7.000000,15.000000,2.000000,5.000000,8097.000000,2266.000000,4820.000000,695.000000,601.000000,3.000000,
0.040292,0.238478,0.395333,0.183338,0.001718,-211327.738962,3.050114,2195607.000000,1874874.000000,3722527.000000,334752.000000,1282372.000000,1952.000000,539.000000,1146.000000,164.000000,144.000000,453.000000,125.000000,266.000000,38.000000,33.000000,2784.000000,769.000000,1633.000000,233.000000,205.000000,15.000000,8.000000,18.000000,3.000000,5.000000,0.000000,6.000000,12.000000,2.000000,4.000000,0.000000,7.000000,15.000000,2.000000,5.000000,8097.000000,2266.000000,4820.000000,695.000000,601.000000,3.000000,
0.040292,0.238478,0.395333,0.183338,0.001718,-211327.738962,3.050114,2195607.000000,1874874.000000,3722527.000000,334752.000000,1282372.000000,1952.000000,539.000000,1146.000000,164.000000,144.000000,453.000000,125.000000,266.000000,38.000000,33.000000,2784.000000,769.000000,1633.000000,233.000000,205.000000,15.000000,8.000000,18.000000,3.000000,5.000000,0.000000,6.000000,12.000000,2.000000,4.000000,0.000000,7.000000,15.000000,2.000000,5.000000,8097.000000,2266.000000,4820.000000,695.000000,601.000000,3.000000,
0.040292,0.238478,0.395333,0.183338,0.001718,-211327.738962,3.050114,2195607.000000,1874874.000000,3722527.000000,334752.000000,1282372.000000,1952.000000,539.000000,1146.000000,164.000000,144.000000,453.000000,125.000000,266.000000,38.000000,33.000000,2784.000000,769.000000,1633.000000,233.000000,205.000000,15.000000,8.000000,18.000000,3.000000,5.000000,0.000000,6.000000,12.000000,2.000000,4.000000,0.000000,7.000000,15.000000,2.000000,5.000000,8097.000000,2266.000000,4820.000000,695.000000,601.000000,3.000000,
0.040292,0.238478,0.395333,0.183338,0.001718,-211327.738962,3.050114,2195607.000000,1874874.000000,3722527.000000,334752.000000,1282372.000000,1952.000000,539.000000,1146.000000,164.000000,144.000000,453.000000,125.000000,266.000000,38.000000,33.000000,2784.000000,769.000000,1633.000000,233.000000,205.000000,15.000000,8.000000,18.000000,3.000000,5.000000,0.000000,6.000000,12.000000,2.000000,4.000000,0.000000,7.000000,15.000000,2.000000,5.000000,8097.000000,2266.000000,4820.000000,695.000000,601.000000,3.000000,
0.040292,0.238478,0.395333,0.183338,0.001718,-211327.738962,3.050114,2195607.000000,1874874.000000,3722527.000000,334752.000000,1282372.000000,1952.000000,539.000000,1146.000000,164.000000,144.000000,453.000000,125.000000,266.000000,38.000000,33.000000,2784.000000,769.000000,1633.000000,233.000000,205.000000,15.000000,8.000000,18.000000,3.000000,5.000000,0.000000,6.000000,12.000000,2.000000,4.000000,0.000000,7.000000,15.000000,2.000000,5.000000,8097.000000,2266.000000,4820.000000,695.000000,601.000000,3.000000,
0.040292,0.238478,0.395333,0.183338,0.001718,-211327.738962,3.050114,2195607.000000,1874874.000000,3722527.000000,334752.000000,1282372.000000,1952.000000,539.000000,1146.000000,164.000000,144.000000,453.000000,125.000000,266.000000,38.000000,33.000000,2784.000000,769.000000,1633.000000,233.000000,205.000000,15.000000,8.000000,18.000000,3.000000,5.000000,0.000000,6.000000,12.000000,2.000000,4.000000,0.000000,7.000000,15.000000,2.000000,5.000000,8097.000000,2266.000000,4820.000000,695.000000,601.000000,3.000000,
0.040292,0.238478,0.395333,0.183338,0.001718,-211327.738962,3.050114,2195607.000000,1874874.000000,3722527.000000,334752.000000,1282372.000000,1952.000000,539.000000,1146.000000,164.000000,144.000000,453.000000,125.000000,266.000000,38.000000,33.000000,2784.000000,769.000000,1633.000000,233.000000,205.000000,15.000000,8.000000,18.000000,3.000000,5.000000,0.000000,6.000000,12.000000,2.000000,4.000000,0.000000,7.000000,15.000000,2.000000,5.000000,8097.000000,2266.000000,4820.000000,695.000000,601.000000,3.000000,
0.040303,0.144094,0.396144,0.173571,0.001860,-211371.725560,3.052388,2195607.000000,1874874.000000,3722527.000000,334752.000000,1282372.000000,1952.000000,539.000000,1146.000000,164.000000,144.000000,453.000000,125.000000,266.000000,38.000000,33.000000,2784.000000,769.000000,1633.000000,233.000000,205.000000,15.000000,8.000000,18.000000,3.000000,5.000000,0.000000,6.000000,12.000000,2.000000,4.000000,0.000000,7.000000,15.000000,2.000000,5.000000,8097.000000,2266.000000,4820.000000,695.000000,601.000000,3.000000,
0.040513,0.177017,0.380900,0.183593,0.001690,-210553.399407,3.040424,2195607.000000,1874874.000000,3722527.000000,334752.000000,1282372.000000,1952.000000,539.000000,1146.000000,164.000000,144.000000,453.000000,125.000000,266.000000,38.000000,33.000000,2784.000000,769.000000,1633.000000,233.000000,205.000000,15.000000,8.000000,18.000000,3.000000,5.000000,0.000000,6.000000,12.000000,2.000000,4.000000,0.000000,7.000000,15.000000,2.000000,5.000000,8097.000000,2266.000000,4820.000000,695.000000,601.000000,3.000000,
0.040513,0.177017,0.380900,0.183593,0.001690,-210553.399407,3.040424,2195607.000000,1874874.000000,3722527.000000,334752.000000,1282372.000000,1952.000000,539.000000,1146.000000,164.000000,144.000000,453.000000,125.000000,266.000000,38.000000,33.000000,2784.000000,769.000000,1633.000000,233.000000,205.000000,15.000000,8.000000,18.000000,3.000000,5.000000,0.000000,6.000000,12.000000,2.000000,4.000000,0.000000,7.000000,15.000000,2.000000,5.000000,8097.000000,2266.000000,4820.000000,695.000000,601.000000,3.000000,
0.040540,0.270250,0.380817,0.206256,0.002049,-210548.994673,3.042294,2195607.000000,1874874.000000,3722527.000000,334752.000000,1282372.000000,1952.000000,539.000000,1146.000000,164.000000,144.000000,453.000000,125.000000,266.000000,38.000000,33.000000,2784.000000,769.000000,1633.000000,233.000000,205.000000,15.000000,8.000000,18.000000,3.000000,5.000000,0.000000,6.000000,12.000000,2.000000,4.000000,0.000000,7.000000,15.000000,2.000000,5.000000,8097.000000,2266.000000,4820.000000,695.000000,601.000000,3.000000,
0.040472,0.711969,0.383389,0.194547,0.001626,-210685.895959,3.041902,2195607.000000,1874874.000000,3722527.000000,334752.000000,1282372.000000,1952.000000,539.000000,1146.000000,164.000000,144.000000,453.000000,125.000000,266.000000,38.000000,33.000000,2784.000000,769.000000,1633.000000,233.000000,205.000000,15.000000,8.000000,18.000000,3.000000,5.000000,0.000000,6.000000,12.000000,2.000000,4.000000,0.000000,7.000000,15.000000,2.000000,5.000000,8097.000000,2266.000000,4820.000000,695.000000,601.000000,3.000000,
0.040472,0.711969,0.383389,0.194547,0.001626,-210685.895959,3.041902,2195607.000000,1874874.000000,3722527.000000,334752.000000,1282372.000000,1952.000000,539.000000,1146.000000,164.000000,144.000000,453.000000,125.000000,266.000000,38.000000,33.000000,2784.000000,769.000000,1633.000000,233.000000,205.000000,15.000000,8.000000,18.000000,3.000000,5.000000,0.000000,6.000000,12.000000,2.000000,4.000000,0.000000,7.000000,15.000000,2.000000,5.000000,8097.000000,2266.000000,4820.000000,695.000000,601.000000,3.000000,
0.040472,0.711969,0.383389,0.194547,0.001626,-210685.895959,3.041902,2195607.000000,1874874.000000,3722527.000000,334752.000000,1282372.000000,1952.000000,539.000000,1146.000000,164.000000,144.000000,453.000000,125.000000,266.000000,38.000000,33.000000,2784.000000,769.000000,1633.000000,233.000000,205.000000,15.000000,8.000000,18.000000,3.000000,5.000000,0.000000,6.000000,12.000000,2.000000,4.000000,0.000000,7.000000,15.000000,2.000000,5.000000,8097.000000,2266.000000,4820.000000,695.000000,601.000000,3.000000,
0.040472,0.711969,0.383389,0.194547,0.001626,-210685.895959,3.041902,2195607.000000,1874874.000000,3722527.000000,334752.000000,1282372.000000,1952.000000,539.000000,1146.000000,164.000000,144.000000,453.000000,125.000000,266.000000,38.000000,33.000000,2784.000000,769.000000,1633.000000,233.000000,205.000000,15.000000,8.000000,18.000000,3.000000,5.000000,0.000000,6.000000,12.000000,2.000000,4.000000,0.000000,7.000000,15.000000,2.000000,5.000000,8097.000000,2266.000000,4820.000000,695.000000,601.000000,3.000000,
0.040348,0.772646,0.389928,0.225786,0.001298,-211036.014324,3.044466,2195607.000000,1874874.000000,3722527.000000,334752.000000,1282372.000000,1952.000000,539.000000,1146.000000,164.000000,144.000000,453.000000,125.000000,266.000000,38.000000,33.000000,2784.000000,769.000000,1633.000000,233.000000,205.000000,15.000000,8.000000,18.000000,3.000000,5.000000,0.000000,6.000000,12.000000,2.000000,4.000000,0.000000,7.000000,15.000000,2.000000,5.000000,8097.000000,2266.000000,4820.000000,695.000000,601.000000,3.000000,
0.040348,0.772646,0.389928,0.225786,0.001298,-211036.014324,3.044466,2195607.000000,1874874.000000,3722527.000000,334752.000000,1282372.000000,1952.000000,539.000000,1146.000000,164.000000,144.000000,453.000000,125.000000,266.000000,38.000000,33.000000,2784.000000,769.000000,1633.000000,233.000000,205.000000,15.000000,8.000000,18.000000,3.000000,5.000000,0.000000,6.000000,12.000000,2.000000,4.000000,0.000000,7.000000,15.000000,2.000000,5.000000,8097.000000,2266.000000,4820.000000,695.000000,601.000000,3.000000,
0.040348,0.772646,0.389928,0.225786,0.001298,-211036.014324,3.044466,2195607.000000,1874874.000000,3722527.000000,334752.000000,1282372.000000,1952.000000,539.000000,1146.000000,164.000000,144.000000,453.000000,125.000000,266.000000,38.000000,33.000000,2784.000000,769.000000,1633.000000,233.000000,205.000000,15.000000,8.000000,18.000000,3.000000,5.000000,0.000000,6.000000,12.000000,2.000000,4.000000,0.000000,7.000000,15.000000,2.000000,5.000000,8097.000000,2266.000000,4820.000000,695.000000,601.000000,3.000000,
0.040348,0.772646,0.389928,0.225786,0.001298,-211036.014324,3.044466,2195607.000000,1874874.000000,3722527.000000,334752.000000,1282372.000000,1952.000000,539.000000,1146.000000,164.000000,144.000000,453.000000,125.000000,266.000000,38.000000,33.000000,2784.000000,769.000000,1633.000000,233.000000,205.000000,15.000000,8.000000,18.000000,3.000000,5.000000,0.000000,6.000000,12.000000,2.000000,4.000000,0.000000,7.000000,15.000000,2.000000,5.000000,8097.000000,2266.000000,4820.000000,695.000000,601.000000,3.000000,
0.040348,0.772646,0.389928,0.225786,0.001298,-211036.014324,3.044466,2195607.000000,1874874.000000,3722527.000000,334752.000000,1282372.000000,1952.000000,539.000000,1146.000000,164.000000,144.000000,453.000000,125.000000,266.000000,38.000000,33.000000,2784.000000,769.000000,1633.000000,233.000000,205.000000,15.000000,8.000000,18.000000,3.000000,5.000000,0.000000,6.000000,12.000000,2.000000,4.000000,0.000000,7.000000,15.000000,2.000000,5.000000,8097.000000,2266.000000,4820.000000,695.000000,601.000000,3.000000,
0.040348,0.772646,0.389928,0.225786,0.001298,-211036.014324,3.044466,2195607.000000,1874874.000000,3722527.000000,334752.000000,1282372.000000,1952.000000,539.000000,1146.000000,164.000000,144.000000,453.000000,125.000000,266.000000,38.000000,33.000000,2784.000000,769.000000,1633.000000,233.000000,205.000000,15.000000,8.000000,18.000000,3.000000,5.000000,0.000000,6.000000,12.000000,2.000000,4.000000,0.000000,7.000000,15.000000,2.000000,5.000000,8097.000000,2266.000000,4820.000000,695.000000,601.000000,3.000000,
0.040397,0.507907,0.389053,0.200121,0.001448,-210989.075013,3.046598,2195607.000000,1874874.000000,3722527.000000,334752.000000,1282372.000000,1952.000000,539.000000,1146.000000,164.000000,144.000000,453.000000,125.000000,266.000000,38.000000,33.000000,2784.000000,769.000000,1633.000000,233.000000,205.000000,15.000000,8.000000,18.000000,3.000000,5.000000,0.000000,6.000000,12.000000,2.000000,4.000000,0.000000,7.000000,15.000000,2.000000,5.000000,8097.000000,2266.000000,4820.000000,695.000000,601.000000,3.000000,
0.040397,0.507907,0.389053,0.200121,0.001448,-210989.075013,3.046598,2195607.000000,1874874.000000,3722527.000000,334752.000000,1282372.000000,1952.000000,539.000000,1146.000000,164.000000,144.000000,453.000000,125.000000,266.000000,38.000000,33.000000,2784.000000,769.000000,1633.000000,233.000000,205.000000,15.000000,8.000000,18.000000,3.000000,5.000000,0.000000,6.000000,12.000000,2.000000,4.000000,0.000000,7.000000,15.000000,2.000000,5.000000,8097.000000,2266.000000,4820.000000,695.000000,601.000000,3.000000,
0.040397,0.507907,0.389053,0.200121,0.001448,-210989.075013,3.046598,2195607.000000,1874874.000000,3722527.000000,334752.000000,1282372.000000,1952.000000,539.000000,1146.000000,164.000000,144.000000,453.000000,125.000000,266.000000,38.000000,33.000000,2784.000000,769.000000,1633.000000,233.000000,205.000000,15.000000,8.000000,18.000000,3.000000,5.000000,0.000000,6.000000,12.000000,2.000000,4.000000,0.000000,7.000000,15.000000,2.000000,5.000000,8097.000000,2266.000000,4820.000000,695.000000,601.000000,3.000000,
0.040397,0.507907,0.389053,0.200121,0.001448,-210989.075013,3.046598,2195607.000000,1874874.000000,3722527.000000,334752.000000,1282372.000000,1952.000000,539.000000,1146.000000,164.000000,144.000000,453.000000,125.000000,266.000000,38.000000,33.000000,2784.000000,769.000000,1633.000000,233.000000,205.000000,15.000000,8.000000,18.000000,3.000000,5.000000,0.000000,6.000000,12.000000,2.000000,4.000000,0.000000,7.000000,15.000000,2.000000,5.000000,8097.000000,2266.000000,4820.000000,695.000000,601.000000,3.000000,
0.040397,0.507907,0.389053,0.200121,0.001448,-210989.075013,3.046598,2195607.000000,1874874.000000,3722527.000000,334752.000000,1282372.000000,1952.000000,539.000000,1146.000000,164.000000,144.000000,453.000000,125.000000,266.000000,38.000000,33.000000,2784.000000,769.000000,1633.000000,233.000000,205.000000,15.000000,8.000000,18.000000,3.000000,5.000000,0.000000,6.000000,12.000000,2.000000,4.000000,0.000000,7.000000,15.000000,2.000000,5.000000,8097.000000,2266.000000,4820.000000,695.000000,601.000000,3.000000,
0.040397,0.507907,0.389053,0.200121,0.001448,-210989.075013,3.046598,2195607.000000,1874874.000000,3722527.000000,334752.000000,1282372.000000,1952.000000,539.000000,1146.000000,164.000000,144.000000,453.000000,125.000000,266.000000,38.000000,33.000000,2784.000000,769.000000,1633.000000,233.000000,205.000000,15.000000,8.000000,18.000000,3.000000,5.000000,0.000000,6.000000,12.000000,2.000000,4.000000,0.000000,7.000000,15.000000,2.000000,5.000000,8097.000000,2266.000000,4820.000000,695.000000,601.000000,3.000000,
0.040227,0.529083,0.400608,0.210633,0.001305,-211614.350934,3.054790,2195607.000000,1874874.000000,3722527.000000,334752.000000,1282372.000000,1952.000000,539.000000,1146.000000,164.000000,144.000000,453.000000,125.000000,266.000000,38.000000,33.000000,2784.000000,769.000000,1633.000000,233.000000,205.000000,15.000000,8.000000,18.000000,3.000000,5.000000,0.000000,6.000000,12.000000,2.000000,4.000000,0.000000,7.000000,15.000000,2.000000,5.000000,8097.000000,2266.000000,4820.000000,695.000000,601.000000,3.000000,
0.040227,0.529083,0.400608,0.210633,0.001305,-211614.350934,3.054790,2195607.000000,1874874.000000,3722527.000000,334752.000000,1282372.000000,1952.000000,539.000000,1146.000000,164.000000,144.000000,453.000000,125.000000,266.000000,38.000000,33.000000,2784.000000,769.000000,1633.000000,233.000000,205.000000,15.000000,8.000000,18.000000,3.000000,5.000000,0.000000,6.000000,12.000000,2.000000,4.000000,0.000000,7.000000,15.000000,2.000000,5.000000,8097.000000,2266.000000,4820.000000,695.000000,601.000000,3.000000,
0.040227,0.529083,0.400608,0.210633,0.001305,-211614.350934,3.054790,2195607.000000,1874874.000000,3722527.000000,334752.000000,1282372.000000,1952.000000,539.000000,1146.000000,164.000000,144.000000,453.000000,125.000000,266.000000,38.000000,33.000000,2784.000000,769.000000,1633.000000,233.000000,205.000000,15.000000,8.000000,18.000000,3.000000,5.000000,0.000000,6.000000,12.000000,2.000000,4.000000,0.000000,7.000000,15.000000,2.000000,5.000000,8097.000000,2266.000000,4820.000000,695.000000,601.000000,3.000000,
0.040227,0.529083,0.400608,0.210633,0.001305,-211614.350934,3.054790,2195607.000000,1874874.000000,3722527.000000,334752.000000,1282372.000000,1952.000000,539.000000,1146.000000,164.000000,144.000000,453.000000,125.000000,266.000000,38.000000,33.000000,2784.000000,769.000000,1633.000000,233.000000,205.000000,15.000000,8.000000,18.000000,3.000000,5.000000,0.000000,6.000000,12.000000,2.000000,4.000000,0.000000,7.000000,15.000000,2.000000,5.000000,8097.000000,2266.000000,4820.000000,695.000000,601.000000,3.000000,
0.040227,0.529083,0.400608,0.210633,0.001305,-211614.350934,3.054790,2195607.000000,1874874.000000,3722527.000000,334752.000000,1282372.000000,1952.000000,539.000000,1146.000000,164.000000,144.000000,453.000000,125.000000,266.000000,38.000000,33.000000,2784.000000,769.000000,1633.000000,233.000000,205.000000,15.000000,8.000000,18.000000,3.000000,5.000000,0.000000,6.000000,12.000000,2.000000,4.000000,0.000000,7.000000,15.000000,2.000000,5.000000,8097.000000,2266.000000,4820.000000,695.000000,601.000000,3.000000,
0.040227,0.529083,0.400608,0.210633,0.001305,-211614.350934,3.054790,2195607.000000,1874874.000000,3722527.000000,334752.000000,1282372.000000,1952.000000,539.000000,1146.000000,164.000000,144.000000,453.000000,125.000000,266.000000,38.000000,33.000000,2784.000000,769.000000,1633.000000,233.000000,205.000000,15.000000,8.000000,18.000000,3.000000,5.000000,0.000000,6.000000,12.000000,2.000000,4.000000,0.000000,7.000000,15.000000,2.000000,5.000000,8097.000000,2266.000000,4820.000000,695.000000,601.000000,3.000000,
0.040227,0.529083,0.400608,0.210633,0.001305,-211614.350934,3.054790,2195607.000000,1874874.000000,3722527.000000,334752.000000,1282372.000000,1952.000000,539.000000,1146.000000,164.000000,144.000000,453.000000,125.000000,266.000000,38.000000,33.000000,2784.000000,769.000000,1633.000000,233.000000,205.000000,15.000000,8.000000,18.000000,3.000000,5.000000,0.000000,6.000000,12.000000,2.000000,4.000000,0.000000,7.000000,15.000000,2.000000,5.000000,8097.000000,2266.000000,4820.000000,695.000000,601.000000,3.000000,
0.040227,0.529083,0.400608,0.210633,0.001305,-211614.350934,3.054790,2195607.000000,1874874.000000,3722527.000000,334752.000000,1282372.000000,1952.000000,539.000000,1146.000000,164.000000,144.000000,453.000000,125.000000,266.000000,38.000000,33.000000,2784.000000,769.000000,1633.000000,233.000000,205.000000,15.000000,8.000000,18.000000,3.000000,5.000000,0.000000,6.000000,12.000000,2.000000,4.000000,0.000000,7.000000,15.000000,2.000000,5.000000,8097.000000,2266.000000,4820.000000,695.000000,601.000000,3.000000,
0.040334,0.680456,0.391252,0.197673,0.001507,-211107.303693,3.045836,2195607.000000,1874874.000000,3722527.000000,334752.000000,1282372.000000,1952.000000,539.000000,1146.000000,164.000000,144.000000,453.000000,125.000000,266.000000,38.000000,33.000000,2784.000000,769.000000,1633.000000,233.000000,205.000000,15.000000,8.000000,18.000000,3.000000,5.000000,0.000000,6.000000,12.000000,2.000000,4.000000,0.000000,7.000000,15.000000,2.000000,5.000000,8097.000000,2266.000000,4820.000000,695.000000,601.000000,3.000000,
0.040583,0.928369,0.375669,0.257430,0.001843,-210276.211419,3.036119,2195607.000000,1874874.000000,3722527.000000,334752.000000,1282372.000000,1952.000000,539.000000,1146.000000,164.000000,144.000000,453.000000,125.000000,266.000000,38.000000,33.000000,2784.000000,769.000000,1633.000000,233.000000,205.000000,15.000000,8.000000,18.000000,3.000000,5.000000,0.000000,6.000000,12.000000,2.000000,4.000000,0.000000,7.000000,15.000000,2.000000,5.000000,8097.000000,2266.000000,4820.000000,695.000000,601.000000,3.000000,
0.040595,0.683812,0.373319,0.256189,0.002321,-210152.242841,3.032703,2195607.000000,1874874.000000,3722527.000000,334752.000000,1282372.000000,1952.000000,539.000000,1146.000000,164.000000,144.000000,453.000000,125.000000,266.000000,38.000000,33.000000,2784.000000,769.000000,1633.000000,233.000000,205.000000,15.000000,8.000000,18.000000,3.000000,5.000000,0.000000,6.000000,12.000000,2.000000,4.000000,0.000000,7.000000,15.000000,2.000000,5.000000,8097.000000,2266.000000,4820.000000,695.000000,601.000000,3.000000,
0.040595,0.683812,0.373319,0.256189,0.002321,-210152.242841,3.032703,2195607.000000,1874874.000000,3722527.000000,334752.000000,1282372.000000,1952.000000,539.000000,1146.000000,164.000000,144.000000,453.000000,125.000000,266.000000,38.000000,33.000000,2784.000000,769.000000,1633.000000,233.000000,205.000000,15.000000,8.000000,18.000000,3.000000,5.000000,0.000000,6.000000,12.000000,2.000000,4.000000,0.000000,7.000000,15.000000,2.000000,5.000000,8097.000000,2266.000000,4820.000000,695.000000,601.000000,3.000000,
0.040595,0.683812,0.373319,0.256189,0.002321,-210152.242841,3.032703,2195607.000000,1874874.000000,3722527.000000,334752.000000,1282372.000000,1952.000000,539.000000,1146.000000,164.000000,144.000000,453.000000,125.000000,266.000000,38.000000,33.000000,2784.000000,769.000000,1633.000000,233.000000,205.000000,15.000000,8.000000,18.000000,3.000000,5.000000,0.000000,6.000000,12.000000,2.000000,4.000000,0.000000,7.000000,15.000000,2.000000,5.000000,8097.000000,2266.000000,4820.000000,695.000000,601.000000,3.000000,
0.040595,0.683812,0.373319,0.256189,0.002321,-210152.242841,3.032703,2195607.000000,1874874.000000,3722527.000000,334752.000000,1282372.000000,1952.000000,539.000000,1146.000000,164.000000,144.000000,453.000000,125.000000,266.000000,38.000000,33.000000,2784.000000,769.000000,1633.000000,233.000000,205.000000,15.000000,8.000000,18.000000,3.000000,5.000000,0.000000,6.000000,12.000000,2.000000,4.000000,0.000000,7.000000,15.000000,2.000000,5.000000,8097.000000,2266.000000,4820.000000,695.000000,601.000000,3.000000,
0.040484,0.923947,0.381397,0.229729,0.002646,-210579.761658,3.039166,2195607.000000,1874874.000000,3722527.000000,334752.000000,1282372.000000,1952.000000,539.000000,1146.000000,164.000000,144.000000,453.000000,125.000000,266.000000,38.000000,33.000000,2784.000000,769.000000,1633.000000,233.000000,205.000000,15.000000,8.000000,18.000000,3.000000,5.000000,0.000000,6.000000,12.000000,2.000000,4.000000,0.000000,7.000000,15.000000,2.000000,5.000000,8097.000000,2266.000000,4820.000000,695.000000,601.000000,3.000000,
0.040484,0.923947,0.381397,0.229729,0.002646,-210579.761658,3.039166,2195607.000000,1874874.000000,3722527.000000,334752.000000,1282372.000000,1952.000000,539.000000,1146.000000,164.000000,144.000000,453.000000,125.000000,266.000000,38.000000,33.000000,2784.000000,769.000000,1633.000000,233.000000,205.000000,15.000000,8.000000,18.000000,3.000000,5.000000,0.000000,6.000000,12.000000,2.000000,4.000000,0.000000,7.000000,15.000000,2.000000,5.000000,8097.000000,2266.000000,4820.000000,695.000000,601.000000,3.000000,
0.040515,0.578442,0.378709,0.196268,0.002999,-210437.008416,3.036615,2195607.000000,1874874.000000,3722527.000000,334752.000000,1282372.000000,1952.000000,539.000000,1146.000000,164.000000,144.000000,453.000000,125.000000,266.000000,38.000000,33.000000,2784.000000,769.000000,1633.000000,233.000000,205.000000,15.000000,8.000000,18.000000,3.000000,5.000000,0.000000,6.000000,12.000000,2.000000,4.000000,0.000000,7.000000,15.000000,2.000000,5.000000,8097.000000,2266.000000,4820.000000,695.000000,601.000000,3.000000,
0.040515,0.578442,0.378709,0.196268,0.002999,-210437.008416,3.036615,2195607.000000,1874874.000000,3722527.000000,334752.000000,1282372.000000,1952.000000,539.000000,1146.000000,164.000000,144.000000,453.000000,125.000000,266.000000,38.000000,33.000000,2784.000000,769.000000,1633.000000,233.000000,205.000000,15.000000,8.000000,18.000000,3.000000,5.000000,0.000000,6.000000,12.000000,2.000000,4.000000,0.000000,7.000000,15.000000,2.000000,5.000000,8097.000000,2266.000000,4820.000000,695.000000,601.000000,3.000000,
0.040515,0.578442,0.378709,0.196268,0.002999,-210437.008416,3.036615,2195607.000000,1874874.000000,3722527.000000,334752.000000,1282372.000000,1952.000000,539.000000,1146.000000,164.000000,144.000000,453.000000,125.000000,266.000000,38.000000,33.000000,2784.000000,769.000000,1633.000000,233.000000,205.000000,15.000000,8.000000,18.000000,3.000000,5.000000,0.000000,6.000000,12.000000,2.000000,4.000000,0.000000,7.000000,15.000000,2.000000,5.000000,8097.000000,2266.000000,4820.000000,695.000000,601.000000,3.000000,
0.040515,0.578442,0.378709,0.196268,0.002999,-210437.008416,3.036615,2195607.000000,1874874.000000,3722527.000000,334752.000000,1282372.000000,1952.000000,539.000000,1146.000000,164.000000,144.000000,453.000000,125.000000,266.000000,38.000000,33.000000,2784.000000,769.000000,1633.000000,233.000000,205.000000,15.000000,8.000000,18.000000,3.000000,5.000000,0.000000,6.000000,12.000000,2.000000,4.000000,0.000000,7.000000,15.000000,2.000000,5.000000,8097.000000,2266.000000,4820.000000,695.000000,601.000000,3.000000,
0.040515,0.578442,0.378709,0.196268,0.002999,-210437.008416,3.036615,2195607.000000,1874874.000000,3722527.000000,334752.000000,1282372.000000,1952.000000,539.000000,1146.000000,164.000000,144.000000,453.000000,125.000000,266.000000,38.000000,33.000000,2784.000000,769.000000,1633.000000,233.000000,205.000000,15.000000,8.000000,18.000000,3.000000,5.000000,0.000000,6.000000,12.000000,2.000000,4.000000,0.000000,7.000000,15.000000,2.000000,5.000000,8097.000000,2266.000000,4820.000000,695.000000,601.000000,3.000000,
0.040515,0.578442,0.378709,0.196268,0.002999,-210437.008416,3.036615,2195607.000000,1874874.000000,3722527.000000,334752.000000,1282372.000000,1952.000000,539.000000,1146.000000,164.000000,144.000000,453.000000,125.000000,266.000000,38.000000,33.000000,2784.000000,769.000000,1633.000000,233.000000,205.000000,15.000000,8.000000,18.000000,3.000000,5.000000,0.000000,6.000000,12.000000,2.000000,4.000000,0.000000,7.000000,15.000000,2.000000,5.000000,8097.000000,2266.000000,4820.000000,695.000000,601.000000,3.000000,
0.040515,0.578442,0.378709,0.196268,0.002999,-210437.008416,3.036615,2195607.000000,1874874.000000,3722527.000000,334752.000000,1282372.000000,1952.000000,539.000000,1146.000000,164.000000,144.000000,453.000000,125.000000,266.000000,38.000000,33.000000,2784.000000,769.000000,1633.000000,233.000000,205.000000,15.000000,8.000000,18.000000,3.000000,5.000000,0.000000,6.000000,12.000000,2.000000,4.000000,0.000000,7.000000,15.000000,2.000000,5.000000,8097.000000,2266.000000,4820.000000,695.000000,601.000000,3.000000,
0.040515,0.578442,0.378709,0.196268,0.002999,-210437.008416,3.036615,2195607.000000,1874874.000000,3722527.000000,334752.000000,1282372.000000,1952.000000,539.000000,1146.000000,164.000000,144.000000,453.000000,125.000000,266.000000,38.000000,33.000000,2784.000000,769.000000,1633.000000,233.000000,205.000000,15.000000,8.000000,18.000000,3.000000,5.000000,0.000000,6.000000,12.000000,2.000000,4.000000,0.000000,7.000000,15.000000,2.000000,5.000000,8097.000000,2266.000000,4820.000000,695.000000,601.000000,3.000000,
0.040515,0.578442,0.378709,0.196268,0.002999,-210437.008416,3.036615,2195607.000000,1874874.000000,3722527.000000,334752.000000,1282372.000000,1952.000000,539.000000,1146.000000,164.000000,144.000000,453.000000,125.000000,266.000000,38.000000,33.000000,2784.000000,769.000000,1633.000000,233.000000,205.000000,15.000000,8.000000,18.000000,3.000000,5.000000,0.000000,6.000000,12.000000,2.000000,4.000000,0.000000,7.000000,15.000000,2.000000,5.000000,8097.000000,2266.000000,4820.000000,695.000000,601.000000,3.000000,
0.040515,0.578442,0.378709,0.196268,0.002999,-210437.008416,3.036615,2195607.000000,1874874.000000,3722527.000000,334752.000000,1282372.000000,1952.000000,539.000000,1146.000000,164.000000,144.000000,453.000000,125.000000,266.000000,38.000000,33.000000,2784.000000,769.000000,1633.000000,233.000000,205.000000,15.000000,8.000000,18.000000,3.000000,5.000000,0.000000,6.000000,12.000000,2.000000,4.000000,0.000000,7.000000,15.000000,2.000000,5.000000,8097.000000,2266.000000,4820.000000,695.000000,601.000000,3.000000,
0.040515,0.578442,0.378709,0.196268,0.002999,-210437.008416,3.036615,2195607.000000,1874874.000000,3722527.000000,334752.000000,1282372.000000,1952.000000,539.000000,1146.000000,164.000000,144.000000,453.000000,125.000000,266.000000,38.000000,33.000000,2784.000000,769.000000,1633.000000,233.000000,205.000000,15.000000,8.000000,18.000000,3.000000,5.000000,0.000000,6.000000,12.000000,2.000000,4.000000,0.000000,7.000000,15.000000,2.000000,5.000000,8097.000000,2266.000000,4820.000000,695.000000,601.000000,3.000000,
0.040515,0.578442,0.378709,0.196268,0.002999,-210437.008416,3.036615,2195607.000000,1874874.000000,3722527.000000,334752.000000,1282372.000000,1952.000000,539.000000,1146.000000,164.000000,144.000000,453.000000,125.000000,266.000000,38.000000,33.000000,2784.000000,769.000000,1633.000000,233.000000,205.000000,15.000000,8.000000,18.000000,3.000000,5.000000,0.000000,6.000000,12.000000,2.000000,4.000000,0.000000,7.000000,15.000000,2.000000,5.000000,8097.000000,2266.000000,4820.000000,695.000000,601.000000,3.000000,
0.040637,0.608159,0.370512,0.240104,0.002950,-210004.723842,3.030654,2195607.000000,1874874.000000,3722527.000000,334752.000000,1282372.000000,1952.000000,539.000000,1146.000000,164.000000,144.000000,453.000000,125.000000,266.000000,38.000000,33.000000,2784.000000,769.000000,1633.000000,233.000000,205.000000,15.000000,8.000000,18.000000,3.000000,5.000000,0.000000,6.000000,12.000000,2.000000,4.000000,0.000000,7.000000,15.000000,2.000000,5.000000,8097.000000,2266.000000,4820.000000,695.000000,601.000000,3.000000,
0.040637,0.608159,0.370512,0.240104,0.002950,-210004.723842,3.030654,2195607.000000,1874874.000000,3722527.000000,334752.000000,1282372.000000,1952.000000,539.000000,1146.000000,164.000000,144.000000,453.000000,125.000000,266.000000,38.000000,33.000000,2784.000000,769.000000,1633.000000,233.000000,205.000000,15.000000,8.000000,18.000000,3.000000,5.000000,0.000000,6.000000,12.000000,2.000000,4.000000,0.000000,7.000000,15.000000,2.000000,5.000000,8097.000000,2266.000000,4820.000000,695.000000,601.000000,3.000000,
0.040637,0.608159,0.370512,0.240104,0.002950,-210004.723842,3.030654,2195607.000000,1874874.000000,3722527.000000,334752.000000,1282372.000000,1952.000000,539.000000,1146.000000,164.000000,144.000000,453.000000,125.000000,266.000000,38.000000,33.000000,2784.000000,769.000000,1633.000000,233.000000,205.000000,15.000000,8.000000,18.000000,3.000000,5.000000,0.000000,6.000000,12.000000,2.000000,4.000000,0.000000,7.000000,15.000000,2.000000,5.000000,8097.000000,2266.000000,4820.000000,695.000000,601.000000,3.000000,
0.040637,0.608159,0.370512,0.240104,0.002950,-210004.723842,3.030654,2195607.000000,1874874.000000,3722527.000000,334752.000000,1282372.000000,1952.000000,539.000000,1146.000000,164.000000,144.000000,453.000000,125.000000,266.000000,38.000000,33.000000,2784.000000,769.000000,1633.000000,233.000000,205.000000,15.000000,8.000000,18.000000,3.000000,5.000000,0.000000,6.000000,12.000000,2.000000,4.000000,0.000000,7.000000,15.000000,2.000000,5.000000,8097.000000,2266.000000,4820.000000,695.000000,601.000000,3.000000,
0.040637,0.608159,0.370512,0.240104,0.002950,-210004.723842,3.030654,2195607.000000,1874874.000000,3722527.000000,334752.000000,1282372.000000,1952.000000,539.000000,1146.000000,164.000000,144.000000,453.000000,125.000000,266.000000,38.000000,33.000000,2784.000000,769.000000,1633.000000,233.000000,205.000000,15.000000,8.000000,18.000000,3.000000,5.000000,0.000000,6.000000,12.000000,2.000000,4.000000,0.000000,7.000000,15.000000,2.000000,5.000000,8097.000000,2266.000000,4820.000000,695.000000,601.000000,3.000000,
0.040637,0.608159,0.370512,0.240104,0.002950,-210004.723842,3.030654,2195607.000000,1874874.000000,3722527.000000,334752.000000,1282372.000000,1952.000000,539.000000,1146.000000,164.000000,144.000000,453.000000,125.000000,266.000000,38.000000,33.000000,2784.000000,769.000000,1633.000000,233.000000,205.000000,15.000000,8.000000,18.000000,3.000000,5.000000,0.000000,6.000000,12.000000,2.000000,4.000000,0.000000,7.000000,15.000000,2.000000,5.000000,8097.000000,2266.000000,4820.000000,695.000000,601.000000,3.000000,
0.040637,0.608159,0.370512,0.240104,0.002950,-210004.723842,3.030654,2195607.000000,1874874.000000,3722527.000000,334752.000000,1282372.000000,1952.000000,539.000000,1146.000000,164.000000,144.000000,453.000000,125.000000,266.000000,38.000000,33.000000,2784.000000,769.000000,1633.000000,233.000000,205.000000,15.000000,8.000000,18.000000,3.000000,5.000000,0.000000,6.000000,12.000000,2.000000,4.000000,0.000000,7.000000,15.000000,2.000000,5.000000,8097.000000,2266.000000,4820.000000,695.000000,601.000000,3.000000,
0.040637,0.608159,0.370512,0.240104,0.002950,-210004.723842,3.030654,2195607.000000,1874874.000000,3722527.000000,334752.000000,1282372.000000,1952.000000,539.000000,1146.000000,164.000000,144.000000,453.000000,125.000000,266.000000,38.000000,33.000000,2784.000000,769.000000,1633.000000,233.000000,205.000000,15.000000,8.000000,18.000000,3.000000,5.000000,0.000000,6.000000,12.000000,2.000000,4.000000,0.000000,7.000000,15.000000,2.000000,5.000000,8097.000000,2266.000000,4820.000000,695.000000,601.000000,3.000000,
0.040637,0.608159,0.370512,0.240104,0.002950,-210004.723842,3.030654,2195607.000000,1874874.000000,3722527.000000,334752.000000,1282372.000000,1952.000000,539.000000,1146.000000,164.000000,144.000000,453.000000,125.000000,266.000000,38.000000,33.000000,2784.000000,769.000000,1633.000000,233.000000,205.000000,15.000000,8.000000,18.000000,3.000000,5.000000,0.000000,6.000000,12.000000,2.000000,4.000000,0.000000,7.000000,15.000000,2.000000,5.000000,8097.000000,2266.000000,4820.000000,695.000000,601.000000,3.000000,
0.040637,0.608159,0.370512,0.240104,0.002950,-210004.723842,3.030654,2195607.000000,1874874.000000,3722527.000000,334752.000000,1282372.000000,1952.000000,539.000000,1146.000000,164.000000,144.000000,453.000000,125.000000,266.000000,38.000000,33.000000,2784.000000,769.000000,1633.000000,233.000000,205.000000,15.000000,8.000000,18.000000,3.000000,5.000000,0.000000,6.000000,12.000000,2.000000,4.000000,0.000000,7.000000,15.000000,2.000000,5.000000,8097.000000,2266.000000,4820.000000,695.000000,601.000000,3.000000,
0.040637,0.608159,0.370512,0.240104,0.002950,-210004.723842,3.030654,2195607.000000,1874874.000000,3722527.000000,334752.000000,1282372.000000,1952.000000,539.000000,1146.000000,164.000000,144.000000,453.000000,125.000000,266.000000,38.000000,33.000000,2784.000000,769.000000,1633.000000,233.000000,205.000000,15.000000,8.000000,18.000000,3.000000,5.000000,0.000000,6.000000,12.000000,2.000000,4.000000,0.000000,7.000000,15.000000,2.000000,5.000000,8097.000000,2266.000000,4820.000000,695.000000,601.000000,3.000000,
0.040637,0.608159,0.370512,0.240104,0.002950,-210004.723842,3.030654,2195607.000000,1874874.000000,3722527.000000,334752.000000,1282372.000000,1952.000000,539.000000,1146.000000,164.000000,144.000000,453.000000,125.000000,266.000000,38.000000,33.000000,2784.000000,769.000000,1633.000000,233.000000,205.000000,15.000000,8.000000,18.000000,3.000000,5.000000,0.000000,6.000000,12.000000,2.000000,4.000000,0.000000,7.000000,15.000000,2.000000,5.000000,8097.000000,2266.000000,4820.000000,695.000000,601.000000,3.000000,
0.040637,0.608159,0.370512,0.240104,0.002950,-210004.723842,3.030654,2195607.000000,1874874.000000,3722527.000000,334752.000000,1282372.000000,1952.000000,539.000000,1146.000000,164.000000,144.000000,453.000000,125.000000,266.000000,38.000000,33.000000,2784.000000,769.000000,1633.000000,233.000000,205.000000,15.000000,8.000000,18.000000,3.000000,5.000000,0.000000,6.000000,12.000000,2.000000,4.000000,0.000000,7.000000,15.000000,2.000000,5.000000,8097.000000,2266.000000,4820.000000,695.000000,601.000000,3.000000,
0.040637,0.608159,0.370512,0.240104,0.002950,-210004.723842,3.030654,2195607.000000,1874874.000000,3722527.000000,334752.000000,1282372.000000,1952.000000,539.000000,1146.000000,164.000000,144.000000,453.000000,125.000000,266.000000,38.000000,33.000000,2784.000000,769.000000,1633.000000,233.000000,205.000000,15.000000,8.000000,18.000000,3.000000,5.000000,0.000000,6.000000,12.000000,2.000000,4.000000,0.000000,7.000000,15.000000,2.000000,5.000000,8097.000000,2266.000000,4820.000000,695.000000,601.000000,3.000000,
0.040626,0.675585,0.368937,0.235607,0.002373,-209922.109601,3.027015,2195607.000000,1874874.000000,3722527.000000,334752.000000,1282372.000000,1952.000000,539.000000,1146.000000,164.000000,144.000000,453.000000,125.000000,266.000000,38.000000,33.000000,2784.000000,769.000000,1633.000000,233.000000,205.000000,15.000000,8.000000,18.000000,3.000000,5.000000,0.000000,6.000000,12.000000,2.000000,4.000000,0.000000,7.000000,15.000000,2.000000,5.000000,8097.000000,2266.000000,4820.000000,695.000000,601.000000,3.000000,
0.040626,0.675585,0.368937,0.235607,0.002373,-209922.109601,3.027015,2195607.000000,1874874.000000,3722527.000000,334752.000000,1282372.000000,1952.000000,539.000000,1146.000000,164.000000,144.000000,453.000000,125.000000,266.000000,38.000000,33.000000,2784.000000,769.000000,1633.000000,233.000000,205.000000,15.000000,8.000000,18.000000,3.000000,5.000000,0.000000,6.000000,12.000000,2.000000,4.000000,0.000000,7.000000,15.000000,2.000000,5.000000,8097.000000,2266.000000,4820.000000,695.000000,601.000000,3.000000,
0.040626,0.675585,0.368937,0.235607,0.002373,-209922.109601,3.027015,2195607.000000,1874874.000000,3722527.000000,334752.000000,1282372.000000,1952.000000,539.000000,1146.000000,164.000000,144.000000,453.000000,125.000000,266.000000,38.000000,33.000000,2784.000000,769.000000,1633.000000,233.000000,205.000000,15.000000,8.000000,18.000000,3.000000,5.000000,0.000000,6.000000,12.000000,2.000000,4.000000,0.000000,7.000000,15.000000,2.000000,5.000000,8097.000000,2266.000000,4820.000000,695.000000,601.000000,3.000000,
0.040626,0.675585,0.368937,0.235607,0.002373,-209922.109601,3.027015,2195607.000000,1874874.000000,3722527.000000,334752.000000,1282372.000000,1952.000000,539.000000,1146.000000,164.000000,144.000000,453.000000,125.000000,266.000000,38.000000,33.000000,2784.000000,769.000000,1633.000000,233.000000,205.000000,15.000000,8.000000,18.000000,3.000000,5.000000,0.000000,6.000000,12.000000,2.000000,4.000000,0.000000,7.000000,15.000000,2.000000,5.000000,8097.000000,2266.000000,4820.000000,695.000000,601.000000,3.000000,
0.040626,0.675585,0.368937,0.235607,0.002373,-209922.109601,3.027015,2195607.000000,1874874.000000,3722527.000000,334752.000000,1282372.000000,1952.000000,539.000000,1146.000000,164.000000,144.000000,453.000000,125.000000,266.000000,38.000000,33.000000,2784.000000,769.000000,1633.000000,233.000000,205.000000,15.000000,8.000000,18.000000,3.000000,5.000000,0.000000,6.000000,12.000000,2.000000,4.000000,0.000000,7.000000,15.000000,2.000000,5.000000,8097.000000,2266.000000,4820.000000,695.000000,601.000000,3.000000,
0.040626,0.675585,0.368937,0.235607,0.002373,-209922.109601,3.027015,2195607.000000,1874874.000000,3722527.000000,334752.000000,1282372.000000,1952.000000,539.000000,1146.000000,164.000000,144.000000,453.000000,125.000000,266.000000,38.000000,33.000000,2784.000000,769.000000,1633.000000,233.000000,205.000000,15.000000,8.000000,18.000000,3.000000,5.000000,0.000000,6.000000,12.000000,2.000000,4.000000,0.000000,7.000000,15.000000,2.000000,5.000000,8097.000000,2266.000000,4820.000000,695.000000,601.000000,3.000000,
0.040626,0.675585,0.368937,0.235607,0.002373,-209922.109601,3.027015,2195607.000000,1874874.000000,3722527.000000,334752.000000,1282372.000000,1952.000000,539.000000,1146.000000,164.000000,144.000000,453.000000,125.000000,266.000000,38.000000,33.000000,2784.000000,769.000000,1633.000000,233.000000,205.000000,15.000000,8.000000,18.000000,3.000000,5.000000,0.000000,6.000000,12.000000,2.000000,4.000000,0.000000,7.000000,15.000000,2.000000,5.000000,8097.000000,2266.000000,4820.000000,695.000000,601.000000,3.000000,
0.040626,0.675585,0.368937,0.235607,0.002373,-209922.109601,3.027015,2195607.000000,1874874.000000,3722527.000000,334752.000000,1282372.000000,1952.000000,539.000000,1146.000000,164.000000,144.000000,453.000000,125.000000,266.000000,38.000000,33.000000,2784.000000,769.000000,1633.000000,233.000000,205.000000,15.000000,8.000000,18.000000,3.000000,5.000000,0.000000,6.000000,12.000000,2.000000,4.000000,0.000000,7.000000,15.000000,2.000000,5.000000,8097.000000,2266.000000,4820.000000,695.000000,601.000000,3.000000,
0.040626,0.675585,0.368937,0.235607,0.002373,-209922.109601,3.027015,2195607.000000,1874874.000000,3722527.000000,334752.000000,1282372.000000,1952.000000,539.000000,1146.000000,164.000000,144.000000,453.000000,125.000000,266.000000,38.000000,33.000000,2784.000000,769.000000,1633.000000,233.000000,205.000000,15.000000,8.000000,18.000000,3.000000,5.000000,0.000000,6.000000,12.000000,2.000000,4.000000,0.000000,7.000000,15.000000,2.000000,5.000000,8097.000000,2266.000000,4820.000000,695.000000,601.000000,3.000000,
0.040626,0.675585,0.368937,0.235607,0.002373,-209922.109601,3.027015,2195607.000000,1874874.000000,3722527.000000,334752.000000,1282372.000000,1952.000000,539.000000,1146.000000,164.000000,144.000000,453.000000,125.000000,266.000000,38.000000,33.000000,2784.000000,769.000000,1633.000000,233.000000,205.000000,15.000000,8.000000,18.000000,3.000000,5.000000,0.000000,6.000000,12.000000,2.000000,4.000000,0.000000,7.000000,15.000000,2.000000,5.000000,8097.000000,2266.000000,4820.000000,695.000000,601.000000,3.000000,
0.040626,0.675585,0.368937,0.235607,0.002373,-209922.109601,3.027015,2195607.000000,1874874.000000,3722527.000000,334752.000000,1282372.000000,1952.000000,539.000000,1146.000000,164.000000,144.000000,453.000000,125.000000,266.000000,38.000000,33.000000,2784.000000,769.000000,1633.000000,233.000000,205.000000,15.000000,8.000000,18.000000,3.000000,5.000000,0.000000,6.000000,12.000000,2.000000,4.000000,0.000000,7.000000,15.000000,2.000000,5.000000,8097.000000,2266.000000,4820.000000,695.000000,601.000000,3.000000,
0.040626,0.675585,0.368937,0.235607,0.002373,-209922.109601,3.027015,2195607.000000,1874874.000000,3722527.000000,334752.000000,1282372.000000,1952.000000,539.000000,1146.000000,164.000000,144.000000,453.000000,125.000000,266.000000,38.000000,33.000000,2784.000000,769.000000,1633.000000,233.000000,205.000000,15.000000,8.000000,18.000000,3.000000,5.000000,0.000000,6.000000,12.000000,2.000000,4.000000,0.000000,7.000000,15.000000,2.000000,5.000000,8097.000000,2266.000000,4820.000000,695.000000,601.000000,3.000000,
0.040626,0.675585,0.368937,0.235607,0.002373,-209922.109601,3.027015,2195607.000000,1874874.000000,3722527.000000,334752.000000,1282372.000000,1952.000000,539.000000,1146.000000,164.000000,144.000000,453.000000,125.000000,266.000000,38.000000,33.000000,2784.000000,769.000000,1633.000000,233.000000,205.000000,15.000000,8.000000,18.000000,3.000000,5.000000,0.000000,6.000000,12.000000,2.000000,4.000000,0.000000,7.000000,15.000000,2.000000,5.000000,8097.000000,2266.000000,4820.000000,695.000000,601.000000,3.000000,
0.040626,0.675585,0.368937,0.235607,0.002373,-209922.109601,3.027015,2195607.000000,1874874.000000,3722527.000000,334752.000000,1282372.000000,1952.000000,539.000000,1146.000000,164.000000,144.000000,453.000000,125.000000,266.000000,38.000000,33.000000,2784.000000,769.000000,1633.000000,233.000000,205.000000,15.000000,8.000000,18.000000,3.000000,5.000000,0.000000,6.000000,12.000000,2.000000,4.000000,0.000000,7.000000,15.000000,2.000000,5.000000,8097.000000,2266.000000,4820.000000,695.000000,601.000000,3.000000,
0.040626,0.675585,0.368937,0.235607,0.002373,-209922.109601,3.027015,2195607.000000,1874874.000000,3722527.000000,334752.000000,1282372.000000,1952.000000,539.000000,1146.000000,164.000000,144.000000,453.000000,125.000000,266.000000,38.000000,33.000000,2784.000000,769.000000,1633.000000,233.000000,205.000000,15.000000,8.000000,18.000000,3.000000,5.000000,0.000000,6.000000,12.000000,2.000000,4.000000,0.000000,7.000000,15.000000,2.000000,5.000000,8097.000000,2266.000000,4820.000000,695.000000,601.000000,3.000000,
0.040626,0.675585,0.368937,0.235607,0.002373,-209922.109601,3.027015,2195607.000000,1874874.000000,3722527.000000,334752.000000,1282372.000000,1952.000000,539.000000,1146.000000,164.000000,144.000000,453.000000,125.000000,266.000000,38.000000,33.000000,2784.000000,769.000000,1633.000000,233.000000,205.000000,15.000000,8.000000,18.000000,3.000000,5.000000,0.000000,6.000000,12.000000,2.000000,4.000000,0.000000,7.000000,15.000000,2.000000,5.000000,8097.000000,2266.000000,4820.000000,695.000000,601.000000,3.000000,
0.040626,0.675585,0.368937,0.235607,0.002373,-209922.109601,3.027015,2195607.000000,1874874.000000,3722527.000000,334752.000000,1282372.000000,1952.000000,539.000000,1146.000000,164.000000,144.000000,453.000000,125.000000,266.000000,38.000000,33.000000,2784.000000,769.000000,1633.000000,233.000000,205.000000,15.000000,8.000000,18.000000,3.000000,5.000000,0.000000,6.000000,12.000000,2.000000,4.000000,0.000000,7.000000,15.000000,2.000000,5.000000,8097.000000,2266.000000,4820.000000,695.000000,601.000000,3.000000,
0.040626,0.675585,0.368937,0.235607,0.002373,-209922.109601,3.027015,2195607.000000,1874874.000000,3722527.000000,334752.000000,1282372.000000,1952.000000,539.000000,1146.000000,164.000000,144.000000,453.000000,125.000000,266.000000,38.000000,33.000000,2784.000000,769.000000,1633.000000,233.000000,205.000000,15.000000,8.000000,18.000000,3.000000,5.000000,0.000000,6.000000,12.000000,2.000000,4.000000,0.000000,7.000000,15.000000,2.000000,5.000000,8097.000000,2266.000000,4820.000000,695.000000,601.000000,3.000000,
0.040626,0.675585,0.368937,0.235607,0.002373,-209922.109601,3.027015,2195607.000000,1874874.000000,3722527.000000,334752.000000,1282372.000000,1952.000000,539.000000,1146.000000,164.000000,144.000000,453.000000,125.000000,266.000000,38.000000,33.000000,2784.000000,769.000000,1633.000000,233.000000,205.000000,15.000000,8.000000,18.000000,3.000000,5.000000,0.000000,6.000000,12.000000,2.000000,4.000000,0.000000,7.000000,15.000000,2.000000,5.000000,8097.000000,2266.000000,4820.000000,695.000000,601.000000,3.000000,
0.040626,0.675585,0.368937,0.235607,0.002373,-209922.109601,3.027015,2195607.000000,1874874.000000,3722527.000000,334752.000000,1282372.000000,1952.000000,539.000000,1146.000000,164.000000,144.000000,453.000000,125.000000,266.000000,38.000000,33.000000,2784.000000,769.000000,1633.000000,233.000000,205.000000,15.000000,8.000000,18.000000,3.000000,5.000000,0.000000,6.000000,12.000000,2.000000,4.000000,0.000000,7.000000,15.000000,2.000000,5.000000,8097.000000,2266.000000,4820.000000,695.000000,601.000000,3.000000,
0.040626,0.675585,0.368937,0.235607,0.002373,-209922.109601,3.027015,2195607.000000,1874874.000000,3722527.000000,334752.000000,1282372.000000,1952.000000,539.000000,1146.000000,164.000000,144.000000,453.000000,125.000000,266.000000,38.000000,33.000000,2784.000000,769.000000,1633.000000,233.000000,205.000000,15.000000,8.000000,18.000000,3.000000,5.000000,0.000000,6.000000,12.000000,2.000000,4.000000,0.000000,7.000000,15.000000,2.000000,5.000000,8097.000000,2266.000000,4820.000000,695.000000,601.000000,3.000000,
0.040626,0.675585,0.368937,0.235607,0.002373,-209922.109601,3.027015,2195607.000000,1874874.000000,3722527.000000,334752.000000,1282372.000000,1952.000000,539.000000,1146.000000,164.000000,144.000000,453.000000,125.000000,266.000000,38.000000,33.000000,2784.000000,769.000000,1633.000000,233.000000,205.000000,15.000000,8.000000,18.000000,3.000000,5.000000,0.000000,6.000000,12.000000,2.000000,4.000000,0.000000,7.000000,15.000000,2.000000,5.000000,8097.000000,2266.000000,4820.000000,695.000000,601.000000,3.000000,
0.040626,0.675585,0.368937,0.235607,0.002373,-209922.109601,3.027015,2195607.000000,1874874.000000,3722527.000000,334752.000000,1282372.000000,1952.000000,539.000000,1146.000000,164.000000,144.000000,453.000000,125.000000,266.000000,38.000000,33.000000,2784.000000,769.000000,1633.000000,233.000000,205.000000,15.000000,8.000000,18.000000,3.000000,5.000000,0.000000,6.000000,12.000000,2.000000,4.000000,0.000000,7.000000,15.000000,2.000000,5.000000,8097.000000,2266.000000,4820.000000,695.000000,601.000000,3.000000,
0.040626,0.675585,0.368937,0.235607,0.002373,-209922.109601,3.027015,2195607.000000,1874874.000000,3722527.000000,334752.000000,1282372.000000,1952.000000,539.000000,1146.000000,164.000000,144.000000,453.000000,125.000000,266.000000,38.000000,33.000000,2784.000000,769.000000,1633.000000,233.000000,205.000000,15.000000,8.000000,18.000000,3.000000,5.000000,0.000000,6.000000,12.000000,2.000000,4.000000,0.000000,7.000000,15.000000,2.000000,5.000000,8097.000000,2266.000000,4820.000000,695.000000,601.000000,3.000000,
0.040586,0.358482,0.371386,0.215509,0.003002,-210050.548810,3.028498,2195607.000000,1874874.000000,3722527.000000,334752.000000,1282372.000000,1952.000000,539.000000,1146.000000,164.000000,144.000000,453.000000,125.000000,266.000000,38.000000,33.000000,2784.000000,769.000000,1633.000000,233.000000,205.000000,15.000000,8.000000,18.000000,3.000000,5.000000,0.000000,6.000000,12.000000,2.000000,4.000000,0.000000,7.000000,15.000000,2.000000,5.000000,8097.000000,2266.000000,4820.000000,695.000000,601.000000,3.000000,
0.040586,0.358482,0.371386,0.215509,0.003002,-210050.548810,3.028498,2195607.000000,1874874.000000,3722527.000000,334752.000000,1282372.000000,1952.000000,539.000000,1146.000000,164.000000,144.000000,453.000000,125.000000,266.000000,38.000000,33.000000,2784.000000,769.000000,1633.000000,233.000000,205.000000,15.000000,8.000000,18.000000,3.000000,5.000000,0.000000,6.000000,12.000000,2.000000,4.000000,0.000000,7.000000,15.000000,2.000000,5.000000,8097.000000,2266.000000,4820.000000,695.000000,601.000000,3.000000,
0.040586,0.358482,0.371386,0.215509,0.003002,-210050.548810,3.028498,2195607.000000,1874874.000000,3722527.000000,334752.000000,1282372.000000,1952.000000,539.000000,1146.000000,164.000000,144.000000,453.000000,125.000000,266.000000,38.000000,33.000000,2784.000000,769.000000,1633.000000,233.000000,205.000000,15.000000,8.000000,18.000000,3.000000,5.000000,0.000000,6.000000,12.000000,2.000000,4.000000,0.000000,7.000000,15.000000,2.000000,5.000000,8097.000000,2266.000000,4820.000000,695.000000,601.000000,3.000000,
0.040586,0.358482,0.371386,0.215509,0.003002,-210050.548810,3.028498,2195607.000000,1874874.000000,3722527.000000,334752.000000,1282372.000000,1952.000000,539.000000,1146.000000,164.000000,144.000000,453.000000,125.000000,266.000000,38.000000,33.000000,2784.000000,769.000000,1633.000000,233.000000,205.000000,15.000000,8.000000,18.000000,3.000000,5.000000,0.000000,6.000000,12.000000,2.000000,4.000000,0.000000,7.000000,15.000000,2.000000,5.000000,8097.000000,2266.000000,4820.000000,695.000000,601.000000,3.000000,
0.040505,0.110374,0.378488,0.189064,0.003211,-210425.269298,3.035448,2195607.000000,1874874.000000,3722527.000000,334752.000000,1282372.000000,1952.000000,539.000000,1146.000000,164.000000,144.000000,453.000000,125.000000,266.000000,38.000000,33.000000,2784.000000,769.000000,1633.000000,233.000000,205.000000,15.000000,8.000000,18.000000,3.000000,5.000000,0.000000,6.000000,12.000000,2.000000,4.000000,0.000000,7.000000,15.000000,2.000000,5.000000,8097.000000,2266.000000,4820.000000,695.000000,601.000000,3.000000,
0.040691,0.072604,0.366225,0.255192,0.003070,-209780.415630,3.026824,2195607.000000,1874874.000000,3722527.000000,334752.000000,1282372.000000,1952.000000,539.000000,1146.000000,164.000000,144.000000,453.000000,125.000000,266.000000,38.000000,33.000000,2784.000000,769.000000,1633.000000,233.000000,205.000000,15.000000,8.000000,18.000000,3.000000,5.000000,0.000000,6.000000,12.000000,2.000000,4.000000,0.000000,7.000000,15.000000,2.000000,5.000000,8097.000000,2266.000000,4820.000000,695.000000,601.000000,3.000000,
0.040691,0.072604,0.366225,0.255192,0.003070,-209780.415630,3.026824,2195607.000000,1874874.000000,3722527.000000,334752.000000,1282372.000000,1952.000000,539.000000,1146.000000,164.000000,144.000000,453.000000,125.000000,266.000000,38.000000,33.000000,2784.000000,769.000000,1633.000000,233.000000,205.000000,15.000000,8.000000,18.000000,3.000000,5.000000,0.000000,6.000000,12.000000,2.000000,4.000000,0.000000,7.000000,15.000000,2.000000,5.000000,8097.000000,2266.000000,4820.000000,695.000000,601.000000,3.000000,
0.040691,0.072604,0.366225,0.255192,0.003070,-209780.415630,3.026824,2195607.000000,1874874.000000,3722527.000000,334752.000000,1282372.000000,1952.000000,539.000000,1146.000000,164.000000,144.000000,453.000000,125.000000,266.000000,38.000000,33.000000,2784.000000,769.000000,1633.000000,233.000000,205.000000,15.000000,8.000000,18.000000,3.000000,5.000000,0.000000,6.000000,12.000000,2.000000,4.000000,0.000000,7.000000,15.000000,2.000000,5.000000,8097.000000,2266.000000,4820.000000,695.000000,601.000000,3.000000,
0.041617,0.002788,0.327040,0.252975,0.016688,-207786.812330,3.022101,2195607.000000,1874874.000000,3722527.000000,334752.000000,1282372.000000,1952.000000,539.000000,1146.000000,164.000000,144.000000,453.000000,125.000000,266.000000,38.000000,33.000000,2784.000000,769.000000,1633.000000,233.000000,205.000000,15.000000,8.000000,18.000000,3.000000,5.000000,0.000000,6.000000,12.000000,2.000000,4.000000,0.000000,7.000000,15.000000,2.000000,5.000000,8097.000000,2266.000000,4820.000000,695.000000,601.000000,3.000000,
0.041617,0.002788,0.327040,0.252975,0.016688,-207786.812330,3.022101,2195607.000000,1874874.000000,3722527.000000,334752.000000,1282372.000000,1952.000000,539.000000,1146.000000,164.000000,144.000000,453.000000,125.000000,266.000000,38.000000,33.000000,2784.000000,769.000000,1633.000000,233.000000,205.000000,15.000000,8.000000,18.000000,3.000000,5.000000,0.000000,6.000000,12.000000,2.000000,4.000000,0.000000,7.000000,15.000000,2.000000,5.000000,8097.000000,2266.000000,4820.000000,695.000000,601.000000,3.000000,
0.041617,0.002788,0.327040,0.252975,0.016688,-207786.812330,3.022101,2195607.000000,1874874.000000,3722527.000000,334752.000000,1282372.000000,1952.000000,539.000000,1146.000000,164.000000,144.000000,453.000000,125.000000,266.000000,38.000000,33.000000,2784.000000,769.000000,1633.000000,233.000000,205.000000,15.000000,8.000000,18.000000,3.000000,5.000000,0.000000,6.000000,12.000000,2.000000,4.000000,0.000000,7.000000,15.000000,2.000000,5.000000,8097.000000,2266.000000,4820.000000,695.000000,601.000000,3.000000,
0.041591,0.001826,0.327892,0.221127,0.014418,-207829.077707,3.021810,2195607.000000,1874874.000000,3722527.000000,334752.000000,1282372.000000,1952.000000,539.000000,1146.000000,164.000000,144.000000,453.000000,125.000000,266.000000,38.000000,33.000000,2784.000000,769.000000,1633.000000,233.000000,205.000000,15.000000,8.000000,18.000000,3.000000,5.000000,0.000000,6.000000,12.000000,2.000000,4.000000,0.000000,7.000000,15.000000,2.000000,5.000000,8097.000000,2266.000000,4820.000000,695.000000,601.000000,3.000000,
0.041591,0.001826,0.327892,0.221127,0.014418,-207829.077707,3.021810,2195607.000000,1874874.000000,3722527.000000,334752.000000,1282372.000000,1952.000000,539.000000,1146.000000,164.000000,144.000000,453.000000,125.000000,266.000000,38.000000,33.000000,2784.000000,769.000000,1633.000000,233.000000,205.000000,15.000000,8.000000,18.000000,3.000000,5.000000,0.000000,6.000000,12.000000,2.000000,4.000000,0.000000,7.000000,15.000000,2.000000,5.000000,8097.000000,2266.000000,4820.000000,695.000000,601.000000,3.000000,
0.041591,0.001826,0.327892,0.221127,0.014418,-207829.077707,3.021810,2195607.000000,1874874.000000,3722527.000000,334752.000000,1282372.000000,1952.000000,539.000000,1146.000000,164.000000,144.000000,453.000000,125.000000,266.000000,38.000000,33.000000,2784.000000,769.000000,1633.000000,233.000000,205.000000,15.000000,8.000000,18.000000,3.000000,5.000000,0.000000,6.000000,12.000000,2.000000,4.000000,0.000000,7.000000,15.000000,2.000000,5.000000,8097.000000,2266.000000,4820.000000,695.000000,601.000000,3.000000,
0.041591,0.001826,0.327892,0.221127,0.014418,-207829.077707,3.021810,2195607.000000,1874874.000000,3722527.000000,334752.000000,1282372.000000,1952.000000,539.000000,1146.000000,164.000000,144.000000,453.000000,125.000000,266.000000,38.000000,33.000000,2784.000000,769.000000,1633.000000,233.000000,205.000000,15.000000,8.000000,18.000000,3.000000,5.000000,0.000000,6.000000,12.000000,2.000000,4.000000,0.000000,7.000000,15.000000,2.000000,5.000000,8097.000000,2266.000000,4820.000000,695.000000,601.000000,3.000000,
0.041591,0.001826,0.327892,0.221127,0.014418,-207829.077707,3.021810,2195607.000000,1874874.000000,3722527.000000,334752.000000,1282372.000000,1952.000000,539.000000,1146.000000,164.000000,144.000000,453.000000,125.000000,266.000000,38.000000,33.000000,2784.000000,769.000000,1633.000000,233.000000,205.000000,15.000000,8.000000,18.000000,3.000000,5.000000,0.000000,6.000000,12.000000,2.000000,4.000000,0.000000,7.000000,15.000000,2.000000,5.000000,8097.000000,2266.000000,4820.000000,695.000000,601.000000,3.000000,
0.041640,0.003652,0.323222,0.222288,0.015391,-207597.743316,3.016604,2195607.000000,1874874.000000,3722527.000000,334752.000000,1282372.000000,1952.000000,539.000000,1146.000000,164.000000,144.000000,453.000000,125.000000,266.000000,38.000000,33.000000,2784.000000,769.000000,1633.000000,233.000000,205.000000,15.000000,8.000000,18.000000,3.000000,5.000000,0.000000,6.000000,12.000000,2.000000,4.000000,0.000000,7.000000,15.000000,2.000000,5.000000,8097.000000,2266.000000,4820.000000,695.000000,601.000000,3.000000,
0.041640,0.003652,0.323222,0.222288,0.015391,-207597.743316,3.016604,2195607.000000,1874874.000000,3722527.000000,334752.000000,1282372.000000,1952.000000,539.000000,1146.000000,164.000000,144.000000,453.000000,125.000000,266.000000,38.000000,33.000000,2784.000000,769.000000,1633.000000,233.000000,205.000000,15.000000,8.000000,18.000000,3.000000,5.000000,0.000000,6.000000,12.000000,2.000000,4.000000,0.000000,7.000000,15.000000,2.000000,5.000000,8097.000000,2266.000000,4820.000000,695.000000,601.000000,3.000000,
0.041640,0.003652,0.323222,0.222288,0.015391,-207597.743316,3.016604,2195607.000000,1874874.000000,3722527.000000,334752.000000,1282372.000000,1952.000000,539.000000,1146.000000,164.000000,144.000000,453.000000,125.000000,266.000000,38.000000,33.000000,2784.000000,769.000000,1633.000000,233.000000,205.000000,15.000000,8.000000,18.000000,3.000000,5.000000,0.000000,6.000000,12.000000,2.000000,4.000000,0.000000,7.000000,15.000000,2.000000,5.000000,8097.000000,2266.000000,4820.000000,695.000000,601.000000,3.000000,
0.041506,0.004559,0.327857,0.228890,0.011423,-207827.186411,3.015552,2195607.000000,1874874.000000,3722527.000000,334752.000000,1282372.000000,1952.000000,539.000000,1146.000000,164.000000,144.000000,453.000000,125.000000,266.000000,38.000000,33.000000,2784.000000,769.000000,1633.000000,233.000000,205.000000,15.000000,8.000000,18.000000,3.000000,5.000000,0.000000,6.000000,12.000000,2.000000,4.000000,0.000000,7.000000,15.000000,2.000000,5.000000,8097.000000,2266.000000,4820.000000,695.000000,601.000000,3.000000,
0.041506,0.004559,0.327857,0.228890,0.011423,-207827.186411,3.015552,2195607.000000,1874874.000000,3722527.000000,334752.000000,1282372.000000,1952.000000,539.000000,1146.000000,164.000000,144.000000,453.000000,125.000000,266.000000,38.000000,33.000000,2784.000000,769.000000,1633.000000,233.000000,205.000000,15.000000,8.000000,18.000000,3.000000,5.000000,0.000000,6.000000,12.000000,2.000000,4.000000,0.000000,7.000000,15.000000,2.000000,5.000000,8097.000000,2266.000000,4820.000000,695.000000,601.000000,3.000000,
0.041506,0.004559,0.327857,0.228890,0.011423,-207827.186411,3.015552,2195607.000000,1874874.000000,3722527.000000,334752.000000,1282372.000000,1952.000000,539.000000,1146.000000,164.000000,144.000000,453.000000,125.000000,266.000000,38.000000,33.000000,2784.000000,769.000000,1633.000000,233.000000,205.000000,15.000000,8.000000,18.000000,3.000000,5.000000,0.000000,6.000000,12.000000,2.000000,4.000000,0.000000,7.000000,15.000000,2.000000,5.000000,8097.000000,2266.000000,4820.000000,695.000000,601.000000,3.000000,
0.041506,0.004559,0.327857,0.228890,0.011423,-207827.186411,3.015552,2195607.000000,1874874.000000,3722527.000000,334752.000000,1282372.000000,1952.000000,539.000000,1146.000000,164.000000,144.000000,453.000000,125.000000,266.000000,38.000000,33.000000,2784.000000,769.000000,1633.000000,233.000000,205.000000,15.000000,8.000000,18.000000,3.000000,5.000000,0.000000,6.000000,12.000000,2.000000,4.000000,0.000000,7.000000,15.000000,2.000000,5.000000,8097.000000,2266.000000,4820.000000,695.000000,601.000000,3.000000,
0.041724,0.008416,0.316520,0.253748,0.013730,-207268.086528,3.010102,2195607.000000,1874874.000000,3722527.000000,334752.000000,1282372.000000,1952.000000,539.000000,1146.000000,164.000000,144.000000,453.000000,125.000000,266.000000,38.000000,33.000000,2784.000000,769.000000,1633.000000,233.000000,205.000000,15.000000,8.000000,18.000000,3.000000,5.000000,0.000000,6.000000,12.000000,2.000000,4.000000,0.000000,7.000000,15.000000,2.000000,5.000000,8097.000000,2266.000000,4820.000000,695.000000,601.000000,3.000000,
0.041724,0.008416,0.316520,0.253748,0.013730,-207268.086528,3.010102,2195607.000000,1874874.000000,3722527.000000,334752.000000,1282372.000000,1952.000000,539.000000,1146.000000,164.000000,144.000000,453.000000,125.000000,266.000000,38.000000,33.000000,2784.000000,769.000000,1633.000000,233.000000,205.000000,15.000000,8.000000,18.000000,3.000000,5.000000,0.000000,6.000000,12.000000,2.000000,4.000000,0.000000,7.000000,15.000000,2.000000,5.000000,8097.000000,2266.000000,4820.000000,695.000000,601.000000,3.000000,
0.041724,0.008416,0.316520,0.253748,0.013730,-207268.086528,3.010102,2195607.000000,1874874.000000,3722527.000000,334752.000000,1282372.000000,1952.000000,539.000000,1146.000000,164.000000,144.000000,453.000000,125.000000,266.000000,38.000000,33.000000,2784.000000,769.000000,1633.000000,233.000000,205.000000,15.000000,8.000000,18.000000,3.000000,5.000000,0.000000,6.000000,12.000000,2.000000,4.000000,0.000000,7.000000,15.000000,2.000000,5.000000,8097.000000,2266.000000,4820.000000,695.000000,601.000000,3.000000,
0.041724,0.008416,0.316520,0.253748,0.013730,-207268.086528,3.010102,2195607.000000,1874874.000000,3722527.000000,334752.000000,1282372.000000,1952.000000,539.000000,1146.000000,164.000000,144.000000,453.000000,125.000000,266.000000,38.000000,33.000000,2784.000000,769.000000,1633.000000,233.000000,205.000000,15.000000,8.000000,18.000000,3.000000,5.000000,0.000000,6.000000,12.000000,2.000000,4.000000,0.000000,7.000000,15.000000,2.000000,5.000000,8097.000000,2266.000000,4820.000000,695.000000,601.000000,3.000000,
0.041724,0.008416,0.316520,0.253748,0.013730,-207268.086528,3.010102,2195607.000000,1874874.000000,3722527.000000,334752.000000,1282372.000000,1952.000000,539.000000,1146.000000,164.000000,144.000000,453.000000,125.000000,266.000000,38.000000,33.000000,2784.000000,769.000000,1633.000000,233.000000,205.000000,15.000000,8.000000,18.000000,3.000000,5.000000,0.000000,6.000000,12.000000,2.000000,4.000000,0.000000,7.000000,15.000000,2.000000,5.000000,8097.000000,2266.000000,4820.000000,695.000000,601.000000,3.000000,
0.041724,0.008416,0.316520,0.253748,0.013730,-207268.086528,3.010102,2195607.000000,1874874.000000,3722527.000000,334752.000000,1282372.000000,1952.000000,539.000000,1146.000000,164.000000,144.000000,453.000000,125.000000,266.000000,38.000000,33.000000,2784.000000,769.000000,1633.000000,233.000000,205.000000,15.000000,8.000000,18.000000,3.000000,5.000000,0.000000,6.000000,12.000000,2.000000,4.000000,0.000000,7.000000,15.000000,2.000000,5.000000,8097.000000,2266.000000,4820.000000,695.000000,601.000000,3.000000,
0.041724,0.008416,0.316520,0.253748,0.013730,-207268.086528,3.010102,2195607.000000,1874874.000000,3722527.000000,334752.000000,1282372.000000,1952.000000,539.000000,1146.000000,164.000000,144.000000,453.000000,125.000000,266.000000,38.000000,33.000000,2784.000000,769.000000,1633.000000,233.000000,205.000000,15.000000,8.000000,18.000000,3.000000,5.000000,0.000000,6.000000,12.000000,2.000000,4.000000,0.000000,7.000000,15.000000,2.000000,5.000000,8097.000000,2266.000000,4820.000000,695.000000,601.000000,3.000000,
0.041966,0.006578,0.305864,0.291441,0.018040,-206749.997283,3.007319,2195607.000000,1874874.000000,3722527.000000,334752.000000,1282372.000000,1952.000000,539.000000,1146.000000,164.000000,144.000000,453.000000,125.000000,266.000000,38.000000,33.000000,2784.000000,769.000000,1633.000000,233.000000,205.000000,15.000000,8.000000,18.000000,3.000000,5.000000,0.000000,6.000000,12.000000,2.000000,4.000000,0.000000,7.000000,15.000000,2.000000,5.000000,8097.000000,2266.000000,4820.000000,695.000000,601.000000,3.000000,
0.041966,0.006578,0.305864,0.291441,0.018040,-206749.997283,3.007319,2195607.000000,1874874.000000,3722527.000000,334752.000000,1282372.000000,1952.000000,539.000000,1146.000000,164.000000,144.000000,453.000000,125.000000,266.000000,38.000000,33.000000,2784.000000,769.000000,1633.000000,233.000000,205.000000,15.000000,8.000000,18.000000,3.000000,5.000000,0.000000,6.000000,12.000000,2.000000,4.000000,0.000000,7.000000,15.000000,2.000000,5.000000,8097.000000,2266.000000,4820.000000,695.000000,601.000000,3.000000,
0.041966,0.006578,0.305864,0.291441,0.018040,-206749.997283,3.007319,2195607.000000,1874874.000000,3722527.000000,334752.000000,1282372.000000,1952.000000,539.000000,1146.000000,164.000000,144.000000,453.000000,125.000000,266.000000,38.000000,33.000000,2784.000000,769.000000,1633.000000,233.000000,205.000000,15.000000,8.000000,18.000000,3.000000,5.000000,0.000000,6.000000,12.000000,2.000000,4.000000,0.000000,7.000000,15.000000,2.000000,5.000000,8097.000000,2266.000000,4820.000000,695.000000,601.000000,3.000000,
0.041991,0.007533,0.301648,0.230554,0.027398,-206546.828211,3.001156,2195607.000000,1874874.000000,3722527.000000,334752.000000,1282372.000000,1952.000000,539.000000,1146.000000,164.000000,144.000000,453.000000,125.000000,266.000000,38.000000,33.000000,2784.000000,769.000000,1633.000000,233.000000,205.000000,15.000000,8.000000,18.000000,3.000000,5.000000,0.000000,6.000000,12.000000,2.000000,4.000000,0.000000,7.000000,15.000000,2.000000,5.000000,8097.000000,2266.000000,4820.000000,695.000000,601.000000,3.000000,
0.041991,0.007533,0.301648,0.230554,0.027398,-206546.828211,3.001156,2195607.000000,1874874.000000,3722527.000000,334752.000000,1282372.000000,1952.000000,539.000000,1146.000000,164.000000,144.000000,453.000000,125.000000,266.000000,38.000000,33.000000,2784.000000,769.000000,1633.000000,233.000000,205.000000,15.000000,8.000000,18.000000,3.000000,5.000000,0.000000,6.000000,12.000000,2.000000,4.000000,0.000000,7.000000,15.000000,2.000000,5.000000,8097.000000,2266.000000,4820.000000,695.000000,601.000000,3.000000,
0.041991,0.007533,0.301648,0.230554,0.027398,-206546.828211,3.001156,2195607.000000,1874874.000000,3722527.000000,334752.000000,1282372.000000,1952.000000,539.000000,1146.000000,164.000000,144.000000,453.000000,125.000000,266.000000,38.000000,33.000000,2784.000000,769.000000,1633.000000,233.000000,205.000000,15.000000,8.000000,18.000000,3.000000,5.000000,0.000000,6.000000,12.000000,2.000000,4.000000,0.000000,7.000000,15.000000,2.000000,5.000000,8097.000000,2266.000000,4820.000000,695.000000,601.000000,3.000000,
0.041991,0.007533,0.301648,0.230554,0.027398,-206546.828211,3.001156,2195607.000000,1874874.000000,3722527.000000,334752.000000,1282372.000000,1952.000000,539.000000,1146.000000,164.000000,144.000000,453.000000,125.000000,266.000000,38.000000,33.000000,2784.000000,769.000000,1633.000000,233.000000,205.000000,15.000000,8.000000,18.000000,3.000000,5.000000,0.000000,6.000000,12.000000,2.000000,4.000000,0.000000,7.000000,15.000000,2.000000,5.000000,8097.000000,2266.000000,4820.000000,695.000000,601.000000,3.000000,
0.041991,0.007533,0.301648,0.230554,0.027398,-206546.828211,3.001156,2195607.000000,1874874.000000,3722527.000000,334752.000000,1282372.000000,1952.000000,539.000000,1146.000000,164.000000,144.000000,453.000000,125.000000,266.000000,38.000000,33.000000,2784.000000,769.000000,1633.000000,233.000000,205.000000,15.000000,8.000000,18.000000,3.000000,5.000000,0.000000,6.000000,12.000000,2.000000,4.000000,0.000000,7.000000,15.000000,2.000000,5.000000,8097.000000,2266.000000,4820.000000,695.000000,601.000000,3.000000,
0.042025,0.003336,0.301498,0.251696,0.032676,-206539.653990,3.003263,2195607.000000,1874874.000000,3722527.000000,334752.000000,1282372.000000,1952.000000,539.000000,1146.000000,164.000000,144.000000,453.000000,125.000000,266.000000,38.000000,33.000000,2784.000000,769.000000,1633.000000,233.000000,205.000000,15.000000,8.000000,18.000000,3.000000,5.000000,0.000000,6.000000,12.000000,2.000000,4.000000,0.000000,7.000000,15.000000,2.000000,5.000000,8097.000000,2266.000000,4820.000000,695.000000,601.000000,3.000000,
0.042025,0.003336,0.301498,0.251696,0.032676,-206539.653990,3.003263,2195607.000000,1874874.000000,3722527.000000,334752.000000,1282372.000000,1952.000000,539.000000,1146.000000,164.000000,144.000000,453.000000,125.000000,266.000000,38.000000,33.000000,2784.000000,769.000000,1633.000000,233.000000,205.000000,15.000000,8.000000,18.000000,3.000000,5.000000,0.000000,6.000000,12.000000,2.000000,4.000000,0.000000,7.000000,15.000000,2.000000,5.000000,8097.000000,2266.000000,4820.000000,695.000000,601.000000,3.000000,
0.042029,0.004926,0.299079,0.289270,0.023516,-206423.585540,2.998987,2195607.000000,1874874.000000,3722527.000000,334752.000000,1282372.000000,1952.000000,539.000000,1146.000000,164.000000,144.000000,453.000000,125.000000,266.000000,38.000000,33.000000,2784.000000,769.000000,1633.000000,233.000000,205.000000,15.000000,8.000000,18.000000,3.000000,5.000000,0.000000,6.000000,12.000000,2.000000,4.000000,0.000000,7.000000,15.000000,2.000000,5.000000,8097.000000,2266.000000,4820.000000,695.000000,601.000000,3.000000,
0.042029,0.004926,0.299079,0.289270,0.023516,-206423.585540,2.998987,2195607.000000,1874874.000000,3722527.000000,334752.000000,1282372.000000,1952.000000,539.000000,1146.000000,164.000000,144.000000,453.000000,125.000000,266.000000,38.000000,33.000000,2784.000000,769.000000,1633.000000,233.000000,205.000000,15.000000,8.000000,18.000000,3.000000,5.000000,0.000000,6.000000,12.000000,2.000000,4.000000,0.000000,7.000000,15.000000,2.000000,5.000000,8097.000000,2266.000000,4820.000000,695.000000,601.000000,3.000000,
0.042029,0.004926,0.299079,0.289270,0.023516,-206423.585540,2.998987,2195607.000000,1874874.000000,3722527.000000,334752.000000,1282372.000000,1952.000000,539.000000,1146.000000,164.000000,144.000000,453.000000,125.000000,266.000000,38.000000,33.000000,2784.000000,769.000000,1633.000000,233.000000,205.000000,15.000000,8.000000,18.000000,3.000000,5.000000,0.000000,6.000000,12.000000,2.000000,4.000000,0.000000,7.000000,15.000000,2.000000,5.000000,8097.000000,2266.000000,4820.000000,695.000000,601.000000,3.000000,
0.042029,0.004926,0.299079,0.289270,0.023516,-206423.585540,2.998987,2195607.000000,1874874.000000,3722527.000000,334752.000000,1282372.000000,1952.000000,539.000000,1146.000000,164.000000,144.000000,453.000000,125.000000,266.000000,38.000000,33.000000,2784.000000,769.000000,1633.000000,233.000000,205.000000,15.000000,8.000000,18.000000,3.000000,5.000000,0.000000,6.000000,12.000000,2.000000,4.000000,0.000000,7.000000,15.000000,2.000000,5.000000,8097.000000,2266.000000,4820.000000,695.000000,601.000000,3.000000,
0.042029,0.004926,0.299079,0.289270,0.023516,-206423.585540,2.998987,2195607.000000,1874874.000000,3722527.000000,334752.000000,1282372.000000,1952.000000,539.000000,1146.000000,164.000000,144.000000,453.000000,125.000000,266.000000,38.000000,33.000000,2784.000000,769.000000,1633.000000,233.000000,205.000000,15.000000,8.000000,18.000000,3.000000,5.000000,0.000000,6.000000,12.000000,2.000000,4.000000,0.000000,7.000000,15.000000,2.000000,5.000000,8097.000000,2266.000000,4820.000000,695.000000,601.000000,3.000000,
0.041406,0.705884,0.324433,0.289357,0.032823,-207657.177901,3.001888,2195607.000000,1874874.000000,3722527.000000,334752.000000,1282372.000000,1952.000000,539.000000,1146.000000,164.000000,144.000000,453.000000,125.000000,266.000000,38.000000,33.000000,2784.000000,769.000000,1633.000000,233.000000,205.000000,15.000000,8.000000,18.000000,3.000000,5.000000,0.000000,6.000000,12.000000,2.000000,4.000000,0.000000,7.000000,15.000000,2.000000,5.000000,8097.000000,2266.000000,4820.000000,695.000000,601.000000,3.000000,
0.041406,0.705884,0.324433,0.289357,0.032823,-207657.177901,3.001888,2195607.000000,1874874.000000,3722527.000000,334752.000000,1282372.000000,1952.000000,539.000000,1146.000000,164.000000,144.000000,453.000000,125.000000,266.000000,38.000000,33.000000,2784.000000,769.000000,1633.000000,233.000000,205.000000,15.000000,8.000000,18.000000,3.000000,5.000000,0.000000,6.000000,12.000000,2.000000,4.000000,0.000000,7.000000,15.000000,2.000000,5.000000,8097.000000,2266.000000,4820.000000,695.000000,601.000000,3.000000,
0.041406,0.705884,0.324433,0.289357,0.032823,-207657.177901,3.001888,2195607.000000,1874874.000000,3722527.000000,334752.000000,1282372.000000,1952.000000,539.000000,1146.000000,164.000000,144.000000,453.000000,125.000000,266.000000,38.000000,33.000000,2784.000000,769.000000,1633.000000,233.000000,205.000000,15.000000,8.000000,18.000000,3.000000,5.000000,0.000000,6.000000,12.000000,2.000000,4.000000,0.000000,7.000000,15.000000,2.000000,5.000000,8097.000000,2266.000000,4820.000000,695.000000,601.000000,3.000000,
0.041406,0.705884,0.324433,0.289357,0.032823,-207657.177901,3.001888,2195607.000000,1874874.000000,3722527.000000,334752.000000,1282372.000000,1952.000000,539.000000,1146.000000,164.000000,144.000000,453.000000,125.000000,266.000000,38.000000,33.000000,2784.000000,769.000000,1633.000000,233.000000,205.000000,15.000000,8.000000,18.000000,3.000000,5.000000,0.000000,6.000000,12.000000,2.000000,4.000000,0.000000,7.000000,15.000000,2.000000,5.000000,8097.000000,2266.000000,4820.000000,695.000000,601.000000,3.000000,
0.041406,0.705884,0.324433,0.289357,0.032823,-207657.177901,3.001888,2195607.000000,1874874.000000,3722527.000000,334752.000000,1282372.000000,1952.000000,539.000000,1146.000000,164.000000,144.000000,453.000000,125.000000,266.000000,38.000000,33.000000,2784.000000,769.000000,1633.000000,233.000000,205.000000,15.000000,8.000000,18.000000,3.000000,5.000000,0.000000,6.000000,12.000000,2.000000,4.000000,0.000000,7.000000,15.000000,2.000000,5.000000,8097.000000,2266.000000,4820.000000,695.000000,601.000000,3.000000,
0.041406,0.705884,0.324433,0.289357,0.032823,-207657.177901,3.001888,2195607.000000,1874874.000000,3722527.000000,334752.000000,1282372.000000,1952.000000,539.000000,1146.000000,164.000000,144.000000,453.000000,125.000000,266.000000,38.000000,33.000000,2784.000000,769.000000,1633.000000,233.000000,205.000000,15.000000,8.000000,18.000000,3.000000,5.000000,0.000000,6.000000,12.000000,2.000000,4.000000,0.000000,7.000000,15.000000,2.000000,5.000000,8097.000000,2266.000000,4820.000000,695.000000,601.000000,3.000000,
0.041406,0.705884,0.324433,0.289357,0.032823,-207657.177901,3.001888,2195607.000000,1874874.000000,3722527.000000,334752.000000,1282372.000000,1952.000000,539.000000,1146.000000,164.000000,144.000000,453.000000,125.000000,266.000000,38.000000,33.000000,2784.000000,769.000000,1633.000000,233.000000,205.000000,15.000000,8.000000,18.000000,3.000000,5.000000,0.000000,6.000000,12.000000,2.000000,4.000000,0.000000,7.000000,15.000000,2.000000,5.000000,8097.000000,2266.000000,4820.000000,695.000000,601.000000,3.000000,
0.041406,0.705884,0.324433,0.289357,0.032823,-207657.177901,3.001888,2195607.000000,1874874.000000,3722527.000000,334752.000000,1282372.000000,1952.000000,539.000000,1146.000000,164.000000,144.000000,453.000000,125.000000,266.000000,38.000000,33.000000,2784.000000,769.000000,1633.000000,233.000000,205.000000,15.000000,8.000000,18.000000,3.000000,5.000000,0.000000,6.000000,12.000000,2.000000,4.000000,0.000000,7.000000,15.000000,2.000000,5.000000,8097.000000,2266.000000,4820.000000,695.000000,601.000000,3.000000,
0.041302,0.598260,0.328143,0.278924,0.042277,-207841.033489,3.001287,2195607.000000,1874874.000000,3722527.000000,334752.000000,1282372.000000,1952.000000,539.000000,1146.000000,164.000000,144.000000,453.000000,125.000000,266.000000,38.000000,33.000000,2784.000000,769.000000,1633.000000,233.000000,205.000000,15.000000,8.000000,18.000000,3.000000,5.000000,0.000000,6.000000,12.000000,2.000000,4.000000,0.000000,7.000000,15.000000,2.000000,5.000000,8097.000000,2266.000000,4820.000000,695.000000,601.000000,3.000000,
0.041302,0.598260,0.328143,0.278924,0.042277,-207841.033489,3.001287,2195607.000000,1874874.000000,3722527.000000,334752.000000,1282372.000000,1952.000000,539.000000,1146.000000,164.000000,144.000000,453.000000,125.000000,266.000000,38.000000,33.000000,2784.000000,769.000000,1633.000000,233.000000,205.000000,15.000000,8.000000,18.000000,3.000000,5.000000,0.000000,6.000000,12.000000,2.000000,4.000000,0.000000,7.000000,15.000000,2.000000,5.000000,8097.000000,2266.000000,4820.000000,695.000000,601.000000,3.000000,
0.041302,0.598260,0.328143,0.278924,0.042277,-207841.033489,3.001287,2195607.000000,1874874.000000,3722527.000000,334752.000000,1282372.000000,1952.000000,539.000000,1146.000000,164.000000,144.000000,453.000000,125.000000,266.000000,38.000000,33.000000,2784.000000,769.000000,1633.000000,233.000000,205.000000,15.000000,8.000000,18.000000,3.000000,5.000000,0.000000,6.000000,12.000000,2.000000,4.000000,0.000000,7.000000,15.000000,2.000000,5.000000,8097.000000,2266.000000,4820.000000,695.000000,601.000000,3.000000,
0.041302,0.598260,0.328143,0.278924,0.042277,-207841.033489,3.001287,2195607.000000,1874874.000000,3722527.000000,334752.000000,1282372.000000,1952.000000,539.000000,1146.000000,164.000000,144.000000,453.000000,125.000000,266.000000,38.000000,33.000000,2784.000000,769.000000,1633.000000,233.000000,205.000000,15.000000,8.000000,18.000000,3.000000,5.000000,0.000000,6.000000,12.000000,2.000000,4.000000,0.000000,7.000000,15.000000,2.000000,5.000000,8097.000000,2266.000000,4820.000000,695.000000,601.000000,3.000000,
0.041302,0.598260,0.328143,0.278924,0.042277,-207841.033489,3.001287,2195607.000000,1874874.000000,3722527.000000,334752.000000,1282372.000000,1952.000000,539.000000,1146.000000,164.000000,144.000000,453.000000,125.000000,266.000000,38.000000,33.000000,2784.000000,769.000000,1633.000000,233.000000,205.000000,15.000000,8.000000,18.000000,3.000000,5.000000,0.000000,6.000000,12.000000,2.000000,4.000000,0.000000,7.000000,15.000000,2.000000,5.000000,8097.000000,2266.000000,4820.000000,695.000000,601.000000,3.000000,
0.041302,0.598260,0.328143,0.278924,0.042277,-207841.033489,3.001287,2195607.000000,1874874.000000,3722527.000000,334752.000000,1282372.000000,1952.000000,539.000000,1146.000000,164.000000,144.000000,453.000000,125.000000,266.000000,38.000000,33.000000,2784.000000,769.000000,1633.000000,233.000000,205.000000,15.000000,8.000000,18.000000,3.000000,5.000000,0.000000,6.000000,12.000000,2.000000,4.000000,0.000000,7.000000,15.000000,2.000000,5.000000,8097.000000,2266.000000,4820.000000,695.000000,601.000000,3.000000,
0.041302,0.598260,0.328143,0.278924,0.042277,-207841.033489,3.001287,2195607.000000,1874874.000000,3722527.000000,334752.000000,1282372.000000,1952.000000,539.000000,1146.000000,164.000000,144.000000,453.000000,125.000000,266.000000,38.000000,33.000000,2784.000000,769.000000,1633.000000,233.000000,205.000000,15.000000,8.000000,18.000000,3.000000,5.000000,0.000000,6.000000,12.000000,2.000000,4.000000,0.000000,7.000000,15.000000,2.000000,5.000000,8097.000000,2266.000000,4820.000000,695.000000,601.000000,3.000000,
0.041302,0.598260,0.328143,0.278924,0.042277,-207841.033489,3.001287,2195607.000000,1874874.000000,3722527.000000,334752.000000,1282372.000000,1952.000000,539.000000,1146.000000,164.000000,144.000000,453.000000,125.000000,266.000000,38.000000,33.000000,2784.000000,769.000000,1633.000000,233.000000,205.000000,15.000000,8.000000,18.000000,3.000000,5.000000,0.000000,6.000000,12.000000,2.000000,4.000000,0.000000,7.000000,15.000000,2.000000,5.000000,8097.000000,2266.000000,4820.000000,695.000000,601.000000,3.000000,
0.041302,0.598260,0.328143,0.278924,0.042277,-207841.033489,3.001287,2195607.000000,1874874.000000,3722527.000000,334752.000000,1282372.000000,1952.000000,539.000000,1146.000000,164.000000,144.000000,453.000000,125.000000,266.000000,38.000000,33.000000,2784.000000,769.000000,1633.000000,233.000000,205.000000,15.000000,8.000000,18.000000,3.000000,5.000000,0.000000,6.000000,12.000000,2.000000,4.000000,0.000000,7.000000,15.000000,2.000000,5.000000,8097.000000,2266.000000,4820.000000,695.000000,601.000000,3.000000,
0.041302,0.598260,0.328143,0.278924,0.042277,-207841.033489,3.001287,2195607.000000,1874874.000000,3722527.000000,334752.000000,1282372.000000,1952.000000,539.000000,1146.000000,164.000000,144.000000,453.000000,125.000000,266.000000,38.000000,33.000000,2784.000000,769.000000,1633.000000,233.000000,205.000000,15.000000,8.000000,18.000000,3.000000,5.000000,0.000000,6.000000,12.000000,2.000000,4.000000,0.000000,7.000000,15.000000,2.000000,5.000000,8097.000000,2266.000000,4820.000000,695.000000,601.000000,3.000000,
0.041302,0.598260,0.328143,0.278924,0.042277,-207841.033489,3.001287,2195607.000000,1874874.000000,3722527.000000,334752.000000,1282372.000000,1952.000000,539.000000,1146.000000,164.000000,144.000000,453.000000,125.000000,266.000000,38.000000,33.000000,2784.000000,769.000000,1633.000000,233.000000,205.000000,15.000000,8.000000,18.000000,3.000000,5.000000,0.000000,6.000000,12.000000,2.000000,4.000000,0.000000,7.000000,15.000000,2.000000,5.000000,8097.000000,2266.000000,4820.000000,695.000000,601.000000,3.000000,
0.041302,0.598260,0.328143,0.278924,0.042277,-207841.033489,3.001287,2195607.000000,1874874.000000,3722527.000000,334752.000000,1282372.000000,1952.000000,539.000000,1146.000000,164.000000,144.000000,453.000000,125.000000,266.000000,38.000000,33.000000,2784.000000,769.000000,1633.000000,233.000000,205.000000,15.000000,8.000000,18.000000,3.000000,5.000000,0.000000,6.000000,12.000000,2.000000,4.000000,0.000000,7.000000,15.000000,2.000000,5.000000,8097.000000,2266.000000,4820.000000,695.000000,601.000000,3.000000,
0.041302,0.598260,0.328143,0.278924,0.042277,-207841.033489,3.001287,2195607.000000,1874874.000000,3722527.000000,334752.000000,1282372.000000,1952.000000,539.000000,1146.000000,164.000000,144.000000,453.000000,125.000000,266.000000,38.000000,33.000000,2784.000000,769.000000,1633.000000,233.000000,205.000000,15.000000,8.000000,18.000000,3.000000,5.000000,0.000000,6.000000,12.000000,2.000000,4.000000,0.000000,7.000000,15.000000,2.000000,5.000000,8097.000000,2266.000000,4820.000000,695.000000,601.000000,3.000000,
0.041302,0.598260,0.328143,0.278924,0.042277,-207841.033489,3.001287,2195607.000000,1874874.000000,3722527.000000,334752.000000,1282372.000000,1952.000000,539.000000,1146.000000,164.000000,144.000000,453.000000,125.000000,266.000000,38.000000,33.000000,2784.000000,769.000000,1633.000000,233.000000,205.000000,15.000000,8.000000,18.000000,3.000000,5.000000,0.000000,6.000000,12.000000,2.000000,4.000000,0.000000,7.000000,15.000000,2.000000,5.000000,8097.000000,2266.000000,4820.000000,695.000000,601.000000,3.000000,
0.041302,0.598260,0.328143,0.278924,0.042277,-207841.033489,3.001287,2195607.000000,1874874.000000,3722527.000000,334752.000000,1282372.000000,1952.000000,539.000000,1146.000000,164.000000,144.000000,453.000000,125.000000,266.000000,38.000000,33.000000,2784.000000,769.000000,1633.000000,233.000000,205.000000,15.000000,8.000000,18.000000,3.000000,5.000000,0.000000,6.000000,12.000000,2.000000,4.000000,0.000000,7.000000,15.000000,2.000000,5.000000,8097.000000,2266.000000,4820.000000,695.000000,601.000000,3.000000,
0.041302,0.598260,0.328143,0.278924,0.042277,-207841.033489,3.001287,2195607.000000,1874874.000000,3722527.000000,334752.000000,1282372.000000,1952.000000,539.000000,1146.000000,164.000000,144.000000,453.000000,125.000000,266.000000,38.000000,33.000000,2784.000000,769.000000,1633.000000,233.000000,205.000000,15.000000,8.000000,18.000000,3.000000,5.000000,0.000000,6.000000,12.000000,2.000000,4.000000,0.000000,7.000000,15.000000,2.000000,5.000000,8097.000000,2266.000000,4820.000000,695.000000,601.000000,3.000000,
0.041302,0.598260,0.328143,0.278924,0.042277,-207841.033489,3.001287,2195607.000000,1874874.000000,3722527.000000,334752.000000,1282372.000000,1952.000000,539.000000,1146.000000,164.000000,144.000000,453.000000,125.000000,266.000000,38.000000,33.000000,2784.000000,769.000000,1633.000000,233.000000,205.000000,15.000000,8.000000,18.000000,3.000000,5.000000,0.000000,6.000000,12.000000,2.000000,4.000000,0.000000,7.000000,15.000000,2.000000,5.000000,8097.000000,2266.000000,4820.000000,695.000000,601.000000,3.000000,
0.041302,0.598260,0.328143,0.278924,0.042277,-207841.033489,3.001287,2195607.000000,1874874.000000,3722527.000000,334752.000000,1282372.000000,1952.000000,539.000000,1146.000000,164.000000,144.000000,453.000000,125.000000,266.000000,38.000000,33.000000,2784.000000,769.000000,1633.000000,233.000000,205.000000,15.000000,8.000000,18.000000,3.000000,5.000000,0.000000,6.000000,12.000000,2.000000,4.000000,0.000000,7.000000,15.000000,2.000000,5.000000,8097.000000,2266.000000,4820.000000,695.000000,601.000000,3.000000,
0.041302,0.598260,0.328143,0.278924,0.042277,-207841.033489,3.001287,2195607.000000,1874874.000000,3722527.000000,334752.000000,1282372.000000,1952.000000,539.000000,1146.000000,164.000000,144.000000,453.000000,125.000000,266.000000,38.000000,33.000000,2784.000000,769.000000,1633.000000,233.000000,205.000000,15.000000,8.000000,18.000000,3.000000,5.000000,0.000000,6.000000,12.000000,2.000000,4.000000,0.000000,7.000000,15.000000,2.000000,5.000000,8097.000000,2266.000000,4820.000000,695.000000,601.000000,3.000000,
0.041302,0.598260,0.328143,0.278924,0.042277,-207841.033489,3.001287,2195607.000000,1874874.000000,3722527.000000,334752.000000,1282372.000000,1952.000000,539.000000,1146.000000,164.000000,144.000000,453.000000,125.000000,266.000000,38.000000,33.000000,2784.000000,769.000000,1633.000000,233.000000,205.000000,15.000000,8.000000,18.000000,3.000000,5.000000,0.000000,6.000000,12.000000,2.000000,4.000000,0.000000,7.000000,15.000000,2.000000,5.000000,8097.000000,2266.000000,4820.000000,695.000000,601.000000,3.000000,
0.041302,0.598260,0.328143,0.278924,0.042277,-207841.033489,3.001287,2195607.000000,1874874.000000,3722527.000000,334752.000000,1282372.000000,1952.000000,539.000000,1146.000000,164.000000,144.000000,453.000000,125.000000,266.000000,38.000000,33.000000,2784.000000,769.000000,1633.000000,233.000000,205.000000,15.000000,8.000000,18.000000,3.000000,5.000000,0.000000,6.000000,12.000000,2.000000,4.000000,0.000000,7.000000,15.000000,2.000000,5.000000,8097.000000,2266.000000,4820.000000,695.000000,601.000000,3.000000,
0.041302,0.598260,0.328143,0.278924,0.042277,-207841.033489,3.001287,2195607.000000,1874874.000000,3722527.000000,334752.000000,1282372.000000,1952.000000,539.000000,1146.000000,164.000000,144.000000,453.000000,125.000000,266.000000,38.000000,33.000000,2784.000000,769.000000,1633.000000,233.000000,205.000000,15.000000,8.000000,18.000000,3.000000,5.000000,0.000000,6.000000,12.000000,2.000000,4.000000,0.000000,7.000000,15.000000,2.000000,5.000000,8097.000000,2266.000000,4820.000000,695.000000,601.000000,3.000000,
0.041302,0.598260,0.328143,0.278924,0.042277,-207841.033489,3.001287,2195607.000000,1874874.000000,3722527.000000,334752.000000,1282372.000000,1952.000000,539.000000,1146.000000,164.000000,144.000000,453.000000,125.000000,266.000000,38.000000,33.000000,2784.000000,769.000000,1633.000000,233.000000,205.000000,15.000000,8.000000,18.000000,3.000000,5.000000,0.000000,6.000000,12.000000,2.000000,4.000000,0.000000,7.000000,15.000000,2.000000,5.000000,8097.000000,2266.000000,4820.000000,695.000000,601.000000,3.000000,
0.041302,0.598260,0.328143,0.278924,0.042277,-207841.033489,3.001287,2195607.000000,1874874.000000,3722527.000000,334752.000000,1282372.000000,1952.000000,539.000000,1146.000000,164.000000,144.000000,453.000000,125.000000,266.000000,38.000000,33.000000,2784.000000,769.000000,1633.000000,233.000000,205.000000,15.000000,8.000000,18.000000,3.000000,5.000000,0.000000,6.000000,12.000000,2.000000,4.000000,0.000000,7.000000,15.000000,2.000000,5.000000,8097.000000,2266.000000,4820.000000,695.000000,601.000000,3.000000,
0.041302,0.598260,0.328143,0.278924,0.042277,-207841.033489,3.001287,2195607.000000,1874874.000000,3722527.000000,334752.000000,1282372.000000,1952.000000,539.000000,1146.000000,164.000000,144.000000,453.000000,125.000000,266.000000,38.000000,33.000000,2784.000000,769.000000,1633.000000,233.000000,205.000000,15.000000,8.000000,18.000000,3.000000,5.000000,0.000000,6.000000,12.000000,2.000000,4.000000,0.000000,7.000000,15.000000,2.000000,5.000000,8097.000000,2266.000000,4820.000000,695.000000,601.000000,3.000000,
0.041302,0.598260,0.328143,0.278924,0.042277,-207841.033489,3.001287,2195607.000000,1874874.000000,3722527.000000,334752.000000,1282372.000000,1952.000000,539.000000,1146.000000,164.000000,144.000000,453.000000,125.000000,266.000000,38.000000,33.000000,2784.000000,769.000000,1633.000000,233.000000,205.000000,15.000000,8.000000,18.000000,3.000000,5.000000,0.000000,6.000000,12.000000,2.000000,4.000000,0.000000,7.000000,15.000000,2.000000,5.000000,8097.000000,2266.000000,4820.000000,695.000000,601.000000,3.000000,
0.041302,0.598260,0.328143,0.278924,0.042277,-207841.033489,3.001287,2195607.000000,1874874.000000,3722527.000000,334752.000000,1282372.000000,1952.000000,539.000000,1146.000000,164.000000,144.000000,453.000000,125.000000,266.000000,38.000000,33.000000,2784.000000,769.000000,1633.000000,233.000000,205.000000,15.000000,8.000000,18.000000,3.000000,5.000000,0.000000,6.000000,12.000000,2.000000,4.000000,0.000000,7.000000,15.000000,2.000000,5.000000,8097.000000,2266.000000,4820.000000,695.000000,601.000000,3.000000,
0.041302,0.598260,0.328143,0.278924,0.042277,-207841.033489,3.001287,2195607.000000,1874874.000000,3722527.000000,334752.000000,1282372.000000,1952.000000,539.000000,1146.000000,164.000000,144.000000,453.000000,125.000000,266.000000,38.000000,33.000000,2784.000000,769.000000,1633.000000,233.000000,205.000000,15.000000,8.000000,18.000000,3.000000,5.000000,0.000000,6.000000,12.000000,2.000000,4.000000,0.000000,7.000000,15.000000,2.000000,5.000000,8097.000000,2266.000000,4820.000000,695.000000,601.000000,3.000000,
0.041302,0.598260,0.328143,0.278924,0.042277,-207841.033489,3.001287,2195607.000000,1874874.000000,3722527.000000,334752.000000,1282372.000000,1952.000000,539.000000,1146.000000,164.000000,144.000000,453.000000,125.000000,266.000000,38.000000,33.000000,2784.000000,769.000000,1633.000000,233.000000,205.000000,15.000000,8.000000,18.000000,3.000000,5.000000,0.000000,6.000000,12.000000,2.000000,4.000000,0.000000,7.000000,15.000000,2.000000,5.000000,8097.000000,2266.000000,4820.000000,695.000000,601.000000,3.000000,
0.041302,0.598260,0.328143,0.278924,0.042277,-207841.033489,3.001287,2195607.000000,1874874.000000,3722527.000000,334752.000000,1282372.000000,1952.000000,539.000000,1146.000000,164.000000,144.000000,453.000000,125.000000,266.000000,38.000000,33.000000,2784.000000,769.000000,1633.000000,233.000000,205.000000,15.000000,8.000000,18.000000,3.000000,5.000000,0.000000,6.000000,12.000000,2.000000,4.000000,0.000000,7.000000,15.000000,2.000000,5.000000,8097.000000,2266.000000,4820.000000,695.000000,601.000000,3.000000,
0.041302,0.598260,0.328143,0.278924,0.042277,-207841.033489,3.001287,2195607.000000,1874874.000000,3722527.000000,334752.000000,1282372.000000,1952.000000,539.000000,1146.000000,164.000000,144.000000,453.000000,125.000000,266.000000,38.000000,33.000000,2784.000000,769.000000,1633.000000,233.000000,205.000000,15.000000,8.000000,18.000000,3.000000,5.000000,0.000000,6.000000,12.000000,2.000000,4.000000,0.000000,7.000000,15.000000,2.000000,5.000000,8097.000000,2266.000000,4820.000000,695.000000,601.000000,3.000000,
0.041251,0.537245,0.328075,0.253193,0.032488,-207837.549656,2.997480,2195607.000000,1874874.000000,3722527.000000,334752.000000,1282372.000000,1952.000000,539.000000,1146.000000,164.000000,144.000000,453.000000,125.000000,266.000000,38.000000,33.000000,2784.000000,769.000000,1633.000000,233.000000,205.000000,15.000000,8.000000,18.000000,3.000000,5.000000,0.000000,6.000000,12.000000,2.000000,4.000000,0.000000,7.000000,15.000000,2.000000,5.000000,8097.000000,2266.000000,4820.000000,695.000000,601.000000,3.000000,
0.041251,0.537245,0.328075,0.253193,0.032488,-207837.549656,2.997480,2195607.000000,1874874.000000,3722527.000000,334752.000000,1282372.000000,1952.000000,539.000000,1146.000000,164.000000,144.000000,453.000000,125.000000,266.000000,38.000000,33.000000,2784.000000,769.000000,1633.000000,233.000000,205.000000,15.000000,8.000000,18.000000,3.000000,5.000000,0.000000,6.000000,12.000000,2.000000,4.000000,0.000000,7.000000,15.000000,2.000000,5.000000,8097.000000,2266.000000,4820.000000,695.000000,601.000000,3.000000,
0.041251,0.537245,0.328075,0.253193,0.032488,-207837.549656,2.997480,2195607.000000,1874874.000000,3722527.000000,334752.000000,1282372.000000,1952.000000,539.000000,1146.000000,164.000000,144.000000,453.000000,125.000000,266.000000,38.000000,33.000000,2784.000000,769.000000,1633.000000,233.000000,205.000000,15.000000,8.000000,18.000000,3.000000,5.000000,0.000000,6.000000,12.000000,2.000000,4.000000,0.000000,7.000000,15.000000,2.000000,5.000000,8097.000000,2266.000000,4820.000000,695.000000,601.000000,3.000000,
0.041251,0.537245,0.328075,0.253193,0.032488,-207837.549656,2.997480,2195607.000000,1874874.000000,3722527.000000,334752.000000,1282372.000000,1952.000000,539.000000,1146.000000,164.000000,144.000000,453.000000,125.000000,266.000000,38.000000,33.000000,2784.000000,769.000000,1633.000000,233.000000,205.000000,15.000000,8.000000,18.000000,3.000000,5.000000,0.000000,6.000000,12.000000,2.000000,4.000000,0.000000,7.000000,15.000000,2.000000,5.000000,8097.000000,2266.000000,4820.000000,695.000000,601.000000,3.000000,
0.041251,0.537245,0.328075,0.253193,0.032488,-207837.549656,2.997480,2195607.000000,1874874.000000,3722527.000000,334752.000000,1282372.000000,1952.000000,539.000000,1146.000000,164.000000,144.000000,453.000000,125.000000,266.000000,38.000000,33.000000,2784.000000,769.000000,1633.000000,233.000000,205.000000,15.000000,8.000000,18.000000,3.000000,5.000000,0.000000,6.000000,12.000000,2.000000,4.000000,0.000000,7.000000,15.000000,2.000000,5.000000,8097.000000,2266.000000,4820.000000,695.000000,601.000000,3.000000,
0.041251,0.537245,0.328075,0.253193,0.032488,-207837.549656,2.997480,2195607.000000,1874874.000000,3722527.000000,334752.000000,1282372.000000,1952.000000,539.000000,1146.000000,164.000000,144.000000,453.000000,125.000000,266.000000,38.000000,33.000000,2784.000000,769.000000,1633.000000,233.000000,205.000000,15.000000,8.000000,18.000000,3.000000,5.000000,0.000000,6.000000,12.000000,2.000000,4.000000,0.000000,7.000000,15.000000,2.000000,5.000000,8097.000000,2266.000000,4820.000000,695.000000,601.000000,3.000000,
0.041251,0.537245,0.328075,0.253193,0.032488,-207837.549656,2.997480,2195607.000000,1874874.000000,3722527.000000,334752.000000,1282372.000000,1952.000000,539.000000,1146.000000,164.000000,144.000000,453.000000,125.000000,266.000000,38.000000,33.000000,2784.000000,769.000000,1633.000000,233.000000,205.000000,15.000000,8.000000,18.000000,3.000000,5.000000,0.000000,6.000000,12.000000,2.000000,4.000000,0.000000,7.000000,15.000000,2.000000,5.000000,8097.000000,2266.000000,4820.000000,695.000000,601.000000,3.000000,
0.041251,0.537245,0.328075,0.253193,0.032488,-207837.549656,2.997480,2195607.000000,1874874.000000,3722527.000000,334752.000000,1282372.000000,1952.000000,539.000000,1146.000000,164.000000,144.000000,453.000000,125.000000,266.000000,38.000000,33.000000,2784.000000,769.000000,1633.000000,233.000000,205.000000,15.000000,8.000000,18.000000,3.000000,5.000000,0.000000,6.000000,12.000000,2.000000,4.000000,0.000000,7.000000,15.000000,2.000000,5.000000,8097.000000,2266.000000,4820.000000,695.000000,601.000000,3.000000,
0.041251,0.537245,0.328075,0.253193,0.032488,-207837.549656,2.997480,2195607.000000,1874874.000000,3722527.000000,334752.000000,1282372.000000,1952.000000,539.000000,1146.000000,164.000000,144.000000,453.000000,125.000000,266.000000,38.000000,33.000000,2784.000000,769.000000,1633.000000,233.000000,205.000000,15.000000,8.000000,18.000000,3.000000,5.000000,0.000000,6.000000,12.000000,2.000000,4.000000,0.000000,7.000000,15.000000,2.000000,5.000000,8097.000000,2266.000000,4820.000000,695.000000,601.000000,3.000000,
0.041146,0.415059,0.331362,0.301903,0.024623,-208001.137832,2.995948,2195607.000000,1874874.000000,3722527.000000,334752.000000,1282372.000000,1952.000000,539.000000,1146.000000,164.000000,144.000000,453.000000,125.000000,266.000000,38.000000,33.000000,2784.000000,769.000000,1633.000000,233.000000,205.000000,15.000000,8.000000,18.000000,3.000000,5.000000,0.000000,6.000000,12.000000,2.000000,4.000000,0.000000,7.000000,15.000000,2.000000,5.000000,8097.000000,2266.000000,4820.000000,695.000000,601.000000,3.000000,
0.041146,0.415059,0.331362,0.301903,0.024623,-208001.137832,2.995948,2195607.000000,1874874.000000,3722527.000000,334752.000000,1282372.000000,1952.000000,539.000000,1146.000000,164.000000,144.000000,453.000000,125.000000,266.000000,38.000000,33.000000,2784.000000,769.000000,1633.000000,233.000000,205.000000,15.000000,8.000000,18.000000,3.000000,5.000000,0.000000,6.000000,12.000000,2.000000,4.000000,0.000000,7.000000,15.000000,2.000000,5.000000,8097.000000,2266.000000,4820.000000,695.000000,601.000000,3.000000,
0.041146,0.415059,0.331362,0.301903,0.024623,-208001.137832,2.995948,2195607.000000,1874874.000000,3722527.000000,334752.000000,1282372.000000,1952.000000,539.000000,1146.000000,164.000000,144.000000,453.000000,125.000000,266.000000,38.000000,33.000000,2784.000000,769.000000,1633.000000,233.000000,205.000000,15.000000,8.000000,18.000000,3.000000,5.000000,0.000000,6.000000,12.000000,2.000000,4.000000,0.000000,7.000000,15.000000,2.000000,5.000000,8097.000000,2266.000000,4820.000000,695.000000,601.000000,3.000000,
0.041146,0.415059,0.331362,0.301903,0.024623,-208001.137832,2.995948,2195607.000000,1874874.000000,3722527.000000,334752.000000,1282372.000000,1952.000000,539.000000,1146.000000,164.000000,144.000000,453.000000,125.000000,266.000000,38.000000,33.000000,2784.000000,769.000000,1633.000000,233.000000,205.000000,15.000000,8.000000,18.000000,3.000000,5.000000,0.000000,6.000000,12.000000,2.000000,4.000000,0.000000,7.000000,15.000000,2.000000,5.000000,8097.000000,2266.000000,4820.000000,695.000000,601.000000,3.000000,
0.041146,0.415059,0.331362,0.301903,0.024623,-208001.137832,2.995948,2195607.000000,1874874.000000,3722527.000000,334752.000000,1282372.000000,1952.000000,539.000000,1146.000000,164.000000,144.000000,453.000000,125.000000,266.000000,38.000000,33.000000,2784.000000,769.000000,1633.000000,233.000000,205.000000,15.000000,8.000000,18.000000,3.000000,5.000000,0.000000,6.000000,12.000000,2.000000,4.000000,0.000000,7.000000,15.000000,2.000000,5.000000,8097.000000,2266.000000,4820.000000,695.000000,601.000000,3.000000,
0.041146,0.415059,0.331362,0.301903,0.024623,-208001.137832,2.995948,2195607.000000,1874874.000000,3722527.000000,334752.000000,1282372.000000,1952.000000,539.000000,1146.000000,164.000000,144.000000,453.000000,125.000000,266.000000,38.000000,33.000000,2784.000000,769.000000,1633.000000,233.000000,205.000000,15.000000,8.000000,18.000000,3.000000,5.000000,0.000000,6.000000,12.000000,2.000000,4.000000,0.000000,7.000000,15.000000,2.000000,5.000000,8097.000000,2266.000000,4820.000000,695.000000,601.000000,3.000000,
0.041146,0.415059,0.331362,0.301903,0.024623,-208001.137832,2.995948,2195607.000000,1874874.000000,3722527.000000,334752.000000,1282372.000000,1952.000000,539.000000,1146.000000,164.000000,144.000000,453.000000,125.000000,266.000000,38.000000,33.000000,2784.000000,769.000000,1633.000000,233.000000,205.000000,15.000000,8.000000,18.000000,3.000000,5.000000,0.000000,6.000000,12.000000,2.000000,4.000000,0.000000,7.000000,15.000000,2.000000,5.000000,8097.000000,2266.000000,4820.000000,695.000000,601.000000,3.000000,
0.041359,0.556245,0.323558,0.269693,0.028572,-207613.777913,2.996875,2195607.000000,1874874.000000,3722527.000000,334752.000000,1282372.000000,1952.000000,539.000000,1146.000000,164.000000,144.000000,453.000000,125.000000,266.000000,38.000000,33.000000,2784.000000,769.000000,1633.000000,233.000000,205.000000,15.000000,8.000000,18.000000,3.000000,5.000000,0.000000,6.000000,12.000000,2.000000,4.000000,0.000000,7.000000,15.000000,2.000000,5.000000,8097.000000,2266.000000,4820.000000,695.000000,601.000000,3.000000,
0.041359,0.556245,0.323558,0.269693,0.028572,-207613.777913,2.996875,2195607.000000,1874874.000000,3722527.000000,334752.000000,1282372.000000,1952.000000,539.000000,1146.000000,164.000000,144.000000,453.000000,125.000000,266.000000,38.000000,33.000000,2784.000000,769.000000,1633.000000,233.000000,205.000000,15.000000,8.000000,18.000000,3.000000,5.000000,0.000000,6.000000,12.000000,2.000000,4.000000,0.000000,7.000000,15.000000,2.000000,5.000000,8097.000000,2266.000000,4820.000000,695.000000,601.000000,3.000000,
0.041359,0.556245,0.323558,0.269693,0.028572,-207613.777913,2.996875,2195607.000000,1874874.000000,3722527.000000,334752.000000,1282372.000000,1952.000000,539.000000,1146.000000,164.000000,144.000000,453.000000,125.000000,266.000000,38.000000,33.000000,2784.000000,769.000000,1633.000000,233.000000,205.000000,15.000000,8.000000,18.000000,3.000000,5.000000,0.000000,6.000000,12.000000,2.000000,4.000000,0.000000,7.000000,15.000000,2.000000,5.000000,8097.000000,2266.000000,4820.000000,695.000000,601.000000,3.000000,
0.041463,0.536644,0.318173,0.257383,0.022266,-207348.659332,2.994306,2195607.000000,1874874.000000,3722527.000000,334752.000000,1282372.000000,1952.000000,539.000000,1146.000000,164.000000,144.000000,453.000000,125.000000,266.000000,38.000000,33.000000,2784.000000,769.000000,1633.000000,233.000000,205.000000,15.000000,8.000000,18.000000,3.000000,5.000000,0.000000,6.000000,12.000000,2.000000,4.000000,0.000000,7.000000,15.000000,2.000000,5.000000,8097.000000,2266.000000,4820.000000,695.000000,601.000000,3.000000,
0.041463,0.536644,0.318173,0.257383,0.022266,-207348.659332,2.994306,2195607.000000,1874874.000000,3722527.000000,334752.000000,1282372.000000,1952.000000,539.000000,1146.000000,164.000000,144.000000,453.000000,125.000000,266.000000,38.000000,33.000000,2784.000000,769.000000,1633.000000,233.000000,205.000000,15.000000,8.000000,18.000000,3.000000,5.000000,0.000000,6.000000,12.000000,2.000000,4.000000,0.000000,7.000000,15.000000,2.000000,5.000000,8097.000000,2266.000000,4820.000000,695.000000,601.000000,3.000000,
0.041463,0.536644,0.318173,0.257383,0.022266,-207348.659332,2.994306,2195607.000000,1874874.000000,3722527.000000,334752.000000,1282372.000000,1952.000000,539.000000,1146.000000,164.000000,144.000000,453.000000,125.000000,266.000000,38.000000,33.000000,2784.000000,769.000000,1633.000000,233.000000,205.000000,15.000000,8.000000,18.000000,3.000000,5.000000,0.000000,6.000000,12.000000,2.000000,4.000000,0.000000,7.000000,15.000000,2.000000,5.000000,8097.000000,2266.000000,4820.000000,695.000000,601.000000,3.000000,
0.041463,0.536644,0.318173,0.257383,0.022266,-207348.659332,2.994306,2195607.000000,1874874.000000,3722527.000000,334752.000000,1282372.000000,1952.000000,539.000000,1146.000000,164.000000,144.000000,453.000000,125.000000,266.000000,38.000000,33.000000,2784.000000,769.000000,1633.000000,233.000000,205.000000,15.000000,8.000000,18.000000,3.000000,5.000000,0.000000,6.000000,12.000000,2.000000,4.000000,0.000000,7.000000,15.000000,2.000000,5.000000,8097.000000,2266.000000,4820.000000,695.000000,601.000000,3.000000,
0.041326,0.510802,0.326586,0.268921,0.020984,-207763.721792,3.000172,2195607.000000,1874874.000000,3722527.000000,334752.000000,1282372.000000,1952.000000,539.000000,1146.000000,164.000000,144.000000,453.000000,125.000000,266.000000,38.000000,33.000000,2784.000000,769.000000,1633.000000,233.000000,205.000000,15.000000,8.000000,18.000000,3.000000,5.000000,0.000000,6.000000,12.000000,2.000000,4.000000,0.000000,7.000000,15.000000,2.000000,5.000000,8097.000000,2266.000000,4820.000000,695.000000,601.000000,3.000000,
0.041326,0.510802,0.326586,0.268921,0.020984,-207763.721792,3.000172,2195607.000000,1874874.000000,3722527.000000,334752.000000,1282372.000000,1952.000000,539.000000,1146.000000,164.000000,144.000000,453.000000,125.000000,266.000000,38.000000,33.000000,2784.000000,769.000000,1633.000000,233.000000,205.000000,15.000000,8.000000,18.000000,3.000000,5.000000,0.000000,6.000000,12.000000,2.000000,4.000000,0.000000,7.000000,15.000000,2.000000,5.000000,8097.000000,2266.000000,4820.000000,695.000000,601.000000,3.000000,
0.041295,0.406961,0.329564,0.272867,0.022524,-207911.754407,3.003419,2195607.000000,1874874.000000,3722527.000000,334752.000000,1282372.000000,1952.000000,539.000000,1146.000000,164.000000,144.000000,453.000000,125.000000,266.000000,38.000000,33.000000,2784.000000,769.000000,1633.000000,233.000000,205.000000,15.000000,8.000000,18.000000,3.000000,5.000000,0.000000,6.000000,12.000000,2.000000,4.000000,0.000000,7.000000,15.000000,2.000000,5.000000,8097.000000,2266.000000,4820.000000,695.000000,601.000000,3.000000,
0.041295,0.406961,0.329564,0.272867,0.022524,-207911.754407,3.003419,2195607.000000,1874874.000000,3722527.000000,334752.000000,1282372.000000,1952.000000,539.000000,1146.000000,164.000000,144.000000,453.000000,125.000000,266.000000,38.000000,33.000000,2784.000000,769.000000,1633.000000,233.000000,205.000000,15.000000,8.000000,18.000000,3.000000,5.000000,0.000000,6.000000,12.000000,2.000000,4.000000,0.000000,7.000000,15.000000,2.000000,5.000000,8097.000000,2266.000000,4820.000000,695.000000,601.000000,3.000000,
0.041295,0.406961,0.329564,0.272867,0.022524,-207911.754407,3.003419,2195607.000000,1874874.000000,3722527.000000,334752.000000,1282372.000000,1952.000000,539.000000,1146.000000,164.000000,144.000000,453.000000,125.000000,266.000000,38.000000,33.000000,2784.000000,769.000000,1633.000000,233.000000,205.000000,15.000000,8.000000,18.000000,3.000000,5.000000,0.000000,6.000000,12.000000,2.000000,4.000000,0.000000,7.000000,15.000000,2.000000,5.000000,8097.000000,2266.000000,4820.000000,695.000000,601.000000,3.000000,
0.041295,0.406961,0.329564,0.272867,0.022524,-207911.754407,3.003419,2195607.000000,1874874.000000,3722527.000000,334752.000000,1282372.000000,1952.000000,539.000000,1146.000000,164.000000,144.000000,453.000000,125.000000,266.000000,38.000000,33.000000,2784.000000,769.000000,1633.000000,233.000000,205.000000,15.000000,8.000000,18.000000,3.000000,5.000000,0.000000,6.000000,12.000000,2.000000,4.000000,0.000000,7.000000,15.000000,2.000000,5.000000,8097.000000,2266.000000,4820.000000,695.000000,601.000000,3.000000,
0.041295,0.406961,0.329564,0.272867,0.022524,-207911.754407,3.003419,2195607.000000,1874874.000000,3722527.000000,334752.000000,1282372.000000,1952.000000,539.000000,1146.000000,164.000000,144.000000,453.000000,125.000000,266.000000,38.000000,33.000000,2784.000000,769.000000,1633.000000,233.000000,205.000000,15.000000,8.000000,18.000000,3.000000,5.000000,0.000000,6.000000,12.000000,2.000000,4.000000,0.000000,7.000000,15.000000,2.000000,5.000000,8097.000000,2266.000000,4820.000000,695.000000,601.000000,3.000000,
0.041295,0.406961,0.329564,0.272867,0.022524,-207911.754407,3.003419,2195607.000000,1874874.000000,3722527.000000,334752.000000,1282372.000000,1952.000000,539.000000,1146.000000,164.000000,144.000000,453.000000,125.000000,266.000000,38.000000,33.000000,2784.000000,769.000000,1633.000000,233.000000,205.000000,15.000000,8.000000,18.000000,3.000000,5.000000,0.000000,6.000000,12.000000,2.000000,4.000000,0.000000,7.000000,15.000000,2.000000,5.000000,8097.000000,2266.000000,4820.000000,695.000000,601.000000,3.000000,
0.041295,0.406961,0.329564,0.272867,0.022524,-207911.754407,3.003419,2195607.000000,1874874.000000,3722527.000000,334752.000000,1282372.000000,1952.000000,539.000000,1146.000000,164.000000,144.000000,453.000000,125.000000,266.000000,38.000000,33.000000,2784.000000,769.000000,1633.000000,233.000000,205.000000,15.000000,8.000000,18.000000,3.000000,5.000000,0.000000,6.000000,12.000000,2.000000,4.000000,0.000000,7.000000,15.000000,2.000000,5.000000,8097.000000,2266.000000,4820.000000,695.000000,601.000000,3.000000,
0.041295,0.406961,0.329564,0.272867,0.022524,-207911.754407,3.003419,2195607.000000,1874874.000000,3722527.000000,334752.000000,1282372.000000,1952.000000,539.000000,1146.000000,164.000000,144.000000,453.000000,125.000000,266.000000,38.000000,33.000000,2784.000000,769.000000,1633.000000,233.000000,205.000000,15.000000,8.000000,18.000000,3.000000,5.000000,0.000000,6.000000,12.000000,2.000000,4.000000,0.000000,7.000000,15.000000,2.000000,5.000000,8097.000000,2266.000000,4820.000000,695.000000,601.000000,3.000000,
0.041295,0.406961,0.329564,0.272867,0.022524,-207911.754407,3.003419,2195607.000000,1874874.000000,3722527.000000,334752.000000,1282372.000000,1952.000000,539.000000,1146.000000,164.000000,144.000000,453.000000,125.000000,266.000000,38.000000,33.000000,2784.000000,769.000000,1633.000000,233.000000,205.000000,15.000000,8.000000,18.000000,3.000000,5.000000,0.000000,6.000000,12.000000,2.000000,4.000000,0.000000,7.000000,15.000000,2.000000,5.000000,8097.000000,2266.000000,4820.000000,695.000000,601.000000,3.000000,
0.041295,0.406961,0.329564,0.272867,0.022524,-207911.754407,3.003419,2195607.000000,1874874.000000,3722527.000000,334752.000000,1282372.000000,1952.000000,539.000000,1146.000000,164.000000,144.000000,453.000000,125.000000,266.000000,38.000000,33.000000,2784.000000,769.000000,1633.000000,233.000000,205.000000,15.000000,8.000000,18.000000,3.000000,5.000000,0.000000,6.000000,12.000000,2.000000,4.000000,0.000000,7.000000,15.000000,2.000000,5.000000,8097.000000,2266.000000,4820.000000,695.000000,601.000000,3.000000,
0.041295,0.406961,0.329564,0.272867,0.022524,-207911.754407,3.003419,2195607.000000,1874874.000000,3722527.000000,334752.000000,1282372.000000,1952.000000,539.000000,1146.000000,164.000000,144.000000,453.000000,125.000000,266.000000,38.000000,33.000000,2784.000000,769.000000,1633.000000,233.000000,205.000000,15.000000,8.000000,18.000000,3.000000,5.000000,0.000000,6.000000,12.000000,2.000000,4.000000,0.000000,7.000000,15.000000,2.000000,5.000000,8097.000000,2266.000000,4820.000000,695.000000,601.000000,3.000000,
0.041295,0.406961,0.329564,0.272867,0.022524,-207911.754407,3.003419,2195607.000000,1874874.000000,3722527.000000,334752.000000,1282372.000000,1952.000000,539.000000,1146.000000,164.000000,144.000000,453.000000,125.000000,266.000000,38.000000,33.000000,2784.000000,769.000000,1633.000000,233.000000,205.000000,15.000000,8.000000,18.000000,3.000000,5.000000,0.000000,6.000000,12.000000,2.000000,4.000000,0.000000,7.000000,15.000000,2.000000,5.000000,8097.000000,2266.000000,4820.000000,695.000000,601.000000,3.000000,
0.041130,0.451158,0.337617,0.254858,0.015447,-208314.687344,3.006373,2195607.000000,1874874.000000,3722527.000000,334752.000000,1282372.000000,1952.000000,539.000000,1146.000000,164.000000,144.000000,453.000000,125.000000,266.000000,38.000000,33.000000,2784.000000,769.000000,1633.000000,233.000000,205.000000,15.000000,8.000000,18.000000,3.000000,5.000000,0.000000,6.000000,12.000000,2.000000,4.000000,0.000000,7.000000,15.000000,2.000000,5.000000,8097.000000,2266.000000,4820.000000,695.000000,601.000000,3.000000,
0.041025,0.639781,0.338769,0.254530,0.018375,-208372.520550,3.000860,2195607.000000,1874874.000000,3722527.000000,334752.000000,1282372.000000,1952.000000,539.000000,1146.000000,164.000000,144.000000,453.000000,125.000000,266.000000,38.000000,33.000000,2784.000000,769.000000,1633.000000,233.000000,205.000000,15.000000,8.000000,18.000000,3.000000,5.000000,0.000000,6.000000,12.000000,2.000000,4.000000,0.000000,7.000000,15.000000,2.000000,5.000000,8097.000000,2266.000000,4820.000000,695.000000,601.000000,3.000000,
0.041025,0.639781,0.338769,0.254530,0.018375,-208372.520550,3.000860,2195607.000000,1874874.000000,3722527.000000,334752.000000,1282372.000000,1952.000000,539.000000,1146.000000,164.000000,144.000000,453.000000,125.000000,266.000000,38.000000,33.000000,2784.000000,769.000000,1633.000000,233.000000,205.000000,15.000000,8.000000,18.000000,3.000000,5.000000,0.000000,6.000000,12.000000,2.000000,4.000000,0.000000,7.000000,15.000000,2.000000,5.000000,8097.000000,2266.000000,4820.000000,695.000000,601.000000,3.000000,
0.041025,0.639781,0.338769,0.254530,0.018375,-208372.520550,3.000860,2195607.000000,1874874.000000,3722527.000000,334752.000000,1282372.000000,1952.000000,539.000000,1146.000000,164.000000,144.000000,453.000000,125.000000,266.000000,38.000000,33.000000,2784.000000,769.000000,1633.000000,233.000000,205.000000,15.000000,8.000000,18.000000,3.000000,5.000000,0.000000,6.000000,12.000000,2.000000,4.000000,0.000000,7.000000,15.000000,2.000000,5.000000,8097.000000,2266.000000,4820.000000,695.000000,601.000000,3.000000,
0.041025,0.639781,0.338769,0.254530,0.018375,-208372.520550,3.000860,2195607.000000,1874874.000000,3722527.000000,334752.000000,1282372.000000,1952.000000,539.000000,1146.000000,164.000000,144.000000,453.000000,125.000000,266.000000,38.000000,33.000000,2784.000000,769.000000,1633.000000,233.000000,205.000000,15.000000,8.000000,18.000000,3.000000,5.000000,0.000000,6.000000,12.000000,2.000000,4.000000,0.000000,7.000000,15.000000,2.000000,5.000000,8097.000000,2266.000000,4820.000000,695.000000,601.000000,3.000000,
0.041274,0.971648,0.320900,0.265694,0.014950,-207482.455646,2.985805,2195607.000000,1874874.000000,3722527.000000,334752.000000,1282372.000000,1952.000000,539.000000,1146.000000,164.000000,144.000000,453.000000,125.000000,266.000000,38.000000,33.000000,2784.000000,769.000000,1633.000000,233.000000,205.000000,15.000000,8.000000,18.000000,3.000000,5.000000,0.000000,6.000000,12.000000,2.000000,4.000000,0.000000,7.000000,15.000000,2.000000,5.000000,8097.000000,2266.000000,4820.000000,695.000000,601.000000,3.000000,
0.041077,0.600396,0.332950,0.295052,0.011970,-208080.382749,2.993873,2195607.000000,1874874.000000,3722527.000000,334752.000000,1282372.000000,1952.000000,539.000000,1146.000000,164.000000,144.000000,453.000000,125.000000,266.000000,38.000000,33.000000,2784.000000,769.000000,1633.000000,233.000000,205.000000,15.000000,8.000000,18.000000,3.000000,5.000000,0.000000,6.000000,12.000000,2.000000,4.000000,0.000000,7.000000,15.000000,2.000000,5.000000,8097.000000,2266.000000,4820.000000,695.000000,601.000000,3.000000,
0.041077,0.600396,0.332950,0.295052,0.011970,-208080.382749,2.993873,2195607.000000,1874874.000000,3722527.000000,334752.000000,1282372.000000,1952.000000,539.000000,1146.000000,164.000000,144.000000,453.000000,125.000000,266.000000,38.000000,33.000000,2784.000000,769.000000,1633.000000,233.000000,205.000000,15.000000,8.000000,18.000000,3.000000,5.000000,0.000000,6.000000,12.000000,2.000000,4.000000,0.000000,7.000000,15.000000,2.000000,5.000000,8097.000000,2266.000000,4820.000000,695.000000,601.000000,3.000000,
0.041077,0.600396,0.332950,0.295052,0.011970,-208080.382749,2.993873,2195607.000000,1874874.000000,3722527.000000,334752.000000,1282372.000000,1952.000000,539.000000,1146.000000,164.000000,144.000000,453.000000,125.000000,266.000000,38.000000,33.000000,2784.000000,769.000000,1633.000000,233.000000,205.000000,15.000000,8.000000,18.000000,3.000000,5.000000,0.000000,6.000000,12.000000,2.000000,4.000000,0.000000,7.000000,15.000000,2.000000,5.000000,8097.000000,2266.000000,4820.000000,695.000000,601.000000,3.000000,
0.041077,0.600396,0.332950,0.295052,0.011970,-208080.382749,2.993873,2195607.000000,1874874.000000,3722527.000000,334752.000000,1282372.000000,1952.000000,539.000000,1146.000000,164.000000,144.000000,453.000000,125.000000,266.000000,38.000000,33.000000,2784.000000,769.000000,1633.000000,233.000000,205.000000,15.000000,8.000000,18.000000,3.000000,5.000000,0.000000,6.000000,12.000000,2.000000,4.000000,0.000000,7.000000,15.000000,2.000000,5.000000,8097.000000,2266.000000,4820.000000,695.000000,601.000000,3.000000,
0.041077,0.600396,0.332950,0.295052,0.011970,-208080.382749,2.993873,2195607.000000,1874874.000000,3722527.000000,334752.000000,1282372.000000,1952.000000,539.000000,1146.000000,164.000000,144.000000,453.000000,125.000000,266.000000,38.000000,33.000000,2784.000000,769.000000,1633.000000,233.000000,205.000000,15.000000,8.000000,18.000000,3.000000,5.000000,0.000000,6.000000,12.000000,2.000000,4.000000,0.000000,7.000000,15.000000,2.000000,5.000000,8097.000000,2266.000000,4820.000000,695.000000,601.000000,3.000000,
0.041077,0.600396,0.332950,0.295052,0.011970,-208080.382749,2.993873,2195607.000000,1874874.000000,3722527.000000,334752.000000,1282372.000000,1952.000000,539.000000,1146.000000,164.000000,144.000000,453.000000,125.000000,266.000000,38.000000,33.000000,2784.000000,769.000000,1633.000000,233.000000,205.000000,15.000000,8.000000,18.000000,3.000000,5.000000,0.000000,6.000000,12.000000,2.000000,4.000000,0.000000,7.000000,15.000000,2.000000,5.000000,8097.000000,2266.000000,4820.000000,695.000000,601.000000,3.000000,
0.041077,0.600396,0.332950,0.295052,0.011970,-208080.382749,2.993873,2195607.000000,1874874.000000,3722527.000000,334752.000000,1282372.000000,1952.000000,539.000000,1146.000000,164.000000,144.000000,453.000000,125.000000,266.000000,38.000000,33.000000,2784.000000,769.000000,1633.000000,233.000000,205.000000,15.000000,8.000000,18.000000,3.000000,5.000000,0.000000,6.000000,12.000000,2.000000,4.000000,0.000000,7.000000,15.000000,2.000000,5.000000,8097.000000,2266.000000,4820.000000,695.000000,601.000000,3.000000,
0.041077,0.600396,0.332950,0.295052,0.011970,-208080.382749,2.993873,2195607.000000,1874874.000000,3722527.000000,334752.000000,1282372.000000,1952.000000,539.000000,1146.000000,164.000000,144.000000,453.000000,125.000000,266.000000,38.000000,33.000000,2784.000000,769.000000,1633.000000,233.000000,205.000000,15.000000,8.000000,18.000000,3.000000,5.000000,0.000000,6.000000,12.000000,2.000000,4.000000,0.000000,7.000000,15.000000,2.000000,5.000000,8097.000000,2266.000000,4820.000000,695.000000,601.000000,3.000000,
0.041077,0.600396,0.332950,0.295052,0.011970,-208080.382749,2.993873,2195607.000000,1874874.000000,3722527.000000,334752.000000,1282372.000000,1952.000000,539.000000,1146.000000,164.000000,144.000000,453.000000,125.000000,266.000000,38.000000,33.000000,2784.000000,769.000000,1633.000000,233.000000,205.000000,15.000000,8.000000,18.000000,3.000000,5.000000,0.000000,6.000000,12.000000,2.000000,4.000000,0.000000,7.000000,15.000000,2.000000,5.000000,8097.000000,2266.000000,4820.000000,695.000000,601.000000,3.000000,
0.041152,0.688877,0.332368,0.295431,0.011076,-208051.427881,2.998252,2195607.000000,1874874.000000,3722527.000000,334752.000000,1282372.000000,1952.000000,539.000000,1146.000000,164.000000,144.000000,453.000000,125.000000,266.000000,38.000000,33.000000,2784.000000,769.000000,1633.000000,233.000000,205.000000,15.000000,8.000000,18.000000,3.000000,5.000000,0.000000,6.000000,12.000000,2.000000,4.000000,0.000000,7.000000,15.000000,2.000000,5.000000,8097.000000,2266.000000,4820.000000,695.000000,601.000000,3.000000,
0.041152,0.688877,0.332368,0.295431,0.011076,-208051.427881,2.998252,2195607.000000,1874874.000000,3722527.000000,334752.000000,1282372.000000,1952.000000,539.000000,1146.000000,164.000000,144.000000,453.000000,125.000000,266.000000,38.000000,33.000000,2784.000000,769.000000,1633.000000,233.000000,205.000000,15.000000,8.000000,18.000000,3.000000,5.000000,0.000000,6.000000,12.000000,2.000000,4.000000,0.000000,7.000000,15.000000,2.000000,5.000000,8097.000000,2266.000000,4820.000000,695.000000,601.000000,3.000000,
0.041152,0.688877,0.332368,0.295431,0.011076,-208051.427881,2.998252,2195607.000000,1874874.000000,3722527.000000,334752.000000,1282372.000000,1952.000000,539.000000,1146.000000,164.000000,144.000000,453.000000,125.000000,266.000000,38.000000,33.000000,2784.000000,769.000000,1633.000000,233.000000,205.000000,15.000000,8.000000,18.000000,3.000000,5.000000,0.000000,6.000000,12.000000,2.000000,4.000000,0.000000,7.000000,15.000000,2.000000,5.000000,8097.000000,2266.000000,4820.000000,695.000000,601.000000,3.000000,
0.041152,0.688877,0.332368,0.295431,0.011076,-208051.427881,2.998252,2195607.000000,1874874.000000,3722527.000000,334752.000000,1282372.000000,1952.000000,539.000000,1146.000000,164.000000,144.000000,453.000000,125.000000,266.000000,38.000000,33.000000,2784.000000,769.000000,1633.000000,233.000000,205.000000,15.000000,8.000000,18.000000,3.000000,5.000000,0.000000,6.000000,12.000000,2.000000,4.000000,0.000000,7.000000,15.000000,2.000000,5.000000,8097.000000,2266.000000,4820.000000,695.000000,601.000000,3.000000,
0.041152,0.688877,0.332368,0.295431,0.011076,-208051.427881,2.998252,2195607.000000,1874874.000000,3722527.000000,334752.000000,1282372.000000,1952.000000,539.000000,1146.000000,164.000000,144.000000,453.000000,125.000000,266.000000,38.000000,33.000000,2784.000000,769.000000,1633.000000,233.000000,205.000000,15.000000,8.000000,18.000000,3.000000,5.000000,0.000000,6.000000,12.000000,2.000000,4.000000,0.000000,7.000000,15.000000,2.000000,5.000000,8097.000000,2266.000000,4820.000000,695.000000,601.000000,3.000000,
0.041152,0.688877,0.332368,0.295431,0.011076,-208051.427881,2.998252,2195607.000000,1874874.000000,3722527.000000,334752.000000,1282372.000000,1952.000000,539.000000,1146.000000,164.000000,144.000000,453.000000,125.000000,266.000000,38.000000,33.000000,2784.000000,769.000000,1633.000000,233.000000,205.000000,15.000000,8.000000,18.000000,3.000000,5.000000,0.000000,6.000000,12.000000,2.000000,4.000000,0.000000,7.000000,15.000000,2.000000,5.000000,8097.000000,2266.000000,4820.000000,695.000000,601.000000,3.000000,
0.041112,0.512872,0.335602,0.300874,0.010999,-208213.364622,3.001363,2195607.000000,1874874.000000,3722527.000000,334752.000000,1282372.000000,1952.000000,539.000000,1146.000000,164.000000,144.000000,453.000000,125.000000,266.000000,38.000000,33.000000,2784.000000,769.000000,1633.000000,233.000000,205.000000,15.000000,8.000000,18.000000,3.000000,5.000000,0.000000,6.000000,12.000000,2.000000,4.000000,0.000000,7.000000,15.000000,2.000000,5.000000,8097.000000,2266.000000,4820.000000,695.000000,601.000000,3.000000,
0.041112,0.512872,0.335602,0.300874,0.010999,-208213.364622,3.001363,2195607.000000,1874874.000000,3722527.000000,334752.000000,1282372.000000,1952.000000,539.000000,1146.000000,164.000000,144.000000,453.000000,125.000000,266.000000,38.000000,33.000000,2784.000000,769.000000,1633.000000,233.000000,205.000000,15.000000,8.000000,18.000000,3.000000,5.000000,0.000000,6.000000,12.000000,2.000000,4.000000,0.000000,7.000000,15.000000,2.000000,5.000000,8097.000000,2266.000000,4820.000000,695.000000,601.000000,3.000000,
0.041112,0.512872,0.335602,0.300874,0.010999,-208213.364622,3.001363,2195607.000000,1874874.000000,3722527.000000,334752.000000,1282372.000000,1952.000000,539.000000,1146.000000,164.000000,144.000000,453.000000,125.000000,266.000000,38.000000,33.000000,2784.000000,769.000000,1633.000000,233.000000,205.000000,15.000000,8.000000,18.000000,3.000000,5.000000,0.000000,6.000000,12.000000,2.000000,4.000000,0.000000,7.000000,15.000000,2.000000,5.000000,8097.000000,2266.000000,4820.000000,695.000000,601.000000,3.000000,
0.041112,0.512872,0.335602,0.300874,0.010999,-208213.364622,3.001363,2195607.000000,1874874.000000,3722527.000000,334752.000000,1282372.000000,1952.000000,539.000000,1146.000000,164.000000,144.000000,453.000000,125.000000,266.000000,38.000000,33.000000,2784.000000,769.000000,1633.000000,233.000000,205.000000,15.000000,8.000000,18.000000,3.000000,5.000000,0.000000,6.000000,12.000000,2.000000,4.000000,0.000000,7.000000,15.000000,2.000000,5.000000,8097.000000,2266.000000,4820.000000,695.000000,601.000000,3.000000,
0.040928,0.374260,0.344960,0.249258,0.012088,-208685.637255,3.005193,2195607.000000,1874874.000000,3722527.000000,334752.000000,1282372.000000,1952.000000,539.000000,1146.000000,164.000000,144.000000,453.000000,125.000000,266.000000,38.000000,33.000000,2784.000000,769.000000,1633.000000,233.000000,205.000000,15.000000,8.000000,18.000000,3.000000,5.000000,0.000000,6.000000,12.000000,2.000000,4.000000,0.000000,7.000000,15.000000,2.000000,5.000000,8097.000000,2266.000000,4820.000000,695.000000,601.000000,3.000000,
0.040928,0.374260,0.344960,0.249258,0.012088,-208685.637255,3.005193,2195607.000000,1874874.000000,3722527.000000,334752.000000,1282372.000000,1952.000000,539.000000,1146.000000,164.000000,144.000000,453.000000,125.000000,266.000000,38.000000,33.000000,2784.000000,769.000000,1633.000000,233.000000,205.000000,15.000000,8.000000,18.000000,3.000000,5.000000,0.000000,6.000000,12.000000,2.000000,4.000000,0.000000,7.000000,15.000000,2.000000,5.000000,8097.000000,2266.000000,4820.000000,695.000000,601.000000,3.000000,
0.040928,0.374260,0.344960,0.249258,0.012088,-208685.637255,3.005193,2195607.000000,1874874.000000,3722527.000000,334752.000000,1282372.000000,1952.000000,539.000000,1146.000000,164.000000,144.000000,453.000000,125.000000,266.000000,38.000000,33.000000,2784.000000,769.000000,1633.000000,233.000000,205.000000,15.000000,8.000000,18.000000,3.000000,5.000000,0.000000,6.000000,12.000000,2.000000,4.000000,0.000000,7.000000,15.000000,2.000000,5.000000,8097.000000,2266.000000,4820.000000,695.000000,601.000000,3.000000,
0.040928,0.374260,0.344960,0.249258,0.012088,-208685.637255,3.005193,2195607.000000,1874874.000000,3722527.000000,334752.000000,1282372.000000,1952.000000,539.000000,1146.000000,164.000000,144.000000,453.000000,125.000000,266.000000,38.000000,33.000000,2784.000000,769.000000,1633.000000,233.000000,205.000000,15.000000,8.000000,18.000000,3.000000,5.000000,0.000000,6.000000,12.000000,2.000000,4.000000,0.000000,7.000000,15.000000,2.000000,5.000000,8097.000000,2266.000000,4820.000000,695.000000,601.000000,3.000000,
0.040928,0.374260,0.344960,0.249258,0.012088,-208685.637255,3.005193,2195607.000000,1874874.000000,3722527.000000,334752.000000,1282372.000000,1952.000000,539.000000,1146.000000,164.000000,144.000000,453.000000,125.000000,266.000000,38.000000,33.000000,2784.000000,769.000000,1633.000000,233.000000,205.000000,15.000000,8.000000,18.000000,3.000000,5.000000,0.000000,6.000000,12.000000,2.000000,4.000000,0.000000,7.000000,15.000000,2.000000,5.000000,8097.000000,2266.000000,4820.000000,695.000000,601.000000,3.000000,
0.040928,0.374260,0.344960,0.249258,0.012088,-208685.637255,3.005193,2195607.000000,1874874.000000,3722527.000000,334752.000000,1282372.000000,1952.000000,539.000000,1146.000000,164.000000,144.000000,453.000000,125.000000,266.000000,38.000000,33.000000,2784.000000,769.000000,1633.000000,233.000000,205.000000,15.000000,8.000000,18.000000,3.000000,5.000000,0.000000,6.000000,12.000000,2.000000,4.000000,0.000000,7.000000,15.000000,2.000000,5.000000,8097.000000,2266.000000,4820.000000,695.000000,601.000000,3.000000,
0.040928,0.374260,0.344960,0.249258,0.012088,-208685.637255,3.005193,2195607.000000,1874874.000000,3722527.000000,334752.000000,1282372.000000,1952.000000,539.000000,1146.000000,164.000000,144.000000,453.000000,125.000000,266.000000,38.000000,33.000000,2784.000000,769.000000,1633.000000,233.000000,205.000000,15.000000,8.000000,18.000000,3.000000,5.000000,0.000000,6.000000,12.000000,2.000000,4.000000,0.000000,7.000000,15.000000,2.000000,5.000000,8097.000000,2266.000000,4820.000000,695.000000,601.000000,3.000000,
0.040928,0.374260,0.344960,0.249258,0.012088,-208685.637255,3.005193,2195607.000000,1874874.000000,3722527.000000,334752.000000,1282372.000000,1952.000000,539.000000,1146.000000,164.000000,144.000000,453.000000,125.000000,266.000000,38.000000,33.000000,2784.000000,769.000000,1633.000000,233.000000,205.000000,15.000000,8.000000,18.000000,3.000000,5.000000,0.000000,6.000000,12.000000,2.000000,4.000000,0.000000,7.000000,15.000000,2.000000,5.000000,8097.000000,2266.000000,4820.000000,695.000000,601.000000,3.000000,
0.040928,0.374260,0.344960,0.249258,0.012088,-208685.637255,3.005193,2195607.000000,1874874.000000,3722527.000000,334752.000000,1282372.000000,1952.000000,539.000000,1146.000000,164.000000,144.000000,453.000000,125.000000,266.000000,38.000000,33.000000,2784.000000,769.000000,1633.000000,233.000000,205.000000,15.000000,8.000000,18.000000,3.000000,5.000000,0.000000,6.000000,12.000000,2.000000,4.000000,0.000000,7.000000,15.000000,2.000000,5.000000,8097.000000,2266.000000,4820.000000,695.000000,601.000000,3.000000,
0.040974,0.419346,0.342487,0.246339,0.012319,-208560.283847,3.003977,2195607.000000,1874874.000000,3722527.000000,334752.000000,1282372.000000,1952.000000,539.000000,1146.000000,164.000000,144.000000,453.000000,125.000000,266.000000,38.000000,33.000000,2784.000000,769.000000,1633.000000,233.000000,205.000000,15.000000,8.000000,18.000000,3.000000,5.000000,0.000000,6.000000,12.000000,2.000000,4.000000,0.000000,7.000000,15.000000,2.000000,5.000000,8097.000000,2266.000000,4820.000000,695.000000,601.000000,3.000000,
0.040974,0.419346,0.342487,0.246339,0.012319,-208560.283847,3.003977,2195607.000000,1874874.000000,3722527.000000,334752.000000,1282372.000000,1952.000000,539.000000,1146.000000,164.000000,144.000000,453.000000,125.000000,266.000000,38.000000,33.000000,2784.000000,769.000000,1633.000000,233.000000,205.000000,15.000000,8.000000,18.000000,3.000000,5.000000,0.000000,6.000000,12.000000,2.000000,4.000000,0.000000,7.000000,15.000000,2.000000,5.000000,8097.000000,2266.000000,4820.000000,695.000000,601.000000,3.000000,
0.040974,0.419346,0.342487,0.246339,0.012319,-208560.283847,3.003977,2195607.000000,1874874.000000,3722527.000000,334752.000000,1282372.000000,1952.000000,539.000000,1146.000000,164.000000,144.000000,453.000000,125.000000,266.000000,38.000000,33.000000,2784.000000,769.000000,1633.000000,233.000000,205.000000,15.000000,8.000000,18.000000,3.000000,5.000000,0.000000,6.000000,12.000000,2.000000,4.000000,0.000000,7.000000,15.000000,2.000000,5.000000,8097.000000,2266.000000,4820.000000,695.000000,601.000000,3.000000,
0.040974,0.419346,0.342487,0.246339,0.012319,-208560.283847,3.003977,2195607.000000,1874874.000000,3722527.000000,334752.000000,1282372.000000,1952.000000,539.000000,1146.000000,164.000000,144.000000,453.000000,125.000000,266.000000,38.000000,33.000000,2784.000000,769.000000,1633.000000,233.000000,205.000000,15.000000,8.000000,18.000000,3.000000,5.000000,0.000000,6.000000,12.000000,2.000000,4.000000,0.000000,7.000000,15.000000,2.000000,5.000000,8097.000000,2266.000000,4820.000000,695.000000,601.000000,3.000000,
0.040974,0.419346,0.342487,0.246339,0.012319,-208560.283847,3.003977,2195607.000000,1874874.000000,3722527.000000,334752.000000,1282372.000000,1952.000000,539.000000,1146.000000,164.000000,144.000000,453.000000,125.000000,266.000000,38.000000,33.000000,2784.000000,769.000000,1633.000000,233.000000,205.000000,15.000000,8.000000,18.000000,3.000000,5.000000,0.000000,6.000000,12.000000,2.000000,4.000000,0.000000,7.000000,15.000000,2.000000,5.000000,8097.000000,2266.000000,4820.000000,695.000000,601.000000,3.000000,
0.040974,0.419346,0.342487,0.246339,0.012319,-208560.283847,3.003977,2195607.000000,1874874.000000,3722527.000000,334752.000000,1282372.000000,1952.000000,539.000000,1146.000000,164.000000,144.000000,453.000000,125.000000,266.000000,38.000000,33.000000,2784.000000,769.000000,1633.000000,233.000000,205.000000,15.000000,8.000000,18.000000,3.000000,5.000000,0.000000,6.000000,12.000000,2.000000,4.000000,0.000000,7.000000,15.000000,2.000000,5.000000,8097.000000,2266.000000,4820.000000,695.000000,601.000000,3.000000,
0.040974,0.419346,0.342487,0.246339,0.012319,-208560.283847,3.003977,2195607.000000,1874874.000000,3722527.000000,334752.000000,1282372.000000,1952.000000,539.000000,1146.000000,164.000000,144.000000,453.000000,125.000000,266.000000,38.000000,33.000000,2784.000000,769.000000,1633.000000,233.000000,205.000000,15.000000,8.000000,18.000000,3.000000,5.000000,0.000000,6.000000,12.000000,2.000000,4.000000,0.000000,7.000000,15.000000,2.000000,5.000000,8097.000000,2266.000000,4820.000000,695.000000,601.000000,3.000000,
0.040974,0.419346,0.342487,0.246339,0.012319,-208560.283847,3.003977,2195607.000000,1874874.000000,3722527.000000,334752.000000,1282372.000000,1952.000000,539.000000,1146.000000,164.000000,144.000000,453.000000,125.000000,266.000000,38.000000,33.000000,2784.000000,769.000000,1633.000000,233.000000,205.000000,15.000000,8.000000,18.000000,3.000000,5.000000,0.000000,6.000000,12.000000,2.000000,4.000000,0.000000,7.000000,15.000000,2.000000,5.000000,8097.000000,2266.000000,4820.000000,695.000000,601.000000,3.000000,
0.040929,0.528956,0.346668,0.251441,0.017361,-208772.547338,3.008384,2195607.000000,1874874.000000,3722527.000000,334752.000000,1282372.000000,1952.000000,539.000000,1146.000000,164.000000,144.000000,453.000000,125.000000,266.000000,38.000000,33.000000,2784.000000,769.000000,1633.000000,233.000000,205.000000,15.000000,8.000000,18.000000,3.000000,5.000000,0.000000,6.000000,12.000000,2.000000,4.000000,0.000000,7.000000,15.000000,2.000000,5.000000,8097.000000,2266.000000,4820.000000,695.000000,601.000000,3.000000,
0.040929,0.528956,0.346668,0.251441,0.017361,-208772.547338,3.008384,2195607.000000,1874874.000000,3722527.000000,334752.000000,1282372.000000,1952.000000,539.000000,1146.000000,164.000000,144.000000,453.000000,125.000000,266.000000,38.000000,33.000000,2784.000000,769.000000,1633.000000,233.000000,205.000000,15.000000,8.000000,18.000000,3.000000,5.000000,0.000000,6.000000,12.000000,2.000000,4.000000,0.000000,7.000000,15.000000,2.000000,5.000000,8097.000000,2266.000000,4820.000000,695.000000,601.000000,3.000000,
0.040929,0.528956,0.346668,0.251441,0.017361,-208772.547338,3.008384,2195607.000000,1874874.000000,3722527.000000,334752.000000,1282372.000000,1952.000000,539.000000,1146.000000,164.000000,144.000000,453.000000,125.000000,266.000000,38.000000,33.000000,2784.000000,769.000000,1633.000000,233.000000,205.000000,15.000000,8.000000,18.000000,3.000000,5.000000,0.000000,6.000000,12.000000,2.000000,4.000000,0.000000,7.000000,15.000000,2.000000,5.000000,8097.000000,2266.000000,4820.000000,695.000000,601.000000,3.000000,
0.040929,0.528956,0.346668,0.251441,0.017361,-208772.547338,3.008384,2195607.000000,1874874.000000,3722527.000000,334752.000000,1282372.000000,1952.000000,539.000000,1146.000000,164.000000,144.000000,453.000000,125.000000,266.000000,38.000000,33.000000,2784.000000,769.000000,1633.000000,233.000000,205.000000,15.000000,8.000000,18.000000,3.000000,5.000000,0.000000,6.000000,12.000000,2.000000,4.000000,0.000000,7.000000,15.000000,2.000000,5.000000,8097.000000,2266.000000,4820.000000,695.000000,601.000000,3.000000,
0.040929,0.528956,0.346668,0.251441,0.017361,-208772.547338,3.008384,2195607.000000,1874874.000000,3722527.000000,334752.000000,1282372.000000,1952.000000,539.000000,1146.000000,164.000000,144.000000,453.000000,125.000000,266.000000,38.000000,33.000000,2784.000000,769.000000,1633.000000,233.000000,205.000000,15.000000,8.000000,18.000000,3.000000,5.000000,0.000000,6.000000,12.000000,2.000000,4.000000,0.000000,7.000000,15.000000,2.000000,5.000000,8097.000000,2266.000000,4820.000000,695.000000,601.000000,3.000000,
0.040929,0.528956,0.346668,0.251441,0.017361,-208772.547338,3.008384,2195607.000000,1874874.000000,3722527.000000,334752.000000,1282372.000000,1952.000000,539.000000,1146.000000,164.000000,144.000000,453.000000,125.000000,266.000000,38.000000,33.000000,2784.000000,769.000000,1633.000000,233.000000,205.000000,15.000000,8.000000,18.000000,3.000000,5.000000,0.000000,6.000000,12.000000,2.000000,4.000000,0.000000,7.000000,15.000000,2.000000,5.000000,8097.000000,2266.000000,4820.000000,695.000000,601.000000,3.000000,
0.040929,0.528956,0.346668,0.251441,0.017361,-208772.547338,3.008384,2195607.000000,1874874.000000,3722527.000000,334752.000000,1282372.000000,1952.000000,539.000000,1146.000000,164.000000,144.000000,453.000000,125.000000,266.000000,38.000000,33.000000,2784.000000,769.000000,1633.000000,233.000000,205.000000,15.000000,8.000000,18.000000,3.000000,5.000000,0.000000,6.000000,12.000000,2.000000,4.000000,0.000000,7.000000,15.000000,2.000000,5.000000,8097.000000,2266.000000,4820.000000,695.000000,601.000000,3.000000,
0.040929,0.528956,0.346668,0.251441,0.017361,-208772.547338,3.008384,2195607.000000,1874874.000000,3722527.000000,334752.000000,1282372.000000,1952.000000,539.000000,1146.000000,164.000000,144.000000,453.000000,125.000000,266.000000,38.000000,33.000000,2784.000000,769.000000,1633.000000,233.000000,205.000000,15.000000,8.000000,18.000000,3.000000,5.000000,0.000000,6.000000,12.000000,2.000000,4.000000,0.000000,7.000000,15.000000,2.000000,5.000000,8097.000000,2266.000000,4820.000000,695.000000,601.000000,3.000000,
0.040929,0.528956,0.346668,0.251441,0.017361,-208772.547338,3.008384,2195607.000000,1874874.000000,3722527.000000,334752.000000,1282372.000000,1952.000000,539.000000,1146.000000,164.000000,144.000000,453.000000,125.000000,266.000000,38.000000,33.000000,2784.000000,769.000000,1633.000000,233.000000,205.000000,15.000000,8.000000,18.000000,3.000000,5.000000,0.000000,6.000000,12.000000,2.000000,4.000000,0.000000,7.000000,15.000000,2.000000,5.000000,8097.000000,2266.000000,4820.000000,695.000000,601.000000,3.000000,
0.040929,0.528956,0.346668,0.251441,0.017361,-208772.547338,3.008384,2195607.000000,1874874.000000,3722527.000000,334752.000000,1282372.000000,1952.000000,539.000000,1146.000000,164.000000,144.000000,453.000000,125.000000,266.000000,38.000000,33.000000,2784.000000,769.000000,1633.000000,233.000000,205.000000,15.000000,8.000000,18.000000,3.000000,5.000000,0.000000,6.000000,12.000000,2.000000,4.000000,0.000000,7.000000,15.000000,2.000000,5.000000,8097.000000,2266.000000,4820.000000,695.000000,601.000000,3.000000,
0.040929,0.528956,0.346668,0.251441,0.017361,-208772.547338,3.008384,2195607.000000,1874874.000000,3722527.000000,334752.000000,1282372.000000,1952.000000,539.000000,1146.000000,164.000000,144.000000,453.000000,125.000000,266.000000,38.000000,33.000000,2784.000000,769.000000,1633.000000,233.000000,205.000000,15.000000,8.000000,18.000000,3.000000,5.000000,0.000000,6.000000,12.000000,2.000000,4.000000,0.000000,7.000000,15.000000,2.000000,5.000000,8097.000000,2266.000000,4820.000000,695.000000,601.000000,3.000000,
0.040929,0.528956,0.346668,0.251441,0.017361,-208772.547338,3.008384,2195607.000000,1874874.000000,3722527.000000,334752.000000,1282372.000000,1952.000000,539.000000,1146.000000,164.000000,144.000000,453.000000,125.000000,266.000000,38.000000,33.000000,2784.000000,769.000000,1633.000000,233.000000,205.000000,15.000000,8.000000,18.000000,3.000000,5.000000,0.000000,6.000000,12.000000,2.000000,4.000000,0.000000,7.000000,15.000000,2.000000,5.000000,8097.000000,2266.000000,4820.000000,695.000000,601.000000,3.000000,
0.040929,0.528956,0.346668,0.251441,0.017361,-208772.547338,3.008384,2195607.000000,1874874.000000,3722527.000000,334752.000000,1282372.000000,1952.000000,539.000000,1146.000000,164.000000,144.000000,453.000000,125.000000,266.000000,38.000000,33.000000,2784.000000,769.000000,1633.000000,233.000000,205.000000,15.000000,8.000000,18.000000,3.000000,5.000000,0.000000,6.000000,12.000000,2.000000,4.000000,0.000000,7.000000,15.000000,2.000000,5.000000,8097.000000,2266.000000,4820.000000,695.000000,601.000000,3.000000,
0.040929,0.528956,0.346668,0.251441,0.017361,-208772.547338,3.008384,2195607.000000,1874874.000000,3722527.000000,334752.000000,1282372.000000,1952.000000,539.000000,1146.000000,164.000000,144.000000,453.000000,125.000000,266.000000,38.000000,33.000000,2784.000000,769.000000,1633.000000,233.000000,205.000000,15.000000,8.000000,18.000000,3.000000,5.000000,0.000000,6.000000,12.000000,2.000000,4.000000,0.000000,7.000000,15.000000,2.000000,5.000000,8097.000000,2266.000000,4820.000000,695.000000,601.000000,3.000000,
0.040990,0.582551,0.341871,0.247739,0.018043,-208529.133346,3.004051,2195607.000000,1874874.000000,3722527.000000,334752.000000,1282372.000000,1952.000000,539.000000,1146.000000,164.000000,144.000000,453.000000,125.000000,266.000000,38.000000,33.000000,2784.000000,769.000000,1633.000000,233.000000,205.000000,15.000000,8.000000,18.000000,3.000000,5.000000,0.000000,6.000000,12.000000,2.000000,4.000000,0.000000,7.000000,15.000000,2.000000,5.000000,8097.000000,2266.000000,4820.000000,695.000000,601.000000,3.000000,
0.040990,0.582551,0.341871,0.247739,0.018043,-208529.133346,3.004051,2195607.000000,1874874.000000,3722527.000000,334752.000000,1282372.000000,1952.000000,539.000000,1146.000000,164.000000,144.000000,453.000000,125.000000,266.000000,38.000000,33.000000,2784.000000,769.000000,1633.000000,233.000000,205.000000,15.000000,8.000000,18.000000,3.000000,5.000000,0.000000,6.000000,12.000000,2.000000,4.000000,0.000000,7.000000,15.000000,2.000000,5.000000,8097.000000,2266.000000,4820.000000,695.000000,601.000000,3.000000,
0.041110,0.745734,0.334449,0.324023,0.017029,-208155.507276,2.999051,2195607.000000,1874874.000000,3722527.000000,334752.000000,1282372.000000,1952.000000,539.000000,1146.000000,164.000000,144.000000,453.000000,125.000000,266.000000,38.000000,33.000000,2784.000000,769.000000,1633.000000,233.000000,205.000000,15.000000,8.000000,18.000000,3.000000,5.000000,0.000000,6.000000,12.000000,2.000000,4.000000,0.000000,7.000000,15.000000,2.000000,5.000000,8097.000000,2266.000000,4820.000000,695.000000,601.000000,3.000000,
0.041110,0.745734,0.334449,0.324023,0.017029,-208155.507276,2.999051,2195607.000000,1874874.000000,3722527.000000,334752.000000,1282372.000000,1952.000000,539.000000,1146.000000,164.000000,144.000000,453.000000,125.000000,266.000000,38.000000,33.000000,2784.000000,769.000000,1633.000000,233.000000,205.000000,15.000000,8.000000,18.000000,3.000000,5.000000,0.000000,6.000000,12.000000,2.000000,4.000000,0.000000,7.000000,15.000000,2.000000,5.000000,8097.000000,2266.000000,4820.000000,695.000000,601.000000,3.000000,
0.041098,0.821380,0.336503,0.258773,0.023919,-208258.620518,3.001957,2195607.000000,1874874.000000,3722527.000000,334752.000000,1282372.000000,1952.000000,539.000000,1146.000000,164.000000,144.000000,453.000000,125.000000,266.000000,38.000000,33.000000,2784.000000,769.000000,1633.000000,233.000000,205.000000,15.000000,8.000000,18.000000,3.000000,5.000000,0.000000,6.000000,12.000000,2.000000,4.000000,0.000000,7.000000,15.000000,2.000000,5.000000,8097.000000,2266.000000,4820.000000,695.000000,601.000000,3.000000,
0.041098,0.821380,0.336503,0.258773,0.023919,-208258.620518,3.001957,2195607.000000,1874874.000000,3722527.000000,334752.000000,1282372.000000,1952.000000,539.000000,1146.000000,164.000000,144.000000,453.000000,125.000000,266.000000,38.000000,33.000000,2784.000000,769.000000,1633.000000,233.000000,205.000000,15.000000,8.000000,18.000000,3.000000,5.000000,0.000000,6.000000,12.000000,2.000000,4.000000,0.000000,7.000000,15.000000,2.000000,5.000000,8097.000000,2266.000000,4820.000000,695.000000,601.000000,3.000000,
0.041098,0.821380,0.336503,0.258773,0.023919,-208258.620518,3.001957,2195607.000000,1874874.000000,3722527.000000,334752.000000,1282372.000000,1952.000000,539.000000,1146.000000,164.000000,144.000000,453.000000,125.000000,266.000000,38.000000,33.000000,2784.000000,769.000000,1633.000000,233.000000,205.000000,15.000000,8.000000,18.000000,3.000000,5.000000,0.000000,6.000000,12.000000,2.000000,4.000000,0.000000,7.000000,15.000000,2.000000,5.000000,8097.000000,2266.000000,4820.000000,695.000000,601.000000,3.000000,
0.041098,0.821380,0.336503,0.258773,0.023919,-208258.620518,3.001957,2195607.000000,1874874.000000,3722527.000000,334752.000000,1282372.000000,1952.000000,539.000000,1146.000000,164.000000,144.000000,453.000000,125.000000,266.000000,38.000000,33.000000,2784.000000,769.000000,1633.000000,233.000000,205.000000,15.000000,8.000000,18.000000,3.000000,5.000000,0.000000,6.000000,12.000000,2.000000,4.000000,0.000000,7.000000,15.000000,2.000000,5.000000,8097.000000,2266.000000,4820.000000,695.000000,601.000000,3.000000,
0.041098,0.821380,0.336503,0.258773,0.023919,-208258.620518,3.001957,2195607.000000,1874874.000000,3722527.000000,334752.000000,1282372.000000,1952.000000,539.000000,1146.000000,164.000000,144.000000,453.000000,125.000000,266.000000,38.000000,33.000000,2784.000000,769.000000,1633.000000,233.000000,205.000000,15.000000,8.000000,18.000000,3.000000,5.000000,0.000000,6.000000,12.000000,2.000000,4.000000,0.000000,7.000000,15.000000,2.000000,5.000000,8097.000000,2266.000000,4820.000000,695.000000,601.000000,3.000000,
0.041098,0.821380,0.336503,0.258773,0.023919,-208258.620518,3.001957,2195607.000000,1874874.000000,3722527.000000,334752.000000,1282372.000000,1952.000000,539.000000,1146.000000,164.000000,144.000000,453.000000,125.000000,266.000000,38.000000,33.000000,2784.000000,769.000000,1633.000000,233.000000,205.000000,15.000000,8.000000,18.000000,3.000000,5.000000,0.000000,6.000000,12.000000,2.000000,4.000000,0.000000,7.000000,15.000000,2.000000,5.000000,8097.000000,2266.000000,4820.000000,695.000000,601.000000,3.000000,
0.041098,0.821380,0.336503,0.258773,0.023919,-208258.620518,3.001957,2195607.000000,1874874.000000,3722527.000000,334752.000000,1282372.000000,1952.000000,539.000000,1146.000000,164.000000,144.000000,453.000000,125.000000,266.000000,38.000000,33.000000,2784.000000,769.000000,1633.000000,233.000000,205.000000,15.000000,8.000000,18.000000,3.000000,5.000000,0.000000,6.000000,12.000000,2.000000,4.000000,0.000000,7.000000,15.000000,2.000000,5.000000,8097.000000,2266.000000,4820.000000,695.000000,601.000000,3.000000,
0.041098,0.821380,0.336503,0.258773,0.023919,-208258.620518,3.001957,2195607.000000,1874874.000000,3722527.000000,334752.000000,1282372.000000,1952.000000,539.000000,1146.000000,164.000000,144.000000,453.000000,125.000000,266.000000,38.000000,33.000000,2784.000000,769.000000,1633.000000,233.000000,205.000000,15.000000,8.000000,18.000000,3.000000,5.000000,0.000000,6.000000,12.000000,2.000000,4.000000,0.000000,7.000000,15.000000,2.000000,5.000000,8097.000000,2266.000000,4820.000000,695.000000,601.000000,3.000000,
0.041098,0.821380,0.336503,0.258773,0.023919,-208258.620518,3.001957,2195607.000000,1874874.000000,3722527.000000,334752.000000,1282372.000000,1952.000000,539.000000,1146.000000,164.000000,144.000000,453.000000,125.000000,266.000000,38.000000,33.000000,2784.000000,769.000000,1633.000000,233.000000,205.000000,15.000000,8.000000,18.000000,3.000000,5.000000,0.000000,6.000000,12.000000,2.000000,4.000000,0.000000,7.000000,15.000000,2.000000,5.000000,8097.000000,2266.000000,4820.000000,695.000000,601.000000,3.000000,
0.041098,0.821380,0.336503,0.258773,0.023919,-208258.620518,3.001957,2195607.000000,1874874.000000,3722527.000000,334752.000000,1282372.000000,1952.000000,539.000000,1146.000000,164.000000,144.000000,453.000000,125.000000,266.000000,38.000000,33.000000,2784.000000,769.000000,1633.000000,233.000000,205.000000,15.000000,8.000000,18.000000,3.000000,5.000000,0.000000,6.000000,12.000000,2.000000,4.000000,0.000000,7.000000,15.000000,2.000000,5.000000,8097.000000,2266.000000,4820.000000,695.000000,601.000000,3.000000,
0.041098,0.821380,0.336503,0.258773,0.023919,-208258.620518,3.001957,2195607.000000,1874874.000000,3722527.000000,334752.000000,1282372.000000,1952.000000,539.000000,1146.000000,164.000000,144.000000,453.000000,125.000000,266.000000,38.000000,33.000000,2784.000000,769.000000,1633.000000,233.000000,205.000000,15.000000,8.000000,18.000000,3.000000,5.000000,0.000000,6.000000,12.000000,2.000000,4.000000,0.000000,7.000000,15.000000,2.000000,5.000000,8097.000000,2266.000000,4820.000000,695.000000,601.000000,3.000000,
0.041181,0.762585,0.331772,0.292130,0.025465,-208021.699409,2.999223,2195607.000000,1874874.000000,3722527.000000,334752.000000,1282372.000000,1952.000000,539.000000,1146.000000,164.000000,144.000000,453.000000,125.000000,266.000000,38.000000,33.000000,2784.000000,769.000000,1633.000000,233.000000,205.000000,15.000000,8.000000,18.000000,3.000000,5.000000,0.000000,6.000000,12.000000,2.000000,4.000000,0.000000,7.000000,15.000000,2.000000,5.000000,8097.000000,2266.000000,4820.000000,695.000000,601.000000,3.000000,
0.041181,0.762585,0.331772,0.292130,0.025465,-208021.699409,2.999223,2195607.000000,1874874.000000,3722527.000000,334752.000000,1282372.000000,1952.000000,539.000000,1146.000000,164.000000,144.000000,453.000000,125.000000,266.000000,38.000000,33.000000,2784.000000,769.000000,1633.000000,233.000000,205.000000,15.000000,8.000000,18.000000,3.000000,5.000000,0.000000,6.000000,12.000000,2.000000,4.000000,0.000000,7.000000,15.000000,2.000000,5.000000,8097.000000,2266.000000,4820.000000,695.000000,601.000000,3.000000,
0.041181,0.762585,0.331772,0.292130,0.025465,-208021.699409,2.999223,2195607.000000,1874874.000000,3722527.000000,334752.000000,1282372.000000,1952.000000,539.000000,1146.000000,164.000000,144.000000,453.000000,125.000000,266.000000,38.000000,33.000000,2784.000000,769.000000,1633.000000,233.000000,205.000000,15.000000,8.000000,18.000000,3.000000,5.000000,0.000000,6.000000,12.000000,2.000000,4.000000,0.000000,7.000000,15.000000,2.000000,5.000000,8097.000000,2266.000000,4820.000000,695.000000,601.000000,3.000000,
0.041181,0.762585,0.331772,0.292130,0.025465,-208021.699409,2.999223,2195607.000000,1874874.000000,3722527.000000,334752.000000,1282372.000000,1952.000000,539.000000,1146.000000,164.000000,144.000000,453.000000,125.000000,266.000000,38.000000,33.000000,2784.000000,769.000000,1633.000000,233.000000,205.000000,15.000000,8.000000,18.000000,3.000000,5.000000,0.000000,6.000000,12.000000,2.000000,4.000000,0.000000,7.000000,15.000000,2.000000,5.000000,8097.000000,2266.000000,4820.000000,695.000000,601.000000,3.000000,
0.041090,0.827636,0.334181,0.299316,0.020353,-208142.036618,2.997106,2195607.000000,1874874.000000,3722527.000000,334752.000000,1282372.000000,1952.000000,539.000000,1146.000000,164.000000,144.000000,453.000000,125.000000,266.000000,38.000000,33.000000,2784.000000,769.000000,1633.000000,233.000000,205.000000,15.000000,8.000000,18.000000,3.000000,5.000000,0.000000,6.000000,12.000000,2.000000,4.000000,0.000000,7.000000,15.000000,2.000000,5.000000,8097.000000,2266.000000,4820.000000,695.000000,601.000000,3.000000,
0.041090,0.827636,0.334181,0.299316,0.020353,-208142.036618,2.997106,2195607.000000,1874874.000000,3722527.000000,334752.000000,1282372.000000,1952.000000,539.000000,1146.000000,164.000000,144.000000,453.000000,125.000000,266.000000,38.000000,33.000000,2784.000000,769.000000,1633.000000,233.000000,205.000000,15.000000,8.000000,18.000000,3.000000,5.000000,0.000000,6.000000,12.000000,2.000000,4.000000,0.000000,7.000000,15.000000,2.000000,5.000000,8097.000000,2266.000000,4820.000000,695.000000,601.000000,3.000000,
0.041090,0.827636,0.334181,0.299316,0.020353,-208142.036618,2.997106,2195607.000000,1874874.000000,3722527.000000,334752.000000,1282372.000000,1952.000000,539.000000,1146.000000,164.000000,144.000000,453.000000,125.000000,266.000000,38.000000,33.000000,2784.000000,769.000000,1633.000000,233.000000,205.000000,15.000000,8.000000,18.000000,3.000000,5.000000,0.000000,6.000000,12.000000,2.000000,4.000000,0.000000,7.000000,15.000000,2.000000,5.000000,8097.000000,2266.000000,4820.000000,695.000000,601.000000,3.000000,
0.041090,0.827636,0.334181,0.299316,0.020353,-208142.036618,2.997106,2195607.000000,1874874.000000,3722527.000000,334752.000000,1282372.000000,1952.000000,539.000000,1146.000000,164.000000,144.000000,453.000000,125.000000,266.000000,38.000000,33.000000,2784.000000,769.000000,1633.000000,233.000000,205.000000,15.000000,8.000000,18.000000,3.000000,5.000000,0.000000,6.000000,12.000000,2.000000,4.000000,0.000000,7.000000,15.000000,2.000000,5.000000,8097.000000,2266.000000,4820.000000,695.000000,601.000000,3.000000,
0.041090,0.827636,0.334181,0.299316,0.020353,-208142.036618,2.997106,2195607.000000,1874874.000000,3722527.000000,334752.000000,1282372.000000,1952.000000,539.000000,1146.000000,164.000000,144.000000,453.000000,125.000000,266.000000,38.000000,33.000000,2784.000000,769.000000,1633.000000,233.000000,205.000000,15.000000,8.000000,18.000000,3.000000,5.000000,0.000000,6.000000,12.000000,2.000000,4.000000,0.000000,7.000000,15.000000,2.000000,5.000000,8097.000000,2266.000000,4820.000000,695.000000,601.000000,3.000000,
0.041090,0.827636,0.334181,0.299316,0.020353,-208142.036618,2.997106,2195607.000000,1874874.000000,3722527.000000,334752.000000,1282372.000000,1952.000000,539.000000,1146.000000,164.000000,144.000000,453.000000,125.000000,266.000000,38.000000,33.000000,2784.000000,769.000000,1633.000000,233.000000,205.000000,15.000000,8.000000,18.000000,3.000000,5.000000,0.000000,6.000000,12.000000,2.000000,4.000000,0.000000,7.000000,15.000000,2.000000,5.000000,8097.000000,2266.000000,4820.000000,695.000000,601.000000,3.000000,
0.041090,0.827636,0.334181,0.299316,0.020353,-208142.036618,2.997106,2195607.000000,1874874.000000,3722527.000000,334752.000000,1282372.000000,1952.000000,539.000000,1146.000000,164.000000,144.000000,453.000000,125.000000,266.000000,38.000000,33.000000,2784.000000,769.000000,1633.000000,233.000000,205.000000,15.000000,8.000000,18.000000,3.000000,5.000000,0.000000,6.000000,12.000000,2.000000,4.000000,0.000000,7.000000,15.000000,2.000000,5.000000,8097.000000,2266.000000,4820.000000,695.000000,601.000000,3.000000,
0.041090,0.827636,0.334181,0.299316,0.020353,-208142.036618,2.997106,2195607.000000,1874874.000000,3722527.000000,334752.000000,1282372.000000,1952.000000,539.000000,1146.000000,164.000000,144.000000,453.000000,125.000000,266.000000,38.000000,33.000000,2784.000000,769.000000,1633.000000,233.000000,205.000000,15.000000,8.000000,18.000000,3.000000,5.000000,0.000000,6.000000,12.000000,2.000000,4.000000,0.000000,7.000000,15.000000,2.000000,5.000000,8097.000000,2266.000000,4820.000000,695.000000,601.000000,3.000000,
0.041090,0.827636,0.334181,0.299316,0.020353,-208142.036618,2.997106,2195607.000000,1874874.000000,3722527.000000,334752.000000,1282372.000000,1952.000000,539.000000,1146.000000,164.000000,144.000000,453.000000,125.000000,266.000000,38.000000,33.000000,2784.000000,769.000000,1633.000000,233.000000,205.000000,15.000000,8.000000,18.000000,3.000000,5.000000,0.000000,6.000000,12.000000,2.000000,4.000000,0.000000,7.000000,15.000000,2.000000,5.000000,8097.000000,2266.000000,4820.000000,695.000000,601.000000,3.000000,
0.041090,0.827636,0.334181,0.299316,0.020353,-208142.036618,2.997106,2195607.000000,1874874.000000,3722527.000000,334752.000000,1282372.000000,1952.000000,539.000000,1146.000000,164.000000,144.000000,453.000000,125.000000,266.000000,38.000000,33.000000,2784.000000,769.000000,1633.000000,233.000000,205.000000,15.000000,8.000000,18.000000,3.000000,5.000000,0.000000,6.000000,12.000000,2.000000,4.000000,0.000000,7.000000,15.000000,2.000000,5.000000,8097.000000,2266.000000,4820.000000,695.000000,601.000000,3.000000,
0.041090,0.827636,0.334181,0.299316,0.020353,-208142.036618,2.997106,2195607.000000,1874874.000000,3722527.000000,334752.000000,1282372.000000,1952.000000,539.000000,1146.000000,164.000000,144.000000,453.000000,125.000000,266.000000,38.000000,33.000000,2784.000000,769.000000,1633.000000,233.000000,205.000000,15.000000,8.000000,18.000000,3.000000,5.000000,0.000000,6.000000,12.000000,2.000000,4.000000,0.000000,7.000000,15.000000,2.000000,5.000000,8097.000000,2266.000000,4820.000000,695.000000,601.000000,3.000000,
0.041092,0.634280,0.335092,0.303730,0.017565,-208187.725712,2.998966,2195607.000000,1874874.000000,3722527.000000,334752.000000,1282372.000000,1952.000000,539.000000,1146.000000,164.000000,144.000000,453.000000,125.000000,266.000000,38.000000,33.000000,2784.000000,769.000000,1633.000000,233.000000,205.000000,15.000000,8.000000,18.000000,3.000000,5.000000,0.000000,6.000000,12.000000,2.000000,4.000000,0.000000,7.000000,15.000000,2.000000,5.000000,8097.000000,2266.000000,4820.000000,695.000000,601.000000,3.000000,
0.041092,0.634280,0.335092,0.303730,0.017565,-208187.725712,2.998966,2195607.000000,1874874.000000,3722527.000000,334752.000000,1282372.000000,1952.000000,539.000000,1146.000000,164.000000,144.000000,453.000000,125.000000,266.000000,38.000000,33.000000,2784.000000,769.000000,1633.000000,233.000000,205.000000,15.000000,8.000000,18.000000,3.000000,5.000000,0.000000,6.000000,12.000000,2.000000,4.000000,0.000000,7.000000,15.000000,2.000000,5.000000,8097.000000,2266.000000,4820.000000,695.000000,601.000000,3.000000,
0.041092,0.634280,0.335092,0.303730,0.017565,-208187.725712,2.998966,2195607.000000,1874874.000000,3722527.000000,334752.000000,1282372.000000,1952.000000,539.000000,1146.000000,164.000000,144.000000,453.000000,125.000000,266.000000,38.000000,33.000000,2784.000000,769.000000,1633.000000,233.000000,205.000000,15.000000,8.000000,18.000000,3.000000,5.000000,0.000000,6.000000,12.000000,2.000000,4.000000,0.000000,7.000000,15.000000,2.000000,5.000000,8097.000000,2266.000000,4820.000000,695.000000,601.000000,3.000000,
0.041092,0.634280,0.335092,0.303730,0.017565,-208187.725712,2.998966,2195607.000000,1874874.000000,3722527.000000,334752.000000,1282372.000000,1952.000000,539.000000,1146.000000,164.000000,144.000000,453.000000,125.000000,266.000000,38.000000,33.000000,2784.000000,769.000000,1633.000000,233.000000,205.000000,15.000000,8.000000,18.000000,3.000000,5.000000,0.000000,6.000000,12.000000,2.000000,4.000000,0.000000,7.000000,15.000000,2.000000,5.000000,8097.000000,2266.000000,4820.000000,695.000000,601.000000,3.000000,
0.041092,0.634280,0.335092,0.303730,0.017565,-208187.725712,2.998966,2195607.000000,1874874.000000,3722527.000000,334752.000000,1282372.000000,1952.000000,539.000000,1146.000000,164.000000,144.000000,453.000000,125.000000,266.000000,38.000000,33.000000,2784.000000,769.000000,1633.000000,233.000000,205.000000,15.000000,8.000000,18.000000,3.000000,5.000000,0.000000,6.000000,12.000000,2.000000,4.000000,0.000000,7.000000,15.000000,2.000000,5.000000,8097.000000,2266.000000,4820.000000,695.000000,601.000000,3.000000,
0.041092,0.634280,0.335092,0.303730,0.017565,-208187.725712,2.998966,2195607.000000,1874874.000000,3722527.000000,334752.000000,1282372.000000,1952.000000,539.000000,1146.000000,164.000000,144.000000,453.000000,125.000000,266.000000,38.000000,33.000000,2784.000000,769.000000,1633.000000,233.000000,205.000000,15.000000,8.000000,18.000000,3.000000,5.000000,0.000000,6.000000,12.000000,2.000000,4.000000,0.000000,7.000000,15.000000,2.000000,5.000000,8097.000000,2266.000000,4820.000000,695.000000,601.000000,3.000000,
0.041092,0.634280,0.335092,0.303730,0.017565,-208187.725712,2.998966,2195607.000000,1874874.000000,3722527.000000,334752.000000,1282372.000000,1952.000000,539.000000,1146.000000,164.000000,144.000000,453.000000,125.000000,266.000000,38.000000,33.000000,2784.000000,769.000000,1633.000000,233.000000,205.000000,15.000000,8.000000,18.000000,3.000000,5.000000,0.000000,6.000000,12.000000,2.000000,4.000000,0.000000,7.000000,15.000000,2.000000,5.000000,8097.000000,2266.000000,4820.000000,695.000000,601.000000,3.000000,
0.040984,0.526184,0.338689,0.253285,0.022432,-208368.429254,2.997685,2195607.000000,1874874.000000,3722527.000000,334752.000000,1282372.000000,1952.000000,539.000000,1146.000000,164.000000,144.000000,453.000000,125.000000,266.000000,38.000000,33.000000,2784.000000,769.000000,1633.000000,233.000000,205.000000,15.000000,8.000000,18.000000,3.000000,5.000000,0.000000,6.000000,12.000000,2.000000,4.000000,0.000000,7.000000,15.000000,2.000000,5.000000,8097.000000,2266.000000,4820.000000,695.000000,601.000000,3.000000,
0.040984,0.526184,0.338689,0.253285,0.022432,-208368.429254,2.997685,2195607.000000,1874874.000000,3722527.000000,334752.000000,1282372.000000,1952.000000,539.000000,1146.000000,164.000000,144.000000,453.000000,125.000000,266.000000,38.000000,33.000000,2784.000000,769.000000,1633.000000,233.000000,205.000000,15.000000,8.000000,18.000000,3.000000,5.000000,0.000000,6.000000,12.000000,2.000000,4.000000,0.000000,7.000000,15.000000,2.000000,5.000000,8097.000000,2266.000000,4820.000000,695.000000,601.000000,3.000000,
0.040984,0.526184,0.338689,0.253285,0.022432,-208368.429254,2.997685,2195607.000000,1874874.000000,3722527.000000,334752.000000,1282372.000000,1952.000000,539.000000,1146.000000,164.000000,144.000000,453.000000,125.000000,266.000000,38.000000,33.000000,2784.000000,769.000000,1633.000000,233.000000,205.000000,15.000000,8.000000,18.000000,3.000000,5.000000,0.000000,6.000000,12.000000,2.000000,4.000000,0.000000,7.000000,15.000000,2.000000,5.000000,8097.000000,2266.000000,4820.000000,695.000000,601.000000,3.000000,
0.040984,0.526184,0.338689,0.253285,0.022432,-208368.429254,2.997685,2195607.000000,1874874.000000,3722527.000000,334752.000000,1282372.000000,1952.000000,539.000000,1146.000000,164.000000,144.000000,453.000000,125.000000,266.000000,38.000000,33.000000,2784.000000,769.000000,1633.000000,233.000000,205.000000,15.000000,8.000000,18.000000,3.000000,5.000000,0.000000,6.000000,12.000000,2.000000,4.000000,0.000000,7.000000,15.000000,2.000000,5.000000,8097.000000,2266.000000,4820.000000,695.000000,601.000000,3.000000,
0.040984,0.526184,0.338689,0.253285,0.022432,-208368.429254,2.997685,2195607.000000,1874874.000000,3722527.000000,334752.000000,1282372.000000,1952.000000,539.000000,1146.000000,164.000000,144.000000,453.000000,125.000000,266.000000,38.000000,33.000000,2784.000000,769.000000,1633.000000,233.000000,205.000000,15.000000,8.000000,18.000000,3.000000,5.000000,0.000000,6.000000,12.000000,2.000000,4.000000,0.000000,7.000000,15.000000,2.000000,5.000000,8097.000000,2266.000000,4820.000000,695.000000,601.000000,3.000000,
0.040984,0.526184,0.338689,0.253285,0.022432,-208368.429254,2.997685,2195607.000000,1874874.000000,3722527.000000,334752.000000,1282372.000000,1952.000000,539.000000,1146.000000,164.000000,144.000000,453.000000,125.000000,266.000000,38.000000,33.000000,2784.000000,769.000000,1633.000000,233.000000,205.000000,15.000000,8.000000,18.000000,3.000000,5.000000,0.000000,6.000000,12.000000,2.000000,4.000000,0.000000,7.000000,15.000000,2.000000,5.000000,8097.000000,2266.000000,4820.000000,695.000000,601.000000,3.000000,
0.040984,0.526184,0.338689,0.253285,0.022432,-208368.429254,2.997685,2195607.000000,1874874.000000,3722527.000000,334752.000000,1282372.000000,1952.000000,539.000000,1146.000000,164.000000,144.000000,453.000000,125.000000,266.000000,38.000000,33.000000,2784.000000,769.000000,1633.000000,233.000000,205.000000,15.000000,8.000000,18.000000,3.000000,5.000000,0.000000,6.000000,12.000000,2.000000,4.000000,0.000000,7.000000,15.000000,2.000000,5.000000,8097.000000,2266.000000,4820.000000,695.000000,601.000000,3.000000,
0.040984,0.526184,0.338689,0.253285,0.022432,-208368.429254,2.997685,2195607.000000,1874874.000000,3722527.000000,334752.000000,1282372.000000,1952.000000,539.000000,1146.000000,164.000000,144.000000,453.000000,125.000000,266.000000,38.000000,33.000000,2784.000000,769.000000,1633.000000,233.000000,205.000000,15.000000,8.000000,18.000000,3.000000,5.000000,0.000000,6.000000,12.000000,2.000000,4.000000,0.000000,7.000000,15.000000,2.000000,5.000000,8097.000000,2266.000000,4820.000000,695.000000,601.000000,3.000000,
0.040539,0.419920,0.361411,0.260248,0.021961,-209529.578839,3.006708,2195607.000000,1874874.000000,3722527.000000,334752.000000,1282372.000000,1952.000000,539.000000,1146.000000,164.000000,144.000000,453.000000,125.000000,266.000000,38.000000,33.000000,2784.000000,769.000000,1633.000000,233.000000,205.000000,15.000000,8.000000,18.000000,3.000000,5.000000,0.000000,6.000000,12.000000,2.000000,4.000000,0.000000,7.000000,15.000000,2.000000,5.000000,8097.000000,2266.000000,4820.000000,695.000000,601.000000,3.000000,
0.040539,0.419920,0.361411,0.260248,0.021961,-209529.578839,3.006708,2195607.000000,1874874.000000,3722527.000000,334752.000000,1282372.000000,1952.000000,539.000000,1146.000000,164.000000,144.000000,453.000000,125.000000,266.000000,38.000000,33.000000,2784.000000,769.000000,1633.000000,233.000000,205.000000,15.000000,8.000000,18.000000,3.000000,5.000000,0.000000,6.000000,12.000000,2.000000,4.000000,0.000000,7.000000,15.000000,2.000000,5.000000,8097.000000,2266.000000,4820.000000,695.000000,601.000000,3.000000,
0.040539,0.419920,0.361411,0.260248,0.021961,-209529.578839,3.006708,2195607.000000,1874874.000000,3722527.000000,334752.000000,1282372.000000,1952.000000,539.000000,1146.000000,164.000000,144.000000,453.000000,125.000000,266.000000,38.000000,33.000000,2784.000000,769.000000,1633.000000,233.000000,205.000000,15.000000,8.000000,18.000000,3.000000,5.000000,0.000000,6.000000,12.000000,2.000000,4.000000,0.000000,7.000000,15.000000,2.000000,5.000000,8097.000000,2266.000000,4820.000000,695.000000,601.000000,3.000000,
0.040539,0.419920,0.361411,0.260248,0.021961,-209529.578839,3.006708,2195607.000000,1874874.000000,3722527.000000,334752.000000,1282372.000000,1952.000000,539.000000,1146.000000,164.000000,144.000000,453.000000,125.000000,266.000000,38.000000,33.000000,2784.000000,769.000000,1633.000000,233.000000,205.000000,15.000000,8.000000,18.000000,3.000000,5.000000,0.000000,6.000000,12.000000,2.000000,4.000000,0.000000,7.000000,15.000000,2.000000,5.000000,8097.000000,2266.000000,4820.000000,695.000000,601.000000,3.000000,
0.040539,0.419920,0.361411,0.260248,0.021961,-209529.578839,3.006708,2195607.000000,1874874.000000,3722527.000000,334752.000000,1282372.000000,1952.000000,539.000000,1146.000000,164.000000,144.000000,453.000000,125.000000,266.000000,38.000000,33.000000,2784.000000,769.000000,1633.000000,233.000000,205.000000,15.000000,8.000000,18.000000,3.000000,5.000000,0.000000,6.000000,12.000000,2.000000,4.000000,0.000000,7.000000,15.000000,2.000000,5.000000,8097.000000,2266.000000,4820.000000,695.000000,601.000000,3.000000,
0.040539,0.419920,0.361411,0.260248,0.021961,-209529.578839,3.006708,2195607.000000,1874874.000000,3722527.000000,334752.000000,1282372.000000,1952.000000,539.000000,1146.000000,164.000000,144.000000,453.000000,125.000000,266.000000,38.000000,33.000000,2784.000000,769.000000,1633.000000,233.000000,205.000000,15.000000,8.000000,18.000000,3.000000,5.000000,0.000000,6.000000,12.000000,2.000000,4.000000,0.000000,7.000000,15.000000,2.000000,5.000000,8097.000000,2266.000000,4820.000000,695.000000,601.000000,3.000000,
0.040539,0.419920,0.361411,0.260248,0.021961,-209529.578839,3.006708,2195607.000000,1874874.000000,3722527.000000,334752.000000,1282372.000000,1952.000000,539.000000,1146.000000,164.000000,144.000000,453.000000,125.000000,266.000000,38.000000,33.000000,2784.000000,769.000000,1633.000000,233.000000,205.000000,15.000000,8.000000,18.000000,3.000000,5.000000,0.000000,6.000000,12.000000,2.000000,4.000000,0.000000,7.000000,15.000000,2.000000,5.000000,8097.000000,2266.000000,4820.000000,695.000000,601.000000,3.000000,
0.040539,0.419920,0.361411,0.260248,0.021961,-209529.578839,3.006708,2195607.000000,1874874.000000,3722527.000000,334752.000000,1282372.000000,1952.000000,539.000000,1146.000000,164.000000,144.000000,453.000000,125.000000,266.000000,38.000000,33.000000,2784.000000,769.000000,1633.000000,233.000000,205.000000,15.000000,8.000000,18.000000,3.000000,5.000000,0.000000,6.000000,12.000000,2.000000,4.000000,0.000000,7.000000,15.000000,2.000000,5.000000,8097.000000,2266.000000,4820.000000,695.000000,601.000000,3.000000,
0.040539,0.419920,0.361411,0.260248,0.021961,-209529.578839,3.006708,2195607.000000,1874874.000000,3722527.000000,334752.000000,1282372.000000,1952.000000,539.000000,1146.000000,164.000000,144.000000,453.000000,125.000000,266.000000,38.000000,33.000000,2784.000000,769.000000,1633.000000,233.000000,205.000000,15.000000,8.000000,18.000000,3.000000,5.000000,0.000000,6.000000,12.000000,2.000000,4.000000,0.000000,7.000000,15.000000,2.000000,5.000000,8097.000000,2266.000000,4820.000000,695.000000,601.000000,3.000000,
0.040539,0.419920,0.361411,0.260248,0.021961,-209529.578839,3.006708,2195607.000000,1874874.000000,3722527.000000,334752.000000,1282372.000000,1952.000000,539.000000,1146.000000,164.000000,144.000000,453.000000,125.000000,266.000000,38.000000,33.000000,2784.000000,769.000000,1633.000000,233.000000,205.000000,15.000000,8.000000,18.000000,3.000000,5.000000,0.000000,6.000000,12.000000,2.000000,4.000000,0.000000,7.000000,15.000000,2.000000,5.000000,8097.000000,2266.000000,4820.000000,695.000000,601.000000,3.000000,
0.040539,0.419920,0.361411,0.260248,0.021961,-209529.578839,3.006708,2195607.000000,1874874.000000,3722527.000000,334752.000000,1282372.000000,1952.000000,539.000000,1146.000000,164.000000,144.000000,453.000000,125.000000,266.000000,38.000000,33.000000,2784.000000,769.000000,1633.000000,233.000000,205.000000,15.000000,8.000000,18.000000,3.000000,5.000000,0.000000,6.000000,12.000000,2.000000,4.000000,0.000000,7.000000,15.000000,2.000000,5.000000,8097.000000,2266.000000,4820.000000,695.000000,601.000000,3.000000,
0.040539,0.419920,0.361411,0.260248,0.021961,-209529.578839,3.006708,2195607.000000,1874874.000000,3722527.000000,334752.000000,1282372.000000,1952.000000,539.000000,1146.000000,164.000000,144.000000,453.000000,125.000000,266.000000,38.000000,33.000000,2784.000000,769.000000,1633.000000,233.000000,205.000000,15.000000,8.000000,18.000000,3.000000,5.000000,0.000000,6.000000,12.000000,2.000000,4.000000,0.000000,7.000000,15.000000,2.000000,5.000000,8097.000000,2266.000000,4820.000000,695.000000,601.000000,3.000000,
0.040539,0.419920,0.361411,0.260248,0.021961,-209529.578839,3.006708,2195607.000000,1874874.000000,3722527.000000,334752.000000,1282372.000000,1952.000000,539.000000,1146.000000,164.000000,144.000000,453.000000,125.000000,266.000000,38.000000,33.000000,2784.000000,769.000000,1633.000000,233.000000,205.000000,15.000000,8.000000,18.000000,3.000000,5.000000,0.000000,6.000000,12.000000,2.000000,4.000000,0.000000,7.000000,15.000000,2.000000,5.000000,8097.000000,2266.000000,4820.000000,695.000000,601.000000,3.000000,
0.040539,0.419920,0.361411,0.260248,0.021961,-209529.578839,3.006708,2195607.000000,1874874.000000,3722527.000000,334752.000000,1282372.000000,1952.000000,539.000000,1146.000000,164.000000,144.000000,453.000000,125.000000,266.000000,38.000000,33.000000,2784.000000,769.000000,1633.000000,233.000000,205.000000,15.000000,8.000000,18.000000,3.000000,5.000000,0.000000,6.000000,12.000000,2.000000,4.000000,0.000000,7.000000,15.000000,2.000000,5.000000,8097.000000,2266.000000,4820.000000,695.000000,601.000000,3.000000,
0.040539,0.419920,0.361411,0.260248,0.021961,-209529.578839,3.006708,2195607.000000,1874874.000000,3722527.000000,334752.000000,1282372.000000,1952.000000,539.000000,1146.000000,164.000000,144.000000,453.000000,125.000000,266.000000,38.000000,33.000000,2784.000000,769.000000,1633.000000,233.000000,205.000000,15.000000,8.000000,18.000000,3.000000,5.000000,0.000000,6.000000,12.000000,2.000000,4.000000,0.000000,7.000000,15.000000,2.000000,5.000000,8097.000000,2266.000000,4820.000000,695.000000,601.000000,3.000000,
0.040539,0.419920,0.361411,0.260248,0.021961,-209529.578839,3.006708,2195607.000000,1874874.000000,3722527.000000,334752.000000,1282372.000000,1952.000000,539.000000,1146.000000,164.000000,144.000000,453.000000,125.000000,266.000000,38.000000,33.000000,2784.000000,769.000000,1633.000000,233.000000,205.000000,15.000000,8.000000,18.000000,3.000000,5.000000,0.000000,6.000000,12.000000,2.000000,4.000000,0.000000,7.000000,15.000000,2.000000,5.000000,8097.000000,2266.000000,4820.000000,695.000000,601.000000,3.000000,
0.040451,0.331900,0.370468,0.239295,0.019785,-210002.059972,3.016702,2195607.000000,1874874.000000,3722527.000000,334752.000000,1282372.000000,1952.000000,539.000000,1146.000000,164.000000,144.000000,453.000000,125.000000,266.000000,38.000000,33.000000,2784.000000,769.000000,1633.000000,233.000000,205.000000,15.000000,8.000000,18.000000,3.000000,5.000000,0.000000,6.000000,12.000000,2.000000,4.000000,0.000000,7.000000,15.000000,2.000000,5.000000,8097.000000,2266.000000,4820.000000,695.000000,601.000000,3.000000,
0.040451,0.331900,0.370468,0.239295,0.019785,-210002.059972,3.016702,2195607.000000,1874874.000000,3722527.000000,334752.000000,1282372.000000,1952.000000,539.000000,1146.000000,164.000000,144.000000,453.000000,125.000000,266.000000,38.000000,33.000000,2784.000000,769.000000,1633.000000,233.000000,205.000000,15.000000,8.000000,18.000000,3.000000,5.000000,0.000000,6.000000,12.000000,2.000000,4.000000,0.000000,7.000000,15.000000,2.000000,5.000000,8097.000000,2266.000000,4820.000000,695.000000,601.000000,3.000000,
0.040451,0.331900,0.370468,0.239295,0.019785,-210002.059972,3.016702,2195607.000000,1874874.000000,3722527.000000,334752.000000,1282372.000000,1952.000000,539.000000,1146.000000,164.000000,144.000000,453.000000,125.000000,266.000000,38.000000,33.000000,2784.000000,769.000000,1633.000000,233.000000,205.000000,15.000000,8.000000,18.000000,3.000000,5.000000,0.000000,6.000000,12.000000,2.000000,4.000000,0.000000,7.000000,15.000000,2.000000,5.000000,8097.000000,2266.000000,4820.000000,695.000000,601.000000,3.000000,
0.040461,0.339348,0.371010,0.244993,0.016391,-210030.519244,3.018442,2195607.000000,1874874.000000,3722527.000000,334752.000000,1282372.000000,1952.000000,539.000000,1146.000000,164.000000,144.000000,453.000000,125.000000,266.000000,38.000000,33.000000,2784.000000,769.000000,1633.000000,233.000000,205.000000,15.000000,8.000000,18.000000,3.000000,5.000000,0.000000,6.000000,12.000000,2.000000,4.000000,0.000000,7.000000,15.000000,2.000000,5.000000,8097.000000,2266.000000,4820.000000,695.000000,601.000000,3.000000,
0.040461,0.339348,0.371010,0.244993,0.016391,-210030.519244,3.018442,2195607.000000,1874874.000000,3722527.000000,334752.000000,1282372.000000,1952.000000,539.000000,1146.000000,164.000000,144.000000,453.000000,125.000000,266.000000,38.000000,33.000000,2784.000000,769.000000,1633.000000,233.000000,205.000000,15.000000,8.000000,18.000000,3.000000,5.000000,0.000000,6.000000,12.000000,2.000000,4.000000,0.000000,7.000000,15.000000,2.000000,5.000000,8097.000000,2266.000000,4820.000000,695.000000,601.000000,3.000000,
0.040461,0.339348,0.371010,0.244993,0.016391,-210030.519244,3.018442,2195607.000000,1874874.000000,3722527.000000,334752.000000,1282372.000000,1952.000000,539.000000,1146.000000,164.000000,144.000000,453.000000,125.000000,266.000000,38.000000,33.000000,2784.000000,769.000000,1633.000000,233.000000,205.000000,15.000000,8.000000,18.000000,3.000000,5.000000,0.000000,6.000000,12.000000,2.000000,4.000000,0.000000,7.000000,15.000000,2.000000,5.000000,8097.000000,2266.000000,4820.000000,695.000000,601.000000,3.000000,
0.040461,0.339348,0.371010,0.244993,0.016391,-210030.519244,3.018442,2195607.000000,1874874.000000,3722527.000000,334752.000000,1282372.000000,1952.000000,539.000000,1146.000000,164.000000,144.000000,453.000000,125.000000,266.000000,38.000000,33.000000,2784.000000,769.000000,1633.000000,233.000000,205.000000,15.000000,8.000000,18.000000,3.000000,5.000000,0.000000,6.000000,12.000000,2.000000,4.000000,0.000000,7.000000,15.000000,2.000000,5.000000,8097.000000,2266.000000,4820.000000,695.000000,601.000000,3.000000,
0.040461,0.339348,0.371010,0.244993,0.016391,-210030.519244,3.018442,2195607.000000,1874874.000000,3722527.000000,334752.000000,1282372.000000,1952.000000,539.000000,1146.000000,164.000000,144.000000,453.000000,125.000000,266.000000,38.000000,33.000000,2784.000000,769.000000,1633.000000,233.000000,205.000000,15.000000,8.000000,18.000000,3.000000,5.000000,0.000000,6.000000,12.000000,2.000000,4.000000,0.000000,7.000000,15.000000,2.000000,5.000000,8097.000000,2266.000000,4820.000000,695.000000,601.000000,3.000000,
0.040461,0.339348,0.371010,0.244993,0.016391,-210030.519244,3.018442,2195607.000000,1874874.000000,3722527.000000,334752.000000,1282372.000000,1952.000000,539.000000,1146.000000,164.000000,144.000000,453.000000,125.000000,266.000000,38.000000,33.000000,2784.000000,769.000000,1633.000000,233.000000,205.000000,15.000000,8.000000,18.000000,3.000000,5.000000,0.000000,6.000000,12.000000,2.000000,4.000000,0.000000,7.000000,15.000000,2.000000,5.000000,8097.000000,2266.000000,4820.000000,695.000000,601.000000,3.000000,
0.040408,0.440282,0.376230,0.234233,0.013375,-210305.498755,3.024036,2195607.000000,1874874.000000,3722527.000000,334752.000000,1282372.000000,1952.000000,539.000000,1146.000000,164.000000,144.000000,453.000000,125.000000,266.000000,38.000000,33.000000,2784.000000,769.000000,1633.000000,233.000000,205.000000,15.000000,8.000000,18.000000,3.000000,5.000000,0.000000,6.000000,12.000000,2.000000,4.000000,0.000000,7.000000,15.000000,2.000000,5.000000,8097.000000,2266.000000,4820.000000,695.000000,601.000000,3.000000,
0.040408,0.440282,0.376230,0.234233,0.013375,-210305.498755,3.024036,2195607.000000,1874874.000000,3722527.000000,334752.000000,1282372.000000,1952.000000,539.000000,1146.000000,164.000000,144.000000,453.000000,125.000000,266.000000,38.000000,33.000000,2784.000000,769.000000,1633.000000,233.000000,205.000000,15.000000,8.000000,18.000000,3.000000,5.000000,0.000000,6.000000,12.000000,2.000000,4.000000,0.000000,7.000000,15.000000,2.000000,5.000000,8097.000000,2266.000000,4820.000000,695.000000,601.000000,3.000000,
0.040408,0.440282,0.376230,0.234233,0.013375,-210305.498755,3.024036,2195607.000000,1874874.000000,3722527.000000,334752.000000,1282372.000000,1952.000000,539.000000,1146.000000,164.000000,144.000000,453.000000,125.000000,266.000000,38.000000,33.000000,2784.000000,769.000000,1633.000000,233.000000,205.000000,15.000000,8.000000,18.000000,3.000000,5.000000,0.000000,6.000000,12.000000,2.000000,4.000000,0.000000,7.000000,15.000000,2.000000,5.000000,8097.000000,2266.000000,4820.000000,695.000000,601.000000,3.000000,
0.040408,0.440282,0.376230,0.234233,0.013375,-210305.498755,3.024036,2195607.000000,1874874.000000,3722527.000000,334752.000000,1282372.000000,1952.000000,539.000000,1146.000000,164.000000,144.000000,453.000000,125.000000,266.000000,38.000000,33.000000,2784.000000,769.000000,1633.000000,233.000000,205.000000,15.000000,8.000000,18.000000,3.000000,5.000000,0.000000,6.000000,12.000000,2.000000,4.000000,0.000000,7.000000,15.000000,2.000000,5.000000,8097.000000,2266.000000,4820.000000,695.000000,601.000000,3.000000,
0.040408,0.440282,0.376230,0.234233,0.013375,-210305.498755,3.024036,2195607.000000,1874874.000000,3722527.000000,334752.000000,1282372.000000,1952.000000,539.000000,1146.000000,164.000000,144.000000,453.000000,125.000000,266.000000,38.000000,33.000000,2784.000000,769.000000,1633.000000,233.000000,205.000000,15.000000,8.000000,18.000000,3.000000,5.000000,0.000000,6.000000,12.000000,2.000000,4.000000,0.000000,7.000000,15.000000,2.000000,5.000000,8097.000000,2266.000000,4820.000000,695.000000,601.000000,3.000000,
0.040408,0.440282,0.376230,0.234233,0.013375,-210305.498755,3.024036,2195607.000000,1874874.000000,3722527.000000,334752.000000,1282372.000000,1952.000000,539.000000,1146.000000,164.000000,144.000000,453.000000,125.000000,266.000000,38.000000,33.000000,2784.000000,769.000000,1633.000000,233.000000,205.000000,15.000000,8.000000,18.000000,3.000000,5.000000,0.000000,6.000000,12.000000,2.000000,4.000000,0.000000,7.000000,15.000000,2.000000,5.000000,8097.000000,2266.000000,4820.000000,695.000000,601.000000,3.000000,
0.040408,0.440282,0.376230,0.234233,0.013375,-210305.498755,3.024036,2195607.000000,1874874.000000,3722527.000000,334752.000000,1282372.000000,1952.000000,539.000000,1146.000000,164.000000,144.000000,453.000000,125.000000,266.000000,38.000000,33.000000,2784.000000,769.000000,1633.000000,233.000000,205.000000,15.000000,8.000000,18.000000,3.000000,5.000000,0.000000,6.000000,12.000000,2.000000,4.000000,0.000000,7.000000,15.000000,2.000000,5.000000,8097.000000,2266.000000,4820.000000,695.000000,601.000000,3.000000,
0.040408,0.440282,0.376230,0.234233,0.013375,-210305.498755,3.024036,2195607.000000,1874874.000000,3722527.000000,334752.000000,1282372.000000,1952.000000,539.000000,1146.000000,164.000000,144.000000,453.000000,125.000000,266.000000,38.000000,33.000000,2784.000000,769.000000,1633.000000,233.000000,205.000000,15.000000,8.000000,18.000000,3.000000,5.000000,0.000000,6.000000,12.000000,2.000000,4.000000,0.000000,7.000000,15.000000,2.000000,5.000000,8097.000000,2266.000000,4820.000000,695.000000,601.000000,3.000000,
0.040408,0.440282,0.376230,0.234233,0.013375,-210305.498755,3.024036,2195607.000000,1874874.000000,3722527.000000,334752.000000,1282372.000000,1952.000000,539.000000,1146.000000,164.000000,144.000000,453.000000,125.000000,266.000000,38.000000,33.000000,2784.000000,769.000000,1633.000000,233.000000,205.000000,15.000000,8.000000,18.000000,3.000000,5.000000,0.000000,6.000000,12.000000,2.000000,4.000000,0.000000,7.000000,15.000000,2.000000,5.000000,8097.000000,2266.000000,4820.000000,695.000000,601.000000,3.000000,
0.040408,0.440282,0.376230,0.234233,0.013375,-210305.498755,3.024036,2195607.000000,1874874.000000,3722527.000000,334752.000000,1282372.000000,1952.000000,539.000000,1146.000000,164.000000,144.000000,453.000000,125.000000,266.000000,38.000000,33.000000,2784.000000,769.000000,1633.000000,233.000000,205.000000,15.000000,8.000000,18.000000,3.000000,5.000000,0.000000,6.000000,12.000000,2.000000,4.000000,0.000000,7.000000,15.000000,2.000000,5.000000,8097.000000,2266.000000,4820.000000,695.000000,601.000000,3.000000,
0.040408,0.440282,0.376230,0.234233,0.013375,-210305.498755,3.024036,2195607.000000,1874874.000000,3722527.000000,334752.000000,1282372.000000,1952.000000,539.000000,1146.000000,164.000000,144.000000,453.000000,125.000000,266.000000,38.000000,33.000000,2784.000000,769.000000,1633.000000,233.000000,205.000000,15.000000,8.000000,18.000000,3.000000,5.000000,0.000000,6.000000,12.000000,2.000000,4.000000,0.000000,7.000000,15.000000,2.000000,5.000000,8097.000000,2266.000000,4820.000000,695.000000,601.000000,3.000000,
0.040505,0.383565,0.376971,0.189183,0.017482,-210344.886869,3.032660,2195607.000000,1874874.000000,3722527.000000,334752.000000,1282372.000000,1952.000000,539.000000,1146.000000,164.000000,144.000000,453.000000,125.000000,266.000000,38.000000,33.000000,2784.000000,769.000000,1633.000000,233.000000,205.000000,15.000000,8.000000,18.000000,3.000000,5.000000,0.000000,6.000000,12.000000,2.000000,4.000000,0.000000,7.000000,15.000000,2.000000,5.000000,8097.000000,2266.000000,4820.000000,695.000000,601.000000,3.000000,
0.040694,0.498394,0.365582,0.208984,0.013404,-209746.840912,3.025898,2195607.000000,1874874.000000,3722527.000000,334752.000000,1282372.000000,1952.000000,539.000000,1146.000000,164.000000,144.000000,453.000000,125.000000,266.000000,38.000000,33.000000,2784.000000,769.000000,1633.000000,233.000000,205.000000,15.000000,8.000000,18.000000,3.000000,5.000000,0.000000,6.000000,12.000000,2.000000,4.000000,0.000000,7.000000,15.000000,2.000000,5.000000,8097.000000,2266.000000,4820.000000,695.000000,601.000000,3.000000,
0.040636,0.261006,0.366099,0.235185,0.012051,-209773.727075,3.022533,2195607.000000,1874874.000000,3722527.000000,334752.000000,1282372.000000,1952.000000,539.000000,1146.000000,164.000000,144.000000,453.000000,125.000000,266.000000,38.000000,33.000000,2784.000000,769.000000,1633.000000,233.000000,205.000000,15.000000,8.000000,18.000000,3.000000,5.000000,0.000000,6.000000,12.000000,2.000000,4.000000,0.000000,7.000000,15.000000,2.000000,5.000000,8097.000000,2266.000000,4820.000000,695.000000,601.000000,3.000000,
0.040149,0.156522,0.399322,0.170428,0.001202,-211544.120142,3.046507,2195607.000000,1874874.000000,3722527.000000,334752.000000,1282372.000000,1952.000000,539.000000,1146.000000,164.000000,144.000000,453.000000,125.000000,266.000000,38.000000,33.000000,2784.000000,769.000000,1633.000000,233.000000,205.000000,15.000000,8.000000,18.000000,3.000000,5.000000,0.000000,6.000000,12.000000,2.000000,4.000000,0.000000,7.000000,15.000000,2.000000,5.000000,8097.000000,2266.000000,4820.000000,695.000000,601.000000,3.000000,
0.040149,0.156522,0.399322,0.170428,0.001202,-211544.120142,3.046507,2195607.000000,1874874.000000,3722527.000000,334752.000000,1282372.000000,1952.000000,539.000000,1146.000000,164.000000,144.000000,453.000000,125.000000,266.000000,38.000000,33.000000,2784.000000,769.000000,1633.000000,233.000000,205.000000,15.000000,8.000000,18.000000,3.000000,5.000000,0.000000,6.000000,12.000000,2.000000,4.000000,0.000000,7.000000,15.000000,2.000000,5.000000,8097.000000,2266.000000,4820.000000,695.000000,601.000000,3.000000,
0.040149,0.156522,0.399322,0.170428,0.001202,-211544.120142,3.046507,2195607.000000,1874874.000000,3722527.000000,334752.000000,1282372.000000,1952.000000,539.000000,1146.000000,164.000000,144.000000,453.000000,125.000000,266.000000,38.000000,33.000000,2784.000000,769.000000,1633.000000,233.000000,205.000000,15.000000,8.000000,18.000000,3.000000,5.000000,0.000000,6.000000,12.000000,2.000000,4.000000,0.000000,7.000000,15.000000,2.000000,5.000000,8097.000000,2266.000000,4820.000000,695.000000,601.000000,3.000000,
0.040149,0.156522,0.399322,0.170428,0.001202,-211544.120142,3.046507,2195607.000000,1874874.000000,3722527.000000,334752.000000,1282372.000000,1952.000000,539.000000,1146.000000,164.000000,144.000000,453.000000,125.000000,266.000000,38.000000,33.000000,2784.000000,769.000000,1633.000000,233.000000,205.000000,15.000000,8.000000,18.000000,3.000000,5.000000,0.000000,6.000000,12.000000,2.000000,4.000000,0.000000,7.000000,15.000000,2.000000,5.000000,8097.000000,2266.000000,4820.000000,695.000000,601.000000,3.000000,
0.040149,0.156522,0.399322,0.170428,0.001202,-211544.120142,3.046507,2195607.000000,1874874.000000,3722527.000000,334752.000000,1282372.000000,1952.000000,539.000000,1146.000000,164.000000,144.000000,453.000000,125.000000,266.000000,38.000000,33.000000,2784.000000,769.000000,1633.000000,233.000000,205.000000,15.000000,8.000000,18.000000,3.000000,5.000000,0.000000,6.000000,12.000000,2.000000,4.000000,0.000000,7.000000,15.000000,2.000000,5.000000,8097.000000,2266.000000,4820.000000,695.000000,601.000000,3.000000,
0.040149,0.156522,0.399322,0.170428,0.001202,-211544.120142,3.046507,2195607.000000,1874874.000000,3722527.000000,334752.000000,1282372.000000,1952.000000,539.000000,1146.000000,164.000000,144.000000,453.000000,125.000000,266.000000,38.000000,33.000000,2784.000000,769.000000,1633.000000,233.000000,205.000000,15.000000,8.000000,18.000000,3.000000,5.000000,0.000000,6.000000,12.000000,2.000000,4.000000,0.000000,7.000000,15.000000,2.000000,5.000000,8097.000000,2266.000000,4820.000000,695.000000,601.000000,3.000000,
0.040149,0.156522,0.399322,0.170428,0.001202,-211544.120142,3.046507,2195607.000000,1874874.000000,3722527.000000,334752.000000,1282372.000000,1952.000000,539.000000,1146.000000,164.000000,144.000000,453.000000,125.000000,266.000000,38.000000,33.000000,2784.000000,769.000000,1633.000000,233.000000,205.000000,15.000000,8.000000,18.000000,3.000000,5.000000,0.000000,6.000000,12.000000,2.000000,4.000000,0.000000,7.000000,15.000000,2.000000,5.000000,8097.000000,2266.000000,4820.000000,695.000000,601.000000,3.000000,
0.040149,0.156522,0.399322,0.170428,0.001202,-211544.120142,3.046507,2195607.000000,1874874.000000,3722527.000000,334752.000000,1282372.000000,1952.000000,539.000000,1146.000000,164.000000,144.000000,453.000000,125.000000,266.000000,38.000000,33.000000,2784.000000,769.000000,1633.000000,233.000000,205.000000,15.000000,8.000000,18.000000,3.000000,5.000000,0.000000,6.000000,12.000000,2.000000,4.000000,0.000000,7.000000,15.000000,2.000000,5.000000,8097.000000,2266.000000,4820.000000,695.000000,601.000000,3.000000,
0.040204,0.176879,0.399890,0.198272,0.001047,-211575.181870,3.051709,2195607.000000,1874874.000000,3722527.000000,334752.000000,1282372.000000,1952.000000,539.000000,1146.000000,164.000000,144.000000,453.000000,125.000000,266.000000,38.000000,33.000000,2784.000000,769.000000,1633.000000,233.000000,205.000000,15.000000,8.000000,18.000000,3.000000,5.000000,0.000000,6.000000,12.000000,2.000000,4.000000,0.000000,7.000000,15.000000,2.000000,5.000000,8097.000000,2266.000000,4820.000000,695.000000,601.000000,3.000000,
0.040204,0.176879,0.399890,0.198272,0.001047,-211575.181870,3.051709,2195607.000000,1874874.000000,3722527.000000,334752.000000,1282372.000000,1952.000000,539.000000,1146.000000,164.000000,144.000000,453.000000,125.000000,266.000000,38.000000,33.000000,2784.000000,769.000000,1633.000000,233.000000,205.000000,15.000000,8.000000,18.000000,3.000000,5.000000,0.000000,6.000000,12.000000,2.000000,4.000000,0.000000,7.000000,15.000000,2.000000,5.000000,8097.000000,2266.000000,4820.000000,695.000000,601.000000,3.000000,
0.040204,0.176879,0.399890,0.198272,0.001047,-211575.181870,3.051709,2195607.000000,1874874.000000,3722527.000000,334752.000000,1282372.000000,1952.000000,539.000000,1146.000000,164.000000,144.000000,453.000000,125.000000,266.000000,38.000000,33.000000,2784.000000,769.000000,1633.000000,233.000000,205.000000,15.000000,8.000000,18.000000,3.000000,5.000000,0.000000,6.000000,12.000000,2.000000,4.000000,0.000000,7.000000,15.000000,2.000000,5.000000,8097.000000,2266.000000,4820.000000,695.000000,601.000000,3.000000,
0.040204,0.176879,0.399890,0.198272,0.001047,-211575.181870,3.051709,2195607.000000,1874874.000000,3722527.000000,334752.000000,1282372.000000,1952.000000,539.000000,1146.000000,164.000000,144.000000,453.000000,125.000000,266.000000,38.000000,33.000000,2784.000000,769.000000,1633.000000,233.000000,205.000000,15.000000,8.000000,18.000000,3.000000,5.000000,0.000000,6.000000,12.000000,2.000000,4.000000,0.000000,7.000000,15.000000,2.000000,5.000000,8097.000000,2266.000000,4820.000000,695.000000,601.000000,3.000000,
0.040355,0.095373,0.392054,0.210002,0.001024,-211150.571695,3.048905,2195607.000000,1874874.000000,3722527.000000,334752.000000,1282372.000000,1952.000000,539.000000,1146.000000,164.000000,144.000000,453.000000,125.000000,266.000000,38.000000,33.000000,2784.000000,769.000000,1633.000000,233.000000,205.000000,15.000000,8.000000,18.000000,3.000000,5.000000,0.000000,6.000000,12.000000,2.000000,4.000000,0.000000,7.000000,15.000000,2.000000,5.000000,8097.000000,2266.000000,4820.000000,695.000000,601.000000,3.000000,
0.040355,0.095373,0.392054,0.210002,0.001024,-211150.571695,3.048905,2195607.000000,1874874.000000,3722527.000000,334752.000000,1282372.000000,1952.000000,539.000000,1146.000000,164.000000,144.000000,453.000000,125.000000,266.000000,38.000000,33.000000,2784.000000,769.000000,1633.000000,233.000000,205.000000,15.000000,8.000000,18.000000,3.000000,5.000000,0.000000,6.000000,12.000000,2.000000,4.000000,0.000000,7.000000,15.000000,2.000000,5.000000,8097.000000,2266.000000,4820.000000,695.000000,601.000000,3.000000,
0.040355,0.095373,0.392054,0.210002,0.001024,-211150.571695,3.048905,2195607.000000,1874874.000000,3722527.000000,334752.000000,1282372.000000,1952.000000,539.000000,1146.000000,164.000000,144.000000,453.000000,125.000000,266.000000,38.000000,33.000000,2784.000000,769.000000,1633.000000,233.000000,205.000000,15.000000,8.000000,18.000000,3.000000,5.000000,0.000000,6.000000,12.000000,2.000000,4.000000,0.000000,7.000000,15.000000,2.000000,5.000000,8097.000000,2266.000000,4820.000000,695.000000,601.000000,3.000000,
0.040355,0.095373,0.392054,0.210002,0.001024,-211150.571695,3.048905,2195607.000000,1874874.000000,3722527.000000,334752.000000,1282372.000000,1952.000000,539.000000,1146.000000,164.000000,144.000000,453.000000,125.000000,266.000000,38.000000,33.000000,2784.000000,769.000000,1633.000000,233.000000,205.000000,15.000000,8.000000,18.000000,3.000000,5.000000,0.000000,6.000000,12.000000,2.000000,4.000000,0.000000,7.000000,15.000000,2.000000,5.000000,8097.000000,2266.000000,4820.000000,695.000000,601.000000,3.000000,
0.040355,0.095373,0.392054,0.210002,0.001024,-211150.571695,3.048905,2195607.000000,1874874.000000,3722527.000000,334752.000000,1282372.000000,1952.000000,539.000000,1146.000000,164.000000,144.000000,453.000000,125.000000,266.000000,38.000000,33.000000,2784.000000,769.000000,1633.000000,233.000000,205.000000,15.000000,8.000000,18.000000,3.000000,5.000000,0.000000,6.000000,12.000000,2.000000,4.000000,0.000000,7.000000,15.000000,2.000000,5.000000,8097.000000,2266.000000,4820.000000,695.000000,601.000000,3.000000,
0.040355,0.095373,0.392054,0.210002,0.001024,-211150.571695,3.048905,2195607.000000,1874874.000000,3722527.000000,334752.000000,1282372.000000,1952.000000,539.000000,1146.000000,164.000000,144.000000,453.000000,125.000000,266.000000,38.000000,33.000000,2784.000000,769.000000,1633.000000,233.000000,205.000000,15.000000,8.000000,18.000000,3.000000,5.000000,0.000000,6.000000,12.000000,2.000000,4.000000,0.000000,7.000000,15.000000,2.000000,5.000000,8097.000000,2266.000000,4820.000000,695.000000,601.000000,3.000000,
0.040355,0.095373,0.392054,0.210002,0.001024,-211150.571695,3.048905,2195607.000000,1874874.000000,3722527.000000,334752.000000,1282372.000000,1952.000000,539.000000,1146.000000,164.000000,144.000000,453.000000,125.000000,266.000000,38.000000,33.000000,2784.000000,769.000000,1633.000000,233.000000,205.000000,15.000000,8.000000,18.000000,3.000000,5.000000,0.000000,6.000000,12.000000,2.000000,4.000000,0.000000,7.000000,15.000000,2.000000,5.000000,8097.000000,2266.000000,4820.000000,695.000000,601.000000,3.000000,
0.040355,0.095373,0.392054,0.210002,0.001024,-211150.571695,3.048905,2195607.000000,1874874.000000,3722527.000000,334752.000000,1282372.000000,1952.000000,539.000000,1146.000000,164.000000,144.000000,453.000000,125.000000,266.000000,38.000000,33.000000,2784.000000,769.000000,1633.000000,233.000000,205.000000,15.000000,8.000000,18.000000,3.000000,5.000000,0.000000,6.000000,12.000000,2.000000,4.000000,0.000000,7.000000,15.000000,2.000000,5.000000,8097.000000,2266.000000,4820.000000,695.000000,601.000000,3.000000,
0.040355,0.095373,0.392054,0.210002,0.001024,-211150.571695,3.048905,2195607.000000,1874874.000000,3722527.000000,334752.000000,1282372.000000,1952.000000,539.000000,1146.000000,164.000000,144.000000,453.000000,125.000000,266.000000,38.000000,33.000000,2784.000000,769.000000,1633.000000,233.000000,205.000000,15.000000,8.000000,18.000000,3.000000,5.000000,0.000000,6.000000,12.000000,2.000000,4.000000,0.000000,7.000000,15.000000,2.000000,5.000000,8097.000000,2266.000000,4820.000000,695.000000,601.000000,3.000000,
0.040355,0.095373,0.392054,0.210002,0.001024,-211150.571695,3.048905,2195607.000000,1874874.000000,3722527.000000,334752.000000,1282372.000000,1952.000000,539.000000,1146.000000,164.000000,144.000000,453.000000,125.000000,266.000000,38.000000,33.000000,2784.000000,769.000000,1633.000000,233.000000,205.000000,15.000000,8.000000,18.000000,3.000000,5.000000,0.000000,6.000000,12.000000,2.000000,4.000000,0.000000,7.000000,15.000000,2.000000,5.000000,8097.000000,2266.000000,4820.000000,695.000000,601.000000,3.000000,
0.040355,0.095373,0.392054,0.210002,0.001024,-211150.571695,3.048905,2195607.000000,1874874.000000,3722527.000000,334752.000000,1282372.000000,1952.000000,539.000000,1146.000000,164.000000,144.000000,453.000000,125.000000,266.000000,38.000000,33.000000,2784.000000,769.000000,1633.000000,233.000000,205.000000,15.000000,8.000000,18.000000,3.000000,5.000000,0.000000,6.000000,12.000000,2.000000,4.000000,0.000000,7.000000,15.000000,2.000000,5.000000,8097.000000,2266.000000,4820.000000,695.000000,601.000000,3.000000,
0.040355,0.095373,0.392054,0.210002,0.001024,-211150.571695,3.048905,2195607.000000,1874874.000000,3722527.000000,334752.000000,1282372.000000,1952.000000,539.000000,1146.000000,164.000000,144.000000,453.000000,125.000000,266.000000,38.000000,33.000000,2784.000000,769.000000,1633.000000,233.000000,205.000000,15.000000,8.000000,18.000000,3.000000,5.000000,0.000000,6.000000,12.000000,2.000000,4.000000,0.000000,7.000000,15.000000,2.000000,5.000000,8097.000000,2266.000000,4820.000000,695.000000,601.000000,3.000000,
0.040355,0.095373,0.392054,0.210002,0.001024,-211150.571695,3.048905,2195607.000000,1874874.000000,3722527.000000,334752.000000,1282372.000000,1952.000000,539.000000,1146.000000,164.000000,144.000000,453.000000,125.000000,266.000000,38.000000,33.000000,2784.000000,769.000000,1633.000000,233.000000,205.000000,15.000000,8.000000,18.000000,3.000000,5.000000,0.000000,6.000000,12.000000,2.000000,4.000000,0.000000,7.000000,15.000000,2.000000,5.000000,8097.000000,2266.000000,4820.000000,695.000000,601.000000,3.000000,
0.040355,0.095373,0.392054,0.210002,0.001024,-211150.571695,3.048905,2195607.000000,1874874.000000,3722527.000000,334752.000000,1282372.000000,1952.000000,539.000000,1146.000000,164.000000,144.000000,453.000000,125.000000,266.000000,38.000000,33.000000,2784.000000,769.000000,1633.000000,233.000000,205.000000,15.000000,8.000000,18.000000,3.000000,5.000000,0.000000,6.000000,12.000000,2.000000,4.000000,0.000000,7.000000,15.000000,2.000000,5.000000,8097.000000,2266.000000,4820.000000,695.000000,601.000000,3.000000,
0.040355,0.095373,0.392054,0.210002,0.001024,-211150.571695,3.048905,2195607.000000,1874874.000000,3722527.000000,334752.000000,1282372.000000,1952.000000,539.000000,1146.000000,164.000000,144.000000,453.000000,125.000000,266.000000,38.000000,33.000000,2784.000000,769.000000,1633.000000,233.000000,205.000000,15.000000,8.000000,18.000000,3.000000,5.000000,0.000000,6.000000,12.000000,2.000000,4.000000,0.000000,7.000000,15.000000,2.000000,5.000000,8097.000000,2266.000000,4820.000000,695.000000,601.000000,3.000000,
0.040473,0.051029,0.388497,0.170127,0.001557,-210959.342869,3.051342,2195607.000000,1874874.000000,3722527.000000,334752.000000,1282372.000000,1952.000000,539.000000,1146.000000,164.000000,144.000000,453.000000,125.000000,266.000000,38.000000,33.000000,2784.000000,769.000000,1633.000000,233.000000,205.000000,15.000000,8.000000,18.000000,3.000000,5.000000,0.000000,6.000000,12.000000,2.000000,4.000000,0.000000,7.000000,15.000000,2.000000,5.000000,8097.000000,2266.000000,4820.000000,695.000000,601.000000,3.000000,
0.040473,0.051029,0.388497,0.170127,0.001557,-210959.342869,3.051342,2195607.000000,1874874.000000,3722527.000000,334752.000000,1282372.000000,1952.000000,539.000000,1146.000000,164.000000,144.000000,453.000000,125.000000,266.000000,38.000000,33.000000,2784.000000,769.000000,1633.000000,233.000000,205.000000,15.000000,8.000000,18.000000,3.000000,5.000000,0.000000,6.000000,12.000000,2.000000,4.000000,0.000000,7.000000,15.000000,2.000000,5.000000,8097.000000,2266.000000,4820.000000,695.000000,601.000000,3.000000,
0.040473,0.051029,0.388497,0.170127,0.001557,-210959.342869,3.051342,2195607.000000,1874874.000000,3722527.000000,334752.000000,1282372.000000,1952.000000,539.000000,1146.000000,164.000000,144.000000,453.000000,125.000000,266.000000,38.000000,33.000000,2784.000000,769.000000,1633.000000,233.000000,205.000000,15.000000,8.000000,18.000000,3.000000,5.000000,0.000000,6.000000,12.000000,2.000000,4.000000,0.000000,7.000000,15.000000,2.000000,5.000000,8097.000000,2266.000000,4820.000000,695.000000,601.000000,3.000000,
0.040473,0.051029,0.388497,0.170127,0.001557,-210959.342869,3.051342,2195607.000000,1874874.000000,3722527.000000,334752.000000,1282372.000000,1952.000000,539.000000,1146.000000,164.000000,144.000000,453.000000,125.000000,266.000000,38.000000,33.000000,2784.000000,769.000000,1633.000000,233.000000,205.000000,15.000000,8.000000,18.000000,3.000000,5.000000,0.000000,6.000000,12.000000,2.000000,4.000000,0.000000,7.000000,15.000000,2.000000,5.000000,8097.000000,2266.000000,4820.000000,695.000000,601.000000,3.000000,
0.040487,0.088150,0.388674,0.185424,0.001576,-210968.881732,3.052694,2195607.000000,1874874.000000,3722527.000000,334752.000000,1282372.000000,1952.000000,539.000000,1146.000000,164.000000,144.000000,453.000000,125.000000,266.000000,38.000000,33.000000,2784.000000,769.000000,1633.000000,233.000000,205.000000,15.000000,8.000000,18.000000,3.000000,5.000000,0.000000,6.000000,12.000000,2.000000,4.000000,0.000000,7.000000,15.000000,2.000000,5.000000,8097.000000,2266.000000,4820.000000,695.000000,601.000000,3.000000,
0.040487,0.088150,0.388674,0.185424,0.001576,-210968.881732,3.052694,2195607.000000,1874874.000000,3722527.000000,334752.000000,1282372.000000,1952.000000,539.000000,1146.000000,164.000000,144.000000,453.000000,125.000000,266.000000,38.000000,33.000000,2784.000000,769.000000,1633.000000,233.000000,205.000000,15.000000,8.000000,18.000000,3.000000,5.000000,0.000000,6.000000,12.000000,2.000000,4.000000,0.000000,7.000000,15.000000,2.000000,5.000000,8097.000000,2266.000000,4820.000000,695.000000,601.000000,3.000000,
0.040487,0.088150,0.388674,0.185424,0.001576,-210968.881732,3.052694,2195607.000000,1874874.000000,3722527.000000,334752.000000,1282372.000000,1952.000000,539.000000,1146.000000,164.000000,144.000000,453.000000,125.000000,266.000000,38.000000,33.000000,2784.000000,769.000000,1633.000000,233.000000,205.000000,15.000000,8.000000,18.000000,3.000000,5.000000,0.000000,6.000000,12.000000,2.000000,4.000000,0.000000,7.000000,15.000000,2.000000,5.000000,8097.000000,2266.000000,4820.000000,695.000000,601.000000,3.000000,
0.040496,0.099155,0.387777,0.187330,0.002007,-210920.716880,3.051720,2195607.000000,1874874.000000,3722527.000000,334752.000000,1282372.000000,1952.000000,539.000000,1146.000000,164.000000,144.000000,453.000000,125.000000,266.000000,38.000000,33.000000,2784.000000,769.000000,1633.000000,233.000000,205.000000,15.000000,8.000000,18.000000,3.000000,5.000000,0.000000,6.000000,12.000000,2.000000,4.000000,0.000000,7.000000,15.000000,2.000000,5.000000,8097.000000,2266.000000,4820.000000,695.000000,601.000000,3.000000,
0.040582,0.057706,0.381231,0.184820,0.001490,-210571.143797,3.046193,2195607.000000,1874874.000000,3722527.000000,334752.000000,1282372.000000,1952.000000,539.000000,1146.000000,164.000000,144.000000,453.000000,125.000000,266.000000,38.000000,33.000000,2784.000000,769.000000,1633.000000,233.000000,205.000000,15.000000,8.000000,18.000000,3.000000,5.000000,0.000000,6.000000,12.000000,2.000000,4.000000,0.000000,7.000000,15.000000,2.000000,5.000000,8097.000000,2266.000000,4820.000000,695.000000,601.000000,3.000000,
0.040656,0.125180,0.376023,0.173197,0.001214,-210295.074278,3.042193,2195607.000000,1874874.000000,3722527.000000,334752.000000,1282372.000000,1952.000000,539.000000,1146.000000,164.000000,144.000000,453.000000,125.000000,266.000000,38.000000,33.000000,2784.000000,769.000000,1633.000000,233.000000,205.000000,15.000000,8.000000,18.000000,3.000000,5.000000,0.000000,6.000000,12.000000,2.000000,4.000000,0.000000,7.000000,15.000000,2.000000,5.000000,8097.000000,2266.000000,4820.000000,695.000000,601.000000,3.000000,
0.040851,0.069174,0.366486,0.198965,0.001053,-209794.362893,3.039197,2195607.000000,1874874.000000,3722527.000000,334752.000000,1282372.000000,1952.000000,539.000000,1146.000000,164.000000,144.000000,453.000000,125.000000,266.000000,38.000000,33.000000,2784.000000,769.000000,1633.000000,233.000000,205.000000,15.000000,8.000000,18.000000,3.000000,5.000000,0.000000,6.000000,12.000000,2.000000,4.000000,0.000000,7.000000,15.000000,2.000000,5.000000,8097.000000,2266.000000,4820.000000,695.000000,601.000000,3.000000,
0.040619,0.067916,0.376828,0.200374,0.001385,-210337.565885,3.040935,2195607.000000,1874874.000000,3722527.000000,334752.000000,1282372.000000,1952.000000,539.000000,1146.000000,164.000000,144.000000,453.000000,125.000000,266.000000,38.000000,33.000000,2784.000000,769.000000,1633.000000,233.000000,205.000000,15.000000,8.000000,18.000000,3.000000,5.000000,0.000000,6.000000,12.000000,2.000000,4.000000,0.000000,7.000000,15.000000,2.000000,5.000000,8097.000000,2266.000000,4820.000000,695.000000,601.000000,3.000000,
0.040619,0.067916,0.376828,0.200374,0.001385,-210337.565885,3.040935,2195607.000000,1874874.000000,3722527.000000,334752.000000,1282372.000000,1952.000000,539.000000,1146.000000,164.000000,144.000000,453.000000,125.000000,266.000000,38.000000,33.000000,2784.000000,769.000000,1633.000000,233.000000,205.000000,15.000000,8.000000,18.000000,3.000000,5.000000,0.000000,6.000000,12.000000,2.000000,4.000000,0.000000,7.000000,15.000000,2.000000,5.000000,8097.000000,2266.000000,4820.000000,695.000000,601.000000,3.000000,
0.040540,0.116504,0.380356,0.206542,0.001504,-210524.520618,3.041462,2195607.000000,1874874.000000,3722527.000000,334752.000000,1282372.000000,1952.000000,539.000000,1146.000000,164.000000,144.000000,453.000000,125.000000,266.000000,38.000000,33.000000,2784.000000,769.000000,1633.000000,233.000000,205.000000,15.000000,8.000000,18.000000,3.000000,5.000000,0.000000,6.000000,12.000000,2.000000,4.000000,0.000000,7.000000,15.000000,2.000000,5.000000,8097.000000,2266.000000,4820.000000,695.000000,601.000000,3.000000,
0.040539,0.247654,0.377004,0.258708,0.001153,-210346.695913,3.035229,2195607.000000,1874874.000000,3722527.000000,334752.000000,1282372.000000,1952.000000,539.000000,1146.000000,164.000000,144.000000,453.000000,125.000000,266.000000,38.000000,33.000000,2784.000000,769.000000,1633.000000,233.000000,205.000000,15.000000,8.000000,18.000000,3.000000,5.000000,0.000000,6.000000,12.000000,2.000000,4.000000,0.000000,7.000000,15.000000,2.000000,5.000000,8097.000000,2266.000000,4820.000000,695.000000,601.000000,3.000000,
0.040575,0.151630,0.375422,0.247123,0.001215,-210263.150090,3.035037,2195607.000000,1874874.000000,3722527.000000,334752.000000,1282372.000000,1952.000000,539.000000,1146.000000,164.000000,144.000000,453.000000,125.000000,266.000000,38.000000,33.000000,2784.000000,769.000000,1633.000000,233.000000,205.000000,15.000000,8.000000,18.000000,3.000000,5.000000,0.000000,6.000000,12.000000,2.000000,4.000000,0.000000,7.000000,15.000000,2.000000,5.000000,8097.000000,2266.000000,4820.000000,695.000000,601.000000,3.000000,
0.040568,0.202273,0.374314,0.269890,0.001199,-210204.651642,3.032507,2195607.000000,1874874.000000,3722527.000000,334752.000000,1282372.000000,1952.000000,539.000000,1146.000000,164.000000,144.000000,453.000000,125.000000,266.000000,38.000000,33.000000,2784.000000,769.000000,1633.000000,233.000000,205.000000,15.000000,8.000000,18.000000,3.000000,5.000000,0.000000,6.000000,12.000000,2.000000,4.000000,0.000000,7.000000,15.000000,2.000000,5.000000,8097.000000,2266.000000,4820.000000,695.000000,601.000000,3.000000,
0.040568,0.202273,0.374314,0.269890,0.001199,-210204.651642,3.032507,2195607.000000,1874874.000000,3722527.000000,334752.000000,1282372.000000,1952.000000,539.000000,1146.000000,164.000000,144.000000,453.000000,125.000000,266.000000,38.000000,33.000000,2784.000000,769.000000,1633.000000,233.000000,205.000000,15.000000,8.000000,18.000000,3.000000,5.000000,0.000000,6.000000,12.000000,2.000000,4.000000,0.000000,7.000000,15.000000,2.000000,5.000000,8097.000000,2266.000000,4820.000000,695.000000,601.000000,3.000000,
0.040568,0.202273,0.374314,0.269890,0.001199,-210204.651642,3.032507,2195607.000000,1874874.000000,3722527.000000,334752.000000,1282372.000000,1952.000000,539.000000,1146.000000,164.000000,144.000000,453.000000,125.000000,266.000000,38.000000,33.000000,2784.000000,769.000000,1633.000000,233.000000,205.000000,15.000000,8.000000,18.000000,3.000000,5.000000,0.000000,6.000000,12.000000,2.000000,4.000000,0.000000,7.000000,15.000000,2.000000,5.000000,8097.000000,2266.000000,4820.000000,695.000000,601.000000,3.000000,
0.040568,0.202273,0.374314,0.269890,0.001199,-210204.651642,3.032507,2195607.000000,1874874.000000,3722527.000000,334752.000000,1282372.000000,1952.000000,539.000000,1146.000000,164.000000,144.000000,453.000000,125.000000,266.000000,38.000000,33.000000,2784.000000,769.000000,1633.000000,233.000000,205.000000,15.000000,8.000000,18.000000,3.000000,5.000000,0.000000,6.000000,12.000000,2.000000,4.000000,0.000000,7.000000,15.000000,2.000000,5.000000,8097.000000,2266.000000,4820.000000,695.000000,601.000000,3.000000,
0.040568,0.202273,0.374314,0.269890,0.001199,-210204.651642,3.032507,2195607.000000,1874874.000000,3722527.000000,334752.000000,1282372.000000,1952.000000,539.000000,1146.000000,164.000000,144.000000,453.000000,125.000000,266.000000,38.000000,33.000000,2784.000000,769.000000,1633.000000,233.000000,205.000000,15.000000,8.000000,18.000000,3.000000,5.000000,0.000000,6.000000,12.000000,2.000000,4.000000,0.000000,7.000000,15.000000,2.000000,5.000000,8097.000000,2266.000000,4820.000000,695.000000,601.000000,3.000000,
0.040695,0.245224,0.366488,0.210196,0.001242,-209794.167787,3.027636,2195607.000000,1874874.000000,3722527.000000,334752.000000,1282372.000000,1952.000000,539.000000,1146.000000,164.000000,144.000000,453.000000,125.000000,266.000000,38.000000,33.000000,2784.000000,769.000000,1633.000000,233.000000,205.000000,15.000000,8.000000,18.000000,3.000000,5.000000,0.000000,6.000000,12.000000,2.000000,4.000000,0.000000,7.000000,15.000000,2.000000,5.000000,8097.000000,2266.000000,4820.000000,695.000000,601.000000,3.000000,
0.040695,0.245224,0.366488,0.210196,0.001242,-209794.167787,3.027636,2195607.000000,1874874.000000,3722527.000000,334752.000000,1282372.000000,1952.000000,539.000000,1146.000000,164.000000,144.000000,453.000000,125.000000,266.000000,38.000000,33.000000,2784.000000,769.000000,1633.000000,233.000000,205.000000,15.000000,8.000000,18.000000,3.000000,5.000000,0.000000,6.000000,12.000000,2.000000,4.000000,0.000000,7.000000,15.000000,2.000000,5.000000,8097.000000,2266.000000,4820.000000,695.000000,601.000000,3.000000,
0.040695,0.245224,0.366488,0.210196,0.001242,-209794.167787,3.027636,2195607.000000,1874874.000000,3722527.000000,334752.000000,1282372.000000,1952.000000,539.000000,1146.000000,164.000000,144.000000,453.000000,125.000000,266.000000,38.000000,33.000000,2784.000000,769.000000,1633.000000,233.000000,205.000000,15.000000,8.000000,18.000000,3.000000,5.000000,0.000000,6.000000,12.000000,2.000000,4.000000,0.000000,7.000000,15.000000,2.000000,5.000000,8097.000000,2266.000000,4820.000000,695.000000,601.000000,3.000000,
0.040695,0.245224,0.366488,0.210196,0.001242,-209794.167787,3.027636,2195607.000000,1874874.000000,3722527.000000,334752.000000,1282372.000000,1952.000000,539.000000,1146.000000,164.000000,144.000000,453.000000,125.000000,266.000000,38.000000,33.000000,2784.000000,769.000000,1633.000000,233.000000,205.000000,15.000000,8.000000,18.000000,3.000000,5.000000,0.000000,6.000000,12.000000,2.000000,4.000000,0.000000,7.000000,15.000000,2.000000,5.000000,8097.000000,2266.000000,4820.000000,695.000000,601.000000,3.000000,
0.040695,0.245224,0.366488,0.210196,0.001242,-209794.167787,3.027636,2195607.000000,1874874.000000,3722527.000000,334752.000000,1282372.000000,1952.000000,539.000000,1146.000000,164.000000,144.000000,453.000000,125.000000,266.000000,38.000000,33.000000,2784.000000,769.000000,1633.000000,233.000000,205.000000,15.000000,8.000000,18.000000,3.000000,5.000000,0.000000,6.000000,12.000000,2.000000,4.000000,0.000000,7.000000,15.000000,2.000000,5.000000,8097.000000,2266.000000,4820.000000,695.000000,601.000000,3.000000,
0.040695,0.245224,0.366488,0.210196,0.001242,-209794.167787,3.027636,2195607.000000,1874874.000000,3722527.000000,334752.000000,1282372.000000,1952.000000,539.000000,1146.000000,164.000000,144.000000,453.000000,125.000000,266.000000,38.000000,33.000000,2784.000000,769.000000,1633.000000,233.000000,205.000000,15.000000,8.000000,18.000000,3.000000,5.000000,0.000000,6.000000,12.000000,2.000000,4.000000,0.000000,7.000000,15.000000,2.000000,5.000000,8097.000000,2266.000000,4820.000000,695.000000,601.000000,3.000000,
0.040695,0.245224,0.366488,0.210196,0.001242,-209794.167787,3.027636,2195607.000000,1874874.000000,3722527.000000,334752.000000,1282372.000000,1952.000000,539.000000,1146.000000,164.000000,144.000000,453.000000,125.000000,266.000000,38.000000,33.000000,2784.000000,769.000000,1633.000000,233.000000,205.000000,15.000000,8.000000,18.000000,3.000000,5.000000,0.000000,6.000000,12.000000,2.000000,4.000000,0.000000,7.000000,15.000000,2.000000,5.000000,8097.000000,2266.000000,4820.000000,695.000000,601.000000,3.000000,
0.040695,0.245224,0.366488,0.210196,0.001242,-209794.167787,3.027636,2195607.000000,1874874.000000,3722527.000000,334752.000000,1282372.000000,1952.000000,539.000000,1146.000000,164.000000,144.000000,453.000000,125.000000,266.000000,38.000000,33.000000,2784.000000,769.000000,1633.000000,233.000000,205.000000,15.000000,8.000000,18.000000,3.000000,5.000000,0.000000,6.000000,12.000000,2.000000,4.000000,0.000000,7.000000,15.000000,2.000000,5.000000,8097.000000,2266.000000,4820.000000,695.000000,601.000000,3.000000,
0.040695,0.245224,0.366488,0.210196,0.001242,-209794.167787,3.027636,2195607.000000,1874874.000000,3722527.000000,334752.000000,1282372.000000,1952.000000,539.000000,1146.000000,164.000000,144.000000,453.000000,125.000000,266.000000,38.000000,33.000000,2784.000000,769.000000,1633.000000,233.000000,205.000000,15.000000,8.000000,18.000000,3.000000,5.000000,0.000000,6.000000,12.000000,2.000000,4.000000,0.000000,7.000000,15.000000,2.000000,5.000000,8097.000000,2266.000000,4820.000000,695.000000,601.000000,3.000000,
0.040695,0.245224,0.366488,0.210196,0.001242,-209794.167787,3.027636,2195607.000000,1874874.000000,3722527.000000,334752.000000,1282372.000000,1952.000000,539.000000,1146.000000,164.000000,144.000000,453.000000,125.000000,266.000000,38.000000,33.000000,2784.000000,769.000000,1633.000000,233.000000,205.000000,15.000000,8.000000,18.000000,3.000000,5.000000,0.000000,6.000000,12.000000,2.000000,4.000000,0.000000,7.000000,15.000000,2.000000,5.000000,8097.000000,2266.000000,4820.000000,695.000000,601.000000,3.000000,
0.040727,0.108690,0.360435,0.223417,0.001624,-209479.302564,3.018904,2195607.000000,1874874.000000,3722527.000000,334752.000000,1282372.000000,1952.000000,539.000000,1146.000000,164.000000,144.000000,453.000000,125.000000,266.000000,38.000000,33.000000,2784.000000,769.000000,1633.000000,233.000000,205.000000,15.000000,8.000000,18.000000,3.000000,5.000000,0.000000,6.000000,12.000000,2.000000,4.000000,0.000000,7.000000,15.000000,2.000000,5.000000,8097.000000,2266.000000,4820.000000,695.000000,601.000000,3.000000,
0.040727,0.108690,0.360435,0.223417,0.001624,-209479.302564,3.018904,2195607.000000,1874874.000000,3722527.000000,334752.000000,1282372.000000,1952.000000,539.000000,1146.000000,164.000000,144.000000,453.000000,125.000000,266.000000,38.000000,33.000000,2784.000000,769.000000,1633.000000,233.000000,205.000000,15.000000,8.000000,18.000000,3.000000,5.000000,0.000000,6.000000,12.000000,2.000000,4.000000,0.000000,7.000000,15.000000,2.000000,5.000000,8097.000000,2266.000000,4820.000000,695.000000,601.000000,3.000000,
0.040727,0.108690,0.360435,0.223417,0.001624,-209479.302564,3.018904,2195607.000000,1874874.000000,3722527.000000,334752.000000,1282372.000000,1952.000000,539.000000,1146.000000,164.000000,144.000000,453.000000,125.000000,266.000000,38.000000,33.000000,2784.000000,769.000000,1633.000000,233.000000,205.000000,15.000000,8.000000,18.000000,3.000000,5.000000,0.000000,6.000000,12.000000,2.000000,4.000000,0.000000,7.000000,15.000000,2.000000,5.000000,8097.000000,2266.000000,4820.000000,695.000000,601.000000,3.000000,
0.040727,0.108690,0.360435,0.223417,0.001624,-209479.302564,3.018904,2195607.000000,1874874.000000,3722527.000000,334752.000000,1282372.000000,1952.000000,539.000000,1146.000000,164.000000,144.000000,453.000000,125.000000,266.000000,38.000000,33.000000,2784.000000,769.000000,1633.000000,233.000000,205.000000,15.000000,8.000000,18.000000,3.000000,5.000000,0.000000,6.000000,12.000000,2.000000,4.000000,0.000000,7.000000,15.000000,2.000000,5.000000,8097.000000,2266.000000,4820.000000,695.000000,601.000000,3.000000,
0.040727,0.108690,0.360435,0.223417,0.001624,-209479.302564,3.018904,2195607.000000,1874874.000000,3722527.000000,334752.000000,1282372.000000,1952.000000,539.000000,1146.000000,164.000000,144.000000,453.000000,125.000000,266.000000,38.000000,33.000000,2784.000000,769.000000,1633.000000,233.000000,205.000000,15.000000,8.000000,18.000000,3.000000,5.000000,0.000000,6.000000,12.000000,2.000000,4.000000,0.000000,7.000000,15.000000,2.000000,5.000000,8097.000000,2266.000000,4820.000000,695.000000,601.000000,3.000000,
0.040727,0.108690,0.360435,0.223417,0.001624,-209479.302564,3.018904,2195607.000000,1874874.000000,3722527.000000,334752.000000,1282372.000000,1952.000000,539.000000,1146.000000,164.000000,144.000000,453.000000,125.000000,266.000000,38.000000,33.000000,2784.000000,769.000000,1633.000000,233.000000,205.000000,15.000000,8.000000,18.000000,3.000000,5.000000,0.000000,6.000000,12.000000,2.000000,4.000000,0.000000,7.000000,15.000000,2.000000,5.000000,8097.000000,2266.000000,4820.000000,695.000000,601.000000,3.000000,
0.040727,0.108690,0.360435,0.223417,0.001624,-209479.302564,3.018904,2195607.000000,1874874.000000,3722527.000000,334752.000000,1282372.000000,1952.000000,539.000000,1146.000000,164.000000,144.000000,453.000000,125.000000,266.000000,38.000000,33.000000,2784.000000,769.000000,1633.000000,233.000000,205.000000,15.000000,8.000000,18.000000,3.000000,5.000000,0.000000,6.000000,12.000000,2.000000,4.000000,0.000000,7.000000,15.000000,2.000000,5.000000,8097.000000,2266.000000,4820.000000,695.000000,601.000000,3.000000,
0.040727,0.108690,0.360435,0.223417,0.001624,-209479.302564,3.018904,2195607.000000,1874874.000000,3722527.000000,334752.000000,1282372.000000,1952.000000,539.000000,1146.000000,164.000000,144.000000,453.000000,125.000000,266.000000,38.000000,33.000000,2784.000000,769.000000,1633.000000,233.000000,205.000000,15.000000,8.000000,18.000000,3.000000,5.000000,0.000000,6.000000,12.000000,2.000000,4.000000,0.000000,7.000000,15.000000,2.000000,5.000000,8097.000000,2266.000000,4820.000000,695.000000,601.000000,3.000000,
0.040727,0.108690,0.360435,0.223417,0.001624,-209479.302564,3.018904,2195607.000000,1874874.000000,3722527.000000,334752.000000,1282372.000000,1952.000000,539.000000,1146.000000,164.000000,144.000000,453.000000,125.000000,266.000000,38.000000,33.000000,2784.000000,769.000000,1633.000000,233.000000,205.000000,15.000000,8.000000,18.000000,3.000000,5.000000,0.000000,6.000000,12.000000,2.000000,4.000000,0.000000,7.000000,15.000000,2.000000,5.000000,8097.000000,2266.000000,4820.000000,695.000000,601.000000,3.000000,
0.040727,0.108690,0.360435,0.223417,0.001624,-209479.302564,3.018904,2195607.000000,1874874.000000,3722527.000000,334752.000000,1282372.000000,1952.000000,539.000000,1146.000000,164.000000,144.000000,453.000000,125.000000,266.000000,38.000000,33.000000,2784.000000,769.000000,1633.000000,233.000000,205.000000,15.000000,8.000000,18.000000,3.000000,5.000000,0.000000,6.000000,12.000000,2.000000,4.000000,0.000000,7.000000,15.000000,2.000000,5.000000,8097.000000,2266.000000,4820.000000,695.000000,601.000000,3.000000,
0.040713,0.066657,0.360560,0.224271,0.001569,-209485.787851,3.018091,2195607.000000,1874874.000000,3722527.000000,334752.000000,1282372.000000,1952.000000,539.000000,1146.000000,164.000000,144.000000,453.000000,125.000000,266.000000,38.000000,33.000000,2784.000000,769.000000,1633.000000,233.000000,205.000000,15.000000,8.000000,18.000000,3.000000,5.000000,0.000000,6.000000,12.000000,2.000000,4.000000,0.000000,7.000000,15.000000,2.000000,5.000000,8097.000000,2266.000000,4820.000000,695.000000,601.000000,3.000000,
0.040713,0.066657,0.360560,0.224271,0.001569,-209485.787851,3.018091,2195607.000000,1874874.000000,3722527.000000,334752.000000,1282372.000000,1952.000000,539.000000,1146.000000,164.000000,144.000000,453.000000,125.000000,266.000000,38.000000,33.000000,2784.000000,769.000000,1633.000000,233.000000,205.000000,15.000000,8.000000,18.000000,3.000000,5.000000,0.000000,6.000000,12.000000,2.000000,4.000000,0.000000,7.000000,15.000000,2.000000,5.000000,8097.000000,2266.000000,4820.000000,695.000000,601.000000,3.000000,
0.040713,0.066657,0.360560,0.224271,0.001569,-209485.787851,3.018091,2195607.000000,1874874.000000,3722527.000000,334752.000000,1282372.000000,1952.000000,539.000000,1146.000000,164.000000,144.000000,453.000000,125.000000,266.000000,38.000000,33.000000,2784.000000,769.000000,1633.000000,233.000000,205.000000,15.000000,8.000000,18.000000,3.000000,5.000000,0.000000,6.000000,12.000000,2.000000,4.000000,0.000000,7.000000,15.000000,2.000000,5.000000,8097.000000,2266.000000,4820.000000,695.000000,601.000000,3.000000,
0.040713,0.066657,0.360560,0.224271,0.001569,-209485.787851,3.018091,2195607.000000,1874874.000000,3722527.000000,334752.000000,1282372.000000,1952.000000,539.000000,1146.000000,164.000000,144.000000,453.000000,125.000000,266.000000,38.000000,33.000000,2784.000000,769.000000,1633.000000,233.000000,205.000000,15.000000,8.000000,18.000000,3.000000,5.000000,0.000000,6.000000,12.000000,2.000000,4.000000,0.000000,7.000000,15.000000,2.000000,5.000000,8097.000000,2266.000000,4820.000000,695.000000,601.000000,3.000000,
0.040713,0.066657,0.360560,0.224271,0.001569,-209485.787851,3.018091,2195607.000000,1874874.000000,3722527.000000,334752.000000,1282372.000000,1952.000000,539.000000,1146.000000,164.000000,144.000000,453.000000,125.000000,266.000000,38.000000,33.000000,2784.000000,769.000000,1633.000000,233.000000,205.000000,15.000000,8.000000,18.000000,3.000000,5.000000,0.000000,6.000000,12.000000,2.000000,4.000000,0.000000,7.000000,15.000000,2.000000,5.000000,8097.000000,2266.000000,4820.000000,695.000000,601.000000,3.000000,
0.040713,0.066657,0.360560,0.224271,0.001569,-209485.787851,3.018091,2195607.000000,1874874.000000,3722527.000000,334752.000000,1282372.000000,1952.000000,539.000000,1146.000000,164.000000,144.000000,453.000000,125.000000,266.000000,38.000000,33.000000,2784.000000,769.000000,1633.000000,233.000000,205.000000,15.000000,8.000000,18.000000,3.000000,5.000000,0.000000,6.000000,12.000000,2.000000,4.000000,0.000000,7.000000,15.000000,2.000000,5.000000,8097.000000,2266.000000,4820.000000,695.000000,601.000000,3.000000,
0.040713,0.066657,0.360560,0.224271,0.001569,-209485.787851,3.018091,2195607.000000,1874874.000000,3722527.000000,334752.000000,1282372.000000,1952.000000,539.000000,1146.000000,164.000000,144.000000,453.000000,125.000000,266.000000,38.000000,33.000000,2784.000000,769.000000,1633.000000,233.000000,205.000000,15.000000,8.000000,18.000000,3.000000,5.000000,0.000000,6.000000,12.000000,2.000000,4.000000,0.000000,7.000000,15.000000,2.000000,5.000000,8097.000000,2266.000000,4820.000000,695.000000,601.000000,3.000000,
0.040713,0.066657,0.360560,0.224271,0.001569,-209485.787851,3.018091,2195607.000000,1874874.000000,3722527.000000,334752.000000,1282372.000000,1952.000000,539.000000,1146.000000,164.000000,144.000000,453.000000,125.000000,266.000000,38.000000,33.000000,2784.000000,769.000000,1633.000000,233.000000,205.000000,15.000000,8.000000,18.000000,3.000000,5.000000,0.000000,6.000000,12.000000,2.000000,4.000000,0.000000,7.000000,15.000000,2.000000,5.000000,8097.000000,2266.000000,4820.000000,695.000000,601.000000,3.000000,
0.040713,0.066657,0.360560,0.224271,0.001569,-209485.787851,3.018091,2195607.000000,1874874.000000,3722527.000000,334752.000000,1282372.000000,1952.000000,539.000000,1146.000000,164.000000,144.000000,453.000000,125.000000,266.000000,38.000000,33.000000,2784.000000,769.000000,1633.000000,233.000000,205.000000,15.000000,8.000000,18.000000,3.000000,5.000000,0.000000,6.000000,12.000000,2.000000,4.000000,0.000000,7.000000,15.000000,2.000000,5.000000,8097.000000,2266.000000,4820.000000,695.000000,601.000000,3.000000,
0.040713,0.066657,0.360560,0.224271,0.001569,-209485.787851,3.018091,2195607.000000,1874874.000000,3722527.000000,334752.000000,1282372.000000,1952.000000,539.000000,1146.000000,164.000000,144.000000,453.000000,125.000000,266.000000,38.000000,33.000000,2784.000000,769.000000,1633.000000,233.000000,205.000000,15.000000,8.000000,18.000000,3.000000,5.000000,0.000000,6.000000,12.000000,2.000000,4.000000,0.000000,7.000000,15.000000,2.000000,5.000000,8097.000000,2266.000000,4820.000000,695.000000,601.000000,3.000000,
0.040713,0.066657,0.360560,0.224271,0.001569,-209485.787851,3.018091,2195607.000000,1874874.000000,3722527.000000,334752.000000,1282372.000000,1952.000000,539.000000,1146.000000,164.000000,144.000000,453.000000,125.000000,266.000000,38.000000,33.000000,2784.000000,769.000000,1633.000000,233.000000,205.000000,15.000000,8.000000,18.000000,3.000000,5.000000,0.000000,6.000000,12.000000,2.000000,4.000000,0.000000,7.000000,15.000000,2.000000,5.000000,8097.000000,2266.000000,4820.000000,695.000000,601.000000,3.000000,
0.040713,0.066657,0.360560,0.224271,0.001569,-209485.787851,3.018091,2195607.000000,1874874.000000,3722527.000000,334752.000000,1282372.000000,1952.000000,539.000000,1146.000000,164.000000,144.000000,453.000000,125.000000,266.000000,38.000000,33.000000,2784.000000,769.000000,1633.000000,233.000000,205.000000,15.000000,8.000000,18.000000,3.000000,5.000000,0.000000,6.000000,12.000000,2.000000,4.000000,0.000000,7.000000,15.000000,2.000000,5.000000,8097.000000,2266.000000,4820.000000,695.000000,601.000000,3.000000,
0.040713,0.066657,0.360560,0.224271,0.001569,-209485.787851,3.018091,2195607.000000,1874874.000000,3722527.000000,334752.000000,1282372.000000,1952.000000,539.000000,1146.000000,164.000000,144.000000,453.000000,125.000000,266.000000,38.000000,33.000000,2784.000000,769.000000,1633.000000,233.000000,205.000000,15.000000,8.000000,18.000000,3.000000,5.000000,0.000000,6.000000,12.000000,2.000000,4.000000,0.000000,7.000000,15.000000,2.000000,5.000000,8097.000000,2266.000000,4820.000000,695.000000,601.000000,3.000000,
0.040713,0.066657,0.360560,0.224271,0.001569,-209485.787851,3.018091,2195607.000000,1874874.000000,3722527.000000,334752.000000,1282372.000000,1952.000000,539.000000,1146.000000,164.000000,144.000000,453.000000,125.000000,266.000000,38.000000,33.000000,2784.000000,769.000000,1633.000000,233.000000,205.000000,15.000000,8.000000,18.000000,3.000000,5.000000,0.000000,6.000000,12.000000,2.000000,4.000000,0.000000,7.000000,15.000000,2.000000,5.000000,8097.000000,2266.000000,4820.000000,695.000000,601.000000,3.000000,
0.040713,0.066657,0.360560,0.224271,0.001569,-209485.787851,3.018091,2195607.000000,1874874.000000,3722527.000000,334752.000000,1282372.000000,1952.000000,539.000000,1146.000000,164.000000,144.000000,453.000000,125.000000,266.000000,38.000000,33.000000,2784.000000,769.000000,1633.000000,233.000000,205.000000,15.000000,8.000000,18.000000,3.000000,5.000000,0.000000,6.000000,12.000000,2.000000,4.000000,0.000000,7.000000,15.000000,2.000000,5.000000,8097.000000,2266.000000,4820.000000,695.000000,601.000000,3.000000,
0.040713,0.066657,0.360560,0.224271,0.001569,-209485.787851,3.018091,2195607.000000,1874874.000000,3722527.000000,334752.000000,1282372.000000,1952.000000,539.000000,1146.000000,164.000000,144.000000,453.000000,125.000000,266.000000,38.000000,33.000000,2784.000000,769.000000,1633.000000,233.000000,205.000000,15.000000,8.000000,18.000000,3.000000,5.000000,0.000000,6.000000,12.000000,2.000000,4.000000,0.000000,7.000000,15.000000,2.000000,5.000000,8097.000000,2266.000000,4820.000000,695.000000,601.000000,3.000000,
0.040713,0.066657,0.360560,0.224271,0.001569,-209485.787851,3.018091,2195607.000000,1874874.000000,3722527.000000,334752.000000,1282372.000000,1952.000000,539.000000,1146.000000,164.000000,144.000000,453.000000,125.000000,266.000000,38.000000,33.000000,2784.000000,769.000000,1633.000000,233.000000,205.000000,15.000000,8.000000,18.000000,3.000000,5.000000,0.000000,6.000000,12.000000,2.000000,4.000000,0.000000,7.000000,15.000000,2.000000,5.000000,8097.000000,2266.000000,4820.000000,695.000000,601.000000,3.000000,
0.040713,0.066657,0.360560,0.224271,0.001569,-209485.787851,3.018091,2195607.000000,1874874.000000,3722527.000000,334752.000000,1282372.000000,1952.000000,539.000000,1146.000000,164.000000,144.000000,453.000000,125.000000,266.000000,38.000000,33.000000,2784.000000,769.000000,1633.000000,233.000000,205.000000,15.000000,8.000000,18.000000,3.000000,5.000000,0.000000,6.000000,12.000000,2.000000,4.000000,0.000000,7.000000,15.000000,2.000000,5.000000,8097.000000,2266.000000,4820.000000,695.000000,601.000000,3.000000,
0.040713,0.066657,0.360560,0.224271,0.001569,-209485.787851,3.018091,2195607.000000,1874874.000000,3722527.000000,334752.000000,1282372.000000,1952.000000,539.000000,1146.000000,164.000000,144.000000,453.000000,125.000000,266.000000,38.000000,33.000000,2784.000000,769.000000,1633.000000,233.000000,205.000000,15.000000,8.000000,18.000000,3.000000,5.000000,0.000000,6.000000,12.000000,2.000000,4.000000,0.000000,7.000000,15.000000,2.000000,5.000000,8097.000000,2266.000000,4820.000000,695.000000,601.000000,3.000000,
0.041001,0.145600,0.345802,0.276572,0.001884,-208728.572878,3.012094,2195607.000000,1874874.000000,3722527.000000,334752.000000,1282372.000000,1952.000000,539.000000,1146.000000,164.000000,144.000000,453.000000,125.000000,266.000000,38.000000,33.000000,2784.000000,769.000000,1633.000000,233.000000,205.000000,15.000000,8.000000,18.000000,3.000000,5.000000,0.000000,6.000000,12.000000,2.000000,4.000000,0.000000,7.000000,15.000000,2.000000,5.000000,8097.000000,2266.000000,4820.000000,695.000000,601.000000,3.000000,
0.041128,0.102919,0.338749,0.240248,0.002273,-208371.693780,3.008378,2195607.000000,1874874.000000,3722527.000000,334752.000000,1282372.000000,1952.000000,539.000000,1146.000000,164.000000,144.000000,453.000000,125.000000,266.000000,38.000000,33.000000,2784.000000,769.000000,1633.000000,233.000000,205.000000,15.000000,8.000000,18.000000,3.000000,5.000000,0.000000,6.000000,12.000000,2.000000,4.000000,0.000000,7.000000,15.000000,2.000000,5.000000,8097.000000,2266.000000,4820.000000,695.000000,601.000000,3.000000,
0.041128,0.102919,0.338749,0.240248,0.002273,-208371.693780,3.008378,2195607.000000,1874874.000000,3722527.000000,334752.000000,1282372.000000,1952.000000,539.000000,1146.000000,164.000000,144.000000,453.000000,125.000000,266.000000,38.000000,33.000000,2784.000000,769.000000,1633.000000,233.000000,205.000000,15.000000,8.000000,18.000000,3.000000,5.000000,0.000000,6.000000,12.000000,2.000000,4.000000,0.000000,7.000000,15.000000,2.000000,5.000000,8097.000000,2266.000000,4820.000000,695.000000,601.000000,3.000000,
0.041128,0.102919,0.338749,0.240248,0.002273,-208371.693780,3.008378,2195607.000000,1874874.000000,3722527.000000,334752.000000,1282372.000000,1952.000000,539.000000,1146.000000,164.000000,144.000000,453.000000,125.000000,266.000000,38.000000,33.000000,2784.000000,769.000000,1633.000000,233.000000,205.000000,15.000000,8.000000,18.000000,3.000000,5.000000,0.000000,6.000000,12.000000,2.000000,4.000000,0.000000,7.000000,15.000000,2.000000,5.000000,8097.000000,2266.000000,4820.000000,695.000000,601.000000,3.000000,
0.041128,0.102919,0.338749,0.240248,0.002273,-208371.693780,3.008378,2195607.000000,1874874.000000,3722527.000000,334752.000000,1282372.000000,1952.000000,539.000000,1146.000000,164.000000,144.000000,453.000000,125.000000,266.000000,38.000000,33.000000,2784.000000,769.000000,1633.000000,233.000000,205.000000,15.000000,8.000000,18.000000,3.000000,5.000000,0.000000,6.000000,12.000000,2.000000,4.000000,0.000000,7.000000,15.000000,2.000000,5.000000,8097.000000,2266.000000,4820.000000,695.000000,601.000000,3.000000,
0.041128,0.102919,0.338749,0.240248,0.002273,-208371.693780,3.008378,2195607.000000,1874874.000000,3722527.000000,334752.000000,1282372.000000,1952.000000,539.000000,1146.000000,164.000000,144.000000,453.000000,125.000000,266.000000,38.000000,33.000000,2784.000000,769.000000,1633.000000,233.000000,205.000000,15.000000,8.000000,18.000000,3.000000,5.000000,0.000000,6.000000,12.000000,2.000000,4.000000,0.000000,7.000000,15.000000,2.000000,5.000000,8097.000000,2266.000000,4820.000000,695.000000,601.000000,3.000000,
0.041128,0.102919,0.338749,0.240248,0.002273,-208371.693780,3.008378,2195607.000000,1874874.000000,3722527.000000,334752.000000,1282372.000000,1952.000000,539.000000,1146.000000,164.000000,144.000000,453.000000,125.000000,266.000000,38.000000,33.000000,2784.000000,769.000000,1633.000000,233.000000,205.000000,15.000000,8.000000,18.000000,3.000000,5.000000,0.000000,6.000000,12.000000,2.000000,4.000000,0.000000,7.000000,15.000000,2.000000,5.000000,8097.000000,2266.000000,4820.000000,695.000000,601.000000,3.000000,
0.041085,0.071354,0.340356,0.295165,0.002305,-208452.720065,3.008200,2195607.000000,1874874.000000,3722527.000000,334752.000000,1282372.000000,1952.000000,539.000000,1146.000000,164.000000,144.000000,453.000000,125.000000,266.000000,38.000000,33.000000,2784.000000,769.000000,1633.000000,233.000000,205.000000,15.000000,8.000000,18.000000,3.000000,5.000000,0.000000,6.000000,12.000000,2.000000,4.000000,0.000000,7.000000,15.000000,2.000000,5.000000,8097.000000,2266.000000,4820.000000,695.000000,601.000000,3.000000,
0.041085,0.071354,0.340356,0.295165,0.002305,-208452.720065,3.008200,2195607.000000,1874874.000000,3722527.000000,334752.000000,1282372.000000,1952.000000,539.000000,1146.000000,164.000000,144.000000,453.000000,125.000000,266.000000,38.000000,33.000000,2784.000000,769.000000,1633.000000,233.000000,205.000000,15.000000,8.000000,18.000000,3.000000,5.000000,0.000000,6.000000,12.000000,2.000000,4.000000,0.000000,7.000000,15.000000,2.000000,5.000000,8097.000000,2266.000000,4820.000000,695.000000,601.000000,3.000000,
0.041085,0.071354,0.340356,0.295165,0.002305,-208452.720065,3.008200,2195607.000000,1874874.000000,3722527.000000,334752.000000,1282372.000000,1952.000000,539.000000,1146.000000,164.000000,144.000000,453.000000,125.000000,266.000000,38.000000,33.000000,2784.000000,769.000000,1633.000000,233.000000,205.000000,15.000000,8.000000,18.000000,3.000000,5.000000,0.000000,6.000000,12.000000,2.000000,4.000000,0.000000,7.000000,15.000000,2.000000,5.000000,8097.000000,2266.000000,4820.000000,695.000000,601.000000,3.000000,
0.041085,0.071354,0.340356,0.295165,0.002305,-208452.720065,3.008200,2195607.000000,1874874.000000,3722527.000000,334752.000000,1282372.000000,1952.000000,539.000000,1146.000000,164.000000,144.000000,453.000000,125.000000,266.000000,38.000000,33.000000,2784.000000,769.000000,1633.000000,233.000000,205.000000,15.000000,8.000000,18.000000,3.000000,5.000000,0.000000,6.000000,12.000000,2.000000,4.000000,0.000000,7.000000,15.000000,2.000000,5.000000,8097.000000,2266.000000,4820.000000,695.000000,601.000000,3.000000,
0.041085,0.071354,0.340356,0.295165,0.002305,-208452.720065,3.008200,2195607.000000,1874874.000000,3722527.000000,334752.000000,1282372.000000,1952.000000,539.000000,1146.000000,164.000000,144.000000,453.000000,125.000000,266.000000,38.000000,33.000000,2784.000000,769.000000,1633.000000,233.000000,205.000000,15.000000,8.000000,18.000000,3.000000,5.000000,0.000000,6.000000,12.000000,2.000000,4.000000,0.000000,7.000000,15.000000,2.000000,5.000000,8097.000000,2266.000000,4820.000000,695.000000,601.000000,3.000000,
0.041041,0.056720,0.343648,0.216233,0.003532,-208619.280475,3.011075,2195607.000000,1874874.000000,3722527.000000,334752.000000,1282372.000000,1952.000000,539.000000,1146.000000,164.000000,144.000000,453.000000,125.000000,266.000000,38.000000,33.000000,2784.000000,769.000000,1633.000000,233.000000,205.000000,15.000000,8.000000,18.000000,3.000000,5.000000,0.000000,6.000000,12.000000,2.000000,4.000000,0.000000,7.000000,15.000000,2.000000,5.000000,8097.000000,2266.000000,4820.000000,695.000000,601.000000,3.000000,
0.041041,0.056720,0.343648,0.216233,0.003532,-208619.280475,3.011075,2195607.000000,1874874.000000,3722527.000000,334752.000000,1282372.000000,1952.000000,539.000000,1146.000000,164.000000,144.000000,453.000000,125.000000,266.000000,38.000000,33.000000,2784.000000,769.000000,1633.000000,233.000000,205.000000,15.000000,8.000000,18.000000,3.000000,5.000000,0.000000,6.000000,12.000000,2.000000,4.000000,0.000000,7.000000,15.000000,2.000000,5.000000,8097.000000,2266.000000,4820.000000,695.000000,601.000000,3.000000,
0.041041,0.056720,0.343648,0.216233,0.003532,-208619.280475,3.011075,2195607.000000,1874874.000000,3722527.000000,334752.000000,1282372.000000,1952.000000,539.000000,1146.000000,164.000000,144.000000,453.000000,125.000000,266.000000,38.000000,33.000000,2784.000000,769.000000,1633.000000,233.000000,205.000000,15.000000,8.000000,18.000000,3.000000,5.000000,0.000000,6.000000,12.000000,2.000000,4.000000,0.000000,7.000000,15.000000,2.000000,5.000000,8097.000000,2266.000000,4820.000000,695.000000,601.000000,3.000000,
0.040725,0.011675,0.371108,0.188442,0.001988,-210036.172914,3.038369,2195607.000000,1874874.000000,3722527.000000,334752.000000,1282372.000000,1952.000000,539.000000,1146.000000,164.000000,144.000000,453.000000,125.000000,266.000000,38.000000,33.000000,2784.000000,769.000000,1633.000000,233.000000,205.000000,15.000000,8.000000,18.000000,3.000000,5.000000,0.000000,6.000000,12.000000,2.000000,4.000000,0.000000,7.000000,15.000000,2.000000,5.000000,8097.000000,2266.000000,4820.000000,695.000000,601.000000,3.000000,
0.040725,0.011675,0.371108,0.188442,0.001988,-210036.172914,3.038369,2195607.000000,1874874.000000,3722527.000000,334752.000000,1282372.000000,1952.000000,539.000000,1146.000000,164.000000,144.000000,453.000000,125.000000,266.000000,38.000000,33.000000,2784.000000,769.000000,1633.000000,233.000000,205.000000,15.000000,8.000000,18.000000,3.000000,5.000000,0.000000,6.000000,12.000000,2.000000,4.000000,0.000000,7.000000,15.000000,2.000000,5.000000,8097.000000,2266.000000,4820.000000,695.000000,601.000000,3.000000,
0.040837,0.010958,0.366518,0.223099,0.001575,-209795.983211,3.038230,2195607.000000,1874874.000000,3722527.000000,334752.000000,1282372.000000,1952.000000,539.000000,1146.000000,164.000000,144.000000,453.000000,125.000000,266.000000,38.000000,33.000000,2784.000000,769.000000,1633.000000,233.000000,205.000000,15.000000,8.000000,18.000000,3.000000,5.000000,0.000000,6.000000,12.000000,2.000000,4.000000,0.000000,7.000000,15.000000,2.000000,5.000000,8097.000000,2266.000000,4820.000000,695.000000,601.000000,3.000000,
0.040882,0.009118,0.363091,0.237778,0.002438,-209617.512265,3.035297,2195607.000000,1874874.000000,3722527.000000,334752.000000,1282372.000000,1952.000000,539.000000,1146.000000,164.000000,144.000000,453.000000,125.000000,266.000000,38.000000,33.000000,2784.000000,769.000000,1633.000000,233.000000,205.000000,15.000000,8.000000,18.000000,3.000000,5.000000,0.000000,6.000000,12.000000,2.000000,4.000000,0.000000,7.000000,15.000000,2.000000,5.000000,8097.000000,2266.000000,4820.000000,695.000000,601.000000,3.000000,
0.040882,0.009118,0.363091,0.237778,0.002438,-209617.512265,3.035297,2195607.000000,1874874.000000,3722527.000000,334752.000000,1282372.000000,1952.000000,539.000000,1146.000000,164.000000,144.000000,453.000000,125.000000,266.000000,38.000000,33.000000,2784.000000,769.000000,1633.000000,233.000000,205.000000,15.000000,8.000000,18.000000,3.000000,5.000000,0.000000,6.000000,12.000000,2.000000,4.000000,0.000000,7.000000,15.000000,2.000000,5.000000,8097.000000,2266.000000,4820.000000,695.000000,601.000000,3.000000,
0.040882,0.009118,0.363091,0.237778,0.002438,-209617.512265,3.035297,2195607.000000,1874874.000000,3722527.000000,334752.000000,1282372.000000,1952.000000,539.000000,1146.000000,164.000000,144.000000,453.000000,125.000000,266.000000,38.000000,33.000000,2784.000000,769.000000,1633.000000,233.000000,205.000000,15.000000,8.000000,18.000000,3.000000,5.000000,0.000000,6.000000,12.000000,2.000000,4.000000,0.000000,7.000000,15.000000,2.000000,5.000000,8097.000000,2266.000000,4820.000000,695.000000,601.000000,3.000000,
0.040882,0.009118,0.363091,0.237778,0.002438,-209617.512265,3.035297,2195607.000000,1874874.000000,3722527.000000,334752.000000,1282372.000000,1952.000000,539.000000,1146.000000,164.000000,144.000000,453.000000,125.000000,266.000000,38.000000,33.000000,2784.000000,769.000000,1633.000000,233.000000,205.000000,15.000000,8.000000,18.000000,3.000000,5.000000,0.000000,6.000000,12.000000,2.000000,4.000000,0.000000,7.000000,15.000000,2.000000,5.000000,8097.000000,2266.000000,4820.000000,695.000000,601.000000,3.000000,
0.040882,0.009118,0.363091,0.237778,0.002438,-209617.512265,3.035297,2195607.000000,1874874.000000,3722527.000000,334752.000000,1282372.000000,1952.000000,539.000000,1146.000000,164.000000,144.000000,453.000000,125.000000,266.000000,38.000000,33.000000,2784.000000,769.000000,1633.000000,233.000000,205.000000,15.000000,8.000000,18.000000,3.000000,5.000000,0.000000,6.000000,12.000000,2.000000,4.000000,0.000000,7.000000,15.000000,2.000000,5.000000,8097.000000,2266.000000,4820.000000,695.000000,601.000000,3.000000,
0.040882,0.009118,0.363091,0.237778,0.002438,-209617.512265,3.035297,2195607.000000,1874874.000000,3722527.000000,334752.000000,1282372.000000,1952.000000,539.000000,1146.000000,164.000000,144.000000,453.000000,125.000000,266.000000,38.000000,33.000000,2784.000000,769.000000,1633.000000,233.000000,205.000000,15.000000,8.000000,18.000000,3.000000,5.000000,0.000000,6.000000,12.000000,2.000000,4.000000,0.000000,7.000000,15.000000,2.000000,5.000000,8097.000000,2266.000000,4820.000000,695.000000,601.000000,3.000000,
0.040720,0.003202,0.374404,0.219493,0.001780,-210209.703576,3.043997,2195607.000000,1874874.000000,3722527.000000,334752.000000,1282372.000000,1952.000000,539.000000,1146.000000,164.000000,144.000000,453.000000,125.000000,266.000000,38.000000,33.000000,2784.000000,769.000000,1633.000000,233.000000,205.000000,15.000000,8.000000,18.000000,3.000000,5.000000,0.000000,6.000000,12.000000,2.000000,4.000000,0.000000,7.000000,15.000000,2.000000,5.000000,8097.000000,2266.000000,4820.000000,695.000000,601.000000,3.000000,
0.040720,0.003202,0.374404,0.219493,0.001780,-210209.703576,3.043997,2195607.000000,1874874.000000,3722527.000000,334752.000000,1282372.000000,1952.000000,539.000000,1146.000000,164.000000,144.000000,453.000000,125.000000,266.000000,38.000000,33.000000,2784.000000,769.000000,1633.000000,233.000000,205.000000,15.000000,8.000000,18.000000,3.000000,5.000000,0.000000,6.000000,12.000000,2.000000,4.000000,0.000000,7.000000,15.000000,2.000000,5.000000,8097.000000,2266.000000,4820.000000,695.000000,601.000000,3.000000,
0.040418,0.004274,0.392337,0.153458,0.002523,-211165.970359,3.054161,2195607.000000,1874874.000000,3722527.000000,334752.000000,1282372.000000,1952.000000,539.000000,1146.000000,164.000000,144.000000,453.000000,125.000000,266.000000,38.000000,33.000000,2784.000000,769.000000,1633.000000,233.000000,205.000000,15.000000,8.000000,18.000000,3.000000,5.000000,0.000000,6.000000,12.000000,2.000000,4.000000,0.000000,7.000000,15.000000,2.000000,5.000000,8097.000000,2266.000000,4820.000000,695.000000,601.000000,3.000000,
0.040418,0.004274,0.392337,0.153458,0.002523,-211165.970359,3.054161,2195607.000000,1874874.000000,3722527.000000,334752.000000,1282372.000000,1952.000000,539.000000,1146.000000,164.000000,144.000000,453.000000,125.000000,266.000000,38.000000,33.000000,2784.000000,769.000000,1633.000000,233.000000,205.000000,15.000000,8.000000,18.000000,3.000000,5.000000,0.000000,6.000000,12.000000,2.000000,4.000000,0.000000,7.000000,15.000000,2.000000,5.000000,8097.000000,2266.000000,4820.000000,695.000000,601.000000,3.000000,
0.040555,0.001596,0.386156,0.198392,0.001934,-210833.945727,3.053192,2195607.000000,1874874.000000,3722527.000000,334752.000000,1282372.000000,1952.000000,539.000000,1146.000000,164.000000,144.000000,453.000000,125.000000,266.000000,38.000000,33.000000,2784.000000,769.000000,1633.000000,233.000000,205.000000,15.000000,8.000000,18.000000,3.000000,5.000000,0.000000,6.000000,12.000000,2.000000,4.000000,0.000000,7.000000,15.000000,2.000000,5.000000,8097.000000,2266.000000,4820.000000,695.000000,601.000000,3.000000,
0.040555,0.001596,0.386156,0.198392,0.001934,-210833.945727,3.053192,2195607.000000,1874874.000000,3722527.000000,334752.000000,1282372.000000,1952.000000,539.000000,1146.000000,164.000000,144.000000,453.000000,125.000000,266.000000,38.000000,33.000000,2784.000000,769.000000,1633.000000,233.000000,205.000000,15.000000,8.000000,18.000000,3.000000,5.000000,0.000000,6.000000,12.000000,2.000000,4.000000,0.000000,7.000000,15.000000,2.000000,5.000000,8097.000000,2266.000000,4820.000000,695.000000,601.000000,3.000000,
0.040630,0.001491,0.380502,0.177396,0.001988,-210532.437097,3.048475,2195607.000000,1874874.000000,3722527.000000,334752.000000,1282372.000000,1952.000000,539.000000,1146.000000,164.000000,144.000000,453.000000,125.000000,266.000000,38.000000,33.000000,2784.000000,769.000000,1633.000000,233.000000,205.000000,15.000000,8.000000,18.000000,3.000000,5.000000,0.000000,6.000000,12.000000,2.000000,4.000000,0.000000,7.000000,15.000000,2.000000,5.000000,8097.000000,2266.000000,4820.000000,695.000000,601.000000,3.000000,
0.040630,0.001491,0.380502,0.177396,0.001988,-210532.437097,3.048475,2195607.000000,1874874.000000,3722527.000000,334752.000000,1282372.000000,1952.000000,539.000000,1146.000000,164.000000,144.000000,453.000000,125.000000,266.000000,38.000000,33.000000,2784.000000,769.000000,1633.000000,233.000000,205.000000,15.000000,8.000000,18.000000,3.000000,5.000000,0.000000,6.000000,12.000000,2.000000,4.000000,0.000000,7.000000,15.000000,2.000000,5.000000,8097.000000,2266.000000,4820.000000,695.000000,601.000000,3.000000,
0.040630,0.001491,0.380502,0.177396,0.001988,-210532.437097,3.048475,2195607.000000,1874874.000000,3722527.000000,334752.000000,1282372.000000,1952.000000,539.000000,1146.000000,164.000000,144.000000,453.000000,125.000000,266.000000,38.000000,33.000000,2784.000000,769.000000,1633.000000,233.000000,205.000000,15.000000,8.000000,18.000000,3.000000,5.000000,0.000000,6.000000,12.000000,2.000000,4.000000,0.000000,7.000000,15.000000,2.000000,5.000000,8097.000000,2266.000000,4820.000000,695.000000,601.000000,3.000000,
0.040771,0.001491,0.371256,0.185927,0.001460,-210044.051880,3.042053,2195607.000000,1874874.000000,3722527.000000,334752.000000,1282372.000000,1952.000000,539.000000,1146.000000,164.000000,144.000000,453.000000,125.000000,266.000000,38.000000,33.000000,2784.000000,769.000000,1633.000000,233.000000,205.000000,15.000000,8.000000,18.000000,3.000000,5.000000,0.000000,6.000000,12.000000,2.000000,4.000000,0.000000,7.000000,15.000000,2.000000,5.000000,8097.000000,2266.000000,4820.000000,695.000000,601.000000,3.000000,
0.040695,0.002126,0.372630,0.191659,0.001998,-210116.135434,3.038921,2195607.000000,1874874.000000,3722527.000000,334752.000000,1282372.000000,1952.000000,539.000000,1146.000000,164.000000,144.000000,453.000000,125.000000,266.000000,38.000000,33.000000,2784.000000,769.000000,1633.000000,233.000000,205.000000,15.000000,8.000000,18.000000,3.000000,5.000000,0.000000,6.000000,12.000000,2.000000,4.000000,0.000000,7.000000,15.000000,2.000000,5.000000,8097.000000,2266.000000,4820.000000,695.000000,601.000000,3.000000,
0.040695,0.002126,0.372630,0.191659,0.001998,-210116.135434,3.038921,2195607.000000,1874874.000000,3722527.000000,334752.000000,1282372.000000,1952.000000,539.000000,1146.000000,164.000000,144.000000,453.000000,125.000000,266.000000,38.000000,33.000000,2784.000000,769.000000,1633.000000,233.000000,205.000000,15.000000,8.000000,18.000000,3.000000,5.000000,0.000000,6.000000,12.000000,2.000000,4.000000,0.000000,7.000000,15.000000,2.000000,5.000000,8097.000000,2266.000000,4820.000000,695.000000,601.000000,3.000000,
0.040695,0.002126,0.372630,0.191659,0.001998,-210116.135434,3.038921,2195607.000000,1874874.000000,3722527.000000,334752.000000,1282372.000000,1952.000000,539.000000,1146.000000,164.000000,144.000000,453.000000,125.000000,266.000000,38.000000,33.000000,2784.000000,769.000000,1633.000000,233.000000,205.000000,15.000000,8.000000,18.000000,3.000000,5.000000,0.000000,6.000000,12.000000,2.000000,4.000000,0.000000,7.000000,15.000000,2.000000,5.000000,8097.000000,2266.000000,4820.000000,695.000000,601.000000,3.000000,
0.040695,0.002126,0.372630,0.191659,0.001998,-210116.135434,3.038921,2195607.000000,1874874.000000,3722527.000000,334752.000000,1282372.000000,1952.000000,539.000000,1146.000000,164.000000,144.000000,453.000000,125.000000,266.000000,38.000000,33.000000,2784.000000,769.000000,1633.000000,233.000000,205.000000,15.000000,8.000000,18.000000,3.000000,5.000000,0.000000,6.000000,12.000000,2.000000,4.000000,0.000000,7.000000,15.000000,2.000000,5.000000,8097.000000,2266.000000,4820.000000,695.000000,601.000000,3.000000,
0.040695,0.002126,0.372630,0.191659,0.001998,-210116.135434,3.038921,2195607.000000,1874874.000000,3722527.000000,334752.000000,1282372.000000,1952.000000,539.000000,1146.000000,164.000000,144.000000,453.000000,125.000000,266.000000,38.000000,33.000000,2784.000000,769.000000,1633.000000,233.000000,205.000000,15.000000,8.000000,18.000000,3.000000,5.000000,0.000000,6.000000,12.000000,2.000000,4.000000,0.000000,7.000000,15.000000,2.000000,5.000000,8097.000000,2266.000000,4820.000000,695.000000,601.000000,3.000000,
0.040593,0.001588,0.378377,0.204527,0.002527,-210419.570555,3.041820,2195607.000000,1874874.000000,3722527.000000,334752.000000,1282372.000000,1952.000000,539.000000,1146.000000,164.000000,144.000000,453.000000,125.000000,266.000000,38.000000,33.000000,2784.000000,769.000000,1633.000000,233.000000,205.000000,15.000000,8.000000,18.000000,3.000000,5.000000,0.000000,6.000000,12.000000,2.000000,4.000000,0.000000,7.000000,15.000000,2.000000,5.000000,8097.000000,2266.000000,4820.000000,695.000000,601.000000,3.000000,
0.040679,0.002194,0.369640,0.208864,0.002438,-209959.037129,3.032221,2195607.000000,1874874.000000,3722527.000000,334752.000000,1282372.000000,1952.000000,539.000000,1146.000000,164.000000,144.000000,453.000000,125.000000,266.000000,38.000000,33.000000,2784.000000,769.000000,1633.000000,233.000000,205.000000,15.000000,8.000000,18.000000,3.000000,5.000000,0.000000,6.000000,12.000000,2.000000,4.000000,0.000000,7.000000,15.000000,2.000000,5.000000,8097.000000,2266.000000,4820.000000,695.000000,601.000000,3.000000,
0.040679,0.002194,0.369640,0.208864,0.002438,-209959.037129,3.032221,2195607.000000,1874874.000000,3722527.000000,334752.000000,1282372.000000,1952.000000,539.000000,1146.000000,164.000000,144.000000,453.000000,125.000000,266.000000,38.000000,33.000000,2784.000000,769.000000,1633.000000,233.000000,205.000000,15.000000,8.000000,18.000000,3.000000,5.000000,0.000000,6.000000,12.000000,2.000000,4.000000,0.000000,7.000000,15.000000,2.000000,5.000000,8097.000000,2266.000000,4820.000000,695.000000,601.000000,3.000000,
0.040679,0.002194,0.369640,0.208864,0.002438,-209959.037129,3.032221,2195607.000000,1874874.000000,3722527.000000,334752.000000,1282372.000000,1952.000000,539.000000,1146.000000,164.000000,144.000000,453.000000,125.000000,266.000000,38.000000,33.000000,2784.000000,769.000000,1633.000000,233.000000,205.000000,15.000000,8.000000,18.000000,3.000000,5.000000,0.000000,6.000000,12.000000,2.000000,4.000000,0.000000,7.000000,15.000000,2.000000,5.000000,8097.000000,2266.000000,4820.000000,695.000000,601.000000,3.000000,
0.040679,0.002194,0.369640,0.208864,0.002438,-209959.037129,3.032221,2195607.000000,1874874.000000,3722527.000000,334752.000000,1282372.000000,1952.000000,539.000000,1146.000000,164.000000,144.000000,453.000000,125.000000,266.000000,38.000000,33.000000,2784.000000,769.000000,1633.000000,233.000000,205.000000,15.000000,8.000000,18.000000,3.000000,5.000000,0.000000,6.000000,12.000000,2.000000,4.000000,0.000000,7.000000,15.000000,2.000000,5.000000,8097.000000,2266.000000,4820.000000,695.000000,601.000000,3.000000,
0.040679,0.002194,0.369640,0.208864,0.002438,-209959.037129,3.032221,2195607.000000,1874874.000000,3722527.000000,334752.000000,1282372.000000,1952.000000,539.000000,1146.000000,164.000000,144.000000,453.000000,125.000000,266.000000,38.000000,33.000000,2784.000000,769.000000,1633.000000,233.000000,205.000000,15.000000,8.000000,18.000000,3.000000,5.000000,0.000000,6.000000,12.000000,2.000000,4.000000,0.000000,7.000000,15.000000,2.000000,5.000000,8097.000000,2266.000000,4820.000000,695.000000,601.000000,3.000000,
0.040679,0.002194,0.369640,0.208864,0.002438,-209959.037129,3.032221,2195607.000000,1874874.000000,3722527.000000,334752.000000,1282372.000000,1952.000000,539.000000,1146.000000,164.000000,144.000000,453.000000,125.000000,266.000000,38.000000,33.000000,2784.000000,769.000000,1633.000000,233.000000,205.000000,15.000000,8.000000,18.000000,3.000000,5.000000,0.000000,6.000000,12.000000,2.000000,4.000000,0.000000,7.000000,15.000000,2.000000,5.000000,8097.000000,2266.000000,4820.000000,695.000000,601.000000,3.000000,
0.040679,0.002194,0.369640,0.208864,0.002438,-209959.037129,3.032221,2195607.000000,1874874.000000,3722527.000000,334752.000000,1282372.000000,1952.000000,539.000000,1146.000000,164.000000,144.000000,453.000000,125.000000,266.000000,38.000000,33.000000,2784.000000,769.000000,1633.000000,233.000000,205.000000,15.000000,8.000000,18.000000,3.000000,5.000000,0.000000,6.000000,12.000000,2.000000,4.000000,0.000000,7.000000,15.000000,2.000000,5.000000,8097.000000,2266.000000,4820.000000,695.000000,601.000000,3.000000,
0.040679,0.002194,0.369640,0.208864,0.002438,-209959.037129,3.032221,2195607.000000,1874874.000000,3722527.000000,334752.000000,1282372.000000,1952.000000,539.000000,1146.000000,164.000000,144.000000,453.000000,125.000000,266.000000,38.000000,33.000000,2784.000000,769.000000,1633.000000,233.000000,205.000000,15.000000,8.000000,18.000000,3.000000,5.000000,0.000000,6.000000,12.000000,2.000000,4.000000,0.000000,7.000000,15.000000,2.000000,5.000000,8097.000000,2266.000000,4820.000000,695.000000,601.000000,3.000000,
0.040679,0.002194,0.369640,0.208864,0.002438,-209959.037129,3.032221,2195607.000000,1874874.000000,3722527.000000,334752.000000,1282372.000000,1952.000000,539.000000,1146.000000,164.000000,144.000000,453.000000,125.000000,266.000000,38.000000,33.000000,2784.000000,769.000000,1633.000000,233.000000,205.000000,15.000000,8.000000,18.000000,3.000000,5.000000,0.000000,6.000000,12.000000,2.000000,4.000000,0.000000,7.000000,15.000000,2.000000,5.000000,8097.000000,2266.000000,4820.000000,695.000000,601.000000,3.000000,
0.040679,0.002194,0.369640,0.208864,0.002438,-209959.037129,3.032221,2195607.000000,1874874.000000,3722527.000000,334752.000000,1282372.000000,1952.000000,539.000000,1146.000000,164.000000,144.000000,453.000000,125.000000,266.000000,38.000000,33.000000,2784.000000,769.000000,1633.000000,233.000000,205.000000,15.000000,8.000000,18.000000,3.000000,5.000000,0.000000,6.000000,12.000000,2.000000,4.000000,0.000000,7.000000,15.000000,2.000000,5.000000,8097.000000,2266.000000,4820.000000,695.000000,601.000000,3.000000,
0.040679,0.002194,0.369640,0.208864,0.002438,-209959.037129,3.032221,2195607.000000,1874874.000000,3722527.000000,334752.000000,1282372.000000,1952.000000,539.000000,1146.000000,164.000000,144.000000,453.000000,125.000000,266.000000,38.000000,33.000000,2784.000000,769.000000,1633.000000,233.000000,205.000000,15.000000,8.000000,18.000000,3.000000,5.000000,0.000000,6.000000,12.000000,2.000000,4.000000,0.000000,7.000000,15.000000,2.000000,5.000000,8097.000000,2266.000000,4820.000000,695.000000,601.000000,3.000000,
0.040679,0.002194,0.369640,0.208864,0.002438,-209959.037129,3.032221,2195607.000000,1874874.000000,3722527.000000,334752.000000,1282372.000000,1952.000000,539.000000,1146.000000,164.000000,144.000000,453.000000,125.000000,266.000000,38.000000,33.000000,2784.000000,769.000000,1633.000000,233.000000,205.000000,15.000000,8.000000,18.000000,3.000000,5.000000,0.000000,6.000000,12.000000,2.000000,4.000000,0.000000,7.000000,15.000000,2.000000,5.000000,8097.000000,2266.000000,4820.000000,695.000000,601.000000,3.000000,
0.040679,0.002194,0.369640,0.208864,0.002438,-209959.037129,3.032221,2195607.000000,1874874.000000,3722527.000000,334752.000000,1282372.000000,1952.000000,539.000000,1146.000000,164.000000,144.000000,453.000000,125.000000,266.000000,38.000000,33.000000,2784.000000,769.000000,1633.000000,233.000000,205.000000,15.000000,8.000000,18.000000,3.000000,5.000000,0.000000,6.000000,12.000000,2.000000,4.000000,0.000000,7.000000,15.000000,2.000000,5.000000,8097.000000,2266.000000,4820.000000,695.000000,601.000000,3.000000,
0.040679,0.002194,0.369640,0.208864,0.002438,-209959.037129,3.032221,2195607.000000,1874874.000000,3722527.000000,334752.000000,1282372.000000,1952.000000,539.000000,1146.000000,164.000000,144.000000,453.000000,125.000000,266.000000,38.000000,33.000000,2784.000000,769.000000,1633.000000,233.000000,205.000000,15.000000,8.000000,18.000000,3.000000,5.000000,0.000000,6.000000,12.000000,2.000000,4.000000,0.000000,7.000000,15.000000,2.000000,5.000000,8097.000000,2266.000000,4820.000000,695.000000,601.000000,3.000000,
0.040679,0.002194,0.369640,0.208864,0.002438,-209959.037129,3.032221,2195607.000000,1874874.000000,3722527.000000,334752.000000,1282372.000000,1952.000000,539.000000,1146.000000,164.000000,144.000000,453.000000,125.000000,266.000000,38.000000,33.000000,2784.000000,769.000000,1633.000000,233.000000,205.000000,15.000000,8.000000,18.000000,3.000000,5.000000,0.000000,6.000000,12.000000,2.000000,4.000000,0.000000,7.000000,15.000000,2.000000,5.000000,8097.000000,2266.000000,4820.000000,695.000000,601.000000,3.000000,
0.040679,0.002194,0.369640,0.208864,0.002438,-209959.037129,3.032221,2195607.000000,1874874.000000,3722527.000000,334752.000000,1282372.000000,1952.000000,539.000000,1146.000000,164.000000,144.000000,453.000000,125.000000,266.000000,38.000000,33.000000,2784.000000,769.000000,1633.000000,233.000000,205.000000,15.000000,8.000000,18.000000,3.000000,5.000000,0.000000,6.000000,12.000000,2.000000,4.000000,0.000000,7.000000,15.000000,2.000000,5.000000,8097.000000,2266.000000,4820.000000,695.000000,601.000000,3.000000,
0.040679,0.002194,0.369640,0.208864,0.002438,-209959.037129,3.032221,2195607.000000,1874874.000000,3722527.000000,334752.000000,1282372.000000,1952.000000,539.000000,1146.000000,164.000000,144.000000,453.000000,125.000000,266.000000,38.000000,33.000000,2784.000000,769.000000,1633.000000,233.000000,205.000000,15.000000,8.000000,18.000000,3.000000,5.000000,0.000000,6.000000,12.000000,2.000000,4.000000,0.000000,7.000000,15.000000,2.000000,5.000000,8097.000000,2266.000000,4820.000000,695.000000,601.000000,3.000000,
0.040679,0.002194,0.369640,0.208864,0.002438,-209959.037129,3.032221,2195607.000000,1874874.000000,3722527.000000,334752.000000,1282372.000000,1952.000000,539.000000,1146.000000,164.000000,144.000000,453.000000,125.000000,266.000000,38.000000,33.000000,2784.000000,769.000000,1633.000000,233.000000,205.000000,15.000000,8.000000,18.000000,3.000000,5.000000,0.000000,6.000000,12.000000,2.000000,4.000000,0.000000,7.000000,15.000000,2.000000,5.000000,8097.000000,2266.000000,4820.000000,695.000000,601.000000,3.000000,
0.040679,0.002194,0.369640,0.208864,0.002438,-209959.037129,3.032221,2195607.000000,1874874.000000,3722527.000000,334752.000000,1282372.000000,1952.000000,539.000000,1146.000000,164.000000,144.000000,453.000000,125.000000,266.000000,38.000000,33.000000,2784.000000,769.000000,1633.000000,233.000000,205.000000,15.000000,8.000000,18.000000,3.000000,5.000000,0.000000,6.000000,12.000000,2.000000,4.000000,0.000000,7.000000,15.000000,2.000000,5.000000,8097.000000,2266.000000,4820.000000,695.000000,601.000000,3.000000,
0.040727,0.004898,0.367637,0.205548,0.003376,-209854.238418,3.032091,2195607.000000,1874874.000000,3722527.000000,334752.000000,1282372.000000,1952.000000,539.000000,1146.000000,164.000000,144.000000,453.000000,125.000000,266.000000,38.000000,33.000000,2784.000000,769.000000,1633.000000,233.000000,205.000000,15.000000,8.000000,18.000000,3.000000,5.000000,0.000000,6.000000,12.000000,2.000000,4.000000,0.000000,7.000000,15.000000,2.000000,5.000000,8097.000000,2266.000000,4820.000000,695.000000,601.000000,3.000000,
0.040797,0.004079,0.362628,0.227399,0.003541,-209593.259103,3.028096,2195607.000000,1874874.000000,3722527.000000,334752.000000,1282372.000000,1952.000000,539.000000,1146.000000,164.000000,144.000000,453.000000,125.000000,266.000000,38.000000,33.000000,2784.000000,769.000000,1633.000000,233.000000,205.000000,15.000000,8.000000,18.000000,3.000000,5.000000,0.000000,6.000000,12.000000,2.000000,4.000000,0.000000,7.000000,15.000000,2.000000,5.000000,8097.000000,2266.000000,4820.000000,695.000000,601.000000,3.000000,
0.040797,0.004079,0.362628,0.227399,0.003541,-209593.259103,3.028096,2195607.000000,1874874.000000,3722527.000000,334752.000000,1282372.000000,1952.000000,539.000000,1146.000000,164.000000,144.000000,453.000000,125.000000,266.000000,38.000000,33.000000,2784.000000,769.000000,1633.000000,233.000000,205.000000,15.000000,8.000000,18.000000,3.000000,5.000000,0.000000,6.000000,12.000000,2.000000,4.000000,0.000000,7.000000,15.000000,2.000000,5.000000,8097.000000,2266.000000,4820.000000,695.000000,601.000000,3.000000,
0.040797,0.004079,0.362628,0.227399,0.003541,-209593.259103,3.028096,2195607.000000,1874874.000000,3722527.000000,334752.000000,1282372.000000,1952.000000,539.000000,1146.000000,164.000000,144.000000,453.000000,125.000000,266.000000,38.000000,33.000000,2784.000000,769.000000,1633.000000,233.000000,205.000000,15.000000,8.000000,18.000000,3.000000,5.000000,0.000000,6.000000,12.000000,2.000000,4.000000,0.000000,7.000000,15.000000,2.000000,5.000000,8097.000000,2266.000000,4820.000000,695.000000,601.000000,3.000000,
0.040797,0.004079,0.362628,0.227399,0.003541,-209593.259103,3.028096,2195607.000000,1874874.000000,3722527.000000,334752.000000,1282372.000000,1952.000000,539.000000,1146.000000,164.000000,144.000000,453.000000,125.000000,266.000000,38.000000,33.000000,2784.000000,769.000000,1633.000000,233.000000,205.000000,15.000000,8.000000,18.000000,3.000000,5.000000,0.000000,6.000000,12.000000,2.000000,4.000000,0.000000,7.000000,15.000000,2.000000,5.000000,8097.000000,2266.000000,4820.000000,695.000000,601.000000,3.000000,
0.040797,0.004079,0.362628,0.227399,0.003541,-209593.259103,3.028096,2195607.000000,1874874.000000,3722527.000000,334752.000000,1282372.000000,1952.000000,539.000000,1146.000000,164.000000,144.000000,453.000000,125.000000,266.000000,38.000000,33.000000,2784.000000,769.000000,1633.000000,233.000000,205.000000,15.000000,8.000000,18.000000,3.000000,5.000000,0.000000,6.000000,12.000000,2.000000,4.000000,0.000000,7.000000,15.000000,2.000000,5.000000,8097.000000,2266.000000,4820.000000,695.000000,601.000000,3.000000,
0.040797,0.004079,0.362628,0.227399,0.003541,-209593.259103,3.028096,2195607.000000,1874874.000000,3722527.000000,334752.000000,1282372.000000,1952.000000,539.000000,1146.000000,164.000000,144.000000,453.000000,125.000000,266.000000,38.000000,33.000000,2784.000000,769.000000,1633.000000,233.000000,205.000000,15.000000,8.000000,18.000000,3.000000,5.000000,0.000000,6.000000,12.000000,2.000000,4.000000,0.000000,7.000000,15.000000,2.000000,5.000000,8097.000000,2266.000000,4820.000000,695.000000,601.000000,3.000000,
0.040797,0.004079,0.362628,0.227399,0.003541,-209593.259103,3.028096,2195607.000000,1874874.000000,3722527.000000,334752.000000,1282372.000000,1952.000000,539.000000,1146.000000,164.000000,144.000000,453.000000,125.000000,266.000000,38.000000,33.000000,2784.000000,769.000000,1633.000000,233.000000,205.000000,15.000000,8.000000,18.000000,3.000000,5.000000,0.000000,6.000000,12.000000,2.000000,4.000000,0.000000,7.000000,15.000000,2.000000,5.000000,8097.000000,2266.000000,4820.000000,695.000000,601.000000,3.000000,
0.040797,0.004079,0.362628,0.227399,0.003541,-209593.259103,3.028096,2195607.000000,1874874.000000,3722527.000000,334752.000000,1282372.000000,1952.000000,539.000000,1146.000000,164.000000,144.000000,453.000000,125.000000,266.000000,38.000000,33.000000,2784.000000,769.000000,1633.000000,233.000000,205.000000,15.000000,8.000000,18.000000,3.000000,5.000000,0.000000,6.000000,12.000000,2.000000,4.000000,0.000000,7.000000,15.000000,2.000000,5.000000,8097.000000,2266.000000,4820.000000,695.000000,601.000000,3.000000,
0.040797,0.004079,0.362628,0.227399,0.003541,-209593.259103,3.028096,2195607.000000,1874874.000000,3722527.000000,334752.000000,1282372.000000,1952.000000,539.000000,1146.000000,164.000000,144.000000,453.000000,125.000000,266.000000,38.000000,33.000000,2784.000000,769.000000,1633.000000,233.000000,205.000000,15.000000,8.000000,18.000000,3.000000,5.000000,0.000000,6.000000,12.000000,2.000000,4.000000,0.000000,7.000000,15.000000,2.000000,5.000000,8097.000000,2266.000000,4820.000000,695.000000,601.000000,3.000000,
0.040797,0.004079,0.362628,0.227399,0.003541,-209593.259103,3.028096,2195607.000000,1874874.000000,3722527.000000,334752.000000,1282372.000000,1952.000000,539.000000,1146.000000,164.000000,144.000000,453.000000,125.000000,266.000000,38.000000,33.000000,2784.000000,769.000000,1633.000000,233.000000,205.000000,15.000000,8.000000,18.000000,3.000000,5.000000,0.000000,6.000000,12.000000,2.000000,4.000000,0.000000,7.000000,15.000000,2.000000,5.000000,8097.000000,2266.000000,4820.000000,695.000000,601.000000,3.000000,
0.040797,0.004079,0.362628,0.227399,0.003541,-209593.259103,3.028096,2195607.000000,1874874.000000,3722527.000000,334752.000000,1282372.000000,1952.000000,539.000000,1146.000000,164.000000,144.000000,453.000000,125.000000,266.000000,38.000000,33.000000,2784.000000,769.000000,1633.000000,233.000000,205.000000,15.000000,8.000000,18.000000,3.000000,5.000000,0.000000,6.000000,12.000000,2.000000,4.000000,0.000000,7.000000,15.000000,2.000000,5.000000,8097.000000,2266.000000,4820.000000,695.000000,601.000000,3.000000,
0.040797,0.004079,0.362628,0.227399,0.003541,-209593.259103,3.028096,2195607.000000,1874874.000000,3722527.000000,334752.000000,1282372.000000,1952.000000,539.000000,1146.000000,164.000000,144.000000,453.000000,125.000000,266.000000,38.000000,33.000000,2784.000000,769.000000,1633.000000,233.000000,205.000000,15.000000,8.000000,18.000000,3.000000,5.000000,0.000000,6.000000,12.000000,2.000000,4.000000,0.000000,7.000000,15.000000,2.000000,5.000000,8097.000000,2266.000000,4820.000000,695.000000,601.000000,3.000000,
0.040750,0.004321,0.367885,0.209118,0.005512,-209867.276503,3.034314,2195607.000000,1874874.000000,3722527.000000,334752.000000,1282372.000000,1952.000000,539.000000,1146.000000,164.000000,144.000000,453.000000,125.000000,266.000000,38.000000,33.000000,2784.000000,769.000000,1633.000000,233.000000,205.000000,15.000000,8.000000,18.000000,3.000000,5.000000,0.000000,6.000000,12.000000,2.000000,4.000000,0.000000,7.000000,15.000000,2.000000,5.000000,8097.000000,2266.000000,4820.000000,695.000000,601.000000,3.000000,
0.040697,0.008267,0.370209,0.172129,0.007009,-209988.918836,3.034605,2195607.000000,1874874.000000,3722527.000000,334752.000000,1282372.000000,1952.000000,539.000000,1146.000000,164.000000,144.000000,453.000000,125.000000,266.000000,38.000000,33.000000,2784.000000,769.000000,1633.000000,233.000000,205.000000,15.000000,8.000000,18.000000,3.000000,5.000000,0.000000,6.000000,12.000000,2.000000,4.000000,0.000000,7.000000,15.000000,2.000000,5.000000,8097.000000,2266.000000,4820.000000,695.000000,601.000000,3.000000,
0.040697,0.008267,0.370209,0.172129,0.007009,-209988.918836,3.034605,2195607.000000,1874874.000000,3722527.000000,334752.000000,1282372.000000,1952.000000,539.000000,1146.000000,164.000000,144.000000,453.000000,125.000000,266.000000,38.000000,33.000000,2784.000000,769.000000,1633.000000,233.000000,205.000000,15.000000,8.000000,18.000000,3.000000,5.000000,0.000000,6.000000,12.000000,2.000000,4.000000,0.000000,7.000000,15.000000,2.000000,5.000000,8097.000000,2266.000000,4820.000000,695.000000,601.000000,3.000000,
0.040665,0.012709,0.373300,0.176232,0.006753,-210151.387316,3.037887,2195607.000000,1874874.000000,3722527.000000,334752.000000,1282372.000000,1952.000000,539.000000,1146.000000,164.000000,144.000000,453.000000,125.000000,266.000000,38.000000,33.000000,2784.000000,769.000000,1633.000000,233.000000,205.000000,15.000000,8.000000,18.000000,3.000000,5.000000,0.000000,6.000000,12.000000,2.000000,4.000000,0.000000,7.000000,15.000000,2.000000,5.000000,8097.000000,2266.000000,4820.000000,695.000000,601.000000,3.000000,
0.040665,0.012709,0.373300,0.176232,0.006753,-210151.387316,3.037887,2195607.000000,1874874.000000,3722527.000000,334752.000000,1282372.000000,1952.000000,539.000000,1146.000000,164.000000,144.000000,453.000000,125.000000,266.000000,38.000000,33.000000,2784.000000,769.000000,1633.000000,233.000000,205.000000,15.000000,8.000000,18.000000,3.000000,5.000000,0.000000,6.000000,12.000000,2.000000,4.000000,0.000000,7.000000,15.000000,2.000000,5.000000,8097.000000,2266.000000,4820.000000,695.000000,601.000000,3.000000,
0.040665,0.012709,0.373300,0.176232,0.006753,-210151.387316,3.037887,2195607.000000,1874874.000000,3722527.000000,334752.000000,1282372.000000,1952.000000,539.000000,1146.000000,164.000000,144.000000,453.000000,125.000000,266.000000,38.000000,33.000000,2784.000000,769.000000,1633.000000,233.000000,205.000000,15.000000,8.000000,18.000000,3.000000,5.000000,0.000000,6.000000,12.000000,2.000000,4.000000,0.000000,7.000000,15.000000,2.000000,5.000000,8097.000000,2266.000000,4820.000000,695.000000,601.000000,3.000000,
0.040665,0.012709,0.373300,0.176232,0.006753,-210151.387316,3.037887,2195607.000000,1874874.000000,3722527.000000,334752.000000,1282372.000000,1952.000000,539.000000,1146.000000,164.000000,144.000000,453.000000,125.000000,266.000000,38.000000,33.000000,2784.000000,769.000000,1633.000000,233.000000,205.000000,15.000000,8.000000,18.000000,3.000000,5.000000,0.000000,6.000000,12.000000,2.000000,4.000000,0.000000,7.000000,15.000000,2.000000,5.000000,8097.000000,2266.000000,4820.000000,695.000000,601.000000,3.000000,
0.040529,0.017725,0.380976,0.167686,0.006433,-210557.440315,3.041781,2195607.000000,1874874.000000,3722527.000000,334752.000000,1282372.000000,1952.000000,539.000000,1146.000000,164.000000,144.000000,453.000000,125.000000,266.000000,38.000000,33.000000,2784.000000,769.000000,1633.000000,233.000000,205.000000,15.000000,8.000000,18.000000,3.000000,5.000000,0.000000,6.000000,12.000000,2.000000,4.000000,0.000000,7.000000,15.000000,2.000000,5.000000,8097.000000,2266.000000,4820.000000,695.000000,601.000000,3.000000,
0.040529,0.017725,0.380976,0.167686,0.006433,-210557.440315,3.041781,2195607.000000,1874874.000000,3722527.000000,334752.000000,1282372.000000,1952.000000,539.000000,1146.000000,164.000000,144.000000,453.000000,125.000000,266.000000,38.000000,33.000000,2784.000000,769.000000,1633.000000,233.000000,205.000000,15.000000,8.000000,18.000000,3.000000,5.000000,0.000000,6.000000,12.000000,2.000000,4.000000,0.000000,7.000000,15.000000,2.000000,5.000000,8097.000000,2266.000000,4820.000000,695.000000,601.000000,3.000000,
0.040529,0.017725,0.380976,0.167686,0.006433,-210557.440315,3.041781,2195607.000000,1874874.000000,3722527.000000,334752.000000,1282372.000000,1952.000000,539.000000,1146.000000,164.000000,144.000000,453.000000,125.000000,266.000000,38.000000,33.000000,2784.000000,769.000000,1633.000000,233.000000,205.000000,15.000000,8.000000,18.000000,3.000000,5.000000,0.000000,6.000000,12.000000,2.000000,4.000000,0.000000,7.000000,15.000000,2.000000,5.000000,8097.000000,2266.000000,4820.000000,695.000000,601.000000,3.000000,
0.040471,0.018748,0.388802,0.148885,0.008286,-210975.710781,3.051719,2195607.000000,1874874.000000,3722527.000000,334752.000000,1282372.000000,1952.000000,539.000000,1146.000000,164.000000,144.000000,453.000000,125.000000,266.000000,38.000000,33.000000,2784.000000,769.000000,1633.000000,233.000000,205.000000,15.000000,8.000000,18.000000,3.000000,5.000000,0.000000,6.000000,12.000000,2.000000,4.000000,0.000000,7.000000,15.000000,2.000000,5.000000,8097.000000,2266.000000,4820.000000,695.000000,601.000000,3.000000,
0.040471,0.018748,0.388802,0.148885,0.008286,-210975.710781,3.051719,2195607.000000,1874874.000000,3722527.000000,334752.000000,1282372.000000,1952.000000,539.000000,1146.000000,164.000000,144.000000,453.000000,125.000000,266.000000,38.000000,33.000000,2784.000000,769.000000,1633.000000,233.000000,205.000000,15.000000,8.000000,18.000000,3.000000,5.000000,0.000000,6.000000,12.000000,2.000000,4.000000,0.000000,7.000000,15.000000,2.000000,5.000000,8097.000000,2266.000000,4820.000000,695.000000,601.000000,3.000000,
0.040471,0.018748,0.388802,0.148885,0.008286,-210975.710781,3.051719,2195607.000000,1874874.000000,3722527.000000,334752.000000,1282372.000000,1952.000000,539.000000,1146.000000,164.000000,144.000000,453.000000,125.000000,266.000000,38.000000,33.000000,2784.000000,769.000000,1633.000000,233.000000,205.000000,15.000000,8.000000,18.000000,3.000000,5.000000,0.000000,6.000000,12.000000,2.000000,4.000000,0.000000,7.000000,15.000000,2.000000,5.000000,8097.000000,2266.000000,4820.000000,695.000000,601.000000,3.000000,
0.041420,0.015387,0.336468,0.227110,0.013945,-208257.482714,3.025438,2195607.000000,1874874.000000,3722527.000000,334752.000000,1282372.000000,1952.000000,539.000000,1146.000000,164.000000,144.000000,453.000000,125.000000,266.000000,38.000000,33.000000,2784.000000,769.000000,1633.000000,233.000000,205.000000,15.000000,8.000000,18.000000,3.000000,5.000000,0.000000,6.000000,12.000000,2.000000,4.000000,0.000000,7.000000,15.000000,2.000000,5.000000,8097.000000,2266.000000,4820.000000,695.000000,601.000000,3.000000,
0.041420,0.015387,0.336468,0.227110,0.013945,-208257.482714,3.025438,2195607.000000,1874874.000000,3722527.000000,334752.000000,1282372.000000,1952.000000,539.000000,1146.000000,164.000000,144.000000,453.000000,125.000000,266.000000,38.000000,33.000000,2784.000000,769.000000,1633.000000,233.000000,205.000000,15.000000,8.000000,18.000000,3.000000,5.000000,0.000000,6.000000,12.000000,2.000000,4.000000,0.000000,7.000000,15.000000,2.000000,5.000000,8097.000000,2266.000000,4820.000000,695.000000,601.000000,3.000000,
0.041420,0.015387,0.336468,0.227110,0.013945,-208257.482714,3.025438,2195607.000000,1874874.000000,3722527.000000,334752.000000,1282372.000000,1952.000000,539.000000,1146.000000,164.000000,144.000000,453.000000,125.000000,266.000000,38.000000,33.000000,2784.000000,769.000000,1633.000000,233.000000,205.000000,15.000000,8.000000,18.000000,3.000000,5.000000,0.000000,6.000000,12.000000,2.000000,4.000000,0.000000,7.000000,15.000000,2.000000,5.000000,8097.000000,2266.000000,4820.000000,695.000000,601.000000,3.000000,
0.041420,0.015387,0.336468,0.227110,0.013945,-208257.482714,3.025438,2195607.000000,1874874.000000,3722527.000000,334752.000000,1282372.000000,1952.000000,539.000000,1146.000000,164.000000,144.000000,453.000000,125.000000,266.000000,38.000000,33.000000,2784.000000,769.000000,1633.000000,233.000000,205.000000,15.000000,8.000000,18.000000,3.000000,5.000000,0.000000,6.000000,12.000000,2.000000,4.000000,0.000000,7.000000,15.000000,2.000000,5.000000,8097.000000,2266.000000,4820.000000,695.000000,601.000000,3.000000,
0.041420,0.015387,0.336468,0.227110,0.013945,-208257.482714,3.025438,2195607.000000,1874874.000000,3722527.000000,334752.000000,1282372.000000,1952.000000,539.000000,1146.000000,164.000000,144.000000,453.000000,125.000000,266.000000,38.000000,33.000000,2784.000000,769.000000,1633.000000,233.000000,205.000000,15.000000,8.000000,18.000000,3.000000,5.000000,0.000000,6.000000,12.000000,2.000000,4.000000,0.000000,7.000000,15.000000,2.000000,5.000000,8097.000000,2266.000000,4820.000000,695.000000,601.000000,3.000000,
0.041420,0.015387,0.336468,0.227110,0.013945,-208257.482714,3.025438,2195607.000000,1874874.000000,3722527.000000,334752.000000,1282372.000000,1952.000000,539.000000,1146.000000,164.000000,144.000000,453.000000,125.000000,266.000000,38.000000,33.000000,2784.000000,769.000000,1633.000000,233.000000,205.000000,15.000000,8.000000,18.000000,3.000000,5.000000,0.000000,6.000000,12.000000,2.000000,4.000000,0.000000,7.000000,15.000000,2.000000,5.000000,8097.000000,2266.000000,4820.000000,695.000000,601.000000,3.000000,
0.041420,0.015387,0.336468,0.227110,0.013945,-208257.482714,3.025438,2195607.000000,1874874.000000,3722527.000000,334752.000000,1282372.000000,1952.000000,539.000000,1146.000000,164.000000,144.000000,453.000000,125.000000,266.000000,38.000000,33.000000,2784.000000,769.000000,1633.000000,233.000000,205.000000,15.000000,8.000000,18.000000,3.000000,5.000000,0.000000,6.000000,12.000000,2.000000,4.000000,0.000000,7.000000,15.000000,2.000000,5.000000,8097.000000,2266.000000,4820.000000,695.000000,601.000000,3.000000,
0.041420,0.015387,0.336468,0.227110,0.013945,-208257.482714,3.025438,2195607.000000,1874874.000000,3722527.000000,334752.000000,1282372.000000,1952.000000,539.000000,1146.000000,164.000000,144.000000,453.000000,125.000000,266.000000,38.000000,33.000000,2784.000000,769.000000,1633.000000,233.000000,205.000000,15.000000,8.000000,18.000000,3.000000,5.000000,0.000000,6.000000,12.000000,2.000000,4.000000,0.000000,7.000000,15.000000,2.000000,5.000000,8097.000000,2266.000000,4820.000000,695.000000,601.000000,3.000000,
0.041420,0.015387,0.336468,0.227110,0.013945,-208257.482714,3.025438,2195607.000000,1874874.000000,3722527.000000,334752.000000,1282372.000000,1952.000000,539.000000,1146.000000,164.000000,144.000000,453.000000,125.000000,266.000000,38.000000,33.000000,2784.000000,769.000000,1633.000000,233.000000,205.000000,15.000000,8.000000,18.000000,3.000000,5.000000,0.000000,6.000000,12.000000,2.000000,4.000000,0.000000,7.000000,15.000000,2.000000,5.000000,8097.000000,2266.000000,4820.000000,695.000000,601.000000,3.000000,
0.041476,0.032674,0.332479,0.203602,0.018916,-208057.572875,3.022084,2195607.000000,1874874.000000,3722527.000000,334752.000000,1282372.000000,1952.000000,539.000000,1146.000000,164.000000,144.000000,453.000000,125.000000,266.000000,38.000000,33.000000,2784.000000,769.000000,1633.000000,233.000000,205.000000,15.000000,8.000000,18.000000,3.000000,5.000000,0.000000,6.000000,12.000000,2.000000,4.000000,0.000000,7.000000,15.000000,2.000000,5.000000,8097.000000,2266.000000,4820.000000,695.000000,601.000000,3.000000,
0.041476,0.032674,0.332479,0.203602,0.018916,-208057.572875,3.022084,2195607.000000,1874874.000000,3722527.000000,334752.000000,1282372.000000,1952.000000,539.000000,1146.000000,164.000000,144.000000,453.000000,125.000000,266.000000,38.000000,33.000000,2784.000000,769.000000,1633.000000,233.000000,205.000000,15.000000,8.000000,18.000000,3.000000,5.000000,0.000000,6.000000,12.000000,2.000000,4.000000,0.000000,7.000000,15.000000,2.000000,5.000000,8097.000000,2266.000000,4820.000000,695.000000,601.000000,3.000000,
0.041476,0.032674,0.332479,0.203602,0.018916,-208057.572875,3.022084,2195607.000000,1874874.000000,3722527.000000,334752.000000,1282372.000000,1952.000000,539.000000,1146.000000,164.000000,144.000000,453.000000,125.000000,266.000000,38.000000,33.000000,2784.000000,769.000000,1633.000000,233.000000,205.000000,15.000000,8.000000,18.000000,3.000000,5.000000,0.000000,6.000000,12.000000,2.000000,4.000000,0.000000,7.000000,15.000000,2.000000,5.000000,8097.000000,2266.000000,4820.000000,695.000000,601.000000,3.000000,
0.041476,0.032674,0.332479,0.203602,0.018916,-208057.572875,3.022084,2195607.000000,1874874.000000,3722527.000000,334752.000000,1282372.000000,1952.000000,539.000000,1146.000000,164.000000,144.000000,453.000000,125.000000,266.000000,38.000000,33.000000,2784.000000,769.000000,1633.000000,233.000000,205.000000,15.000000,8.000000,18.000000,3.000000,5.000000,0.000000,6.000000,12.000000,2.000000,4.000000,0.000000,7.000000,15.000000,2.000000,5.000000,8097.000000,2266.000000,4820.000000,695.000000,601.000000,3.000000,
0.041477,0.029888,0.333337,0.220127,0.015767,-208100.509864,3.023758,2195607.000000,1874874.000000,3722527.000000,334752.000000,1282372.000000,1952.000000,539.000000,1146.000000,164.000000,144.000000,453.000000,125.000000,266.000000,38.000000,33.000000,2784.000000,769.000000,1633.000000,233.000000,205.000000,15.000000,8.000000,18.000000,3.000000,5.000000,0.000000,6.000000,12.000000,2.000000,4.000000,0.000000,7.000000,15.000000,2.000000,5.000000,8097.000000,2266.000000,4820.000000,695.000000,601.000000,3.000000,
0.041477,0.029888,0.333337,0.220127,0.015767,-208100.509864,3.023758,2195607.000000,1874874.000000,3722527.000000,334752.000000,1282372.000000,1952.000000,539.000000,1146.000000,164.000000,144.000000,453.000000,125.000000,266.000000,38.000000,33.000000,2784.000000,769.000000,1633.000000,233.000000,205.000000,15.000000,8.000000,18.000000,3.000000,5.000000,0.000000,6.000000,12.000000,2.000000,4.000000,0.000000,7.000000,15.000000,2.000000,5.000000,8097.000000,2266.000000,4820.000000,695.000000,601.000000,3.000000,
0.041632,0.036518,0.326222,0.222280,0.025664,-207746.253050,3.021663,2195607.000000,1874874.000000,3722527.000000,334752.000000,1282372.000000,1952.000000,539.000000,1146.000000,164.000000,144.000000,453.000000,125.000000,266.000000,38.000000,33.000000,2784.000000,769.000000,1633.000000,233.000000,205.000000,15.000000,8.000000,18.000000,3.000000,5.000000,0.000000,6.000000,12.000000,2.000000,4.000000,0.000000,7.000000,15.000000,2.000000,5.000000,8097.000000,2266.000000,4820.000000,695.000000,601.000000,3.000000,
0.041564,0.058039,0.330257,0.239122,0.019487,-207946.795570,3.024322,2195607.000000,1874874.000000,3722527.000000,334752.000000,1282372.000000,1952.000000,539.000000,1146.000000,164.000000,144.000000,453.000000,125.000000,266.000000,38.000000,33.000000,2784.000000,769.000000,1633.000000,233.000000,205.000000,15.000000,8.000000,18.000000,3.000000,5.000000,0.000000,6.000000,12.000000,2.000000,4.000000,0.000000,7.000000,15.000000,2.000000,5.000000,8097.000000,2266.000000,4820.000000,695.000000,601.000000,3.000000,
0.041564,0.058039,0.330257,0.239122,0.019487,-207946.795570,3.024322,2195607.000000,1874874.000000,3722527.000000,334752.000000,1282372.000000,1952.000000,539.000000,1146.000000,164.000000,144.000000,453.000000,125.000000,266.000000,38.000000,33.000000,2784.000000,769.000000,1633.000000,233.000000,205.000000,15.000000,8.000000,18.000000,3.000000,5.000000,0.000000,6.000000,12.000000,2.000000,4.000000,0.000000,7.000000,15.000000,2.000000,5.000000,8097.000000,2266.000000,4820.000000,695.000000,601.000000,3.000000,
0.041688,0.098983,0.321765,0.249078,0.017164,-207525.885647,3.017360,2195607.000000,1874874.000000,3722527.000000,334752.000000,1282372.000000,1952.000000,539.000000,1146.000000,164.000000,144.000000,453.000000,125.000000,266.000000,38.000000,33.000000,2784.000000,769.000000,1633.000000,233.000000,205.000000,15.000000,8.000000,18.000000,3.000000,5.000000,0.000000,6.000000,12.000000,2.000000,4.000000,0.000000,7.000000,15.000000,2.000000,5.000000,8097.000000,2266.000000,4820.000000,695.000000,601.000000,3.000000,
0.041688,0.098983,0.321765,0.249078,0.017164,-207525.885647,3.017360,2195607.000000,1874874.000000,3722527.000000,334752.000000,1282372.000000,1952.000000,539.000000,1146.000000,164.000000,144.000000,453.000000,125.000000,266.000000,38.000000,33.000000,2784.000000,769.000000,1633.000000,233.000000,205.000000,15.000000,8.000000,18.000000,3.000000,5.000000,0.000000,6.000000,12.000000,2.000000,4.000000,0.000000,7.000000,15.000000,2.000000,5.000000,8097.000000,2266.000000,4820.000000,695.000000,601.000000,3.000000,
0.041679,0.109503,0.319516,0.271211,0.017365,-207415.081182,3.012474,2195607.000000,1874874.000000,3722527.000000,334752.000000,1282372.000000,1952.000000,539.000000,1146.000000,164.000000,144.000000,453.000000,125.000000,266.000000,38.000000,33.000000,2784.000000,769.000000,1633.000000,233.000000,205.000000,15.000000,8.000000,18.000000,3.000000,5.000000,0.000000,6.000000,12.000000,2.000000,4.000000,0.000000,7.000000,15.000000,2.000000,5.000000,8097.000000,2266.000000,4820.000000,695.000000,601.000000,3.000000,
0.041679,0.109503,0.319516,0.271211,0.017365,-207415.081182,3.012474,2195607.000000,1874874.000000,3722527.000000,334752.000000,1282372.000000,1952.000000,539.000000,1146.000000,164.000000,144.000000,453.000000,125.000000,266.000000,38.000000,33.000000,2784.000000,769.000000,1633.000000,233.000000,205.000000,15.000000,8.000000,18.000000,3.000000,5.000000,0.000000,6.000000,12.000000,2.000000,4.000000,0.000000,7.000000,15.000000,2.000000,5.000000,8097.000000,2266.000000,4820.000000,695.000000,601.000000,3.000000,
0.041679,0.109503,0.319516,0.271211,0.017365,-207415.081182,3.012474,2195607.000000,1874874.000000,3722527.000000,334752.000000,1282372.000000,1952.000000,539.000000,1146.000000,164.000000,144.000000,453.000000,125.000000,266.000000,38.000000,33.000000,2784.000000,769.000000,1633.000000,233.000000,205.000000,15.000000,8.000000,18.000000,3.000000,5.000000,0.000000,6.000000,12.000000,2.000000,4.000000,0.000000,7.000000,15.000000,2.000000,5.000000,8097.000000,2266.000000,4820.000000,695.000000,601.000000,3.000000,
0.041679,0.109503,0.319516,0.271211,0.017365,-207415.081182,3.012474,2195607.000000,1874874.000000,3722527.000000,334752.000000,1282372.000000,1952.000000,539.000000,1146.000000,164.000000,144.000000,453.000000,125.000000,266.000000,38.000000,33.000000,2784.000000,769.000000,1633.000000,233.000000,205.000000,15.000000,8.000000,18.000000,3.000000,5.000000,0.000000,6.000000,12.000000,2.000000,4.000000,0.000000,7.000000,15.000000,2.000000,5.000000,8097.000000,2266.000000,4820.000000,695.000000,601.000000,3.000000,
0.041679,0.109503,0.319516,0.271211,0.017365,-207415.081182,3.012474,2195607.000000,1874874.000000,3722527.000000,334752.000000,1282372.000000,1952.000000,539.000000,1146.000000,164.000000,144.000000,453.000000,125.000000,266.000000,38.000000,33.000000,2784.000000,769.000000,1633.000000,233.000000,205.000000,15.000000,8.000000,18.000000,3.000000,5.000000,0.000000,6.000000,12.000000,2.000000,4.000000,0.000000,7.000000,15.000000,2.000000,5.000000,8097.000000,2266.000000,4820.000000,695.000000,601.000000,3.000000,
0.041679,0.109503,0.319516,0.271211,0.017365,-207415.081182,3.012474,2195607.000000,1874874.000000,3722527.000000,334752.000000,1282372.000000,1952.000000,539.000000,1146.000000,164.000000,144.000000,453.000000,125.000000,266.000000,38.000000,33.000000,2784.000000,769.000000,1633.000000,233.000000,205.000000,15.000000,8.000000,18.000000,3.000000,5.000000,0.000000,6.000000,12.000000,2.000000,4.000000,0.000000,7.000000,15.000000,2.000000,5.000000,8097.000000,2266.000000,4820.000000,695.000000,601.000000,3.000000,
0.041683,0.228340,0.318393,0.270121,0.013777,-207359.898523,3.010655,2195607.000000,1874874.000000,3722527.000000,334752.000000,1282372.000000,1952.000000,539.000000,1146.000000,164.000000,144.000000,453.000000,125.000000,266.000000,38.000000,33.000000,2784.000000,769.000000,1633.000000,233.000000,205.000000,15.000000,8.000000,18.000000,3.000000,5.000000,0.000000,6.000000,12.000000,2.000000,4.000000,0.000000,7.000000,15.000000,2.000000,5.000000,8097.000000,2266.000000,4820.000000,695.000000,601.000000,3.000000,
0.041683,0.228340,0.318393,0.270121,0.013777,-207359.898523,3.010655,2195607.000000,1874874.000000,3722527.000000,334752.000000,1282372.000000,1952.000000,539.000000,1146.000000,164.000000,144.000000,453.000000,125.000000,266.000000,38.000000,33.000000,2784.000000,769.000000,1633.000000,233.000000,205.000000,15.000000,8.000000,18.000000,3.000000,5.000000,0.000000,6.000000,12.000000,2.000000,4.000000,0.000000,7.000000,15.000000,2.000000,5.000000,8097.000000,2266.000000,4820.000000,695.000000,601.000000,3.000000,
0.041683,0.228340,0.318393,0.270121,0.013777,-207359.898523,3.010655,2195607.000000,1874874.000000,3722527.000000,334752.000000,1282372.000000,1952.000000,539.000000,1146.000000,164.000000,144.000000,453.000000,125.000000,266.000000,38.000000,33.000000,2784.000000,769.000000,1633.000000,233.000000,205.000000,15.000000,8.000000,18.000000,3.000000,5.000000,0.000000,6.000000,12.000000,2.000000,4.000000,0.000000,7.000000,15.000000,2.000000,5.000000,8097.000000,2266.000000,4820.000000,695.000000,601.000000,3.000000,
0.041683,0.228340,0.318393,0.270121,0.013777,-207359.898523,3.010655,2195607.000000,1874874.000000,3722527.000000,334752.000000,1282372.000000,1952.000000,539.000000,1146.000000,164.000000,144.000000,453.000000,125.000000,266.000000,38.000000,33.000000,2784.000000,769.000000,1633.000000,233.000000,205.000000,15.000000,8.000000,18.000000,3.000000,5.000000,0.000000,6.000000,12.000000,2.000000,4.000000,0.000000,7.000000,15.000000,2.000000,5.000000,8097.000000,2266.000000,4820.000000,695.000000,601.000000,3.000000,
0.041683,0.228340,0.318393,0.270121,0.013777,-207359.898523,3.010655,2195607.000000,1874874.000000,3722527.000000,334752.000000,1282372.000000,1952.000000,539.000000,1146.000000,164.000000,144.000000,453.000000,125.000000,266.000000,38.000000,33.000000,2784.000000,769.000000,1633.000000,233.000000,205.000000,15.000000,8.000000,18.000000,3.000000,5.000000,0.000000,6.000000,12.000000,2.000000,4.000000,0.000000,7.000000,15.000000,2.000000,5.000000,8097.000000,2266.000000,4820.000000,695.000000,601.000000,3.000000,
0.041683,0.228340,0.318393,0.270121,0.013777,-207359.898523,3.010655,2195607.000000,1874874.000000,3722527.000000,334752.000000,1282372.000000,1952.000000,539.000000,1146.000000,164.000000,144.000000,453.000000,125.000000,266.000000,38.000000,33.000000,2784.000000,769.000000,1633.000000,233.000000,205.000000,15.000000,8.000000,18.000000,3.000000,5.000000,0.000000,6.000000,12.000000,2.000000,4.000000,0.000000,7.000000,15.000000,2.000000,5.000000,8097.000000,2266.000000,4820.000000,695.000000,601.000000,3.000000,
0.041683,0.228340,0.318393,0.270121,0.013777,-207359.898523,3.010655,2195607.000000,1874874.000000,3722527.000000,334752.000000,1282372.000000,1952.000000,539.000000,1146.000000,164.000000,144.000000,453.000000,125.000000,266.000000,38.000000,33.000000,2784.000000,769.000000,1633.000000,233.000000,205.000000,15.000000,8.000000,18.000000,3.000000,5.000000,0.000000,6.000000,12.000000,2.000000,4.000000,0.000000,7.000000,15.000000,2.000000,5.000000,8097.000000,2266.000000,4820.000000,695.000000,601.000000,3.000000,
0.041683,0.228340,0.318393,0.270121,0.013777,-207359.898523,3.010655,2195607.000000,1874874.000000,3722527.000000,334752.000000,1282372.000000,1952.000000,539.000000,1146.000000,164.000000,144.000000,453.000000,125.000000,266.000000,38.000000,33.000000,2784.000000,769.000000,1633.000000,233.000000,205.000000,15.000000,8.000000,18.000000,3.000000,5.000000,0.000000,6.000000,12.000000,2.000000,4.000000,0.000000,7.000000,15.000000,2.000000,5.000000,8097.000000,2266.000000,4820.000000,695.000000,601.000000,3.000000,
0.041683,0.228340,0.318393,0.270121,0.013777,-207359.898523,3.010655,2195607.000000,1874874.000000,3722527.000000,334752.000000,1282372.000000,1952.000000,539.000000,1146.000000,164.000000,144.000000,453.000000,125.000000,266.000000,38.000000,33.000000,2784.000000,769.000000,1633.000000,233.000000,205.000000,15.000000,8.000000,18.000000,3.000000,5.000000,0.000000,6.000000,12.000000,2.000000,4.000000,0.000000,7.000000,15.000000,2.000000,5.000000,8097.000000,2266.000000,4820.000000,695.000000,601.000000,3.000000,
0.041683,0.228340,0.318393,0.270121,0.013777,-207359.898523,3.010655,2195607.000000,1874874.000000,3722527.000000,334752.000000,1282372.000000,1952.000000,539.000000,1146.000000,164.000000,144.000000,453.000000,125.000000,266.000000,38.000000,33.000000,2784.000000,769.000000,1633.000000,233.000000,205.000000,15.000000,8.000000,18.000000,3.000000,5.000000,0.000000,6.000000,12.000000,2.000000,4.000000,0.000000,7.000000,15.000000,2.000000,5.000000,8097.000000,2266.000000,4820.000000,695.000000,601.000000,3.000000,
0.041574,0.187500,0.326699,0.247853,0.009470,-207769.823150,3.018333,2195607.000000,1874874.000000,3722527.000000,334752.000000,1282372.000000,1952.000000,539.000000,1146.000000,164.000000,144.000000,453.000000,125.000000,266.000000,38.000000,33.000000,2784.000000,769.000000,1633.000000,233.000000,205.000000,15.000000,8.000000,18.000000,3.000000,5.000000,0.000000,6.000000,12.000000,2.000000,4.000000,0.000000,7.000000,15.000000,2.000000,5.000000,8097.000000,2266.000000,4820.000000,695.000000,601.000000,3.000000,
0.041574,0.187500,0.326699,0.247853,0.009470,-207769.823150,3.018333,2195607.000000,1874874.000000,3722527.000000,334752.000000,1282372.000000,1952.000000,539.000000,1146.000000,164.000000,144.000000,453.000000,125.000000,266.000000,38.000000,33.000000,2784.000000,769.000000,1633.000000,233.000000,205.000000,15.000000,8.000000,18.000000,3.000000,5.000000,0.000000,6.000000,12.000000,2.000000,4.000000,0.000000,7.000000,15.000000,2.000000,5.000000,8097.000000,2266.000000,4820.000000,695.000000,601.000000,3.000000,
0.041574,0.187500,0.326699,0.247853,0.009470,-207769.823150,3.018333,2195607.000000,1874874.000000,3722527.000000,334752.000000,1282372.000000,1952.000000,539.000000,1146.000000,164.000000,144.000000,453.000000,125.000000,266.000000,38.000000,33.000000,2784.000000,769.000000,1633.000000,233.000000,205.000000,15.000000,8.000000,18.000000,3.000000,5.000000,0.000000,6.000000,12.000000,2.000000,4.000000,0.000000,7.000000,15.000000,2.000000,5.000000,8097.000000,2266.000000,4820.000000,695.000000,601.000000,3.000000,
0.041574,0.187500,0.326699,0.247853,0.009470,-207769.823150,3.018333,2195607.000000,1874874.000000,3722527.000000,334752.000000,1282372.000000,1952.000000,539.000000,1146.000000,164.000000,144.000000,453.000000,125.000000,266.000000,38.000000,33.000000,2784.000000,769.000000,1633.000000,233.000000,205.000000,15.000000,8.000000,18.000000,3.000000,5.000000,0.000000,6.000000,12.000000,2.000000,4.000000,0.000000,7.000000,15.000000,2.000000,5.000000,8097.000000,2266.000000,4820.000000,695.000000,601.000000,3.000000,
0.041574,0.187500,0.326699,0.247853,0.009470,-207769.823150,3.018333,2195607.000000,1874874.000000,3722527.000000,334752.000000,1282372.000000,1952.000000,539.000000,1146.000000,164.000000,144.000000,453.000000,125.000000,266.000000,38.000000,33.000000,2784.000000,769.000000,1633.000000,233.000000,205.000000,15.000000,8.000000,18.000000,3.000000,5.000000,0.000000,6.000000,12.000000,2.000000,4.000000,0.000000,7.000000,15.000000,2.000000,5.000000,8097.000000,2266.000000,4820.000000,695.000000,601.000000,3.000000,
0.041574,0.187500,0.326699,0.247853,0.009470,-207769.823150,3.018333,2195607.000000,1874874.000000,3722527.000000,334752.000000,1282372.000000,1952.000000,539.000000,1146.000000,164.000000,144.000000,453.000000,125.000000,266.000000,38.000000,33.000000,2784.000000,769.000000,1633.000000,233.000000,205.000000,15.000000,8.000000,18.000000,3.000000,5.000000,0.000000,6.000000,12.000000,2.000000,4.000000,0.000000,7.000000,15.000000,2.000000,5.000000,8097.000000,2266.000000,4820.000000,695.000000,601.000000,3.000000,
0.041574,0.187500,0.326699,0.247853,0.009470,-207769.823150,3.018333,2195607.000000,1874874.000000,3722527.000000,334752.000000,1282372.000000,1952.000000,539.000000,1146.000000,164.000000,144.000000,453.000000,125.000000,266.000000,38.000000,33.000000,2784.000000,769.000000,1633.000000,233.000000,205.000000,15.000000,8.000000,18.000000,3.000000,5.000000,0.000000,6.000000,12.000000,2.000000,4.000000,0.000000,7.000000,15.000000,2.000000,5.000000,8097.000000,2266.000000,4820.000000,695.000000,601.000000,3.000000,
0.041574,0.187500,0.326699,0.247853,0.009470,-207769.823150,3.018333,2195607.000000,1874874.000000,3722527.000000,334752.000000,1282372.000000,1952.000000,539.000000,1146.000000,164.000000,144.000000,453.000000,125.000000,266.000000,38.000000,33.000000,2784.000000,769.000000,1633.000000,233.000000,205.000000,15.000000,8.000000,18.000000,3.000000,5.000000,0.000000,6.000000,12.000000,2.000000,4.000000,0.000000,7.000000,15.000000,2.000000,5.000000,8097.000000,2266.000000,4820.000000,695.000000,601.000000,3.000000,
0.041574,0.187500,0.326699,0.247853,0.009470,-207769.823150,3.018333,2195607.000000,1874874.000000,3722527.000000,334752.000000,1282372.000000,1952.000000,539.000000,1146.000000,164.000000,144.000000,453.000000,125.000000,266.000000,38.000000,33.000000,2784.000000,769.000000,1633.000000,233.000000,205.000000,15.000000,8.000000,18.000000,3.000000,5.000000,0.000000,6.000000,12.000000,2.000000,4.000000,0.000000,7.000000,15.000000,2.000000,5.000000,8097.000000,2266.000000,4820.000000,695.000000,601.000000,3.000000,
0.041574,0.187500,0.326699,0.247853,0.009470,-207769.823150,3.018333,2195607.000000,1874874.000000,3722527.000000,334752.000000,1282372.000000,1952.000000,539.000000,1146.000000,164.000000,144.000000,453.000000,125.000000,266.000000,38.000000,33.000000,2784.000000,769.000000,1633.000000,233.000000,205.000000,15.000000,8.000000,18.000000,3.000000,5.000000,0.000000,6.000000,12.000000,2.000000,4.000000,0.000000,7.000000,15.000000,2.000000,5.000000,8097.000000,2266.000000,4820.000000,695.000000,601.000000,3.000000,
0.041574,0.187500,0.326699,0.247853,0.009470,-207769.823150,3.018333,2195607.000000,1874874.000000,3722527.000000,334752.000000,1282372.000000,1952.000000,539.000000,1146.000000,164.000000,144.000000,453.000000,125.000000,266.000000,38.000000,33.000000,2784.000000,769.000000,1633.000000,233.000000,205.000000,15.000000,8.000000,18.000000,3.000000,5.000000,0.000000,6.000000,12.000000,2.000000,4.000000,0.000000,7.000000,15.000000,2.000000,5.000000,8097.000000,2266.000000,4820.000000,695.000000,601.000000,3.000000,
0.041574,0.187500,0.326699,0.247853,0.009470,-207769.823150,3.018333,2195607.000000,1874874.000000,3722527.000000,334752.000000,1282372.000000,1952.000000,539.000000,1146.000000,164.000000,144.000000,453.000000,125.000000,266.000000,38.000000,33.000000,2784.000000,769.000000,1633.000000,233.000000,205.000000,15.000000,8.000000,18.000000,3.000000,5.000000,0.000000,6.000000,12.000000,2.000000,4.000000,0.000000,7.000000,15.000000,2.000000,5.000000,8097.000000,2266.000000,4820.000000,695.000000,601.000000,3.000000,
0.041574,0.187500,0.326699,0.247853,0.009470,-207769.823150,3.018333,2195607.000000,1874874.000000,3722527.000000,334752.000000,1282372.000000,1952.000000,539.000000,1146.000000,164.000000,144.000000,453.000000,125.000000,266.000000,38.000000,33.000000,2784.000000,769.000000,1633.000000,233.000000,205.000000,15.000000,8.000000,18.000000,3.000000,5.000000,0.000000,6.000000,12.000000,2.000000,4.000000,0.000000,7.000000,15.000000,2.000000,5.000000,8097.000000,2266.000000,4820.000000,695.000000,601.000000,3.000000,
0.041574,0.187500,0.326699,0.247853,0.009470,-207769.823150,3.018333,2195607.000000,1874874.000000,3722527.000000,334752.000000,1282372.000000,1952.000000,539.000000,1146.000000,164.000000,144.000000,453.000000,125.000000,266.000000,38.000000,33.000000,2784.000000,769.000000,1633.000000,233.000000,205.000000,15.000000,8.000000,18.000000,3.000000,5.000000,0.000000,6.000000,12.000000,2.000000,4.000000,0.000000,7.000000,15.000000,2.000000,5.000000,8097.000000,2266.000000,4820.000000,695.000000,601.000000,3.000000,
0.041574,0.187500,0.326699,0.247853,0.009470,-207769.823150,3.018333,2195607.000000,1874874.000000,3722527.000000,334752.000000,1282372.000000,1952.000000,539.000000,1146.000000,164.000000,144.000000,453.000000,125.000000,266.000000,38.000000,33.000000,2784.000000,769.000000,1633.000000,233.000000,205.000000,15.000000,8.000000,18.000000,3.000000,5.000000,0.000000,6.000000,12.000000,2.000000,4.000000,0.000000,7.000000,15.000000,2.000000,5.000000,8097.000000,2266.000000,4820.000000,695.000000,601.000000,3.000000,
0.041574,0.187500,0.326699,0.247853,0.009470,-207769.823150,3.018333,2195607.000000,1874874.000000,3722527.000000,334752.000000,1282372.000000,1952.000000,539.000000,1146.000000,164.000000,144.000000,453.000000,125.000000,266.000000,38.000000,33.000000,2784.000000,769.000000,1633.000000,233.000000,205.000000,15.000000,8.000000,18.000000,3.000000,5.000000,0.000000,6.000000,12.000000,2.000000,4.000000,0.000000,7.000000,15.000000,2.000000,5.000000,8097.000000,2266.000000,4820.000000,695.000000,601.000000,3.000000,
0.041574,0.187500,0.326699,0.247853,0.009470,-207769.823150,3.018333,2195607.000000,1874874.000000,3722527.000000,334752.000000,1282372.000000,1952.000000,539.000000,1146.000000,164.000000,144.000000,453.000000,125.000000,266.000000,38.000000,33.000000,2784.000000,769.000000,1633.000000,233.000000,205.000000,15.000000,8.000000,18.000000,3.000000,5.000000,0.000000,6.000000,12.000000,2.000000,4.000000,0.000000,7.000000,15.000000,2.000000,5.000000,8097.000000,2266.000000,4820.000000,695.000000,601.000000,3.000000,
0.041746,0.117048,0.319781,0.255277,0.013273,-207428.255892,3.017806,2195607.000000,1874874.000000,3722527.000000,334752.000000,1282372.000000,1952.000000,539.000000,1146.000000,164.000000,144.000000,453.000000,125.000000,266.000000,38.000000,33.000000,2784.000000,769.000000,1633.000000,233.000000,205.000000,15.000000,8.000000,18.000000,3.000000,5.000000,0.000000,6.000000,12.000000,2.000000,4.000000,0.000000,7.000000,15.000000,2.000000,5.000000,8097.000000,2266.000000,4820.000000,695.000000,601.000000,3.000000,
0.041746,0.117048,0.319781,0.255277,0.013273,-207428.255892,3.017806,2195607.000000,1874874.000000,3722527.000000,334752.000000,1282372.000000,1952.000000,539.000000,1146.000000,164.000000,144.000000,453.000000,125.000000,266.000000,38.000000,33.000000,2784.000000,769.000000,1633.000000,233.000000,205.000000,15.000000,8.000000,18.000000,3.000000,5.000000,0.000000,6.000000,12.000000,2.000000,4.000000,0.000000,7.000000,15.000000,2.000000,5.000000,8097.000000,2266.000000,4820.000000,695.000000,601.000000,3.000000,
0.041746,0.117048,0.319781,0.255277,0.013273,-207428.255892,3.017806,2195607.000000,1874874.000000,3722527.000000,334752.000000,1282372.000000,1952.000000,539.000000,1146.000000,164.000000,144.000000,453.000000,125.000000,266.000000,38.000000,33.000000,2784.000000,769.000000,1633.000000,233.000000,205.000000,15.000000,8.000000,18.000000,3.000000,5.000000,0.000000,6.000000,12.000000,2.000000,4.000000,0.000000,7.000000,15.000000,2.000000,5.000000,8097.000000,2266.000000,4820.000000,695.000000,601.000000,3.000000,
0.041746,0.117048,0.319781,0.255277,0.013273,-207428.255892,3.017806,2195607.000000,1874874.000000,3722527.000000,334752.000000,1282372.000000,1952.000000,539.000000,1146.000000,164.000000,144.000000,453.000000,125.000000,266.000000,38.000000,33.000000,2784.000000,769.000000,1633.000000,233.000000,205.000000,15.000000,8.000000,18.000000,3.000000,5.000000,0.000000,6.000000,12.000000,2.000000,4.000000,0.000000,7.000000,15.000000,2.000000,5.000000,8097.000000,2266.000000,4820.000000,695.000000,601.000000,3.000000,
0.041746,0.117048,0.319781,0.255277,0.013273,-207428.255892,3.017806,2195607.000000,1874874.000000,3722527.000000,334752.000000,1282372.000000,1952.000000,539.000000,1146.000000,164.000000,144.000000,453.000000,125.000000,266.000000,38.000000,33.000000,2784.000000,769.000000,1633.000000,233.000000,205.000000,15.000000,8.000000,18.000000,3.000000,5.000000,0.000000,6.000000,12.000000,2.000000,4.000000,0.000000,7.000000,15.000000,2.000000,5.000000,8097.000000,2266.000000,4820.000000,695.000000,601.000000,3.000000,
0.041587,0.138447,0.326762,0.273982,0.010231,-207772.980812,3.019388,2195607.000000,1874874.000000,3722527.000000,334752.000000,1282372.000000,1952.000000,539.000000,1146.000000,164.000000,144.000000,453.000000,125.000000,266.000000,38.000000,33.000000,2784.000000,769.000000,1633.000000,233.000000,205.000000,15.000000,8.000000,18.000000,3.000000,5.000000,0.000000,6.000000,12.000000,2.000000,4.000000,0.000000,7.000000,15.000000,2.000000,5.000000,8097.000000,2266.000000,4820.000000,695.000000,601.000000,3.000000,
0.041587,0.138447,0.326762,0.273982,0.010231,-207772.980812,3.019388,2195607.000000,1874874.000000,3722527.000000,334752.000000,1282372.000000,1952.000000,539.000000,1146.000000,164.000000,144.000000,453.000000,125.000000,266.000000,38.000000,33.000000,2784.000000,769.000000,1633.000000,233.000000,205.000000,15.000000,8.000000,18.000000,3.000000,5.000000,0.000000,6.000000,12.000000,2.000000,4.000000,0.000000,7.000000,15.000000,2.000000,5.000000,8097.000000,2266.000000,4820.000000,695.000000,601.000000,3.000000,
0.041587,0.138447,0.326762,0.273982,0.010231,-207772.980812,3.019388,2195607.000000,1874874.000000,3722527.000000,334752.000000,1282372.000000,1952.000000,539.000000,1146.000000,164.000000,144.000000,453.000000,125.000000,266.000000,38.000000,33.000000,2784.000000,769.000000,1633.000000,233.000000,205.000000,15.000000,8.000000,18.000000,3.000000,5.000000,0.000000,6.000000,12.000000,2.000000,4.000000,0.000000,7.000000,15.000000,2.000000,5.000000,8097.000000,2266.000000,4820.000000,695.000000,601.000000,3.000000,
0.041587,0.138447,0.326762,0.273982,0.010231,-207772.980812,3.019388,2195607.000000,1874874.000000,3722527.000000,334752.000000,1282372.000000,1952.000000,539.000000,1146.000000,164.000000,144.000000,453.000000,125.000000,266.000000,38.000000,33.000000,2784.000000,769.000000,1633.000000,233.000000,205.000000,15.000000,8.000000,18.000000,3.000000,5.000000,0.000000,6.000000,12.000000,2.000000,4.000000,0.000000,7.000000,15.000000,2.000000,5.000000,8097.000000,2266.000000,4820.000000,695.000000,601.000000,3.000000,
0.041587,0.138447,0.326762,0.273982,0.010231,-207772.980812,3.019388,2195607.000000,1874874.000000,3722527.000000,334752.000000,1282372.000000,1952.000000,539.000000,1146.000000,164.000000,144.000000,453.000000,125.000000,266.000000,38.000000,33.000000,2784.000000,769.000000,1633.000000,233.000000,205.000000,15.000000,8.000000,18.000000,3.000000,5.000000,0.000000,6.000000,12.000000,2.000000,4.000000,0.000000,7.000000,15.000000,2.000000,5.000000,8097.000000,2266.000000,4820.000000,695.000000,601.000000,3.000000,
0.041587,0.138447,0.326762,0.273982,0.010231,-207772.980812,3.019388,2195607.000000,1874874.000000,3722527.000000,334752.000000,1282372.000000,1952.000000,539.000000,1146.000000,164.000000,144.000000,453.000000,125.000000,266.000000,38.000000,33.000000,2784.000000,769.000000,1633.000000,233.000000,205.000000,15.000000,8.000000,18.000000,3.000000,5.000000,0.000000,6.000000,12.000000,2.000000,4.000000,0.000000,7.000000,15.000000,2.000000,5.000000,8097.000000,2266.000000,4820.000000,695.000000,601.000000,3.000000,
0.041587,0.138447,0.326762,0.273982,0.010231,-207772.980812,3.019388,2195607.000000,1874874.000000,3722527.000000,334752.000000,1282372.000000,1952.000000,539.000000,1146.000000,164.000000,144.000000,453.000000,125.000000,266.000000,38.000000,33.000000,2784.000000,769.000000,1633.000000,233.000000,205.000000,15.000000,8.000000,18.000000,3.000000,5.000000,0.000000,6.000000,12.000000,2.000000,4.000000,0.000000,7.000000,15.000000,2.000000,5.000000,8097.000000,2266.000000,4820.000000,695.000000,601.000000,3.000000,
0.041587,0.138447,0.326762,0.273982,0.010231,-207772.980812,3.019388,2195607.000000,1874874.000000,3722527.000000,334752.000000,1282372.000000,1952.000000,539.000000,1146.000000,164.000000,144.000000,453.000000,125.000000,266.000000,38.000000,33.000000,2784.000000,769.000000,1633.000000,233.000000,205.000000,15.000000,8.000000,18.000000,3.000000,5.000000,0.000000,6.000000,12.000000,2.000000,4.000000,0.000000,7.000000,15.000000,2.000000,5.000000,8097.000000,2266.000000,4820.000000,695.000000,601.000000,3.000000,
0.041698,0.090607,0.325858,0.240857,0.009810,-207728.304762,3.025788,2195607.000000,1874874.000000,3722527.000000,334752.000000,1282372.000000,1952.000000,539.000000,1146.000000,164.000000,144.000000,453.000000,125.000000,266.000000,38.000000,33.000000,2784.000000,769.000000,1633.000000,233.000000,205.000000,15.000000,8.000000,18.000000,3.000000,5.000000,0.000000,6.000000,12.000000,2.000000,4.000000,0.000000,7.000000,15.000000,2.000000,5.000000,8097.000000,2266.000000,4820.000000,695.000000,601.000000,3.000000,
0.041698,0.090607,0.325858,0.240857,0.009810,-207728.304762,3.025788,2195607.000000,1874874.000000,3722527.000000,334752.000000,1282372.000000,1952.000000,539.000000,1146.000000,164.000000,144.000000,453.000000,125.000000,266.000000,38.000000,33.000000,2784.000000,769.000000,1633.000000,233.000000,205.000000,15.000000,8.000000,18.000000,3.000000,5.000000,0.000000,6.000000,12.000000,2.000000,4.000000,0.000000,7.000000,15.000000,2.000000,5.000000,8097.000000,2266.000000,4820.000000,695.000000,601.000000,3.000000,
0.041698,0.090607,0.325858,0.240857,0.009810,-207728.304762,3.025788,2195607.000000,1874874.000000,3722527.000000,334752.000000,1282372.000000,1952.000000,539.000000,1146.000000,164.000000,144.000000,453.000000,125.000000,266.000000,38.000000,33.000000,2784.000000,769.000000,1633.000000,233.000000,205.000000,15.000000,8.000000,18.000000,3.000000,5.000000,0.000000,6.000000,12.000000,2.000000,4.000000,0.000000,7.000000,15.000000,2.000000,5.000000,8097.000000,2266.000000,4820.000000,695.000000,601.000000,3.000000,
0.041698,0.090607,0.325858,0.240857,0.009810,-207728.304762,3.025788,2195607.000000,1874874.000000,3722527.000000,334752.000000,1282372.000000,1952.000000,539.000000,1146.000000,164.000000,144.000000,453.000000,125.000000,266.000000,38.000000,33.000000,2784.000000,769.000000,1633.000000,233.000000,205.000000,15.000000,8.000000,18.000000,3.000000,5.000000,0.000000,6.000000,12.000000,2.000000,4.000000,0.000000,7.000000,15.000000,2.000000,5.000000,8097.000000,2266.000000,4820.000000,695.000000,601.000000,3.000000,
0.041698,0.090607,0.325858,0.240857,0.009810,-207728.304762,3.025788,2195607.000000,1874874.000000,3722527.000000,334752.000000,1282372.000000,1952.000000,539.000000,1146.000000,164.000000,144.000000,453.000000,125.000000,266.000000,38.000000,33.000000,2784.000000,769.000000,1633.000000,233.000000,205.000000,15.000000,8.000000,18.000000,3.000000,5.000000,0.000000,6.000000,12.000000,2.000000,4.000000,0.000000,7.000000,15.000000,2.000000,5.000000,8097.000000,2266.000000,4820.000000,695.000000,601.000000,3.000000,
0.041698,0.090607,0.325858,0.240857,0.009810,-207728.304762,3.025788,2195607.000000,1874874.000000,3722527.000000,334752.000000,1282372.000000,1952.000000,539.000000,1146.000000,164.000000,144.000000,453.000000,125.000000,266.000000,38.000000,33.000000,2784.000000,769.000000,1633.000000,233.000000,205.000000,15.000000,8.000000,18.000000,3.000000,5.000000,0.000000,6.000000,12.000000,2.000000,4.000000,0.000000,7.000000,15.000000,2.000000,5.000000,8097.000000,2266.000000,4820.000000,695.000000,601.000000,3.000000,
0.041698,0.090607,0.325858,0.240857,0.009810,-207728.304762,3.025788,2195607.000000,1874874.000000,3722527.000000,334752.000000,1282372.000000,1952.000000,539.000000,1146.000000,164.000000,144.000000,453.000000,125.000000,266.000000,38.000000,33.000000,2784.000000,769.000000,1633.000000,233.000000,205.000000,15.000000,8.000000,18.000000,3.000000,5.000000,0.000000,6.000000,12.000000,2.000000,4.000000,0.000000,7.000000,15.000000,2.000000,5.000000,8097.000000,2266.000000,4820.000000,695.000000,601.000000,3.000000,
0.041794,0.135833,0.322202,0.228865,0.007628,-207547.666488,3.025849,2195607.000000,1874874.000000,3722527.000000,334752.000000,1282372.000000,1952.000000,539.000000,1146.000000,164.000000,144.000000,453.000000,125.000000,266.000000,38.000000,33.000000,2784.000000,769.000000,1633.000000,233.000000,205.000000,15.000000,8.000000,18.000000,3.000000,5.000000,0.000000,6.000000,12.000000,2.000000,4.000000,0.000000,7.000000,15.000000,2.000000,5.000000,8097.000000,2266.000000,4820.000000,695.000000,601.000000,3.000000,
0.041794,0.135833,0.322202,0.228865,0.007628,-207547.666488,3.025849,2195607.000000,1874874.000000,3722527.000000,334752.000000,1282372.000000,1952.000000,539.000000,1146.000000,164.000000,144.000000,453.000000,125.000000,266.000000,38.000000,33.000000,2784.000000,769.000000,1633.000000,233.000000,205.000000,15.000000,8.000000,18.000000,3.000000,5.000000,0.000000,6.000000,12.000000,2.000000,4.000000,0.000000,7.000000,15.000000,2.000000,5.000000,8097.000000,2266.000000,4820.000000,695.000000,601.000000,3.000000,
0.041794,0.135833,0.322202,0.228865,0.007628,-207547.666488,3.025849,2195607.000000,1874874.000000,3722527.000000,334752.000000,1282372.000000,1952.000000,539.000000,1146.000000,164.000000,144.000000,453.000000,125.000000,266.000000,38.000000,33.000000,2784.000000,769.000000,1633.000000,233.000000,205.000000,15.000000,8.000000,18.000000,3.000000,5.000000,0.000000,6.000000,12.000000,2.000000,4.000000,0.000000,7.000000,15.000000,2.000000,5.000000,8097.000000,2266.000000,4820.000000,695.000000,601.000000,3.000000,
0.041794,0.135833,0.322202,0.228865,0.007628,-207547.666488,3.025849,2195607.000000,1874874.000000,3722527.000000,334752.000000,1282372.000000,1952.000000,539.000000,1146.000000,164.000000,144.000000,453.000000,125.000000,266.000000,38.000000,33.000000,2784.000000,769.000000,1633.000000,233.000000,205.000000,15.000000,8.000000,18.000000,3.000000,5.000000,0.000000,6.000000,12.000000,2.000000,4.000000,0.000000,7.000000,15.000000,2.000000,5.000000,8097.000000,2266.000000,4820.000000,695.000000,601.000000,3.000000,
0.041912,0.187813,0.316003,0.252091,0.008108,-207243.132158,3.022685,2195607.000000,1874874.000000,3722527.000000,334752.000000,1282372.000000,1952.000000,539.000000,1146.000000,164.000000,144.000000,453.000000,125.000000,266.000000,38.000000,33.000000,2784.000000,769.000000,1633.000000,233.000000,205.000000,15.000000,8.000000,18.000000,3.000000,5.000000,0.000000,6.000000,12.000000,2.000000,4.000000,0.000000,7.000000,15.000000,2.000000,5.000000,8097.000000,2266.000000,4820.000000,695.000000,601.000000,3.000000,
0.041892,0.343039,0.318106,0.247615,0.006514,-207346.212866,3.025202,2195607.000000,1874874.000000,3722527.000000,334752.000000,1282372.000000,1952.000000,539.000000,1146.000000,164.000000,144.000000,453.000000,125.000000,266.000000,38.000000,33.000000,2784.000000,769.000000,1633.000000,233.000000,205.000000,15.000000,8.000000,18.000000,3.000000,5.000000,0.000000,6.000000,12.000000,2.000000,4.000000,0.000000,7.000000,15.000000,2.000000,5.000000,8097.000000,2266.000000,4820.000000,695.000000,601.000000,3.000000,
0.041892,0.343039,0.318106,0.247615,0.006514,-207346.212866,3.025202,2195607.000000,1874874.000000,3722527.000000,334752.000000,1282372.000000,1952.000000,539.000000,1146.000000,164.000000,144.000000,453.000000,125.000000,266.000000,38.000000,33.000000,2784.000000,769.000000,1633.000000,233.000000,205.000000,15.000000,8.000000,18.000000,3.000000,5.000000,0.000000,6.000000,12.000000,2.000000,4.000000,0.000000,7.000000,15.000000,2.000000,5.000000,8097.000000,2266.000000,4820.000000,695.000000,601.000000,3.000000,
0.041892,0.343039,0.318106,0.247615,0.006514,-207346.212866,3.025202,2195607.000000,1874874.000000,3722527.000000,334752.000000,1282372.000000,1952.000000,539.000000,1146.000000,164.000000,144.000000,453.000000,125.000000,266.000000,38.000000,33.000000,2784.000000,769.000000,1633.000000,233.000000,205.000000,15.000000,8.000000,18.000000,3.000000,5.000000,0.000000,6.000000,12.000000,2.000000,4.000000,0.000000,7.000000,15.000000,2.000000,5.000000,8097.000000,2266.000000,4820.000000,695.000000,601.000000,3.000000,
0.041892,0.343039,0.318106,0.247615,0.006514,-207346.212866,3.025202,2195607.000000,1874874.000000,3722527.000000,334752.000000,1282372.000000,1952.000000,539.000000,1146.000000,164.000000,144.000000,453.000000,125.000000,266.000000,38.000000,33.000000,2784.000000,769.000000,1633.000000,233.000000,205.000000,15.000000,8.000000,18.000000,3.000000,5.000000,0.000000,6.000000,12.000000,2.000000,4.000000,0.000000,7.000000,15.000000,2.000000,5.000000,8097.000000,2266.000000,4820.000000,695.000000,601.000000,3.000000,
0.041892,0.343039,0.318106,0.247615,0.006514,-207346.212866,3.025202,2195607.000000,1874874.000000,3722527.000000,334752.000000,1282372.000000,1952.000000,539.000000,1146.000000,164.000000,144.000000,453.000000,125.000000,266.000000,38.000000,33.000000,2784.000000,769.000000,1633.000000,233.000000,205.000000,15.000000,8.000000,18.000000,3.000000,5.000000,0.000000,6.000000,12.000000,2.000000,4.000000,0.000000,7.000000,15.000000,2.000000,5.000000,8097.000000,2266.000000,4820.000000,695.000000,601.000000,3.000000,
0.041892,0.343039,0.318106,0.247615,0.006514,-207346.212866,3.025202,2195607.000000,1874874.000000,3722527.000000,334752.000000,1282372.000000,1952.000000,539.000000,1146.000000,164.000000,144.000000,453.000000,125.000000,266.000000,38.000000,33.000000,2784.000000,769.000000,1633.000000,233.000000,205.000000,15.000000,8.000000,18.000000,3.000000,5.000000,0.000000,6.000000,12.000000,2.000000,4.000000,0.000000,7.000000,15.000000,2.000000,5.000000,8097.000000,2266.000000,4820.000000,695.000000,601.000000,3.000000,
0.041892,0.343039,0.318106,0.247615,0.006514,-207346.212866,3.025202,2195607.000000,1874874.000000,3722527.000000,334752.000000,1282372.000000,1952.000000,539.000000,1146.000000,164.000000,144.000000,453.000000,125.000000,266.000000,38.000000,33.000000,2784.000000,769.000000,1633.000000,233.000000,205.000000,15.000000,8.000000,18.000000,3.000000,5.000000,0.000000,6.000000,12.000000,2.000000,4.000000,0.000000,7.000000,15.000000,2.000000,5.000000,8097.000000,2266.000000,4820.000000,695.000000,601.000000,3.000000,
0.041892,0.343039,0.318106,0.247615,0.006514,-207346.212866,3.025202,2195607.000000,1874874.000000,3722527.000000,334752.000000,1282372.000000,1952.000000,539.000000,1146.000000,164.000000,144.000000,453.000000,125.000000,266.000000,38.000000,33.000000,2784.000000,769.000000,1633.000000,233.000000,205.000000,15.000000,8.000000,18.000000,3.000000,5.000000,0.000000,6.000000,12.000000,2.000000,4.000000,0.000000,7.000000,15.000000,2.000000,5.000000,8097.000000,2266.000000,4820.000000,695.000000,601.000000,3.000000,
0.041989,0.551208,0.312796,0.242024,0.005007,-207086.574452,3.022111,2195607.000000,1874874.000000,3722527.000000,334752.000000,1282372.000000,1952.000000,539.000000,1146.000000,164.000000,144.000000,453.000000,125.000000,266.000000,38.000000,33.000000,2784.000000,769.000000,1633.000000,233.000000,205.000000,15.000000,8.000000,18.000000,3.000000,5.000000,0.000000,6.000000,12.000000,2.000000,4.000000,0.000000,7.000000,15.000000,2.000000,5.000000,8097.000000,2266.000000,4820.000000,695.000000,601.000000,3.000000,
0.041908,0.499539,0.320696,0.245161,0.003795,-207473.596523,3.031274,2195607.000000,1874874.000000,3722527.000000,334752.000000,1282372.000000,1952.000000,539.000000,1146.000000,164.000000,144.000000,453.000000,125.000000,266.000000,38.000000,33.000000,2784.000000,769.000000,1633.000000,233.000000,205.000000,15.000000,8.000000,18.000000,3.000000,5.000000,0.000000,6.000000,12.000000,2.000000,4.000000,0.000000,7.000000,15.000000,2.000000,5.000000,8097.000000,2266.000000,4820.000000,695.000000,601.000000,3.000000,
0.041656,0.523687,0.332372,0.264198,0.003813,-208052.581311,3.034942,2195607.000000,1874874.000000,3722527.000000,334752.000000,1282372.000000,1952.000000,539.000000,1146.000000,164.000000,144.000000,453.000000,125.000000,266.000000,38.000000,33.000000,2784.000000,769.000000,1633.000000,233.000000,205.000000,15.000000,8.000000,18.000000,3.000000,5.000000,0.000000,6.000000,12.000000,2.000000,4.000000,0.000000,7.000000,15.000000,2.000000,5.000000,8097.000000,2266.000000,4820.000000,695.000000,601.000000,3.000000,
0.041481,0.621406,0.340436,0.186131,0.004477,-208457.538388,3.037338,2195607.000000,1874874.000000,3722527.000000,334752.000000,1282372.000000,1952.000000,539.000000,1146.000000,164.000000,144.000000,453.000000,125.000000,266.000000,38.000000,33.000000,2784.000000,769.000000,1633.000000,233.000000,205.000000,15.000000,8.000000,18.000000,3.000000,5.000000,0.000000,6.000000,12.000000,2.000000,4.000000,0.000000,7.000000,15.000000,2.000000,5.000000,8097.000000,2266.000000,4820.000000,695.000000,601.000000,3.000000,
0.041481,0.621406,0.340436,0.186131,0.004477,-208457.538388,3.037338,2195607.000000,1874874.000000,3722527.000000,334752.000000,1282372.000000,1952.000000,539.000000,1146.000000,164.000000,144.000000,453.000000,125.000000,266.000000,38.000000,33.000000,2784.000000,769.000000,1633.000000,233.000000,205.000000,15.000000,8.000000,18.000000,3.000000,5.000000,0.000000,6.000000,12.000000,2.000000,4.000000,0.000000,7.000000,15.000000,2.000000,5.000000,8097.000000,2266.000000,4820.000000,695.000000,601.000000,3.000000,
0.041224,0.667593,0.343719,0.210928,0.007357,-208623.206108,3.024634,2195607.000000,1874874.000000,3722527.000000,334752.000000,1282372.000000,1952.000000,539.000000,1146.000000,164.000000,144.000000,453.000000,125.000000,266.000000,38.000000,33.000000,2784.000000,769.000000,1633.000000,233.000000,205.000000,15.000000,8.000000,18.000000,3.000000,5.000000,0.000000,6.000000,12.000000,2.000000,4.000000,0.000000,7.000000,15.000000,2.000000,5.000000,8097.000000,2266.000000,4820.000000,695.000000,601.000000,3.000000,
0.041224,0.667593,0.343719,0.210928,0.007357,-208623.206108,3.024634,2195607.000000,1874874.000000,3722527.000000,334752.000000,1282372.000000,1952.000000,539.000000,1146.000000,164.000000,144.000000,453.000000,125.000000,266.000000,38.000000,33.000000,2784.000000,769.000000,1633.000000,233.000000,205.000000,15.000000,8.000000,18.000000,3.000000,5.000000,0.000000,6.000000,12.000000,2.000000,4.000000,0.000000,7.000000,15.000000,2.000000,5.000000,8097.000000,2266.000000,4820.000000,695.000000,601.000000,3.000000,
0.041224,0.667593,0.343719,0.210928,0.007357,-208623.206108,3.024634,2195607.000000,1874874.000000,3722527.000000,334752.000000,1282372.000000,1952.000000,539.000000,1146.000000,164.000000,144.000000,453.000000,125.000000,266.000000,38.000000,33.000000,2784.000000,769.000000,1633.000000,233.000000,205.000000,15.000000,8.000000,18.000000,3.000000,5.000000,0.000000,6.000000,12.000000,2.000000,4.000000,0.000000,7.000000,15.000000,2.000000,5.000000,8097.000000,2266.000000,4820.000000,695.000000,601.000000,3.000000,
0.041224,0.667593,0.343719,0.210928,0.007357,-208623.206108,3.024634,2195607.000000,1874874.000000,3722527.000000,334752.000000,1282372.000000,1952.000000,539.000000,1146.000000,164.000000,144.000000,453.000000,125.000000,266.000000,38.000000,33.000000,2784.000000,769.000000,1633.000000,233.000000,205.000000,15.000000,8.000000,18.000000,3.000000,5.000000,0.000000,6.000000,12.000000,2.000000,4.000000,0.000000,7.000000,15.000000,2.000000,5.000000,8097.000000,2266.000000,4820.000000,695.000000,601.000000,3.000000,
0.041066,0.839890,0.351469,0.219084,0.005027,-209017.980397,3.027396,2195607.000000,1874874.000000,3722527.000000,334752.000000,1282372.000000,1952.000000,539.000000,1146.000000,164.000000,144.000000,453.000000,125.000000,266.000000,38.000000,33.000000,2784.000000,769.000000,1633.000000,233.000000,205.000000,15.000000,8.000000,18.000000,3.000000,5.000000,0.000000,6.000000,12.000000,2.000000,4.000000,0.000000,7.000000,15.000000,2.000000,5.000000,8097.000000,2266.000000,4820.000000,695.000000,601.000000,3.000000,
0.041066,0.839890,0.351469,0.219084,0.005027,-209017.980397,3.027396,2195607.000000,1874874.000000,3722527.000000,334752.000000,1282372.000000,1952.000000,539.000000,1146.000000,164.000000,144.000000,453.000000,125.000000,266.000000,38.000000,33.000000,2784.000000,769.000000,1633.000000,233.000000,205.000000,15.000000,8.000000,18.000000,3.000000,5.000000,0.000000,6.000000,12.000000,2.000000,4.000000,0.000000,7.000000,15.000000,2.000000,5.000000,8097.000000,2266.000000,4820.000000,695.000000,601.000000,3.000000,
0.041066,0.839890,0.351469,0.219084,0.005027,-209017.980397,3.027396,2195607.000000,1874874.000000,3722527.000000,334752.000000,1282372.000000,1952.000000,539.000000,1146.000000,164.000000,144.000000,453.000000,125.000000,266.000000,38.000000,33.000000,2784.000000,769.000000,1633.000000,233.000000,205.000000,15.000000,8.000000,18.000000,3.000000,5.000000,0.000000,6.000000,12.000000,2.000000,4.000000,0.000000,7.000000,15.000000,2.000000,5.000000,8097.000000,2266.000000,4820.000000,695.000000,601.000000,3.000000,
0.041066,0.839890,0.351469,0.219084,0.005027,-209017.980397,3.027396,2195607.000000,1874874.000000,3722527.000000,334752.000000,1282372.000000,1952.000000,539.000000,1146.000000,164.000000,144.000000,453.000000,125.000000,266.000000,38.000000,33.000000,2784.000000,769.000000,1633.000000,233.000000,205.000000,15.000000,8.000000,18.000000,3.000000,5.000000,0.000000,6.000000,12.000000,2.000000,4.000000,0.000000,7.000000,15.000000,2.000000,5.000000,8097.000000,2266.000000,4820.000000,695.000000,601.000000,3.000000,
0.041066,0.839890,0.351469,0.219084,0.005027,-209017.980397,3.027396,2195607.000000,1874874.000000,3722527.000000,334752.000000,1282372.000000,1952.000000,539.000000,1146.000000,164.000000,144.000000,453.000000,125.000000,266.000000,38.000000,33.000000,2784.000000,769.000000,1633.000000,233.000000,205.000000,15.000000,8.000000,18.000000,3.000000,5.000000,0.000000,6.000000,12.000000,2.000000,4.000000,0.000000,7.000000,15.000000,2.000000,5.000000,8097.000000,2266.000000,4820.000000,695.000000,601.000000,3.000000,
0.041066,0.839890,0.351469,0.219084,0.005027,-209017.980397,3.027396,2195607.000000,1874874.000000,3722527.000000,334752.000000,1282372.000000,1952.000000,539.000000,1146.000000,164.000000,144.000000,453.000000,125.000000,266.000000,38.000000,33.000000,2784.000000,769.000000,1633.000000,233.000000,205.000000,15.000000,8.000000,18.000000,3.000000,5.000000,0.000000,6.000000,12.000000,2.000000,4.000000,0.000000,7.000000,15.000000,2.000000,5.000000,8097.000000,2266.000000,4820.000000,695.000000,601.000000,3.000000,
0.041066,0.839890,0.351469,0.219084,0.005027,-209017.980397,3.027396,2195607.000000,1874874.000000,3722527.000000,334752.000000,1282372.000000,1952.000000,539.000000,1146.000000,164.000000,144.000000,453.000000,125.000000,266.000000,38.000000,33.000000,2784.000000,769.000000,1633.000000,233.000000,205.000000,15.000000,8.000000,18.000000,3.000000,5.000000,0.000000,6.000000,12.000000,2.000000,4.000000,0.000000,7.000000,15.000000,2.000000,5.000000,8097.000000,2266.000000,4820.000000,695.000000,601.000000,3.000000,
0.041162,0.429508,0.348227,0.195675,0.005431,-208852.420816,3.028475,2195607.000000,1874874.000000,3722527.000000,334752.000000,1282372.000000,1952.000000,539.000000,1146.000000,164.000000,144.000000,453.000000,125.000000,266.000000,38.000000,33.000000,2784.000000,769.000000,1633.000000,233.000000,205.000000,15.000000,8.000000,18.000000,3.000000,5.000000,0.000000,6.000000,12.000000,2.000000,4.000000,0.000000,7.000000,15.000000,2.000000,5.000000,8097.000000,2266.000000,4820.000000,695.000000,601.000000,3.000000,
0.041162,0.429508,0.348227,0.195675,0.005431,-208852.420816,3.028475,2195607.000000,1874874.000000,3722527.000000,334752.000000,1282372.000000,1952.000000,539.000000,1146.000000,164.000000,144.000000,453.000000,125.000000,266.000000,38.000000,33.000000,2784.000000,769.000000,1633.000000,233.000000,205.000000,15.000000,8.000000,18.000000,3.000000,5.000000,0.000000,6.000000,12.000000,2.000000,4.000000,0.000000,7.000000,15.000000,2.000000,5.000000,8097.000000,2266.000000,4820.000000,695.000000,601.000000,3.000000,
0.041162,0.429508,0.348227,0.195675,0.005431,-208852.420816,3.028475,2195607.000000,1874874.000000,3722527.000000,334752.000000,1282372.000000,1952.000000,539.000000,1146.000000,164.000000,144.000000,453.000000,125.000000,266.000000,38.000000,33.000000,2784.000000,769.000000,1633.000000,233.000000,205.000000,15.000000,8.000000,18.000000,3.000000,5.000000,0.000000,6.000000,12.000000,2.000000,4.000000,0.000000,7.000000,15.000000,2.000000,5.000000,8097.000000,2266.000000,4820.000000,695.000000,601.000000,3.000000,
0.041191,0.405304,0.344147,0.224513,0.007956,-208644.850749,3.022970,2195607.000000,1874874.000000,3722527.000000,334752.000000,1282372.000000,1952.000000,539.000000,1146.000000,164.000000,144.000000,453.000000,125.000000,266.000000,38.000000,33.000000,2784.000000,769.000000,1633.000000,233.000000,205.000000,15.000000,8.000000,18.000000,3.000000,5.000000,0.000000,6.000000,12.000000,2.000000,4.000000,0.000000,7.000000,15.000000,2.000000,5.000000,8097.000000,2266.000000,4820.000000,695.000000,601.000000,3.000000,
0.041191,0.405304,0.344147,0.224513,0.007956,-208644.850749,3.022970,2195607.000000,1874874.000000,3722527.000000,334752.000000,1282372.000000,1952.000000,539.000000,1146.000000,164.000000,144.000000,453.000000,125.000000,266.000000,38.000000,33.000000,2784.000000,769.000000,1633.000000,233.000000,205.000000,15.000000,8.000000,18.000000,3.000000,5.000000,0.000000,6.000000,12.000000,2.000000,4.000000,0.000000,7.000000,15.000000,2.000000,5.000000,8097.000000,2266.000000,4820.000000,695.000000,601.000000,3.000000,
0.041191,0.405304,0.344147,0.224513,0.007956,-208644.850749,3.022970,2195607.000000,1874874.000000,3722527.000000,334752.000000,1282372.000000,1952.000000,539.000000,1146.000000,164.000000,144.000000,453.000000,125.000000,266.000000,38.000000,33.000000,2784.000000,769.000000,1633.000000,233.000000,205.000000,15.000000,8.000000,18.000000,3.000000,5.000000,0.000000,6.000000,12.000000,2.000000,4.000000,0.000000,7.000000,15.000000,2.000000,5.000000,8097.000000,2266.000000,4820.000000,695.000000,601.000000,3.000000,
0.041191,0.405304,0.344147,0.224513,0.007956,-208644.850749,3.022970,2195607.000000,1874874.000000,3722527.000000,334752.000000,1282372.000000,1952.000000,539.000000,1146.000000,164.000000,144.000000,453.000000,125.000000,266.000000,38.000000,33.000000,2784.000000,769.000000,1633.000000,233.000000,205.000000,15.000000,8.000000,18.000000,3.000000,5.000000,0.000000,6.000000,12.000000,2.000000,4.000000,0.000000,7.000000,15.000000,2.000000,5.000000,8097.000000,2266.000000,4820.000000,695.000000,601.000000,3.000000,
0.041191,0.405304,0.344147,0.224513,0.007956,-208644.850749,3.022970,2195607.000000,1874874.000000,3722527.000000,334752.000000,1282372.000000,1952.000000,539.000000,1146.000000,164.000000,144.000000,453.000000,125.000000,266.000000,38.000000,33.000000,2784.000000,769.000000,1633.000000,233.000000,205.000000,15.000000,8.000000,18.000000,3.000000,5.000000,0.000000,6.000000,12.000000,2.000000,4.000000,0.000000,7.000000,15.000000,2.000000,5.000000,8097.000000,2266.000000,4820.000000,695.000000,601.000000,3.000000,
0.041191,0.405304,0.344147,0.224513,0.007956,-208644.850749,3.022970,2195607.000000,1874874.000000,3722527.000000,334752.000000,1282372.000000,1952.000000,539.000000,1146.000000,164.000000,144.000000,453.000000,125.000000,266.000000,38.000000,33.000000,2784.000000,769.000000,1633.000000,233.000000,205.000000,15.000000,8.000000,18.000000,3.000000,5.000000,0.000000,6.000000,12.000000,2.000000,4.000000,0.000000,7.000000,15.000000,2.000000,5.000000,8097.000000,2266.000000,4820.000000,695.000000,601.000000,3.000000,
0.041191,0.405304,0.344147,0.224513,0.007956,-208644.850749,3.022970,2195607.000000,1874874.000000,3722527.000000,334752.000000,1282372.000000,1952.000000,539.000000,1146.000000,164.000000,144.000000,453.000000,125.000000,266.000000,38.000000,33.000000,2784.000000,769.000000,1633.000000,233.000000,205.000000,15.000000,8.000000,18.000000,3.000000,5.000000,0.000000,6.000000,12.000000,2.000000,4.000000,0.000000,7.000000,15.000000,2.000000,5.000000,8097.000000,2266.000000,4820.000000,695.000000,601.000000,3.000000,
0.041191,0.405304,0.344147,0.224513,0.007956,-208644.850749,3.022970,2195607.000000,1874874.000000,3722527.000000,334752.000000,1282372.000000,1952.000000,539.000000,1146.000000,164.000000,144.000000,453.000000,125.000000,266.000000,38.000000,33.000000,2784.000000,769.000000,1633.000000,233.000000,205.000000,15.000000,8.000000,18.000000,3.000000,5.000000,0.000000,6.000000,12.000000,2.000000,4.000000,0.000000,7.000000,15.000000,2.000000,5.000000,8097.000000,2266.000000,4820.000000,695.000000,601.000000,3.000000,
0.041191,0.405304,0.344147,0.224513,0.007956,-208644.850749,3.022970,2195607.000000,1874874.000000,3722527.000000,334752.000000,1282372.000000,1952.000000,539.000000,1146.000000,164.000000,144.000000,453.000000,125.000000,266.000000,38.000000,33.000000,2784.000000,769.000000,1633.000000,233.000000,205.000000,15.000000,8.000000,18.000000,3.000000,5.000000,0.000000,6.000000,12.000000,2.000000,4.000000,0.000000,7.000000,15.000000,2.000000,5.000000,8097.000000,2266.000000,4820.000000,695.000000,601.000000,3.000000,
0.041191,0.405304,0.344147,0.224513,0.007956,-208644.850749,3.022970,2195607.000000,1874874.000000,3722527.000000,334752.000000,1282372.000000,1952.000000,539.000000,1146.000000,164.000000,144.000000,453.000000,125.000000,266.000000,38.000000,33.000000,2784.000000,769.000000,1633.000000,233.000000,205.000000,15.000000,8.000000,18.000000,3.000000,5.000000,0.000000,6.000000,12.000000,2.000000,4.000000,0.000000,7.000000,15.000000,2.000000,5.000000,8097.000000,2266.000000,4820.000000,695.000000,601.000000,3.000000,
0.041191,0.405304,0.344147,0.224513,0.007956,-208644.850749,3.022970,2195607.000000,1874874.000000,3722527.000000,334752.000000,1282372.000000,1952.000000,539.000000,1146.000000,164.000000,144.000000,453.000000,125.000000,266.000000,38.000000,33.000000,2784.000000,769.000000,1633.000000,233.000000,205.000000,15.000000,8.000000,18.000000,3.000000,5.000000,0.000000,6.000000,12.000000,2.000000,4.000000,0.000000,7.000000,15.000000,2.000000,5.000000,8097.000000,2266.000000,4820.000000,695.000000,601.000000,3.000000,
0.041191,0.405304,0.344147,0.224513,0.007956,-208644.850749,3.022970,2195607.000000,1874874.000000,3722527.000000,334752.000000,1282372.000000,1952.000000,539.000000,1146.000000,164.000000,144.000000,453.000000,125.000000,266.000000,38.000000,33.000000,2784.000000,769.000000,1633.000000,233.000000,205.000000,15.000000,8.000000,18.000000,3.000000,5.000000,0.000000,6.000000,12.000000,2.000000,4.000000,0.000000,7.000000,15.000000,2.000000,5.000000,8097.000000,2266.000000,4820.000000,695.000000,601.000000,3.000000,
0.041191,0.405304,0.344147,0.224513,0.007956,-208644.850749,3.022970,2195607.000000,1874874.000000,3722527.000000,334752.000000,1282372.000000,1952.000000,539.000000,1146.000000,164.000000,144.000000,453.000000,125.000000,266.000000,38.000000,33.000000,2784.000000,769.000000,1633.000000,233.000000,205.000000,15.000000,8.000000,18.000000,3.000000,5.000000,0.000000,6.000000,12.000000,2.000000,4.000000,0.000000,7.000000,15.000000,2.000000,5.000000,8097.000000,2266.000000,4820.000000,695.000000,601.000000,3.000000,
0.041191,0.405304,0.344147,0.224513,0.007956,-208644.850749,3.022970,2195607.000000,1874874.000000,3722527.000000,334752.000000,1282372.000000,1952.000000,539.000000,1146.000000,164.000000,144.000000,453.000000,125.000000,266.000000,38.000000,33.000000,2784.000000,769.000000,1633.000000,233.000000,205.000000,15.000000,8.000000,18.000000,3.000000,5.000000,0.000000,6.000000,12.000000,2.000000,4.000000,0.000000,7.000000,15.000000,2.000000,5.000000,8097.000000,2266.000000,4820.000000,695.000000,601.000000,3.000000,
0.041191,0.405304,0.344147,0.224513,0.007956,-208644.850749,3.022970,2195607.000000,1874874.000000,3722527.000000,334752.000000,1282372.000000,1952.000000,539.000000,1146.000000,164.000000,144.000000,453.000000,125.000000,266.000000,38.000000,33.000000,2784.000000,769.000000,1633.000000,233.000000,205.000000,15.000000,8.000000,18.000000,3.000000,5.000000,0.000000,6.000000,12.000000,2.000000,4.000000,0.000000,7.000000,15.000000,2.000000,5.000000,8097.000000,2266.000000,4820.000000,695.000000,601.000000,3.000000,
0.041191,0.405304,0.344147,0.224513,0.007956,-208644.850749,3.022970,2195607.000000,1874874.000000,3722527.000000,334752.000000,1282372.000000,1952.000000,539.000000,1146.000000,164.000000,144.000000,453.000000,125.000000,266.000000,38.000000,33.000000,2784.000000,769.000000,1633.000000,233.000000,205.000000,15.000000,8.000000,18.000000,3.000000,5.000000,0.000000,6.000000,12.000000,2.000000,4.000000,0.000000,7.000000,15.000000,2.000000,5.000000,8097.000000,2266.000000,4820.000000,695.000000,601.000000,3.000000,
0.041191,0.405304,0.344147,0.224513,0.007956,-208644.850749,3.022970,2195607.000000,1874874.000000,3722527.000000,334752.000000,1282372.000000,1952.000000,539.000000,1146.000000,164.000000,144.000000,453.000000,125.000000,266.000000,38.000000,33.000000,2784.000000,769.000000,1633.000000,233.000000,205.000000,15.000000,8.000000,18.000000,3.000000,5.000000,0.000000,6.000000,12.000000,2.000000,4.000000,0.000000,7.000000,15.000000,2.000000,5.000000,8097.000000,2266.000000,4820.000000,695.000000,601.000000,3.000000,
0.041191,0.405304,0.344147,0.224513,0.007956,-208644.850749,3.022970,2195607.000000,1874874.000000,3722527.000000,334752.000000,1282372.000000,1952.000000,539.000000,1146.000000,164.000000,144.000000,453.000000,125.000000,266.000000,38.000000,33.000000,2784.000000,769.000000,1633.000000,233.000000,205.000000,15.000000,8.000000,18.000000,3.000000,5.000000,0.000000,6.000000,12.000000,2.000000,4.000000,0.000000,7.000000,15.000000,2.000000,5.000000,8097.000000,2266.000000,4820.000000,695.000000,601.000000,3.000000,
0.041191,0.405304,0.344147,0.224513,0.007956,-208644.850749,3.022970,2195607.000000,1874874.000000,3722527.000000,334752.000000,1282372.000000,1952.000000,539.000000,1146.000000,164.000000,144.000000,453.000000,125.000000,266.000000,38.000000,33.000000,2784.000000,769.000000,1633.000000,233.000000,205.000000,15.000000,8.000000,18.000000,3.000000,5.000000,0.000000,6.000000,12.000000,2.000000,4.000000,0.000000,7.000000,15.000000,2.000000,5.000000,8097.000000,2266.000000,4820.000000,695.000000,601.000000,3.000000,
0.041191,0.405304,0.344147,0.224513,0.007956,-208644.850749,3.022970,2195607.000000,1874874.000000,3722527.000000,334752.000000,1282372.000000,1952.000000,539.000000,1146.000000,164.000000,144.000000,453.000000,125.000000,266.000000,38.000000,33.000000,2784.000000,769.000000,1633.000000,233.000000,205.000000,15.000000,8.000000,18.000000,3.000000,5.000000,0.000000,6.000000,12.000000,2.000000,4.000000,0.000000,7.000000,15.000000,2.000000,5.000000,8097.000000,2266.000000,4820.000000,695.000000,601.000000,3.000000,
0.041191,0.405304,0.344147,0.224513,0.007956,-208644.850749,3.022970,2195607.000000,1874874.000000,3722527.000000,334752.000000,1282372.000000,1952.000000,539.000000,1146.000000,164.000000,144.000000,453.000000,125.000000,266.000000,38.000000,33.000000,2784.000000,769.000000,1633.000000,233.000000,205.000000,15.000000,8.000000,18.000000,3.000000,5.000000,0.000000,6.000000,12.000000,2.000000,4.000000,0.000000,7.000000,15.000000,2.000000,5.000000,8097.000000,2266.000000,4820.000000,695.000000,601.000000,3.000000,
0.041191,0.405304,0.344147,0.224513,0.007956,-208644.850749,3.022970,2195607.000000,1874874.000000,3722527.000000,334752.000000,1282372.000000,1952.000000,539.000000,1146.000000,164.000000,144.000000,453.000000,125.000000,266.000000,38.000000,33.000000,2784.000000,769.000000,1633.000000,233.000000,205.000000,15.000000,8.000000,18.000000,3.000000,5.000000,0.000000,6.000000,12.000000,2.000000,4.000000,0.000000,7.000000,15.000000,2.000000,5.000000,8097.000000,2266.000000,4820.000000,695.000000,601.000000,3.000000,
0.041349,0.345958,0.337553,0.230637,0.008630,-208311.882133,3.022253,2195607.000000,1874874.000000,3722527.000000,334752.000000,1282372.000000,1952.000000,539.000000,1146.000000,164.000000,144.000000,453.000000,125.000000,266.000000,38.000000,33.000000,2784.000000,769.000000,1633.000000,233.000000,205.000000,15.000000,8.000000,18.000000,3.000000,5.000000,0.000000,6.000000,12.000000,2.000000,4.000000,0.000000,7.000000,15.000000,2.000000,5.000000,8097.000000,2266.000000,4820.000000,695.000000,601.000000,3.000000,
0.041349,0.345958,0.337553,0.230637,0.008630,-208311.882133,3.022253,2195607.000000,1874874.000000,3722527.000000,334752.000000,1282372.000000,1952.000000,539.000000,1146.000000,164.000000,144.000000,453.000000,125.000000,266.000000,38.000000,33.000000,2784.000000,769.000000,1633.000000,233.000000,205.000000,15.000000,8.000000,18.000000,3.000000,5.000000,0.000000,6.000000,12.000000,2.000000,4.000000,0.000000,7.000000,15.000000,2.000000,5.000000,8097.000000,2266.000000,4820.000000,695.000000,601.000000,3.000000,
0.041349,0.345958,0.337553,0.230637,0.008630,-208311.882133,3.022253,2195607.000000,1874874.000000,3722527.000000,334752.000000,1282372.000000,1952.000000,539.000000,1146.000000,164.000000,144.000000,453.000000,125.000000,266.000000,38.000000,33.000000,2784.000000,769.000000,1633.000000,233.000000,205.000000,15.000000,8.000000,18.000000,3.000000,5.000000,0.000000,6.000000,12.000000,2.000000,4.000000,0.000000,7.000000,15.000000,2.000000,5.000000,8097.000000,2266.000000,4820.000000,695.000000,601.000000,3.000000,
0.041349,0.345958,0.337553,0.230637,0.008630,-208311.882133,3.022253,2195607.000000,1874874.000000,3722527.000000,334752.000000,1282372.000000,1952.000000,539.000000,1146.000000,164.000000,144.000000,453.000000,125.000000,266.000000,38.000000,33.000000,2784.000000,769.000000,1633.000000,233.000000,205.000000,15.000000,8.000000,18.000000,3.000000,5.000000,0.000000,6.000000,12.000000,2.000000,4.000000,0.000000,7.000000,15.000000,2.000000,5.000000,8097.000000,2266.000000,4820.000000,695.000000,601.000000,3.000000,
0.041349,0.345958,0.337553,0.230637,0.008630,-208311.882133,3.022253,2195607.000000,1874874.000000,3722527.000000,334752.000000,1282372.000000,1952.000000,539.000000,1146.000000,164.000000,144.000000,453.000000,125.000000,266.000000,38.000000,33.000000,2784.000000,769.000000,1633.000000,233.000000,205.000000,15.000000,8.000000,18.000000,3.000000,5.000000,0.000000,6.000000,12.000000,2.000000,4.000000,0.000000,7.000000,15.000000,2.000000,5.000000,8097.000000,2266.000000,4820.000000,695.000000,601.000000,3.000000,
0.041349,0.345958,0.337553,0.230637,0.008630,-208311.882133,3.022253,2195607.000000,1874874.000000,3722527.000000,334752.000000,1282372.000000,1952.000000,539.000000,1146.000000,164.000000,144.000000,453.000000,125.000000,266.000000,38.000000,33.000000,2784.000000,769.000000,1633.000000,233.000000,205.000000,15.000000,8.000000,18.000000,3.000000,5.000000,0.000000,6.000000,12.000000,2.000000,4.000000,0.000000,7.000000,15.000000,2.000000,5.000000,8097.000000,2266.000000,4820.000000,695.000000,601.000000,3.000000,
0.041349,0.345958,0.337553,0.230637,0.008630,-208311.882133,3.022253,2195607.000000,1874874.000000,3722527.000000,334752.000000,1282372.000000,1952.000000,539.000000,1146.000000,164.000000,144.000000,453.000000,125.000000,266.000000,38.000000,33.000000,2784.000000,769.000000,1633.000000,233.000000,205.000000,15.000000,8.000000,18.000000,3.000000,5.000000,0.000000,6.000000,12.000000,2.000000,4.000000,0.000000,7.000000,15.000000,2.000000,5.000000,8097.000000,2266.000000,4820.000000,695.000000,601.000000,3.000000,
0.041349,0.345958,0.337553,0.230637,0.008630,-208311.882133,3.022253,2195607.000000,1874874.000000,3722527.000000,334752.000000,1282372.000000,1952.000000,539.000000,1146.000000,164.000000,144.000000,453.000000,125.000000,266.000000,38.000000,33.000000,2784.000000,769.000000,1633.000000,233.000000,205.000000,15.000000,8.000000,18.000000,3.000000,5.000000,0.000000,6.000000,12.000000,2.000000,4.000000,0.000000,7.000000,15.000000,2.000000,5.000000,8097.000000,2266.000000,4820.000000,695.000000,601.000000,3.000000,
0.041349,0.345958,0.337553,0.230637,0.008630,-208311.882133,3.022253,2195607.000000,1874874.000000,3722527.000000,334752.000000,1282372.000000,1952.000000,539.000000,1146.000000,164.000000,144.000000,453.000000,125.000000,266.000000,38.000000,33.000000,2784.000000,769.000000,1633.000000,233.000000,205.000000,15.000000,8.000000,18.000000,3.000000,5.000000,0.000000,6.000000,12.000000,2.000000,4.000000,0.000000,7.000000,15.000000,2.000000,5.000000,8097.000000,2266.000000,4820.000000,695.000000,601.000000,3.000000,
0.041349,0.345958,0.337553,0.230637,0.008630,-208311.882133,3.022253,2195607.000000,1874874.000000,3722527.000000,334752.000000,1282372.000000,1952.000000,539.000000,1146.000000,164.000000,144.000000,453.000000,125.000000,266.000000,38.000000,33.000000,2784.000000,769.000000,1633.000000,233.000000,205.000000,15.000000,8.000000,18.000000,3.000000,5.000000,0.000000,6.000000,12.000000,2.000000,4.000000,0.000000,7.000000,15.000000,2.000000,5.000000,8097.000000,2266.000000,4820.000000,695.000000,601.000000,3.000000,
0.041309,0.382659,0.338401,0.246703,0.007946,-208354.538923,3.020971,2195607.000000,1874874.000000,3722527.000000,334752.000000,1282372.000000,1952.000000,539.000000,1146.000000,164.000000,144.000000,453.000000,125.000000,266.000000,38.000000,33.000000,2784.000000,769.000000,1633.000000,233.000000,205.000000,15.000000,8.000000,18.000000,3.000000,5.000000,0.000000,6.000000,12.000000,2.000000,4.000000,0.000000,7.000000,15.000000,2.000000,5.000000,8097.000000,2266.000000,4820.000000,695.000000,601.000000,3.000000,
0.041249,0.288255,0.337052,0.271365,0.010624,-208286.480521,3.014061,2195607.000000,1874874.000000,3722527.000000,334752.000000,1282372.000000,1952.000000,539.000000,1146.000000,164.000000,144.000000,453.000000,125.000000,266.000000,38.000000,33.000000,2784.000000,769.000000,1633.000000,233.000000,205.000000,15.000000,8.000000,18.000000,3.000000,5.000000,0.000000,6.000000,12.000000,2.000000,4.000000,0.000000,7.000000,15.000000,2.000000,5.000000,8097.000000,2266.000000,4820.000000,695.000000,601.000000,3.000000,
0.041249,0.288255,0.337052,0.271365,0.010624,-208286.480521,3.014061,2195607.000000,1874874.000000,3722527.000000,334752.000000,1282372.000000,1952.000000,539.000000,1146.000000,164.000000,144.000000,453.000000,125.000000,266.000000,38.000000,33.000000,2784.000000,769.000000,1633.000000,233.000000,205.000000,15.000000,8.000000,18.000000,3.000000,5.000000,0.000000,6.000000,12.000000,2.000000,4.000000,0.000000,7.000000,15.000000,2.000000,5.000000,8097.000000,2266.000000,4820.000000,695.000000,601.000000,3.000000,
0.041249,0.288255,0.337052,0.271365,0.010624,-208286.480521,3.014061,2195607.000000,1874874.000000,3722527.000000,334752.000000,1282372.000000,1952.000000,539.000000,1146.000000,164.000000,144.000000,453.000000,125.000000,266.000000,38.000000,33.000000,2784.000000,769.000000,1633.000000,233.000000,205.000000,15.000000,8.000000,18.000000,3.000000,5.000000,0.000000,6.000000,12.000000,2.000000,4.000000,0.000000,7.000000,15.000000,2.000000,5.000000,8097.000000,2266.000000,4820.000000,695.000000,601.000000,3.000000,
0.041249,0.288255,0.337052,0.271365,0.010624,-208286.480521,3.014061,2195607.000000,1874874.000000,3722527.000000,334752.000000,1282372.000000,1952.000000,539.000000,1146.000000,164.000000,144.000000,453.000000,125.000000,266.000000,38.000000,33.000000,2784.000000,769.000000,1633.000000,233.000000,205.000000,15.000000,8.000000,18.000000,3.000000,5.000000,0.000000,6.000000,12.000000,2.000000,4.000000,0.000000,7.000000,15.000000,2.000000,5.000000,8097.000000,2266.000000,4820.000000,695.000000,601.000000,3.000000,
0.041261,0.414051,0.333780,0.263291,0.016567,-208122.273763,3.008805,2195607.000000,1874874.000000,3722527.000000,334752.000000,1282372.000000,1952.000000,539.000000,1146.000000,164.000000,144.000000,453.000000,125.000000,266.000000,38.000000,33.000000,2784.000000,769.000000,1633.000000,233.000000,205.000000,15.000000,8.000000,18.000000,3.000000,5.000000,0.000000,6.000000,12.000000,2.000000,4.000000,0.000000,7.000000,15.000000,2.000000,5.000000,8097.000000,2266.000000,4820.000000,695.000000,601.000000,3.000000,
0.041261,0.414051,0.333780,0.263291,0.016567,-208122.273763,3.008805,2195607.000000,1874874.000000,3722527.000000,334752.000000,1282372.000000,1952.000000,539.000000,1146.000000,164.000000,144.000000,453.000000,125.000000,266.000000,38.000000,33.000000,2784.000000,769.000000,1633.000000,233.000000,205.000000,15.000000,8.000000,18.000000,3.000000,5.000000,0.000000,6.000000,12.000000,2.000000,4.000000,0.000000,7.000000,15.000000,2.000000,5.000000,8097.000000,2266.000000,4820.000000,695.000000,601.000000,3.000000,
0.041261,0.414051,0.333780,0.263291,0.016567,-208122.273763,3.008805,2195607.000000,1874874.000000,3722527.000000,334752.000000,1282372.000000,1952.000000,539.000000,1146.000000,164.000000,144.000000,453.000000,125.000000,266.000000,38.000000,33.000000,2784.000000,769.000000,1633.000000,233.000000,205.000000,15.000000,8.000000,18.000000,3.000000,5.000000,0.000000,6.000000,12.000000,2.000000,4.000000,0.000000,7.000000,15.000000,2.000000,5.000000,8097.000000,2266.000000,4820.000000,695.000000,601.000000,3.000000,
0.041261,0.414051,0.333780,0.263291,0.016567,-208122.273763,3.008805,2195607.000000,1874874.000000,3722527.000000,334752.000000,1282372.000000,1952.000000,539.000000,1146.000000,164.000000,144.000000,453.000000,125.000000,266.000000,38.000000,33.000000,2784.000000,769.000000,1633.000000,233.000000,205.000000,15.000000,8.000000,18.000000,3.000000,5.000000,0.000000,6.000000,12.000000,2.000000,4.000000,0.000000,7.000000,15.000000,2.000000,5.000000,8097.000000,2266.000000,4820.000000,695.000000,601.000000,3.000000,
0.041261,0.414051,0.333780,0.263291,0.016567,-208122.273763,3.008805,2195607.000000,1874874.000000,3722527.000000,334752.000000,1282372.000000,1952.000000,539.000000,1146.000000,164.000000,144.000000,453.000000,125.000000,266.000000,38.000000,33.000000,2784.000000,769.000000,1633.000000,233.000000,205.000000,15.000000,8.000000,18.000000,3.000000,5.000000,0.000000,6.000000,12.000000,2.000000,4.000000,0.000000,7.000000,15.000000,2.000000,5.000000,8097.000000,2266.000000,4820.000000,695.000000,601.000000,3.000000,
0.041261,0.414051,0.333780,0.263291,0.016567,-208122.273763,3.008805,2195607.000000,1874874.000000,3722527.000000,334752.000000,1282372.000000,1952.000000,539.000000,1146.000000,164.000000,144.000000,453.000000,125.000000,266.000000,38.000000,33.000000,2784.000000,769.000000,1633.000000,233.000000,205.000000,15.000000,8.000000,18.000000,3.000000,5.000000,0.000000,6.000000,12.000000,2.000000,4.000000,0.000000,7.000000,15.000000,2.000000,5.000000,8097.000000,2266.000000,4820.000000,695.000000,601.000000,3.000000,
0.041261,0.414051,0.333780,0.263291,0.016567,-208122.273763,3.008805,2195607.000000,1874874.000000,3722527.000000,334752.000000,1282372.000000,1952.000000,539.000000,1146.000000,164.000000,144.000000,453.000000,125.000000,266.000000,38.000000,33.000000,2784.000000,769.000000,1633.000000,233.000000,205.000000,15.000000,8.000000,18.000000,3.000000,5.000000,0.000000,6.000000,12.000000,2.000000,4.000000,0.000000,7.000000,15.000000,2.000000,5.000000,8097.000000,2266.000000,4820.000000,695.000000,601.000000,3.000000,
0.041261,0.414051,0.333780,0.263291,0.016567,-208122.273763,3.008805,2195607.000000,1874874.000000,3722527.000000,334752.000000,1282372.000000,1952.000000,539.000000,1146.000000,164.000000,144.000000,453.000000,125.000000,266.000000,38.000000,33.000000,2784.000000,769.000000,1633.000000,233.000000,205.000000,15.000000,8.000000,18.000000,3.000000,5.000000,0.000000,6.000000,12.000000,2.000000,4.000000,0.000000,7.000000,15.000000,2.000000,5.000000,8097.000000,2266.000000,4820.000000,695.000000,601.000000,3.000000,
0.041198,0.223463,0.334647,0.249565,0.021601,-208165.617469,3.005845,2195607.000000,1874874.000000,3722527.000000,334752.000000,1282372.000000,1952.000000,539.000000,1146.000000,164.000000,144.000000,453.000000,125.000000,266.000000,38.000000,33.000000,2784.000000,769.000000,1633.000000,233.000000,205.000000,15.000000,8.000000,18.000000,3.000000,5.000000,0.000000,6.000000,12.000000,2.000000,4.000000,0.000000,7.000000,15.000000,2.000000,5.000000,8097.000000,2266.000000,4820.000000,695.000000,601.000000,3.000000,
0.041189,0.249654,0.337656,0.256612,0.015388,-208316.776279,3.010783,2195607.000000,1874874.000000,3722527.000000,334752.000000,1282372.000000,1952.000000,539.000000,1146.000000,164.000000,144.000000,453.000000,125.000000,266.000000,38.000000,33.000000,2784.000000,769.000000,1633.000000,233.000000,205.000000,15.000000,8.000000,18.000000,3.000000,5.000000,0.000000,6.000000,12.000000,2.000000,4.000000,0.000000,7.000000,15.000000,2.000000,5.000000,8097.000000,2266.000000,4820.000000,695.000000,601.000000,3.000000,
0.041189,0.249654,0.337656,0.256612,0.015388,-208316.776279,3.010783,2195607.000000,1874874.000000,3722527.000000,334752.000000,1282372.000000,1952.000000,539.000000,1146.000000,164.000000,144.000000,453.000000,125.000000,266.000000,38.000000,33.000000,2784.000000,769.000000,1633.000000,233.000000,205.000000,15.000000,8.000000,18.000000,3.000000,5.000000,0.000000,6.000000,12.000000,2.000000,4.000000,0.000000,7.000000,15.000000,2.000000,5.000000,8097.000000,2266.000000,4820.000000,695.000000,601.000000,3.000000,
0.041189,0.249654,0.337656,0.256612,0.015388,-208316.776279,3.010783,2195607.000000,1874874.000000,3722527.000000,334752.000000,1282372.000000,1952.000000,539.000000,1146.000000,164.000000,144.000000,453.000000,125.000000,266.000000,38.000000,33.000000,2784.000000,769.000000,1633.000000,233.000000,205.000000,15.000000,8.000000,18.000000,3.000000,5.000000,0.000000,6.000000,12.000000,2.000000,4.000000,0.000000,7.000000,15.000000,2.000000,5.000000,8097.000000,2266.000000,4820.000000,695.000000,601.000000,3.000000,
0.041189,0.249654,0.337656,0.256612,0.015388,-208316.776279,3.010783,2195607.000000,1874874.000000,3722527.000000,334752.000000,1282372.000000,1952.000000,539.000000,1146.000000,164.000000,144.000000,453.000000,125.000000,266.000000,38.000000,33.000000,2784.000000,769.000000,1633.000000,233.000000,205.000000,15.000000,8.000000,18.000000,3.000000,5.000000,0.000000,6.000000,12.000000,2.000000,4.000000,0.000000,7.000000,15.000000,2.000000,5.000000,8097.000000,2266.000000,4820.000000,695.000000,601.000000,3.000000,
0.041105,0.272617,0.343364,0.273410,0.012098,-208604.956313,3.015211,2195607.000000,1874874.000000,3722527.000000,334752.000000,1282372.000000,1952.000000,539.000000,1146.000000,164.000000,144.000000,453.000000,125.000000,266.000000,38.000000,33.000000,2784.000000,769.000000,1633.000000,233.000000,205.000000,15.000000,8.000000,18.000000,3.000000,5.000000,0.000000,6.000000,12.000000,2.000000,4.000000,0.000000,7.000000,15.000000,2.000000,5.000000,8097.000000,2266.000000,4820.000000,695.000000,601.000000,3.000000,
0.041105,0.272617,0.343364,0.273410,0.012098,-208604.956313,3.015211,2195607.000000,1874874.000000,3722527.000000,334752.000000,1282372.000000,1952.000000,539.000000,1146.000000,164.000000,144.000000,453.000000,125.000000,266.000000,38.000000,33.000000,2784.000000,769.000000,1633.000000,233.000000,205.000000,15.000000,8.000000,18.000000,3.000000,5.000000,0.000000,6.000000,12.000000,2.000000,4.000000,0.000000,7.000000,15.000000,2.000000,5.000000,8097.000000,2266.000000,4820.000000,695.000000,601.000000,3.000000,
0.041105,0.272617,0.343364,0.273410,0.012098,-208604.956313,3.015211,2195607.000000,1874874.000000,3722527.000000,334752.000000,1282372.000000,1952.000000,539.000000,1146.000000,164.000000,144.000000,453.000000,125.000000,266.000000,38.000000,33.000000,2784.000000,769.000000,1633.000000,233.000000,205.000000,15.000000,8.000000,18.000000,3.000000,5.000000,0.000000,6.000000,12.000000,2.000000,4.000000,0.000000,7.000000,15.000000,2.000000,5.000000,8097.000000,2266.000000,4820.000000,695.000000,601.000000,3.000000,
0.041105,0.272617,0.343364,0.273410,0.012098,-208604.956313,3.015211,2195607.000000,1874874.000000,3722527.000000,334752.000000,1282372.000000,1952.000000,539.000000,1146.000000,164.000000,144.000000,453.000000,125.000000,266.000000,38.000000,33.000000,2784.000000,769.000000,1633.000000,233.000000,205.000000,15.000000,8.000000,18.000000,3.000000,5.000000,0.000000,6.000000,12.000000,2.000000,4.000000,0.000000,7.000000,15.000000,2.000000,5.000000,8097.000000,2266.000000,4820.000000,695.000000,601.000000,3.000000,
0.041105,0.272617,0.343364,0.273410,0.012098,-208604.956313,3.015211,2195607.000000,1874874.000000,3722527.000000,334752.000000,1282372.000000,1952.000000,539.000000,1146.000000,164.000000,144.000000,453.000000,125.000000,266.000000,38.000000,33.000000,2784.000000,769.000000,1633.000000,233.000000,205.000000,15.000000,8.000000,18.000000,3.000000,5.000000,0.000000,6.000000,12.000000,2.000000,4.000000,0.000000,7.000000,15.000000,2.000000,5.000000,8097.000000,2266.000000,4820.000000,695.000000,601.000000,3.000000,
0.041105,0.272617,0.343364,0.273410,0.012098,-208604.956313,3.015211,2195607.000000,1874874.000000,3722527.000000,334752.000000,1282372.000000,1952.000000,539.000000,1146.000000,164.000000,144.000000,453.000000,125.000000,266.000000,38.000000,33.000000,2784.000000,769.000000,1633.000000,233.000000,205.000000,15.000000,8.000000,18.000000,3.000000,5.000000,0.000000,6.000000,12.000000,2.000000,4.000000,0.000000,7.000000,15.000000,2.000000,5.000000,8097.000000,2266.000000,4820.000000,695.000000,601.000000,3.000000,
0.041105,0.272617,0.343364,0.273410,0.012098,-208604.956313,3.015211,2195607.000000,1874874.000000,3722527.000000,334752.000000,1282372.000000,1952.000000,539.000000,1146.000000,164.000000,144.000000,453.000000,125.000000,266.000000,38.000000,33.000000,2784.000000,769.000000,1633.000000,233.000000,205.000000,15.000000,8.000000,18.000000,3.000000,5.000000,0.000000,6.000000,12.000000,2.000000,4.000000,0.000000,7.000000,15.000000,2.000000,5.000000,8097.000000,2266.000000,4820.000000,695.000000,601.000000,3.000000,
0.041105,0.272617,0.343364,0.273410,0.012098,-208604.956313,3.015211,2195607.000000,1874874.000000,3722527.000000,334752.000000,1282372.000000,1952.000000,539.000000,1146.000000,164.000000,144.000000,453.000000,125.000000,266.000000,38.000000,33.000000,2784.000000,769.000000,1633.000000,233.000000,205.000000,15.000000,8.000000,18.000000,3.000000,5.000000,0.000000,6.000000,12.000000,2.000000,4.000000,0.000000,7.000000,15.000000,2.000000,5.000000,8097.000000,2266.000000,4820.000000,695.000000,601.000000,3.000000,
0.041105,0.272617,0.343364,0.273410,0.012098,-208604.956313,3.015211,2195607.000000,1874874.000000,3722527.000000,334752.000000,1282372.000000,1952.000000,539.000000,1146.000000,164.000000,144.000000,453.000000,125.000000,266.000000,38.000000,33.000000,2784.000000,769.000000,1633.000000,233.000000,205.000000,15.000000,8.000000,18.000000,3.000000,5.000000,0.000000,6.000000,12.000000,2.000000,4.000000,0.000000,7.000000,15.000000,2.000000,5.000000,8097.000000,2266.000000,4820.000000,695.000000,601.000000,3.000000,
0.041105,0.272617,0.343364,0.273410,0.012098,-208604.956313,3.015211,2195607.000000,1874874.000000,3722527.000000,334752.000000,1282372.000000,1952.000000,539.000000,1146.000000,164.000000,144.000000,453.000000,125.000000,266.000000,38.000000,33.000000,2784.000000,769.000000,1633.000000,233.000000,205.000000,15.000000,8.000000,18.000000,3.000000,5.000000,0.000000,6.000000,12.000000,2.000000,4.000000,0.000000,7.000000,15.000000,2.000000,5.000000,8097.000000,2266.000000,4820.000000,695.000000,601.000000,3.000000,
0.041105,0.272617,0.343364,0.273410,0.012098,-208604.956313,3.015211,2195607.000000,1874874.000000,3722527.000000,334752.000000,1282372.000000,1952.000000,539.000000,1146.000000,164.000000,144.000000,453.000000,125.000000,266.000000,38.000000,33.000000,2784.000000,769.000000,1633.000000,233.000000,205.000000,15.000000,8.000000,18.000000,3.000000,5.000000,0.000000,6.000000,12.000000,2.000000,4.000000,0.000000,7.000000,15.000000,2.000000,5.000000,8097.000000,2266.000000,4820.000000,695.000000,601.000000,3.000000,
0.041105,0.272617,0.343364,0.273410,0.012098,-208604.956313,3.015211,2195607.000000,1874874.000000,3722527.000000,334752.000000,1282372.000000,1952.000000,539.000000,1146.000000,164.000000,144.000000,453.000000,125.000000,266.000000,38.000000,33.000000,2784.000000,769.000000,1633.000000,233.000000,205.000000,15.000000,8.000000,18.000000,3.000000,5.000000,0.000000,6.000000,12.000000,2.000000,4.000000,0.000000,7.000000,15.000000,2.000000,5.000000,8097.000000,2266.000000,4820.000000,695.000000,601.000000,3.000000,
0.041105,0.272617,0.343364,0.273410,0.012098,-208604.956313,3.015211,2195607.000000,1874874.000000,3722527.000000,334752.000000,1282372.000000,1952.000000,539.000000,1146.000000,164.000000,144.000000,453.000000,125.000000,266.000000,38.000000,33.000000,2784.000000,769.000000,1633.000000,233.000000,205.000000,15.000000,8.000000,18.000000,3.000000,5.000000,0.000000,6.000000,12.000000,2.000000,4.000000,0.000000,7.000000,15.000000,2.000000,5.000000,8097.000000,2266.000000,4820.000000,695.000000,601.000000,3.000000,
0.041105,0.272617,0.343364,0.273410,0.012098,-208604.956313,3.015211,2195607.000000,1874874.000000,3722527.000000,334752.000000,1282372.000000,1952.000000,539.000000,1146.000000,164.000000,144.000000,453.000000,125.000000,266.000000,38.000000,33.000000,2784.000000,769.000000,1633.000000,233.000000,205.000000,15.000000,8.000000,18.000000,3.000000,5.000000,0.000000,6.000000,12.000000,2.000000,4.000000,0.000000,7.000000,15.000000,2.000000,5.000000,8097.000000,2266.000000,4820.000000,695.000000,601.000000,3.000000,
0.041105,0.272617,0.343364,0.273410,0.012098,-208604.956313,3.015211,2195607.000000,1874874.000000,3722527.000000,334752.000000,1282372.000000,1952.000000,539.000000,1146.000000,164.000000,144.000000,453.000000,125.000000,266.000000,38.000000,33.000000,2784.000000,769.000000,1633.000000,233.000000,205.000000,15.000000,8.000000,18.000000,3.000000,5.000000,0.000000,6.000000,12.000000,2.000000,4.000000,0.000000,7.000000,15.000000,2.000000,5.000000,8097.000000,2266.000000,4820.000000,695.000000,601.000000,3.000000,
0.041105,0.272617,0.343364,0.273410,0.012098,-208604.956313,3.015211,2195607.000000,1874874.000000,3722527.000000,334752.000000,1282372.000000,1952.000000,539.000000,1146.000000,164.000000,144.000000,453.000000,125.000000,266.000000,38.000000,33.000000,2784.000000,769.000000,1633.000000,233.000000,205.000000,15.000000,8.000000,18.000000,3.000000,5.000000,0.000000,6.000000,12.000000,2.000000,4.000000,0.000000,7.000000,15.000000,2.000000,5.000000,8097.000000,2266.000000,4820.000000,695.000000,601.000000,3.000000,
0.041105,0.272617,0.343364,0.273410,0.012098,-208604.956313,3.015211,2195607.000000,1874874.000000,3722527.000000,334752.000000,1282372.000000,1952.000000,539.000000,1146.000000,164.000000,144.000000,453.000000,125.000000,266.000000,38.000000,33.000000,2784.000000,769.000000,1633.000000,233.000000,205.000000,15.000000,8.000000,18.000000,3.000000,5.000000,0.000000,6.000000,12.000000,2.000000,4.000000,0.000000,7.000000,15.000000,2.000000,5.000000,8097.000000,2266.000000,4820.000000,695.000000,601.000000,3.000000,
0.041105,0.272617,0.343364,0.273410,0.012098,-208604.956313,3.015211,2195607.000000,1874874.000000,3722527.000000,334752.000000,1282372.000000,1952.000000,539.000000,1146.000000,164.000000,144.000000,453.000000,125.000000,266.000000,38.000000,33.000000,2784.000000,769.000000,1633.000000,233.000000,205.000000,15.000000,8.000000,18.000000,3.000000,5.000000,0.000000,6.000000,12.000000,2.000000,4.000000,0.000000,7.000000,15.000000,2.000000,5.000000,8097.000000,2266.000000,4820.000000,695.000000,601.000000,3.000000,
0.041074,0.365526,0.344055,0.238609,0.015796,-208639.974048,3.014220,2195607.000000,1874874.000000,3722527.000000,334752.000000,1282372.000000,1952.000000,539.000000,1146.000000,164.000000,144.000000,453.000000,125.000000,266.000000,38.000000,33.000000,2784.000000,769.000000,1633.000000,233.000000,205.000000,15.000000,8.000000,18.000000,3.000000,5.000000,0.000000,6.000000,12.000000,2.000000,4.000000,0.000000,7.000000,15.000000,2.000000,5.000000,8097.000000,2266.000000,4820.000000,695.000000,601.000000,3.000000,
0.041074,0.365526,0.344055,0.238609,0.015796,-208639.974048,3.014220,2195607.000000,1874874.000000,3722527.000000,334752.000000,1282372.000000,1952.000000,539.000000,1146.000000,164.000000,144.000000,453.000000,125.000000,266.000000,38.000000,33.000000,2784.000000,769.000000,1633.000000,233.000000,205.000000,15.000000,8.000000,18.000000,3.000000,5.000000,0.000000,6.000000,12.000000,2.000000,4.000000,0.000000,7.000000,15.000000,2.000000,5.000000,8097.000000,2266.000000,4820.000000,695.000000,601.000000,3.000000,
0.041074,0.365526,0.344055,0.238609,0.015796,-208639.974048,3.014220,2195607.000000,1874874.000000,3722527.000000,334752.000000,1282372.000000,1952.000000,539.000000,1146.000000,164.000000,144.000000,453.000000,125.000000,266.000000,38.000000,33.000000,2784.000000,769.000000,1633.000000,233.000000,205.000000,15.000000,8.000000,18.000000,3.000000,5.000000,0.000000,6.000000,12.000000,2.000000,4.000000,0.000000,7.000000,15.000000,2.000000,5.000000,8097.000000,2266.000000,4820.000000,695.000000,601.000000,3.000000,
0.041074,0.365526,0.344055,0.238609,0.015796,-208639.974048,3.014220,2195607.000000,1874874.000000,3722527.000000,334752.000000,1282372.000000,1952.000000,539.000000,1146.000000,164.000000,144.000000,453.000000,125.000000,266.000000,38.000000,33.000000,2784.000000,769.000000,1633.000000,233.000000,205.000000,15.000000,8.000000,18.000000,3.000000,5.000000,0.000000,6.000000,12.000000,2.000000,4.000000,0.000000,7.000000,15.000000,2.000000,5.000000,8097.000000,2266.000000,4820.000000,695.000000,601.000000,3.000000,
0.041074,0.365526,0.344055,0.238609,0.015796,-208639.974048,3.014220,2195607.000000,1874874.000000,3722527.000000,334752.000000,1282372.000000,1952.000000,539.000000,1146.000000,164.000000,144.000000,453.000000,125.000000,266.000000,38.000000,33.000000,2784.000000,769.000000,1633.000000,233.000000,205.000000,15.000000,8.000000,18.000000,3.000000,5.000000,0.000000,6.000000,12.000000,2.000000,4.000000,0.000000,7.000000,15.000000,2.000000,5.000000,8097.000000,2266.000000,4820.000000,695.000000,601.000000,3.000000,
0.041074,0.365526,0.344055,0.238609,0.015796,-208639.974048,3.014220,2195607.000000,1874874.000000,3722527.000000,334752.000000,1282372.000000,1952.000000,539.000000,1146.000000,164.000000,144.000000,453.000000,125.000000,266.000000,38.000000,33.000000,2784.000000,769.000000,1633.000000,233.000000,205.000000,15.000000,8.000000,18.000000,3.000000,5.000000,0.000000,6.000000,12.000000,2.000000,4.000000,0.000000,7.000000,15.000000,2.000000,5.000000,8097.000000,2266.000000,4820.000000,695.000000,601.000000,3.000000,
0.041074,0.365526,0.344055,0.238609,0.015796,-208639.974048,3.014220,2195607.000000,1874874.000000,3722527.000000,334752.000000,1282372.000000,1952.000000,539.000000,1146.000000,164.000000,144.000000,453.000000,125.000000,266.000000,38.000000,33.000000,2784.000000,769.000000,1633.000000,233.000000,205.000000,15.000000,8.000000,18.000000,3.000000,5.000000,0.000000,6.000000,12.000000,2.000000,4.000000,0.000000,7.000000,15.000000,2.000000,5.000000,8097.000000,2266.000000,4820.000000,695.000000,601.000000,3.000000,
0.041074,0.365526,0.344055,0.238609,0.015796,-208639.974048,3.014220,2195607.000000,1874874.000000,3722527.000000,334752.000000,1282372.000000,1952.000000,539.000000,1146.000000,164.000000,144.000000,453.000000,125.000000,266.000000,38.000000,33.000000,2784.000000,769.000000,1633.000000,233.000000,205.000000,15.000000,8.000000,18.000000,3.000000,5.000000,0.000000,6.000000,12.000000,2.000000,4.000000,0.000000,7.000000,15.000000,2.000000,5.000000,8097.000000,2266.000000,4820.000000,695.000000,601.000000,3.000000,
0.041074,0.365526,0.344055,0.238609,0.015796,-208639.974048,3.014220,2195607.000000,1874874.000000,3722527.000000,334752.000000,1282372.000000,1952.000000,539.000000,1146.000000,164.000000,144.000000,453.000000,125.000000,266.000000,38.000000,33.000000,2784.000000,769.000000,1633.000000,233.000000,205.000000,15.000000,8.000000,18.000000,3.000000,5.000000,0.000000,6.000000,12.000000,2.000000,4.000000,0.000000,7.000000,15.000000,2.000000,5.000000,8097.000000,2266.000000,4820.000000,695.000000,601.000000,3.000000,
0.041074,0.365526,0.344055,0.238609,0.015796,-208639.974048,3.014220,2195607.000000,1874874.000000,3722527.000000,334752.000000,1282372.000000,1952.000000,539.000000,1146.000000,164.000000,144.000000,453.000000,125.000000,266.000000,38.000000,33.000000,2784.000000,769.000000,1633.000000,233.000000,205.000000,15.000000,8.000000,18.000000,3.000000,5.000000,0.000000,6.000000,12.000000,2.000000,4.000000,0.000000,7.000000,15.000000,2.000000,5.000000,8097.000000,2266.000000,4820.000000,695.000000,601.000000,3.000000,
0.041074,0.365526,0.344055,0.238609,0.015796,-208639.974048,3.014220,2195607.000000,1874874.000000,3722527.000000,334752.000000,1282372.000000,1952.000000,539.000000,1146.000000,164.000000,144.000000,453.000000,125.000000,266.000000,38.000000,33.000000,2784.000000,769.000000,1633.000000,233.000000,205.000000,15.000000,8.000000,18.000000,3.000000,5.000000,0.000000,6.000000,12.000000,2.000000,4.000000,0.000000,7.000000,15.000000,2.000000,5.000000,8097.000000,2266.000000,4820.000000,695.000000,601.000000,3.000000,
0.041074,0.365526,0.344055,0.238609,0.015796,-208639.974048,3.014220,2195607.000000,1874874.000000,3722527.000000,334752.000000,1282372.000000,1952.000000,539.000000,1146.000000,164.000000,144.000000,453.000000,125.000000,266.000000,38.000000,33.000000,2784.000000,769.000000,1633.000000,233.000000,205.000000,15.000000,8.000000,18.000000,3.000000,5.000000,0.000000,6.000000,12.000000,2.000000,4.000000,0.000000,7.000000,15.000000,2.000000,5.000000,8097.000000,2266.000000,4820.000000,695.000000,601.000000,3.000000,
0.041072,0.627211,0.342265,0.284063,0.009333,-208549.224137,3.010796,2195607.000000,1874874.000000,3722527.000000,334752.000000,1282372.000000,1952.000000,539.000000,1146.000000,164.000000,144.000000,453.000000,125.000000,266.000000,38.000000,33.000000,2784.000000,769.000000,1633.000000,233.000000,205.000000,15.000000,8.000000,18.000000,3.000000,5.000000,0.000000,6.000000,12.000000,2.000000,4.000000,0.000000,7.000000,15.000000,2.000000,5.000000,8097.000000,2266.000000,4820.000000,695.000000,601.000000,3.000000,
0.041072,0.627211,0.342265,0.284063,0.009333,-208549.224137,3.010796,2195607.000000,1874874.000000,3722527.000000,334752.000000,1282372.000000,1952.000000,539.000000,1146.000000,164.000000,144.000000,453.000000,125.000000,266.000000,38.000000,33.000000,2784.000000,769.000000,1633.000000,233.000000,205.000000,15.000000,8.000000,18.000000,3.000000,5.000000,0.000000,6.000000,12.000000,2.000000,4.000000,0.000000,7.000000,15.000000,2.000000,5.000000,8097.000000,2266.000000,4820.000000,695.000000,601.000000,3.000000,
0.041072,0.627211,0.342265,0.284063,0.009333,-208549.224137,3.010796,2195607.000000,1874874.000000,3722527.000000,334752.000000,1282372.000000,1952.000000,539.000000,1146.000000,164.000000,144.000000,453.000000,125.000000,266.000000,38.000000,33.000000,2784.000000,769.000000,1633.000000,233.000000,205.000000,15.000000,8.000000,18.000000,3.000000,5.000000,0.000000,6.000000,12.000000,2.000000,4.000000,0.000000,7.000000,15.000000,2.000000,5.000000,8097.000000,2266.000000,4820.000000,695.000000,601.000000,3.000000,
0.041072,0.627211,0.342265,0.284063,0.009333,-208549.224137,3.010796,2195607.000000,1874874.000000,3722527.000000,334752.000000,1282372.000000,1952.000000,539.000000,1146.000000,164.000000,144.000000,453.000000,125.000000,266.000000,38.000000,33.000000,2784.000000,769.000000,1633.000000,233.000000,205.000000,15.000000,8.000000,18.000000,3.000000,5.000000,0.000000,6.000000,12.000000,2.000000,4.000000,0.000000,7.000000,15.000000,2.000000,5.000000,8097.000000,2266.000000,4820.000000,695.000000,601.000000,3.000000,
0.041072,0.627211,0.342265,0.284063,0.009333,-208549.224137,3.010796,2195607.000000,1874874.000000,3722527.000000,334752.000000,1282372.000000,1952.000000,539.000000,1146.000000,164.000000,144.000000,453.000000,125.000000,266.000000,38.000000,33.000000,2784.000000,769.000000,1633.000000,233.000000,205.000000,15.000000,8.000000,18.000000,3.000000,5.000000,0.000000,6.000000,12.000000,2.000000,4.000000,0.000000,7.000000,15.000000,2.000000,5.000000,8097.000000,2266.000000,4820.000000,695.000000,601.000000,3.000000,
0.041072,0.627211,0.342265,0.284063,0.009333,-208549.224137,3.010796,2195607.000000,1874874.000000,3722527.000000,334752.000000,1282372.000000,1952.000000,539.000000,1146.000000,164.000000,144.000000,453.000000,125.000000,266.000000,38.000000,33.000000,2784.000000,769.000000,1633.000000,233.000000,205.000000,15.000000,8.000000,18.000000,3.000000,5.000000,0.000000,6.000000,12.000000,2.000000,4.000000,0.000000,7.000000,15.000000,2.000000,5.000000,8097.000000,2266.000000,4820.000000,695.000000,601.000000,3.000000,
0.041113,0.761671,0.342543,0.278356,0.006706,-208563.373630,3.014271,2195607.000000,1874874.000000,3722527.000000,334752.000000,1282372.000000,1952.000000,539.000000,1146.000000,164.000000,144.000000,453.000000,125.000000,266.000000,38.000000,33.000000,2784.000000,769.000000,1633.000000,233.000000,205.000000,15.000000,8.000000,18.000000,3.000000,5.000000,0.000000,6.000000,12.000000,2.000000,4.000000,0.000000,7.000000,15.000000,2.000000,5.000000,8097.000000,2266.000000,4820.000000,695.000000,601.000000,3.000000,
0.041113,0.761671,0.342543,0.278356,0.006706,-208563.373630,3.014271,2195607.000000,1874874.000000,3722527.000000,334752.000000,1282372.000000,1952.000000,539.000000,1146.000000,164.000000,144.000000,453.000000,125.000000,266.000000,38.000000,33.000000,2784.000000,769.000000,1633.000000,233.000000,205.000000,15.000000,8.000000,18.000000,3.000000,5.000000,0.000000,6.000000,12.000000,2.000000,4.000000,0.000000,7.000000,15.000000,2.000000,5.000000,8097.000000,2266.000000,4820.000000,695.000000,601.000000,3.000000,
0.041113,0.761671,0.342543,0.278356,0.006706,-208563.373630,3.014271,2195607.000000,1874874.000000,3722527.000000,334752.000000,1282372.000000,1952.000000,539.000000,1146.000000,164.000000,144.000000,453.000000,125.000000,266.000000,38.000000,33.000000,2784.000000,769.000000,1633.000000,233.000000,205.000000,15.000000,8.000000,18.000000,3.000000,5.000000,0.000000,6.000000,12.000000,2.000000,4.000000,0.000000,7.000000,15.000000,2.000000,5.000000,8097.000000,2266.000000,4820.000000,695.000000,601.000000,3.000000,
0.041113,0.761671,0.342543,0.278356,0.006706,-208563.373630,3.014271,2195607.000000,1874874.000000,3722527.000000,334752.000000,1282372.000000,1952.000000,539.000000,1146.000000,164.000000,144.000000,453.000000,125.000000,266.000000,38.000000,33.000000,2784.000000,769.000000,1633.000000,233.000000,205.000000,15.000000,8.000000,18.000000,3.000000,5.000000,0.000000,6.000000,12.000000,2.000000,4.000000,0.000000,7.000000,15.000000,2.000000,5.000000,8097.000000,2266.000000,4820.000000,695.000000,601.000000,3.000000,
0.041113,0.761671,0.342543,0.278356,0.006706,-208563.373630,3.014271,2195607.000000,1874874.000000,3722527.000000,334752.000000,1282372.000000,1952.000000,539.000000,1146.000000,164.000000,144.000000,453.000000,125.000000,266.000000,38.000000,33.000000,2784.000000,769.000000,1633.000000,233.000000,205.000000,15.000000,8.000000,18.000000,3.000000,5.000000,0.000000,6.000000,12.000000,2.000000,4.000000,0.000000,7.000000,15.000000,2.000000,5.000000,8097.000000,2266.000000,4820.000000,695.000000,601.000000,3.000000,
0.041213,0.964211,0.337390,0.257706,0.004818,-208303.441607,3.012055,2195607.000000,1874874.000000,3722527.000000,334752.000000,1282372.000000,1952.000000,539.000000,1146.000000,164.000000,144.000000,453.000000,125.000000,266.000000,38.000000,33.000000,2784.000000,769.000000,1633.000000,233.000000,205.000000,15.000000,8.000000,18.000000,3.000000,5.000000,0.000000,6.000000,12.000000,2.000000,4.000000,0.000000,7.000000,15.000000,2.000000,5.000000,8097.000000,2266.000000,4820.000000,695.000000,601.000000,3.000000,
0.041213,0.964211,0.337390,0.257706,0.004818,-208303.441607,3.012055,2195607.000000,1874874.000000,3722527.000000,334752.000000,1282372.000000,1952.000000,539.000000,1146.000000,164.000000,144.000000,453.000000,125.000000,266.000000,38.000000,33.000000,2784.000000,769.000000,1633.000000,233.000000,205.000000,15.000000,8.000000,18.000000,3.000000,5.000000,0.000000,6.000000,12.000000,2.000000,4.000000,0.000000,7.000000,15.000000,2.000000,5.000000,8097.000000,2266.000000,4820.000000,695.000000,601.000000,3.000000,
0.041213,0.964211,0.337390,0.257706,0.004818,-208303.441607,3.012055,2195607.000000,1874874.000000,3722527.000000,334752.000000,1282372.000000,1952.000000,539.000000,1146.000000,164.000000,144.000000,453.000000,125.000000,266.000000,38.000000,33.000000,2784.000000,769.000000,1633.000000,233.000000,205.000000,15.000000,8.000000,18.000000,3.000000,5.000000,0.000000,6.000000,12.000000,2.000000,4.000000,0.000000,7.000000,15.000000,2.000000,5.000000,8097.000000,2266.000000,4820.000000,695.000000,601.000000,3.000000,
0.041213,0.964211,0.337390,0.257706,0.004818,-208303.441607,3.012055,2195607.000000,1874874.000000,3722527.000000,334752.000000,1282372.000000,1952.000000,539.000000,1146.000000,164.000000,144.000000,453.000000,125.000000,266.000000,38.000000,33.000000,2784.000000,769.000000,1633.000000,233.000000,205.000000,15.000000,8.000000,18.000000,3.000000,5.000000,0.000000,6.000000,12.000000,2.000000,4.000000,0.000000,7.000000,15.000000,2.000000,5.000000,8097.000000,2266.000000,4820.000000,695.000000,601.000000,3.000000,
0.041213,0.964211,0.337390,0.257706,0.004818,-208303.441607,3.012055,2195607.000000,1874874.000000,3722527.000000,334752.000000,1282372.000000,1952.000000,539.000000,1146.000000,164.000000,144.000000,453.000000,125.000000,266.000000,38.000000,33.000000,2784.000000,769.000000,1633.000000,233.000000,205.000000,15.000000,8.000000,18.000000,3.000000,5.000000,0.000000,6.000000,12.000000,2.000000,4.000000,0.000000,7.000000,15.000000,2.000000,5.000000,8097.000000,2266.000000,4820.000000,695.000000,601.000000,3.000000,
0.041213,0.964211,0.337390,0.257706,0.004818,-208303.441607,3.012055,2195607.000000,1874874.000000,3722527.000000,334752.000000,1282372.000000,1952.000000,539.000000,1146.000000,164.000000,144.000000,453.000000,125.000000,266.000000,38.000000,33.000000,2784.000000,769.000000,1633.000000,233.000000,205.000000,15.000000,8.000000,18.000000,3.000000,5.000000,0.000000,6.000000,12.000000,2.000000,4.000000,0.000000,7.000000,15.000000,2.000000,5.000000,8097.000000,2266.000000,4820.000000,695.000000,601.000000,3.000000,
0.041213,0.964211,0.337390,0.257706,0.004818,-208303.441607,3.012055,2195607.000000,1874874.000000,3722527.000000,334752.000000,1282372.000000,1952.000000,539.000000,1146.000000,164.000000,144.000000,453.000000,125.000000,266.000000,38.000000,33.000000,2784.000000,769.000000,1633.000000,233.000000,205.000000,15.000000,8.000000,18.000000,3.000000,5.000000,0.000000,6.000000,12.000000,2.000000,4.000000,0.000000,7.000000,15.000000,2.000000,5.000000,8097.000000,2266.000000,4820.000000,695.000000,601.000000,3.000000,
0.041213,0.964211,0.337390,0.257706,0.004818,-208303.441607,3.012055,2195607.000000,1874874.000000,3722527.000000,334752.000000,1282372.000000,1952.000000,539.000000,1146.000000,164.000000,144.000000,453.000000,125.000000,266.000000,38.000000,33.000000,2784.000000,769.000000,1633.000000,233.000000,205.000000,15.000000,8.000000,18.000000,3.000000,5.000000,0.000000,6.000000,12.000000,2.000000,4.000000,0.000000,7.000000,15.000000,2.000000,5.000000,8097.000000,2266.000000,4820.000000,695.000000,601.000000,3.000000,
0.041213,0.964211,0.337390,0.257706,0.004818,-208303.441607,3.012055,2195607.000000,1874874.000000,3722527.000000,334752.000000,1282372.000000,1952.000000,539.000000,1146.000000,164.000000,144.000000,453.000000,125.000000,266.000000,38.000000,33.000000,2784.000000,769.000000,1633.000000,233.000000,205.000000,15.000000,8.000000,18.000000,3.000000,5.000000,0.000000,6.000000,12.000000,2.000000,4.000000,0.000000,7.000000,15.000000,2.000000,5.000000,8097.000000,2266.000000,4820.000000,695.000000,601.000000,3.000000,
0.041306,0.843287,0.330599,0.305073,0.005139,-207963.373890,3.006150,2195607.000000,1874874.000000,3722527.000000,334752.000000,1282372.000000,1952.000000,539.000000,1146.000000,164.000000,144.000000,453.000000,125.000000,266.000000,38.000000,33.000000,2784.000000,769.000000,1633.000000,233.000000,205.000000,15.000000,8.000000,18.000000,3.000000,5.000000,0.000000,6.000000,12.000000,2.000000,4.000000,0.000000,7.000000,15.000000,2.000000,5.000000,8097.000000,2266.000000,4820.000000,695.000000,601.000000,3.000000,
0.041306,0.843287,0.330599,0.305073,0.005139,-207963.373890,3.006150,2195607.000000,1874874.000000,3722527.000000,334752.000000,1282372.000000,1952.000000,539.000000,1146.000000,164.000000,144.000000,453.000000,125.000000,266.000000,38.000000,33.000000,2784.000000,769.000000,1633.000000,233.000000,205.000000,15.000000,8.000000,18.000000,3.000000,5.000000,0.000000,6.000000,12.000000,2.000000,4.000000,0.000000,7.000000,15.000000,2.000000,5.000000,8097.000000,2266.000000,4820.000000,695.000000,601.000000,3.000000,
0.041306,0.843287,0.330599,0.305073,0.005139,-207963.373890,3.006150,2195607.000000,1874874.000000,3722527.000000,334752.000000,1282372.000000,1952.000000,539.000000,1146.000000,164.000000,144.000000,453.000000,125.000000,266.000000,38.000000,33.000000,2784.000000,769.000000,1633.000000,233.000000,205.000000,15.000000,8.000000,18.000000,3.000000,5.000000,0.000000,6.000000,12.000000,2.000000,4.000000,0.000000,7.000000,15.000000,2.000000,5.000000,8097.000000,2266.000000,4820.000000,695.000000,601.000000,3.000000,
0.041306,0.843287,0.330599,0.305073,0.005139,-207963.373890,3.006150,2195607.000000,1874874.000000,3722527.000000,334752.000000,1282372.000000,1952.000000,539.000000,1146.000000,164.000000,144.000000,453.000000,125.000000,266.000000,38.000000,33.000000,2784.000000,769.000000,1633.000000,233.000000,205.000000,15.000000,8.000000,18.000000,3.000000,5.000000,0.000000,6.000000,12.000000,2.000000,4.000000,0.000000,7.000000,15.000000,2.000000,5.000000,8097.000000,2266.000000,4820.000000,695.000000,601.000000,3.000000,
0.041306,0.843287,0.330599,0.305073,0.005139,-207963.373890,3.006150,2195607.000000,1874874.000000,3722527.000000,334752.000000,1282372.000000,1952.000000,539.000000,1146.000000,164.000000,144.000000,453.000000,125.000000,266.000000,38.000000,33.000000,2784.000000,769.000000,1633.000000,233.000000,205.000000,15.000000,8.000000,18.000000,3.000000,5.000000,0.000000,6.000000,12.000000,2.000000,4.000000,0.000000,7.000000,15.000000,2.000000,5.000000,8097.000000,2266.000000,4820.000000,695.000000,601.000000,3.000000,
0.041306,0.843287,0.330599,0.305073,0.005139,-207963.373890,3.006150,2195607.000000,1874874.000000,3722527.000000,334752.000000,1282372.000000,1952.000000,539.000000,1146.000000,164.000000,144.000000,453.000000,125.000000,266.000000,38.000000,33.000000,2784.000000,769.000000,1633.000000,233.000000,205.000000,15.000000,8.000000,18.000000,3.000000,5.000000,0.000000,6.000000,12.000000,2.000000,4.000000,0.000000,7.000000,15.000000,2.000000,5.000000,8097.000000,2266.000000,4820.000000,695.000000,601.000000,3.000000,
0.041306,0.843287,0.330599,0.305073,0.005139,-207963.373890,3.006150,2195607.000000,1874874.000000,3722527.000000,334752.000000,1282372.000000,1952.000000,539.000000,1146.000000,164.000000,144.000000,453.000000,125.000000,266.000000,38.000000,33.000000,2784.000000,769.000000,1633.000000,233.000000,205.000000,15.000000,8.000000,18.000000,3.000000,5.000000,0.000000,6.000000,12.000000,2.000000,4.000000,0.000000,7.000000,15.000000,2.000000,5.000000,8097.000000,2266.000000,4820.000000,695.000000,601.000000,3.000000,
0.041306,0.843287,0.330599,0.305073,0.005139,-207963.373890,3.006150,2195607.000000,1874874.000000,3722527.000000,334752.000000,1282372.000000,1952.000000,539.000000,1146.000000,164.000000,144.000000,453.000000,125.000000,266.000000,38.000000,33.000000,2784.000000,769.000000,1633.000000,233.000000,205.000000,15.000000,8.000000,18.000000,3.000000,5.000000,0.000000,6.000000,12.000000,2.000000,4.000000,0.000000,7.000000,15.000000,2.000000,5.000000,8097.000000,2266.000000,4820.000000,695.000000,601.000000,3.000000,
0.041306,0.843287,0.330599,0.305073,0.005139,-207963.373890,3.006150,2195607.000000,1874874.000000,3722527.000000,334752.000000,1282372.000000,1952.000000,539.000000,1146.000000,164.000000,144.000000,453.000000,125.000000,266.000000,38.000000,33.000000,2784.000000,769.000000,1633.000000,233.000000,205.000000,15.000000,8.000000,18.000000,3.000000,5.000000,0.000000,6.000000,12.000000,2.000000,4.000000,0.000000,7.000000,15.000000,2.000000,5.000000,8097.000000,2266.000000,4820.000000,695.000000,601.000000,3.000000,
0.041306,0.843287,0.330599,0.305073,0.005139,-207963.373890,3.006150,2195607.000000,1874874.000000,3722527.000000,334752.000000,1282372.000000,1952.000000,539.000000,1146.000000,164.000000,144.000000,453.000000,125.000000,266.000000,38.000000,33.000000,2784.000000,769.000000,1633.000000,233.000000,205.000000,15.000000,8.000000,18.000000,3.000000,5.000000,0.000000,6.000000,12.000000,2.000000,4.000000,0.000000,7.000000,15.000000,2.000000,5.000000,8097.000000,2266.000000,4820.000000,695.000000,601.000000,3.000000,
0.041268,0.884222,0.330240,0.297770,0.004323,-207945.379864,3.002742,2195607.000000,1874874.000000,3722527.000000,334752.000000,1282372.000000,1952.000000,539.000000,1146.000000,164.000000,144.000000,453.000000,125.000000,266.000000,38.000000,33.000000,2784.000000,769.000000,1633.000000,233.000000,205.000000,15.000000,8.000000,18.000000,3.000000,5.000000,0.000000,6.000000,12.000000,2.000000,4.000000,0.000000,7.000000,15.000000,2.000000,5.000000,8097.000000,2266.000000,4820.000000,695.000000,601.000000,3.000000,
0.041268,0.884222,0.330240,0.297770,0.004323,-207945.379864,3.002742,2195607.000000,1874874.000000,3722527.000000,334752.000000,1282372.000000,1952.000000,539.000000,1146.000000,164.000000,144.000000,453.000000,125.000000,266.000000,38.000000,33.000000,2784.000000,769.000000,1633.000000,233.000000,205.000000,15.000000,8.000000,18.000000,3.000000,5.000000,0.000000,6.000000,12.000000,2.000000,4.000000,0.000000,7.000000,15.000000,2.000000,5.000000,8097.000000,2266.000000,4820.000000,695.000000,601.000000,3.000000,
0.041268,0.884222,0.330240,0.297770,0.004323,-207945.379864,3.002742,2195607.000000,1874874.000000,3722527.000000,334752.000000,1282372.000000,1952.000000,539.000000,1146.000000,164.000000,144.000000,453.000000,125.000000,266.000000,38.000000,33.000000,2784.000000,769.000000,1633.000000,233.000000,205.000000,15.000000,8.000000,18.000000,3.000000,5.000000,0.000000,6.000000,12.000000,2.000000,4.000000,0.000000,7.000000,15.000000,2.000000,5.000000,8097.000000,2266.000000,4820.000000,695.000000,601.000000,3.000000,
0.041268,0.884222,0.330240,0.297770,0.004323,-207945.379864,3.002742,2195607.000000,1874874.000000,3722527.000000,334752.000000,1282372.000000,1952.000000,539.000000,1146.000000,164.000000,144.000000,453.000000,125.000000,266.000000,38.000000,33.000000,2784.000000,769.000000,1633.000000,233.000000,205.000000,15.000000,8.000000,18.000000,3.000000,5.000000,0.000000,6.000000,12.000000,2.000000,4.000000,0.000000,7.000000,15.000000,2.000000,5.000000,8097.000000,2266.000000,4820.000000,695.000000,601.000000,3.000000,
0.041268,0.884222,0.330240,0.297770,0.004323,-207945.379864,3.002742,2195607.000000,1874874.000000,3722527.000000,334752.000000,1282372.000000,1952.000000,539.000000,1146.000000,164.000000,144.000000,453.000000,125.000000,266.000000,38.000000,33.000000,2784.000000,769.000000,1633.000000,233.000000,205.000000,15.000000,8.000000,18.000000,3.000000,5.000000,0.000000,6.000000,12.000000,2.000000,4.000000,0.000000,7.000000,15.000000,2.000000,5.000000,8097.000000,2266.000000,4820.000000,695.000000,601.000000,3.000000,
0.041268,0.884222,0.330240,0.297770,0.004323,-207945.379864,3.002742,2195607.000000,1874874.000000,3722527.000000,334752.000000,1282372.000000,1952.000000,539.000000,1146.000000,164.000000,144.000000,453.000000,125.000000,266.000000,38.000000,33.000000,2784.000000,769.000000,1633.000000,233.000000,205.000000,15.000000,8.000000,18.000000,3.000000,5.000000,0.000000,6.000000,12.000000,2.000000,4.000000,0.000000,7.000000,15.000000,2.000000,5.000000,8097.000000,2266.000000,4820.000000,695.000000,601.000000,3.000000,
0.041268,0.884222,0.330240,0.297770,0.004323,-207945.379864,3.002742,2195607.000000,1874874.000000,3722527.000000,334752.000000,1282372.000000,1952.000000,539.000000,1146.000000,164.000000,144.000000,453.000000,125.000000,266.000000,38.000000,33.000000,2784.000000,769.000000,1633.000000,233.000000,205.000000,15.000000,8.000000,18.000000,3.000000,5.000000,0.000000,6.000000,12.000000,2.000000,4.000000,0.000000,7.000000,15.000000,2.000000,5.000000,8097.000000,2266.000000,4820.000000,695.000000,601.000000,3.000000,
0.041268,0.884222,0.330240,0.297770,0.004323,-207945.379864,3.002742,2195607.000000,1874874.000000,3722527.000000,334752.000000,1282372.000000,1952.000000,539.000000,1146.000000,164.000000,144.000000,453.000000,125.000000,266.000000,38.000000,33.000000,2784.000000,769.000000,1633.000000,233.000000,205.000000,15.000000,8.000000,18.000000,3.000000,5.000000,0.000000,6.000000,12.000000,2.000000,4.000000,0.000000,7.000000,15.000000,2.000000,5.000000,8097.000000,2266.000000,4820.000000,695.000000,601.000000,3.000000,
0.041268,0.884222,0.330240,0.297770,0.004323,-207945.379864,3.002742,2195607.000000,1874874.000000,3722527.000000,334752.000000,1282372.000000,1952.000000,539.000000,1146.000000,164.000000,144.000000,453.000000,125.000000,266.000000,38.000000,33.000000,2784.000000,769.000000,1633.000000,233.000000,205.000000,15.000000,8.000000,18.000000,3.000000,5.000000,0.000000,6.000000,12.000000,2.000000,4.000000,0.000000,7.000000,15.000000,2.000000,5.000000,8097.000000,2266.000000,4820.000000,695.000000,601.000000,3.000000,
0.041273,0.824153,0.329913,0.298901,0.005796,-207929.116188,3.002498,2195607.000000,1874874.000000,3722527.000000,334752.000000,1282372.000000,1952.000000,539.000000,1146.000000,164.000000,144.000000,453.000000,125.000000,266.000000,38.000000,33.000000,2784.000000,769.000000,1633.000000,233.000000,205.000000,15.000000,8.000000,18.000000,3.000000,5.000000,0.000000,6.000000,12.000000,2.000000,4.000000,0.000000,7.000000,15.000000,2.000000,5.000000,8097.000000,2266.000000,4820.000000,695.000000,601.000000,3.000000,
0.041273,0.824153,0.329913,0.298901,0.005796,-207929.116188,3.002498,2195607.000000,1874874.000000,3722527.000000,334752.000000,1282372.000000,1952.000000,539.000000,1146.000000,164.000000,144.000000,453.000000,125.000000,266.000000,38.000000,33.000000,2784.000000,769.000000,1633.000000,233.000000,205.000000,15.000000,8.000000,18.000000,3.000000,5.000000,0.000000,6.000000,12.000000,2.000000,4.000000,0.000000,7.000000,15.000000,2.000000,5.000000,8097.000000,2266.000000,4820.000000,695.000000,601.000000,3.000000,
0.041273,0.824153,0.329913,0.298901,0.005796,-207929.116188,3.002498,2195607.000000,1874874.000000,3722527.000000,334752.000000,1282372.000000,1952.000000,539.000000,1146.000000,164.000000,144.000000,453.000000,125.000000,266.000000,38.000000,33.000000,2784.000000,769.000000,1633.000000,233.000000,205.000000,15.000000,8.000000,18.000000,3.000000,5.000000,0.000000,6.000000,12.000000,2.000000,4.000000,0.000000,7.000000,15.000000,2.000000,5.000000,8097.000000,2266.000000,4820.000000,695.000000,601.000000,3.000000,
0.041273,0.824153,0.329913,0.298901,0.005796,-207929.116188,3.002498,2195607.000000,1874874.000000,3722527.000000,334752.000000,1282372.000000,1952.000000,539.000000,1146.000000,164.000000,144.000000,453.000000,125.000000,266.000000,38.000000,33.000000,2784.000000,769.000000,1633.000000,233.000000,205.000000,15.000000,8.000000,18.000000,3.000000,5.000000,0.000000,6.000000,12.000000,2.000000,4.000000,0.000000,7.000000,15.000000,2.000000,5.000000,8097.000000,2266.000000,4820.000000,695.000000,601.000000,3.000000,
0.041273,0.824153,0.329913,0.298901,0.005796,-207929.116188,3.002498,2195607.000000,1874874.000000,3722527.000000,334752.000000,1282372.000000,1952.000000,539.000000,1146.000000,164.000000,144.000000,453.000000,125.000000,266.000000,38.000000,33.000000,2784.000000,769.000000,1633.000000,233.000000,205.000000,15.000000,8.000000,18.000000,3.000000,5.000000,0.000000,6.000000,12.000000,2.000000,4.000000,0.000000,7.000000,15.000000,2.000000,5.000000,8097.000000,2266.000000,4820.000000,695.000000,601.000000,3.000000,
0.041273,0.824153,0.329913,0.298901,0.005796,-207929.116188,3.002498,2195607.000000,1874874.000000,3722527.000000,334752.000000,1282372.000000,1952.000000,539.000000,1146.000000,164.000000,144.000000,453.000000,125.000000,266.000000,38.000000,33.000000,2784.000000,769.000000,1633.000000,233.000000,205.000000,15.000000,8.000000,18.000000,3.000000,5.000000,0.000000,6.000000,12.000000,2.000000,4.000000,0.000000,7.000000,15.000000,2.000000,5.000000,8097.000000,2266.000000,4820.000000,695.000000,601.000000,3.000000,
0.041273,0.824153,0.329913,0.298901,0.005796,-207929.116188,3.002498,2195607.000000,1874874.000000,3722527.000000,334752.000000,1282372.000000,1952.000000,539.000000,1146.000000,164.000000,144.000000,453.000000,125.000000,266.000000,38.000000,33.000000,2784.000000,769.000000,1633.000000,233.000000,205.000000,15.000000,8.000000,18.000000,3.000000,5.000000,0.000000,6.000000,12.000000,2.000000,4.000000,0.000000,7.000000,15.000000,2.000000,5.000000,8097.000000,2266.000000,4820.000000,695.000000,601.000000,3.000000,
0.041273,0.824153,0.329913,0.298901,0.005796,-207929.116188,3.002498,2195607.000000,1874874.000000,3722527.000000,334752.000000,1282372.000000,1952.000000,539.000000,1146.000000,164.000000,144.000000,453.000000,125.000000,266.000000,38.000000,33.000000,2784.000000,769.000000,1633.000000,233.000000,205.000000,15.000000,8.000000,18.000000,3.000000,5.000000,0.000000,6.000000,12.000000,2.000000,4.000000,0.000000,7.000000,15.000000,2.000000,5.000000,8097.000000,2266.000000,4820.000000,695.000000,601.000000,3.000000,
0.041273,0.824153,0.329913,0.298901,0.005796,-207929.116188,3.002498,2195607.000000,1874874.000000,3722527.000000,334752.000000,1282372.000000,1952.000000,539.000000,1146.000000,164.000000,144.000000,453.000000,125.000000,266.000000,38.000000,33.000000,2784.000000,769.000000,1633.000000,233.000000,205.000000,15.000000,8.000000,18.000000,3.000000,5.000000,0.000000,6.000000,12.000000,2.000000,4.000000,0.000000,7.000000,15.000000,2.000000,5.000000,8097.000000,2266.000000,4820.000000,695.000000,601.000000,3.000000,
0.041273,0.824153,0.329913,0.298901,0.005796,-207929.116188,3.002498,2195607.000000,1874874.000000,3722527.000000,334752.000000,1282372.000000,1952.000000,539.000000,1146.000000,164.000000,144.000000,453.000000,125.000000,266.000000,38.000000,33.000000,2784.000000,769.000000,1633.000000,233.000000,205.000000,15.000000,8.000000,18.000000,3.000000,5.000000,0.000000,6.000000,12.000000,2.000000,4.000000,0.000000,7.000000,15.000000,2.000000,5.000000,8097.000000,2266.000000,4820.000000,695.000000,601.000000,3.000000,
0.041273,0.824153,0.329913,0.298901,0.005796,-207929.116188,3.002498,2195607.000000,1874874.000000,3722527.000000,334752.000000,1282372.000000,1952.000000,539.000000,1146.000000,164.000000,144.000000,453.000000,125.000000,266.000000,38.000000,33.000000,2784.000000,769.000000,1633.000000,233.000000,205.000000,15.000000,8.000000,18.000000,3.000000,5.000000,0.000000,6.000000,12.000000,2.000000,4.000000,0.000000,7.000000,15.000000,2.000000,5.000000,8097.000000,2266.000000,4820.000000,695.000000,601.000000,3.000000,
0.041273,0.824153,0.329913,0.298901,0.005796,-207929.116188,3.002498,2195607.000000,1874874.000000,3722527.000000,334752.000000,1282372.000000,1952.000000,539.000000,1146.000000,164.000000,144.000000,453.000000,125.000000,266.000000,38.000000,33.000000,2784.000000,769.000000,1633.000000,233.000000,205.000000,15.000000,8.000000,18.000000,3.000000,5.000000,0.000000,6.000000,12.000000,2.000000,4.000000,0.000000,7.000000,15.000000,2.000000,5.000000,8097.000000,2266.000000,4820.000000,695.000000,601.000000,3.000000,
0.041273,0.824153,0.329913,0.298901,0.005796,-207929.116188,3.002498,2195607.000000,1874874.000000,3722527.000000,334752.000000,1282372.000000,1952.000000,539.000000,1146.000000,164.000000,144.000000,453.000000,125.000000,266.000000,38.000000,33.000000,2784.000000,769.000000,1633.000000,233.000000,205.000000,15.000000,8.000000,18.000000,3.000000,5.000000,0.000000,6.000000,12.000000,2.000000,4.000000,0.000000,7.000000,15.000000,2.000000,5.000000,8097.000000,2266.000000,4820.000000,695.000000,601.000000,3.000000,
0.041273,0.824153,0.329913,0.298901,0.005796,-207929.116188,3.002498,2195607.000000,1874874.000000,3722527.000000,334752.000000,1282372.000000,1952.000000,539.000000,1146.000000,164.000000,144.000000,453.000000,125.000000,266.000000,38.000000,33.000000,2784.000000,769.000000,1633.000000,233.000000,205.000000,15.000000,8.000000,18.000000,3.000000,5.000000,0.000000,6.000000,12.000000,2.000000,4.000000,0.000000,7.000000,15.000000,2.000000,5.000000,8097.000000,2266.000000,4820.000000,695.000000,601.000000,3.000000,
0.041273,0.824153,0.329913,0.298901,0.005796,-207929.116188,3.002498,2195607.000000,1874874.000000,3722527.000000,334752.000000,1282372.000000,1952.000000,539.000000,1146.000000,164.000000,144.000000,453.000000,125.000000,266.000000,38.000000,33.000000,2784.000000,769.000000,1633.000000,233.000000,205.000000,15.000000,8.000000,18.000000,3.000000,5.000000,0.000000,6.000000,12.000000,2.000000,4.000000,0.000000,7.000000,15.000000,2.000000,5.000000,8097.000000,2266.000000,4820.000000,695.000000,601.000000,3.000000,
0.041273,0.824153,0.329913,0.298901,0.005796,-207929.116188,3.002498,2195607.000000,1874874.000000,3722527.000000,334752.000000,1282372.000000,1952.000000,539.000000,1146.000000,164.000000,144.000000,453.000000,125.000000,266.000000,38.000000,33.000000,2784.000000,769.000000,1633.000000,233.000000,205.000000,15.000000,8.000000,18.000000,3.000000,5.000000,0.000000,6.000000,12.000000,2.000000,4.000000,0.000000,7.000000,15.000000,2.000000,5.000000,8097.000000,2266.000000,4820.000000,695.000000,601.000000,3.000000,
0.041273,0.824153,0.329913,0.298901,0.005796,-207929.116188,3.002498,2195607.000000,1874874.000000,3722527.000000,334752.000000,1282372.000000,1952.000000,539.000000,1146.000000,164.000000,144.000000,453.000000,125.000000,266.000000,38.000000,33.000000,2784.000000,769.000000,1633.000000,233.000000,205.000000,15.000000,8.000000,18.000000,3.000000,5.000000,0.000000,6.000000,12.000000,2.000000,4.000000,0.000000,7.000000,15.000000,2.000000,5.000000,8097.000000,2266.000000,4820.000000,695.000000,601.000000,3.000000,
0.041273,0.824153,0.329913,0.298901,0.005796,-207929.116188,3.002498,2195607.000000,1874874.000000,3722527.000000,334752.000000,1282372.000000,1952.000000,539.000000,1146.000000,164.000000,144.000000,453.000000,125.000000,266.000000,38.000000,33.000000,2784.000000,769.000000,1633.000000,233.000000,205.000000,15.000000,8.000000,18.000000,3.000000,5.000000,0.000000,6.000000,12.000000,2.000000,4.000000,0.000000,7.000000,15.000000,2.000000,5.000000,8097.000000,2266.000000,4820.000000,695.000000,601.000000,3.000000,
0.041273,0.824153,0.329913,0.298901,0.005796,-207929.116188,3.002498,2195607.000000,1874874.000000,3722527.000000,334752.000000,1282372.000000,1952.000000,539.000000,1146.000000,164.000000,144.000000,453.000000,125.000000,266.000000,38.000000,33.000000,2784.000000,769.000000,1633.000000,233.000000,205.000000,15.000000,8.000000,18.000000,3.000000,5.000000,0.000000,6.000000,12.000000,2.000000,4.000000,0.000000,7.000000,15.000000,2.000000,5.000000,8097.000000,2266.000000,4820.000000,695.000000,601.000000,3.000000,
0.041273,0.824153,0.329913,0.298901,0.005796,-207929.116188,3.002498,2195607.000000,1874874.000000,3722527.000000,334752.000000,1282372.000000,1952.000000,539.000000,1146.000000,164.000000,144.000000,453.000000,125.000000,266.000000,38.000000,33.000000,2784.000000,769.000000,1633.000000,233.000000,205.000000,15.000000,8.000000,18.000000,3.000000,5.000000,0.000000,6.000000,12.000000,2.000000,4.000000,0.000000,7.000000,15.000000,2.000000,5.000000,8097.000000,2266.000000,4820.000000,695.000000,601.000000,3.000000,
0.041273,0.824153,0.329913,0.298901,0.005796,-207929.116188,3.002498,2195607.000000,1874874.000000,3722527.000000,334752.000000,1282372.000000,1952.000000,539.000000,1146.000000,164.000000,144.000000,453.000000,125.000000,266.000000,38.000000,33.000000,2784.000000,769.000000,1633.000000,233.000000,205.000000,15.000000,8.000000,18.000000,3.000000,5.000000,0.000000,6.000000,12.000000,2.000000,4.000000,0.000000,7.000000,15.000000,2.000000,5.000000,8097.000000,2266.000000,4820.000000,695.000000,601.000000,3.000000,
0.041273,0.824153,0.329913,0.298901,0.005796,-207929.116188,3.002498,2195607.000000,1874874.000000,3722527.000000,334752.000000,1282372.000000,1952.000000,539.000000,1146.000000,164.000000,144.000000,453.000000,125.000000,266.000000,38.000000,33.000000,2784.000000,769.000000,1633.000000,233.000000,205.000000,15.000000,8.000000,18.000000,3.000000,5.000000,0.000000,6.000000,12.000000,2.000000,4.000000,0.000000,7.000000,15.000000,2.000000,5.000000,8097.000000,2266.000000,4820.000000,695.000000,601.000000,3.000000,
0.041273,0.824153,0.329913,0.298901,0.005796,-207929.116188,3.002498,2195607.000000,1874874.000000,3722527.000000,334752.000000,1282372.000000,1952.000000,539.000000,1146.000000,164.000000,144.000000,453.000000,125.000000,266.000000,38.000000,33.000000,2784.000000,769.000000,1633.000000,233.000000,205.000000,15.000000,8.000000,18.000000,3.000000,5.000000,0.000000,6.000000,12.000000,2.000000,4.000000,0.000000,7.000000,15.000000,2.000000,5.000000,8097.000000,2266.000000,4820.000000,695.000000,601.000000,3.000000,
0.041273,0.824153,0.329913,0.298901,0.005796,-207929.116188,3.002498,2195607.000000,1874874.000000,3722527.000000,334752.000000,1282372.000000,1952.000000,539.000000,1146.000000,164.000000,144.000000,453.000000,125.000000,266.000000,38.000000,33.000000,2784.000000,769.000000,1633.000000,233.000000,205.000000,15.000000,8.000000,18.000000,3.000000,5.000000,0.000000,6.000000,12.000000,2.000000,4.000000,0.000000,7.000000,15.000000,2.000000,5.000000,8097.000000,2266.000000,4820.000000,695.000000,601.000000,3.000000,
0.041228,0.665162,0.331777,0.314199,0.005619,-208022.023743,3.002710,2195607.000000,1874874.000000,3722527.000000,334752.000000,1282372.000000,1952.000000,539.000000,1146.000000,164.000000,144.000000,453.000000,125.000000,266.000000,38.000000,33.000000,2784.000000,769.000000,1633.000000,233.000000,205.000000,15.000000,8.000000,18.000000,3.000000,5.000000,0.000000,6.000000,12.000000,2.000000,4.000000,0.000000,7.000000,15.000000,2.000000,5.000000,8097.000000,2266.000000,4820.000000,695.000000,601.000000,3.000000,
0.041104,0.564993,0.336712,0.299504,0.007022,-208269.105390,3.002814,2195607.000000,1874874.000000,3722527.000000,334752.000000,1282372.000000,1952.000000,539.000000,1146.000000,164.000000,144.000000,453.000000,125.000000,266.000000,38.000000,33.000000,2784.000000,769.000000,1633.000000,233.000000,205.000000,15.000000,8.000000,18.000000,3.000000,5.000000,0.000000,6.000000,12.000000,2.000000,4.000000,0.000000,7.000000,15.000000,2.000000,5.000000,8097.000000,2266.000000,4820.000000,695.000000,601.000000,3.000000,
0.041104,0.564993,0.336712,0.299504,0.007022,-208269.105390,3.002814,2195607.000000,1874874.000000,3722527.000000,334752.000000,1282372.000000,1952.000000,539.000000,1146.000000,164.000000,144.000000,453.000000,125.000000,266.000000,38.000000,33.000000,2784.000000,769.000000,1633.000000,233.000000,205.000000,15.000000,8.000000,18.000000,3.000000,5.000000,0.000000,6.000000,12.000000,2.000000,4.000000,0.000000,7.000000,15.000000,2.000000,5.000000,8097.000000,2266.000000,4820.000000,695.000000,601.000000,3.000000,
0.041104,0.564993,0.336712,0.299504,0.007022,-208269.105390,3.002814,2195607.000000,1874874.000000,3722527.000000,334752.000000,1282372.000000,1952.000000,539.000000,1146.000000,164.000000,144.000000,453.000000,125.000000,266.000000,38.000000,33.000000,2784.000000,769.000000,1633.000000,233.000000,205.000000,15.000000,8.000000,18.000000,3.000000,5.000000,0.000000,6.000000,12.000000,2.000000,4.000000,0.000000,7.000000,15.000000,2.000000,5.000000,8097.000000,2266.000000,4820.000000,695.000000,601.000000,3.000000,
0.041104,0.564993,0.336712,0.299504,0.007022,-208269.105390,3.002814,2195607.000000,1874874.000000,3722527.000000,334752.000000,1282372.000000,1952.000000,539.000000,1146.000000,164.000000,144.000000,453.000000,125.000000,266.000000,38.000000,33.000000,2784.000000,769.000000,1633.000000,233.000000,205.000000,15.000000,8.000000,18.000000,3.000000,5.000000,0.000000,6.000000,12.000000,2.000000,4.000000,0.000000,7.000000,15.000000,2.000000,5.000000,8097.000000,2266.000000,4820.000000,695.000000,601.000000,3.000000,
0.041104,0.564993,0.336712,0.299504,0.007022,-208269.105390,3.002814,2195607.000000,1874874.000000,3722527.000000,334752.000000,1282372.000000,1952.000000,539.000000,1146.000000,164.000000,144.000000,453.000000,125.000000,266.000000,38.000000,33.000000,2784.000000,769.000000,1633.000000,233.000000,205.000000,15.000000,8.000000,18.000000,3.000000,5.000000,0.000000,6.000000,12.000000,2.000000,4.000000,0.000000,7.000000,15.000000,2.000000,5.000000,8097.000000,2266.000000,4820.000000,695.000000,601.000000,3.000000,
0.041104,0.564993,0.336712,0.299504,0.007022,-208269.105390,3.002814,2195607.000000,1874874.000000,3722527.000000,334752.000000,1282372.000000,1952.000000,539.000000,1146.000000,164.000000,144.000000,453.000000,125.000000,266.000000,38.000000,33.000000,2784.000000,769.000000,1633.000000,233.000000,205.000000,15.000000,8.000000,18.000000,3.000000,5.000000,0.000000,6.000000,12.000000,2.000000,4.000000,0.000000,7.000000,15.000000,2.000000,5.000000,8097.000000,2266.000000,4820.000000,695.000000,601.000000,3.000000,
0.040973,0.647166,0.343901,0.297268,0.004789,-208631.946766,3.006549,2195607.000000,1874874.000000,3722527.000000,334752.000000,1282372.000000,1952.000000,539.000000,1146.000000,164.000000,144.000000,453.000000,125.000000,266.000000,38.000000,33.000000,2784.000000,769.000000,1633.000000,233.000000,205.000000,15.000000,8.000000,18.000000,3.000000,5.000000,0.000000,6.000000,12.000000,2.000000,4.000000,0.000000,7.000000,15.000000,2.000000,5.000000,8097.000000,2266.000000,4820.000000,695.000000,601.000000,3.000000,
0.040973,0.647166,0.343901,0.297268,0.004789,-208631.946766,3.006549,2195607.000000,1874874.000000,3722527.000000,334752.000000,1282372.000000,1952.000000,539.000000,1146.000000,164.000000,144.000000,453.000000,125.000000,266.000000,38.000000,33.000000,2784.000000,769.000000,1633.000000,233.000000,205.000000,15.000000,8.000000,18.000000,3.000000,5.000000,0.000000,6.000000,12.000000,2.000000,4.000000,0.000000,7.000000,15.000000,2.000000,5.000000,8097.000000,2266.000000,4820.000000,695.000000,601.000000,3.000000,
0.040973,0.647166,0.343901,0.297268,0.004789,-208631.946766,3.006549,2195607.000000,1874874.000000,3722527.000000,334752.000000,1282372.000000,1952.000000,539.000000,1146.000000,164.000000,144.000000,453.000000,125.000000,266.000000,38.000000,33.000000,2784.000000,769.000000,1633.000000,233.000000,205.000000,15.000000,8.000000,18.000000,3.000000,5.000000,0.000000,6.000000,12.000000,2.000000,4.000000,0.000000,7.000000,15.000000,2.000000,5.000000,8097.000000,2266.000000,4820.000000,695.000000,601.000000,3.000000,
0.040973,0.647166,0.343901,0.297268,0.004789,-208631.946766,3.006549,2195607.000000,1874874.000000,3722527.000000,334752.000000,1282372.000000,1952.000000,539.000000,1146.000000,164.000000,144.000000,453.000000,125.000000,266.000000,38.000000,33.000000,2784.000000,769.000000,1633.000000,233.000000,205.000000,15.000000,8.000000,18.000000,3.000000,5.000000,0.000000,6.000000,12.000000,2.000000,4.000000,0.000000,7.000000,15.000000,2.000000,5.000000,8097.000000,2266.000000,4820.000000,695.000000,601.000000,3.000000,
0.040973,0.647166,0.343901,0.297268,0.004789,-208631.946766,3.006549,2195607.000000,1874874.000000,3722527.000000,334752.000000,1282372.000000,1952.000000,539.000000,1146.000000,164.000000,144.000000,453.000000,125.000000,266.000000,38.000000,33.000000,2784.000000,769.000000,1633.000000,233.000000,205.000000,15.000000,8.000000,18.000000,3.000000,5.000000,0.000000,6.000000,12.000000,2.000000,4.000000,0.000000,7.000000,15.000000,2.000000,5.000000,8097.000000,2266.000000,4820.000000,695.000000,601.000000,3.000000,
0.040973,0.647166,0.343901,0.297268,0.004789,-208631.946766,3.006549,2195607.000000,1874874.000000,3722527.000000,334752.000000,1282372.000000,1952.000000,539.000000,1146.000000,164.000000,144.000000,453.000000,125.000000,266.000000,38.000000,33.000000,2784.000000,769.000000,1633.000000,233.000000,205.000000,15.000000,8.000000,18.000000,3.000000,5.000000,0.000000,6.000000,12.000000,2.000000,4.000000,0.000000,7.000000,15.000000,2.000000,5.000000,8097.000000,2266.000000,4820.000000,695.000000,601.000000,3.000000,
0.040973,0.647166,0.343901,0.297268,0.004789,-208631.946766,3.006549,2195607.000000,1874874.000000,3722527.000000,334752.000000,1282372.000000,1952.000000,539.000000,1146.000000,164.000000,144.000000,453.000000,125.000000,266.000000,38.000000,33.000000,2784.000000,769.000000,1633.000000,233.000000,205.000000,15.000000,8.000000,18.000000,3.000000,5.000000,0.000000,6.000000,12.000000,2.000000,4.000000,0.000000,7.000000,15.000000,2.000000,5.000000,8097.000000,2266.000000,4820.000000,695.000000,601.000000,3.000000,
0.040973,0.647166,0.343901,0.297268,0.004789,-208631.946766,3.006549,2195607.000000,1874874.000000,3722527.000000,334752.000000,1282372.000000,1952.000000,539.000000,1146.000000,164.000000,144.000000,453.000000,125.000000,266.000000,38.000000,33.000000,2784.000000,769.000000,1633.000000,233.000000,205.000000,15.000000,8.000000,18.000000,3.000000,5.000000,0.000000,6.000000,12.000000,2.000000,4.000000,0.000000,7.000000,15.000000,2.000000,5.000000,8097.000000,2266.000000,4820.000000,695.000000,601.000000,3.000000,
0.040719,0.714831,0.358862,0.243218,0.004255,-209397.897467,3.015378,2195607.000000,1874874.000000,3722527.000000,334752.000000,1282372.000000,1952.000000,539.000000,1146.000000,164.000000,144.000000,453.000000,125.000000,266.000000,38.000000,33.000000,2784.000000,769.000000,1633.000000,233.000000,205.000000,15.000000,8.000000,18.000000,3.000000,5.000000,0.000000,6.000000,12.000000,2.000000,4.000000,0.000000,7.000000,15.000000,2.000000,5.000000,8097.000000,2266.000000,4820.000000,695.000000,601.000000,3.000000,
0.040719,0.714831,0.358862,0.243218,0.004255,-209397.897467,3.015378,2195607.000000,1874874.000000,3722527.000000,334752.000000,1282372.000000,1952.000000,539.000000,1146.000000,164.000000,144.000000,453.000000,125.000000,266.000000,38.000000,33.000000,2784.000000,769.000000,1633.000000,233.000000,205.000000,15.000000,8.000000,18.000000,3.000000,5.000000,0.000000,6.000000,12.000000,2.000000,4.000000,0.000000,7.000000,15.000000,2.000000,5.000000,8097.000000,2266.000000,4820.000000,695.000000,601.000000,3.000000,
0.040719,0.714831,0.358862,0.243218,0.004255,-209397.897467,3.015378,2195607.000000,1874874.000000,3722527.000000,334752.000000,1282372.000000,1952.000000,539.000000,1146.000000,164.000000,144.000000,453.000000,125.000000,266.000000,38.000000,33.000000,2784.000000,769.000000,1633.000000,233.000000,205.000000,15.000000,8.000000,18.000000,3.000000,5.000000,0.000000,6.000000,12.000000,2.000000,4.000000,0.000000,7.000000,15.000000,2.000000,5.000000,8097.000000,2266.000000,4820.000000,695.000000,601.000000,3.000000,
0.040719,0.714831,0.358862,0.243218,0.004255,-209397.897467,3.015378,2195607.000000,1874874.000000,3722527.000000,334752.000000,1282372.000000,1952.000000,539.000000,1146.000000,164.000000,144.000000,453.000000,125.000000,266.000000,38.000000,33.000000,2784.000000,769.000000,1633.000000,233.000000,205.000000,15.000000,8.000000,18.000000,3.000000,5.000000,0.000000,6.000000,12.000000,2.000000,4.000000,0.000000,7.000000,15.000000,2.000000,5.000000,8097.000000,2266.000000,4820.000000,695.000000,601.000000,3.000000,
0.040719,0.714831,0.358862,0.243218,0.004255,-209397.897467,3.015378,2195607.000000,1874874.000000,3722527.000000,334752.000000,1282372.000000,1952.000000,539.000000,1146.000000,164.000000,144.000000,453.000000,125.000000,266.000000,38.000000,33.000000,2784.000000,769.000000,1633.000000,233.000000,205.000000,15.000000,8.000000,18.000000,3.000000,5.000000,0.000000,6.000000,12.000000,2.000000,4.000000,0.000000,7.000000,15.000000,2.000000,5.000000,8097.000000,2266.000000,4820.000000,695.000000,601.000000,3.000000,
0.040478,0.935062,0.371585,0.246346,0.004103,-210060.791674,3.020791,2195607.000000,1874874.000000,3722527.000000,334752.000000,1282372.000000,1952.000000,539.000000,1146.000000,164.000000,144.000000,453.000000,125.000000,266.000000,38.000000,33.000000,2784.000000,769.000000,1633.000000,233.000000,205.000000,15.000000,8.000000,18.000000,3.000000,5.000000,0.000000,6.000000,12.000000,2.000000,4.000000,0.000000,7.000000,15.000000,2.000000,5.000000,8097.000000,2266.000000,4820.000000,695.000000,601.000000,3.000000,
0.040478,0.935062,0.371585,0.246346,0.004103,-210060.791674,3.020791,2195607.000000,1874874.000000,3722527.000000,334752.000000,1282372.000000,1952.000000,539.000000,1146.000000,164.000000,144.000000,453.000000,125.000000,266.000000,38.000000,33.000000,2784.000000,769.000000,1633.000000,233.000000,205.000000,15.000000,8.000000,18.000000,3.000000,5.000000,0.000000,6.000000,12.000000,2.000000,4.000000,0.000000,7.000000,15.000000,2.000000,5.000000,8097.000000,2266.000000,4820.000000,695.000000,601.000000,3.000000,
0.040478,0.935062,0.371585,0.246346,0.004103,-210060.791674,3.020791,2195607.000000,1874874.000000,3722527.000000,334752.000000,1282372.000000,1952.000000,539.000000,1146.000000,164.000000,144.000000,453.000000,125.000000,266.000000,38.000000,33.000000,2784.000000,769.000000,1633.000000,233.000000,205.000000,15.000000,8.000000,18.000000,3.000000,5.000000,0.000000,6.000000,12.000000,2.000000,4.000000,0.000000,7.000000,15.000000,2.000000,5.000000,8097.000000,2266.000000,4820.000000,695.000000,601.000000,3.000000,
0.040478,0.935062,0.371585,0.246346,0.004103,-210060.791674,3.020791,2195607.000000,1874874.000000,3722527.000000,334752.000000,1282372.000000,1952.000000,539.000000,1146.000000,164.000000,144.000000,453.000000,125.000000,266.000000,38.000000,33.000000,2784.000000,769.000000,1633.000000,233.000000,205.000000,15.000000,8.000000,18.000000,3.000000,5.000000,0.000000,6.000000,12.000000,2.000000,4.000000,0.000000,7.000000,15.000000,2.000000,5.000000,8097.000000,2266.000000,4820.000000,695.000000,601.000000,3.000000,
0.040565,0.746638,0.365615,0.270217,0.004070,-209748.332543,3.016335,2195607.000000,1874874.000000,3722527.000000,334752.000000,1282372.000000,1952.000000,539.000000,1146.000000,164.000000,144.000000,453.000000,125.000000,266.000000,38.000000,33.000000,2784.000000,769.000000,1633.000000,233.000000,205.000000,15.000000,8.000000,18.000000,3.000000,5.000000,0.000000,6.000000,12.000000,2.000000,4.000000,0.000000,7.000000,15.000000,2.000000,5.000000,8097.000000,2266.000000,4820.000000,695.000000,601.000000,3.000000,
0.040565,0.746638,0.365615,0.270217,0.004070,-209748.332543,3.016335,2195607.000000,1874874.000000,3722527.000000,334752.000000,1282372.000000,1952.000000,539.000000,1146.000000,164.000000,144.000000,453.000000,125.000000,266.000000,38.000000,33.000000,2784.000000,769.000000,1633.000000,233.000000,205.000000,15.000000,8.000000,18.000000,3.000000,5.000000,0.000000,6.000000,12.000000,2.000000,4.000000,0.000000,7.000000,15.000000,2.000000,5.000000,8097.000000,2266.000000,4820.000000,695.000000,601.000000,3.000000,
0.040565,0.746638,0.365615,0.270217,0.004070,-209748.332543,3.016335,2195607.000000,1874874.000000,3722527.000000,334752.000000,1282372.000000,1952.000000,539.000000,1146.000000,164.000000,144.000000,453.000000,125.000000,266.000000,38.000000,33.000000,2784.000000,769.000000,1633.000000,233.000000,205.000000,15.000000,8.000000,18.000000,3.000000,5.000000,0.000000,6.000000,12.000000,2.000000,4.000000,0.000000,7.000000,15.000000,2.000000,5.000000,8097.000000,2266.000000,4820.000000,695.000000,601.000000,3.000000,
0.040565,0.746638,0.365615,0.270217,0.004070,-209748.332543,3.016335,2195607.000000,1874874.000000,3722527.000000,334752.000000,1282372.000000,1952.000000,539.000000,1146.000000,164.000000,144.000000,453.000000,125.000000,266.000000,38.000000,33.000000,2784.000000,769.000000,1633.000000,233.000000,205.000000,15.000000,8.000000,18.000000,3.000000,5.000000,0.000000,6.000000,12.000000,2.000000,4.000000,0.000000,7.000000,15.000000,2.000000,5.000000,8097.000000,2266.000000,4820.000000,695.000000,601.000000,3.000000,
0.040565,0.746638,0.365615,0.270217,0.004070,-209748.332543,3.016335,2195607.000000,1874874.000000,3722527.000000,334752.000000,1282372.000000,1952.000000,539.000000,1146.000000,164.000000,144.000000,453.000000,125.000000,266.000000,38.000000,33.000000,2784.000000,769.000000,1633.000000,233.000000,205.000000,15.000000,8.000000,18.000000,3.000000,5.000000,0.000000,6.000000,12.000000,2.000000,4.000000,0.000000,7.000000,15.000000,2.000000,5.000000,8097.000000,2266.000000,4820.000000,695.000000,601.000000,3.000000,
0.040565,0.746638,0.365615,0.270217,0.004070,-209748.332543,3.016335,2195607.000000,1874874.000000,3722527.000000,334752.000000,1282372.000000,1952.000000,539.000000,1146.000000,164.000000,144.000000,453.000000,125.000000,266.000000,38.000000,33.000000,2784.000000,769.000000,1633.000000,233.000000,205.000000,15.000000,8.000000,18.000000,3.000000,5.000000,0.000000,6.000000,12.000000,2.000000,4.000000,0.000000,7.000000,15.000000,2.000000,5.000000,8097.000000,2266.000000,4820.000000,695.000000,601.000000,3.000000,
0.040565,0.746638,0.365615,0.270217,0.004070,-209748.332543,3.016335,2195607.000000,1874874.000000,3722527.000000,334752.000000,1282372.000000,1952.000000,539.000000,1146.000000,164.000000,144.000000,453.000000,125.000000,266.000000,38.000000,33.000000,2784.000000,769.000000,1633.000000,233.000000,205.000000,15.000000,8.000000,18.000000,3.000000,5.000000,0.000000,6.000000,12.000000,2.000000,4.000000,0.000000,7.000000,15.000000,2.000000,5.000000,8097.000000,2266.000000,4820.000000,695.000000,601.000000,3.000000,
0.040565,0.746638,0.365615,0.270217,0.004070,-209748.332543,3.016335,2195607.000000,1874874.000000,3722527.000000,334752.000000,1282372.000000,1952.000000,539.000000,1146.000000,164.000000,144.000000,453.000000,125.000000,266.000000,38.000000,33.000000,2784.000000,769.000000,1633.000000,233.000000,205.000000,15.000000,8.000000,18.000000,3.000000,5.000000,0.000000,6.000000,12.000000,2.000000,4.000000,0.000000,7.000000,15.000000,2.000000,5.000000,8097.000000,2266.000000,4820.000000,695.000000,601.000000,3.000000,
0.040565,0.746638,0.365615,0.270217,0.004070,-209748.332543,3.016335,2195607.000000,1874874.000000,3722527.000000,334752.000000,1282372.000000,1952.000000,539.000000,1146.000000,164.000000,144.000000,453.000000,125.000000,266.000000,38.000000,33.000000,2784.000000,769.000000,1633.000000,233.000000,205.000000,15.000000,8.000000,18.000000,3.000000,5.000000,0.000000,6.000000,12.000000,2.000000,4.000000,0.000000,7.000000,15.000000,2.000000,5.000000,8097.000000,2266.000000,4820.000000,695.000000,601.000000,3.000000,
0.040565,0.746638,0.365615,0.270217,0.004070,-209748.332543,3.016335,2195607.000000,1874874.000000,3722527.000000,334752.000000,1282372.000000,1952.000000,539.000000,1146.000000,164.000000,144.000000,453.000000,125.000000,266.000000,38.000000,33.000000,2784.000000,769.000000,1633.000000,233.000000,205.000000,15.000000,8.000000,18.000000,3.000000,5.000000,0.000000,6.000000,12.000000,2.000000,4.000000,0.000000,7.000000,15.000000,2.000000,5.000000,8097.000000,2266.000000,4820.000000,695.000000,601.000000,3.000000,
0.040565,0.746638,0.365615,0.270217,0.004070,-209748.332543,3.016335,2195607.000000,1874874.000000,3722527.000000,334752.000000,1282372.000000,1952.000000,539.000000,1146.000000,164.000000,144.000000,453.000000,125.000000,266.000000,38.000000,33.000000,2784.000000,769.000000,1633.000000,233.000000,205.000000,15.000000,8.000000,18.000000,3.000000,5.000000,0.000000,6.000000,12.000000,2.000000,4.000000,0.000000,7.000000,15.000000,2.000000,5.000000,8097.000000,2266.000000,4820.000000,695.000000,601.000000,3.000000,
0.040565,0.746638,0.365615,0.270217,0.004070,-209748.332543,3.016335,2195607.000000,1874874.000000,3722527.000000,334752.000000,1282372.000000,1952.000000,539.000000,1146.000000,164.000000,144.000000,453.000000,125.000000,266.000000,38.000000,33.000000,2784.000000,769.000000,1633.000000,233.000000,205.000000,15.000000,8.000000,18.000000,3.000000,5.000000,0.000000,6.000000,12.000000,2.000000,4.000000,0.000000,7.000000,15.000000,2.000000,5.000000,8097.000000,2266.000000,4820.000000,695.000000,601.000000,3.000000,
0.040565,0.746638,0.365615,0.270217,0.004070,-209748.332543,3.016335,2195607.000000,1874874.000000,3722527.000000,334752.000000,1282372.000000,1952.000000,539.000000,1146.000000,164.000000,144.000000,453.000000,125.000000,266.000000,38.000000,33.000000,2784.000000,769.000000,1633.000000,233.000000,205.000000,15.000000,8.000000,18.000000,3.000000,5.000000,0.000000,6.000000,12.000000,2.000000,4.000000,0.000000,7.000000,15.000000,2.000000,5.000000,8097.000000,2266.000000,4820.000000,695.000000,601.000000,3.000000,
0.040565,0.746638,0.365615,0.270217,0.004070,-209748.332543,3.016335,2195607.000000,1874874.000000,3722527.000000,334752.000000,1282372.000000,1952.000000,539.000000,1146.000000,164.000000,144.000000,453.000000,125.000000,266.000000,38.000000,33.000000,2784.000000,769.000000,1633.000000,233.000000,205.000000,15.000000,8.000000,18.000000,3.000000,5.000000,0.000000,6.000000,12.000000,2.000000,4.000000,0.000000,7.000000,15.000000,2.000000,5.000000,8097.000000,2266.000000,4820.000000,695.000000,601.000000,3.000000,
0.040565,0.746638,0.365615,0.270217,0.004070,-209748.332543,3.016335,2195607.000000,1874874.000000,3722527.000000,334752.000000,1282372.000000,1952.000000,539.000000,1146.000000,164.000000,144.000000,453.000000,125.000000,266.000000,38.000000,33.000000,2784.000000,769.000000,1633.000000,233.000000,205.000000,15.000000,8.000000,18.000000,3.000000,5.000000,0.000000,6.000000,12.000000,2.000000,4.000000,0.000000,7.000000,15.000000,2.000000,5.000000,8097.000000,2266.000000,4820.000000,695.000000,601.000000,3.000000,
0.040565,0.746638,0.365615,0.270217,0.004070,-209748.332543,3.016335,2195607.000000,1874874.000000,3722527.000000,334752.000000,1282372.000000,1952.000000,539.000000,1146.000000,164.000000,144.000000,453.000000,125.000000,266.000000,38.000000,33.000000,2784.000000,769.000000,1633.000000,233.000000,205.000000,15.000000,8.000000,18.000000,3.000000,5.000000,0.000000,6.000000,12.000000,2.000000,4.000000,0.000000,7.000000,15.000000,2.000000,5.000000,8097.000000,2266.000000,4820.000000,695.000000,601.000000,3.000000,
0.040565,0.746638,0.365615,0.270217,0.004070,-209748.332543,3.016335,2195607.000000,1874874.000000,3722527.000000,334752.000000,1282372.000000,1952.000000,539.000000,1146.000000,164.000000,144.000000,453.000000,125.000000,266.000000,38.000000,33.000000,2784.000000,769.000000,1633.000000,233.000000,205.000000,15.000000,8.000000,18.000000,3.000000,5.000000,0.000000,6.000000,12.000000,2.000000,4.000000,0.000000,7.000000,15.000000,2.000000,5.000000,8097.000000,2266.000000,4820.000000,695.000000,601.000000,3.000000,
0.040565,0.746638,0.365615,0.270217,0.004070,-209748.332543,3.016335,2195607.000000,1874874.000000,3722527.000000,334752.000000,1282372.000000,1952.000000,539.000000,1146.000000,164.000000,144.000000,453.000000,125.000000,266.000000,38.000000,33.000000,2784.000000,769.000000,1633.000000,233.000000,205.000000,15.000000,8.000000,18.000000,3.000000,5.000000,0.000000,6.000000,12.000000,2.000000,4.000000,0.000000,7.000000,15.000000,2.000000,5.000000,8097.000000,2266.000000,4820.000000,695.000000,601.000000,3.000000,
0.040565,0.746638,0.365615,0.270217,0.004070,-209748.332543,3.016335,2195607.000000,1874874.000000,3722527.000000,334752.000000,1282372.000000,1952.000000,539.000000,1146.000000,164.000000,144.000000,453.000000,125.000000,266.000000,38.000000,33.000000,2784.000000,769.000000,1633.000000,233.000000,205.000000,15.000000,8.000000,18.000000,3.000000,5.000000,0.000000,6.000000,12.000000,2.000000,4.000000,0.000000,7.000000,15.000000,2.000000,5.000000,8097.000000,2266.000000,4820.000000,695.000000,601.000000,3.000000,
0.040565,0.746638,0.365615,0.270217,0.004070,-209748.332543,3.016335,2195607.000000,1874874.000000,3722527.000000,334752.000000,1282372.000000,1952.000000,539.000000,1146.000000,164.000000,144.000000,453.000000,125.000000,266.000000,38.000000,33.000000,2784.000000,769.000000,1633.000000,233.000000,205.000000,15.000000,8.000000,18.000000,3.000000,5.000000,0.000000,6.000000,12.000000,2.000000,4.000000,0.000000,7.000000,15.000000,2.000000,5.000000,8097.000000,2266.000000,4820.000000,695.000000,601.000000,3.000000,
0.041049,0.317420,0.337658,0.241904,0.038397,-208316.580770,3.000553,2195607.000000,1874874.000000,3722527.000000,334752.000000,1282372.000000,1952.000000,539.000000,1146.000000,164.000000,144.000000,453.000000,125.000000,266.000000,38.000000,33.000000,2784.000000,769.000000,1633.000000,233.000000,205.000000,15.000000,8.000000,18.000000,3.000000,5.000000,0.000000,6.000000,12.000000,2.000000,4.000000,0.000000,7.000000,15.000000,2.000000,5.000000,8097.000000,2266.000000,4820.000000,695.000000,601.000000,3.000000,
0.041049,0.317420,0.337658,0.241904,0.038397,-208316.580770,3.000553,2195607.000000,1874874.000000,3722527.000000,334752.000000,1282372.000000,1952.000000,539.000000,1146.000000,164.000000,144.000000,453.000000,125.000000,266.000000,38.000000,33.000000,2784.000000,769.000000,1633.000000,233.000000,205.000000,15.000000,8.000000,18.000000,3.000000,5.000000,0.000000,6.000000,12.000000,2.000000,4.000000,0.000000,7.000000,15.000000,2.000000,5.000000,8097.000000,2266.000000,4820.000000,695.000000,601.000000,3.000000,
0.041049,0.317420,0.337658,0.241904,0.038397,-208316.580770,3.000553,2195607.000000,1874874.000000,3722527.000000,334752.000000,1282372.000000,1952.000000,539.000000,1146.000000,164.000000,144.000000,453.000000,125.000000,266.000000,38.000000,33.000000,2784.000000,769.000000,1633.000000,233.000000,205.000000,15.000000,8.000000,18.000000,3.000000,5.000000,0.000000,6.000000,12.000000,2.000000,4.000000,0.000000,7.000000,15.000000,2.000000,5.000000,8097.000000,2266.000000,4820.000000,695.000000,601.000000,3.000000,
0.041049,0.317420,0.337658,0.241904,0.038397,-208316.580770,3.000553,2195607.000000,1874874.000000,3722527.000000,334752.000000,1282372.000000,1952.000000,539.000000,1146.000000,164.000000,144.000000,453.000000,125.000000,266.000000,38.000000,33.000000,2784.000000,769.000000,1633.000000,233.000000,205.000000,15.000000,8.000000,18.000000,3.000000,5.000000,0.000000,6.000000,12.000000,2.000000,4.000000,0.000000,7.000000,15.000000,2.000000,5.000000,8097.000000,2266.000000,4820.000000,695.000000,601.000000,3.000000,
0.041049,0.317420,0.337658,0.241904,0.038397,-208316.580770,3.000553,2195607.000000,1874874.000000,3722527.000000,334752.000000,1282372.000000,1952.000000,539.000000,1146.000000,164.000000,144.000000,453.000000,125.000000,266.000000,38.000000,33.000000,2784.000000,769.000000,1633.000000,233.000000,205.000000,15.000000,8.000000,18.000000,3.000000,5.000000,0.000000,6.000000,12.000000,2.000000,4.000000,0.000000,7.000000,15.000000,2.000000,5.000000,8097.000000,2266.000000,4820.000000,695.000000,601.000000,3.000000,
0.041049,0.317420,0.337658,0.241904,0.038397,-208316.580770,3.000553,2195607.000000,1874874.000000,3722527.000000,334752.000000,1282372.000000,1952.000000,539.000000,1146.000000,164.000000,144.000000,453.000000,125.000000,266.000000,38.000000,33.000000,2784.000000,769.000000,1633.000000,233.000000,205.000000,15.000000,8.000000,18.000000,3.000000,5.000000,0.000000,6.000000,12.000000,2.000000,4.000000,0.000000,7.000000,15.000000,2.000000,5.000000,8097.000000,2266.000000,4820.000000,695.000000,601.000000,3.000000,
0.041049,0.317420,0.337658,0.241904,0.038397,-208316.580770,3.000553,2195607.000000,1874874.000000,3722527.000000,334752.000000,1282372.000000,1952.000000,539.000000,1146.000000,164.000000,144.000000,453.000000,125.000000,266.000000,38.000000,33.000000,2784.000000,769.000000,1633.000000,233.000000,205.000000,15.000000,8.000000,18.000000,3.000000,5.000000,0.000000,6.000000,12.000000,2.000000,4.000000,0.000000,7.000000,15.000000,2.000000,5.000000,8097.000000,2266.000000,4820.000000,695.000000,601.000000,3.000000,
0.041049,0.317420,0.337658,0.241904,0.038397,-208316.580770,3.000553,2195607.000000,1874874.000000,3722527.000000,334752.000000,1282372.000000,1952.000000,539.000000,1146.000000,164.000000,144.000000,453.000000,125.000000,266.000000,38.000000,33.000000,2784.000000,769.000000,1633.000000,233.000000,205.000000,15.000000,8.000000,18.000000,3.000000,5.000000,0.000000,6.000000,12.000000,2.000000,4.000000,0.000000,7.000000,15.000000,2.000000,5.000000,8097.000000,2266.000000,4820.000000,695.000000,601.000000,3.000000,
0.041049,0.317420,0.337658,0.241904,0.038397,-208316.580770,3.000553,2195607.000000,1874874.000000,3722527.000000,334752.000000,1282372.000000,1952.000000,539.000000,1146.000000,164.000000,144.000000,453.000000,125.000000,266.000000,38.000000,33.000000,2784.000000,769.000000,1633.000000,233.000000,205.000000,15.000000,8.000000,18.000000,3.000000,5.000000,0.000000,6.000000,12.000000,2.000000,4.000000,0.000000,7.000000,15.000000,2.000000,5.000000,8097.000000,2266.000000,4820.000000,695.000000,601.000000,3.000000,
0.041049,0.317420,0.337658,0.241904,0.038397,-208316.580770,3.000553,2195607.000000,1874874.000000,3722527.000000,334752.000000,1282372.000000,1952.000000,539.000000,1146.000000,164.000000,144.000000,453.000000,125.000000,266.000000,38.000000,33.000000,2784.000000,769.000000,1633.000000,233.000000,205.000000,15.000000,8.000000,18.000000,3.000000,5.000000,0.000000,6.000000,12.000000,2.000000,4.000000,0.000000,7.000000,15.000000,2.000000,5.000000,8097.000000,2266.000000,4820.000000,695.000000,601.000000,3.000000,
0.041049,0.317420,0.337658,0.241904,0.038397,-208316.580770,3.000553,2195607.000000,1874874.000000,3722527.000000,334752.000000,1282372.000000,1952.000000,539.000000,1146.000000,164.000000,144.000000,453.000000,125.000000,266.000000,38.000000,33.000000,2784.000000,769.000000,1633.000000,233.000000,205.000000,15.000000,8.000000,18.000000,3.000000,5.000000,0.000000,6.000000,12.000000,2.000000,4.000000,0.000000,7.000000,15.000000,2.000000,5.000000,8097.000000,2266.000000,4820.000000,695.000000,601.000000,3.000000,
0.041093,0.238012,0.334976,0.251777,0.035905,-208181.901358,2.998809,2195607.000000,1874874.000000,3722527.000000,334752.000000,1282372.000000,1952.000000,539.000000,1146.000000,164.000000,144.000000,453.000000,125.000000,266.000000,38.000000,33.000000,2784.000000,769.000000,1633.000000,233.000000,205.000000,15.000000,8.000000,18.000000,3.000000,5.000000,0.000000,6.000000,12.000000,2.000000,4.000000,0.000000,7.000000,15.000000,2.000000,5.000000,8097.000000,2266.000000,4820.000000,695.000000,601.000000,3.000000,
0.041093,0.238012,0.334976,0.251777,0.035905,-208181.901358,2.998809,2195607.000000,1874874.000000,3722527.000000,334752.000000,1282372.000000,1952.000000,539.000000,1146.000000,164.000000,144.000000,453.000000,125.000000,266.000000,38.000000,33.000000,2784.000000,769.000000,1633.000000,233.000000,205.000000,15.000000,8.000000,18.000000,3.000000,5.000000,0.000000,6.000000,12.000000,2.000000,4.000000,0.000000,7.000000,15.000000,2.000000,5.000000,8097.000000,2266.000000,4820.000000,695.000000,601.000000,3.000000,
0.041093,0.238012,0.334976,0.251777,0.035905,-208181.901358,2.998809,2195607.000000,1874874.000000,3722527.000000,334752.000000,1282372.000000,1952.000000,539.000000,1146.000000,164.000000,144.000000,453.000000,125.000000,266.000000,38.000000,33.000000,2784.000000,769.000000,1633.000000,233.000000,205.000000,15.000000,8.000000,18.000000,3.000000,5.000000,0.000000,6.000000,12.000000,2.000000,4.000000,0.000000,7.000000,15.000000,2.000000,5.000000,8097.000000,2266.000000,4820.000000,695.000000,601.000000,3.000000,
0.041093,0.238012,0.334976,0.251777,0.035905,-208181.901358,2.998809,2195607.000000,1874874.000000,3722527.000000,334752.000000,1282372.000000,1952.000000,539.000000,1146.000000,164.000000,144.000000,453.000000,125.000000,266.000000,38.000000,33.000000,2784.000000,769.000000,1633.000000,233.000000,205.000000,15.000000,8.000000,18.000000,3.000000,5.000000,0.000000,6.000000,12.000000,2.000000,4.000000,0.000000,7.000000,15.000000,2.000000,5.000000,8097.000000,2266.000000,4820.000000,695.000000,601.000000,3.000000,
0.041194,0.422714,0.329591,0.280214,0.054525,-207912.907096,2.996165,2195607.000000,1874874.000000,3722527.000000,334752.000000,1282372.000000,1952.000000,539.000000,1146.000000,164.000000,144.000000,453.000000,125.000000,266.000000,38.000000,33.000000,2784.000000,769.000000,1633.000000,233.000000,205.000000,15.000000,8.000000,18.000000,3.000000,5.000000,0.000000,6.000000,12.000000,2.000000,4.000000,0.000000,7.000000,15.000000,2.000000,5.000000,8097.000000,2266.000000,4820.000000,695.000000,601.000000,3.000000,
0.041194,0.422714,0.329591,0.280214,0.054525,-207912.907096,2.996165,2195607.000000,1874874.000000,3722527.000000,334752.000000,1282372.000000,1952.000000,539.000000,1146.000000,164.000000,144.000000,453.000000,125.000000,266.000000,38.000000,33.000000,2784.000000,769.000000,1633.000000,233.000000,205.000000,15.000000,8.000000,18.000000,3.000000,5.000000,0.000000,6.000000,12.000000,2.000000,4.000000,0.000000,7.000000,15.000000,2.000000,5.000000,8097.000000,2266.000000,4820.000000,695.000000,601.000000,3.000000,
0.041122,0.624221,0.332064,0.256903,0.071249,-208036.159231,2.995531,2195607.000000,1874874.000000,3722527.000000,334752.000000,1282372.000000,1952.000000,539.000000,1146.000000,164.000000,144.000000,453.000000,125.000000,266.000000,38.000000,33.000000,2784.000000,769.000000,1633.000000,233.000000,205.000000,15.000000,8.000000,18.000000,3.000000,5.000000,0.000000,6.000000,12.000000,2.000000,4.000000,0.000000,7.000000,15.000000,2.000000,5.000000,8097.000000,2266.000000,4820.000000,695.000000,601.000000,3.000000,
0.041122,0.624221,0.332064,0.256903,0.071249,-208036.159231,2.995531,2195607.000000,1874874.000000,3722527.000000,334752.000000,1282372.000000,1952.000000,539.000000,1146.000000,164.000000,144.000000,453.000000,125.000000,266.000000,38.000000,33.000000,2784.000000,769.000000,1633.000000,233.000000,205.000000,15.000000,8.000000,18.000000,3.000000,5.000000,0.000000,6.000000,12.000000,2.000000,4.000000,0.000000,7.000000,15.000000,2.000000,5.000000,8097.000000,2266.000000,4820.000000,695.000000,601.000000,3.000000,
0.041122,0.624221,0.332064,0.256903,0.071249,-208036.159231,2.995531,2195607.000000,1874874.000000,3722527.000000,334752.000000,1282372.000000,1952.000000,539.000000,1146.000000,164.000000,144.000000,453.000000,125.000000,266.000000,38.000000,33.000000,2784.000000,769.000000,1633.000000,233.000000,205.000000,15.000000,8.000000,18.000000,3.000000,5.000000,0.000000,6.000000,12.000000,2.000000,4.000000,0.000000,7.000000,15.000000,2.000000,5.000000,8097.000000,2266.000000,4820.000000,695.000000,601.000000,3.000000,
0.041122,0.624221,0.332064,0.256903,0.071249,-208036.159231,2.995531,2195607.000000,1874874.000000,3722527.000000,334752.000000,1282372.000000,1952.000000,539.000000,1146.000000,164.000000,144.000000,453.000000,125.000000,266.000000,38.000000,33.000000,2784.000000,769.000000,1633.000000,233.000000,205.000000,15.000000,8.000000,18.000000,3.000000,5.000000,0.000000,6.000000,12.000000,2.000000,4.000000,0.000000,7.000000,15.000000,2.000000,5.000000,8097.000000,2266.000000,4820.000000,695.000000,601.000000,3.000000,
0.041122,0.624221,0.332064,0.256903,0.071249,-208036.159231,2.995531,2195607.000000,1874874.000000,3722527.000000,334752.000000,1282372.000000,1952.000000,539.000000,1146.000000,164.000000,144.000000,453.000000,125.000000,266.000000,38.000000,33.000000,2784.000000,769.000000,1633.000000,233.000000,205.000000,15.000000,8.000000,18.000000,3.000000,5.000000,0.000000,6.000000,12.000000,2.000000,4.000000,0.000000,7.000000,15.000000,2.000000,5.000000,8097.000000,2266.000000,4820.000000,695.000000,601.000000,3.000000,
0.041122,0.624221,0.332064,0.256903,0.071249,-208036.159231,2.995531,2195607.000000,1874874.000000,3722527.000000,334752.000000,1282372.000000,1952.000000,539.000000,1146.000000,164.000000,144.000000,453.000000,125.000000,266.000000,38.000000,33.000000,2784.000000,769.000000,1633.000000,233.000000,205.000000,15.000000,8.000000,18.000000,3.000000,5.000000,0.000000,6.000000,12.000000,2.000000,4.000000,0.000000,7.000000,15.000000,2.000000,5.000000,8097.000000,2266.000000,4820.000000,695.000000,601.000000,3.000000,
0.041122,0.624221,0.332064,0.256903,0.071249,-208036.159231,2.995531,2195607.000000,1874874.000000,3722527.000000,334752.000000,1282372.000000,1952.000000,539.000000,1146.000000,164.000000,144.000000,453.000000,125.000000,266.000000,38.000000,33.000000,2784.000000,769.000000,1633.000000,233.000000,205.000000,15.000000,8.000000,18.000000,3.000000,5.000000,0.000000,6.000000,12.000000,2.000000,4.000000,0.000000,7.000000,15.000000,2.000000,5.000000,8097.000000,2266.000000,4820.000000,695.000000,601.000000,3.000000,
0.041122,0.624221,0.332064,0.256903,0.071249,-208036.159231,2.995531,2195607.000000,1874874.000000,3722527.000000,334752.000000,1282372.000000,1952.000000,539.000000,1146.000000,164.000000,144.000000,453.000000,125.000000,266.000000,38.000000,33.000000,2784.000000,769.000000,1633.000000,233.000000,205.000000,15.000000,8.000000,18.000000,3.000000,5.000000,0.000000,6.000000,12.000000,2.000000,4.000000,0.000000,7.000000,15.000000,2.000000,5.000000,8097.000000,2266.000000,4820.000000,695.000000,601.000000,3.000000,
0.041122,0.624221,0.332064,0.256903,0.071249,-208036.159231,2.995531,2195607.000000,1874874.000000,3722527.000000,334752.000000,1282372.000000,1952.000000,539.000000,1146.000000,164.000000,144.000000,453.000000,125.000000,266.000000,38.000000,33.000000,2784.000000,769.000000,1633.000000,233.000000,205.000000,15.000000,8.000000,18.000000,3.000000,5.000000,0.000000,6.000000,12.000000,2.000000,4.000000,0.000000,7.000000,15.000000,2.000000,5.000000,8097.000000,2266.000000,4820.000000,695.000000,601.000000,3.000000,
0.041122,0.624221,0.332064,0.256903,0.071249,-208036.159231,2.995531,2195607.000000,1874874.000000,3722527.000000,334752.000000,1282372.000000,1952.000000,539.000000,1146.000000,164.000000,144.000000,453.000000,125.000000,266.000000,38.000000,33.000000,2784.000000,769.000000,1633.000000,233.000000,205.000000,15.000000,8.000000,18.000000,3.000000,5.000000,0.000000,6.000000,12.000000,2.000000,4.000000,0.000000,7.000000,15.000000,2.000000,5.000000,8097.000000,2266.000000,4820.000000,695.000000,601.000000,3.000000,
0.041122,0.624221,0.332064,0.256903,0.071249,-208036.159231,2.995531,2195607.000000,1874874.000000,3722527.000000,334752.000000,1282372.000000,1952.000000,539.000000,1146.000000,164.000000,144.000000,453.000000,125.000000,266.000000,38.000000,33.000000,2784.000000,769.000000,1633.000000,233.000000,205.000000,15.000000,8.000000,18.000000,3.000000,5.000000,0.000000,6.000000,12.000000,2.000000,4.000000,0.000000,7.000000,15.000000,2.000000,5.000000,8097.000000,2266.000000,4820.000000,695.000000,601.000000,3.000000,
0.041122,0.624221,0.332064,0.256903,0.071249,-208036.159231,2.995531,2195607.000000,1874874.000000,3722527.000000,334752.000000,1282372.000000,1952.000000,539.000000,1146.000000,164.000000,144.000000,453.000000,125.000000,266.000000,38.000000,33.000000,2784.000000,769.000000,1633.000000,233.000000,205.000000,15.000000,8.000000,18.000000,3.000000,5.000000,0.000000,6.000000,12.000000,2.000000,4.000000,0.000000,7.000000,15.000000,2.000000,5.000000,8097.000000,2266.000000,4820.000000,695.000000,601.000000,3.000000,
0.041122,0.624221,0.332064,0.256903,0.071249,-208036.159231,2.995531,2195607.000000,1874874.000000,3722527.000000,334752.000000,1282372.000000,1952.000000,539.000000,1146.000000,164.000000,144.000000,453.000000,125.000000,266.000000,38.000000,33.000000,2784.000000,769.000000,1633.000000,233.000000,205.000000,15.000000,8.000000,18.000000,3.000000,5.000000,0.000000,6.000000,12.000000,2.000000,4.000000,0.000000,7.000000,15.000000,2.000000,5.000000,8097.000000,2266.000000,4820.000000,695.000000,601.000000,3.000000,
0.041122,0.624221,0.332064,0.256903,0.071249,-208036.159231,2.995531,2195607.000000,1874874.000000,3722527.000000,334752.000000,1282372.000000,1952.000000,539.000000,1146.000000,164.000000,144.000000,453.000000,125.000000,266.000000,38.000000,33.000000,2784.000000,769.000000,1633.000000,233.000000,205.000000,15.000000,8.000000,18.000000,3.000000,5.000000,0.000000,6.000000,12.000000,2.000000,4.000000,0.000000,7.000000,15.000000,2.000000,5.000000,8097.000000,2266.000000,4820.000000,695.000000,601.000000,3.000000,
0.041122,0.624221,0.332064,0.256903,0.071249,-208036.159231,2.995531,2195607.000000,1874874.000000,3722527.000000,334752.000000,1282372.000000,1952.000000,539.000000,1146.000000,164.000000,144.000000,453.000000,125.000000,266.000000,38.000000,33.000000,2784.000000,769.000000,1633.000000,233.000000,205.000000,15.000000,8.000000,18.000000,3.000000,5.000000,0.000000,6.000000,12.000000,2.000000,4.000000,0.000000,7.000000,15.000000,2.000000,5.000000,8097.000000,2266.000000,4820.000000,695.000000,601.000000,3.000000,
0.041122,0.624221,0.332064,0.256903,0.071249,-208036.159231,2.995531,2195607.000000,1874874.000000,3722527.000000,334752.000000,1282372.000000,1952.000000,539.000000,1146.000000,164.000000,144.000000,453.000000,125.000000,266.000000,38.000000,33.000000,2784.000000,769.000000,1633.000000,233.000000,205.000000,15.000000,8.000000,18.000000,3.000000,5.000000,0.000000,6.000000,12.000000,2.000000,4.000000,0.000000,7.000000,15.000000,2.000000,5.000000,8097.000000,2266.000000,4820.000000,695.000000,601.000000,3.000000,
0.041122,0.624221,0.332064,0.256903,0.071249,-208036.159231,2.995531,2195607.000000,1874874.000000,3722527.000000,334752.000000,1282372.000000,1952.000000,539.000000,1146.000000,164.000000,144.000000,453.000000,125.000000,266.000000,38.000000,33.000000,2784.000000,769.000000,1633.000000,233.000000,205.000000,15.000000,8.000000,18.000000,3.000000,5.000000,0.000000,6.000000,12.000000,2.000000,4.000000,0.000000,7.000000,15.000000,2.000000,5.000000,8097.000000,2266.000000,4820.000000,695.000000,601.000000,3.000000,
0.041122,0.624221,0.332064,0.256903,0.071249,-208036.159231,2.995531,2195607.000000,1874874.000000,3722527.000000,334752.000000,1282372.000000,1952.000000,539.000000,1146.000000,164.000000,144.000000,453.000000,125.000000,266.000000,38.000000,33.000000,2784.000000,769.000000,1633.000000,233.000000,205.000000,15.000000,8.000000,18.000000,3.000000,5.000000,0.000000,6.000000,12.000000,2.000000,4.000000,0.000000,7.000000,15.000000,2.000000,5.000000,8097.000000,2266.000000,4820.000000,695.000000,601.000000,3.000000,
0.041012,0.410011,0.339424,0.199046,0.086777,-208405.536986,3.001078,2195607.000000,1874874.000000,3722527.000000,334752.000000,1282372.000000,1952.000000,539.000000,1146.000000,164.000000,144.000000,453.000000,125.000000,266.000000,38.000000,33.000000,2784.000000,769.000000,1633.000000,233.000000,205.000000,15.000000,8.000000,18.000000,3.000000,5.000000,0.000000,6.000000,12.000000,2.000000,4.000000,0.000000,7.000000,15.000000,2.000000,5.000000,8097.000000,2266.000000,4820.000000,695.000000,601.000000,3.000000,
0.041003,0.236310,0.337726,0.224500,0.105178,-208319.944493,2.997334,2195607.000000,1874874.000000,3722527.000000,334752.000000,1282372.000000,1952.000000,539.000000,1146.000000,164.000000,144.000000,453.000000,125.000000,266.000000,38.000000,33.000000,2784.000000,769.000000,1633.000000,233.000000,205.000000,15.000000,8.000000,18.000000,3.000000,5.000000,0.000000,6.000000,12.000000,2.000000,4.000000,0.000000,7.000000,15.000000,2.000000,5.000000,8097.000000,2266.000000,4820.000000,695.000000,601.000000,3.000000,
0.041037,0.208087,0.337254,0.240967,0.119403,-208296.270557,2.998928,2195607.000000,1874874.000000,3722527.000000,334752.000000,1282372.000000,1952.000000,539.000000,1146.000000,164.000000,144.000000,453.000000,125.000000,266.000000,38.000000,33.000000,2784.000000,769.000000,1633.000000,233.000000,205.000000,15.000000,8.000000,18.000000,3.000000,5.000000,0.000000,6.000000,12.000000,2.000000,4.000000,0.000000,7.000000,15.000000,2.000000,5.000000,8097.000000,2266.000000,4820.000000,695.000000,601.000000,3.000000,
0.041037,0.208087,0.337254,0.240967,0.119403,-208296.270557,2.998928,2195607.000000,1874874.000000,3722527.000000,334752.000000,1282372.000000,1952.000000,539.000000,1146.000000,164.000000,144.000000,453.000000,125.000000,266.000000,38.000000,33.000000,2784.000000,769.000000,1633.000000,233.000000,205.000000,15.000000,8.000000,18.000000,3.000000,5.000000,0.000000,6.000000,12.000000,2.000000,4.000000,0.000000,7.000000,15.000000,2.000000,5.000000,8097.000000,2266.000000,4820.000000,695.000000,601.000000,3.000000,
0.041037,0.208087,0.337254,0.240967,0.119403,-208296.270557,2.998928,2195607.000000,1874874.000000,3722527.000000,334752.000000,1282372.000000,1952.000000,539.000000,1146.000000,164.000000,144.000000,453.000000,125.000000,266.000000,38.000000,33.000000,2784.000000,769.000000,1633.000000,233.000000,205.000000,15.000000,8.000000,18.000000,3.000000,5.000000,0.000000,6.000000,12.000000,2.000000,4.000000,0.000000,7.000000,15.000000,2.000000,5.000000,8097.000000,2266.000000,4820.000000,695.000000,601.000000,3.000000,
0.041037,0.208087,0.337254,0.240967,0.119403,-208296.270557,2.998928,2195607.000000,1874874.000000,3722527.000000,334752.000000,1282372.000000,1952.000000,539.000000,1146.000000,164.000000,144.000000,453.000000,125.000000,266.000000,38.000000,33.000000,2784.000000,769.000000,1633.000000,233.000000,205.000000,15.000000,8.000000,18.000000,3.000000,5.000000,0.000000,6.000000,12.000000,2.000000,4.000000,0.000000,7.000000,15.000000,2.000000,5.000000,8097.000000,2266.000000,4820.000000,695.000000,601.000000,3.000000,
0.041037,0.208087,0.337254,0.240967,0.119403,-208296.270557,2.998928,2195607.000000,1874874.000000,3722527.000000,334752.000000,1282372.000000,1952.000000,539.000000,1146.000000,164.000000,144.000000,453.000000,125.000000,266.000000,38.000000,33.000000,2784.000000,769.000000,1633.000000,233.000000,205.000000,15.000000,8.000000,18.000000,3.000000,5.000000,0.000000,6.000000,12.000000,2.000000,4.000000,0.000000,7.000000,15.000000,2.000000,5.000000,8097.000000,2266.000000,4820.000000,695.000000,601.000000,3.000000,
0.041037,0.208087,0.337254,0.240967,0.119403,-208296.270557,2.998928,2195607.000000,1874874.000000,3722527.000000,334752.000000,1282372.000000,1952.000000,539.000000,1146.000000,164.000000,144.000000,453.000000,125.000000,266.000000,38.000000,33.000000,2784.000000,769.000000,1633.000000,233.000000,205.000000,15.000000,8.000000,18.000000,3.000000,5.000000,0.000000,6.000000,12.000000,2.000000,4.000000,0.000000,7.000000,15.000000,2.000000,5.000000,8097.000000,2266.000000,4820.000000,695.000000,601.000000,3.000000,
0.041037,0.208087,0.337254,0.240967,0.119403,-208296.270557,2.998928,2195607.000000,1874874.000000,3722527.000000,334752.000000,1282372.000000,1952.000000,539.000000,1146.000000,164.000000,144.000000,453.000000,125.000000,266.000000,38.000000,33.000000,2784.000000,769.000000,1633.000000,233.000000,205.000000,15.000000,8.000000,18.000000,3.000000,5.000000,0.000000,6.000000,12.000000,2.000000,4.000000,0.000000,7.000000,15.000000,2.000000,5.000000,8097.000000,2266.000000,4820.000000,695.000000,601.000000,3.000000,
0.041037,0.208087,0.337254,0.240967,0.119403,-208296.270557,2.998928,2195607.000000,1874874.000000,3722527.000000,334752.000000,1282372.000000,1952.000000,539.000000,1146.000000,164.000000,144.000000,453.000000,125.000000,266.000000,38.000000,33.000000,2784.000000,769.000000,1633.000000,233.000000,205.000000,15.000000,8.000000,18.000000,3.000000,5.000000,0.000000,6.000000,12.000000,2.000000,4.000000,0.000000,7.000000,15.000000,2.000000,5.000000,8097.000000,2266.000000,4820.000000,695.000000,601.000000,3.000000,
0.041037,0.208087,0.337254,0.240967,0.119403,-208296.270557,2.998928,2195607.000000,1874874.000000,3722527.000000,334752.000000,1282372.000000,1952.000000,539.000000,1146.000000,164.000000,144.000000,453.000000,125.000000,266.000000,38.000000,33.000000,2784.000000,769.000000,1633.000000,233.000000,205.000000,15.000000,8.000000,18.000000,3.000000,5.000000,0.000000,6.000000,12.000000,2.000000,4.000000,0.000000,7.000000,15.000000,2.000000,5.000000,8097.000000,2266.000000,4820.000000,695.000000,601.000000,3.000000,
0.041037,0.208087,0.337254,0.240967,0.119403,-208296.270557,2.998928,2195607.000000,1874874.000000,3722527.000000,334752.000000,1282372.000000,1952.000000,539.000000,1146.000000,164.000000,144.000000,453.000000,125.000000,266.000000,38.000000,33.000000,2784.000000,769.000000,1633.000000,233.000000,205.000000,15.000000,8.000000,18.000000,3.000000,5.000000,0.000000,6.000000,12.000000,2.000000,4.000000,0.000000,7.000000,15.000000,2.000000,5.000000,8097.000000,2266.000000,4820.000000,695.000000,601.000000,3.000000,
0.041037,0.208087,0.337254,0.240967,0.119403,-208296.270557,2.998928,2195607.000000,1874874.000000,3722527.000000,334752.000000,1282372.000000,1952.000000,539.000000,1146.000000,164.000000,144.000000,453.000000,125.000000,266.000000,38.000000,33.000000,2784.000000,769.000000,1633.000000,233.000000,205.000000,15.000000,8.000000,18.000000,3.000000,5.000000,0.000000,6.000000,12.000000,2.000000,4.000000,0.000000,7.000000,15.000000,2.000000,5.000000,8097.000000,2266.000000,4820.000000,695.000000,601.000000,3.000000,
0.041037,0.208087,0.337254,0.240967,0.119403,-208296.270557,2.998928,2195607.000000,1874874.000000,3722527.000000,334752.000000,1282372.000000,1952.000000,539.000000,1146.000000,164.000000,144.000000,453.000000,125.000000,266.000000,38.000000,33.000000,2784.000000,769.000000,1633.000000,233.000000,205.000000,15.000000,8.000000,18.000000,3.000000,5.000000,0.000000,6.000000,12.000000,2.000000,4.000000,0.000000,7.000000,15.000000,2.000000,5.000000,8097.000000,2266.000000,4820.000000,695.000000,601.000000,3.000000,
0.041042,0.334678,0.335604,0.210692,0.144741,-208213.309975,2.996205,2195607.000000,1874874.000000,3722527.000000,334752.000000,1282372.000000,1952.000000,539.000000,1146.000000,164.000000,144.000000,453.000000,125.000000,266.000000,38.000000,33.000000,2784.000000,769.000000,1633.000000,233.000000,205.000000,15.000000,8.000000,18.000000,3.000000,5.000000,0.000000,6.000000,12.000000,2.000000,4.000000,0.000000,7.000000,15.000000,2.000000,5.000000,8097.000000,2266.000000,4820.000000,695.000000,601.000000,3.000000,
0.041042,0.334678,0.335604,0.210692,0.144741,-208213.309975,2.996205,2195607.000000,1874874.000000,3722527.000000,334752.000000,1282372.000000,1952.000000,539.000000,1146.000000,164.000000,144.000000,453.000000,125.000000,266.000000,38.000000,33.000000,2784.000000,769.000000,1633.000000,233.000000,205.000000,15.000000,8.000000,18.000000,3.000000,5.000000,0.000000,6.000000,12.000000,2.000000,4.000000,0.000000,7.000000,15.000000,2.000000,5.000000,8097.000000,2266.000000,4820.000000,695.000000,601.000000,3.000000,
0.041042,0.334678,0.335604,0.210692,0.144741,-208213.309975,2.996205,2195607.000000,1874874.000000,3722527.000000,334752.000000,1282372.000000,1952.000000,539.000000,1146.000000,164.000000,144.000000,453.000000,125.000000,266.000000,38.000000,33.000000,2784.000000,769.000000,1633.000000,233.000000,205.000000,15.000000,8.000000,18.000000,3.000000,5.000000,0.000000,6.000000,12.000000,2.000000,4.000000,0.000000,7.000000,15.000000,2.000000,5.000000,8097.000000,2266.000000,4820.000000,695.000000,601.000000,3.000000,
0.041042,0.334678,0.335604,0.210692,0.144741,-208213.309975,2.996205,2195607.000000,1874874.000000,3722527.000000,334752.000000,1282372.000000,1952.000000,539.000000,1146.000000,164.000000,144.000000,453.000000,125.000000,266.000000,38.000000,33.000000,2784.000000,769.000000,1633.000000,233.000000,205.000000,15.000000,8.000000,18.000000,3.000000,5.000000,0.000000,6.000000,12.000000,2.000000,4.000000,0.000000,7.000000,15.000000,2.000000,5.000000,8097.000000,2266.000000,4820.000000,695.000000,601.000000,3.000000,
0.041042,0.334678,0.335604,0.210692,0.144741,-208213.309975,2.996205,2195607.000000,1874874.000000,3722527.000000,334752.000000,1282372.000000,1952.000000,539.000000,1146.000000,164.000000,144.000000,453.000000,125.000000,266.000000,38.000000,33.000000,2784.000000,769.000000,1633.000000,233.000000,205.000000,15.000000,8.000000,18.000000,3.000000,5.000000,0.000000,6.000000,12.000000,2.000000,4.000000,0.000000,7.000000,15.000000,2.000000,5.000000,8097.000000,2266.000000,4820.000000,695.000000,601.000000,3.000000,
0.041181,0.160668,0.326563,0.222490,0.200076,-207762.286230,2.989576,2195607.000000,1874874.000000,3722527.000000,334752.000000,1282372.000000,1952.000000,539.000000,1146.000000,164.000000,144.000000,453.000000,125.000000,266.000000,38.000000,33.000000,2784.000000,769.000000,1633.000000,233.000000,205.000000,15.000000,8.000000,18.000000,3.000000,5.000000,0.000000,6.000000,12.000000,2.000000,4.000000,0.000000,7.000000,15.000000,2.000000,5.000000,8097.000000,2266.000000,4820.000000,695.000000,601.000000,3.000000,
0.041180,0.197449,0.323722,0.228474,0.150451,-207621.554807,2.984211,2195607.000000,1874874.000000,3722527.000000,334752.000000,1282372.000000,1952.000000,539.000000,1146.000000,164.000000,144.000000,453.000000,125.000000,266.000000,38.000000,33.000000,2784.000000,769.000000,1633.000000,233.000000,205.000000,15.000000,8.000000,18.000000,3.000000,5.000000,0.000000,6.000000,12.000000,2.000000,4.000000,0.000000,7.000000,15.000000,2.000000,5.000000,8097.000000,2266.000000,4820.000000,695.000000,601.000000,3.000000,
0.041196,0.141454,0.323305,0.210993,0.182062,-207600.976422,2.984603,2195607.000000,1874874.000000,3722527.000000,334752.000000,1282372.000000,1952.000000,539.000000,1146.000000,164.000000,144.000000,453.000000,125.000000,266.000000,38.000000,33.000000,2784.000000,769.000000,1633.000000,233.000000,205.000000,15.000000,8.000000,18.000000,3.000000,5.000000,0.000000,6.000000,12.000000,2.000000,4.000000,0.000000,7.000000,15.000000,2.000000,5.000000,8097.000000,2266.000000,4820.000000,695.000000,601.000000,3.000000,
0.041196,0.141454,0.323305,0.210993,0.182062,-207600.976422,2.984603,2195607.000000,1874874.000000,3722527.000000,334752.000000,1282372.000000,1952.000000,539.000000,1146.000000,164.000000,144.000000,453.000000,125.000000,266.000000,38.000000,33.000000,2784.000000,769.000000,1633.000000,233.000000,205.000000,15.000000,8.000000,18.000000,3.000000,5.000000,0.000000,6.000000,12.000000,2.000000,4.000000,0.000000,7.000000,15.000000,2.000000,5.000000,8097.000000,2266.000000,4820.000000,695.000000,601.000000,3.000000,
0.040776,0.142814,0.343420,0.213590,0.146719,-208607.167129,2.991211,2195607.000000,1874874.000000,3722527.000000,334752.000000,1282372.000000,1952.000000,539.000000,1146.000000,164.000000,144.000000,453.000000,125.000000,266.000000,38.000000,33.000000,2784.000000,769.000000,1633.000000,233.000000,205.000000,15.000000,8.000000,18.000000,3.000000,5.000000,0.000000,6.000000,12.000000,2.000000,4.000000,0.000000,7.000000,15.000000,2.000000,5.000000,8097.000000,2266.000000,4820.000000,695.000000,601.000000,3.000000,
0.040776,0.142814,0.343420,0.213590,0.146719,-208607.167129,2.991211,2195607.000000,1874874.000000,3722527.000000,334752.000000,1282372.000000,1952.000000,539.000000,1146.000000,164.000000,144.000000,453.000000,125.000000,266.000000,38.000000,33.000000,2784.000000,769.000000,1633.000000,233.000000,205.000000,15.000000,8.000000,18.000000,3.000000,5.000000,0.000000,6.000000,12.000000,2.000000,4.000000,0.000000,7.000000,15.000000,2.000000,5.000000,8097.000000,2266.000000,4820.000000,695.000000,601.000000,3.000000,
0.040776,0.142814,0.343420,0.213590,0.146719,-208607.167129,2.991211,2195607.000000,1874874.000000,3722527.000000,334752.000000,1282372.000000,1952.000000,539.000000,1146.000000,164.000000,144.000000,453.000000,125.000000,266.000000,38.000000,33.000000,2784.000000,769.000000,1633.000000,233.000000,205.000000,15.000000,8.000000,18.000000,3.000000,5.000000,0.000000,6.000000,12.000000,2.000000,4.000000,0.000000,7.000000,15.000000,2.000000,5.000000,8097.000000,2266.000000,4820.000000,695.000000,601.000000,3.000000,
0.040776,0.142814,0.343420,0.213590,0.146719,-208607.167129,2.991211,2195607.000000,1874874.000000,3722527.000000,334752.000000,1282372.000000,1952.000000,539.000000,1146.000000,164.000000,144.000000,453.000000,125.000000,266.000000,38.000000,33.000000,2784.000000,769.000000,1633.000000,233.000000,205.000000,15.000000,8.000000,18.000000,3.000000,5.000000,0.000000,6.000000,12.000000,2.000000,4.000000,0.000000,7.000000,15.000000,2.000000,5.000000,8097.000000,2266.000000,4820.000000,695.000000,601.000000,3.000000,
0.040776,0.142814,0.343420,0.213590,0.146719,-208607.167129,2.991211,2195607.000000,1874874.000000,3722527.000000,334752.000000,1282372.000000,1952.000000,539.000000,1146.000000,164.000000,144.000000,453.000000,125.000000,266.000000,38.000000,33.000000,2784.000000,769.000000,1633.000000,233.000000,205.000000,15.000000,8.000000,18.000000,3.000000,5.000000,0.000000,6.000000,12.000000,2.000000,4.000000,0.000000,7.000000,15.000000,2.000000,5.000000,8097.000000,2266.000000,4820.000000,695.000000,601.000000,3.000000,
0.040776,0.142814,0.343420,0.213590,0.146719,-208607.167129,2.991211,2195607.000000,1874874.000000,3722527.000000,334752.000000,1282372.000000,1952.000000,539.000000,1146.000000,164.000000,144.000000,453.000000,125.000000,266.000000,38.000000,33.000000,2784.000000,769.000000,1633.000000,233.000000,205.000000,15.000000,8.000000,18.000000,3.000000,5.000000,0.000000,6.000000,12.000000,2.000000,4.000000,0.000000,7.000000,15.000000,2.000000,5.000000,8097.000000,2266.000000,4820.000000,695.000000,601.000000,3.000000,
0.040776,0.142814,0.343420,0.213590,0.146719,-208607.167129,2.991211,2195607.000000,1874874.000000,3722527.000000,334752.000000,1282372.000000,1952.000000,539.000000,1146.000000,164.000000,144.000000,453.000000,125.000000,266.000000,38.000000,33.000000,2784.000000,769.000000,1633.000000,233.000000,205.000000,15.000000,8.000000,18.000000,3.000000,5.000000,0.000000,6.000000,12.000000,2.000000,4.000000,0.000000,7.000000,15.000000,2.000000,5.000000,8097.000000,2266.000000,4820.000000,695.000000,601.000000,3.000000,
0.040776,0.142814,0.343420,0.213590,0.146719,-208607.167129,2.991211,2195607.000000,1874874.000000,3722527.000000,334752.000000,1282372.000000,1952.000000,539.000000,1146.000000,164.000000,144.000000,453.000000,125.000000,266.000000,38.000000,33.000000,2784.000000,769.000000,1633.000000,233.000000,205.000000,15.000000,8.000000,18.000000,3.000000,5.000000,0.000000,6.000000,12.000000,2.000000,4.000000,0.000000,7.000000,15.000000,2.000000,5.000000,8097.000000,2266.000000,4820.000000,695.000000,601.000000,3.000000,
0.040776,0.142814,0.343420,0.213590,0.146719,-208607.167129,2.991211,2195607.000000,1874874.000000,3722527.000000,334752.000000,1282372.000000,1952.000000,539.000000,1146.000000,164.000000,144.000000,453.000000,125.000000,266.000000,38.000000,33.000000,2784.000000,769.000000,1633.000000,233.000000,205.000000,15.000000,8.000000,18.000000,3.000000,5.000000,0.000000,6.000000,12.000000,2.000000,4.000000,0.000000,7.000000,15.000000,2.000000,5.000000,8097.000000,2266.000000,4820.000000,695.000000,601.000000,3.000000,
0.040776,0.142814,0.343420,0.213590,0.146719,-208607.167129,2.991211,2195607.000000,1874874.000000,3722527.000000,334752.000000,1282372.000000,1952.000000,539.000000,1146.000000,164.000000,144.000000,453.000000,125.000000,266.000000,38.000000,33.000000,2784.000000,769.000000,1633.000000,233.000000,205.000000,15.000000,8.000000,18.000000,3.000000,5.000000,0.000000,6.000000,12.000000,2.000000,4.000000,0.000000,7.000000,15.000000,2.000000,5.000000,8097.000000,2266.000000,4820.000000,695.000000,601.000000,3.000000,
0.040776,0.142814,0.343420,0.213590,0.146719,-208607.167129,2.991211,2195607.000000,1874874.000000,3722527.000000,334752.000000,1282372.000000,1952.000000,539.000000,1146.000000,164.000000,144.000000,453.000000,125.000000,266.000000,38.000000,33.000000,2784.000000,769.000000,1633.000000,233.000000,205.000000,15.000000,8.000000,18.000000,3.000000,5.000000,0.000000,6.000000,12.000000,2.000000,4.000000,0.000000,7.000000,15.000000,2.000000,5.000000,8097.000000,2266.000000,4820.000000,695.000000,601.000000,3.000000,
0.040776,0.142814,0.343420,0.213590,0.146719,-208607.167129,2.991211,2195607.000000,1874874.000000,3722527.000000,334752.000000,1282372.000000,1952.000000,539.000000,1146.000000,164.000000,144.000000,453.000000,125.000000,266.000000,38.000000,33.000000,2784.000000,769.000000,1633.000000,233.000000,205.000000,15.000000,8.000000,18.000000,3.000000,5.000000,0.000000,6.000000,12.000000,2.000000,4.000000,0.000000,7.000000,15.000000,2.000000,5.000000,8097.000000,2266.000000,4820.000000,695.000000,601.000000,3.000000,
0.040776,0.142814,0.343420,0.213590,0.146719,-208607.167129,2.991211,2195607.000000,1874874.000000,3722527.000000,334752.000000,1282372.000000,1952.000000,539.000000,1146.000000,164.000000,144.000000,453.000000,125.000000,266.000000,38.000000,33.000000,2784.000000,769.000000,1633.000000,233.000000,205.000000,15.000000,8.000000,18.000000,3.000000,5.000000,0.000000,6.000000,12.000000,2.000000,4.000000,0.000000,7.000000,15.000000,2.000000,5.000000,8097.000000,2266.000000,4820.000000,695.000000,601.000000,3.000000,
0.040689,0.245809,0.347335,0.226704,0.179554,-208806.058159,2.991996,2195607.000000,1874874.000000,3722527.000000,334752.000000,1282372.000000,1952.000000,539.000000,1146.000000,164.000000,144.000000,453.000000,125.000000,266.000000,38.000000,33.000000,2784.000000,769.000000,1633.000000,233.000000,205.000000,15.000000,8.000000,18.000000,3.000000,5.000000,0.000000,6.000000,12.000000,2.000000,4.000000,0.000000,7.000000,15.000000,2.000000,5.000000,8097.000000,2266.000000,4820.000000,695.000000,601.000000,3.000000,
0.040689,0.245809,0.347335,0.226704,0.179554,-208806.058159,2.991996,2195607.000000,1874874.000000,3722527.000000,334752.000000,1282372.000000,1952.000000,539.000000,1146.000000,164.000000,144.000000,453.000000,125.000000,266.000000,38.000000,33.000000,2784.000000,769.000000,1633.000000,233.000000,205.000000,15.000000,8.000000,18.000000,3.000000,5.000000,0.000000,6.000000,12.000000,2.000000,4.000000,0.000000,7.000000,15.000000,2.000000,5.000000,8097.000000,2266.000000,4820.000000,695.000000,601.000000,3.000000,
0.040689,0.245809,0.347335,0.226704,0.179554,-208806.058159,2.991996,2195607.000000,1874874.000000,3722527.000000,334752.000000,1282372.000000,1952.000000,539.000000,1146.000000,164.000000,144.000000,453.000000,125.000000,266.000000,38.000000,33.000000,2784.000000,769.000000,1633.000000,233.000000,205.000000,15.000000,8.000000,18.000000,3.000000,5.000000,0.000000,6.000000,12.000000,2.000000,4.000000,0.000000,7.000000,15.000000,2.000000,5.000000,8097.000000,2266.000000,4820.000000,695.000000,601.000000,3.000000,
0.040599,0.541263,0.353910,0.261146,0.117663,-209142.351829,2.997469,2195607.000000,1874874.000000,3722527.000000,334752.000000,1282372.000000,1952.000000,539.000000,1146.000000,164.000000,144.000000,453.000000,125.000000,266.000000,38.000000,33.000000,2784.000000,769.000000,1633.000000,233.000000,205.000000,15.000000,8.000000,18.000000,3.000000,5.000000,0.000000,6.000000,12.000000,2.000000,4.000000,0.000000,7.000000,15.000000,2.000000,5.000000,8097.000000,2266.000000,4820.000000,695.000000,601.000000,3.000000,
0.040599,0.541263,0.353910,0.261146,0.117663,-209142.351829,2.997469,2195607.000000,1874874.000000,3722527.000000,334752.000000,1282372.000000,1952.000000,539.000000,1146.000000,164.000000,144.000000,453.000000,125.000000,266.000000,38.000000,33.000000,2784.000000,769.000000,1633.000000,233.000000,205.000000,15.000000,8.000000,18.000000,3.000000,5.000000,0.000000,6.000000,12.000000,2.000000,4.000000,0.000000,7.000000,15.000000,2.000000,5.000000,8097.000000,2266.000000,4820.000000,695.000000,601.000000,3.000000,
0.040567,0.475703,0.354452,0.228225,0.106253,-209170.176786,2.996090,2195607.000000,1874874.000000,3722527.000000,334752.000000,1282372.000000,1952.000000,539.000000,1146.000000,164.000000,144.000000,453.000000,125.000000,266.000000,38.000000,33.000000,2784.000000,769.000000,1633.000000,233.000000,205.000000,15.000000,8.000000,18.000000,3.000000,5.000000,0.000000,6.000000,12.000000,2.000000,4.000000,0.000000,7.000000,15.000000,2.000000,5.000000,8097.000000,2266.000000,4820.000000,695.000000,601.000000,3.000000,
0.040567,0.475703,0.354452,0.228225,0.106253,-209170.176786,2.996090,2195607.000000,1874874.000000,3722527.000000,334752.000000,1282372.000000,1952.000000,539.000000,1146.000000,164.000000,144.000000,453.000000,125.000000,266.000000,38.000000,33.000000,2784.000000,769.000000,1633.000000,233.000000,205.000000,15.000000,8.000000,18.000000,3.000000,5.000000,0.000000,6.000000,12.000000,2.000000,4.000000,0.000000,7.000000,15.000000,2.000000,5.000000,8097.000000,2266.000000,4820.000000,695.000000,601.000000,3.000000,
0.040567,0.475703,0.354452,0.228225,0.106253,-209170.176786,2.996090,2195607.000000,1874874.000000,3722527.000000,334752.000000,1282372.000000,1952.000000,539.000000,1146.000000,164.000000,144.000000,453.000000,125.000000,266.000000,38.000000,33.000000,2784.000000,769.000000,1633.000000,233.000000,205.000000,15.000000,8.000000,18.000000,3.000000,5.000000,0.000000,6.000000,12.000000,2.000000,4.000000,0.000000,7.000000,15.000000,2.000000,5.000000,8097.000000,2266.000000,4820.000000,695.000000,601.000000,3.000000,
0.040567,0.475703,0.354452,0.228225,0.106253,-209170.176786,2.996090,2195607.000000,1874874.000000,3722527.000000,334752.000000,1282372.000000,1952.000000,539.000000,1146.000000,164.000000,144.000000,453.000000,125.000000,266.000000,38.000000,33.000000,2784.000000,769.000000,1633.000000,233.000000,205.000000,15.000000,8.000000,18.000000,3.000000,5.000000,0.000000,6.000000,12.000000,2.000000,4.000000,0.000000,7.000000,15.000000,2.000000,5.000000,8097.000000,2266.000000,4820.000000,695.000000,601.000000,3.000000,
0.040567,0.475703,0.354452,0.228225,0.106253,-209170.176786,2.996090,2195607.000000,1874874.000000,3722527.000000,334752.000000,1282372.000000,1952.000000,539.000000,1146.000000,164.000000,144.000000,453.000000,125.000000,266.000000,38.000000,33.000000,2784.000000,769.000000,1633.000000,233.000000,205.000000,15.000000,8.000000,18.000000,3.000000,5.000000,0.000000,6.000000,12.000000,2.000000,4.000000,0.000000,7.000000,15.000000,2.000000,5.000000,8097.000000,2266.000000,4820.000000,695.000000,601.000000,3.000000,
0.040567,0.475703,0.354452,0.228225,0.106253,-209170.176786,2.996090,2195607.000000,1874874.000000,3722527.000000,334752.000000,1282372.000000,1952.000000,539.000000,1146.000000,164.000000,144.000000,453.000000,125.000000,266.000000,38.000000,33.000000,2784.000000,769.000000,1633.000000,233.000000,205.000000,15.000000,8.000000,18.000000,3.000000,5.000000,0.000000,6.000000,12.000000,2.000000,4.000000,0.000000,7.000000,15.000000,2.000000,5.000000,8097.000000,2266.000000,4820.000000,695.000000,601.000000,3.000000,
0.040567,0.475703,0.354452,0.228225,0.106253,-209170.176786,2.996090,2195607.000000,1874874.000000,3722527.000000,334752.000000,1282372.000000,1952.000000,539.000000,1146.000000,164.000000,144.000000,453.000000,125.000000,266.000000,38.000000,33.000000,2784.000000,769.000000,1633.000000,233.000000,205.000000,15.000000,8.000000,18.000000,3.000000,5.000000,0.000000,6.000000,12.000000,2.000000,4.000000,0.000000,7.000000,15.000000,2.000000,5.000000,8097.000000,2266.000000,4820.000000,695.000000,601.000000,3.000000,
0.040567,0.475703,0.354452,0.228225,0.106253,-209170.176786,2.996090,2195607.000000,1874874.000000,3722527.000000,334752.000000,1282372.000000,1952.000000,539.000000,1146.000000,164.000000,144.000000,453.000000,125.000000,266.000000,38.000000,33.000000,2784.000000,769.000000,1633.000000,233.000000,205.000000,15.000000,8.000000,18.000000,3.000000,5.000000,0.000000,6.000000,12.000000,2.000000,4.000000,0.000000,7.000000,15.000000,2.000000,5.000000,8097.000000,2266.000000,4820.000000,695.000000,601.000000,3.000000,
0.040705,0.415414,0.348497,0.260343,0.088626,-208865.326042,2.995350,2195607.000000,1874874.000000,3722527.000000,334752.000000,1282372.000000,1952.000000,539.000000,1146.000000,164.000000,144.000000,453.000000,125.000000,266.000000,38.000000,33.000000,2784.000000,769.000000,1633.000000,233.000000,205.000000,15.000000,8.000000,18.000000,3.000000,5.000000,0.000000,6.000000,12.000000,2.000000,4.000000,0.000000,7.000000,15.000000,2.000000,5.000000,8097.000000,2266.000000,4820.000000,695.000000,601.000000,3.000000,
0.040705,0.415414,0.348497,0.260343,0.088626,-208865.326042,2.995350,2195607.000000,1874874.000000,3722527.000000,334752.000000,1282372.000000,1952.000000,539.000000,1146.000000,164.000000,144.000000,453.000000,125.000000,266.000000,38.000000,33.000000,2784.000000,769.000000,1633.000000,233.000000,205.000000,15.000000,8.000000,18.000000,3.000000,5.000000,0.000000,6.000000,12.000000,2.000000,4.000000,0.000000,7.000000,15.000000,2.000000,5.000000,8097.000000,2266.000000,4820.000000,695.000000,601.000000,3.000000,
0.040705,0.415414,0.348497,0.260343,0.088626,-208865.326042,2.995350,2195607.000000,1874874.000000,3722527.000000,334752.000000,1282372.000000,1952.000000,539.000000,1146.000000,164.000000,144.000000,453.000000,125.000000,266.000000,38.000000,33.000000,2784.000000,769.000000,1633.000000,233.000000,205.000000,15.000000,8.000000,18.000000,3.000000,5.000000,0.000000,6.000000,12.000000,2.000000,4.000000,0.000000,7.000000,15.000000,2.000000,5.000000,8097.000000,2266.000000,4820.000000,695.000000,601.000000,3.000000,
0.040705,0.415414,0.348497,0.260343,0.088626,-208865.326042,2.995350,2195607.000000,1874874.000000,3722527.000000,334752.000000,1282372.000000,1952.000000,539.000000,1146.000000,164.000000,144.000000,453.000000,125.000000,266.000000,38.000000,33.000000,2784.000000,769.000000,1633.000000,233.000000,205.000000,15.000000,8.000000,18.000000,3.000000,5.000000,0.000000,6.000000,12.000000,2.000000,4.000000,0.000000,7.000000,15.000000,2.000000,5.000000,8097.000000,2266.000000,4820.000000,695.000000,601.000000,3.000000,
0.040705,0.415414,0.348497,0.260343,0.088626,-208865.326042,2.995350,2195607.000000,1874874.000000,3722527.000000,334752.000000,1282372.000000,1952.000000,539.000000,1146.000000,164.000000,144.000000,453.000000,125.000000,266.000000,38.000000,33.000000,2784.000000,769.000000,1633.000000,233.000000,205.000000,15.000000,8.000000,18.000000,3.000000,5.000000,0.000000,6.000000,12.000000,2.000000,4.000000,0.000000,7.000000,15.000000,2.000000,5.000000,8097.000000,2266.000000,4820.000000,695.000000,601.000000,3.000000,
0.040705,0.415414,0.348497,0.260343,0.088626,-208865.326042,2.995350,2195607.000000,1874874.000000,3722527.000000,334752.000000,1282372.000000,1952.000000,539.000000,1146.000000,164.000000,144.000000,453.000000,125.000000,266.000000,38.000000,33.000000,2784.000000,769.000000,1633.000000,233.000000,205.000000,15.000000,8.000000,18.000000,3.000000,5.000000,0.000000,6.000000,12.000000,2.000000,4.000000,0.000000,7.000000,15.000000,2.000000,5.000000,8097.000000,2266.000000,4820.000000,695.000000,601.000000,3.000000,
0.040705,0.415414,0.348497,0.260343,0.088626,-208865.326042,2.995350,2195607.000000,1874874.000000,3722527.000000,334752.000000,1282372.000000,1952.000000,539.000000,1146.000000,164.000000,144.000000,453.000000,125.000000,266.000000,38.000000,33.000000,2784.000000,769.000000,1633.000000,233.000000,205.000000,15.000000,8.000000,18.000000,3.000000,5.000000,0.000000,6.000000,12.000000,2.000000,4.000000,0.000000,7.000000,15.000000,2.000000,5.000000,8097.000000,2266.000000,4820.000000,695.000000,601.000000,3.000000,
0.040705,0.415414,0.348497,0.260343,0.088626,-208865.326042,2.995350,2195607.000000,1874874.000000,3722527.000000,334752.000000,1282372.000000,1952.000000,539.000000,1146.000000,164.000000,144.000000,453.000000,125.000000,266.000000,38.000000,33.000000,2784.000000,769.000000,1633.000000,233.000000,205.000000,15.000000,8.000000,18.000000,3.000000,5.000000,0.000000,6.000000,12.000000,2.000000,4.000000,0.000000,7.000000,15.000000,2.000000,5.000000,8097.000000,2266.000000,4820.000000,695.000000,601.000000,3.000000,
0.040705,0.415414,0.348497,0.260343,0.088626,-208865.326042,2.995350,2195607.000000,1874874.000000,3722527.000000,334752.000000,1282372.000000,1952.000000,539.000000,1146.000000,164.000000,144.000000,453.000000,125.000000,266.000000,38.000000,33.000000,2784.000000,769.000000,1633.000000,233.000000,205.000000,15.000000,8.000000,18.000000,3.000000,5.000000,0.000000,6.000000,12.000000,2.000000,4.000000,0.000000,7.000000,15.000000,2.000000,5.000000,8097.000000,2266.000000,4820.000000,695.000000,601.000000,3.000000,
0.040705,0.415414,0.348497,0.260343,0.088626,-208865.326042,2.995350,2195607.000000,1874874.000000,3722527.000000,334752.000000,1282372.000000,1952.000000,539.000000,1146.000000,164.000000,144.000000,453.000000,125.000000,266.000000,38.000000,33.000000,2784.000000,769.000000,1633.000000,233.000000,205.000000,15.000000,8.000000,18.000000,3.000000,5.000000,0.000000,6.000000,12.000000,2.000000,4.000000,0.000000,7.000000,15.000000,2.000000,5.000000,8097.000000,2266.000000,4820.000000,695.000000,601.000000,3.000000,
0.040705,0.415414,0.348497,0.260343,0.088626,-208865.326042,2.995350,2195607.000000,1874874.000000,3722527.000000,334752.000000,1282372.000000,1952.000000,539.000000,1146.000000,164.000000,144.000000,453.000000,125.000000,266.000000,38.000000,33.000000,2784.000000,769.000000,1633.000000,233.000000,205.000000,15.000000,8.000000,18.000000,3.000000,5.000000,0.000000,6.000000,12.000000,2.000000,4.000000,0.000000,7.000000,15.000000,2.000000,5.000000,8097.000000,2266.000000,4820.000000,695.000000,601.000000,3.000000,
0.041157,0.085147,0.339138,0.164107,0.166383,-208391.377258,3.011205,2195607.000000,1874874.000000,3722527.000000,334752.000000,1282372.000000,1952.000000,539.000000,1146.000000,164.000000,144.000000,453.000000,125.000000,266.000000,38.000000,33.000000,2784.000000,769.000000,1633.000000,233.000000,205.000000,15.000000,8.000000,18.000000,3.000000,5.000000,0.000000,6.000000,12.000000,2.000000,4.000000,0.000000,7.000000,15.000000,2.000000,5.000000,8097.000000,2266.000000,4820.000000,695.000000,601.000000,3.000000,
0.040997,0.080146,0.346204,0.154430,0.259561,-208749.046501,3.012577,2195607.000000,1874874.000000,3722527.000000,334752.000000,1282372.000000,1952.000000,539.000000,1146.000000,164.000000,144.000000,453.000000,125.000000,266.000000,38.000000,33.000000,2784.000000,769.000000,1633.000000,233.000000,205.000000,15.000000,8.000000,18.000000,3.000000,5.000000,0.000000,6.000000,12.000000,2.000000,4.000000,0.000000,7.000000,15.000000,2.000000,5.000000,8097.000000,2266.000000,4820.000000,695.000000,601.000000,3.000000,
0.040997,0.080146,0.346204,0.154430,0.259561,-208749.046501,3.012577,2195607.000000,1874874.000000,3722527.000000,334752.000000,1282372.000000,1952.000000,539.000000,1146.000000,164.000000,144.000000,453.000000,125.000000,266.000000,38.000000,33.000000,2784.000000,769.000000,1633.000000,233.000000,205.000000,15.000000,8.000000,18.000000,3.000000,5.000000,0.000000,6.000000,12.000000,2.000000,4.000000,0.000000,7.000000,15.000000,2.000000,5.000000,8097.000000,2266.000000,4820.000000,695.000000,601.000000,3.000000,
0.040848,0.063789,0.353441,0.151905,0.236091,-209118.727888,3.014938,2195607.000000,1874874.000000,3722527.000000,334752.000000,1282372.000000,1952.000000,539.000000,1146.000000,164.000000,144.000000,453.000000,125.000000,266.000000,38.000000,33.000000,2784.000000,769.000000,1633.000000,233.000000,205.000000,15.000000,8.000000,18.000000,3.000000,5.000000,0.000000,6.000000,12.000000,2.000000,4.000000,0.000000,7.000000,15.000000,2.000000,5.000000,8097.000000,2266.000000,4820.000000,695.000000,601.000000,3.000000,
0.040824,0.026876,0.359217,0.127645,0.250643,-209416.455481,3.023857,2195607.000000,1874874.000000,3722527.000000,334752.000000,1282372.000000,1952.000000,539.000000,1146.000000,164.000000,144.000000,453.000000,125.000000,266.000000,38.000000,33.000000,2784.000000,769.000000,1633.000000,233.000000,205.000000,15.000000,8.000000,18.000000,3.000000,5.000000,0.000000,6.000000,12.000000,2.000000,4.000000,0.000000,7.000000,15.000000,2.000000,5.000000,8097.000000,2266.000000,4820.000000,695.000000,601.000000,3.000000,
0.040824,0.026876,0.359217,0.127645,0.250643,-209416.455481,3.023857,2195607.000000,1874874.000000,3722527.000000,334752.000000,1282372.000000,1952.000000,539.000000,1146.000000,164.000000,144.000000,453.000000,125.000000,266.000000,38.000000,33.000000,2784.000000,769.000000,1633.000000,233.000000,205.000000,15.000000,8.000000,18.000000,3.000000,5.000000,0.000000,6.000000,12.000000,2.000000,4.000000,0.000000,7.000000,15.000000,2.000000,5.000000,8097.000000,2266.000000,4820.000000,695.000000,601.000000,3.000000,
0.040824,0.026876,0.359217,0.127645,0.250643,-209416.455481,3.023857,2195607.000000,1874874.000000,3722527.000000,334752.000000,1282372.000000,1952.000000,539.000000,1146.000000,164.000000,144.000000,453.000000,125.000000,266.000000,38.000000,33.000000,2784.000000,769.000000,1633.000000,233.000000,205.000000,15.000000,8.000000,18.000000,3.000000,5.000000,0.000000,6.000000,12.000000,2.000000,4.000000,0.000000,7.000000,15.000000,2.000000,5.000000,8097.000000,2266.000000,4820.000000,695.000000,601.000000,3.000000,
0.041120,0.014072,0.343578,0.055037,0.407243,-208615.843322,3.016713,2195607.000000,1874874.000000,3722527.000000,334752.000000,1282372.000000,1952.000000,539.000000,1146.000000,164.000000,144.000000,453.000000,125.000000,266.000000,38.000000,33.000000,2784.000000,769.000000,1633.000000,233.000000,205.000000,15.000000,8.000000,18.000000,3.000000,5.000000,0.000000,6.000000,12.000000,2.000000,4.000000,0.000000,7.000000,15.000000,2.000000,5.000000,8097.000000,2266.000000,4820.000000,695.000000,601.000000,3.000000,
0.041120,0.014072,0.343578,0.055037,0.407243,-208615.843322,3.016713,2195607.000000,1874874.000000,3722527.000000,334752.000000,1282372.000000,1952.000000,539.000000,1146.000000,164.000000,144.000000,453.000000,125.000000,266.000000,38.000000,33.000000,2784.000000,769.000000,1633.000000,233.000000,205.000000,15.000000,8.000000,18.000000,3.000000,5.000000,0.000000,6.000000,12.000000,2.000000,4.000000,0.000000,7.000000,15.000000,2.000000,5.000000,8097.000000,2266.000000,4820.000000,695.000000,601.000000,3.000000,
0.041064,0.005626,0.341102,0.039939,0.444557,-208490.366198,3.008047,2195607.000000,1874874.000000,3722527.000000,334752.000000,1282372.000000,1952.000000,539.000000,1146.000000,164.000000,144.000000,453.000000,125.000000,266.000000,38.000000,33.000000,2784.000000,769.000000,1633.000000,233.000000,205.000000,15.000000,8.000000,18.000000,3.000000,5.000000,0.000000,6.000000,12.000000,2.000000,4.000000,0.000000,7.000000,15.000000,2.000000,5.000000,8097.000000,2266.000000,4820.000000,695.000000,601.000000,3.000000,
0.041305,0.006922,0.330719,0.033819,0.502475,-207969.326844,3.006337,2195607.000000,1874874.000000,3722527.000000,334752.000000,1282372.000000,1952.000000,539.000000,1146.000000,164.000000,144.000000,453.000000,125.000000,266.000000,38.000000,33.000000,2784.000000,769.000000,1633.000000,233.000000,205.000000,15.000000,8.000000,18.000000,3.000000,5.000000,0.000000,6.000000,12.000000,2.000000,4.000000,0.000000,7.000000,15.000000,2.000000,5.000000,8097.000000,2266.000000,4820.000000,695.000000,601.000000,3.000000,
0.041305,0.006922,0.330719,0.033819,0.502475,-207969.326844,3.006337,2195607.000000,1874874.000000,3722527.000000,334752.000000,1282372.000000,1952.000000,539.000000,1146.000000,164.000000,144.000000,453.000000,125.000000,266.000000,38.000000,33.000000,2784.000000,769.000000,1633.000000,233.000000,205.000000,15.000000,8.000000,18.000000,3.000000,5.000000,0.000000,6.000000,12.000000,2.000000,4.000000,0.000000,7.000000,15.000000,2.000000,5.000000,8097.000000,2266.000000,4820.000000,695.000000,601.000000,3.000000,
0.041264,0.008613,0.330686,0.032898,0.527193,-207967.599490,3.003273,2195607.000000,1874874.000000,3722527.000000,334752.000000,1282372.000000,1952.000000,539.000000,1146.000000,164.000000,144.000000,453.000000,125.000000,266.000000,38.000000,33.000000,2784.000000,769.000000,1633.000000,233.000000,205.000000,15.000000,8.000000,18.000000,3.000000,5.000000,0.000000,6.000000,12.000000,2.000000,4.000000,0.000000,7.000000,15.000000,2.000000,5.000000,8097.000000,2266.000000,4820.000000,695.000000,601.000000,3.000000,
0.041264,0.008613,0.330686,0.032898,0.527193,-207967.599490,3.003273,2195607.000000,1874874.000000,3722527.000000,334752.000000,1282372.000000,1952.000000,539.000000,1146.000000,164.000000,144.000000,453.000000,125.000000,266.000000,38.000000,33.000000,2784.000000,769.000000,1633.000000,233.000000,205.000000,15.000000,8.000000,18.000000,3.000000,5.000000,0.000000,6.000000,12.000000,2.000000,4.000000,0.000000,7.000000,15.000000,2.000000,5.000000,8097.000000,2266.000000,4820.000000,695.000000,601.000000,3.000000,
0.041164,0.024212,0.336359,0.048992,0.468640,-208251.487334,3.006569,2195607.000000,1874874.000000,3722527.000000,334752.000000,1282372.000000,1952.000000,539.000000,1146.000000,164.000000,144.000000,453.000000,125.000000,266.000000,38.000000,33.000000,2784.000000,769.000000,1633.000000,233.000000,205.000000,15.000000,8.000000,18.000000,3.000000,5.000000,0.000000,6.000000,12.000000,2.000000,4.000000,0.000000,7.000000,15.000000,2.000000,5.000000,8097.000000,2266.000000,4820.000000,695.000000,601.000000,3.000000,
0.041164,0.024212,0.336359,0.048992,0.468640,-208251.487334,3.006569,2195607.000000,1874874.000000,3722527.000000,334752.000000,1282372.000000,1952.000000,539.000000,1146.000000,164.000000,144.000000,453.000000,125.000000,266.000000,38.000000,33.000000,2784.000000,769.000000,1633.000000,233.000000,205.000000,15.000000,8.000000,18.000000,3.000000,5.000000,0.000000,6.000000,12.000000,2.000000,4.000000,0.000000,7.000000,15.000000,2.000000,5.000000,8097.000000,2266.000000,4820.000000,695.000000,601.000000,3.000000,
0.041164,0.024212,0.336359,0.048992,0.468640,-208251.487334,3.006569,2195607.000000,1874874.000000,3722527.000000,334752.000000,1282372.000000,1952.000000,539.000000,1146.000000,164.000000,144.000000,453.000000,125.000000,266.000000,38.000000,33.000000,2784.000000,769.000000,1633.000000,233.000000,205.000000,15.000000,8.000000,18.000000,3.000000,5.000000,0.000000,6.000000,12.000000,2.000000,4.000000,0.000000,7.000000,15.000000,2.000000,5.000000,8097.000000,2266.000000,4820.000000,695.000000,601.000000,3.000000,
0.041164,0.024212,0.336359,0.048992,0.468640,-208251.487334,3.006569,2195607.000000,1874874.000000,3722527.000000,334752.000000,1282372.000000,1952.000000,539.000000,1146.000000,164.000000,144.000000,453.000000,125.000000,266.000000,38.000000,33.000000,2784.000000,769.000000,1633.000000,233.000000,205.000000,15.000000,8.000000,18.000000,3.000000,5.000000,0.000000,6.000000,12.000000,2.000000,4.000000,0.000000,7.000000,15.000000,2.000000,5.000000,8097.000000,2266.000000,4820.000000,695.000000,601.000000,3.000000,
0.041164,0.024212,0.336359,0.048992,0.468640,-208251.487334,3.006569,2195607.000000,1874874.000000,3722527.000000,334752.000000,1282372.000000,1952.000000,539.000000,1146.000000,164.000000,144.000000,453.000000,125.000000,266.000000,38.000000,33.000000,2784.000000,769.000000,1633.000000,233.000000,205.000000,15.000000,8.000000,18.000000,3.000000,5.000000,0.000000,6.000000,12.000000,2.000000,4.000000,0.000000,7.000000,15.000000,2.000000,5.000000,8097.000000,2266.000000,4820.000000,695.000000,601.000000,3.000000,
0.041870,0.006651,0.305707,0.080589,0.503904,-206742.247433,3.000155,2195607.000000,1874874.000000,3722527.000000,334752.000000,1282372.000000,1952.000000,539.000000,1146.000000,164.000000,144.000000,453.000000,125.000000,266.000000,38.000000,33.000000,2784.000000,769.000000,1633.000000,233.000000,205.000000,15.000000,8.000000,18.000000,3.000000,5.000000,0.000000,6.000000,12.000000,2.000000,4.000000,0.000000,7.000000,15.000000,2.000000,5.000000,8097.000000,2266.000000,4820.000000,695.000000,601.000000,3.000000,
0.041870,0.006651,0.305707,0.080589,0.503904,-206742.247433,3.000155,2195607.000000,1874874.000000,3722527.000000,334752.000000,1282372.000000,1952.000000,539.000000,1146.000000,164.000000,144.000000,453.000000,125.000000,266.000000,38.000000,33.000000,2784.000000,769.000000,1633.000000,233.000000,205.000000,15.000000,8.000000,18.000000,3.000000,5.000000,0.000000,6.000000,12.000000,2.000000,4.000000,0.000000,7.000000,15.000000,2.000000,5.000000,8097.000000,2266.000000,4820.000000,695.000000,601.000000,3.000000,
0.041540,0.004454,0.320353,0.111947,0.409615,-207455.993594,3.003973,2195607.000000,1874874.000000,3722527.000000,334752.000000,1282372.000000,1952.000000,539.000000,1146.000000,164.000000,144.000000,453.000000,125.000000,266.000000,38.000000,33.000000,2784.000000,769.000000,1633.000000,233.000000,205.000000,15.000000,8.000000,18.000000,3.000000,5.000000,0.000000,6.000000,12.000000,2.000000,4.000000,0.000000,7.000000,15.000000,2.000000,5.000000,8097.000000,2266.000000,4820.000000,695.000000,601.000000,3.000000,
0.041540,0.004454,0.320353,0.111947,0.409615,-207455.993594,3.003973,2195607.000000,1874874.000000,3722527.000000,334752.000000,1282372.000000,1952.000000,539.000000,1146.000000,164.000000,144.000000,453.000000,125.000000,266.000000,38.000000,33.000000,2784.000000,769.000000,1633.000000,233.000000,205.000000,15.000000,8.000000,18.000000,3.000000,5.000000,0.000000,6.000000,12.000000,2.000000,4.000000,0.000000,7.000000,15.000000,2.000000,5.000000,8097.000000,2266.000000,4820.000000,695.000000,601.000000,3.000000,
0.041540,0.004454,0.320353,0.111947,0.409615,-207455.993594,3.003973,2195607.000000,1874874.000000,3722527.000000,334752.000000,1282372.000000,1952.000000,539.000000,1146.000000,164.000000,144.000000,453.000000,125.000000,266.000000,38.000000,33.000000,2784.000000,769.000000,1633.000000,233.000000,205.000000,15.000000,8.000000,18.000000,3.000000,5.000000,0.000000,6.000000,12.000000,2.000000,4.000000,0.000000,7.000000,15.000000,2.000000,5.000000,8097.000000,2266.000000,4820.000000,695.000000,601.000000,3.000000,
0.041540,0.004454,0.320353,0.111947,0.409615,-207455.993594,3.003973,2195607.000000,1874874.000000,3722527.000000,334752.000000,1282372.000000,1952.000000,539.000000,1146.000000,164.000000,144.000000,453.000000,125.000000,266.000000,38.000000,33.000000,2784.000000,769.000000,1633.000000,233.000000,205.000000,15.000000,8.000000,18.000000,3.000000,5.000000,0.000000,6.000000,12.000000,2.000000,4.000000,0.000000,7.000000,15.000000,2.000000,5.000000,8097.000000,2266.000000,4820.000000,695.000000,601.000000,3.000000,
0.041540,0.004454,0.320353,0.111947,0.409615,-207455.993594,3.003973,2195607.000000,1874874.000000,3722527.000000,334752.000000,1282372.000000,1952.000000,539.000000,1146.000000,164.000000,144.000000,453.000000,125.000000,266.000000,38.000000,33.000000,2784.000000,769.000000,1633.000000,233.000000,205.000000,15.000000,8.000000,18.000000,3.000000,5.000000,0.000000,6.000000,12.000000,2.000000,4.000000,0.000000,7.000000,15.000000,2.000000,5.000000,8097.000000,2266.000000,4820.000000,695.000000,601.000000,3.000000,
0.041476,0.002995,0.323927,0.117156,0.332238,-207632.281959,3.006070,2195607.000000,1874874.000000,3722527.000000,334752.000000,1282372.000000,1952.000000,539.000000,1146.000000,164.000000,144.000000,453.000000,125.000000,266.000000,38.000000,33.000000,2784.000000,769.000000,1633.000000,233.000000,205.000000,15.000000,8.000000,18.000000,3.000000,5.000000,0.000000,6.000000,12.000000,2.000000,4.000000,0.000000,7.000000,15.000000,2.000000,5.000000,8097.000000,2266.000000,4820.000000,695.000000,601.000000,3.000000,
0.041476,0.002995,0.323927,0.117156,0.332238,-207632.281959,3.006070,2195607.000000,1874874.000000,3722527.000000,334752.000000,1282372.000000,1952.000000,539.000000,1146.000000,164.000000,144.000000,453.000000,125.000000,266.000000,38.000000,33.000000,2784.000000,769.000000,1633.000000,233.000000,205.000000,15.000000,8.000000,18.000000,3.000000,5.000000,0.000000,6.000000,12.000000,2.000000,4.000000,0.000000,7.000000,15.000000,2.000000,5.000000,8097.000000,2266.000000,4820.000000,695.000000,601.000000,3.000000,
0.041476,0.002995,0.323927,0.117156,0.332238,-207632.281959,3.006070,2195607.000000,1874874.000000,3722527.000000,334752.000000,1282372.000000,1952.000000,539.000000,1146.000000,164.000000,144.000000,453.000000,125.000000,266.000000,38.000000,33.000000,2784.000000,769.000000,1633.000000,233.000000,205.000000,15.000000,8.000000,18.000000,3.000000,5.000000,0.000000,6.000000,12.000000,2.000000,4.000000,0.000000,7.000000,15.000000,2.000000,5.000000,8097.000000,2266.000000,4820.000000,695.000000,601.000000,3.000000,
0.041476,0.002995,0.323927,0.117156,0.332238,-207632.281959,3.006070,2195607.000000,1874874.000000,3722527.000000,334752.000000,1282372.000000,1952.000000,539.000000,1146.000000,164.000000,144.000000,453.000000,125.000000,266.000000,38.000000,33.000000,2784.000000,769.000000,1633.000000,233.000000,205.000000,15.000000,8.000000,18.000000,3.000000,5.000000,0.000000,6.000000,12.000000,2.000000,4.000000,0.000000,7.000000,15.000000,2.000000,5.000000,8097.000000,2266.000000,4820.000000,695.000000,601.000000,3.000000,
0.041476,0.002995,0.323927,0.117156,0.332238,-207632.281959,3.006070,2195607.000000,1874874.000000,3722527.000000,334752.000000,1282372.000000,1952.000000,539.000000,1146.000000,164.000000,144.000000,453.000000,125.000000,266.000000,38.000000,33.000000,2784.000000,769.000000,1633.000000,233.000000,205.000000,15.000000,8.000000,18.000000,3.000000,5.000000,0.000000,6.000000,12.000000,2.000000,4.000000,0.000000,7.000000,15.000000,2.000000,5.000000,8097.000000,2266.000000,4820.000000,695.000000,601.000000,3.000000,
0.041476,0.002995,0.323927,0.117156,0.332238,-207632.281959,3.006070,2195607.000000,1874874.000000,3722527.000000,334752.000000,1282372.000000,1952.000000,539.000000,1146.000000,164.000000,144.000000,453.000000,125.000000,266.000000,38.000000,33.000000,2784.000000,769.000000,1633.000000,233.000000,205.000000,15.000000,8.000000,18.000000,3.000000,5.000000,0.000000,6.000000,12.000000,2.000000,4.000000,0.000000,7.000000,15.000000,2.000000,5.000000,8097.000000,2266.000000,4820.000000,695.000000,601.000000,3.000000,
0.041632,0.006760,0.314313,0.178009,0.307328,-207159.964329,2.999303,2195607.000000,1874874.000000,3722527.000000,334752.000000,1282372.000000,1952.000000,539.000000,1146.000000,164.000000,144.000000,453.000000,125.000000,266.000000,38.000000,33.000000,2784.000000,769.000000,1633.000000,233.000000,205.000000,15.000000,8.000000,18.000000,3.000000,5.000000,0.000000,6.000000,12.000000,2.000000,4.000000,0.000000,7.000000,15.000000,2.000000,5.000000,8097.000000,2266.000000,4820.000000,695.000000,601.000000,3.000000,
0.041632,0.006760,0.314313,0.178009,0.307328,-207159.964329,2.999303,2195607.000000,1874874.000000,3722527.000000,334752.000000,1282372.000000,1952.000000,539.000000,1146.000000,164.000000,144.000000,453.000000,125.000000,266.000000,38.000000,33.000000,2784.000000,769.000000,1633.000000,233.000000,205.000000,15.000000,8.000000,18.000000,3.000000,5.000000,0.000000,6.000000,12.000000,2.000000,4.000000,0.000000,7.000000,15.000000,2.000000,5.000000,8097.000000,2266.000000,4820.000000,695.000000,601.000000,3.000000,
0.041632,0.006760,0.314313,0.178009,0.307328,-207159.964329,2.999303,2195607.000000,1874874.000000,3722527.000000,334752.000000,1282372.000000,1952.000000,539.000000,1146.000000,164.000000,144.000000,453.000000,125.000000,266.000000,38.000000,33.000000,2784.000000,769.000000,1633.000000,233.000000,205.000000,15.000000,8.000000,18.000000,3.000000,5.000000,0.000000,6.000000,12.000000,2.000000,4.000000,0.000000,7.000000,15.000000,2.000000,5.000000,8097.000000,2266.000000,4820.000000,695.000000,601.000000,3.000000,
0.041662,0.012418,0.314173,0.123276,0.347943,-207153.152801,3.001159,2195607.000000,1874874.000000,3722527.000000,334752.000000,1282372.000000,1952.000000,539.000000,1146.000000,164.000000,144.000000,453.000000,125.000000,266.000000,38.000000,33.000000,2784.000000,769.000000,1633.000000,233.000000,205.000000,15.000000,8.000000,18.000000,3.000000,5.000000,0.000000,6.000000,12.000000,2.000000,4.000000,0.000000,7.000000,15.000000,2.000000,5.000000,8097.000000,2266.000000,4820.000000,695.000000,601.000000,3.000000,
0.041682,0.011405,0.313474,0.155145,0.288766,-207119.051310,3.001310,2195607.000000,1874874.000000,3722527.000000,334752.000000,1282372.000000,1952.000000,539.000000,1146.000000,164.000000,144.000000,453.000000,125.000000,266.000000,38.000000,33.000000,2784.000000,769.000000,1633.000000,233.000000,205.000000,15.000000,8.000000,18.000000,3.000000,5.000000,0.000000,6.000000,12.000000,2.000000,4.000000,0.000000,7.000000,15.000000,2.000000,5.000000,8097.000000,2266.000000,4820.000000,695.000000,601.000000,3.000000,
0.041682,0.011405,0.313474,0.155145,0.288766,-207119.051310,3.001310,2195607.000000,1874874.000000,3722527.000000,334752.000000,1282372.000000,1952.000000,539.000000,1146.000000,164.000000,144.000000,453.000000,125.000000,266.000000,38.000000,33.000000,2784.000000,769.000000,1633.000000,233.000000,205.000000,15.000000,8.000000,18.000000,3.000000,5.000000,0.000000,6.000000,12.000000,2.000000,4.000000,0.000000,7.000000,15.000000,2.000000,5.000000,8097.000000,2266.000000,4820.000000,695.000000,601.000000,3.000000,
0.041783,0.012244,0.311674,0.122810,0.343891,-207031.491499,3.005225,2195607.000000,1874874.000000,3722527.000000,334752.000000,1282372.000000,1952.000000,539.000000,1146.000000,164.000000,144.000000,453.000000,125.000000,266.000000,38.000000,33.000000,2784.000000,769.000000,1633.000000,233.000000,205.000000,15.000000,8.000000,18.000000,3.000000,5.000000,0.000000,6.000000,12.000000,2.000000,4.000000,0.000000,7.000000,15.000000,2.000000,5.000000,8097.000000,2266.000000,4820.000000,695.000000,601.000000,3.000000,
0.041783,0.012244,0.311674,0.122810,0.343891,-207031.491499,3.005225,2195607.000000,1874874.000000,3722527.000000,334752.000000,1282372.000000,1952.000000,539.000000,1146.000000,164.000000,144.000000,453.000000,125.000000,266.000000,38.000000,33.000000,2784.000000,769.000000,1633.000000,233.000000,205.000000,15.000000,8.000000,18.000000,3.000000,5.000000,0.000000,6.000000,12.000000,2.000000,4.000000,0.000000,7.000000,15.000000,2.000000,5.000000,8097.000000,2266.000000,4820.000000,695.000000,601.000000,3.000000,
0.041783,0.012244,0.311674,0.122810,0.343891,-207031.491499,3.005225,2195607.000000,1874874.000000,3722527.000000,334752.000000,1282372.000000,1952.000000,539.000000,1146.000000,164.000000,144.000000,453.000000,125.000000,266.000000,38.000000,33.000000,2784.000000,769.000000,1633.000000,233.000000,205.000000,15.000000,8.000000,18.000000,3.000000,5.000000,0.000000,6.000000,12.000000,2.000000,4.000000,0.000000,7.000000,15.000000,2.000000,5.000000,8097.000000,2266.000000,4820.000000,695.000000,601.000000,3.000000,
0.041781,0.008788,0.315657,0.101611,0.310891,-207225.973315,3.012576,2195607.000000,1874874.000000,3722527.000000,334752.000000,1282372.000000,1952.000000,539.000000,1146.000000,164.000000,144.000000,453.000000,125.000000,266.000000,38.000000,33.000000,2784.000000,769.000000,1633.000000,233.000000,205.000000,15.000000,8.000000,18.000000,3.000000,5.000000,0.000000,6.000000,12.000000,2.000000,4.000000,0.000000,7.000000,15.000000,2.000000,5.000000,8097.000000,2266.000000,4820.000000,695.000000,601.000000,3.000000,
0.041781,0.008788,0.315657,0.101611,0.310891,-207225.973315,3.012576,2195607.000000,1874874.000000,3722527.000000,334752.000000,1282372.000000,1952.000000,539.000000,1146.000000,164.000000,144.000000,453.000000,125.000000,266.000000,38.000000,33.000000,2784.000000,769.000000,1633.000000,233.000000,205.000000,15.000000,8.000000,18.000000,3.000000,5.000000,0.000000,6.000000,12.000000,2.000000,4.000000,0.000000,7.000000,15.000000,2.000000,5.000000,8097.000000,2266.000000,4820.000000,695.000000,601.000000,3.000000,
0.041759,0.012626,0.316861,0.091656,0.337517,-207284.877936,3.013229,2195607.000000,1874874.000000,3722527.000000,334752.000000,1282372.000000,1952.000000,539.000000,1146.000000,164.000000,144.000000,453.000000,125.000000,266.000000,38.000000,33.000000,2784.000000,769.000000,1633.000000,233.000000,205.000000,15.000000,8.000000,18.000000,3.000000,5.000000,0.000000,6.000000,12.000000,2.000000,4.000000,0.000000,7.000000,15.000000,2.000000,5.000000,8097.000000,2266.000000,4820.000000,695.000000,601.000000,3.000000,
0.041148,0.130487,0.352155,0.117530,0.269047,-209053.326479,3.034733,2195607.000000,1874874.000000,3722527.000000,334752.000000,1282372.000000,1952.000000,539.000000,1146.000000,164.000000,144.000000,453.000000,125.000000,266.000000,38.000000,33.000000,2784.000000,769.000000,1633.000000,233.000000,205.000000,15.000000,8.000000,18.000000,3.000000,5.000000,0.000000,6.000000,12.000000,2.000000,4.000000,0.000000,7.000000,15.000000,2.000000,5.000000,8097.000000,2266.000000,4820.000000,695.000000,601.000000,3.000000,
0.041239,0.096162,0.343289,0.153593,0.199658,-208601.441887,3.024881,2195607.000000,1874874.000000,3722527.000000,334752.000000,1282372.000000,1952.000000,539.000000,1146.000000,164.000000,144.000000,453.000000,125.000000,266.000000,38.000000,33.000000,2784.000000,769.000000,1633.000000,233.000000,205.000000,15.000000,8.000000,18.000000,3.000000,5.000000,0.000000,6.000000,12.000000,2.000000,4.000000,0.000000,7.000000,15.000000,2.000000,5.000000,8097.000000,2266.000000,4820.000000,695.000000,601.000000,3.000000,
0.041152,0.184732,0.347938,0.109290,0.255631,-208837.683431,3.027155,2195607.000000,1874874.000000,3722527.000000,334752.000000,1282372.000000,1952.000000,539.000000,1146.000000,164.000000,144.000000,453.000000,125.000000,266.000000,38.000000,33.000000,2784.000000,769.000000,1633.000000,233.000000,205.000000,15.000000,8.000000,18.000000,3.000000,5.000000,0.000000,6.000000,12.000000,2.000000,4.000000,0.000000,7.000000,15.000000,2.000000,5.000000,8097.000000,2266.000000,4820.000000,695.000000,601.000000,3.000000,
0.041152,0.184732,0.347938,0.109290,0.255631,-208837.683431,3.027155,2195607.000000,1874874.000000,3722527.000000,334752.000000,1282372.000000,1952.000000,539.000000,1146.000000,164.000000,144.000000,453.000000,125.000000,266.000000,38.000000,33.000000,2784.000000,769.000000,1633.000000,233.000000,205.000000,15.000000,8.000000,18.000000,3.000000,5.000000,0.000000,6.000000,12.000000,2.000000,4.000000,0.000000,7.000000,15.000000,2.000000,5.000000,8097.000000,2266.000000,4820.000000,695.000000,601.000000,3.000000,
0.041187,0.194622,0.345066,0.071609,0.393695,-208691.543400,3.024395,2195607.000000,1874874.000000,3722527.000000,334752.000000,1282372.000000,1952.000000,539.000000,1146.000000,164.000000,144.000000,453.000000,125.000000,266.000000,38.000000,33.000000,2784.000000,769.000000,1633.000000,233.000000,205.000000,15.000000,8.000000,18.000000,3.000000,5.000000,0.000000,6.000000,12.000000,2.000000,4.000000,0.000000,7.000000,15.000000,2.000000,5.000000,8097.000000,2266.000000,4820.000000,695.000000,601.000000,3.000000,
0.041125,0.316676,0.349170,0.051445,0.352028,-208900.492235,3.027465,2195607.000000,1874874.000000,3722527.000000,334752.000000,1282372.000000,1952.000000,539.000000,1146.000000,164.000000,144.000000,453.000000,125.000000,266.000000,38.000000,33.000000,2784.000000,769.000000,1633.000000,233.000000,205.000000,15.000000,8.000000,18.000000,3.000000,5.000000,0.000000,6.000000,12.000000,2.000000,4.000000,0.000000,7.000000,15.000000,2.000000,5.000000,8097.000000,2266.000000,4820.000000,695.000000,601.000000,3.000000,
0.041125,0.316676,0.349170,0.051445,0.352028,-208900.492235,3.027465,2195607.000000,1874874.000000,3722527.000000,334752.000000,1282372.000000,1952.000000,539.000000,1146.000000,164.000000,144.000000,453.000000,125.000000,266.000000,38.000000,33.000000,2784.000000,769.000000,1633.000000,233.000000,205.000000,15.000000,8.000000,18.000000,3.000000,5.000000,0.000000,6.000000,12.000000,2.000000,4.000000,0.000000,7.000000,15.000000,2.000000,5.000000,8097.000000,2266.000000,4820.000000,695.000000,601.000000,3.000000,
0.041129,0.451141,0.347758,0.033584,0.546412,-208828.441001,3.025131,2195607.000000,1874874.000000,3722527.000000,334752.000000,1282372.000000,1952.000000,539.000000,1146.000000,164.000000,144.000000,453.000000,125.000000,266.000000,38.000000,33.000000,2784.000000,769.000000,1633.000000,233.000000,205.000000,15.000000,8.000000,18.000000,3.000000,5.000000,0.000000,6.000000,12.000000,2.000000,4.000000,0.000000,7.000000,15.000000,2.000000,5.000000,8097.000000,2266.000000,4820.000000,695.000000,601.000000,3.000000,
0.041129,0.451141,0.347758,0.033584,0.546412,-208828.441001,3.025131,2195607.000000,1874874.000000,3722527.000000,334752.000000,1282372.000000,1952.000000,539.000000,1146.000000,164.000000,144.000000,453.000000,125.000000,266.000000,38.000000,33.000000,2784.000000,769.000000,1633.000000,233.000000,205.000000,15.000000,8.000000,18.000000,3.000000,5.000000,0.000000,6.000000,12.000000,2.000000,4.000000,0.000000,7.000000,15.000000,2.000000,5.000000,8097.000000,2266.000000,4820.000000,695.000000,601.000000,3.000000,
0.041290,0.478709,0.339384,0.038065,0.548985,-208404.024004,3.021413,2195607.000000,1874874.000000,3722527.000000,334752.000000,1282372.000000,1952.000000,539.000000,1146.000000,164.000000,144.000000,453.000000,125.000000,266.000000,38.000000,33.000000,2784.000000,769.000000,1633.000000,233.000000,205.000000,15.000000,8.000000,18.000000,3.000000,5.000000,0.000000,6.000000,12.000000,2.000000,4.000000,0.000000,7.000000,15.000000,2.000000,5.000000,8097.000000,2266.000000,4820.000000,695.000000,601.000000,3.000000,
0.041290,0.478709,0.339384,0.038065,0.548985,-208404.024004,3.021413,2195607.000000,1874874.000000,3722527.000000,334752.000000,1282372.000000,1952.000000,539.000000,1146.000000,164.000000,144.000000,453.000000,125.000000,266.000000,38.000000,33.000000,2784.000000,769.000000,1633.000000,233.000000,205.000000,15.000000,8.000000,18.000000,3.000000,5.000000,0.000000,6.000000,12.000000,2.000000,4.000000,0.000000,7.000000,15.000000,2.000000,5.000000,8097.000000,2266.000000,4820.000000,695.000000,601.000000,3.000000,
0.041275,0.414561,0.337038,0.091039,0.296094,-208285.826016,3.015903,2195607.000000,1874874.000000,3722527.000000,334752.000000,1282372.000000,1952.000000,539.000000,1146.000000,164.000000,144.000000,453.000000,125.000000,266.000000,38.000000,33.000000,2784.000000,769.000000,1633.000000,233.000000,205.000000,15.000000,8.000000,18.000000,3.000000,5.000000,0.000000,6.000000,12.000000,2.000000,4.000000,0.000000,7.000000,15.000000,2.000000,5.000000,8097.000000,2266.000000,4820.000000,695.000000,601.000000,3.000000,
0.041276,0.352022,0.336748,0.183760,0.187188,-208271.253662,3.015440,2195607.000000,1874874.000000,3722527.000000,334752.000000,1282372.000000,1952.000000,539.000000,1146.000000,164.000000,144.000000,453.000000,125.000000,266.000000,38.000000,33.000000,2784.000000,769.000000,1633.000000,233.000000,205.000000,15.000000,8.000000,18.000000,3.000000,5.000000,0.000000,6.000000,12.000000,2.000000,4.000000,0.000000,7.000000,15.000000,2.000000,5.000000,8097.000000,2266.000000,4820.000000,695.000000,601.000000,3.000000,
0.041276,0.352022,0.336748,0.183760,0.187188,-208271.253662,3.015440,2195607.000000,1874874.000000,3722527.000000,334752.000000,1282372.000000,1952.000000,539.000000,1146.000000,164.000000,144.000000,453.000000,125.000000,266.000000,38.000000,33.000000,2784.000000,769.000000,1633.000000,233.000000,205.000000,15.000000,8.000000,18.000000,3.000000,5.000000,0.000000,6.000000,12.000000,2.000000,4.000000,0.000000,7.000000,15.000000,2.000000,5.000000,8097.000000,2266.000000,4820.000000,695.000000,601.000000,3.000000,
0.041276,0.352022,0.336748,0.183760,0.187188,-208271.253662,3.015440,2195607.000000,1874874.000000,3722527.000000,334752.000000,1282372.000000,1952.000000,539.000000,1146.000000,164.000000,144.000000,453.000000,125.000000,266.000000,38.000000,33.000000,2784.000000,769.000000,1633.000000,233.000000,205.000000,15.000000,8.000000,18.000000,3.000000,5.000000,0.000000,6.000000,12.000000,2.000000,4.000000,0.000000,7.000000,15.000000,2.000000,5.000000,8097.000000,2266.000000,4820.000000,695.000000,601.000000,3.000000,
0.041276,0.352022,0.336748,0.183760,0.187188,-208271.253662,3.015440,2195607.000000,1874874.000000,3722527.000000,334752.000000,1282372.000000,1952.000000,539.000000,1146.000000,164.000000,144.000000,453.000000,125.000000,266.000000,38.000000,33.000000,2784.000000,769.000000,1633.000000,233.000000,205.000000,15.000000,8.000000,18.000000,3.000000,5.000000,0.000000,6.000000,12.000000,2.000000,4.000000,0.000000,7.000000,15.000000,2.000000,5.000000,8097.000000,2266.000000,4820.000000,695.000000,601.000000,3.000000,
0.041325,0.299951,0.336144,0.192906,0.136288,-208240.987076,3.017907,2195607.000000,1874874.000000,3722527.000000,334752.000000,1282372.000000,1952.000000,539.000000,1146.000000,164.000000,144.000000,453.000000,125.000000,266.000000,38.000000,33.000000,2784.000000,769.000000,1633.000000,233.000000,205.000000,15.000000,8.000000,18.000000,3.000000,5.000000,0.000000,6.000000,12.000000,2.000000,4.000000,0.000000,7.000000,15.000000,2.000000,5.000000,8097.000000,2266.000000,4820.000000,695.000000,601.000000,3.000000,
0.041325,0.299951,0.336144,0.192906,0.136288,-208240.987076,3.017907,2195607.000000,1874874.000000,3722527.000000,334752.000000,1282372.000000,1952.000000,539.000000,1146.000000,164.000000,144.000000,453.000000,125.000000,266.000000,38.000000,33.000000,2784.000000,769.000000,1633.000000,233.000000,205.000000,15.000000,8.000000,18.000000,3.000000,5.000000,0.000000,6.000000,12.000000,2.000000,4.000000,0.000000,7.000000,15.000000,2.000000,5.000000,8097.000000,2266.000000,4820.000000,695.000000,601.000000,3.000000,
0.041325,0.299951,0.336144,0.192906,0.136288,-208240.987076,3.017907,2195607.000000,1874874.000000,3722527.000000,334752.000000,1282372.000000,1952.000000,539.000000,1146.000000,164.000000,144.000000,453.000000,125.000000,266.000000,38.000000,33.000000,2784.000000,769.000000,1633.000000,233.000000,205.000000,15.000000,8.000000,18.000000,3.000000,5.000000,0.000000,6.000000,12.000000,2.000000,4.000000,0.000000,7.000000,15.000000,2.000000,5.000000,8097.000000,2266.000000,4820.000000,695.000000,601.000000,3.000000,
0.041278,0.192945,0.339238,0.183770,0.170265,-208396.660257,3.020228,2195607.000000,1874874.000000,3722527.000000,334752.000000,1282372.000000,1952.000000,539.000000,1146.000000,164.000000,144.000000,453.000000,125.000000,266.000000,38.000000,33.000000,2784.000000,769.000000,1633.000000,233.000000,205.000000,15.000000,8.000000,18.000000,3.000000,5.000000,0.000000,6.000000,12.000000,2.000000,4.000000,0.000000,7.000000,15.000000,2.000000,5.000000,8097.000000,2266.000000,4820.000000,695.000000,601.000000,3.000000,
0.041278,0.192945,0.339238,0.183770,0.170265,-208396.660257,3.020228,2195607.000000,1874874.000000,3722527.000000,334752.000000,1282372.000000,1952.000000,539.000000,1146.000000,164.000000,144.000000,453.000000,125.000000,266.000000,38.000000,33.000000,2784.000000,769.000000,1633.000000,233.000000,205.000000,15.000000,8.000000,18.000000,3.000000,5.000000,0.000000,6.000000,12.000000,2.000000,4.000000,0.000000,7.000000,15.000000,2.000000,5.000000,8097.000000,2266.000000,4820.000000,695.000000,601.000000,3.000000,
0.041989,0.173643,0.295183,0.031153,0.688061,-206237.318478,2.988751,2195607.000000,1874874.000000,3722527.000000,334752.000000,1282372.000000,1952.000000,539.000000,1146.000000,164.000000,144.000000,453.000000,125.000000,266.000000,38.000000,33.000000,2784.000000,769.000000,1633.000000,233.000000,205.000000,15.000000,8.000000,18.000000,3.000000,5.000000,0.000000,6.000000,12.000000,2.000000,4.000000,0.000000,7.000000,15.000000,2.000000,5.000000,8097.000000,2266.000000,4820.000000,695.000000,601.000000,3.000000,
0.041989,0.173643,0.295183,0.031153,0.688061,-206237.318478,2.988751,2195607.000000,1874874.000000,3722527.000000,334752.000000,1282372.000000,1952.000000,539.000000,1146.000000,164.000000,144.000000,453.000000,125.000000,266.000000,38.000000,33.000000,2784.000000,769.000000,1633.000000,233.000000,205.000000,15.000000,8.000000,18.000000,3.000000,5.000000,0.000000,6.000000,12.000000,2.000000,4.000000,0.000000,7.000000,15.000000,2.000000,5.000000,8097.000000,2266.000000,4820.000000,695.000000,601.000000,3.000000,
0.041989,0.173643,0.295183,0.031153,0.688061,-206237.318478,2.988751,2195607.000000,1874874.000000,3722527.000000,334752.000000,1282372.000000,1952.000000,539.000000,1146.000000,164.000000,144.000000,453.000000,125.000000,266.000000,38.000000,33.000000,2784.000000,769.000000,1633.000000,233.000000,205.000000,15.000000,8.000000,18.000000,3.000000,5.000000,0.000000,6.000000,12.000000,2.000000,4.000000,0.000000,7.000000,15.000000,2.000000,5.000000,8097.000000,2266.000000,4820.000000,695.000000,601.000000,3.000000,
0.041989,0.173643,0.295183,0.031153,0.688061,-206237.318478,2.988751,2195607.000000,1874874.000000,3722527.000000,334752.000000,1282372.000000,1952.000000,539.000000,1146.000000,164.000000,144.000000,453.000000,125.000000,266.000000,38.000000,33.000000,2784.000000,769.000000,1633.000000,233.000000,205.000000,15.000000,8.000000,18.000000,3.000000,5.000000,0.000000,6.000000,12.000000,2.000000,4.000000,0.000000,7.000000,15.000000,2.000000,5.000000,8097.000000,2266.000000,4820.000000,695.000000,601.000000,3.000000,
0.041989,0.173643,0.295183,0.031153,0.688061,-206237.318478,2.988751,2195607.000000,1874874.000000,3722527.000000,334752.000000,1282372.000000,1952.000000,539.000000,1146.000000,164.000000,144.000000,453.000000,125.000000,266.000000,38.000000,33.000000,2784.000000,769.000000,1633.000000,233.000000,205.000000,15.000000,8.000000,18.000000,3.000000,5.000000,0.000000,6.000000,12.000000,2.000000,4.000000,0.000000,7.000000,15.000000,2.000000,5.000000,8097.000000,2266.000000,4820.000000,695.000000,601.000000,3.000000,
0.041770,0.283648,0.301866,0.034664,0.667905,-206556.867269,2.985731,2195607.000000,1874874.000000,3722527.000000,334752.000000,1282372.000000,1952.000000,539.000000,1146.000000,164.000000,144.000000,453.000000,125.000000,266.000000,38.000000,33.000000,2784.000000,769.000000,1633.000000,233.000000,205.000000,15.000000,8.000000,18.000000,3.000000,5.000000,0.000000,6.000000,12.000000,2.000000,4.000000,0.000000,7.000000,15.000000,2.000000,5.000000,8097.000000,2266.000000,4820.000000,695.000000,601.000000,3.000000,
0.041770,0.283648,0.301866,0.034664,0.667905,-206556.867269,2.985731,2195607.000000,1874874.000000,3722527.000000,334752.000000,1282372.000000,1952.000000,539.000000,1146.000000,164.000000,144.000000,453.000000,125.000000,266.000000,38.000000,33.000000,2784.000000,769.000000,1633.000000,233.000000,205.000000,15.000000,8.000000,18.000000,3.000000,5.000000,0.000000,6.000000,12.000000,2.000000,4.000000,0.000000,7.000000,15.000000,2.000000,5.000000,8097.000000,2266.000000,4820.000000,695.000000,601.000000,3.000000,
0.042013,0.325224,0.295018,0.047865,0.657076,-206229.482925,2.990140,2195607.000000,1874874.000000,3722527.000000,334752.000000,1282372.000000,1952.000000,539.000000,1146.000000,164.000000,144.000000,453.000000,125.000000,266.000000,38.000000,33.000000,2784.000000,769.000000,1633.000000,233.000000,205.000000,15.000000,8.000000,18.000000,3.000000,5.000000,0.000000,6.000000,12.000000,2.000000,4.000000,0.000000,7.000000,15.000000,2.000000,5.000000,8097.000000,2266.000000,4820.000000,695.000000,601.000000,3.000000,
0.041730,0.528580,0.306896,0.055528,0.447809,-206799.441561,2.992401,2195607.000000,1874874.000000,3722527.000000,334752.000000,1282372.000000,1952.000000,539.000000,1146.000000,164.000000,144.000000,453.000000,125.000000,266.000000,38.000000,33.000000,2784.000000,769.000000,1633.000000,233.000000,205.000000,15.000000,8.000000,18.000000,3.000000,5.000000,0.000000,6.000000,12.000000,2.000000,4.000000,0.000000,7.000000,15.000000,2.000000,5.000000,8097.000000,2266.000000,4820.000000,695.000000,601.000000,3.000000,
0.041730,0.528580,0.306896,0.055528,0.447809,-206799.441561,2.992401,2195607.000000,1874874.000000,3722527.000000,334752.000000,1282372.000000,1952.000000,539.000000,1146.000000,164.000000,144.000000,453.000000,125.000000,266.000000,38.000000,33.000000,2784.000000,769.000000,1633.000000,233.000000,205.000000,15.000000,8.000000,18.000000,3.000000,5.000000,0.000000,6.000000,12.000000,2.000000,4.000000,0.000000,7.000000,15.000000,2.000000,5.000000,8097.000000,2266.000000,4820.000000,695.000000,601.000000,3.000000,
0.042171,0.146771,0.295074,0.001498,0.767192,-206232.469606,3.001503,2195607.000000,1874874.000000,3722527.000000,334752.000000,1282372.000000,1952.000000,539.000000,1146.000000,164.000000,144.000000,453.000000,125.000000,266.000000,38.000000,33.000000,2784.000000,769.000000,1633.000000,233.000000,205.000000,15.000000,8.000000,18.000000,3.000000,5.000000,0.000000,6.000000,12.000000,2.000000,4.000000,0.000000,7.000000,15.000000,2.000000,5.000000,8097.000000,2266.000000,4820.000000,695.000000,601.000000,3.000000,
0.042167,0.074196,0.294646,0.002762,0.613916,-206212.022500,3.000401,2195607.000000,1874874.000000,3722527.000000,334752.000000,1282372.000000,1952.000000,539.000000,1146.000000,164.000000,144.000000,453.000000,125.000000,266.000000,38.000000,33.000000,2784.000000,769.000000,1633.000000,233.000000,205.000000,15.000000,8.000000,18.000000,3.000000,5.000000,0.000000,6.000000,12.000000,2.000000,4.000000,0.000000,7.000000,15.000000,2.000000,5.000000,8097.000000,2266.000000,4820.000000,695.000000,601.000000,3.000000,
0.042167,0.074196,0.294646,0.002762,0.613916,-206212.022500,3.000401,2195607.000000,1874874.000000,3722527.000000,334752.000000,1282372.000000,1952.000000,539.000000,1146.000000,164.000000,144.000000,453.000000,125.000000,266.000000,38.000000,33.000000,2784.000000,769.000000,1633.000000,233.000000,205.000000,15.000000,8.000000,18.000000,3.000000,5.000000,0.000000,6.000000,12.000000,2.000000,4.000000,0.000000,7.000000,15.000000,2.000000,5.000000,8097.000000,2266.000000,4820.000000,695.000000,601.000000,3.000000,
0.042167,0.074196,0.294646,0.002762,0.613916,-206212.022500,3.000401,2195607.000000,1874874.000000,3722527.000000,334752.000000,1282372.000000,1952.000000,539.000000,1146.000000,164.000000,144.000000,453.000000,125.000000,266.000000,38.000000,33.000000,2784.000000,769.000000,1633.000000,233.000000,205.000000,15.000000,8.000000,18.000000,3.000000,5.000000,0.000000,6.000000,12.000000,2.000000,4.000000,0.000000,7.000000,15.000000,2.000000,5.000000,8097.000000,2266.000000,4820.000000,695.000000,601.000000,3.000000,
0.042167,0.074196,0.294646,0.002762,0.613916,-206212.022500,3.000401,2195607.000000,1874874.000000,3722527.000000,334752.000000,1282372.000000,1952.000000,539.000000,1146.000000,164.000000,144.000000,453.000000,125.000000,266.000000,38.000000,33.000000,2784.000000,769.000000,1633.000000,233.000000,205.000000,15.000000,8.000000,18.000000,3.000000,5.000000,0.000000,6.000000,12.000000,2.000000,4.000000,0.000000,7.000000,15.000000,2.000000,5.000000,8097.000000,2266.000000,4820.000000,695.000000,601.000000,3.000000,
0.042167,0.074196,0.294646,0.002762,0.613916,-206212.022500,3.000401,2195607.000000,1874874.000000,3722527.000000,334752.000000,1282372.000000,1952.000000,539.000000,1146.000000,164.000000,144.000000,453.000000,125.000000,266.000000,38.000000,33.000000,2784.000000,769.000000,1633.000000,233.000000,205.000000,15.000000,8.000000,18.000000,3.000000,5.000000,0.000000,6.000000,12.000000,2.000000,4.000000,0.000000,7.000000,15.000000,2.000000,5.000000,8097.000000,2266.000000,4820.000000,695.000000,601.000000,3.000000,
0.042167,0.074196,0.294646,0.002762,0.613916,-206212.022500,3.000401,2195607.000000,1874874.000000,3722527.000000,334752.000000,1282372.000000,1952.000000,539.000000,1146.000000,164.000000,144.000000,453.000000,125.000000,266.000000,38.000000,33.000000,2784.000000,769.000000,1633.000000,233.000000,205.000000,15.000000,8.000000,18.000000,3.000000,5.000000,0.000000,6.000000,12.000000,2.000000,4.000000,0.000000,7.000000,15.000000,2.000000,5.000000,8097.000000,2266.000000,4820.000000,695.000000,601.000000,3.000000,
0.042334,0.106316,0.287745,0.001739,0.679353,-205884.992670,2.999098,2195607.000000,1874874.000000,3722527.000000,334752.000000,1282372.000000,1952.000000,539.000000,1146.000000,164.000000,144.000000,453.000000,125.000000,266.000000,38.000000,33.000000,2784.000000,769.000000,1633.000000,233.000000,205.000000,15.000000,8.000000,18.000000,3.000000,5.000000,0.000000,6.000000,12.000000,2.000000,4.000000,0.000000,7.000000,15.000000,2.000000,5.000000,8097.000000,2266.000000,4820.000000,695.000000,601.000000,3.000000,
0.042334,0.106316,0.287745,0.001739,0.679353,-205884.992670,2.999098,2195607.000000,1874874.000000,3722527.000000,334752.000000,1282372.000000,1952.000000,539.000000,1146.000000,164.000000,144.000000,453.000000,125.000000,266.000000,38.000000,33.000000,2784.000000,769.000000,1633.000000,233.000000,205.000000,15.000000,8.000000,18.000000,3.000000,5.000000,0.000000,6.000000,12.000000,2.000000,4.000000,0.000000,7.000000,15.000000,2.000000,5.000000,8097.000000,2266.000000,4820.000000,695.000000,601.000000,3.000000,
0.042334,0.106316,0.287745,0.001739,0.679353,-205884.992670,2.999098,2195607.000000,1874874.000000,3722527.000000,334752.000000,1282372.000000,1952.000000,539.000000,1146.000000,164.000000,144.000000,453.000000,125.000000,266.000000,38.000000,33.000000,2784.000000,769.000000,1633.000000,233.000000,205.000000,15.000000,8.000000,18.000000,3.000000,5.000000,0.000000,6.000000,12.000000,2.000000,4.000000,0.000000,7.000000,15.000000,2.000000,5.000000,8097.000000,2266.000000,4820.000000,695.000000,601.000000,3.000000,
0.042334,0.106316,0.287745,0.001739,0.679353,-205884.992670,2.999098,2195607.000000,1874874.000000,3722527.000000,334752.000000,1282372.000000,1952.000000,539.000000,1146.000000,164.000000,144.000000,453.000000,125.000000,266.000000,38.000000,33.000000,2784.000000,769.000000,1633.000000,233.000000,205.000000,15.000000,8.000000,18.000000,3.000000,5.000000,0.000000,6.000000,12.000000,2.000000,4.000000,0.000000,7.000000,15.000000,2.000000,5.000000,8097.000000,2266.000000,4820.000000,695.000000,601.000000,3.000000,
0.042334,0.106316,0.287745,0.001739,0.679353,-205884.992670,2.999098,2195607.000000,1874874.000000,3722527.000000,334752.000000,1282372.000000,1952.000000,539.000000,1146.000000,164.000000,144.000000,453.000000,125.000000,266.000000,38.000000,33.000000,2784.000000,769.000000,1633.000000,233.000000,205.000000,15.000000,8.000000,18.000000,3.000000,5.000000,0.000000,6.000000,12.000000,2.000000,4.000000,0.000000,7.000000,15.000000,2.000000,5.000000,8097.000000,2266.000000,4820.000000,695.000000,601.000000,3.000000,
0.042334,0.106316,0.287745,0.001739,0.679353,-205884.992670,2.999098,2195607.000000,1874874.000000,3722527.000000,334752.000000,1282372.000000,1952.000000,539.000000,1146.000000,164.000000,144.000000,453.000000,125.000000,266.000000,38.000000,33.000000,2784.000000,769.000000,1633.000000,233.000000,205.000000,15.000000,8.000000,18.000000,3.000000,5.000000,0.000000,6.000000,12.000000,2.000000,4.000000,0.000000,7.000000,15.000000,2.000000,5.000000,8097.000000,2266.000000,4820.000000,695.000000,601.000000,3.000000,
0.042334,0.106316,0.287745,0.001739,0.679353,-205884.992670,2.999098,2195607.000000,1874874.000000,3722527.000000,334752.000000,1282372.000000,1952.000000,539.000000,1146.000000,164.000000,144.000000,453.000000,125.000000,266.000000,38.000000,33.000000,2784.000000,769.000000,1633.000000,233.000000,205.000000,15.000000,8.000000,18.000000,3.000000,5.000000,0.000000,6.000000,12.000000,2.000000,4.000000,0.000000,7.000000,15.000000,2.000000,5.000000,8097.000000,2266.000000,4820.000000,695.000000,601.000000,3.000000,
0.042339,0.128871,0.286636,0.001361,0.714698,-205832.690630,2.997303,2195607.000000,1874874.000000,3722527.000000,334752.000000,1282372.000000,1952.000000,539.000000,1146.000000,164.000000,144.000000,453.000000,125.000000,266.000000,38.000000,33.000000,2784.000000,769.000000,1633.000000,233.000000,205.000000,15.000000,8.000000,18.000000,3.000000,5.000000,0.000000,6.000000,12.000000,2.000000,4.000000,0.000000,7.000000,15.000000,2.000000,5.000000,8097.000000,2266.000000,4820.000000,695.000000,601.000000,3.000000,
0.042339,0.128871,0.286636,0.001361,0.714698,-205832.690630,2.997303,2195607.000000,1874874.000000,3722527.000000,334752.000000,1282372.000000,1952.000000,539.000000,1146.000000,164.000000,144.000000,453.000000,125.000000,266.000000,38.000000,33.000000,2784.000000,769.000000,1633.000000,233.000000,205.000000,15.000000,8.000000,18.000000,3.000000,5.000000,0.000000,6.000000,12.000000,2.000000,4.000000,0.000000,7.000000,15.000000,2.000000,5.000000,8097.000000,2266.000000,4820.000000,695.000000,601.000000,3.000000,
0.042339,0.128871,0.286636,0.001361,0.714698,-205832.690630,2.997303,2195607.000000,1874874.000000,3722527.000000,334752.000000,1282372.000000,1952.000000,539.000000,1146.000000,164.000000,144.000000,453.000000,125.000000,266.000000,38.000000,33.000000,2784.000000,769.000000,1633.000000,233.000000,205.000000,15.000000,8.000000,18.000000,3.000000,5.000000,0.000000,6.000000,12.000000,2.000000,4.000000,0.000000,7.000000,15.000000,2.000000,5.000000,8097.000000,2266.000000,4820.000000,695.000000,601.000000,3.000000,
0.042339,0.128871,0.286636,0.001361,0.714698,-205832.690630,2.997303,2195607.000000,1874874.000000,3722527.000000,334752.000000,1282372.000000,1952.000000,539.000000,1146.000000,164.000000,144.000000,453.000000,125.000000,266.000000,38.000000,33.000000,2784.000000,769.000000,1633.000000,233.000000,205.000000,15.000000,8.000000,18.000000,3.000000,5.000000,0.000000,6.000000,12.000000,2.000000,4.000000,0.000000,7.000000,15.000000,2.000000,5.000000,8097.000000,2266.000000,4820.000000,695.000000,601.000000,3.000000,
0.042339,0.128871,0.286636,0.001361,0.714698,-205832.690630,2.997303,2195607.000000,1874874.000000,3722527.000000,334752.000000,1282372.000000,1952.000000,539.000000,1146.000000,164.000000,144.000000,453.000000,125.000000,266.000000,38.000000,33.000000,2784.000000,769.000000,1633.000000,233.000000,205.000000,15.000000,8.000000,18.000000,3.000000,5.000000,0.000000,6.000000,12.000000,2.000000,4.000000,0.000000,7.000000,15.000000,2.000000,5.000000,8097.000000,2266.000000,4820.000000,695.000000,601.000000,3.000000,
0.042464,0.175909,0.283881,0.001905,0.687271,-205703.216501,3.000912,2195607.000000,1874874.000000,3722527.000000,334752.000000,1282372.000000,1952.000000,539.000000,1146.000000,164.000000,144.000000,453.000000,125.000000,266.000000,38.000000,33.000000,2784.000000,769.000000,1633.000000,233.000000,205.000000,15.000000,8.000000,18.000000,3.000000,5.000000,0.000000,6.000000,12.000000,2.000000,4.000000,0.000000,7.000000,15.000000,2.000000,5.000000,8097.000000,2266.000000,4820.000000,695.000000,601.000000,3.000000,
0.042464,0.175909,0.283881,0.001905,0.687271,-205703.216501,3.000912,2195607.000000,1874874.000000,3722527.000000,334752.000000,1282372.000000,1952.000000,539.000000,1146.000000,164.000000,144.000000,453.000000,125.000000,266.000000,38.000000,33.000000,2784.000000,769.000000,1633.000000,233.000000,205.000000,15.000000,8.000000,18.000000,3.000000,5.000000,0.000000,6.000000,12.000000,2.000000,4.000000,0.000000,7.000000,15.000000,2.000000,5.000000,8097.000000,2266.000000,4820.000000,695.000000,601.000000,3.000000,
0.042531,0.101491,0.279320,0.002982,0.715198,-205489.630934,2.996861,2195607.000000,1874874.000000,3722527.000000,334752.000000,1282372.000000,1952.000000,539.000000,1146.000000,164.000000,144.000000,453.000000,125.000000,266.000000,38.000000,33.000000,2784.000000,769.000000,1633.000000,233.000000,205.000000,15.000000,8.000000,18.000000,3.000000,5.000000,0.000000,6.000000,12.000000,2.000000,4.000000,0.000000,7.000000,15.000000,2.000000,5.000000,8097.000000,2266.000000,4820.000000,695.000000,601.000000,3.000000,
0.042531,0.101491,0.279320,0.002982,0.715198,-205489.630934,2.996861,2195607.000000,1874874.000000,3722527.000000,334752.000000,1282372.000000,1952.000000,539.000000,1146.000000,164.000000,144.000000,453.000000,125.000000,266.000000,38.000000,33.000000,2784.000000,769.000000,1633.000000,233.000000,205.000000,15.000000,8.000000,18.000000,3.000000,5.000000,0.000000,6.000000,12.000000,2.000000,4.000000,0.000000,7.000000,15.000000,2.000000,5.000000,8097.000000,2266.000000,4820.000000,695.000000,601.000000,3.000000,
0.042531,0.101491,0.279320,0.002982,0.715198,-205489.630934,2.996861,2195607.000000,1874874.000000,3722527.000000,334752.000000,1282372.000000,1952.000000,539.000000,1146.000000,164.000000,144.000000,453.000000,125.000000,266.000000,38.000000,33.000000,2784.000000,769.000000,1633.000000,233.000000,205.000000,15.000000,8.000000,18.000000,3.000000,5.000000,0.000000,6.000000,12.000000,2.000000,4.000000,0.000000,7.000000,15.000000,2.000000,5.000000,8097.000000,2266.000000,4820.000000,695.000000,601.000000,3.000000,
0.042531,0.101491,0.279320,0.002982,0.715198,-205489.630934,2.996861,2195607.000000,1874874.000000,3722527.000000,334752.000000,1282372.000000,1952.000000,539.000000,1146.000000,164.000000,144.000000,453.000000,125.000000,266.000000,38.000000,33.000000,2784.000000,769.000000,1633.000000,233.000000,205.000000,15.000000,8.000000,18.000000,3.000000,5.000000,0.000000,6.000000,12.000000,2.000000,4.000000,0.000000,7.000000,15.000000,2.000000,5.000000,8097.000000,2266.000000,4820.000000,695.000000,601.000000,3.000000,
0.042531,0.101491,0.279320,0.002982,0.715198,-205489.630934,2.996861,2195607.000000,1874874.000000,3722527.000000,334752.000000,1282372.000000,1952.000000,539.000000,1146.000000,164.000000,144.000000,453.000000,125.000000,266.000000,38.000000,33.000000,2784.000000,769.000000,1633.000000,233.000000,205.000000,15.000000,8.000000,18.000000,3.000000,5.000000,0.000000,6.000000,12.000000,2.000000,4.000000,0.000000,7.000000,15.000000,2.000000,5.000000,8097.000000,2266.000000,4820.000000,695.000000,601.000000,3.000000,
0.042531,0.101491,0.279320,0.002982,0.715198,-205489.630934,2.996861,2195607.000000,1874874.000000,3722527.000000,334752.000000,1282372.000000,1952.000000,539.000000,1146.000000,164.000000,144.000000,453.000000,125.000000,266.000000,38.000000,33.000000,2784.000000,769.000000,1633.000000,233.000000,205.000000,15.000000,8.000000,18.000000,3.000000,5.000000,0.000000,6.000000,12.000000,2.000000,4.000000,0.000000,7.000000,15.000000,2.000000,5.000000,8097.000000,2266.000000,4820.000000,695.000000,601.000000,3.000000,
0.042531,0.101491,0.279320,0.002982,0.715198,-205489.630934,2.996861,2195607.000000,1874874.000000,3722527.000000,334752.000000,1282372.000000,1952.000000,539.000000,1146.000000,164.000000,144.000000,453.000000,125.000000,266.000000,38.000000,33.000000,2784.000000,769.000000,1633.000000,233.000000,205.000000,15.000000,8.000000,18.000000,3.000000,5.000000,0.000000,6.000000,12.000000,2.000000,4.000000,0.000000,7.000000,15.000000,2.000000,5.000000,8097.000000,2266.000000,4820.000000,695.000000,601.000000,3.000000,
0.042621,0.141830,0.275777,0.002800,0.691531,-205324.673739,2.996389,2195607.000000,1874874.000000,3722527.000000,334752.000000,1282372.000000,1952.000000,539.000000,1146.000000,164.000000,144.000000,453.000000,125.000000,266.000000,38.000000,33.000000,2784.000000,769.000000,1633.000000,233.000000,205.000000,15.000000,8.000000,18.000000,3.000000,5.000000,0.000000,6.000000,12.000000,2.000000,4.000000,0.000000,7.000000,15.000000,2.000000,5.000000,8097.000000,2266.000000,4820.000000,695.000000,601.000000,3.000000,
0.042621,0.141830,0.275777,0.002800,0.691531,-205324.673739,2.996389,2195607.000000,1874874.000000,3722527.000000,334752.000000,1282372.000000,1952.000000,539.000000,1146.000000,164.000000,144.000000,453.000000,125.000000,266.000000,38.000000,33.000000,2784.000000,769.000000,1633.000000,233.000000,205.000000,15.000000,8.000000,18.000000,3.000000,5.000000,0.000000,6.000000,12.000000,2.000000,4.000000,0.000000,7.000000,15.000000,2.000000,5.000000,8097.000000,2266.000000,4820.000000,695.000000,601.000000,3.000000,
0.042621,0.141830,0.275777,0.002800,0.691531,-205324.673739,2.996389,2195607.000000,1874874.000000,3722527.000000,334752.000000,1282372.000000,1952.000000,539.000000,1146.000000,164.000000,144.000000,453.000000,125.000000,266.000000,38.000000,33.000000,2784.000000,769.000000,1633.000000,233.000000,205.000000,15.000000,8.000000,18.000000,3.000000,5.000000,0.000000,6.000000,12.000000,2.000000,4.000000,0.000000,7.000000,15.000000,2.000000,5.000000,8097.000000,2266.000000,4820.000000,695.000000,601.000000,3.000000,
0.042504,0.078223,0.282414,0.003280,0.651551,-205634.447876,3.000878,2195607.000000,1874874.000000,3722527.000000,334752.000000,1282372.000000,1952.000000,539.000000,1146.000000,164.000000,144.000000,453.000000,125.000000,266.000000,38.000000,33.000000,2784.000000,769.000000,1633.000000,233.000000,205.000000,15.000000,8.000000,18.000000,3.000000,5.000000,0.000000,6.000000,12.000000,2.000000,4.000000,0.000000,7.000000,15.000000,2.000000,5.000000,8097.000000,2266.000000,4820.000000,695.000000,601.000000,3.000000,
0.042504,0.078223,0.282414,0.003280,0.651551,-205634.447876,3.000878,2195607.000000,1874874.000000,3722527.000000,334752.000000,1282372.000000,1952.000000,539.000000,1146.000000,164.000000,144.000000,453.000000,125.000000,266.000000,38.000000,33.000000,2784.000000,769.000000,1633.000000,233.000000,205.000000,15.000000,8.000000,18.000000,3.000000,5.000000,0.000000,6.000000,12.000000,2.000000,4.000000,0.000000,7.000000,15.000000,2.000000,5.000000,8097.000000,2266.000000,4820.000000,695.000000,601.000000,3.000000,
0.042504,0.078223,0.282414,0.003280,0.651551,-205634.447876,3.000878,2195607.000000,1874874.000000,3722527.000000,334752.000000,1282372.000000,1952.000000,539.000000,1146.000000,164.000000,144.000000,453.000000,125.000000,266.000000,38.000000,33.000000,2784.000000,769.000000,1633.000000,233.000000,205.000000,15.000000,8.000000,18.000000,3.000000,5.000000,0.000000,6.000000,12.000000,2.000000,4.000000,0.000000,7.000000,15.000000,2.000000,5.000000,8097.000000,2266.000000,4820.000000,695.000000,601.000000,3.000000,
0.042390,0.043661,0.286349,0.001543,0.645953,-205819.258458,3.000404,2195607.000000,1874874.000000,3722527.000000,334752.000000,1282372.000000,1952.000000,539.000000,1146.000000,164.000000,144.000000,453.000000,125.000000,266.000000,38.000000,33.000000,2784.000000,769.000000,1633.000000,233.000000,205.000000,15.000000,8.000000,18.000000,3.000000,5.000000,0.000000,6.000000,12.000000,2.000000,4.000000,0.000000,7.000000,15.000000,2.000000,5.000000,8097.000000,2266.000000,4820.000000,695.000000,601.000000,3.000000,
0.042401,0.018001,0.285799,0.001360,0.739394,-205793.354700,3.000083,2195607.000000,1874874.000000,3722527.000000,334752.000000,1282372.000000,1952.000000,539.000000,1146.000000,164.000000,144.000000,453.000000,125.000000,266.000000,38.000000,33.000000,2784.000000,769.000000,1633.000000,233.000000,205.000000,15.000000,8.000000,18.000000,3.000000,5.000000,0.000000,6.000000,12.000000,2.000000,4.000000,0.000000,7.000000,15.000000,2.000000,5.000000,8097.000000,2266.000000,4820.000000,695.000000,601.000000,3.000000,
0.042401,0.018001,0.285799,0.001360,0.739394,-205793.354700,3.000083,2195607.000000,1874874.000000,3722527.000000,334752.000000,1282372.000000,1952.000000,539.000000,1146.000000,164.000000,144.000000,453.000000,125.000000,266.000000,38.000000,33.000000,2784.000000,769.000000,1633.000000,233.000000,205.000000,15.000000,8.000000,18.000000,3.000000,5.000000,0.000000,6.000000,12.000000,2.000000,4.000000,0.000000,7.000000,15.000000,2.000000,5.000000,8097.000000,2266.000000,4820.000000,695.000000,601.000000,3.000000,
0.042376,0.020706,0.287866,0.001103,0.641790,-205890.811058,3.002287,2195607.000000,1874874.000000,3722527.000000,334752.000000,1282372.000000,1952.000000,539.000000,1146.000000,164.000000,144.000000,453.000000,125.000000,266.000000,38.000000,33.000000,2784.000000,769.000000,1633.000000,233.000000,205.000000,15.000000,8.000000,18.000000,3.000000,5.000000,0.000000,6.000000,12.000000,2.000000,4.000000,0.000000,7.000000,15.000000,2.000000,5.000000,8097.000000,2266.000000,4820.000000,695.000000,601.000000,3.000000,
0.042376,0.020706,0.287866,0.001103,0.641790,-205890.811058,3.002287,2195607.000000,1874874.000000,3722527.000000,334752.000000,1282372.000000,1952.000000,539.000000,1146.000000,164.000000,144.000000,453.000000,125.000000,266.000000,38.000000,33.000000,2784.000000,769.000000,1633.000000,233.000000,205.000000,15.000000,8.000000,18.000000,3.000000,5.000000,0.000000,6.000000,12.000000,2.000000,4.000000,0.000000,7.000000,15.000000,2.000000,5.000000,8097.000000,2266.000000,4820.000000,695.000000,601.000000,3.000000,
0.042376,0.020706,0.287866,0.001103,0.641790,-205890.811058,3.002287,2195607.000000,1874874.000000,3722527.000000,334752.000000,1282372.000000,1952.000000,539.000000,1146.000000,164.000000,144.000000,453.000000,125.000000,266.000000,38.000000,33.000000,2784.000000,769.000000,1633.000000,233.000000,205.000000,15.000000,8.000000,18.000000,3.000000,5.000000,0.000000,6.000000,12.000000,2.000000,4.000000,0.000000,7.000000,15.000000,2.000000,5.000000,8097.000000,2266.000000,4820.000000,695.000000,601.000000,3.000000,
0.042076,0.034120,0.301168,0.001403,0.592610,-206523.887247,3.006316,2195607.000000,1874874.000000,3722527.000000,334752.000000,1282372.000000,1952.000000,539.000000,1146.000000,164.000000,144.000000,453.000000,125.000000,266.000000,38.000000,33.000000,2784.000000,769.000000,1633.000000,233.000000,205.000000,15.000000,8.000000,18.000000,3.000000,5.000000,0.000000,6.000000,12.000000,2.000000,4.000000,0.000000,7.000000,15.000000,2.000000,5.000000,8097.000000,2266.000000,4820.000000,695.000000,601.000000,3.000000,
0.042076,0.034120,0.301168,0.001403,0.592610,-206523.887247,3.006316,2195607.000000,1874874.000000,3722527.000000,334752.000000,1282372.000000,1952.000000,539.000000,1146.000000,164.000000,144.000000,453.000000,125.000000,266.000000,38.000000,33.000000,2784.000000,769.000000,1633.000000,233.000000,205.000000,15.000000,8.000000,18.000000,3.000000,5.000000,0.000000,6.000000,12.000000,2.000000,4.000000,0.000000,7.000000,15.000000,2.000000,5.000000,8097.000000,2266.000000,4820.000000,695.000000,601.000000,3.000000,
0.042076,0.034120,0.301168,0.001403,0.592610,-206523.887247,3.006316,2195607.000000,1874874.000000,3722527.000000,334752.000000,1282372.000000,1952.000000,539.000000,1146.000000,164.000000,144.000000,453.000000,125.000000,266.000000,38.000000,33.000000,2784.000000,769.000000,1633.000000,233.000000,205.000000,15.000000,8.000000,18.000000,3.000000,5.000000,0.000000,6.000000,12.000000,2.000000,4.000000,0.000000,7.000000,15.000000,2.000000,5.000000,8097.000000,2266.000000,4820.000000,695.000000,601.000000,3.000000,
0.042076,0.034120,0.301168,0.001403,0.592610,-206523.887247,3.006316,2195607.000000,1874874.000000,3722527.000000,334752.000000,1282372.000000,1952.000000,539.000000,1146.000000,164.000000,144.000000,453.000000,125.000000,266.000000,38.000000,33.000000,2784.000000,769.000000,1633.000000,233.000000,205.000000,15.000000,8.000000,18.000000,3.000000,5.000000,0.000000,6.000000,12.000000,2.000000,4.000000,0.000000,7.000000,15.000000,2.000000,5.000000,8097.000000,2266.000000,4820.000000,695.000000,601.000000,3.000000,
0.042076,0.034120,0.301168,0.001403,0.592610,-206523.887247,3.006316,2195607.000000,1874874.000000,3722527.000000,334752.000000,1282372.000000,1952.000000,539.000000,1146.000000,164.000000,144.000000,453.000000,125.000000,266.000000,38.000000,33.000000,2784.000000,769.000000,1633.000000,233.000000,205.000000,15.000000,8.000000,18.000000,3.000000,5.000000,0.000000,6.000000,12.000000,2.000000,4.000000,0.000000,7.000000,15.000000,2.000000,5.000000,8097.000000,2266.000000,4820.000000,695.000000,601.000000,3.000000,
0.042002,0.183438,0.301896,0.007600,0.583440,-206558.765172,3.002391,2195607.000000,1874874.000000,3722527.000000,334752.000000,1282372.000000,1952.000000,539.000000,1146.000000,164.000000,144.000000,453.000000,125.000000,266.000000,38.000000,33.000000,2784.000000,769.000000,1633.000000,233.000000,205.000000,15.000000,8.000000,18.000000,3.000000,5.000000,0.000000,6.000000,12.000000,2.000000,4.000000,0.000000,7.000000,15.000000,2.000000,5.000000,8097.000000,2266.000000,4820.000000,695.000000,601.000000,3.000000,
0.042002,0.183438,0.301896,0.007600,0.583440,-206558.765172,3.002391,2195607.000000,1874874.000000,3722527.000000,334752.000000,1282372.000000,1952.000000,539.000000,1146.000000,164.000000,144.000000,453.000000,125.000000,266.000000,38.000000,33.000000,2784.000000,769.000000,1633.000000,233.000000,205.000000,15.000000,8.000000,18.000000,3.000000,5.000000,0.000000,6.000000,12.000000,2.000000,4.000000,0.000000,7.000000,15.000000,2.000000,5.000000,8097.000000,2266.000000,4820.000000,695.000000,601.000000,3.000000,
0.042002,0.183438,0.301896,0.007600,0.583440,-206558.765172,3.002391,2195607.000000,1874874.000000,3722527.000000,334752.000000,1282372.000000,1952.000000,539.000000,1146.000000,164.000000,144.000000,453.000000,125.000000,266.000000,38.000000,33.000000,2784.000000,769.000000,1633.000000,233.000000,205.000000,15.000000,8.000000,18.000000,3.000000,5.000000,0.000000,6.000000,12.000000,2.000000,4.000000,0.000000,7.000000,15.000000,2.000000,5.000000,8097.000000,2266.000000,4820.000000,695.000000,601.000000,3.000000,
0.042002,0.183438,0.301896,0.007600,0.583440,-206558.765172,3.002391,2195607.000000,1874874.000000,3722527.000000,334752.000000,1282372.000000,1952.000000,539.000000,1146.000000,164.000000,144.000000,453.000000,125.000000,266.000000,38.000000,33.000000,2784.000000,769.000000,1633.000000,233.000000,205.000000,15.000000,8.000000,18.000000,3.000000,5.000000,0.000000,6.000000,12.000000,2.000000,4.000000,0.000000,7.000000,15.000000,2.000000,5.000000,8097.000000,2266.000000,4820.000000,695.000000,601.000000,3.000000,
0.041747,0.391992,0.312648,0.004176,0.676607,-207078.918204,3.004424,2195607.000000,1874874.000000,3722527.000000,334752.000000,1282372.000000,1952.000000,539.000000,1146.000000,164.000000,144.000000,453.000000,125.000000,266.000000,38.000000,33.000000,2784.000000,769.000000,1633.000000,233.000000,205.000000,15.000000,8.000000,18.000000,3.000000,5.000000,0.000000,6.000000,12.000000,2.000000,4.000000,0.000000,7.000000,15.000000,2.000000,5.000000,8097.000000,2266.000000,4820.000000,695.000000,601.000000,3.000000,
0.041653,0.207386,0.315595,0.004193,0.631170,-207222.686442,3.003206,2195607.000000,1874874.000000,3722527.000000,334752.000000,1282372.000000,1952.000000,539.000000,1146.000000,164.000000,144.000000,453.000000,125.000000,266.000000,38.000000,33.000000,2784.000000,769.000000,1633.000000,233.000000,205.000000,15.000000,8.000000,18.000000,3.000000,5.000000,0.000000,6.000000,12.000000,2.000000,4.000000,0.000000,7.000000,15.000000,2.000000,5.000000,8097.000000,2266.000000,4820.000000,695.000000,601.000000,3.000000,
0.041653,0.207386,0.315595,0.004193,0.631170,-207222.686442,3.003206,2195607.000000,1874874.000000,3722527.000000,334752.000000,1282372.000000,1952.000000,539.000000,1146.000000,164.000000,144.000000,453.000000,125.000000,266.000000,38.000000,33.000000,2784.000000,769.000000,1633.000000,233.000000,205.000000,15.000000,8.000000,18.000000,3.000000,5.000000,0.000000,6.000000,12.000000,2.000000,4.000000,0.000000,7.000000,15.000000,2.000000,5.000000,8097.000000,2266.000000,4820.000000,695.000000,601.000000,3.000000,
0.041653,0.207386,0.315595,0.004193,0.631170,-207222.686442,3.003206,2195607.000000,1874874.000000,3722527.000000,334752.000000,1282372.000000,1952.000000,539.000000,1146.000000,164.000000,144.000000,453.000000,125.000000,266.000000,38.000000,33.000000,2784.000000,769.000000,1633.000000,233.000000,205.000000,15.000000,8.000000,18.000000,3.000000,5.000000,0.000000,6.000000,12.000000,2.000000,4.000000,0.000000,7.000000,15.000000,2.000000,5.000000,8097.000000,2266.000000,4820.000000,695.000000,601.000000,3.000000,
0.041653,0.207386,0.315595,0.004193,0.631170,-207222.686442,3.003206,2195607.000000,1874874.000000,3722527.000000,334752.000000,1282372.000000,1952.000000,539.000000,1146.000000,164.000000,144.000000,453.000000,125.000000,266.000000,38.000000,33.000000,2784.000000,769.000000,1633.000000,233.000000,205.000000,15.000000,8.000000,18.000000,3.000000,5.000000,0.000000,6.000000,12.000000,2.000000,4.000000,0.000000,7.000000,15.000000,2.000000,5.000000,8097.000000,2266.000000,4820.000000,695.000000,601.000000,3.000000,
0.041653,0.207386,0.315595,0.004193,0.631170,-207222.686442,3.003206,2195607.000000,1874874.000000,3722527.000000,334752.000000,1282372.000000,1952.000000,539.000000,1146.000000,164.000000,144.000000,453.000000,125.000000,266.000000,38.000000,33.000000,2784.000000,769.000000,1633.000000,233.000000,205.000000,15.000000,8.000000,18.000000,3.000000,5.000000,0.000000,6.000000,12.000000,2.000000,4.000000,0.000000,7.000000,15.000000,2.000000,5.000000,8097.000000,2266.000000,4820.000000,695.000000,601.000000,3.000000,
0.041761,0.436012,0.312066,0.004537,0.613477,-207050.569540,3.004337,2195607.000000,1874874.000000,3722527.000000,334752.000000,1282372.000000,1952.000000,539.000000,1146.000000,164.000000,144.000000,453.000000,125.000000,266.000000,38.000000,33.000000,2784.000000,769.000000,1633.000000,233.000000,205.000000,15.000000,8.000000,18.000000,3.000000,5.000000,0.000000,6.000000,12.000000,2.000000,4.000000,0.000000,7.000000,15.000000,2.000000,5.000000,8097.000000,2266.000000,4820.000000,695.000000,601.000000,3.000000,
0.041761,0.436012,0.312066,0.004537,0.613477,-207050.569540,3.004337,2195607.000000,1874874.000000,3722527.000000,334752.000000,1282372.000000,1952.000000,539.000000,1146.000000,164.000000,144.000000,453.000000,125.000000,266.000000,38.000000,33.000000,2784.000000,769.000000,1633.000000,233.000000,205.000000,15.000000,8.000000,18.000000,3.000000,5.000000,0.000000,6.000000,12.000000,2.000000,4.000000,0.000000,7.000000,15.000000,2.000000,5.000000,8097.000000,2266.000000,4820.000000,695.000000,601.000000,3.000000,
0.041761,0.436012,0.312066,0.004537,0.613477,-207050.569540,3.004337,2195607.000000,1874874.000000,3722527.000000,334752.000000,1282372.000000,1952.000000,539.000000,1146.000000,164.000000,144.000000,453.000000,125.000000,266.000000,38.000000,33.000000,2784.000000,769.000000,1633.000000,233.000000,205.000000,15.000000,8.000000,18.000000,3.000000,5.000000,0.000000,6.000000,12.000000,2.000000,4.000000,0.000000,7.000000,15.000000,2.000000,5.000000,8097.000000,2266.000000,4820.000000,695.000000,601.000000,3.000000,
0.041761,0.436012,0.312066,0.004537,0.613477,-207050.569540,3.004337,2195607.000000,1874874.000000,3722527.000000,334752.000000,1282372.000000,1952.000000,539.000000,1146.000000,164.000000,144.000000,453.000000,125.000000,266.000000,38.000000,33.000000,2784.000000,769.000000,1633.000000,233.000000,205.000000,15.000000,8.000000,18.000000,3.000000,5.000000,0.000000,6.000000,12.000000,2.000000,4.000000,0.000000,7.000000,15.000000,2.000000,5.000000,8097.000000,2266.000000,4820.000000,695.000000,601.000000,3.000000,
0.041761,0.436012,0.312066,0.004537,0.613477,-207050.569540,3.004337,2195607.000000,1874874.000000,3722527.000000,334752.000000,1282372.000000,1952.000000,539.000000,1146.000000,164.000000,144.000000,453.000000,125.000000,266.000000,38.000000,33.000000,2784.000000,769.000000,1633.000000,233.000000,205.000000,15.000000,8.000000,18.000000,3.000000,5.000000,0.000000,6.000000,12.000000,2.000000,4.000000,0.000000,7.000000,15.000000,2.000000,5.000000,8097.000000,2266.000000,4820.000000,695.000000,601.000000,3.000000,
0.041761,0.436012,0.312066,0.004537,0.613477,-207050.569540,3.004337,2195607.000000,1874874.000000,3722527.000000,334752.000000,1282372.000000,1952.000000,539.000000,1146.000000,164.000000,144.000000,453.000000,125.000000,266.000000,38.000000,33.000000,2784.000000,769.000000,1633.000000,233.000000,205.000000,15.000000,8.000000,18.000000,3.000000,5.000000,0.000000,6.000000,12.000000,2.000000,4.000000,0.000000,7.000000,15.000000,2.000000,5.000000,8097.000000,2266.000000,4820.000000,695.000000,601.000000,3.000000,
0.041761,0.436012,0.312066,0.004537,0.613477,-207050.569540,3.004337,2195607.000000,1874874.000000,3722527.000000,334752.000000,1282372.000000,1952.000000,539.000000,1146.000000,164.000000,144.000000,453.000000,125.000000,266.000000,38.000000,33.000000,2784.000000,769.000000,1633.000000,233.000000,205.000000,15.000000,8.000000,18.000000,3.000000,5.000000,0.000000,6.000000,12.000000,2.000000,4.000000,0.000000,7.000000,15.000000,2.000000,5.000000,8097.000000,2266.000000,4820.000000,695.000000,601.000000,3.000000,
0.041761,0.436012,0.312066,0.004537,0.613477,-207050.569540,3.004337,2195607.000000,1874874.000000,3722527.000000,334752.000000,1282372.000000,1952.000000,539.000000,1146.000000,164.000000,144.000000,453.000000,125.000000,266.000000,38.000000,33.000000,2784.000000,769.000000,1633.000000,233.000000,205.000000,15.000000,8.000000,18.000000,3.000000,5.000000,0.000000,6.000000,12.000000,2.000000,4.000000,0.000000,7.000000,15.000000,2.000000,5.000000,8097.000000,2266.000000,4820.000000,695.000000,601.000000,3.000000,
0.041761,0.436012,0.312066,0.004537,0.613477,-207050.569540,3.004337,2195607.000000,1874874.000000,3722527.000000,334752.000000,1282372.000000,1952.000000,539.000000,1146.000000,164.000000,144.000000,453.000000,125.000000,266.000000,38.000000,33.000000,2784.000000,769.000000,1633.000000,233.000000,205.000000,15.000000,8.000000,18.000000,3.000000,5.000000,0.000000,6.000000,12.000000,2.000000,4.000000,0.000000,7.000000,15.000000,2.000000,5.000000,8097.000000,2266.000000,4820.000000,695.000000,601.000000,3.000000,
0.041761,0.436012,0.312066,0.004537,0.613477,-207050.569540,3.004337,2195607.000000,1874874.000000,3722527.000000,334752.000000,1282372.000000,1952.000000,539.000000,1146.000000,164.000000,144.000000,453.000000,125.000000,266.000000,38.000000,33.000000,2784.000000,769.000000,1633.000000,233.000000,205.000000,15.000000,8.000000,18.000000,3.000000,5.000000,0.000000,6.000000,12.000000,2.000000,4.000000,0.000000,7.000000,15.000000,2.000000,5.000000,8097.000000,2266.000000,4820.000000,695.000000,601.000000,3.000000,
0.041761,0.436012,0.312066,0.004537,0.613477,-207050.569540,3.004337,2195607.000000,1874874.000000,3722527.000000,334752.000000,1282372.000000,1952.000000,539.000000,1146.000000,164.000000,144.000000,453.000000,125.000000,266.000000,38.000000,33.000000,2784.000000,769.000000,1633.000000,233.000000,205.000000,15.000000,8.000000,18.000000,3.000000,5.000000,0.000000,6.000000,12.000000,2.000000,4.000000,0.000000,7.000000,15.000000,2.000000,5.000000,8097.000000,2266.000000,4820.000000,695.000000,601.000000,3.000000,
0.041761,0.436012,0.312066,0.004537,0.613477,-207050.569540,3.004337,2195607.000000,1874874.000000,3722527.000000,334752.000000,1282372.000000,1952.000000,539.000000,1146.000000,164.000000,144.000000,453.000000,125.000000,266.000000,38.000000,33.000000,2784.000000,769.000000,1633.000000,233.000000,205.000000,15.000000,8.000000,18.000000,3.000000,5.000000,0.000000,6.000000,12.000000,2.000000,4.000000,0.000000,7.000000,15.000000,2.000000,5.000000,8097.000000,2266.000000,4820.000000,695.000000,601.000000,3.000000,
0.041761,0.436012,0.312066,0.004537,0.613477,-207050.569540,3.004337,2195607.000000,1874874.000000,3722527.000000,334752.000000,1282372.000000,1952.000000,539.000000,1146.000000,164.000000,144.000000,453.000000,125.000000,266.000000,38.000000,33.000000,2784.000000,769.000000,1633.000000,233.000000,205.000000,15.000000,8.000000,18.000000,3.000000,5.000000,0.000000,6.000000,12.000000,2.000000,4.000000,0.000000,7.000000,15.000000,2.000000,5.000000,8097.000000,2266.000000,4820.000000,695.000000,601.000000,3.000000,
0.041761,0.436012,0.312066,0.004537,0.613477,-207050.569540,3.004337,2195607.000000,1874874.000000,3722527.000000,334752.000000,1282372.000000,1952.000000,539.000000,1146.000000,164.000000,144.000000,453.000000,125.000000,266.000000,38.000000,33.000000,2784.000000,769.000000,1633.000000,233.000000,205.000000,15.000000,8.000000,18.000000,3.000000,5.000000,0.000000,6.000000,12.000000,2.000000,4.000000,0.000000,7.000000,15.000000,2.000000,5.000000,8097.000000,2266.000000,4820.000000,695.000000,601.000000,3.000000,
0.041761,0.436012,0.312066,0.004537,0.613477,-207050.569540,3.004337,2195607.000000,1874874.000000,3722527.000000,334752.000000,1282372.000000,1952.000000,539.000000,1146.000000,164.000000,144.000000,453.000000,125.000000,266.000000,38.000000,33.000000,2784.000000,769.000000,1633.000000,233.000000,205.000000,15.000000,8.000000,18.000000,3.000000,5.000000,0.000000,6.000000,12.000000,2.000000,4.000000,0.000000,7.000000,15.000000,2.000000,5.000000,8097.000000,2266.000000,4820.000000,695.000000,601.000000,3.000000,
0.041569,0.204936,0.322046,0.004363,0.575585,-207539.517137,3.009234,2195607.000000,1874874.000000,3722527.000000,334752.000000,1282372.000000,1952.000000,539.000000,1146.000000,164.000000,144.000000,453.000000,125.000000,266.000000,38.000000,33.000000,2784.000000,769.000000,1633.000000,233.000000,205.000000,15.000000,8.000000,18.000000,3.000000,5.000000,0.000000,6.000000,12.000000,2.000000,4.000000,0.000000,7.000000,15.000000,2.000000,5.000000,8097.000000,2266.000000,4820.000000,695.000000,601.000000,3.000000,
0.041339,0.251861,0.328637,0.005172,0.585384,-207865.683790,3.004944,2195607.000000,1874874.000000,3722527.000000,334752.000000,1282372.000000,1952.000000,539.000000,1146.000000,164.000000,144.000000,453.000000,125.000000,266.000000,38.000000,33.000000,2784.000000,769.000000,1633.000000,233.000000,205.000000,15.000000,8.000000,18.000000,3.000000,5.000000,0.000000,6.000000,12.000000,2.000000,4.000000,0.000000,7.000000,15.000000,2.000000,5.000000,8097.000000,2266.000000,4820.000000,695.000000,601.000000,3.000000,
0.041339,0.251861,0.328637,0.005172,0.585384,-207865.683790,3.004944,2195607.000000,1874874.000000,3722527.000000,334752.000000,1282372.000000,1952.000000,539.000000,1146.000000,164.000000,144.000000,453.000000,125.000000,266.000000,38.000000,33.000000,2784.000000,769.000000,1633.000000,233.000000,205.000000,15.000000,8.000000,18.000000,3.000000,5.000000,0.000000,6.000000,12.000000,2.000000,4.000000,0.000000,7.000000,15.000000,2.000000,5.000000,8097.000000,2266.000000,4820.000000,695.000000,601.000000,3.000000,
0.041339,0.251861,0.328637,0.005172,0.585384,-207865.683790,3.004944,2195607.000000,1874874.000000,3722527.000000,334752.000000,1282372.000000,1952.000000,539.000000,1146.000000,164.000000,144.000000,453.000000,125.000000,266.000000,38.000000,33.000000,2784.000000,769.000000,1633.000000,233.000000,205.000000,15.000000,8.000000,18.000000,3.000000,5.000000,0.000000,6.000000,12.000000,2.000000,4.000000,0.000000,7.000000,15.000000,2.000000,5.000000,8097.000000,2266.000000,4820.000000,695.000000,601.000000,3.000000,
0.041339,0.251861,0.328637,0.005172,0.585384,-207865.683790,3.004944,2195607.000000,1874874.000000,3722527.000000,334752.000000,1282372.000000,1952.000000,539.000000,1146.000000,164.000000,144.000000,453.000000,125.000000,266.000000,38.000000,33.000000,2784.000000,769.000000,1633.000000,233.000000,205.000000,15.000000,8.000000,18.000000,3.000000,5.000000,0.000000,6.000000,12.000000,2.000000,4.000000,0.000000,7.000000,15.000000,2.000000,5.000000,8097.000000,2266.000000,4820.000000,695.000000,601.000000,3.000000,
0.041339,0.251861,0.328637,0.005172,0.585384,-207865.683790,3.004944,2195607.000000,1874874.000000,3722527.000000,334752.000000,1282372.000000,1952.000000,539.000000,1146.000000,164.000000,144.000000,453.000000,125.000000,266.000000,38.000000,33.000000,2784.000000,769.000000,1633.000000,233.000000,205.000000,15.000000,8.000000,18.000000,3.000000,5.000000,0.000000,6.000000,12.000000,2.000000,4.000000,0.000000,7.000000,15.000000,2.000000,5.000000,8097.000000,2266.000000,4820.000000,695.000000,601.000000,3.000000,
0.041259,0.407269,0.328886,0.005176,0.659090,-207877.900342,2.999547,2195607.000000,1874874.000000,3722527.000000,334752.000000,1282372.000000,1952.000000,539.000000,1146.000000,164.000000,144.000000,453.000000,125.000000,266.000000,38.000000,33.000000,2784.000000,769.000000,1633.000000,233.000000,205.000000,15.000000,8.000000,18.000000,3.000000,5.000000,0.000000,6.000000,12.000000,2.000000,4.000000,0.000000,7.000000,15.000000,2.000000,5.000000,8097.000000,2266.000000,4820.000000,695.000000,601.000000,3.000000,
0.041087,0.385508,0.335877,0.007271,0.608200,-208227.110329,3.000049,2195607.000000,1874874.000000,3722527.000000,334752.000000,1282372.000000,1952.000000,539.000000,1146.000000,164.000000,144.000000,453.000000,125.000000,266.000000,38.000000,33.000000,2784.000000,769.000000,1633.000000,233.000000,205.000000,15.000000,8.000000,18.000000,3.000000,5.000000,0.000000,6.000000,12.000000,2.000000,4.000000,0.000000,7.000000,15.000000,2.000000,5.000000,8097.000000,2266.000000,4820.000000,695.000000,601.000000,3.000000,
0.041076,0.563163,0.335766,0.010431,0.575014,-208221.510908,2.998988,2195607.000000,1874874.000000,3722527.000000,334752.000000,1282372.000000,1952.000000,539.000000,1146.000000,164.000000,144.000000,453.000000,125.000000,266.000000,38.000000,33.000000,2784.000000,769.000000,1633.000000,233.000000,205.000000,15.000000,8.000000,18.000000,3.000000,5.000000,0.000000,6.000000,12.000000,2.000000,4.000000,0.000000,7.000000,15.000000,2.000000,5.000000,8097.000000,2266.000000,4820.000000,695.000000,601.000000,3.000000,
0.041076,0.563163,0.335766,0.010431,0.575014,-208221.510908,2.998988,2195607.000000,1874874.000000,3722527.000000,334752.000000,1282372.000000,1952.000000,539.000000,1146.000000,164.000000,144.000000,453.000000,125.000000,266.000000,38.000000,33.000000,2784.000000,769.000000,1633.000000,233.000000,205.000000,15.000000,8.000000,18.000000,3.000000,5.000000,0.000000,6.000000,12.000000,2.000000,4.000000,0.000000,7.000000,15.000000,2.000000,5.000000,8097.000000,2266.000000,4820.000000,695.000000,601.000000,3.000000,
0.041121,0.568221,0.332148,0.008835,0.629863,-208040.369472,2.995576,2195607.000000,1874874.000000,3722527.000000,334752.000000,1282372.000000,1952.000000,539.000000,1146.000000,164.000000,144.000000,453.000000,125.000000,266.000000,38.000000,33.000000,2784.000000,769.000000,1633.000000,233.000000,205.000000,15.000000,8.000000,18.000000,3.000000,5.000000,0.000000,6.000000,12.000000,2.000000,4.000000,0.000000,7.000000,15.000000,2.000000,5.000000,8097.000000,2266.000000,4820.000000,695.000000,601.000000,3.000000,
0.041121,0.568221,0.332148,0.008835,0.629863,-208040.369472,2.995576,2195607.000000,1874874.000000,3722527.000000,334752.000000,1282372.000000,1952.000000,539.000000,1146.000000,164.000000,144.000000,453.000000,125.000000,266.000000,38.000000,33.000000,2784.000000,769.000000,1633.000000,233.000000,205.000000,15.000000,8.000000,18.000000,3.000000,5.000000,0.000000,6.000000,12.000000,2.000000,4.000000,0.000000,7.000000,15.000000,2.000000,5.000000,8097.000000,2266.000000,4820.000000,695.000000,601.000000,3.000000,
0.041121,0.568221,0.332148,0.008835,0.629863,-208040.369472,2.995576,2195607.000000,1874874.000000,3722527.000000,334752.000000,1282372.000000,1952.000000,539.000000,1146.000000,164.000000,144.000000,453.000000,125.000000,266.000000,38.000000,33.000000,2784.000000,769.000000,1633.000000,233.000000,205.000000,15.000000,8.000000,18.000000,3.000000,5.000000,0.000000,6.000000,12.000000,2.000000,4.000000,0.000000,7.000000,15.000000,2.000000,5.000000,8097.000000,2266.000000,4820.000000,695.000000,601.000000,3.000000,
0.041230,0.379580,0.327807,0.007607,0.637968,-207824.198048,2.995432,2195607.000000,1874874.000000,3722527.000000,334752.000000,1282372.000000,1952.000000,539.000000,1146.000000,164.000000,144.000000,453.000000,125.000000,266.000000,38.000000,33.000000,2784.000000,769.000000,1633.000000,233.000000,205.000000,15.000000,8.000000,18.000000,3.000000,5.000000,0.000000,6.000000,12.000000,2.000000,4.000000,0.000000,7.000000,15.000000,2.000000,5.000000,8097.000000,2266.000000,4820.000000,695.000000,601.000000,3.000000,
0.041230,0.379580,0.327807,0.007607,0.637968,-207824.198048,2.995432,2195607.000000,1874874.000000,3722527.000000,334752.000000,1282372.000000,1952.000000,539.000000,1146.000000,164.000000,144.000000,453.000000,125.000000,266.000000,38.000000,33.000000,2784.000000,769.000000,1633.000000,233.000000,205.000000,15.000000,8.000000,18.000000,3.000000,5.000000,0.000000,6.000000,12.000000,2.000000,4.000000,0.000000,7.000000,15.000000,2.000000,5.000000,8097.000000,2266.000000,4820.000000,695.000000,601.000000,3.000000,
0.041230,0.379580,0.327807,0.007607,0.637968,-207824.198048,2.995432,2195607.000000,1874874.000000,3722527.000000,334752.000000,1282372.000000,1952.000000,539.000000,1146.000000,164.000000,144.000000,453.000000,125.000000,266.000000,38.000000,33.000000,2784.000000,769.000000,1633.000000,233.000000,205.000000,15.000000,8.000000,18.000000,3.000000,5.000000,0.000000,6.000000,12.000000,2.000000,4.000000,0.000000,7.000000,15.000000,2.000000,5.000000,8097.000000,2266.000000,4820.000000,695.000000,601.000000,3.000000,
0.041230,0.379580,0.327807,0.007607,0.637968,-207824.198048,2.995432,2195607.000000,1874874.000000,3722527.000000,334752.000000,1282372.000000,1952.000000,539.000000,1146.000000,164.000000,144.000000,453.000000,125.000000,266.000000,38.000000,33.000000,2784.000000,769.000000,1633.000000,233.000000,205.000000,15.000000,8.000000,18.000000,3.000000,5.000000,0.000000,6.000000,12.000000,2.000000,4.000000,0.000000,7.000000,15.000000,2.000000,5.000000,8097.000000,2266.000000,4820.000000,695.000000,601.000000,3.000000,
0.041230,0.379580,0.327807,0.007607,0.637968,-207824.198048,2.995432,2195607.000000,1874874.000000,3722527.000000,334752.000000,1282372.000000,1952.000000,539.000000,1146.000000,164.000000,144.000000,453.000000,125.000000,266.000000,38.000000,33.000000,2784.000000,769.000000,1633.000000,233.000000,205.000000,15.000000,8.000000,18.000000,3.000000,5.000000,0.000000,6.000000,12.000000,2.000000,4.000000,0.000000,7.000000,15.000000,2.000000,5.000000,8097.000000,2266.000000,4820.000000,695.000000,601.000000,3.000000,
0.041230,0.379580,0.327807,0.007607,0.637968,-207824.198048,2.995432,2195607.000000,1874874.000000,3722527.000000,334752.000000,1282372.000000,1952.000000,539.000000,1146.000000,164.000000,144.000000,453.000000,125.000000,266.000000,38.000000,33.000000,2784.000000,769.000000,1633.000000,233.000000,205.000000,15.000000,8.000000,18.000000,3.000000,5.000000,0.000000,6.000000,12.000000,2.000000,4.000000,0.000000,7.000000,15.000000,2.000000,5.000000,8097.000000,2266.000000,4820.000000,695.000000,601.000000,3.000000,
0.041230,0.379580,0.327807,0.007607,0.637968,-207824.198048,2.995432,2195607.000000,1874874.000000,3722527.000000,334752.000000,1282372.000000,1952.000000,539.000000,1146.000000,164.000000,144.000000,453.000000,125.000000,266.000000,38.000000,33.000000,2784.000000,769.000000,1633.000000,233.000000,205.000000,15.000000,8.000000,18.000000,3.000000,5.000000,0.000000,6.000000,12.000000,2.000000,4.000000,0.000000,7.000000,15.000000,2.000000,5.000000,8097.000000,2266.000000,4820.000000,695.000000,601.000000,3.000000,
0.041230,0.379580,0.327807,0.007607,0.637968,-207824.198048,2.995432,2195607.000000,1874874.000000,3722527.000000,334752.000000,1282372.000000,1952.000000,539.000000,1146.000000,164.000000,144.000000,453.000000,125.000000,266.000000,38.000000,33.000000,2784.000000,769.000000,1633.000000,233.000000,205.000000,15.000000,8.000000,18.000000,3.000000,5.000000,0.000000,6.000000,12.000000,2.000000,4.000000,0.000000,7.000000,15.000000,2.000000,5.000000,8097.000000,2266.000000,4820.000000,695.000000,601.000000,3.000000,
0.041246,0.415680,0.328943,0.008936,0.656115,-207880.707385,2.998685,2195607.000000,1874874.000000,3722527.000000,334752.000000,1282372.000000,1952.000000,539.000000,1146.000000,164.000000,144.000000,453.000000,125.000000,266.000000,38.000000,33.000000,2784.000000,769.000000,1633.000000,233.000000,205.000000,15.000000,8.000000,18.000000,3.000000,5.000000,0.000000,6.000000,12.000000,2.000000,4.000000,0.000000,7.000000,15.000000,2.000000,5.000000,8097.000000,2266.000000,4820.000000,695.000000,601.000000,3.000000,
0.041246,0.415680,0.328943,0.008936,0.656115,-207880.707385,2.998685,2195607.000000,1874874.000000,3722527.000000,334752.000000,1282372.000000,1952.000000,539.000000,1146.000000,164.000000,144.000000,453.000000,125.000000,266.000000,38.000000,33.000000,2784.000000,769.000000,1633.000000,233.000000,205.000000,15.000000,8.000000,18.000000,3.000000,5.000000,0.000000,6.000000,12.000000,2.000000,4.000000,0.000000,7.000000,15.000000,2.000000,5.000000,8097.000000,2266.000000,4820.000000,695.000000,601.000000,3.000000,
0.041246,0.415680,0.328943,0.008936,0.656115,-207880.707385,2.998685,2195607.000000,1874874.000000,3722527.000000,334752.000000,1282372.000000,1952.000000,539.000000,1146.000000,164.000000,144.000000,453.000000,125.000000,266.000000,38.000000,33.000000,2784.000000,769.000000,1633.000000,233.000000,205.000000,15.000000,8.000000,18.000000,3.000000,5.000000,0.000000,6.000000,12.000000,2.000000,4.000000,0.000000,7.000000,15.000000,2.000000,5.000000,8097.000000,2266.000000,4820.000000,695.000000,601.000000,3.000000,
0.041241,0.244494,0.330324,0.010162,0.608745,-207949.502550,3.000928,2195607.000000,1874874.000000,3722527.000000,334752.000000,1282372.000000,1952.000000,539.000000,1146.000000,164.000000,144.000000,453.000000,125.000000,266.000000,38.000000,33.000000,2784.000000,769.000000,1633.000000,233.000000,205.000000,15.000000,8.000000,18.000000,3.000000,5.000000,0.000000,6.000000,12.000000,2.000000,4.000000,0.000000,7.000000,15.000000,2.000000,5.000000,8097.000000,2266.000000,4820.000000,695.000000,601.000000,3.000000,
0.041241,0.244494,0.330324,0.010162,0.608745,-207949.502550,3.000928,2195607.000000,1874874.000000,3722527.000000,334752.000000,1282372.000000,1952.000000,539.000000,1146.000000,164.000000,144.000000,453.000000,125.000000,266.000000,38.000000,33.000000,2784.000000,769.000000,1633.000000,233.000000,205.000000,15.000000,8.000000,18.000000,3.000000,5.000000,0.000000,6.000000,12.000000,2.000000,4.000000,0.000000,7.000000,15.000000,2.000000,5.000000,8097.000000,2266.000000,4820.000000,695.000000,601.000000,3.000000,
0.041241,0.244494,0.330324,0.010162,0.608745,-207949.502550,3.000928,2195607.000000,1874874.000000,3722527.000000,334752.000000,1282372.000000,1952.000000,539.000000,1146.000000,164.000000,144.000000,453.000000,125.000000,266.000000,38.000000,33.000000,2784.000000,769.000000,1633.000000,233.000000,205.000000,15.000000,8.000000,18.000000,3.000000,5.000000,0.000000,6.000000,12.000000,2.000000,4.000000,0.000000,7.000000,15.000000,2.000000,5.000000,8097.000000,2266.000000,4820.000000,695.000000,601.000000,3.000000,
0.041241,0.244494,0.330324,0.010162,0.608745,-207949.502550,3.000928,2195607.000000,1874874.000000,3722527.000000,334752.000000,1282372.000000,1952.000000,539.000000,1146.000000,164.000000,144.000000,453.000000,125.000000,266.000000,38.000000,33.000000,2784.000000,769.000000,1633.000000,233.000000,205.000000,15.000000,8.000000,18.000000,3.000000,5.000000,0.000000,6.000000,12.000000,2.000000,4.000000,0.000000,7.000000,15.000000,2.000000,5.000000,8097.000000,2266.000000,4820.000000,695.000000,601.000000,3.000000,
0.041241,0.244494,0.330324,0.010162,0.608745,-207949.502550,3.000928,2195607.000000,1874874.000000,3722527.000000,334752.000000,1282372.000000,1952.000000,539.000000,1146.000000,164.000000,144.000000,453.000000,125.000000,266.000000,38.000000,33.000000,2784.000000,769.000000,1633.000000,233.000000,205.000000,15.000000,8.000000,18.000000,3.000000,5.000000,0.000000,6.000000,12.000000,2.000000,4.000000,0.000000,7.000000,15.000000,2.000000,5.000000,8097.000000,2266.000000,4820.000000,695.000000,601.000000,3.000000,
0.041241,0.244494,0.330324,0.010162,0.608745,-207949.502550,3.000928,2195607.000000,1874874.000000,3722527.000000,334752.000000,1282372.000000,1952.000000,539.000000,1146.000000,164.000000,144.000000,453.000000,125.000000,266.000000,38.000000,33.000000,2784.000000,769.000000,1633.000000,233.000000,205.000000,15.000000,8.000000,18.000000,3.000000,5.000000,0.000000,6.000000,12.000000,2.000000,4.000000,0.000000,7.000000,15.000000,2.000000,5.000000,8097.000000,2266.000000,4820.000000,695.000000,601.000000,3.000000,
0.041241,0.244494,0.330324,0.010162,0.608745,-207949.502550,3.000928,2195607.000000,1874874.000000,3722527.000000,334752.000000,1282372.000000,1952.000000,539.000000,1146.000000,164.000000,144.000000,453.000000,125.000000,266.000000,38.000000,33.000000,2784.000000,769.000000,1633.000000,233.000000,205.000000,15.000000,8.000000,18.000000,3.000000,5.000000,0.000000,6.000000,12.000000,2.000000,4.000000,0.000000,7.000000,15.000000,2.000000,5.000000,8097.000000,2266.000000,4820.000000,695.000000,601.000000,3.000000,
0.041241,0.244494,0.330324,0.010162,0.608745,-207949.502550,3.000928,2195607.000000,1874874.000000,3722527.000000,334752.000000,1282372.000000,1952.000000,539.000000,1146.000000,164.000000,144.000000,453.000000,125.000000,266.000000,38.000000,33.000000,2784.000000,769.000000,1633.000000,233.000000,205.000000,15.000000,8.000000,18.000000,3.000000,5.000000,0.000000,6.000000,12.000000,2.000000,4.000000,0.000000,7.000000,15.000000,2.000000,5.000000,8097.000000,2266.000000,4820.000000,695.000000,601.000000,3.000000,
0.041241,0.244494,0.330324,0.010162,0.608745,-207949.502550,3.000928,2195607.000000,1874874.000000,3722527.000000,334752.000000,1282372.000000,1952.000000,539.000000,1146.000000,164.000000,144.000000,453.000000,125.000000,266.000000,38.000000,33.000000,2784.000000,769.000000,1633.000000,233.000000,205.000000,15.000000,8.000000,18.000000,3.000000,5.000000,0.000000,6.000000,12.000000,2.000000,4.000000,0.000000,7.000000,15.000000,2.000000,5.000000,8097.000000,2266.000000,4820.000000,695.000000,601.000000,3.000000,
0.041241,0.244494,0.330324,0.010162,0.608745,-207949.502550,3.000928,2195607.000000,1874874.000000,3722527.000000,334752.000000,1282372.000000,1952.000000,539.000000,1146.000000,164.000000,144.000000,453.000000,125.000000,266.000000,38.000000,33.000000,2784.000000,769.000000,1633.000000,233.000000,205.000000,15.000000,8.000000,18.000000,3.000000,5.000000,0.000000,6.000000,12.000000,2.000000,4.000000,0.000000,7.000000,15.000000,2.000000,5.000000,8097.000000,2266.000000,4820.000000,695.000000,601.000000,3.000000,
0.041241,0.244494,0.330324,0.010162,0.608745,-207949.502550,3.000928,2195607.000000,1874874.000000,3722527.000000,334752.000000,1282372.000000,1952.000000,539.000000,1146.000000,164.000000,144.000000,453.000000,125.000000,266.000000,38.000000,33.000000,2784.000000,769.000000,1633.000000,233.000000,205.000000,15.000000,8.000000,18.000000,3.000000,5.000000,0.000000,6.000000,12.000000,2.000000,4.000000,0.000000,7.000000,15.000000,2.000000,5.000000,8097.000000,2266.000000,4820.000000,695.000000,601.000000,3.000000,
0.041192,0.524012,0.333782,0.007755,0.638497,-208122.234104,3.003776,2195607.000000,1874874.000000,3722527.000000,334752.000000,1282372.000000,1952.000000,539.000000,1146.000000,164.000000,144.000000,453.000000,125.000000,266.000000,38.000000,33.000000,2784.000000,769.000000,1633.000000,233.000000,205.000000,15.000000,8.000000,18.000000,3.000000,5.000000,0.000000,6.000000,12.000000,2.000000,4.000000,0.000000,7.000000,15.000000,2.000000,5.000000,8097.000000,2266.000000,4820.000000,695.000000,601.000000,3.000000,
0.041192,0.524012,0.333782,0.007755,0.638497,-208122.234104,3.003776,2195607.000000,1874874.000000,3722527.000000,334752.000000,1282372.000000,1952.000000,539.000000,1146.000000,164.000000,144.000000,453.000000,125.000000,266.000000,38.000000,33.000000,2784.000000,769.000000,1633.000000,233.000000,205.000000,15.000000,8.000000,18.000000,3.000000,5.000000,0.000000,6.000000,12.000000,2.000000,4.000000,0.000000,7.000000,15.000000,2.000000,5.000000,8097.000000,2266.000000,4820.000000,695.000000,601.000000,3.000000,
0.041068,0.494928,0.341906,0.007124,0.590849,-208531.039907,3.009844,2195607.000000,1874874.000000,3722527.000000,334752.000000,1282372.000000,1952.000000,539.000000,1146.000000,164.000000,144.000000,453.000000,125.000000,266.000000,38.000000,33.000000,2784.000000,769.000000,1633.000000,233.000000,205.000000,15.000000,8.000000,18.000000,3.000000,5.000000,0.000000,6.000000,12.000000,2.000000,4.000000,0.000000,7.000000,15.000000,2.000000,5.000000,8097.000000,2266.000000,4820.000000,695.000000,601.000000,3.000000,
0.041068,0.494928,0.341906,0.007124,0.590849,-208531.039907,3.009844,2195607.000000,1874874.000000,3722527.000000,334752.000000,1282372.000000,1952.000000,539.000000,1146.000000,164.000000,144.000000,453.000000,125.000000,266.000000,38.000000,33.000000,2784.000000,769.000000,1633.000000,233.000000,205.000000,15.000000,8.000000,18.000000,3.000000,5.000000,0.000000,6.000000,12.000000,2.000000,4.000000,0.000000,7.000000,15.000000,2.000000,5.000000,8097.000000,2266.000000,4820.000000,695.000000,601.000000,3.000000,
0.041068,0.494928,0.341906,0.007124,0.590849,-208531.039907,3.009844,2195607.000000,1874874.000000,3722527.000000,334752.000000,1282372.000000,1952.000000,539.000000,1146.000000,164.000000,144.000000,453.000000,125.000000,266.000000,38.000000,33.000000,2784.000000,769.000000,1633.000000,233.000000,205.000000,15.000000,8.000000,18.000000,3.000000,5.000000,0.000000,6.000000,12.000000,2.000000,4.000000,0.000000,7.000000,15.000000,2.000000,5.000000,8097.000000,2266.000000,4820.000000,695.000000,601.000000,3.000000,
0.041068,0.494928,0.341906,0.007124,0.590849,-208531.039907,3.009844,2195607.000000,1874874.000000,3722527.000000,334752.000000,1282372.000000,1952.000000,539.000000,1146.000000,164.000000,144.000000,453.000000,125.000000,266.000000,38.000000,33.000000,2784.000000,769.000000,1633.000000,233.000000,205.000000,15.000000,8.000000,18.000000,3.000000,5.000000,0.000000,6.000000,12.000000,2.000000,4.000000,0.000000,7.000000,15.000000,2.000000,5.000000,8097.000000,2266.000000,4820.000000,695.000000,601.000000,3.000000,
0.041068,0.494928,0.341906,0.007124,0.590849,-208531.039907,3.009844,2195607.000000,1874874.000000,3722527.000000,334752.000000,1282372.000000,1952.000000,539.000000,1146.000000,164.000000,144.000000,453.000000,125.000000,266.000000,38.000000,33.000000,2784.000000,769.000000,1633.000000,233.000000,205.000000,15.000000,8.000000,18.000000,3.000000,5.000000,0.000000,6.000000,12.000000,2.000000,4.000000,0.000000,7.000000,15.000000,2.000000,5.000000,8097.000000,2266.000000,4820.000000,695.000000,601.000000,3.000000,
0.041068,0.494928,0.341906,0.007124,0.590849,-208531.039907,3.009844,2195607.000000,1874874.000000,3722527.000000,334752.000000,1282372.000000,1952.000000,539.000000,1146.000000,164.000000,144.000000,453.000000,125.000000,266.000000,38.000000,33.000000,2784.000000,769.000000,1633.000000,233.000000,205.000000,15.000000,8.000000,18.000000,3.000000,5.000000,0.000000,6.000000,12.000000,2.000000,4.000000,0.000000,7.000000,15.000000,2.000000,5.000000,8097.000000,2266.000000,4820.000000,695.000000,601.000000,3.000000,
0.040988,0.328706,0.342701,0.006696,0.614816,-208571.157490,3.005440,2195607.000000,1874874.000000,3722527.000000,334752.000000,1282372.000000,1952.000000,539.000000,1146.000000,164.000000,144.000000,453.000000,125.000000,266.000000,38.000000,33.000000,2784.000000,769.000000,1633.000000,233.000000,205.000000,15.000000,8.000000,18.000000,3.000000,5.000000,0.000000,6.000000,12.000000,2.000000,4.000000,0.000000,7.000000,15.000000,2.000000,5.000000,8097.000000,2266.000000,4820.000000,695.000000,601.000000,3.000000,
0.040988,0.328706,0.342701,0.006696,0.614816,-208571.157490,3.005440,2195607.000000,1874874.000000,3722527.000000,334752.000000,1282372.000000,1952.000000,539.000000,1146.000000,164.000000,144.000000,453.000000,125.000000,266.000000,38.000000,33.000000,2784.000000,769.000000,1633.000000,233.000000,205.000000,15.000000,8.000000,18.000000,3.000000,5.000000,0.000000,6.000000,12.000000,2.000000,4.000000,0.000000,7.000000,15.000000,2.000000,5.000000,8097.000000,2266.000000,4820.000000,695.000000,601.000000,3.000000,
0.040988,0.328706,0.342701,0.006696,0.614816,-208571.157490,3.005440,2195607.000000,1874874.000000,3722527.000000,334752.000000,1282372.000000,1952.000000,539.000000,1146.000000,164.000000,144.000000,453.000000,125.000000,266.000000,38.000000,33.000000,2784.000000,769.000000,1633.000000,233.000000,205.000000,15.000000,8.000000,18.000000,3.000000,5.000000,0.000000,6.000000,12.000000,2.000000,4.000000,0.000000,7.000000,15.000000,2.000000,5.000000,8097.000000,2266.000000,4820.000000,695.000000,601.000000,3.000000,
0.040812,0.432192,0.356430,0.008670,0.536178,-209272.482435,3.017771,2195607.000000,1874874.000000,3722527.000000,334752.000000,1282372.000000,1952.000000,539.000000,1146.000000,164.000000,144.000000,453.000000,125.000000,266.000000,38.000000,33.000000,2784.000000,769.000000,1633.000000,233.000000,205.000000,15.000000,8.000000,18.000000,3.000000,5.000000,0.000000,6.000000,12.000000,2.000000,4.000000,0.000000,7.000000,15.000000,2.000000,5.000000,8097.000000,2266.000000,4820.000000,695.000000,601.000000,3.000000,
0.040920,0.200738,0.351237,0.007410,0.587224,-209005.834852,3.016196,2195607.000000,1874874.000000,3722527.000000,334752.000000,1282372.000000,1952.000000,539.000000,1146.000000,164.000000,144.000000,453.000000,125.000000,266.000000,38.000000,33.000000,2784.000000,769.000000,1633.000000,233.000000,205.000000,15.000000,8.000000,18.000000,3.000000,5.000000,0.000000,6.000000,12.000000,2.000000,4.000000,0.000000,7.000000,15.000000,2.000000,5.000000,8097.000000,2266.000000,4820.000000,695.000000,601.000000,3.000000,
0.040920,0.200738,0.351237,0.007410,0.587224,-209005.834852,3.016196,2195607.000000,1874874.000000,3722527.000000,334752.000000,1282372.000000,1952.000000,539.000000,1146.000000,164.000000,144.000000,453.000000,125.000000,266.000000,38.000000,33.000000,2784.000000,769.000000,1633.000000,233.000000,205.000000,15.000000,8.000000,18.000000,3.000000,5.000000,0.000000,6.000000,12.000000,2.000000,4.000000,0.000000,7.000000,15.000000,2.000000,5.000000,8097.000000,2266.000000,4820.000000,695.000000,601.000000,3.000000,
0.040920,0.200738,0.351237,0.007410,0.587224,-209005.834852,3.016196,2195607.000000,1874874.000000,3722527.000000,334752.000000,1282372.000000,1952.000000,539.000000,1146.000000,164.000000,144.000000,453.000000,125.000000,266.000000,38.000000,33.000000,2784.000000,769.000000,1633.000000,233.000000,205.000000,15.000000,8.000000,18.000000,3.000000,5.000000,0.000000,6.000000,12.000000,2.000000,4.000000,0.000000,7.000000,15.000000,2.000000,5.000000,8097.000000,2266.000000,4820.000000,695.000000,601.000000,3.000000,
0.040920,0.200738,0.351237,0.007410,0.587224,-209005.834852,3.016196,2195607.000000,1874874.000000,3722527.000000,334752.000000,1282372.000000,1952.000000,539.000000,1146.000000,164.000000,144.000000,453.000000,125.000000,266.000000,38.000000,33.000000,2784.000000,769.000000,1633.000000,233.000000,205.000000,15.000000,8.000000,18.000000,3.000000,5.000000,0.000000,6.000000,12.000000,2.000000,4.000000,0.000000,7.000000,15.000000,2.000000,5.000000,8097.000000,2266.000000,4820.000000,695.000000,601.000000,3.000000,
0.040920,0.200738,0.351237,0.007410,0.587224,-209005.834852,3.016196,2195607.000000,1874874.000000,3722527.000000,334752.000000,1282372.000000,1952.000000,539.000000,1146.000000,164.000000,144.000000,453.000000,125.000000,266.000000,38.000000,33.000000,2784.000000,769.000000,1633.000000,233.000000,205.000000,15.000000,8.000000,18.000000,3.000000,5.000000,0.000000,6.000000,12.000000,2.000000,4.000000,0.000000,7.000000,15.000000,2.000000,5.000000,8097.000000,2266.000000,4820.000000,695.000000,601.000000,3.000000,
0.040894,0.149620,0.351780,0.008658,0.539622,-209033.583057,3.015260,2195607.000000,1874874.000000,3722527.000000,334752.000000,1282372.000000,1952.000000,539.000000,1146.000000,164.000000,144.000000,453.000000,125.000000,266.000000,38.000000,33.000000,2784.000000,769.000000,1633.000000,233.000000,205.000000,15.000000,8.000000,18.000000,3.000000,5.000000,0.000000,6.000000,12.000000,2.000000,4.000000,0.000000,7.000000,15.000000,2.000000,5.000000,8097.000000,2266.000000,4820.000000,695.000000,601.000000,3.000000,
0.040894,0.149620,0.351780,0.008658,0.539622,-209033.583057,3.015260,2195607.000000,1874874.000000,3722527.000000,334752.000000,1282372.000000,1952.000000,539.000000,1146.000000,164.000000,144.000000,453.000000,125.000000,266.000000,38.000000,33.000000,2784.000000,769.000000,1633.000000,233.000000,205.000000,15.000000,8.000000,18.000000,3.000000,5.000000,0.000000,6.000000,12.000000,2.000000,4.000000,0.000000,7.000000,15.000000,2.000000,5.000000,8097.000000,2266.000000,4820.000000,695.000000,601.000000,3.000000,
0.040691,0.201552,0.361174,0.008536,0.576855,-209517.587922,3.017547,2195607.000000,1874874.000000,3722527.000000,334752.000000,1282372.000000,1952.000000,539.000000,1146.000000,164.000000,144.000000,453.000000,125.000000,266.000000,38.000000,33.000000,2784.000000,769.000000,1633.000000,233.000000,205.000000,15.000000,8.000000,18.000000,3.000000,5.000000,0.000000,6.000000,12.000000,2.000000,4.000000,0.000000,7.000000,15.000000,2.000000,5.000000,8097.000000,2266.000000,4820.000000,695.000000,601.000000,3.000000,
0.040691,0.288537,0.359070,0.007516,0.479517,-209408.592221,3.013723,2195607.000000,1874874.000000,3722527.000000,334752.000000,1282372.000000,1952.000000,539.000000,1146.000000,164.000000,144.000000,453.000000,125.000000,266.000000,38.000000,33.000000,2784.000000,769.000000,1633.000000,233.000000,205.000000,15.000000,8.000000,18.000000,3.000000,5.000000,0.000000,6.000000,12.000000,2.000000,4.000000,0.000000,7.000000,15.000000,2.000000,5.000000,8097.000000,2266.000000,4820.000000,695.000000,601.000000,3.000000,
0.040691,0.288537,0.359070,0.007516,0.479517,-209408.592221,3.013723,2195607.000000,1874874.000000,3722527.000000,334752.000000,1282372.000000,1952.000000,539.000000,1146.000000,164.000000,144.000000,453.000000,125.000000,266.000000,38.000000,33.000000,2784.000000,769.000000,1633.000000,233.000000,205.000000,15.000000,8.000000,18.000000,3.000000,5.000000,0.000000,6.000000,12.000000,2.000000,4.000000,0.000000,7.000000,15.000000,2.000000,5.000000,8097.000000,2266.000000,4820.000000,695.000000,601.000000,3.000000,
0.040691,0.288537,0.359070,0.007516,0.479517,-209408.592221,3.013723,2195607.000000,1874874.000000,3722527.000000,334752.000000,1282372.000000,1952.000000,539.000000,1146.000000,164.000000,144.000000,453.000000,125.000000,266.000000,38.000000,33.000000,2784.000000,769.000000,1633.000000,233.000000,205.000000,15.000000,8.000000,18.000000,3.000000,5.000000,0.000000,6.000000,12.000000,2.000000,4.000000,0.000000,7.000000,15.000000,2.000000,5.000000,8097.000000,2266.000000,4820.000000,695.000000,601.000000,3.000000,
0.040691,0.288537,0.359070,0.007516,0.479517,-209408.592221,3.013723,2195607.000000,1874874.000000,3722527.000000,334752.000000,1282372.000000,1952.000000,539.000000,1146.000000,164.000000,144.000000,453.000000,125.000000,266.000000,38.000000,33.000000,2784.000000,769.000000,1633.000000,233.000000,205.000000,15.000000,8.000000,18.000000,3.000000,5.000000,0.000000,6.000000,12.000000,2.000000,4.000000,0.000000,7.000000,15.000000,2.000000,5.000000,8097.000000,2266.000000,4820.000000,695.000000,601.000000,3.000000,
0.040691,0.288537,0.359070,0.007516,0.479517,-209408.592221,3.013723,2195607.000000,1874874.000000,3722527.000000,334752.000000,1282372.000000,1952.000000,539.000000,1146.000000,164.000000,144.000000,453.000000,125.000000,266.000000,38.000000,33.000000,2784.000000,769.000000,1633.000000,233.000000,205.000000,15.000000,8.000000,18.000000,3.000000,5.000000,0.000000,6.000000,12.000000,2.000000,4.000000,0.000000,7.000000,15.000000,2.000000,5.000000,8097.000000,2266.000000,4820.000000,695.000000,601.000000,3.000000,
0.040691,0.288537,0.359070,0.007516,0.479517,-209408.592221,3.013723,2195607.000000,1874874.000000,3722527.000000,334752.000000,1282372.000000,1952.000000,539.000000,1146.000000,164.000000,144.000000,453.000000,125.000000,266.000000,38.000000,33.000000,2784.000000,769.000000,1633.000000,233.000000,205.000000,15.000000,8.000000,18.000000,3.000000,5.000000,0.000000,6.000000,12.000000,2.000000,4.000000,0.000000,7.000000,15.000000,2.000000,5.000000,8097.000000,2266.000000,4820.000000,695.000000,601.000000,3.000000,
0.040626,0.261135,0.365240,0.005213,0.556034,-209728.885142,3.020234,2195607.000000,1874874.000000,3722527.000000,334752.000000,1282372.000000,1952.000000,539.000000,1146.000000,164.000000,144.000000,453.000000,125.000000,266.000000,38.000000,33.000000,2784.000000,769.000000,1633.000000,233.000000,205.000000,15.000000,8.000000,18.000000,3.000000,5.000000,0.000000,6.000000,12.000000,2.000000,4.000000,0.000000,7.000000,15.000000,2.000000,5.000000,8097.000000,2266.000000,4820.000000,695.000000,601.000000,3.000000,
0.040630,0.180404,0.366265,0.004679,0.516491,-209782.392651,3.022344,2195607.000000,1874874.000000,3722527.000000,334752.000000,1282372.000000,1952.000000,539.000000,1146.000000,164.000000,144.000000,453.000000,125.000000,266.000000,38.000000,33.000000,2784.000000,769.000000,1633.000000,233.000000,205.000000,15.000000,8.000000,18.000000,3.000000,5.000000,0.000000,6.000000,12.000000,2.000000,4.000000,0.000000,7.000000,15.000000,2.000000,5.000000,8097.000000,2266.000000,4820.000000,695.000000,601.000000,3.000000,
0.040897,0.071026,0.350447,0.005518,0.530762,-208965.373617,3.013069,2195607.000000,1874874.000000,3722527.000000,334752.000000,1282372.000000,1952.000000,539.000000,1146.000000,164.000000,144.000000,453.000000,125.000000,266.000000,38.000000,33.000000,2784.000000,769.000000,1633.000000,233.000000,205.000000,15.000000,8.000000,18.000000,3.000000,5.000000,0.000000,6.000000,12.000000,2.000000,4.000000,0.000000,7.000000,15.000000,2.000000,5.000000,8097.000000,2266.000000,4820.000000,695.000000,601.000000,3.000000,
0.040897,0.071026,0.350447,0.005518,0.530762,-208965.373617,3.013069,2195607.000000,1874874.000000,3722527.000000,334752.000000,1282372.000000,1952.000000,539.000000,1146.000000,164.000000,144.000000,453.000000,125.000000,266.000000,38.000000,33.000000,2784.000000,769.000000,1633.000000,233.000000,205.000000,15.000000,8.000000,18.000000,3.000000,5.000000,0.000000,6.000000,12.000000,2.000000,4.000000,0.000000,7.000000,15.000000,2.000000,5.000000,8097.000000,2266.000000,4820.000000,695.000000,601.000000,3.000000,
0.040897,0.071026,0.350447,0.005518,0.530762,-208965.373617,3.013069,2195607.000000,1874874.000000,3722527.000000,334752.000000,1282372.000000,1952.000000,539.000000,1146.000000,164.000000,144.000000,453.000000,125.000000,266.000000,38.000000,33.000000,2784.000000,769.000000,1633.000000,233.000000,205.000000,15.000000,8.000000,18.000000,3.000000,5.000000,0.000000,6.000000,12.000000,2.000000,4.000000,0.000000,7.000000,15.000000,2.000000,5.000000,8097.000000,2266.000000,4820.000000,695.000000,601.000000,3.000000,
0.040897,0.071026,0.350447,0.005518,0.530762,-208965.373617,3.013069,2195607.000000,1874874.000000,3722527.000000,334752.000000,1282372.000000,1952.000000,539.000000,1146.000000,164.000000,144.000000,453.000000,125.000000,266.000000,38.000000,33.000000,2784.000000,769.000000,1633.000000,233.000000,205.000000,15.000000,8.000000,18.000000,3.000000,5.000000,0.000000,6.000000,12.000000,2.000000,4.000000,0.000000,7.000000,15.000000,2.000000,5.000000,8097.000000,2266.000000,4820.000000,695.000000,601.000000,3.000000,
0.040897,0.071026,0.350447,0.005518,0.530762,-208965.373617,3.013069,2195607.000000,1874874.000000,3722527.000000,334752.000000,1282372.000000,1952.000000,539.000000,1146.000000,164.000000,144.000000,453.000000,125.000000,266.000000,38.000000,33.000000,2784.000000,769.000000,1633.000000,233.000000,205.000000,15.000000,8.000000,18.000000,3.000000,5.000000,0.000000,6.000000,12.000000,2.000000,4.000000,0.000000,7.000000,15.000000,2.000000,5.000000,8097.000000,2266.000000,4820.000000,695.000000,601.000000,3.000000,
0.040897,0.071026,0.350447,0.005518,0.530762,-208965.373617,3.013069,2195607.000000,1874874.000000,3722527.000000,334752.000000,1282372.000000,1952.000000,539.000000,1146.000000,164.000000,144.000000,453.000000,125.000000,266.000000,38.000000,33.000000,2784.000000,769.000000,1633.000000,233.000000,205.000000,15.000000,8.000000,18.000000,3.000000,5.000000,0.000000,6.000000,12.000000,2.000000,4.000000,0.000000,7.000000,15.000000,2.000000,5.000000,8097.000000,2266.000000,4820.000000,695.000000,601.000000,3.000000,
0.040897,0.071026,0.350447,0.005518,0.530762,-208965.373617,3.013069,2195607.000000,1874874.000000,3722527.000000,334752.000000,1282372.000000,1952.000000,539.000000,1146.000000,164.000000,144.000000,453.000000,125.000000,266.000000,38.000000,33.000000,2784.000000,769.000000,1633.000000,233.000000,205.000000,15.000000,8.000000,18.000000,3.000000,5.000000,0.000000,6.000000,12.000000,2.000000,4.000000,0.000000,7.000000,15.000000,2.000000,5.000000,8097.000000,2266.000000,4820.000000,695.000000,601.000000,3.000000,
0.040897,0.071026,0.350447,0.005518,0.530762,-208965.373617,3.013069,2195607.000000,1874874.000000,3722527.000000,334752.000000,1282372.000000,1952.000000,539.000000,1146.000000,164.000000,144.000000,453.000000,125.000000,266.000000,38.000000,33.000000,2784.000000,769.000000,1633.000000,233.000000,205.000000,15.000000,8.000000,18.000000,3.000000,5.000000,0.000000,6.000000,12.000000,2.000000,4.000000,0.000000,7.000000,15.000000,2.000000,5.000000,8097.000000,2266.000000,4820.000000,695.000000,601.000000,3.000000,
0.040897,0.071026,0.350447,0.005518,0.530762,-208965.373617,3.013069,2195607.000000,1874874.000000,3722527.000000,334752.000000,1282372.000000,1952.000000,539.000000,1146.000000,164.000000,144.000000,453.000000,125.000000,266.000000,38.000000,33.000000,2784.000000,769.000000,1633.000000,233.000000,205.000000,15.000000,8.000000,18.000000,3.000000,5.000000,0.000000,6.000000,12.000000,2.000000,4.000000,0.000000,7.000000,15.000000,2.000000,5.000000,8097.000000,2266.000000,4820.000000,695.000000,601.000000,3.000000,
0.040897,0.071026,0.350447,0.005518,0.530762,-208965.373617,3.013069,2195607.000000,1874874.000000,3722527.000000,334752.000000,1282372.000000,1952.000000,539.000000,1146.000000,164.000000,144.000000,453.000000,125.000000,266.000000,38.000000,33.000000,2784.000000,769.000000,1633.000000,233.000000,205.000000,15.000000,8.000000,18.000000,3.000000,5.000000,0.000000,6.000000,12.000000,2.000000,4.000000,0.000000,7.000000,15.000000,2.000000,5.000000,8097.000000,2266.000000,4820.000000,695.000000,601.000000,3.000000,
0.040897,0.071026,0.350447,0.005518,0.530762,-208965.373617,3.013069,2195607.000000,1874874.000000,3722527.000000,334752.000000,1282372.000000,1952.000000,539.000000,1146.000000,164.000000,144.000000,453.000000,125.000000,266.000000,38.000000,33.000000,2784.000000,769.000000,1633.000000,233.000000,205.000000,15.000000,8.000000,18.000000,3.000000,5.000000,0.000000,6.000000,12.000000,2.000000,4.000000,0.000000,7.000000,15.000000,2.000000,5.000000,8097.000000,2266.000000,4820.000000,695.000000,601.000000,3.000000,
0.041033,0.127008,0.339852,0.004459,0.566241,-208427.162252,3.003410,2195607.000000,1874874.000000,3722527.000000,334752.000000,1282372.000000,1952.000000,539.000000,1146.000000,164.000000,144.000000,453.000000,125.000000,266.000000,38.000000,33.000000,2784.000000,769.000000,1633.000000,233.000000,205.000000,15.000000,8.000000,18.000000,3.000000,5.000000,0.000000,6.000000,12.000000,2.000000,4.000000,0.000000,7.000000,15.000000,2.000000,5.000000,8097.000000,2266.000000,4820.000000,695.000000,601.000000,3.000000,
0.041033,0.127008,0.339852,0.004459,0.566241,-208427.162252,3.003410,2195607.000000,1874874.000000,3722527.000000,334752.000000,1282372.000000,1952.000000,539.000000,1146.000000,164.000000,144.000000,453.000000,125.000000,266.000000,38.000000,33.000000,2784.000000,769.000000,1633.000000,233.000000,205.000000,15.000000,8.000000,18.000000,3.000000,5.000000,0.000000,6.000000,12.000000,2.000000,4.000000,0.000000,7.000000,15.000000,2.000000,5.000000,8097.000000,2266.000000,4820.000000,695.000000,601.000000,3.000000,
0.041033,0.127008,0.339852,0.004459,0.566241,-208427.162252,3.003410,2195607.000000,1874874.000000,3722527.000000,334752.000000,1282372.000000,1952.000000,539.000000,1146.000000,164.000000,144.000000,453.000000,125.000000,266.000000,38.000000,33.000000,2784.000000,769.000000,1633.000000,233.000000,205.000000,15.000000,8.000000,18.000000,3.000000,5.000000,0.000000,6.000000,12.000000,2.000000,4.000000,0.000000,7.000000,15.000000,2.000000,5.000000,8097.000000,2266.000000,4820.000000,695.000000,601.000000,3.000000,
0.041033,0.127008,0.339852,0.004459,0.566241,-208427.162252,3.003410,2195607.000000,1874874.000000,3722527.000000,334752.000000,1282372.000000,1952.000000,539.000000,1146.000000,164.000000,144.000000,453.000000,125.000000,266.000000,38.000000,33.000000,2784.000000,769.000000,1633.000000,233.000000,205.000000,15.000000,8.000000,18.000000,3.000000,5.000000,0.000000,6.000000,12.000000,2.000000,4.000000,0.000000,7.000000,15.000000,2.000000,5.000000,8097.000000,2266.000000,4820.000000,695.000000,601.000000,3.000000,
0.041033,0.127008,0.339852,0.004459,0.566241,-208427.162252,3.003410,2195607.000000,1874874.000000,3722527.000000,334752.000000,1282372.000000,1952.000000,539.000000,1146.000000,164.000000,144.000000,453.000000,125.000000,266.000000,38.000000,33.000000,2784.000000,769.000000,1633.000000,233.000000,205.000000,15.000000,8.000000,18.000000,3.000000,5.000000,0.000000,6.000000,12.000000,2.000000,4.000000,0.000000,7.000000,15.000000,2.000000,5.000000,8097.000000,2266.000000,4820.000000,695.000000,601.000000,3.000000,
0.041033,0.127008,0.339852,0.004459,0.566241,-208427.162252,3.003410,2195607.000000,1874874.000000,3722527.000000,334752.000000,1282372.000000,1952.000000,539.000000,1146.000000,164.000000,144.000000,453.000000,125.000000,266.000000,38.000000,33.000000,2784.000000,769.000000,1633.000000,233.000000,205.000000,15.000000,8.000000,18.000000,3.000000,5.000000,0.000000,6.000000,12.000000,2.000000,4.000000,0.000000,7.000000,15.000000,2.000000,5.000000,8097.000000,2266.000000,4820.000000,695.000000,601.000000,3.000000,
0.040931,0.102374,0.339674,0.002208,0.612176,-208417.987299,2.995640,2195607.000000,1874874.000000,3722527.000000,334752.000000,1282372.000000,1952.000000,539.000000,1146.000000,164.000000,144.000000,453.000000,125.000000,266.000000,38.000000,33.000000,2784.000000,769.000000,1633.000000,233.000000,205.000000,15.000000,8.000000,18.000000,3.000000,5.000000,0.000000,6.000000,12.000000,2.000000,4.000000,0.000000,7.000000,15.000000,2.000000,5.000000,8097.000000,2266.000000,4820.000000,695.000000,601.000000,3.000000,
0.040931,0.102374,0.339674,0.002208,0.612176,-208417.987299,2.995640,2195607.000000,1874874.000000,3722527.000000,334752.000000,1282372.000000,1952.000000,539.000000,1146.000000,164.000000,144.000000,453.000000,125.000000,266.000000,38.000000,33.000000,2784.000000,769.000000,1633.000000,233.000000,205.000000,15.000000,8.000000,18.000000,3.000000,5.000000,0.000000,6.000000,12.000000,2.000000,4.000000,0.000000,7.000000,15.000000,2.000000,5.000000,8097.000000,2266.000000,4820.000000,695.000000,601.000000,3.000000,
0.040995,0.093275,0.337924,0.002212,0.632547,-208329.894577,2.997060,2195607.000000,1874874.000000,3722527.000000,334752.000000,1282372.000000,1952.000000,539.000000,1146.000000,164.000000,144.000000,453.000000,125.000000,266.000000,38.000000,33.000000,2784.000000,769.000000,1633.000000,233.000000,205.000000,15.000000,8.000000,18.000000,3.000000,5.000000,0.000000,6.000000,12.000000,2.000000,4.000000,0.000000,7.000000,15.000000,2.000000,5.000000,8097.000000,2266.000000,4820.000000,695.000000,601.000000,3.000000,
0.040995,0.093275,0.337924,0.002212,0.632547,-208329.894577,2.997060,2195607.000000,1874874.000000,3722527.000000,334752.000000,1282372.000000,1952.000000,539.000000,1146.000000,164.000000,144.000000,453.000000,125.000000,266.000000,38.000000,33.000000,2784.000000,769.000000,1633.000000,233.000000,205.000000,15.000000,8.000000,18.000000,3.000000,5.000000,0.000000,6.000000,12.000000,2.000000,4.000000,0.000000,7.000000,15.000000,2.000000,5.000000,8097.000000,2266.000000,4820.000000,695.000000,601.000000,3.000000,
0.040995,0.093275,0.337924,0.002212,0.632547,-208329.894577,2.997060,2195607.000000,1874874.000000,3722527.000000,334752.000000,1282372.000000,1952.000000,539.000000,1146.000000,164.000000,144.000000,453.000000,125.000000,266.000000,38.000000,33.000000,2784.000000,769.000000,1633.000000,233.000000,205.000000,15.000000,8.000000,18.000000,3.000000,5.000000,0.000000,6.000000,12.000000,2.000000,4.000000,0.000000,7.000000,15.000000,2.000000,5.000000,8097.000000,2266.000000,4820.000000,695.000000,601.000000,3.000000,
0.040995,0.093275,0.337924,0.002212,0.632547,-208329.894577,2.997060,2195607.000000,1874874.000000,3722527.000000,334752.000000,1282372.000000,1952.000000,539.000000,1146.000000,164.000000,144.000000,453.000000,125.000000,266.000000,38.000000,33.000000,2784.000000,769.000000,1633.000000,233.000000,205.000000,15.000000,8.000000,18.000000,3.000000,5.000000,0.000000,6.000000,12.000000,2.000000,4.000000,0.000000,7.000000,15.000000,2.000000,5.000000,8097.000000,2266.000000,4820.000000,695.000000,601.000000,3.000000,
0.040995,0.093275,0.337924,0.002212,0.632547,-208329.894577,2.997060,2195607.000000,1874874.000000,3722527.000000,334752.000000,1282372.000000,1952.000000,539.000000,1146.000000,164.000000,144.000000,453.000000,125.000000,266.000000,38.000000,33.000000,2784.000000,769.000000,1633.000000,233.000000,205.000000,15.000000,8.000000,18.000000,3.000000,5.000000,0.000000,6.000000,12.000000,2.000000,4.000000,0.000000,7.000000,15.000000,2.000000,5.000000,8097.000000,2266.000000,4820.000000,695.000000,601.000000,3.000000,
0.040995,0.093275,0.337924,0.002212,0.632547,-208329.894577,2.997060,2195607.000000,1874874.000000,3722527.000000,334752.000000,1282372.000000,1952.000000,539.000000,1146.000000,164.000000,144.000000,453.000000,125.000000,266.000000,38.000000,33.000000,2784.000000,769.000000,1633.000000,233.000000,205.000000,15.000000,8.000000,18.000000,3.000000,5.000000,0.000000,6.000000,12.000000,2.000000,4.000000,0.000000,7.000000,15.000000,2.000000,5.000000,8097.000000,2266.000000,4820.000000,695.000000,601.000000,3.000000,
0.040977,0.067016,0.339269,0.001813,0.669159,-208397.656741,2.998274,2195607.000000,1874874.000000,3722527.000000,334752.000000,1282372.000000,1952.000000,539.000000,1146.000000,164.000000,144.000000,453.000000,125.000000,266.000000,38.000000,33.000000,2784.000000,769.000000,1633.000000,233.000000,205.000000,15.000000,8.000000,18.000000,3.000000,5.000000,0.000000,6.000000,12.000000,2.000000,4.000000,0.000000,7.000000,15.000000,2.000000,5.000000,8097.000000,2266.000000,4820.000000,695.000000,601.000000,3.000000,
0.040977,0.067016,0.339269,0.001813,0.669159,-208397.656741,2.998274,2195607.000000,1874874.000000,3722527.000000,334752.000000,1282372.000000,1952.000000,539.000000,1146.000000,164.000000,144.000000,453.000000,125.000000,266.000000,38.000000,33.000000,2784.000000,769.000000,1633.000000,233.000000,205.000000,15.000000,8.000000,18.000000,3.000000,5.000000,0.000000,6.000000,12.000000,2.000000,4.000000,0.000000,7.000000,15.000000,2.000000,5.000000,8097.000000,2266.000000,4820.000000,695.000000,601.000000,3.000000,
0.040977,0.067016,0.339269,0.001813,0.669159,-208397.656741,2.998274,2195607.000000,1874874.000000,3722527.000000,334752.000000,1282372.000000,1952.000000,539.000000,1146.000000,164.000000,144.000000,453.000000,125.000000,266.000000,38.000000,33.000000,2784.000000,769.000000,1633.000000,233.000000,205.000000,15.000000,8.000000,18.000000,3.000000,5.000000,0.000000,6.000000,12.000000,2.000000,4.000000,0.000000,7.000000,15.000000,2.000000,5.000000,8097.000000,2266.000000,4820.000000,695.000000,601.000000,3.000000,
0.040977,0.067016,0.339269,0.001813,0.669159,-208397.656741,2.998274,2195607.000000,1874874.000000,3722527.000000,334752.000000,1282372.000000,1952.000000,539.000000,1146.000000,164.000000,144.000000,453.000000,125.000000,266.000000,38.000000,33.000000,2784.000000,769.000000,1633.000000,233.000000,205.000000,15.000000,8.000000,18.000000,3.000000,5.000000,0.000000,6.000000,12.000000,2.000000,4.000000,0.000000,7.000000,15.000000,2.000000,5.000000,8097.000000,2266.000000,4820.000000,695.000000,601.000000,3.000000,
0.040977,0.067016,0.339269,0.001813,0.669159,-208397.656741,2.998274,2195607.000000,1874874.000000,3722527.000000,334752.000000,1282372.000000,1952.000000,539.000000,1146.000000,164.000000,144.000000,453.000000,125.000000,266.000000,38.000000,33.000000,2784.000000,769.000000,1633.000000,233.000000,205.000000,15.000000,8.000000,18.000000,3.000000,5.000000,0.000000,6.000000,12.000000,2.000000,4.000000,0.000000,7.000000,15.000000,2.000000,5.000000,8097.000000,2266.000000,4820.000000,695.000000,601.000000,3.000000,
0.040977,0.067016,0.339269,0.001813,0.669159,-208397.656741,2.998274,2195607.000000,1874874.000000,3722527.000000,334752.000000,1282372.000000,1952.000000,539.000000,1146.000000,164.000000,144.000000,453.000000,125.000000,266.000000,38.000000,33.000000,2784.000000,769.000000,1633.000000,233.000000,205.000000,15.000000,8.000000,18.000000,3.000000,5.000000,0.000000,6.000000,12.000000,2.000000,4.000000,0.000000,7.000000,15.000000,2.000000,5.000000,8097.000000,2266.000000,4820.000000,695.000000,601.000000,3.000000,
0.040977,0.067016,0.339269,0.001813,0.669159,-208397.656741,2.998274,2195607.000000,1874874.000000,3722527.000000,334752.000000,1282372.000000,1952.000000,539.000000,1146.000000,164.000000,144.000000,453.000000,125.000000,266.000000,38.000000,33.000000,2784.000000,769.000000,1633.000000,233.000000,205.000000,15.000000,8.000000,18.000000,3.000000,5.000000,0.000000,6.000000,12.000000,2.000000,4.000000,0.000000,7.000000,15.000000,2.000000,5.000000,8097.000000,2266.000000,4820.000000,695.000000,601.000000,3.000000,
0.040977,0.067016,0.339269,0.001813,0.669159,-208397.656741,2.998274,2195607.000000,1874874.000000,3722527.000000,334752.000000,1282372.000000,1952.000000,539.000000,1146.000000,164.000000,144.000000,453.000000,125.000000,266.000000,38.000000,33.000000,2784.000000,769.000000,1633.000000,233.000000,205.000000,15.000000,8.000000,18.000000,3.000000,5.000000,0.000000,6.000000,12.000000,2.000000,4.000000,0.000000,7.000000,15.000000,2.000000,5.000000,8097.000000,2266.000000,4820.000000,695.000000,601.000000,3.000000,
0.040977,0.067016,0.339269,0.001813,0.669159,-208397.656741,2.998274,2195607.000000,1874874.000000,3722527.000000,334752.000000,1282372.000000,1952.000000,539.000000,1146.000000,164.000000,144.000000,453.000000,125.000000,266.000000,38.000000,33.000000,2784.000000,769.000000,1633.000000,233.000000,205.000000,15.000000,8.000000,18.000000,3.000000,5.000000,0.000000,6.000000,12.000000,2.000000,4.000000,0.000000,7.000000,15.000000,2.000000,5.000000,8097.000000,2266.000000,4820.000000,695.000000,601.000000,3.000000,
0.040977,0.067016,0.339269,0.001813,0.669159,-208397.656741,2.998274,2195607.000000,1874874.000000,3722527.000000,334752.000000,1282372.000000,1952.000000,539.000000,1146.000000,164.000000,144.000000,453.000000,125.000000,266.000000,38.000000,33.000000,2784.000000,769.000000,1633.000000,233.000000,205.000000,15.000000,8.000000,18.000000,3.000000,5.000000,0.000000,6.000000,12.000000,2.000000,4.000000,0.000000,7.000000,15.000000,2.000000,5.000000,8097.000000,2266.000000,4820.000000,695.000000,601.000000,3.000000,
0.040977,0.067016,0.339269,0.001813,0.669159,-208397.656741,2.998274,2195607.000000,1874874.000000,3722527.000000,334752.000000,1282372.000000,1952.000000,539.000000,1146.000000,164.000000,144.000000,453.000000,125.000000,266.000000,38.000000,33.000000,2784.000000,769.000000,1633.000000,233.000000,205.000000,15.000000,8.000000,18.000000,3.000000,5.000000,0.000000,6.000000,12.000000,2.000000,4.000000,0.000000,7.000000,15.000000,2.000000,5.000000,8097.000000,2266.000000,4820.000000,695.000000,601.000000,3.000000,
0.040977,0.067016,0.339269,0.001813,0.669159,-208397.656741,2.998274,2195607.000000,1874874.000000,3722527.000000,334752.000000,1282372.000000,1952.000000,539.000000,1146.000000,164.000000,144.000000,453.000000,125.000000,266.000000,38.000000,33.000000,2784.000000,769.000000,1633.000000,233.000000,205.000000,15.000000,8.000000,18.000000,3.000000,5.000000,0.000000,6.000000,12.000000,2.000000,4.000000,0.000000,7.000000,15.000000,2.000000,5.000000,8097.000000,2266.000000,4820.000000,695.000000,601.000000,3.000000,
0.040977,0.067016,0.339269,0.001813,0.669159,-208397.656741,2.998274,2195607.000000,1874874.000000,3722527.000000,334752.000000,1282372.000000,1952.000000,539.000000,1146.000000,164.000000,144.000000,453.000000,125.000000,266.000000,38.000000,33.000000,2784.000000,769.000000,1633.000000,233.000000,205.000000,15.000000,8.000000,18.000000,3.000000,5.000000,0.000000,6.000000,12.000000,2.000000,4.000000,0.000000,7.000000,15.000000,2.000000,5.000000,8097.000000,2266.000000,4820.000000,695.000000,601.000000,3.000000,
0.040928,0.018011,0.353316,0.007405,0.514419,-209112.464123,3.020603,2195607.000000,1874874.000000,3722527.000000,334752.000000,1282372.000000,1952.000000,539.000000,1146.000000,164.000000,144.000000,453.000000,125.000000,266.000000,38.000000,33.000000,2784.000000,769.000000,1633.000000,233.000000,205.000000,15.000000,8.000000,18.000000,3.000000,5.000000,0.000000,6.000000,12.000000,2.000000,4.000000,0.000000,7.000000,15.000000,2.000000,5.000000,8097.000000,2266.000000,4820.000000,695.000000,601.000000,3.000000,
0.041054,0.011794,0.349341,0.008306,0.543222,-208909.109170,3.022596,2195607.000000,1874874.000000,3722527.000000,334752.000000,1282372.000000,1952.000000,539.000000,1146.000000,164.000000,144.000000,453.000000,125.000000,266.000000,38.000000,33.000000,2784.000000,769.000000,1633.000000,233.000000,205.000000,15.000000,8.000000,18.000000,3.000000,5.000000,0.000000,6.000000,12.000000,2.000000,4.000000,0.000000,7.000000,15.000000,2.000000,5.000000,8097.000000,2266.000000,4820.000000,695.000000,601.000000,3.000000,
0.041054,0.011794,0.349341,0.008306,0.543222,-208909.109170,3.022596,2195607.000000,1874874.000000,3722527.000000,334752.000000,1282372.000000,1952.000000,539.000000,1146.000000,164.000000,144.000000,453.000000,125.000000,266.000000,38.000000,33.000000,2784.000000,769.000000,1633.000000,233.000000,205.000000,15.000000,8.000000,18.000000,3.000000,5.000000,0.000000,6.000000,12.000000,2.000000,4.000000,0.000000,7.000000,15.000000,2.000000,5.000000,8097.000000,2266.000000,4820.000000,695.000000,601.000000,3.000000,
0.041102,0.011789,0.350207,0.004768,0.478533,-208953.472596,3.027696,2195607.000000,1874874.000000,3722527.000000,334752.000000,1282372.000000,1952.000000,539.000000,1146.000000,164.000000,144.000000,453.000000,125.000000,266.000000,38.000000,33.000000,2784.000000,769.000000,1633.000000,233.000000,205.000000,15.000000,8.000000,18.000000,3.000000,5.000000,0.000000,6.000000,12.000000,2.000000,4.000000,0.000000,7.000000,15.000000,2.000000,5.000000,8097.000000,2266.000000,4820.000000,695.000000,601.000000,3.000000,
0.041102,0.011789,0.350207,0.004768,0.478533,-208953.472596,3.027696,2195607.000000,1874874.000000,3722527.000000,334752.000000,1282372.000000,1952.000000,539.000000,1146.000000,164.000000,144.000000,453.000000,125.000000,266.000000,38.000000,33.000000,2784.000000,769.000000,1633.000000,233.000000,205.000000,15.000000,8.000000,18.000000,3.000000,5.000000,0.000000,6.000000,12.000000,2.000000,4.000000,0.000000,7.000000,15.000000,2.000000,5.000000,8097.000000,2266.000000,4820.000000,695.000000,601.000000,3.000000,
0.041102,0.011789,0.350207,0.004768,0.478533,-208953.472596,3.027696,2195607.000000,1874874.000000,3722527.000000,334752.000000,1282372.000000,1952.000000,539.000000,1146.000000,164.000000,144.000000,453.000000,125.000000,266.000000,38.000000,33.000000,2784.000000,769.000000,1633.000000,233.000000,205.000000,15.000000,8.000000,18.000000,3.000000,5.000000,0.000000,6.000000,12.000000,2.000000,4.000000,0.000000,7.000000,15.000000,2.000000,5.000000,8097.000000,2266.000000,4820.000000,695.000000,601.000000,3.000000,
0.041136,0.005679,0.347775,0.003366,0.503545,-208829.309305,3.025704,2195607.000000,1874874.000000,3722527.000000,334752.000000,1282372.000000,1952.000000,539.000000,1146.000000,164.000000,144.000000,453.000000,125.000000,266.000000,38.000000,33.000000,2784.000000,769.000000,1633.000000,233.000000,205.000000,15.000000,8.000000,18.000000,3.000000,5.000000,0.000000,6.000000,12.000000,2.000000,4.000000,0.000000,7.000000,15.000000,2.000000,5.000000,8097.000000,2266.000000,4820.000000,695.000000,601.000000,3.000000,
0.041136,0.005679,0.347775,0.003366,0.503545,-208829.309305,3.025704,2195607.000000,1874874.000000,3722527.000000,334752.000000,1282372.000000,1952.000000,539.000000,1146.000000,164.000000,144.000000,453.000000,125.000000,266.000000,38.000000,33.000000,2784.000000,769.000000,1633.000000,233.000000,205.000000,15.000000,8.000000,18.000000,3.000000,5.000000,0.000000,6.000000,12.000000,2.000000,4.000000,0.000000,7.000000,15.000000,2.000000,5.000000,8097.000000,2266.000000,4820.000000,695.000000,601.000000,3.000000,
0.041136,0.005679,0.347775,0.003366,0.503545,-208829.309305,3.025704,2195607.000000,1874874.000000,3722527.000000,334752.000000,1282372.000000,1952.000000,539.000000,1146.000000,164.000000,144.000000,453.000000,125.000000,266.000000,38.000000,33.000000,2784.000000,769.000000,1633.000000,233.000000,205.000000,15.000000,8.000000,18.000000,3.000000,5.000000,0.000000,6.000000,12.000000,2.000000,4.000000,0.000000,7.000000,15.000000,2.000000,5.000000,8097.000000,2266.000000,4820.000000,695.000000,601.000000,3.000000,
0.041136,0.005679,0.347775,0.003366,0.503545,-208829.309305,3.025704,2195607.000000,1874874.000000,3722527.000000,334752.000000,1282372.000000,1952.000000,539.000000,1146.000000,164.000000,144.000000,453.000000,125.000000,266.000000,38.000000,33.000000,2784.000000,769.000000,1633.000000,233.000000,205.000000,15.000000,8.000000,18.000000,3.000000,5.000000,0.000000,6.000000,12.000000,2.000000,4.000000,0.000000,7.000000,15.000000,2.000000,5.000000,8097.000000,2266.000000,4820.000000,695.000000,601.000000,3.000000,
0.041136,0.005679,0.347775,0.003366,0.503545,-208829.309305,3.025704,2195607.000000,1874874.000000,3722527.000000,334752.000000,1282372.000000,1952.000000,539.000000,1146.000000,164.000000,144.000000,453.000000,125.000000,266.000000,38.000000,33.000000,2784.000000,769.000000,1633.000000,233.000000,205.000000,15.000000,8.000000,18.000000,3.000000,5.000000,0.000000,6.000000,12.000000,2.000000,4.000000,0.000000,7.000000,15.000000,2.000000,5.000000,8097.000000,2266.000000,4820.000000,695.000000,601.000000,3.000000,
0.041023,0.007682,0.352782,0.002874,0.504638,-209085.243333,3.026652,2195607.000000,1874874.000000,3722527.000000,334752.000000,1282372.000000,1952.000000,539.000000,1146.000000,164.000000,144.000000,453.000000,125.000000,266.000000,38.000000,33.000000,2784.000000,769.000000,1633.000000,233.000000,205.000000,15.000000,8.000000,18.000000,3.000000,5.000000,0.000000,6.000000,12.000000,2.000000,4.000000,0.000000,7.000000,15.000000,2.000000,5.000000,8097.000000,2266.000000,4820.000000,695.000000,601.000000,3.000000,
0.041159,0.005897,0.342866,0.001956,0.604626,-208579.829325,3.018298,2195607.000000,1874874.000000,3722527.000000,334752.000000,1282372.000000,1952.000000,539.000000,1146.000000,164.000000,144.000000,453.000000,125.000000,266.000000,38.000000,33.000000,2784.000000,769.000000,1633.000000,233.000000,205.000000,15.000000,8.000000,18.000000,3.000000,5.000000,0.000000,6.000000,12.000000,2.000000,4.000000,0.000000,7.000000,15.000000,2.000000,5.000000,8097.000000,2266.000000,4820.000000,695.000000,601.000000,3.000000,
0.041159,0.005897,0.342866,0.001956,0.604626,-208579.829325,3.018298,2195607.000000,1874874.000000,3722527.000000,334752.000000,1282372.000000,1952.000000,539.000000,1146.000000,164.000000,144.000000,453.000000,125.000000,266.000000,38.000000,33.000000,2784.000000,769.000000,1633.000000,233.000000,205.000000,15.000000,8.000000,18.000000,3.000000,5.000000,0.000000,6.000000,12.000000,2.000000,4.000000,0.000000,7.000000,15.000000,2.000000,5.000000,8097.000000,2266.000000,4820.000000,695.000000,601.000000,3.000000,
0.041159,0.005897,0.342866,0.001956,0.604626,-208579.829325,3.018298,2195607.000000,1874874.000000,3722527.000000,334752.000000,1282372.000000,1952.000000,539.000000,1146.000000,164.000000,144.000000,453.000000,125.000000,266.000000,38.000000,33.000000,2784.000000,769.000000,1633.000000,233.000000,205.000000,15.000000,8.000000,18.000000,3.000000,5.000000,0.000000,6.000000,12.000000,2.000000,4.000000,0.000000,7.000000,15.000000,2.000000,5.000000,8097.000000,2266.000000,4820.000000,695.000000,601.000000,3.000000,
0.041159,0.005897,0.342866,0.001956,0.604626,-208579.829325,3.018298,2195607.000000,1874874.000000,3722527.000000,334752.000000,1282372.000000,1952.000000,539.000000,1146.000000,164.000000,144.000000,453.000000,125.000000,266.000000,38.000000,33.000000,2784.000000,769.000000,1633.000000,233.000000,205.000000,15.000000,8.000000,18.000000,3.000000,5.000000,0.000000,6.000000,12.000000,2.000000,4.000000,0.000000,7.000000,15.000000,2.000000,5.000000,8097.000000,2266.000000,4820.000000,695.000000,601.000000,3.000000,
0.041159,0.005897,0.342866,0.001956,0.604626,-208579.829325,3.018298,2195607.000000,1874874.000000,3722527.000000,334752.000000,1282372.000000,1952.000000,539.000000,1146.000000,164.000000,144.000000,453.000000,125.000000,266.000000,38.000000,33.000000,2784.000000,769.000000,1633.000000,233.000000,205.000000,15.000000,8.000000,18.000000,3.000000,5.000000,0.000000,6.000000,12.000000,2.000000,4.000000,0.000000,7.000000,15.000000,2.000000,5.000000,8097.000000,2266.000000,4820.000000,695.000000,601.000000,3.000000,
0.041090,0.009027,0.343923,0.001705,0.542370,-208633.328364,3.015181,2195607.000000,1874874.000000,3722527.000000,334752.000000,1282372.000000,1952.000000,539.000000,1146.000000,164.000000,144.000000,453.000000,125.000000,266.000000,38.000000,33.000000,2784.000000,769.000000,1633.000000,233.000000,205.000000,15.000000,8.000000,18.000000,3.000000,5.000000,0.000000,6.000000,12.000000,2.000000,4.000000,0.000000,7.000000,15.000000,2.000000,5.000000,8097.000000,2266.000000,4820.000000,695.000000,601.000000,3.000000,
0.041018,0.006930,0.347251,0.001088,0.562548,-208802.394913,3.016077,2195607.000000,1874874.000000,3722527.000000,334752.000000,1282372.000000,1952.000000,539.000000,1146.000000,164.000000,144.000000,453.000000,125.000000,266.000000,38.000000,33.000000,2784.000000,769.000000,1633.000000,233.000000,205.000000,15.000000,8.000000,18.000000,3.000000,5.000000,0.000000,6.000000,12.000000,2.000000,4.000000,0.000000,7.000000,15.000000,2.000000,5.000000,8097.000000,2266.000000,4820.000000,695.000000,601.000000,3.000000,
0.041018,0.006930,0.347251,0.001088,0.562548,-208802.394913,3.016077,2195607.000000,1874874.000000,3722527.000000,334752.000000,1282372.000000,1952.000000,539.000000,1146.000000,164.000000,144.000000,453.000000,125.000000,266.000000,38.000000,33.000000,2784.000000,769.000000,1633.000000,233.000000,205.000000,15.000000,8.000000,18.000000,3.000000,5.000000,0.000000,6.000000,12.000000,2.000000,4.000000,0.000000,7.000000,15.000000,2.000000,5.000000,8097.000000,2266.000000,4820.000000,695.000000,601.000000,3.000000,
0.041018,0.006930,0.347251,0.001088,0.562548,-208802.394913,3.016077,2195607.000000,1874874.000000,3722527.000000,334752.000000,1282372.000000,1952.000000,539.000000,1146.000000,164.000000,144.000000,453.000000,125.000000,266.000000,38.000000,33.000000,2784.000000,769.000000,1633.000000,233.000000,205.000000,15.000000,8.000000,18.000000,3.000000,5.000000,0.000000,6.000000,12.000000,2.000000,4.000000,0.000000,7.000000,15.000000,2.000000,5.000000,8097.000000,2266.000000,4820.000000,695.000000,601.000000,3.000000,
0.041018,0.006930,0.347251,0.001088,0.562548,-208802.394913,3.016077,2195607.000000,1874874.000000,3722527.000000,334752.000000,1282372.000000,1952.000000,539.000000,1146.000000,164.000000,144.000000,453.000000,125.000000,266.000000,38.000000,33.000000,2784.000000,769.000000,1633.000000,233.000000,205.000000,15.000000,8.000000,18.000000,3.000000,5.000000,0.000000,6.000000,12.000000,2.000000,4.000000,0.000000,7.000000,15.000000,2.000000,5.000000,8097.000000,2266.000000,4820.000000,695.000000,601.000000,3.000000,
0.041018,0.006930,0.347251,0.001088,0.562548,-208802.394913,3.016077,2195607.000000,1874874.000000,3722527.000000,334752.000000,1282372.000000,1952.000000,539.000000,1146.000000,164.000000,144.000000,453.000000,125.000000,266.000000,38.000000,33.000000,2784.000000,769.000000,1633.000000,233.000000,205.000000,15.000000,8.000000,18.000000,3.000000,5.000000,0.000000,6.000000,12.000000,2.000000,4.000000,0.000000,7.000000,15.000000,2.000000,5.000000,8097.000000,2266.000000,4820.000000,695.000000,601.000000,3.000000,
0.041018,0.006930,0.347251,0.001088,0.562548,-208802.394913,3.016077,2195607.000000,1874874.000000,3722527.000000,334752.000000,1282372.000000,1952.000000,539.000000,1146.000000,164.000000,144.000000,453.000000,125.000000,266.000000,38.000000,33.000000,2784.000000,769.000000,1633.000000,233.000000,205.000000,15.000000,8.000000,18.000000,3.000000,5.000000,0.000000,6.000000,12.000000,2.000000,4.000000,0.000000,7.000000,15.000000,2.000000,5.000000,8097.000000,2266.000000,4820.000000,695.000000,601.000000,3.000000,
0.041018,0.006930,0.347251,0.001088,0.562548,-208802.394913,3.016077,2195607.000000,1874874.000000,3722527.000000,334752.000000,1282372.000000,1952.000000,539.000000,1146.000000,164.000000,144.000000,453.000000,125.000000,266.000000,38.000000,33.000000,2784.000000,769.000000,1633.000000,233.000000,205.000000,15.000000,8.000000,18.000000,3.000000,5.000000,0.000000,6.000000,12.000000,2.000000,4.000000,0.000000,7.000000,15.000000,2.000000,5.000000,8097.000000,2266.000000,4820.000000,695.000000,601.000000,3.000000,
0.041018,0.006930,0.347251,0.001088,0.562548,-208802.394913,3.016077,2195607.000000,1874874.000000,3722527.000000,334752.000000,1282372.000000,1952.000000,539.000000,1146.000000,164.000000,144.000000,453.000000,125.000000,266.000000,38.000000,33.000000,2784.000000,769.000000,1633.000000,233.000000,205.000000,15.000000,8.000000,18.000000,3.000000,5.000000,0.000000,6.000000,12.000000,2.000000,4.000000,0.000000,7.000000,15.000000,2.000000,5.000000,8097.000000,2266.000000,4820.000000,695.000000,601.000000,3.000000,
0.041018,0.006930,0.347251,0.001088,0.562548,-208802.394913,3.016077,2195607.000000,1874874.000000,3722527.000000,334752.000000,1282372.000000,1952.000000,539.000000,1146.000000,164.000000,144.000000,453.000000,125.000000,266.000000,38.000000,33.000000,2784.000000,769.000000,1633.000000,233.000000,205.000000,15.000000,8.000000,18.000000,3.000000,5.000000,0.000000,6.000000,12.000000,2.000000,4.000000,0.000000,7.000000,15.000000,2.000000,5.000000,8097.000000,2266.000000,4820.000000,695.000000,601.000000,3.000000,
0.041018,0.006930,0.347251,0.001088,0.562548,-208802.394913,3.016077,2195607.000000,1874874.000000,3722527.000000,334752.000000,1282372.000000,1952.000000,539.000000,1146.000000,164.000000,144.000000,453.000000,125.000000,266.000000,38.000000,33.000000,2784.000000,769.000000,1633.000000,233.000000,205.000000,15.000000,8.000000,18.000000,3.000000,5.000000,0.000000,6.000000,12.000000,2.000000,4.000000,0.000000,7.000000,15.000000,2.000000,5.000000,8097.000000,2266.000000,4820.000000,695.000000,601.000000,3.000000,
0.041018,0.006930,0.347251,0.001088,0.562548,-208802.394913,3.016077,2195607.000000,1874874.000000,3722527.000000,334752.000000,1282372.000000,1952.000000,539.000000,1146.000000,164.000000,144.000000,453.000000,125.000000,266.000000,38.000000,33.000000,2784.000000,769.000000,1633.000000,233.000000,205.000000,15.000000,8.000000,18.000000,3.000000,5.000000,0.000000,6.000000,12.000000,2.000000,4.000000,0.000000,7.000000,15.000000,2.000000,5.000000,8097.000000,2266.000000,4820.000000,695.000000,601.000000,3.000000,
0.041018,0.006930,0.347251,0.001088,0.562548,-208802.394913,3.016077,2195607.000000,1874874.000000,3722527.000000,334752.000000,1282372.000000,1952.000000,539.000000,1146.000000,164.000000,144.000000,453.000000,125.000000,266.000000,38.000000,33.000000,2784.000000,769.000000,1633.000000,233.000000,205.000000,15.000000,8.000000,18.000000,3.000000,5.000000,0.000000,6.000000,12.000000,2.000000,4.000000,0.000000,7.000000,15.000000,2.000000,5.000000,8097.000000,2266.000000,4820.000000,695.000000,601.000000,3.000000,
0.041018,0.006930,0.347251,0.001088,0.562548,-208802.394913,3.016077,2195607.000000,1874874.000000,3722527.000000,334752.000000,1282372.000000,1952.000000,539.000000,1146.000000,164.000000,144.000000,453.000000,125.000000,266.000000,38.000000,33.000000,2784.000000,769.000000,1633.000000,233.000000,205.000000,15.000000,8.000000,18.000000,3.000000,5.000000,0.000000,6.000000,12.000000,2.000000,4.000000,0.000000,7.000000,15.000000,2.000000,5.000000,8097.000000,2266.000000,4820.000000,695.000000,601.000000,3.000000,
0.041018,0.006930,0.347251,0.001088,0.562548,-208802.394913,3.016077,2195607.000000,1874874.000000,3722527.000000,334752.000000,1282372.000000,1952.000000,539.000000,1146.000000,164.000000,144.000000,453.000000,125.000000,266.000000,38.000000,33.000000,2784.000000,769.000000,1633.000000,233.000000,205.000000,15.000000,8.000000,18.000000,3.000000,5.000000,0.000000,6.000000,12.000000,2.000000,4.000000,0.000000,7.000000,15.000000,2.000000,5.000000,8097.000000,2266.000000,4820.000000,695.000000,601.000000,3.000000,
0.041018,0.006930,0.347251,0.001088,0.562548,-208802.394913,3.016077,2195607.000000,1874874.000000,3722527.000000,334752.000000,1282372.000000,1952.000000,539.000000,1146.000000,164.000000,144.000000,453.000000,125.000000,266.000000,38.000000,33.000000,2784.000000,769.000000,1633.000000,233.000000,205.000000,15.000000,8.000000,18.000000,3.000000,5.000000,0.000000,6.000000,12.000000,2.000000,4.000000,0.000000,7.000000,15.000000,2.000000,5.000000,8097.000000,2266.000000,4820.000000,695.000000,601.000000,3.000000,
0.041018,0.006930,0.347251,0.001088,0.562548,-208802.394913,3.016077,2195607.000000,1874874.000000,3722527.000000,334752.000000,1282372.000000,1952.000000,539.000000,1146.000000,164.000000,144.000000,453.000000,125.000000,266.000000,38.000000,33.000000,2784.000000,769.000000,1633.000000,233.000000,205.000000,15.000000,8.000000,18.000000,3.000000,5.000000,0.000000,6.000000,12.000000,2.000000,4.000000,0.000000,7.000000,15.000000,2.000000,5.000000,8097.000000,2266.000000,4820.000000,695.000000,601.000000,3.000000,
0.041018,0.006930,0.347251,0.001088,0.562548,-208802.394913,3.016077,2195607.000000,1874874.000000,3722527.000000,334752.000000,1282372.000000,1952.000000,539.000000,1146.000000,164.000000,144.000000,453.000000,125.000000,266.000000,38.000000,33.000000,2784.000000,769.000000,1633.000000,233.000000,205.000000,15.000000,8.000000,18.000000,3.000000,5.000000,0.000000,6.000000,12.000000,2.000000,4.000000,0.000000,7.000000,15.000000,2.000000,5.000000,8097.000000,2266.000000,4820.000000,695.000000,601.000000,3.000000,
0.041060,0.005486,0.345353,0.001529,0.562275,-208705.872759,3.015648,2195607.000000,1874874.000000,3722527.000000,334752.000000,1282372.000000,1952.000000,539.000000,1146.000000,164.000000,144.000000,453.000000,125.000000,266.000000,38.000000,33.000000,2784.000000,769.000000,1633.000000,233.000000,205.000000,15.000000,8.000000,18.000000,3.000000,5.000000,0.000000,6.000000,12.000000,2.000000,4.000000,0.000000,7.000000,15.000000,2.000000,5.000000,8097.000000,2266.000000,4820.000000,695.000000,601.000000,3.000000,
0.041060,0.005486,0.345353,0.001529,0.562275,-208705.872759,3.015648,2195607.000000,1874874.000000,3722527.000000,334752.000000,1282372.000000,1952.000000,539.000000,1146.000000,164.000000,144.000000,453.000000,125.000000,266.000000,38.000000,33.000000,2784.000000,769.000000,1633.000000,233.000000,205.000000,15.000000,8.000000,18.000000,3.000000,5.000000,0.000000,6.000000,12.000000,2.000000,4.000000,0.000000,7.000000,15.000000,2.000000,5.000000,8097.000000,2266.000000,4820.000000,695.000000,601.000000,3.000000,
0.041060,0.005486,0.345353,0.001529,0.562275,-208705.872759,3.015648,2195607.000000,1874874.000000,3722527.000000,334752.000000,1282372.000000,1952.000000,539.000000,1146.000000,164.000000,144.000000,453.000000,125.000000,266.000000,38.000000,33.000000,2784.000000,769.000000,1633.000000,233.000000,205.000000,15.000000,8.000000,18.000000,3.000000,5.000000,0.000000,6.000000,12.000000,2.000000,4.000000,0.000000,7.000000,15.000000,2.000000,5.000000,8097.000000,2266.000000,4820.000000,695.000000,601.000000,3.000000,
0.041060,0.005486,0.345353,0.001529,0.562275,-208705.872759,3.015648,2195607.000000,1874874.000000,3722527.000000,334752.000000,1282372.000000,1952.000000,539.000000,1146.000000,164.000000,144.000000,453.000000,125.000000,266.000000,38.000000,33.000000,2784.000000,769.000000,1633.000000,233.000000,205.000000,15.000000,8.000000,18.000000,3.000000,5.000000,0.000000,6.000000,12.000000,2.000000,4.000000,0.000000,7.000000,15.000000,2.000000,5.000000,8097.000000,2266.000000,4820.000000,695.000000,601.000000,3.000000,
0.041262,0.008147,0.332159,0.001370,0.612750,-208041.172078,3.005898,2195607.000000,1874874.000000,3722527.000000,334752.000000,1282372.000000,1952.000000,539.000000,1146.000000,164.000000,144.000000,453.000000,125.000000,266.000000,38.000000,33.000000,2784.000000,769.000000,1633.000000,233.000000,205.000000,15.000000,8.000000,18.000000,3.000000,5.000000,0.000000,6.000000,12.000000,2.000000,4.000000,0.000000,7.000000,15.000000,2.000000,5.000000,8097.000000,2266.000000,4820.000000,695.000000,601.000000,3.000000,
0.041262,0.008147,0.332159,0.001370,0.612750,-208041.172078,3.005898,2195607.000000,1874874.000000,3722527.000000,334752.000000,1282372.000000,1952.000000,539.000000,1146.000000,164.000000,144.000000,453.000000,125.000000,266.000000,38.000000,33.000000,2784.000000,769.000000,1633.000000,233.000000,205.000000,15.000000,8.000000,18.000000,3.000000,5.000000,0.000000,6.000000,12.000000,2.000000,4.000000,0.000000,7.000000,15.000000,2.000000,5.000000,8097.000000,2266.000000,4820.000000,695.000000,601.000000,3.000000,
0.041262,0.008147,0.332159,0.001370,0.612750,-208041.172078,3.005898,2195607.000000,1874874.000000,3722527.000000,334752.000000,1282372.000000,1952.000000,539.000000,1146.000000,164.000000,144.000000,453.000000,125.000000,266.000000,38.000000,33.000000,2784.000000,769.000000,1633.000000,233.000000,205.000000,15.000000,8.000000,18.000000,3.000000,5.000000,0.000000,6.000000,12.000000,2.000000,4.000000,0.000000,7.000000,15.000000,2.000000,5.000000,8097.000000,2266.000000,4820.000000,695.000000,601.000000,3.000000,
0.041422,0.005693,0.325341,0.001377,0.549460,-207702.167988,3.004816,2195607.000000,1874874.000000,3722527.000000,334752.000000,1282372.000000,1952.000000,539.000000,1146.000000,164.000000,144.000000,453.000000,125.000000,266.000000,38.000000,33.000000,2784.000000,769.000000,1633.000000,233.000000,205.000000,15.000000,8.000000,18.000000,3.000000,5.000000,0.000000,6.000000,12.000000,2.000000,4.000000,0.000000,7.000000,15.000000,2.000000,5.000000,8097.000000,2266.000000,4820.000000,695.000000,601.000000,3.000000,
0.041422,0.005693,0.325341,0.001377,0.549460,-207702.167988,3.004816,2195607.000000,1874874.000000,3722527.000000,334752.000000,1282372.000000,1952.000000,539.000000,1146.000000,164.000000,144.000000,453.000000,125.000000,266.000000,38.000000,33.000000,2784.000000,769.000000,1633.000000,233.000000,205.000000,15.000000,8.000000,18.000000,3.000000,5.000000,0.000000,6.000000,12.000000,2.000000,4.000000,0.000000,7.000000,15.000000,2.000000,5.000000,8097.000000,2266.000000,4820.000000,695.000000,601.000000,3.000000,
0.041422,0.005693,0.325341,0.001377,0.549460,-207702.167988,3.004816,2195607.000000,1874874.000000,3722527.000000,334752.000000,1282372.000000,1952.000000,539.000000,1146.000000,164.000000,144.000000,453.000000,125.000000,266.000000,38.000000,33.000000,2784.000000,769.000000,1633.000000,233.000000,205.000000,15.000000,8.000000,18.000000,3.000000,5.000000,0.000000,6.000000,12.000000,2.000000,4.000000,0.000000,7.000000,15.000000,2.000000,5.000000,8097.000000,2266.000000,4820.000000,695.000000,601.000000,3.000000,
0.041503,0.005970,0.320152,0.001725,0.626593,-207446.041073,3.000956,2195607.000000,1874874.000000,3722527.000000,334752.000000,1282372.000000,1952.000000,539.000000,1146.000000,164.000000,144.000000,453.000000,125.000000,266.000000,38.000000,33.000000,2784.000000,769.000000,1633.000000,233.000000,205.000000,15.000000,8.000000,18.000000,3.000000,5.000000,0.000000,6.000000,12.000000,2.000000,4.000000,0.000000,7.000000,15.000000,2.000000,5.000000,8097.000000,2266.000000,4820.000000,695.000000,601.000000,3.000000,
0.041503,0.005970,0.320152,0.001725,0.626593,-207446.041073,3.000956,2195607.000000,1874874.000000,3722527.000000,334752.000000,1282372.000000,1952.000000,539.000000,1146.000000,164.000000,144.000000,453.000000,125.000000,266.000000,38.000000,33.000000,2784.000000,769.000000,1633.000000,233.000000,205.000000,15.000000,8.000000,18.000000,3.000000,5.000000,0.000000,6.000000,12.000000,2.000000,4.000000,0.000000,7.000000,15.000000,2.000000,5.000000,8097.000000,2266.000000,4820.000000,695.000000,601.000000,3.000000,
0.041575,0.013553,0.313006,0.002119,0.659488,-207096.048626,2.992715,2195607.000000,1874874.000000,3722527.000000,334752.000000,1282372.000000,1952.000000,539.000000,1146.000000,164.000000,144.000000,453.000000,125.000000,266.000000,38.000000,33.000000,2784.000000,769.000000,1633.000000,233.000000,205.000000,15.000000,8.000000,18.000000,3.000000,5.000000,0.000000,6.000000,12.000000,2.000000,4.000000,0.000000,7.000000,15.000000,2.000000,5.000000,8097.000000,2266.000000,4820.000000,695.000000,601.000000,3.000000,
0.041575,0.013553,0.313006,0.002119,0.659488,-207096.048626,2.992715,2195607.000000,1874874.000000,3722527.000000,334752.000000,1282372.000000,1952.000000,539.000000,1146.000000,164.000000,144.000000,453.000000,125.000000,266.000000,38.000000,33.000000,2784.000000,769.000000,1633.000000,233.000000,205.000000,15.000000,8.000000,18.000000,3.000000,5.000000,0.000000,6.000000,12.000000,2.000000,4.000000,0.000000,7.000000,15.000000,2.000000,5.000000,8097.000000,2266.000000,4820.000000,695.000000,601.000000,3.000000,
0.041462,0.028433,0.319139,0.002303,0.550947,-207396.157091,2.996042,2195607.000000,1874874.000000,3722527.000000,334752.000000,1282372.000000,1952.000000,539.000000,1146.000000,164.000000,144.000000,453.000000,125.000000,266.000000,38.000000,33.000000,2784.000000,769.000000,1633.000000,233.000000,205.000000,15.000000,8.000000,18.000000,3.000000,5.000000,0.000000,6.000000,12.000000,2.000000,4.000000,0.000000,7.000000,15.000000,2.000000,5.000000,8097.000000,2266.000000,4820.000000,695.000000,601.000000,3.000000,
0.041696,0.041719,0.306634,0.002262,0.728575,-206786.713279,2.989461,2195607.000000,1874874.000000,3722527.000000,334752.000000,1282372.000000,1952.000000,539.000000,1146.000000,164.000000,144.000000,453.000000,125.000000,266.000000,38.000000,33.000000,2784.000000,769.000000,1633.000000,233.000000,205.000000,15.000000,8.000000,18.000000,3.000000,5.000000,0.000000,6.000000,12.000000,2.000000,4.000000,0.000000,7.000000,15.000000,2.000000,5.000000,8097.000000,2266.000000,4820.000000,695.000000,601.000000,3.000000,
0.041696,0.041719,0.306634,0.002262,0.728575,-206786.713279,2.989461,2195607.000000,1874874.000000,3722527.000000,334752.000000,1282372.000000,1952.000000,539.000000,1146.000000,164.000000,144.000000,453.000000,125.000000,266.000000,38.000000,33.000000,2784.000000,769.000000,1633.000000,233.000000,205.000000,15.000000,8.000000,18.000000,3.000000,5.000000,0.000000,6.000000,12.000000,2.000000,4.000000,0.000000,7.000000,15.000000,2.000000,5.000000,8097.000000,2266.000000,4820.000000,695.000000,601.000000,3.000000,
0.041832,0.038228,0.301840,0.002150,0.739595,-206555.728265,2.990124,2195607.000000,1874874.000000,3722527.000000,334752.000000,1282372.000000,1952.000000,539.000000,1146.000000,164.000000,144.000000,453.000000,125.000000,266.000000,38.000000,33.000000,2784.000000,769.000000,1633.000000,233.000000,205.000000,15.000000,8.000000,18.000000,3.000000,5.000000,0.000000,6.000000,12.000000,2.000000,4.000000,0.000000,7.000000,15.000000,2.000000,5.000000,8097.000000,2266.000000,4820.000000,695.000000,601.000000,3.000000,
0.041832,0.038228,0.301840,0.002150,0.739595,-206555.728265,2.990124,2195607.000000,1874874.000000,3722527.000000,334752.000000,1282372.000000,1952.000000,539.000000,1146.000000,164.000000,144.000000,453.000000,125.000000,266.000000,38.000000,33.000000,2784.000000,769.000000,1633.000000,233.000000,205.000000,15.000000,8.000000,18.000000,3.000000,5.000000,0.000000,6.000000,12.000000,2.000000,4.000000,0.000000,7.000000,15.000000,2.000000,5.000000,8097.000000,2266.000000,4820.000000,695.000000,601.000000,3.000000,
0.041519,0.047055,0.316422,0.002124,0.609277,-207262.900316,2.995081,2195607.000000,1874874.000000,3722527.000000,334752.000000,1282372.000000,1952.000000,539.000000,1146.000000,164.000000,144.000000,453.000000,125.000000,266.000000,38.000000,33.000000,2784.000000,769.000000,1633.000000,233.000000,205.000000,15.000000,8.000000,18.000000,3.000000,5.000000,0.000000,6.000000,12.000000,2.000000,4.000000,0.000000,7.000000,15.000000,2.000000,5.000000,8097.000000,2266.000000,4820.000000,695.000000,601.000000,3.000000,
0.041519,0.047055,0.316422,0.002124,0.609277,-207262.900316,2.995081,2195607.000000,1874874.000000,3722527.000000,334752.000000,1282372.000000,1952.000000,539.000000,1146.000000,164.000000,144.000000,453.000000,125.000000,266.000000,38.000000,33.000000,2784.000000,769.000000,1633.000000,233.000000,205.000000,15.000000,8.000000,18.000000,3.000000,5.000000,0.000000,6.000000,12.000000,2.000000,4.000000,0.000000,7.000000,15.000000,2.000000,5.000000,8097.000000,2266.000000,4820.000000,695.000000,601.000000,3.000000,
0.041590,0.056270,0.311396,0.001527,0.616496,-207017.623203,2.990824,2195607.000000,1874874.000000,3722527.000000,334752.000000,1282372.000000,1952.000000,539.000000,1146.000000,164.000000,144.000000,453.000000,125.000000,266.000000,38.000000,33.000000,2784.000000,769.000000,1633.000000,233.000000,205.000000,15.000000,8.000000,18.000000,3.000000,5.000000,0.000000,6.000000,12.000000,2.000000,4.000000,0.000000,7.000000,15.000000,2.000000,5.000000,8097.000000,2266.000000,4820.000000,695.000000,601.000000,3.000000,
0.041590,0.056270,0.311396,0.001527,0.616496,-207017.623203,2.990824,2195607.000000,1874874.000000,3722527.000000,334752.000000,1282372.000000,1952.000000,539.000000,1146.000000,164.000000,144.000000,453.000000,125.000000,266.000000,38.000000,33.000000,2784.000000,769.000000,1633.000000,233.000000,205.000000,15.000000,8.000000,18.000000,3.000000,5.000000,0.000000,6.000000,12.000000,2.000000,4.000000,0.000000,7.000000,15.000000,2.000000,5.000000,8097.000000,2266.000000,4820.000000,695.000000,601.000000,3.000000,
0.041709,0.043202,0.309268,0.001399,0.631041,-206914.391495,2.995368,2195607.000000,1874874.000000,3722527.000000,334752.000000,1282372.000000,1952.000000,539.000000,1146.000000,164.000000,144.000000,453.000000,125.000000,266.000000,38.000000,33.000000,2784.000000,769.000000,1633.000000,233.000000,205.000000,15.000000,8.000000,18.000000,3.000000,5.000000,0.000000,6.000000,12.000000,2.000000,4.000000,0.000000,7.000000,15.000000,2.000000,5.000000,8097.000000,2266.000000,4820.000000,695.000000,601.000000,3.000000,
0.041709,0.043202,0.309268,0.001399,0.631041,-206914.391495,2.995368,2195607.000000,1874874.000000,3722527.000000,334752.000000,1282372.000000,1952.000000,539.000000,1146.000000,164.000000,144.000000,453.000000,125.000000,266.000000,38.000000,33.000000,2784.000000,769.000000,1633.000000,233.000000,205.000000,15.000000,8.000000,18.000000,3.000000,5.000000,0.000000,6.000000,12.000000,2.000000,4.000000,0.000000,7.000000,15.000000,2.000000,5.000000,8097.000000,2266.000000,4820.000000,695.000000,601.000000,3.000000,
0.041709,0.043202,0.309268,0.001399,0.631041,-206914.391495,2.995368,2195607.000000,1874874.000000,3722527.000000,334752.000000,1282372.000000,1952.000000,539.000000,1146.000000,164.000000,144.000000,453.000000,125.000000,266.000000,38.000000,33.000000,2784.000000,769.000000,1633.000000,233.000000,205.000000,15.000000,8.000000,18.000000,3.000000,5.000000,0.000000,6.000000,12.000000,2.000000,4.000000,0.000000,7.000000,15.000000,2.000000,5.000000,8097.000000,2266.000000,4820.000000,695.000000,601.000000,3.000000,
0.041709,0.043202,0.309268,0.001399,0.631041,-206914.391495,2.995368,2195607.000000,1874874.000000,3722527.000000,334752.000000,1282372.000000,1952.000000,539.000000,1146.000000,164.000000,144.000000,453.000000,125.000000,266.000000,38.000000,33.000000,2784.000000,769.000000,1633.000000,233.000000,205.000000,15.000000,8.000000,18.000000,3.000000,5.000000,0.000000,6.000000,12.000000,2.000000,4.000000,0.000000,7.000000,15.000000,2.000000,5.000000,8097.000000,2266.000000,4820.000000,695.000000,601.000000,3.000000,
0.041709,0.043202,0.309268,0.001399,0.631041,-206914.391495,2.995368,2195607.000000,1874874.000000,3722527.000000,334752.000000,1282372.000000,1952.000000,539.000000,1146.000000,164.000000,144.000000,453.000000,125.000000,266.000000,38.000000,33.000000,2784.000000,769.000000,1633.000000,233.000000,205.000000,15.000000,8.000000,18.000000,3.000000,5.000000,0.000000,6.000000,12.000000,2.000000,4.000000,0.000000,7.000000,15.000000,2.000000,5.000000,8097.000000,2266.000000,4820.000000,695.000000,601.000000,3.000000,
0.041709,0.043202,0.309268,0.001399,0.631041,-206914.391495,2.995368,2195607.000000,1874874.000000,3722527.000000,334752.000000,1282372.000000,1952.000000,539.000000,1146.000000,164.000000,144.000000,453.000000,125.000000,266.000000,38.000000,33.000000,2784.000000,769.000000,1633.000000,233.000000,205.000000,15.000000,8.000000,18.000000,3.000000,5.000000,0.000000,6.000000,12.000000,2.000000,4.000000,0.000000,7.000000,15.000000,2.000000,5.000000,8097.000000,2266.000000,4820.000000,695.000000,601.000000,3.000000,
0.041709,0.043202,0.309268,0.001399,0.631041,-206914.391495,2.995368,2195607.000000,1874874.000000,3722527.000000,334752.000000,1282372.000000,1952.000000,539.000000,1146.000000,164.000000,144.000000,453.000000,125.000000,266.000000,38.000000,33.000000,2784.000000,769.000000,1633.000000,233.000000,205.000000,15.000000,8.000000,18.000000,3.000000,5.000000,0.000000,6.000000,12.000000,2.000000,4.000000,0.000000,7.000000,15.000000,2.000000,5.000000,8097.000000,2266.000000,4820.000000,695.000000,601.000000,3.000000,
0.041709,0.043202,0.309268,0.001399,0.631041,-206914.391495,2.995368,2195607.000000,1874874.000000,3722527.000000,334752.000000,1282372.000000,1952.000000,539.000000,1146.000000,164.000000,144.000000,453.000000,125.000000,266.000000,38.000000,33.000000,2784.000000,769.000000,1633.000000,233.000000,205.000000,15.000000,8.000000,18.000000,3.000000,5.000000,0.000000,6.000000,12.000000,2.000000,4.000000,0.000000,7.000000,15.000000,2.000000,5.000000,8097.000000,2266.000000,4820.000000,695.000000,601.000000,3.000000,
0.041709,0.043202,0.309268,0.001399,0.631041,-206914.391495,2.995368,2195607.000000,1874874.000000,3722527.000000,334752.000000,1282372.000000,1952.000000,539.000000,1146.000000,164.000000,144.000000,453.000000,125.000000,266.000000,38.000000,33.000000,2784.000000,769.000000,1633.000000,233.000000,205.000000,15.000000,8.000000,18.000000,3.000000,5.000000,0.000000,6.000000,12.000000,2.000000,4.000000,0.000000,7.000000,15.000000,2.000000,5.000000,8097.000000,2266.000000,4820.000000,695.000000,601.000000,3.000000,
0.041683,0.026537,0.310157,0.001711,0.665549,-206957.500600,2.995129,2195607.000000,1874874.000000,3722527.000000,334752.000000,1282372.000000,1952.000000,539.000000,1146.000000,164.000000,144.000000,453.000000,125.000000,266.000000,38.000000,33.000000,2784.000000,769.000000,1633.000000,233.000000,205.000000,15.000000,8.000000,18.000000,3.000000,5.000000,0.000000,6.000000,12.000000,2.000000,4.000000,0.000000,7.000000,15.000000,2.000000,5.000000,8097.000000,2266.000000,4820.000000,695.000000,601.000000,3.000000,
0.041683,0.026537,0.310157,0.001711,0.665549,-206957.500600,2.995129,2195607.000000,1874874.000000,3722527.000000,334752.000000,1282372.000000,1952.000000,539.000000,1146.000000,164.000000,144.000000,453.000000,125.000000,266.000000,38.000000,33.000000,2784.000000,769.000000,1633.000000,233.000000,205.000000,15.000000,8.000000,18.000000,3.000000,5.000000,0.000000,6.000000,12.000000,2.000000,4.000000,0.000000,7.000000,15.000000,2.000000,5.000000,8097.000000,2266.000000,4820.000000,695.000000,601.000000,3.000000,
0.041683,0.026537,0.310157,0.001711,0.665549,-206957.500600,2.995129,2195607.000000,1874874.000000,3722527.000000,334752.000000,1282372.000000,1952.000000,539.000000,1146.000000,164.000000,144.000000,453.000000,125.000000,266.000000,38.000000,33.000000,2784.000000,769.000000,1633.000000,233.000000,205.000000,15.000000,8.000000,18.000000,3.000000,5.000000,0.000000,6.000000,12.000000,2.000000,4.000000,0.000000,7.000000,15.000000,2.000000,5.000000,8097.000000,2266.000000,4820.000000,695.000000,601.000000,3.000000,
0.041683,0.026537,0.310157,0.001711,0.665549,-206957.500600,2.995129,2195607.000000,1874874.000000,3722527.000000,334752.000000,1282372.000000,1952.000000,539.000000,1146.000000,164.000000,144.000000,453.000000,125.000000,266.000000,38.000000,33.000000,2784.000000,769.000000,1633.000000,233.000000,205.000000,15.000000,8.000000,18.000000,3.000000,5.000000,0.000000,6.000000,12.000000,2.000000,4.000000,0.000000,7.000000,15.000000,2.000000,5.000000,8097.000000,2266.000000,4820.000000,695.000000,601.000000,3.000000,
0.041683,0.026537,0.310157,0.001711,0.665549,-206957.500600,2.995129,2195607.000000,1874874.000000,3722527.000000,334752.000000,1282372.000000,1952.000000,539.000000,1146.000000,164.000000,144.000000,453.000000,125.000000,266.000000,38.000000,33.000000,2784.000000,769.000000,1633.000000,233.000000,205.000000,15.000000,8.000000,18.000000,3.000000,5.000000,0.000000,6.000000,12.000000,2.000000,4.000000,0.000000,7.000000,15.000000,2.000000,5.000000,8097.000000,2266.000000,4820.000000,695.000000,601.000000,3.000000,
0.041683,0.026537,0.310157,0.001711,0.665549,-206957.500600,2.995129,2195607.000000,1874874.000000,3722527.000000,334752.000000,1282372.000000,1952.000000,539.000000,1146.000000,164.000000,144.000000,453.000000,125.000000,266.000000,38.000000,33.000000,2784.000000,769.000000,1633.000000,233.000000,205.000000,15.000000,8.000000,18.000000,3.000000,5.000000,0.000000,6.000000,12.000000,2.000000,4.000000,0.000000,7.000000,15.000000,2.000000,5.000000,8097.000000,2266.000000,4820.000000,695.000000,601.000000,3.000000,
0.041617,0.026784,0.313770,0.001871,0.658460,-207133.387383,2.997224,2195607.000000,1874874.000000,3722527.000000,334752.000000,1282372.000000,1952.000000,539.000000,1146.000000,164.000000,144.000000,453.000000,125.000000,266.000000,38.000000,33.000000,2784.000000,769.000000,1633.000000,233.000000,205.000000,15.000000,8.000000,18.000000,3.000000,5.000000,0.000000,6.000000,12.000000,2.000000,4.000000,0.000000,7.000000,15.000000,2.000000,5.000000,8097.000000,2266.000000,4820.000000,695.000000,601.000000,3.000000,
0.041617,0.026784,0.313770,0.001871,0.658460,-207133.387383,2.997224,2195607.000000,1874874.000000,3722527.000000,334752.000000,1282372.000000,1952.000000,539.000000,1146.000000,164.000000,144.000000,453.000000,125.000000,266.000000,38.000000,33.000000,2784.000000,769.000000,1633.000000,233.000000,205.000000,15.000000,8.000000,18.000000,3.000000,5.000000,0.000000,6.000000,12.000000,2.000000,4.000000,0.000000,7.000000,15.000000,2.000000,5.000000,8097.000000,2266.000000,4820.000000,695.000000,601.000000,3.000000,
0.041617,0.026784,0.313770,0.001871,0.658460,-207133.387383,2.997224,2195607.000000,1874874.000000,3722527.000000,334752.000000,1282372.000000,1952.000000,539.000000,1146.000000,164.000000,144.000000,453.000000,125.000000,266.000000,38.000000,33.000000,2784.000000,769.000000,1633.000000,233.000000,205.000000,15.000000,8.000000,18.000000,3.000000,5.000000,0.000000,6.000000,12.000000,2.000000,4.000000,0.000000,7.000000,15.000000,2.000000,5.000000,8097.000000,2266.000000,4820.000000,695.000000,601.000000,3.000000,
0.041617,0.026784,0.313770,0.001871,0.658460,-207133.387383,2.997224,2195607.000000,1874874.000000,3722527.000000,334752.000000,1282372.000000,1952.000000,539.000000,1146.000000,164.000000,144.000000,453.000000,125.000000,266.000000,38.000000,33.000000,2784.000000,769.000000,1633.000000,233.000000,205.000000,15.000000,8.000000,18.000000,3.000000,5.000000,0.000000,6.000000,12.000000,2.000000,4.000000,0.000000,7.000000,15.000000,2.000000,5.000000,8097.000000,2266.000000,4820.000000,695.000000,601.000000,3.000000,
0.041617,0.026784,0.313770,0.001871,0.658460,-207133.387383,2.997224,2195607.000000,1874874.000000,3722527.000000,334752.000000,1282372.000000,1952.000000,539.000000,1146.000000,164.000000,144.000000,453.000000,125.000000,266.000000,38.000000,33.000000,2784.000000,769.000000,1633.000000,233.000000,205.000000,15.000000,8.000000,18.000000,3.000000,5.000000,0.000000,6.000000,12.000000,2.000000,4.000000,0.000000,7.000000,15.000000,2.000000,5.000000,8097.000000,2266.000000,4820.000000,695.000000,601.000000,3.000000,
0.041617,0.026784,0.313770,0.001871,0.658460,-207133.387383,2.997224,2195607.000000,1874874.000000,3722527.000000,334752.000000,1282372.000000,1952.000000,539.000000,1146.000000,164.000000,144.000000,453.000000,125.000000,266.000000,38.000000,33.000000,2784.000000,769.000000,1633.000000,233.000000,205.000000,15.000000,8.000000,18.000000,3.000000,5.000000,0.000000,6.000000,12.000000,2.000000,4.000000,0.000000,7.000000,15.000000,2.000000,5.000000,8097.000000,2266.000000,4820.000000,695.000000,601.000000,3.000000,
0.041617,0.026784,0.313770,0.001871,0.658460,-207133.387383,2.997224,2195607.000000,1874874.000000,3722527.000000,334752.000000,1282372.000000,1952.000000,539.000000,1146.000000,164.000000,144.000000,453.000000,125.000000,266.000000,38.000000,33.000000,2784.000000,769.000000,1633.000000,233.000000,205.000000,15.000000,8.000000,18.000000,3.000000,5.000000,0.000000,6.000000,12.000000,2.000000,4.000000,0.000000,7.000000,15.000000,2.000000,5.000000,8097.000000,2266.000000,4820.000000,695.000000,601.000000,3.000000,
0.041617,0.026784,0.313770,0.001871,0.658460,-207133.387383,2.997224,2195607.000000,1874874.000000,3722527.000000,334752.000000,1282372.000000,1952.000000,539.000000,1146.000000,164.000000,144.000000,453.000000,125.000000,266.000000,38.000000,33.000000,2784.000000,769.000000,1633.000000,233.000000,205.000000,15.000000,8.000000,18.000000,3.000000,5.000000,0.000000,6.000000,12.000000,2.000000,4.000000,0.000000,7.000000,15.000000,2.000000,5.000000,8097.000000,2266.000000,4820.000000,695.000000,601.000000,3.000000,
0.041617,0.026784,0.313770,0.001871,0.658460,-207133.387383,2.997224,2195607.000000,1874874.000000,3722527.000000,334752.000000,1282372.000000,1952.000000,539.000000,1146.000000,164.000000,144.000000,453.000000,125.000000,266.000000,38.000000,33.000000,2784.000000,769.000000,1633.000000,233.000000,205.000000,15.000000,8.000000,18.000000,3.000000,5.000000,0.000000,6.000000,12.000000,2.000000,4.000000,0.000000,7.000000,15.000000,2.000000,5.000000,8097.000000,2266.000000,4820.000000,695.000000,601.000000,3.000000,
0.041617,0.026784,0.313770,0.001871,0.658460,-207133.387383,2.997224,2195607.000000,1874874.000000,3722527.000000,334752.000000,1282372.000000,1952.000000,539.000000,1146.000000,164.000000,144.000000,453.000000,125.000000,266.000000,38.000000,33.000000,2784.000000,769.000000,1633.000000,233.000000,205.000000,15.000000,8.000000,18.000000,3.000000,5.000000,0.000000,6.000000,12.000000,2.000000,4.000000,0.000000,7.000000,15.000000,2.000000,5.000000,8097.000000,2266.000000,4820.000000,695.000000,601.000000,3.000000,
0.041617,0.026784,0.313770,0.001871,0.658460,-207133.387383,2.997224,2195607.000000,1874874.000000,3722527.000000,334752.000000,1282372.000000,1952.000000,539.000000,1146.000000,164.000000,144.000000,453.000000,125.000000,266.000000,38.000000,33.000000,2784.000000,769.000000,1633.000000,233.000000,205.000000,15.000000,8.000000,18.000000,3.000000,5.000000,0.000000,6.000000,12.000000,2.000000,4.000000,0.000000,7.000000,15.000000,2.000000,5.000000,8097.000000,2266.000000,4820.000000,695.000000,601.000000,3.000000,
0.041617,0.026784,0.313770,0.001871,0.658460,-207133.387383,2.997224,2195607.000000,1874874.000000,3722527.000000,334752.000000,1282372.000000,1952.000000,539.000000,1146.000000,164.000000,144.000000,453.000000,125.000000,266.000000,38.000000,33.000000,2784.000000,769.000000,1633.000000,233.000000,205.000000,15.000000,8.000000,18.000000,3.000000,5.000000,0.000000,6.000000,12.000000,2.000000,4.000000,0.000000,7.000000,15.000000,2.000000,5.000000,8097.000000,2266.000000,4820.000000,695.000000,601.000000,3.000000,
0.041617,0.026784,0.313770,0.001871,0.658460,-207133.387383,2.997224,2195607.000000,1874874.000000,3722527.000000,334752.000000,1282372.000000,1952.000000,539.000000,1146.000000,164.000000,144.000000,453.000000,125.000000,266.000000,38.000000,33.000000,2784.000000,769.000000,1633.000000,233.000000,205.000000,15.000000,8.000000,18.000000,3.000000,5.000000,0.000000,6.000000,12.000000,2.000000,4.000000,0.000000,7.000000,15.000000,2.000000,5.000000,8097.000000,2266.000000,4820.000000,695.000000,601.000000,3.000000,
0.041617,0.026784,0.313770,0.001871,0.658460,-207133.387383,2.997224,2195607.000000,1874874.000000,3722527.000000,334752.000000,1282372.000000,1952.000000,539.000000,1146.000000,164.000000,144.000000,453.000000,125.000000,266.000000,38.000000,33.000000,2784.000000,769.000000,1633.000000,233.000000,205.000000,15.000000,8.000000,18.000000,3.000000,5.000000,0.000000,6.000000,12.000000,2.000000,4.000000,0.000000,7.000000,15.000000,2.000000,5.000000,8097.000000,2266.000000,4820.000000,695.000000,601.000000,3.000000,
0.041617,0.026784,0.313770,0.001871,0.658460,-207133.387383,2.997224,2195607.000000,1874874.000000,3722527.000000,334752.000000,1282372.000000,1952.000000,539.000000,1146.000000,164.000000,144.000000,453.000000,125.000000,266.000000,38.000000,33.000000,2784.000000,769.000000,1633.000000,233.000000,205.000000,15.000000,8.000000,18.000000,3.000000,5.000000,0.000000,6.000000,12.000000,2.000000,4.000000,0.000000,7.000000,15.000000,2.000000,5.000000,8097.000000,2266.000000,4820.000000,695.000000,601.000000,3.000000,
0.041617,0.026784,0.313770,0.001871,0.658460,-207133.387383,2.997224,2195607.000000,1874874.000000,3722527.000000,334752.000000,1282372.000000,1952.000000,539.000000,1146.000000,164.000000,144.000000,453.000000,125.000000,266.000000,38.000000,33.000000,2784.000000,769.000000,1633.000000,233.000000,205.000000,15.000000,8.000000,18.000000,3.000000,5.000000,0.000000,6.000000,12.000000,2.000000,4.000000,0.000000,7.000000,15.000000,2.000000,5.000000,8097.000000,2266.000000,4820.000000,695.000000,601.000000,3.000000,
0.041617,0.026784,0.313770,0.001871,0.658460,-207133.387383,2.997224,2195607.000000,1874874.000000,3722527.000000,334752.000000,1282372.000000,1952.000000,539.000000,1146.000000,164.000000,144.000000,453.000000,125.000000,266.000000,38.000000,33.000000,2784.000000,769.000000,1633.000000,233.000000,205.000000,15.000000,8.000000,18.000000,3.000000,5.000000,0.000000,6.000000,12.000000,2.000000,4.000000,0.000000,7.000000,15.000000,2.000000,5.000000,8097.000000,2266.000000,4820.000000,695.000000,601.000000,3.000000,
0.041617,0.026784,0.313770,0.001871,0.658460,-207133.387383,2.997224,2195607.000000,1874874.000000,3722527.000000,334752.000000,1282372.000000,1952.000000,539.000000,1146.000000,164.000000,144.000000,453.000000,125.000000,266.000000,38.000000,33.000000,2784.000000,769.000000,1633.000000,233.000000,205.000000,15.000000,8.000000,18.000000,3.000000,5.000000,0.000000,6.000000,12.000000,2.000000,4.000000,0.000000,7.000000,15.000000,2.000000,5.000000,8097.000000,2266.000000,4820.000000,695.000000,601.000000,3.000000,
0.041617,0.026784,0.313770,0.001871,0.658460,-207133.387383,2.997224,2195607.000000,1874874.000000,3722527.000000,334752.000000,1282372.000000,1952.000000,539.000000,1146.000000,164.000000,144.000000,453.000000,125.000000,266.000000,38.000000,33.000000,2784.000000,769.000000,1633.000000,233.000000,205.000000,15.000000,8.000000,18.000000,3.000000,5.000000,0.000000,6.000000,12.000000,2.000000,4.000000,0.000000,7.000000,15.000000,2.000000,5.000000,8097.000000,2266.000000,4820.000000,695.000000,601.000000,3.000000,
0.041617,0.026784,0.313770,0.001871,0.658460,-207133.387383,2.997224,2195607.000000,1874874.000000,3722527.000000,334752.000000,1282372.000000,1952.000000,539.000000,1146.000000,164.000000,144.000000,453.000000,125.000000,266.000000,38.000000,33.000000,2784.000000,769.000000,1633.000000,233.000000,205.000000,15.000000,8.000000,18.000000,3.000000,5.000000,0.000000,6.000000,12.000000,2.000000,4.000000,0.000000,7.000000,15.000000,2.000000,5.000000,8097.000000,2266.000000,4820.000000,695.000000,601.000000,3.000000,
0.041617,0.026784,0.313770,0.001871,0.658460,-207133.387383,2.997224,2195607.000000,1874874.000000,3722527.000000,334752.000000,1282372.000000,1952.000000,539.000000,1146.000000,164.000000,144.000000,453.000000,125.000000,266.000000,38.000000,33.000000,2784.000000,769.000000,1633.000000,233.000000,205.000000,15.000000,8.000000,18.000000,3.000000,5.000000,0.000000,6.000000,12.000000,2.000000,4.000000,0.000000,7.000000,15.000000,2.000000,5.000000,8097.000000,2266.000000,4820.000000,695.000000,601.000000,3.000000,
0.041617,0.026784,0.313770,0.001871,0.658460,-207133.387383,2.997224,2195607.000000,1874874.000000,3722527.000000,334752.000000,1282372.000000,1952.000000,539.000000,1146.000000,164.000000,144.000000,453.000000,125.000000,266.000000,38.000000,33.000000,2784.000000,769.000000,1633.000000,233.000000,205.000000,15.000000,8.000000,18.000000,3.000000,5.000000,0.000000,6.000000,12.000000,2.000000,4.000000,0.000000,7.000000,15.000000,2.000000,5.000000,8097.000000,2266.000000,4820.000000,695.000000,601.000000,3.000000,
0.041617,0.026784,0.313770,0.001871,0.658460,-207133.387383,2.997224,2195607.000000,1874874.000000,3722527.000000,334752.000000,1282372.000000,1952.000000,539.000000,1146.000000,164.000000,144.000000,453.000000,125.000000,266.000000,38.000000,33.000000,2784.000000,769.000000,1633.000000,233.000000,205.000000,15.000000,8.000000,18.000000,3.000000,5.000000,0.000000,6.000000,12.000000,2.000000,4.000000,0.000000,7.000000,15.000000,2.000000,5.000000,8097.000000,2266.000000,4820.000000,695.000000,601.000000,3.000000,
0.041617,0.026784,0.313770,0.001871,0.658460,-207133.387383,2.997224,2195607.000000,1874874.000000,3722527.000000,334752.000000,1282372.000000,1952.000000,539.000000,1146.000000,164.000000,144.000000,453.000000,125.000000,266.000000,38.000000,33.000000,2784.000000,769.000000,1633.000000,233.000000,205.000000,15.000000,8.000000,18.000000,3.000000,5.000000,0.000000,6.000000,12.000000,2.000000,4.000000,0.000000,7.000000,15.000000,2.000000,5.000000,8097.000000,2266.000000,4820.000000,695.000000,601.000000,3.000000,
0.041617,0.026784,0.313770,0.001871,0.658460,-207133.387383,2.997224,2195607.000000,1874874.000000,3722527.000000,334752.000000,1282372.000000,1952.000000,539.000000,1146.000000,164.000000,144.000000,453.000000,125.000000,266.000000,38.000000,33.000000,2784.000000,769.000000,1633.000000,233.000000,205.000000,15.000000,8.000000,18.000000,3.000000,5.000000,0.000000,6.000000,12.000000,2.000000,4.000000,0.000000,7.000000,15.000000,2.000000,5.000000,8097.000000,2266.000000,4820.000000,695.000000,601.000000,3.000000,
0.041617,0.026784,0.313770,0.001871,0.658460,-207133.387383,2.997224,2195607.000000,1874874.000000,3722527.000000,334752.000000,1282372.000000,1952.000000,539.000000,1146.000000,164.000000,144.000000,453.000000,125.000000,266.000000,38.000000,33.000000,2784.000000,769.000000,1633.000000,233.000000,205.000000,15.000000,8.000000,18.000000,3.000000,5.000000,0.000000,6.000000,12.000000,2.000000,4.000000,0.000000,7.000000,15.000000,2.000000,5.000000,8097.000000,2266.000000,4820.000000,695.000000,601.000000,3.000000,
0.041617,0.026784,0.313770,0.001871,0.658460,-207133.387383,2.997224,2195607.000000,1874874.000000,3722527.000000,334752.000000,1282372.000000,1952.000000,539.000000,1146.000000,164.000000,144.000000,453.000000,125.000000,266.000000,38.000000,33.000000,2784.000000,769.000000,1633.000000,233.000000,205.000000,15.000000,8.000000,18.000000,3.000000,5.000000,0.000000,6.000000,12.000000,2.000000,4.000000,0.000000,7.000000,15.000000,2.000000,5.000000,8097.000000,2266.000000,4820.000000,695.000000,601.000000,3.000000,
0.041617,0.026784,0.313770,0.001871,0.658460,-207133.387383,2.997224,2195607.000000,1874874.000000,3722527.000000,334752.000000,1282372.000000,1952.000000,539.000000,1146.000000,164.000000,144.000000,453.000000,125.000000,266.000000,38.000000,33.000000,2784.000000,769.000000,1633.000000,233.000000,205.000000,15.000000,8.000000,18.000000,3.000000,5.000000,0.000000,6.000000,12.000000,2.000000,4.000000,0.000000,7.000000,15.000000,2.000000,5.000000,8097.000000,2266.000000,4820.000000,695.000000,601.000000,3.000000,
0.041617,0.026784,0.313770,0.001871,0.658460,-207133.387383,2.997224,2195607.000000,1874874.000000,3722527.000000,334752.000000,1282372.000000,1952.000000,539.000000,1146.000000,164.000000,144.000000,453.000000,125.000000,266.000000,38.000000,33.000000,2784.000000,769.000000,1633.000000,233.000000,205.000000,15.000000,8.000000,18.000000,3.000000,5.000000,0.000000,6.000000,12.000000,2.000000,4.000000,0.000000,7.000000,15.000000,2.000000,5.000000,8097.000000,2266.000000,4820.000000,695.000000,601.000000,3.000000,
0.041617,0.026784,0.313770,0.001871,0.658460,-207133.387383,2.997224,2195607.000000,1874874.000000,3722527.000000,334752.000000,1282372.000000,1952.000000,539.000000,1146.000000,164.000000,144.000000,453.000000,125.000000,266.000000,38.000000,33.000000,2784.000000,769.000000,1633.000000,233.000000,205.000000,15.000000,8.000000,18.000000,3.000000,5.000000,0.000000,6.000000,12.000000,2.000000,4.000000,0.000000,7.000000,15.000000,2.000000,5.000000,8097.000000,2266.000000,4820.000000,695.000000,601.000000,3.000000,
0.041617,0.026784,0.313770,0.001871,0.658460,-207133.387383,2.997224,2195607.000000,1874874.000000,3722527.000000,334752.000000,1282372.000000,1952.000000,539.000000,1146.000000,164.000000,144.000000,453.000000,125.000000,266.000000,38.000000,33.000000,2784.000000,769.000000,1633.000000,233.000000,205.000000,15.000000,8.000000,18.000000,3.000000,5.000000,0.000000,6.000000,12.000000,2.000000,4.000000,0.000000,7.000000,15.000000,2.000000,5.000000,8097.000000,2266.000000,4820.000000,695.000000,601.000000,3.000000,
0.041617,0.026784,0.313770,0.001871,0.658460,-207133.387383,2.997224,2195607.000000,1874874.000000,3722527.000000,334752.000000,1282372.000000,1952.000000,539.000000,1146.000000,164.000000,144.000000,453.000000,125.000000,266.000000,38.000000,33.000000,2784.000000,769.000000,1633.000000,233.000000,205.000000,15.000000,8.000000,18.000000,3.000000,5.000000,0.000000,6.000000,12.000000,2.000000,4.000000,0.000000,7.000000,15.000000,2.000000,5.000000,8097.000000,2266.000000,4820.000000,695.000000,601.000000,3.000000,
0.041617,0.026784,0.313770,0.001871,0.658460,-207133.387383,2.997224,2195607.000000,1874874.000000,3722527.000000,334752.000000,1282372.000000,1952.000000,539.000000,1146.000000,164.000000,144.000000,453.000000,125.000000,266.000000,38.000000,33.000000,2784.000000,769.000000,1633.000000,233.000000,205.000000,15.000000,8.000000,18.000000,3.000000,5.000000,0.000000,6.000000,12.000000,2.000000,4.000000,0.000000,7.000000,15.000000,2.000000,5.000000,8097.000000,2266.000000,4820.000000,695.000000,601.000000,3.000000,
0.041617,0.026784,0.313770,0.001871,0.658460,-207133.387383,2.997224,2195607.000000,1874874.000000,3722527.000000,334752.000000,1282372.000000,1952.000000,539.000000,1146.000000,164.000000,144.000000,453.000000,125.000000,266.000000,38.000000,33.000000,2784.000000,769.000000,1633.000000,233.000000,205.000000,15.000000,8.000000,18.000000,3.000000,5.000000,0.000000,6.000000,12.000000,2.000000,4.000000,0.000000,7.000000,15.000000,2.000000,5.000000,8097.000000,2266.000000,4820.000000,695.000000,601.000000,3.000000,
0.041617,0.026784,0.313770,0.001871,0.658460,-207133.387383,2.997224,2195607.000000,1874874.000000,3722527.000000,334752.000000,1282372.000000,1952.000000,539.000000,1146.000000,164.000000,144.000000,453.000000,125.000000,266.000000,38.000000,33.000000,2784.000000,769.000000,1633.000000,233.000000,205.000000,15.000000,8.000000,18.000000,3.000000,5.000000,0.000000,6.000000,12.000000,2.000000,4.000000,0.000000,7.000000,15.000000,2.000000,5.000000,8097.000000,2266.000000,4820.000000,695.000000,601.000000,3.000000,
0.041617,0.026784,0.313770,0.001871,0.658460,-207133.387383,2.997224,2195607.000000,1874874.000000,3722527.000000,334752.000000,1282372.000000,1952.000000,539.000000,1146.000000,164.000000,144.000000,453.000000,125.000000,266.000000,38.000000,33.000000,2784.000000,769.000000,1633.000000,233.000000,205.000000,15.000000,8.000000,18.000000,3.000000,5.000000,0.000000,6.000000,12.000000,2.000000,4.000000,0.000000,7.000000,15.000000,2.000000,5.000000,8097.000000,2266.000000,4820.000000,695.000000,601.000000,3.000000,
0.041617,0.026784,0.313770,0.001871,0.658460,-207133.387383,2.997224,2195607.000000,1874874.000000,3722527.000000,334752.000000,1282372.000000,1952.000000,539.000000,1146.000000,164.000000,144.000000,453.000000,125.000000,266.000000,38.000000,33.000000,2784.000000,769.000000,1633.000000,233.000000,205.000000,15.000000,8.000000,18.000000,3.000000,5.000000,0.000000,6.000000,12.000000,2.000000,4.000000,0.000000,7.000000,15.000000,2.000000,5.000000,8097.000000,2266.000000,4820.000000,695.000000,601.000000,3.000000,
0.041676,0.019864,0.308331,0.002974,0.672723,-206868.860817,2.991202,2195607.000000,1874874.000000,3722527.000000,334752.000000,1282372.000000,1952.000000,539.000000,1146.000000,164.000000,144.000000,453.000000,125.000000,266.000000,38.000000,33.000000,2784.000000,769.000000,1633.000000,233.000000,205.000000,15.000000,8.000000,18.000000,3.000000,5.000000,0.000000,6.000000,12.000000,2.000000,4.000000,0.000000,7.000000,15.000000,2.000000,5.000000,8097.000000,2266.000000,4820.000000,695.000000,601.000000,3.000000,
0.041676,0.019864,0.308331,0.002974,0.672723,-206868.860817,2.991202,2195607.000000,1874874.000000,3722527.000000,334752.000000,1282372.000000,1952.000000,539.000000,1146.000000,164.000000,144.000000,453.000000,125.000000,266.000000,38.000000,33.000000,2784.000000,769.000000,1633.000000,233.000000,205.000000,15.000000,8.000000,18.000000,3.000000,5.000000,0.000000,6.000000,12.000000,2.000000,4.000000,0.000000,7.000000,15.000000,2.000000,5.000000,8097.000000,2266.000000,4820.000000,695.000000,601.000000,3.000000,
0.041676,0.019864,0.308331,0.002974,0.672723,-206868.860817,2.991202,2195607.000000,1874874.000000,3722527.000000,334752.000000,1282372.000000,1952.000000,539.000000,1146.000000,164.000000,144.000000,453.000000,125.000000,266.000000,38.000000,33.000000,2784.000000,769.000000,1633.000000,233.000000,205.000000,15.000000,8.000000,18.000000,3.000000,5.000000,0.000000,6.000000,12.000000,2.000000,4.000000,0.000000,7.000000,15.000000,2.000000,5.000000,8097.000000,2266.000000,4820.000000,695.000000,601.000000,3.000000,
0.041676,0.019864,0.308331,0.002974,0.672723,-206868.860817,2.991202,2195607.000000,1874874.000000,3722527.000000,334752.000000,1282372.000000,1952.000000,539.000000,1146.000000,164.000000,144.000000,453.000000,125.000000,266.000000,38.000000,33.000000,2784.000000,769.000000,1633.000000,233.000000,205.000000,15.000000,8.000000,18.000000,3.000000,5.000000,0.000000,6.000000,12.000000,2.000000,4.000000,0.000000,7.000000,15.000000,2.000000,5.000000,8097.000000,2266.000000,4820.000000,695.000000,601.000000,3.000000,
0.041676,0.019864,0.308331,0.002974,0.672723,-206868.860817,2.991202,2195607.000000,1874874.000000,3722527.000000,334752.000000,1282372.000000,1952.000000,539.000000,1146.000000,164.000000,144.000000,453.000000,125.000000,266.000000,38.000000,33.000000,2784.000000,769.000000,1633.000000,233.000000,205.000000,15.000000,8.000000,18.000000,3.000000,5.000000,0.000000,6.000000,12.000000,2.000000,4.000000,0.000000,7.000000,15.000000,2.000000,5.000000,8097.000000,2266.000000,4820.000000,695.000000,601.000000,3.000000,
0.041676,0.019864,0.308331,0.002974,0.672723,-206868.860817,2.991202,2195607.000000,1874874.000000,3722527.000000,334752.000000,1282372.000000,1952.000000,539.000000,1146.000000,164.000000,144.000000,453.000000,125.000000,266.000000,38.000000,33.000000,2784.000000,769.000000,1633.000000,233.000000,205.000000,15.000000,8.000000,18.000000,3.000000,5.000000,0.000000,6.000000,12.000000,2.000000,4.000000,0.000000,7.000000,15.000000,2.000000,5.000000,8097.000000,2266.000000,4820.000000,695.000000,601.000000,3.000000,
0.041676,0.019864,0.308331,0.002974,0.672723,-206868.860817,2.991202,2195607.000000,1874874.000000,3722527.000000,334752.000000,1282372.000000,1952.000000,539.000000,1146.000000,164.000000,144.000000,453.000000,125.000000,266.000000,38.000000,33.000000,2784.000000,769.000000,1633.000000,233.000000,205.000000,15.000000,8.000000,18.000000,3.000000,5.000000,0.000000,6.000000,12.000000,2.000000,4.000000,0.000000,7.000000,15.000000,2.000000,5.000000,8097.000000,2266.000000,4820.000000,695.000000,601.000000,3.000000,
0.041676,0.019864,0.308331,0.002974,0.672723,-206868.860817,2.991202,2195607.000000,1874874.000000,3722527.000000,334752.000000,1282372.000000,1952.000000,539.000000,1146.000000,164.000000,144.000000,453.000000,125.000000,266.000000,38.000000,33.000000,2784.000000,769.000000,1633.000000,233.000000,205.000000,15.000000,8.000000,18.000000,3.000000,5.000000,0.000000,6.000000,12.000000,2.000000,4.000000,0.000000,7.000000,15.000000,2.000000,5.000000,8097.000000,2266.000000,4820.000000,695.000000,601.000000,3.000000,
0.041676,0.019864,0.308331,0.002974,0.672723,-206868.860817,2.991202,2195607.000000,1874874.000000,3722527.000000,334752.000000,1282372.000000,1952.000000,539.000000,1146.000000,164.000000,144.000000,453.000000,125.000000,266.000000,38.000000,33.000000,2784.000000,769.000000,1633.000000,233.000000,205.000000,15.000000,8.000000,18.000000,3.000000,5.000000,0.000000,6.000000,12.000000,2.000000,4.000000,0.000000,7.000000,15.000000,2.000000,5.000000,8097.000000,2266.000000,4820.000000,695.000000,601.000000,3.000000,
0.041676,0.019864,0.308331,0.002974,0.672723,-206868.860817,2.991202,2195607.000000,1874874.000000,3722527.000000,334752.000000,1282372.000000,1952.000000,539.000000,1146.000000,164.000000,144.000000,453.000000,125.000000,266.000000,38.000000,33.000000,2784.000000,769.000000,1633.000000,233.000000,205.000000,15.000000,8.000000,18.000000,3.000000,5.000000,0.000000,6.000000,12.000000,2.000000,4.000000,0.000000,7.000000,15.000000,2.000000,5.000000,8097.000000,2266.000000,4820.000000,695.000000,601.000000,3.000000,
0.041752,0.017215,0.308545,0.003215,0.706119,-206879.395110,2.997075,2195607.000000,1874874.000000,3722527.000000,334752.000000,1282372.000000,1952.000000,539.000000,1146.000000,164.000000,144.000000,453.000000,125.000000,266.000000,38.000000,33.000000,2784.000000,769.000000,1633.000000,233.000000,205.000000,15.000000,8.000000,18.000000,3.000000,5.000000,0.000000,6.000000,12.000000,2.000000,4.000000,0.000000,7.000000,15.000000,2.000000,5.000000,8097.000000,2266.000000,4820.000000,695.000000,601.000000,3.000000,
0.041752,0.017215,0.308545,0.003215,0.706119,-206879.395110,2.997075,2195607.000000,1874874.000000,3722527.000000,334752.000000,1282372.000000,1952.000000,539.000000,1146.000000,164.000000,144.000000,453.000000,125.000000,266.000000,38.000000,33.000000,2784.000000,769.000000,1633.000000,233.000000,205.000000,15.000000,8.000000,18.000000,3.000000,5.000000,0.000000,6.000000,12.000000,2.000000,4.000000,0.000000,7.000000,15.000000,2.000000,5.000000,8097.000000,2266.000000,4820.000000,695.000000,601.000000,3.000000,
0.041752,0.017215,0.308545,0.003215,0.706119,-206879.395110,2.997075,2195607.000000,1874874.000000,3722527.000000,334752.000000,1282372.000000,1952.000000,539.000000,1146.000000,164.000000,144.000000,453.000000,125.000000,266.000000,38.000000,33.000000,2784.000000,769.000000,1633.000000,233.000000,205.000000,15.000000,8.000000,18.000000,3.000000,5.000000,0.000000,6.000000,12.000000,2.000000,4.000000,0.000000,7.000000,15.000000,2.000000,5.000000,8097.000000,2266.000000,4820.000000,695.000000,601.000000,3.000000,
0.041752,0.017215,0.308545,0.003215,0.706119,-206879.395110,2.997075,2195607.000000,1874874.000000,3722527.000000,334752.000000,1282372.000000,1952.000000,539.000000,1146.000000,164.000000,144.000000,453.000000,125.000000,266.000000,38.000000,33.000000,2784.000000,769.000000,1633.000000,233.000000,205.000000,15.000000,8.000000,18.000000,3.000000,5.000000,0.000000,6.000000,12.000000,2.000000,4.000000,0.000000,7.000000,15.000000,2.000000,5.000000,8097.000000,2266.000000,4820.000000,695.000000,601.000000,3.000000,
0.041752,0.017215,0.308545,0.003215,0.706119,-206879.395110,2.997075,2195607.000000,1874874.000000,3722527.000000,334752.000000,1282372.000000,1952.000000,539.000000,1146.000000,164.000000,144.000000,453.000000,125.000000,266.000000,38.000000,33.000000,2784.000000,769.000000,1633.000000,233.000000,205.000000,15.000000,8.000000,18.000000,3.000000,5.000000,0.000000,6.000000,12.000000,2.000000,4.000000,0.000000,7.000000,15.000000,2.000000,5.000000,8097.000000,2266.000000,4820.000000,695.000000,601.000000,3.000000,
0.041752,0.017215,0.308545,0.003215,0.706119,-206879.395110,2.997075,2195607.000000,1874874.000000,3722527.000000,334752.000000,1282372.000000,1952.000000,539.000000,1146.000000,164.000000,144.000000,453.000000,125.000000,266.000000,38.000000,33.000000,2784.000000,769.000000,1633.000000,233.000000,205.000000,15.000000,8.000000,18.000000,3.000000,5.000000,0.000000,6.000000,12.000000,2.000000,4.000000,0.000000,7.000000,15.000000,2.000000,5.000000,8097.000000,2266.000000,4820.000000,695.000000,601.000000,3.000000,
0.041582,0.050181,0.316529,0.002086,0.752330,-207268.257677,2.999874,2195607.000000,1874874.000000,3722527.000000,334752.000000,1282372.000000,1952.000000,539.000000,1146.000000,164.000000,144.000000,453.000000,125.000000,266.000000,38.000000,33.000000,2784.000000,769.000000,1633.000000,233.000000,205.000000,15.000000,8.000000,18.000000,3.000000,5.000000,0.000000,6.000000,12.000000,2.000000,4.000000,0.000000,7.000000,15.000000,2.000000,5.000000,8097.000000,2266.000000,4820.000000,695.000000,601.000000,3.000000,
0.041545,0.051407,0.316281,0.001100,0.496317,-207256.045806,2.996728,2195607.000000,1874874.000000,3722527.000000,334752.000000,1282372.000000,1952.000000,539.000000,1146.000000,164.000000,144.000000,453.000000,125.000000,266.000000,38.000000,33.000000,2784.000000,769.000000,1633.000000,233.000000,205.000000,15.000000,8.000000,18.000000,3.000000,5.000000,0.000000,6.000000,12.000000,2.000000,4.000000,0.000000,7.000000,15.000000,2.000000,5.000000,8097.000000,2266.000000,4820.000000,695.000000,601.000000,3.000000,
0.041545,0.051407,0.316281,0.001100,0.496317,-207256.045806,2.996728,2195607.000000,1874874.000000,3722527.000000,334752.000000,1282372.000000,1952.000000,539.000000,1146.000000,164.000000,144.000000,453.000000,125.000000,266.000000,38.000000,33.000000,2784.000000,769.000000,1633.000000,233.000000,205.000000,15.000000,8.000000,18.000000,3.000000,5.000000,0.000000,6.000000,12.000000,2.000000,4.000000,0.000000,7.000000,15.000000,2.000000,5.000000,8097.000000,2266.000000,4820.000000,695.000000,601.000000,3.000000,
0.041545,0.051407,0.316281,0.001100,0.496317,-207256.045806,2.996728,2195607.000000,1874874.000000,3722527.000000,334752.000000,1282372.000000,1952.000000,539.000000,1146.000000,164.000000,144.000000,453.000000,125.000000,266.000000,38.000000,33.000000,2784.000000,769.000000,1633.000000,233.000000,205.000000,15.000000,8.000000,18.000000,3.000000,5.000000,0.000000,6.000000,12.000000,2.000000,4.000000,0.000000,7.000000,15.000000,2.000000,5.000000,8097.000000,2266.000000,4820.000000,695.000000,601.000000,3.000000,
0.041545,0.051407,0.316281,0.001100,0.496317,-207256.045806,2.996728,2195607.000000,1874874.000000,3722527.000000,334752.000000,1282372.000000,1952.000000,539.000000,1146.000000,164.000000,144.000000,453.000000,125.000000,266.000000,38.000000,33.000000,2784.000000,769.000000,1633.000000,233.000000,205.000000,15.000000,8.000000,18.000000,3.000000,5.000000,0.000000,6.000000,12.000000,2.000000,4.000000,0.000000,7.000000,15.000000,2.000000,5.000000,8097.000000,2266.000000,4820.000000,695.000000,601.000000,3.000000,
0.041444,0.056921,0.323523,0.001021,0.477917,-207612.228499,3.002993,2195607.000000,1874874.000000,3722527.000000,334752.000000,1282372.000000,1952.000000,539.000000,1146.000000,164.000000,144.000000,453.000000,125.000000,266.000000,38.000000,33.000000,2784.000000,769.000000,1633.000000,233.000000,205.000000,15.000000,8.000000,18.000000,3.000000,5.000000,0.000000,6.000000,12.000000,2.000000,4.000000,0.000000,7.000000,15.000000,2.000000,5.000000,8097.000000,2266.000000,4820.000000,695.000000,601.000000,3.000000,
0.041444,0.056921,0.323523,0.001021,0.477917,-207612.228499,3.002993,2195607.000000,1874874.000000,3722527.000000,334752.000000,1282372.000000,1952.000000,539.000000,1146.000000,164.000000,144.000000,453.000000,125.000000,266.000000,38.000000,33.000000,2784.000000,769.000000,1633.000000,233.000000,205.000000,15.000000,8.000000,18.000000,3.000000,5.000000,0.000000,6.000000,12.000000,2.000000,4.000000,0.000000,7.000000,15.000000,2.000000,5.000000,8097.000000,2266.000000,4820.000000,695.000000,601.000000,3.000000,
0.041444,0.056921,0.323523,0.001021,0.477917,-207612.228499,3.002993,2195607.000000,1874874.000000,3722527.000000,334752.000000,1282372.000000,1952.000000,539.000000,1146.000000,164.000000,144.000000,453.000000,125.000000,266.000000,38.000000,33.000000,2784.000000,769.000000,1633.000000,233.000000,205.000000,15.000000,8.000000,18.000000,3.000000,5.000000,0.000000,6.000000,12.000000,2.000000,4.000000,0.000000,7.000000,15.000000,2.000000,5.000000,8097.000000,2266.000000,4820.000000,695.000000,601.000000,3.000000,
0.041444,0.056921,0.323523,0.001021,0.477917,-207612.228499,3.002993,2195607.000000,1874874.000000,3722527.000000,334752.000000,1282372.000000,1952.000000,539.000000,1146.000000,164.000000,144.000000,453.000000,125.000000,266.000000,38.000000,33.000000,2784.000000,769.000000,1633.000000,233.000000,205.000000,15.000000,8.000000,18.000000,3.000000,5.000000,0.000000,6.000000,12.000000,2.000000,4.000000,0.000000,7.000000,15.000000,2.000000,5.000000,8097.000000,2266.000000,4820.000000,695.000000,601.000000,3.000000,
0.041204,0.370575,0.324821,0.001008,0.591175,-207675.974390,2.987988,2195607.000000,1874874.000000,3722527.000000,334752.000000,1282372.000000,1952.000000,539.000000,1146.000000,164.000000,144.000000,453.000000,125.000000,266.000000,38.000000,33.000000,2784.000000,769.000000,1633.000000,233.000000,205.000000,15.000000,8.000000,18.000000,3.000000,5.000000,0.000000,6.000000,12.000000,2.000000,4.000000,0.000000,7.000000,15.000000,2.000000,5.000000,8097.000000,2266.000000,4820.000000,695.000000,601.000000,3.000000,
0.041204,0.370575,0.324821,0.001008,0.591175,-207675.974390,2.987988,2195607.000000,1874874.000000,3722527.000000,334752.000000,1282372.000000,1952.000000,539.000000,1146.000000,164.000000,144.000000,453.000000,125.000000,266.000000,38.000000,33.000000,2784.000000,769.000000,1633.000000,233.000000,205.000000,15.000000,8.000000,18.000000,3.000000,5.000000,0.000000,6.000000,12.000000,2.000000,4.000000,0.000000,7.000000,15.000000,2.000000,5.000000,8097.000000,2266.000000,4820.000000,695.000000,601.000000,3.000000,
0.041204,0.370575,0.324821,0.001008,0.591175,-207675.974390,2.987988,2195607.000000,1874874.000000,3722527.000000,334752.000000,1282372.000000,1952.000000,539.000000,1146.000000,164.000000,144.000000,453.000000,125.000000,266.000000,38.000000,33.000000,2784.000000,769.000000,1633.000000,233.000000,205.000000,15.000000,8.000000,18.000000,3.000000,5.000000,0.000000,6.000000,12.000000,2.000000,4.000000,0.000000,7.000000,15.000000,2.000000,5.000000,8097.000000,2266.000000,4820.000000,695.000000,601.000000,3.000000,
0.041204,0.370575,0.324821,0.001008,0.591175,-207675.974390,2.987988,2195607.000000,1874874.000000,3722527.000000,334752.000000,1282372.000000,1952.000000,539.000000,1146.000000,164.000000,144.000000,453.000000,125.000000,266.000000,38.000000,33.000000,2784.000000,769.000000,1633.000000,233.000000,205.000000,15.000000,8.000000,18.000000,3.000000,5.000000,0.000000,6.000000,12.000000,2.000000,4.000000,0.000000,7.000000,15.000000,2.000000,5.000000,8097.000000,2266.000000,4820.000000,695.000000,601.000000,3.000000,
0.041204,0.370575,0.324821,0.001008,0.591175,-207675.974390,2.987988,2195607.000000,1874874.000000,3722527.000000,334752.000000,1282372.000000,1952.000000,539.000000,1146.000000,164.000000,144.000000,453.000000,125.000000,266.000000,38.000000,33.000000,2784.000000,769.000000,1633.000000,233.000000,205.000000,15.000000,8.000000,18.000000,3.000000,5.000000,0.000000,6.000000,12.000000,2.000000,4.000000,0.000000,7.000000,15.000000,2.000000,5.000000,8097.000000,2266.000000,4820.000000,695.000000,601.000000,3.000000,
0.041204,0.370575,0.324821,0.001008,0.591175,-207675.974390,2.987988,2195607.000000,1874874.000000,3722527.000000,334752.000000,1282372.000000,1952.000000,539.000000,1146.000000,164.000000,144.000000,453.000000,125.000000,266.000000,38.000000,33.000000,2784.000000,769.000000,1633.000000,233.000000,205.000000,15.000000,8.000000,18.000000,3.000000,5.000000,0.000000,6.000000,12.000000,2.000000,4.000000,0.000000,7.000000,15.000000,2.000000,5.000000,8097.000000,2266.000000,4820.000000,695.000000,601.000000,3.000000,
0.041204,0.370575,0.324821,0.001008,0.591175,-207675.974390,2.987988,2195607.000000,1874874.000000,3722527.000000,334752.000000,1282372.000000,1952.000000,539.000000,1146.000000,164.000000,144.000000,453.000000,125.000000,266.000000,38.000000,33.000000,2784.000000,769.000000,1633.000000,233.000000,205.000000,15.000000,8.000000,18.000000,3.000000,5.000000,0.000000,6.000000,12.000000,2.000000,4.000000,0.000000,7.000000,15.000000,2.000000,5.000000,8097.000000,2266.000000,4820.000000,695.000000,601.000000,3.000000,
0.041204,0.370575,0.324821,0.001008,0.591175,-207675.974390,2.987988,2195607.000000,1874874.000000,3722527.000000,334752.000000,1282372.000000,1952.000000,539.000000,1146.000000,164.000000,144.000000,453.000000,125.000000,266.000000,38.000000,33.000000,2784.000000,769.000000,1633.000000,233.000000,205.000000,15.000000,8.000000,18.000000,3.000000,5.000000,0.000000,6.000000,12.000000,2.000000,4.000000,0.000000,7.000000,15.000000,2.000000,5.000000,8097.000000,2266.000000,4820.000000,695.000000,601.000000,3.000000,
0.041204,0.370575,0.324821,0.001008,0.591175,-207675.974390,2.987988,2195607.000000,1874874.000000,3722527.000000,334752.000000,1282372.000000,1952.000000,539.000000,1146.000000,164.000000,144.000000,453.000000,125.000000,266.000000,38.000000,33.000000,2784.000000,769.000000,1633.000000,233.000000,205.000000,15.000000,8.000000,18.000000,3.000000,5.000000,0.000000,6.000000,12.000000,2.000000,4.000000,0.000000,7.000000,15.000000,2.000000,5.000000,8097.000000,2266.000000,4820.000000,695.000000,601.000000,3.000000,
0.041204,0.370575,0.324821,0.001008,0.591175,-207675.974390,2.987988,2195607.000000,1874874.000000,3722527.000000,334752.000000,1282372.000000,1952.000000,539.000000,1146.000000,164.000000,144.000000,453.000000,125.000000,266.000000,38.000000,33.000000,2784.000000,769.000000,1633.000000,233.000000,205.000000,15.000000,8.000000,18.000000,3.000000,5.000000,0.000000,6.000000,12.000000,2.000000,4.000000,0.000000,7.000000,15.000000,2.000000,5.000000,8097.000000,2266.000000,4820.000000,695.000000,601.000000,3.000000,
0.041204,0.370575,0.324821,0.001008,0.591175,-207675.974390,2.987988,2195607.000000,1874874.000000,3722527.000000,334752.000000,1282372.000000,1952.000000,539.000000,1146.000000,164.000000,144.000000,453.000000,125.000000,266.000000,38.000000,33.000000,2784.000000,769.000000,1633.000000,233.000000,205.000000,15.000000,8.000000,18.000000,3.000000,5.000000,0.000000,6.000000,12.000000,2.000000,4.000000,0.000000,7.000000,15.000000,2.000000,5.000000,8097.000000,2266.000000,4820.000000,695.000000,601.000000,3.000000,
0.041204,0.370575,0.324821,0.001008,0.591175,-207675.974390,2.987988,2195607.000000,1874874.000000,3722527.000000,334752.000000,1282372.000000,1952.000000,539.000000,1146.000000,164.000000,144.000000,453.000000,125.000000,266.000000,38.000000,33.000000,2784.000000,769.000000,1633.000000,233.000000,205.000000,15.000000,8.000000,18.000000,3.000000,5.000000,0.000000,6.000000,12.000000,2.000000,4.000000,0.000000,7.000000,15.000000,2.000000,5.000000,8097.000000,2266.000000,4820.000000,695.000000,601.000000,3.000000,
0.041204,0.370575,0.324821,0.001008,0.591175,-207675.974390,2.987988,2195607.000000,1874874.000000,3722527.000000,334752.000000,1282372.000000,1952.000000,539.000000,1146.000000,164.000000,144.000000,453.000000,125.000000,266.000000,38.000000,33.000000,2784.000000,769.000000,1633.000000,233.000000,205.000000,15.000000,8.000000,18.000000,3.000000,5.000000,0.000000,6.000000,12.000000,2.000000,4.000000,0.000000,7.000000,15.000000,2.000000,5.000000,8097.000000,2266.000000,4820.000000,695.000000,601.000000,3.000000,
0.041073,0.781473,0.331816,0.001023,0.617538,-208023.662408,2.991466,2195607.000000,1874874.000000,3722527.000000,334752.000000,1282372.000000,1952.000000,539.000000,1146.000000,164.000000,144.000000,453.000000,125.000000,266.000000,38.000000,33.000000,2784.000000,769.000000,1633.000000,233.000000,205.000000,15.000000,8.000000,18.000000,3.000000,5.000000,0.000000,6.000000,12.000000,2.000000,4.000000,0.000000,7.000000,15.000000,2.000000,5.000000,8097.000000,2266.000000,4820.000000,695.000000,601.000000,3.000000,
0.041073,0.781473,0.331816,0.001023,0.617538,-208023.662408,2.991466,2195607.000000,1874874.000000,3722527.000000,334752.000000,1282372.000000,1952.000000,539.000000,1146.000000,164.000000,144.000000,453.000000,125.000000,266.000000,38.000000,33.000000,2784.000000,769.000000,1633.000000,233.000000,205.000000,15.000000,8.000000,18.000000,3.000000,5.000000,0.000000,6.000000,12.000000,2.000000,4.000000,0.000000,7.000000,15.000000,2.000000,5.000000,8097.000000,2266.000000,4820.000000,695.000000,601.000000,3.000000,
0.041073,0.781473,0.331816,0.001023,0.617538,-208023.662408,2.991466,2195607.000000,1874874.000000,3722527.000000,334752.000000,1282372.000000,1952.000000,539.000000,1146.000000,164.000000,144.000000,453.000000,125.000000,266.000000,38.000000,33.000000,2784.000000,769.000000,1633.000000,233.000000,205.000000,15.000000,8.000000,18.000000,3.000000,5.000000,0.000000,6.000000,12.000000,2.000000,4.000000,0.000000,7.000000,15.000000,2.000000,5.000000,8097.000000,2266.000000,4820.000000,695.000000,601.000000,3.000000,
0.041073,0.781473,0.331816,0.001023,0.617538,-208023.662408,2.991466,2195607.000000,1874874.000000,3722527.000000,334752.000000,1282372.000000,1952.000000,539.000000,1146.000000,164.000000,144.000000,453.000000,125.000000,266.000000,38.000000,33.000000,2784.000000,769.000000,1633.000000,233.000000,205.000000,15.000000,8.000000,18.000000,3.000000,5.000000,0.000000,6.000000,12.000000,2.000000,4.000000,0.000000,7.000000,15.000000,2.000000,5.000000,8097.000000,2266.000000,4820.000000,695.000000,601.000000,3.000000,
0.041073,0.781473,0.331816,0.001023,0.617538,-208023.662408,2.991466,2195607.000000,1874874.000000,3722527.000000,334752.000000,1282372.000000,1952.000000,539.000000,1146.000000,164.000000,144.000000,453.000000,125.000000,266.000000,38.000000,33.000000,2784.000000,769.000000,1633.000000,233.000000,205.000000,15.000000,8.000000,18.000000,3.000000,5.000000,0.000000,6.000000,12.000000,2.000000,4.000000,0.000000,7.000000,15.000000,2.000000,5.000000,8097.000000,2266.000000,4820.000000,695.000000,601.000000,3.000000,
0.041073,0.781473,0.331816,0.001023,0.617538,-208023.662408,2.991466,2195607.000000,1874874.000000,3722527.000000,334752.000000,1282372.000000,1952.000000,539.000000,1146.000000,164.000000,144.000000,453.000000,125.000000,266.000000,38.000000,33.000000,2784.000000,769.000000,1633.000000,233.000000,205.000000,15.000000,8.000000,18.000000,3.000000,5.000000,0.000000,6.000000,12.000000,2.000000,4.000000,0.000000,7.000000,15.000000,2.000000,5.000000,8097.000000,2266.000000,4820.000000,695.000000,601.000000,3.000000,
0.041073,0.781473,0.331816,0.001023,0.617538,-208023.662408,2.991466,2195607.000000,1874874.000000,3722527.000000,334752.000000,1282372.000000,1952.000000,539.000000,1146.000000,164.000000,144.000000,453.000000,125.000000,266.000000,38.000000,33.000000,2784.000000,769.000000,1633.000000,233.000000,205.000000,15.000000,8.000000,18.000000,3.000000,5.000000,0.000000,6.000000,12.000000,2.000000,4.000000,0.000000,7.000000,15.000000,2.000000,5.000000,8097.000000,2266.000000,4820.000000,695.000000,601.000000,3.000000,
0.041317,0.680299,0.318549,0.001121,0.726237,-207366.852157,2.984524,2195607.000000,1874874.000000,3722527.000000,334752.000000,1282372.000000,1952.000000,539.000000,1146.000000,164.000000,144.000000,453.000000,125.000000,266.000000,38.000000,33.000000,2784.000000,769.000000,1633.000000,233.000000,205.000000,15.000000,8.000000,18.000000,3.000000,5.000000,0.000000,6.000000,12.000000,2.000000,4.000000,0.000000,7.000000,15.000000,2.000000,5.000000,8097.000000,2266.000000,4820.000000,695.000000,601.000000,3.000000,
0.041317,0.680299,0.318549,0.001121,0.726237,-207366.852157,2.984524,2195607.000000,1874874.000000,3722527.000000,334752.000000,1282372.000000,1952.000000,539.000000,1146.000000,164.000000,144.000000,453.000000,125.000000,266.000000,38.000000,33.000000,2784.000000,769.000000,1633.000000,233.000000,205.000000,15.000000,8.000000,18.000000,3.000000,5.000000,0.000000,6.000000,12.000000,2.000000,4.000000,0.000000,7.000000,15.000000,2.000000,5.000000,8097.000000,2266.000000,4820.000000,695.000000,601.000000,3.000000,
0.041317,0.680299,0.318549,0.001121,0.726237,-207366.852157,2.984524,2195607.000000,1874874.000000,3722527.000000,334752.000000,1282372.000000,1952.000000,539.000000,1146.000000,164.000000,144.000000,453.000000,125.000000,266.000000,38.000000,33.000000,2784.000000,769.000000,1633.000000,233.000000,205.000000,15.000000,8.000000,18.000000,3.000000,5.000000,0.000000,6.000000,12.000000,2.000000,4.000000,0.000000,7.000000,15.000000,2.000000,5.000000,8097.000000,2266.000000,4820.000000,695.000000,601.000000,3.000000,
0.041317,0.680299,0.318549,0.001121,0.726237,-207366.852157,2.984524,2195607.000000,1874874.000000,3722527.000000,334752.000000,1282372.000000,1952.000000,539.000000,1146.000000,164.000000,144.000000,453.000000,125.000000,266.000000,38.000000,33.000000,2784.000000,769.000000,1633.000000,233.000000,205.000000,15.000000,8.000000,18.000000,3.000000,5.000000,0.000000,6.000000,12.000000,2.000000,4.000000,0.000000,7.000000,15.000000,2.000000,5.000000,8097.000000,2266.000000,4820.000000,695.000000,601.000000,3.000000,
0.041317,0.680299,0.318549,0.001121,0.726237,-207366.852157,2.984524,2195607.000000,1874874.000000,3722527.000000,334752.000000,1282372.000000,1952.000000,539.000000,1146.000000,164.000000,144.000000,453.000000,125.000000,266.000000,38.000000,33.000000,2784.000000,769.000000,1633.000000,233.000000,205.000000,15.000000,8.000000,18.000000,3.000000,5.000000,0.000000,6.000000,12.000000,2.000000,4.000000,0.000000,7.000000,15.000000,2.000000,5.000000,8097.000000,2266.000000,4820.000000,695.000000,601.000000,3.000000,
0.041317,0.680299,0.318549,0.001121,0.726237,-207366.852157,2.984524,2195607.000000,1874874.000000,3722527.000000,334752.000000,1282372.000000,1952.000000,539.000000,1146.000000,164.000000,144.000000,453.000000,125.000000,266.000000,38.000000,33.000000,2784.000000,769.000000,1633.000000,233.000000,205.000000,15.000000,8.000000,18.000000,3.000000,5.000000,0.000000,6.000000,12.000000,2.000000,4.000000,0.000000,7.000000,15.000000,2.000000,5.000000,8097.000000,2266.000000,4820.000000,695.000000,601.000000,3.000000,
0.041317,0.680299,0.318549,0.001121,0.726237,-207366.852157,2.984524,2195607.000000,1874874.000000,3722527.000000,334752.000000,1282372.000000,1952.000000,539.000000,1146.000000,164.000000,144.000000,453.000000,125.000000,266.000000,38.000000,33.000000,2784.000000,769.000000,1633.000000,233.000000,205.000000,15.000000,8.000000,18.000000,3.000000,5.000000,0.000000,6.000000,12.000000,2.000000,4.000000,0.000000,7.000000,15.000000,2.000000,5.000000,8097.000000,2266.000000,4820.000000,695.000000,601.000000,3.000000,
0.041317,0.680299,0.318549,0.001121,0.726237,-207366.852157,2.984524,2195607.000000,1874874.000000,3722527.000000,334752.000000,1282372.000000,1952.000000,539.000000,1146.000000,164.000000,144.000000,453.000000,125.000000,266.000000,38.000000,33.000000,2784.000000,769.000000,1633.000000,233.000000,205.000000,15.000000,8.000000,18.000000,3.000000,5.000000,0.000000,6.000000,12.000000,2.000000,4.000000,0.000000,7.000000,15.000000,2.000000,5.000000,8097.000000,2266.000000,4820.000000,695.000000,601.000000,3.000000,
0.041291,0.462956,0.320240,0.001167,0.620090,-207449.969647,2.985736,2195607.000000,1874874.000000,3722527.000000,334752.000000,1282372.000000,1952.000000,539.000000,1146.000000,164.000000,144.000000,453.000000,125.000000,266.000000,38.000000,33.000000,2784.000000,769.000000,1633.000000,233.000000,205.000000,15.000000,8.000000,18.000000,3.000000,5.000000,0.000000,6.000000,12.000000,2.000000,4.000000,0.000000,7.000000,15.000000,2.000000,5.000000,8097.000000,2266.000000,4820.000000,695.000000,601.000000,3.000000,
0.041291,0.462956,0.320240,0.001167,0.620090,-207449.969647,2.985736,2195607.000000,1874874.000000,3722527.000000,334752.000000,1282372.000000,1952.000000,539.000000,1146.000000,164.000000,144.000000,453.000000,125.000000,266.000000,38.000000,33.000000,2784.000000,769.000000,1633.000000,233.000000,205.000000,15.000000,8.000000,18.000000,3.000000,5.000000,0.000000,6.000000,12.000000,2.000000,4.000000,0.000000,7.000000,15.000000,2.000000,5.000000,8097.000000,2266.000000,4820.000000,695.000000,601.000000,3.000000,
0.041291,0.462956,0.320240,0.001167,0.620090,-207449.969647,2.985736,2195607.000000,1874874.000000,3722527.000000,334752.000000,1282372.000000,1952.000000,539.000000,1146.000000,164.000000,144.000000,453.000000,125.000000,266.000000,38.000000,33.000000,2784.000000,769.000000,1633.000000,233.000000,205.000000,15.000000,8.000000,18.000000,3.000000,5.000000,0.000000,6.000000,12.000000,2.000000,4.000000,0.000000,7.000000,15.000000,2.000000,5.000000,8097.000000,2266.000000,4820.000000,695.000000,601.000000,3.000000,
0.041367,0.442589,0.314255,0.001217,0.673715,-207156.609947,2.980067,2195607.000000,1874874.000000,3722527.000000,334752.000000,1282372.000000,1952.000000,539.000000,1146.000000,164.000000,144.000000,453.000000,125.000000,266.000000,38.000000,33.000000,2784.000000,769.000000,1633.000000,233.000000,205.000000,15.000000,8.000000,18.000000,3.000000,5.000000,0.000000,6.000000,12.000000,2.000000,4.000000,0.000000,7.000000,15.000000,2.000000,5.000000,8097.000000,2266.000000,4820.000000,695.000000,601.000000,3.000000,
0.041367,0.442589,0.314255,0.001217,0.673715,-207156.609947,2.980067,2195607.000000,1874874.000000,3722527.000000,334752.000000,1282372.000000,1952.000000,539.000000,1146.000000,164.000000,144.000000,453.000000,125.000000,266.000000,38.000000,33.000000,2784.000000,769.000000,1633.000000,233.000000,205.000000,15.000000,8.000000,18.000000,3.000000,5.000000,0.000000,6.000000,12.000000,2.000000,4.000000,0.000000,7.000000,15.000000,2.000000,5.000000,8097.000000,2266.000000,4820.000000,695.000000,601.000000,3.000000,
0.041367,0.442589,0.314255,0.001217,0.673715,-207156.609947,2.980067,2195607.000000,1874874.000000,3722527.000000,334752.000000,1282372.000000,1952.000000,539.000000,1146.000000,164.000000,144.000000,453.000000,125.000000,266.000000,38.000000,33.000000,2784.000000,769.000000,1633.000000,233.000000,205.000000,15.000000,8.000000,18.000000,3.000000,5.000000,0.000000,6.000000,12.000000,2.000000,4.000000,0.000000,7.000000,15.000000,2.000000,5.000000,8097.000000,2266.000000,4820.000000,695.000000,601.000000,3.000000,
0.041367,0.442589,0.314255,0.001217,0.673715,-207156.609947,2.980067,2195607.000000,1874874.000000,3722527.000000,334752.000000,1282372.000000,1952.000000,539.000000,1146.000000,164.000000,144.000000,453.000000,125.000000,266.000000,38.000000,33.000000,2784.000000,769.000000,1633.000000,233.000000,205.000000,15.000000,8.000000,18.000000,3.000000,5.000000,0.000000,6.000000,12.000000,2.000000,4.000000,0.000000,7.000000,15.000000,2.000000,5.000000,8097.000000,2266.000000,4820.000000,695.000000,601.000000,3.000000,
0.041367,0.442589,0.314255,0.001217,0.673715,-207156.609947,2.980067,2195607.000000,1874874.000000,3722527.000000,334752.000000,1282372.000000,1952.000000,539.000000,1146.000000,164.000000,144.000000,453.000000,125.000000,266.000000,38.000000,33.000000,2784.000000,769.000000,1633.000000,233.000000,205.000000,15.000000,8.000000,18.000000,3.000000,5.000000,0.000000,6.000000,12.000000,2.000000,4.000000,0.000000,7.000000,15.000000,2.000000,5.000000,8097.000000,2266.000000,4820.000000,695.000000,601.000000,3.000000,
0.041557,0.637463,0.305801,0.001367,0.726403,-206746.171198,2.977899,2195607.000000,1874874.000000,3722527.000000,334752.000000,1282372.000000,1952.000000,539.000000,1146.000000,164.000000,144.000000,453.000000,125.000000,266.000000,38.000000,33.000000,2784.000000,769.000000,1633.000000,233.000000,205.000000,15.000000,8.000000,18.000000,3.000000,5.000000,0.000000,6.000000,12.000000,2.000000,4.000000,0.000000,7.000000,15.000000,2.000000,5.000000,8097.000000,2266.000000,4820.000000,695.000000,601.000000,3.000000,
0.041557,0.637463,0.305801,0.001367,0.726403,-206746.171198,2.977899,2195607.000000,1874874.000000,3722527.000000,334752.000000,1282372.000000,1952.000000,539.000000,1146.000000,164.000000,144.000000,453.000000,125.000000,266.000000,38.000000,33.000000,2784.000000,769.000000,1633.000000,233.000000,205.000000,15.000000,8.000000,18.000000,3.000000,5.000000,0.000000,6.000000,12.000000,2.000000,4.000000,0.000000,7.000000,15.000000,2.000000,5.000000,8097.000000,2266.000000,4820.000000,695.000000,601.000000,3.000000,
0.041557,0.637463,0.305801,0.001367,0.726403,-206746.171198,2.977899,2195607.000000,1874874.000000,3722527.000000,334752.000000,1282372.000000,1952.000000,539.000000,1146.000000,164.000000,144.000000,453.000000,125.000000,266.000000,38.000000,33.000000,2784.000000,769.000000,1633.000000,233.000000,205.000000,15.000000,8.000000,18.000000,3.000000,5.000000,0.000000,6.000000,12.000000,2.000000,4.000000,0.000000,7.000000,15.000000,2.000000,5.000000,8097.000000,2266.000000,4820.000000,695.000000,601.000000,3.000000,
0.041557,0.637463,0.305801,0.001367,0.726403,-206746.171198,2.977899,2195607.000000,1874874.000000,3722527.000000,334752.000000,1282372.000000,1952.000000,539.000000,1146.000000,164.000000,144.000000,453.000000,125.000000,266.000000,38.000000,33.000000,2784.000000,769.000000,1633.000000,233.000000,205.000000,15.000000,8.000000,18.000000,3.000000,5.000000,0.000000,6.000000,12.000000,2.000000,4.000000,0.000000,7.000000,15.000000,2.000000,5.000000,8097.000000,2266.000000,4820.000000,695.000000,601.000000,3.000000,
0.041557,0.637463,0.305801,0.001367,0.726403,-206746.171198,2.977899,2195607.000000,1874874.000000,3722527.000000,334752.000000,1282372.000000,1952.000000,539.000000,1146.000000,164.000000,144.000000,453.000000,125.000000,266.000000,38.000000,33.000000,2784.000000,769.000000,1633.000000,233.000000,205.000000,15.000000,8.000000,18.000000,3.000000,5.000000,0.000000,6.000000,12.000000,2.000000,4.000000,0.000000,7.000000,15.000000,2.000000,5.000000,8097.000000,2266.000000,4820.000000,695.000000,601.000000,3.000000,
0.041557,0.637463,0.305801,0.001367,0.726403,-206746.171198,2.977899,2195607.000000,1874874.000000,3722527.000000,334752.000000,1282372.000000,1952.000000,539.000000,1146.000000,164.000000,144.000000,453.000000,125.000000,266.000000,38.000000,33.000000,2784.000000,769.000000,1633.000000,233.000000,205.000000,15.000000,8.000000,18.000000,3.000000,5.000000,0.000000,6.000000,12.000000,2.000000,4.000000,0.000000,7.000000,15.000000,2.000000,5.000000,8097.000000,2266.000000,4820.000000,695.000000,601.000000,3.000000,
0.041557,0.637463,0.305801,0.001367,0.726403,-206746.171198,2.977899,2195607.000000,1874874.000000,3722527.000000,334752.000000,1282372.000000,1952.000000,539.000000,1146.000000,164.000000,144.000000,453.000000,125.000000,266.000000,38.000000,33.000000,2784.000000,769.000000,1633.000000,233.000000,205.000000,15.000000,8.000000,18.000000,3.000000,5.000000,0.000000,6.000000,12.000000,2.000000,4.000000,0.000000,7.000000,15.000000,2.000000,5.000000,8097.000000,2266.000000,4820.000000,695.000000,601.000000,3.000000,
0.041557,0.637463,0.305801,0.001367,0.726403,-206746.171198,2.977899,2195607.000000,1874874.000000,3722527.000000,334752.000000,1282372.000000,1952.000000,539.000000,1146.000000,164.000000,144.000000,453.000000,125.000000,266.000000,38.000000,33.000000,2784.000000,769.000000,1633.000000,233.000000,205.000000,15.000000,8.000000,18.000000,3.000000,5.000000,0.000000,6.000000,12.000000,2.000000,4.000000,0.000000,7.000000,15.000000,2.000000,5.000000,8097.000000,2266.000000,4820.000000,695.000000,601.000000,3.000000,
0.041557,0.637463,0.305801,0.001367,0.726403,-206746.171198,2.977899,2195607.000000,1874874.000000,3722527.000000,334752.000000,1282372.000000,1952.000000,539.000000,1146.000000,164.000000,144.000000,453.000000,125.000000,266.000000,38.000000,33.000000,2784.000000,769.000000,1633.000000,233.000000,205.000000,15.000000,8.000000,18.000000,3.000000,5.000000,0.000000,6.000000,12.000000,2.000000,4.000000,0.000000,7.000000,15.000000,2.000000,5.000000,8097.000000,2266.000000,4820.000000,695.000000,601.000000,3.000000,
0.041557,0.637463,0.305801,0.001367,0.726403,-206746.171198,2.977899,2195607.000000,1874874.000000,3722527.000000,334752.000000,1282372.000000,1952.000000,539.000000,1146.000000,164.000000,144.000000,453.000000,125.000000,266.000000,38.000000,33.000000,2784.000000,769.000000,1633.000000,233.000000,205.000000,15.000000,8.000000,18.000000,3.000000,5.000000,0.000000,6.000000,12.000000,2.000000,4.000000,0.000000,7.000000,15.000000,2.000000,5.000000,8097.000000,2266.000000,4820.000000,695.000000,601.000000,3.000000,
0.041557,0.637463,0.305801,0.001367,0.726403,-206746.171198,2.977899,2195607.000000,1874874.000000,3722527.000000,334752.000000,1282372.000000,1952.000000,539.000000,1146.000000,164.000000,144.000000,453.000000,125.000000,266.000000,38.000000,33.000000,2784.000000,769.000000,1633.000000,233.000000,205.000000,15.000000,8.000000,18.000000,3.000000,5.000000,0.000000,6.000000,12.000000,2.000000,4.000000,0.000000,7.000000,15.000000,2.000000,5.000000,8097.000000,2266.000000,4820.000000,695.000000,601.000000,3.000000,
0.041557,0.637463,0.305801,0.001367,0.726403,-206746.171198,2.977899,2195607.000000,1874874.000000,3722527.000000,334752.000000,1282372.000000,1952.000000,539.000000,1146.000000,164.000000,144.000000,453.000000,125.000000,266.000000,38.000000,33.000000,2784.000000,769.000000,1633.000000,233.000000,205.000000,15.000000,8.000000,18.000000,3.000000,5.000000,0.000000,6.000000,12.000000,2.000000,4.000000,0.000000,7.000000,15.000000,2.000000,5.000000,8097.000000,2266.000000,4820.000000,695.000000,601.000000,3.000000,
0.041557,0.637463,0.305801,0.001367,0.726403,-206746.171198,2.977899,2195607.000000,1874874.000000,3722527.000000,334752.000000,1282372.000000,1952.000000,539.000000,1146.000000,164.000000,144.000000,453.000000,125.000000,266.000000,38.000000,33.000000,2784.000000,769.000000,1633.000000,233.000000,205.000000,15.000000,8.000000,18.000000,3.000000,5.000000,0.000000,6.000000,12.000000,2.000000,4.000000,0.000000,7.000000,15.000000,2.000000,5.000000,8097.000000,2266.000000,4820.000000,695.000000,601.000000,3.000000,
0.041557,0.637463,0.305801,0.001367,0.726403,-206746.171198,2.977899,2195607.000000,1874874.000000,3722527.000000,334752.000000,1282372.000000,1952.000000,539.000000,1146.000000,164.000000,144.000000,453.000000,125.000000,266.000000,38.000000,33.000000,2784.000000,769.000000,1633.000000,233.000000,205.000000,15.000000,8.000000,18.000000,3.000000,5.000000,0.000000,6.000000,12.000000,2.000000,4.000000,0.000000,7.000000,15.000000,2.000000,5.000000,8097.000000,2266.000000,4820.000000,695.000000,601.000000,3.000000,
0.041437,0.414576,0.307644,0.001226,0.757343,-206835.140490,2.972753,2195607.000000,1874874.000000,3722527.000000,334752.000000,1282372.000000,1952.000000,539.000000,1146.000000,164.000000,144.000000,453.000000,125.000000,266.000000,38.000000,33.000000,2784.000000,769.000000,1633.000000,233.000000,205.000000,15.000000,8.000000,18.000000,3.000000,5.000000,0.000000,6.000000,12.000000,2.000000,4.000000,0.000000,7.000000,15.000000,2.000000,5.000000,8097.000000,2266.000000,4820.000000,695.000000,601.000000,3.000000,
0.041437,0.414576,0.307644,0.001226,0.757343,-206835.140490,2.972753,2195607.000000,1874874.000000,3722527.000000,334752.000000,1282372.000000,1952.000000,539.000000,1146.000000,164.000000,144.000000,453.000000,125.000000,266.000000,38.000000,33.000000,2784.000000,769.000000,1633.000000,233.000000,205.000000,15.000000,8.000000,18.000000,3.000000,5.000000,0.000000,6.000000,12.000000,2.000000,4.000000,0.000000,7.000000,15.000000,2.000000,5.000000,8097.000000,2266.000000,4820.000000,695.000000,601.000000,3.000000,
0.041437,0.414576,0.307644,0.001226,0.757343,-206835.140490,2.972753,2195607.000000,1874874.000000,3722527.000000,334752.000000,1282372.000000,1952.000000,539.000000,1146.000000,164.000000,144.000000,453.000000,125.000000,266.000000,38.000000,33.000000,2784.000000,769.000000,1633.000000,233.000000,205.000000,15.000000,8.000000,18.000000,3.000000,5.000000,0.000000,6.000000,12.000000,2.000000,4.000000,0.000000,7.000000,15.000000,2.000000,5.000000,8097.000000,2266.000000,4820.000000,695.000000,601.000000,3.000000,
0.041437,0.414576,0.307644,0.001226,0.757343,-206835.140490,2.972753,2195607.000000,1874874.000000,3722527.000000,334752.000000,1282372.000000,1952.000000,539.000000,1146.000000,164.000000,144.000000,453.000000,125.000000,266.000000,38.000000,33.000000,2784.000000,769.000000,1633.000000,233.000000,205.000000,15.000000,8.000000,18.000000,3.000000,5.000000,0.000000,6.000000,12.000000,2.000000,4.000000,0.000000,7.000000,15.000000,2.000000,5.000000,8097.000000,2266.000000,4820.000000,695.000000,601.000000,3.000000,
0.041437,0.414576,0.307644,0.001226,0.757343,-206835.140490,2.972753,2195607.000000,1874874.000000,3722527.000000,334752.000000,1282372.000000,1952.000000,539.000000,1146.000000,164.000000,144.000000,453.000000,125.000000,266.000000,38.000000,33.000000,2784.000000,769.000000,1633.000000,233.000000,205.000000,15.000000,8.000000,18.000000,3.000000,5.000000,0.000000,6.000000,12.000000,2.000000,4.000000,0.000000,7.000000,15.000000,2.000000,5.000000,8097.000000,2266.000000,4820.000000,695.000000,601.000000,3.000000,
0.041437,0.414576,0.307644,0.001226,0.757343,-206835.140490,2.972753,2195607.000000,1874874.000000,3722527.000000,334752.000000,1282372.000000,1952.000000,539.000000,1146.000000,164.000000,144.000000,453.000000,125.000000,266.000000,38.000000,33.000000,2784.000000,769.000000,1633.000000,233.000000,205.000000,15.000000,8.000000,18.000000,3.000000,5.000000,0.000000,6.000000,12.000000,2.000000,4.000000,0.000000,7.000000,15.000000,2.000000,5.000000,8097.000000,2266.000000,4820.000000,695.000000,601.000000,3.000000,
0.041437,0.414576,0.307644,0.001226,0.757343,-206835.140490,2.972753,2195607.000000,1874874.000000,3722527.000000,334752.000000,1282372.000000,1952.000000,539.000000,1146.000000,164.000000,144.000000,453.000000,125.000000,266.000000,38.000000,33.000000,2784.000000,769.000000,1633.000000,233.000000,205.000000,15.000000,8.000000,18.000000,3.000000,5.000000,0.000000,6.000000,12.000000,2.000000,4.000000,0.000000,7.000000,15.000000,2.000000,5.000000,8097.000000,2266.000000,4820.000000,695.000000,601.000000,3.000000,
0.041437,0.414576,0.307644,0.001226,0.757343,-206835.140490,2.972753,2195607.000000,1874874.000000,3722527.000000,334752.000000,1282372.000000,1952.000000,539.000000,1146.000000,164.000000,144.000000,453.000000,125.000000,266.000000,38.000000,33.000000,2784.000000,769.000000,1633.000000,233.000000,205.000000,15.000000,8.000000,18.000000,3.000000,5.000000,0.000000,6.000000,12.000000,2.000000,4.000000,0.000000,7.000000,15.000000,2.000000,5.000000,8097.000000,2266.000000,4820.000000,695.000000,601.000000,3.000000,
0.041437,0.414576,0.307644,0.001226,0.757343,-206835.140490,2.972753,2195607.000000,1874874.000000,3722527.000000,334752.000000,1282372.000000,1952.000000,539.000000,1146.000000,164.000000,144.000000,453.000000,125.000000,266.000000,38.000000,33.000000,2784.000000,769.000000,1633.000000,233.000000,205.000000,15.000000,8.000000,18.000000,3.000000,5.000000,0.000000,6.000000,12.000000,2.000000,4.000000,0.000000,7.000000,15.000000,2.000000,5.000000,8097.000000,2266.000000,4820.000000,695.000000,601.000000,3.000000,
0.041437,0.414576,0.307644,0.001226,0.757343,-206835.140490,2.972753,2195607.000000,1874874.000000,3722527.000000,334752.000000,1282372.000000,1952.000000,539.000000,1146.000000,164.000000,144.000000,453.000000,125.000000,266.000000,38.000000,33.000000,2784.000000,769.000000,1633.000000,233.000000,205.000000,15.000000,8.000000,18.000000,3.000000,5.000000,0.000000,6.000000,12.000000,2.000000,4.000000,0.000000,7.000000,15.000000,2.000000,5.000000,8097.000000,2266.000000,4820.000000,695.000000,601.000000,3.000000,
0.041437,0.414576,0.307644,0.001226,0.757343,-206835.140490,2.972753,2195607.000000,1874874.000000,3722527.000000,334752.000000,1282372.000000,1952.000000,539.000000,1146.000000,164.000000,144.000000,453.000000,125.000000,266.000000,38.000000,33.000000,2784.000000,769.000000,1633.000000,233.000000,205.000000,15.000000,8.000000,18.000000,3.000000,5.000000,0.000000,6.000000,12.000000,2.000000,4.000000,0.000000,7.000000,15.000000,2.000000,5.000000,8097.000000,2266.000000,4820.000000,695.000000,601.000000,3.000000,
0.041437,0.414576,0.307644,0.001226,0.757343,-206835.140490,2.972753,2195607.000000,1874874.000000,3722527.000000,334752.000000,1282372.000000,1952.000000,539.000000,1146.000000,164.000000,144.000000,453.000000,125.000000,266.000000,38.000000,33.000000,2784.000000,769.000000,1633.000000,233.000000,205.000000,15.000000,8.000000,18.000000,3.000000,5.000000,0.000000,6.000000,12.000000,2.000000,4.000000,0.000000,7.000000,15.000000,2.000000,5.000000,8097.000000,2266.000000,4820.000000,695.000000,601.000000,3.000000,
0.041437,0.414576,0.307644,0.001226,0.757343,-206835.140490,2.972753,2195607.000000,1874874.000000,3722527.000000,334752.000000,1282372.000000,1952.000000,539.000000,1146.000000,164.000000,144.000000,453.000000,125.000000,266.000000,38.000000,33.000000,2784.000000,769.000000,1633.000000,233.000000,205.000000,15.000000,8.000000,18.000000,3.000000,5.000000,0.000000,6.000000,12.000000,2.000000,4.000000,0.000000,7.000000,15.000000,2.000000,5.000000,8097.000000,2266.000000,4820.000000,695.000000,601.000000,3.000000,
0.041437,0.414576,0.307644,0.001226,0.757343,-206835.140490,2.972753,2195607.000000,1874874.000000,3722527.000000,334752.000000,1282372.000000,1952.000000,539.000000,1146.000000,164.000000,144.000000,453.000000,125.000000,266.000000,38.000000,33.000000,2784.000000,769.000000,1633.000000,233.000000,205.000000,15.000000,8.000000,18.000000,3.000000,5.000000,0.000000,6.000000,12.000000,2.000000,4.000000,0.000000,7.000000,15.000000,2.000000,5.000000,8097.000000,2266.000000,4820.000000,695.000000,601.000000,3.000000,
0.041437,0.414576,0.307644,0.001226,0.757343,-206835.140490,2.972753,2195607.000000,1874874.000000,3722527.000000,334752.000000,1282372.000000,1952.000000,539.000000,1146.000000,164.000000,144.000000,453.000000,125.000000,266.000000,38.000000,33.000000,2784.000000,769.000000,1633.000000,233.000000,205.000000,15.000000,8.000000,18.000000,3.000000,5.000000,0.000000,6.000000,12.000000,2.000000,4.000000,0.000000,7.000000,15.000000,2.000000,5.000000,8097.000000,2266.000000,4820.000000,695.000000,601.000000,3.000000,
0.041437,0.414576,0.307644,0.001226,0.757343,-206835.140490,2.972753,2195607.000000,1874874.000000,3722527.000000,334752.000000,1282372.000000,1952.000000,539.000000,1146.000000,164.000000,144.000000,453.000000,125.000000,266.000000,38.000000,33.000000,2784.000000,769.000000,1633.000000,233.000000,205.000000,15.000000,8.000000,18.000000,3.000000,5.000000,0.000000,6.000000,12.000000,2.000000,4.000000,0.000000,7.000000,15.000000,2.000000,5.000000,8097.000000,2266.000000,4820.000000,695.000000,601.000000,3.000000,
0.041437,0.414576,0.307644,0.001226,0.757343,-206835.140490,2.972753,2195607.000000,1874874.000000,3722527.000000,334752.000000,1282372.000000,1952.000000,539.000000,1146.000000,164.000000,144.000000,453.000000,125.000000,266.000000,38.000000,33.000000,2784.000000,769.000000,1633.000000,233.000000,205.000000,15.000000,8.000000,18.000000,3.000000,5.000000,0.000000,6.000000,12.000000,2.000000,4.000000,0.000000,7.000000,15.000000,2.000000,5.000000,8097.000000,2266.000000,4820.000000,695.000000,601.000000,3.000000,
0.041437,0.414576,0.307644,0.001226,0.757343,-206835.140490,2.972753,2195607.000000,1874874.000000,3722527.000000,334752.000000,1282372.000000,1952.000000,539.000000,1146.000000,164.000000,144.000000,453.000000,125.000000,266.000000,38.000000,33.000000,2784.000000,769.000000,1633.000000,233.000000,205.000000,15.000000,8.000000,18.000000,3.000000,5.000000,0.000000,6.000000,12.000000,2.000000,4.000000,0.000000,7.000000,15.000000,2.000000,5.000000,8097.000000,2266.000000,4820.000000,695.000000,601.000000,3.000000,
0.041437,0.414576,0.307644,0.001226,0.757343,-206835.140490,2.972753,2195607.000000,1874874.000000,3722527.000000,334752.000000,1282372.000000,1952.000000,539.000000,1146.000000,164.000000,144.000000,453.000000,125.000000,266.000000,38.000000,33.000000,2784.000000,769.000000,1633.000000,233.000000,205.000000,15.000000,8.000000,18.000000,3.000000,5.000000,0.000000,6.000000,12.000000,2.000000,4.000000,0.000000,7.000000,15.000000,2.000000,5.000000,8097.000000,2266.000000,4820.000000,695.000000,601.000000,3.000000,
0.041437,0.414576,0.307644,0.001226,0.757343,-206835.140490,2.972753,2195607.000000,1874874.000000,3722527.000000,334752.000000,1282372.000000,1952.000000,539.000000,1146.000000,164.000000,144.000000,453.000000,125.000000,266.000000,38.000000,33.000000,2784.000000,769.000000,1633.000000,233.000000,205.000000,15.000000,8.000000,18.000000,3.000000,5.000000,0.000000,6.000000,12.000000,2.000000,4.000000,0.000000,7.000000,15.000000,2.000000,5.000000,8097.000000,2266.000000,4820.000000,695.000000,601.000000,3.000000,
0.041437,0.414576,0.307644,0.001226,0.757343,-206835.140490,2.972753,2195607.000000,1874874.000000,3722527.000000,334752.000000,1282372.000000,1952.000000,539.000000,1146.000000,164.000000,144.000000,453.000000,125.000000,266.000000,38.000000,33.000000,2784.000000,769.000000,1633.000000,233.000000,205.000000,15.000000,8.000000,18.000000,3.000000,5.000000,0.000000,6.000000,12.000000,2.000000,4.000000,0.000000,7.000000,15.000000,2.000000,5.000000,8097.000000,2266.000000,4820.000000,695.000000,601.000000,3.000000,
0.041527,0.377773,0.304397,0.001741,0.768898,-206678.343791,2.973114,2195607.000000,1874874.000000,3722527.000000,334752.000000,1282372.000000,1952.000000,539.000000,1146.000000,164.000000,144.000000,453.000000,125.000000,266.000000,38.000000,33.000000,2784.000000,769.000000,1633.000000,233.000000,205.000000,15.000000,8.000000,18.000000,3.000000,5.000000,0.000000,6.000000,12.000000,2.000000,4.000000,0.000000,7.000000,15.000000,2.000000,5.000000,8097.000000,2266.000000,4820.000000,695.000000,601.000000,3.000000,
0.041564,0.017756,0.310940,0.014864,0.663922,-206995.360790,2.988057,2195607.000000,1874874.000000,3722527.000000,334752.000000,1282372.000000,1952.000000,539.000000,1146.000000,164.000000,144.000000,453.000000,125.000000,266.000000,38.000000,33.000000,2784.000000,769.000000,1633.000000,233.000000,205.000000,15.000000,8.000000,18.000000,3.000000,5.000000,0.000000,6.000000,12.000000,2.000000,4.000000,0.000000,7.000000,15.000000,2.000000,5.000000,8097.000000,2266.000000,4820.000000,695.000000,601.000000,3.000000,
0.041564,0.017756,0.310940,0.014864,0.663922,-206995.360790,2.988057,2195607.000000,1874874.000000,3722527.000000,334752.000000,1282372.000000,1952.000000,539.000000,1146.000000,164.000000,144.000000,453.000000,125.000000,266.000000,38.000000,33.000000,2784.000000,769.000000,1633.000000,233.000000,205.000000,15.000000,8.000000,18.000000,3.000000,5.000000,0.000000,6.000000,12.000000,2.000000,4.000000,0.000000,7.000000,15.000000,2.000000,5.000000,8097.000000,2266.000000,4820.000000,695.000000,601.000000,3.000000,
0.041564,0.017756,0.310940,0.014864,0.663922,-206995.360790,2.988057,2195607.000000,1874874.000000,3722527.000000,334752.000000,1282372.000000,1952.000000,539.000000,1146.000000,164.000000,144.000000,453.000000,125.000000,266.000000,38.000000,33.000000,2784.000000,769.000000,1633.000000,233.000000,205.000000,15.000000,8.000000,18.000000,3.000000,5.000000,0.000000,6.000000,12.000000,2.000000,4.000000,0.000000,7.000000,15.000000,2.000000,5.000000,8097.000000,2266.000000,4820.000000,695.000000,601.000000,3.000000,
0.041564,0.017756,0.310940,0.014864,0.663922,-206995.360790,2.988057,2195607.000000,1874874.000000,3722527.000000,334752.000000,1282372.000000,1952.000000,539.000000,1146.000000,164.000000,144.000000,453.000000,125.000000,266.000000,38.000000,33.000000,2784.000000,769.000000,1633.000000,233.000000,205.000000,15.000000,8.000000,18.000000,3.000000,5.000000,0.000000,6.000000,12.000000,2.000000,4.000000,0.000000,7.000000,15.000000,2.000000,5.000000,8097.000000,2266.000000,4820.000000,695.000000,601.000000,3.000000,
0.041564,0.017756,0.310940,0.014864,0.663922,-206995.360790,2.988057,2195607.000000,1874874.000000,3722527.000000,334752.000000,1282372.000000,1952.000000,539.000000,1146.000000,164.000000,144.000000,453.000000,125.000000,266.000000,38.000000,33.000000,2784.000000,769.000000,1633.000000,233.000000,205.000000,15.000000,8.000000,18.000000,3.000000,5.000000,0.000000,6.000000,12.000000,2.000000,4.000000,0.000000,7.000000,15.000000,2.000000,5.000000,8097.000000,2266.000000,4820.000000,695.000000,601.000000,3.000000,
0.041692,0.024009,0.306219,0.026242,0.590229,-206766.622341,2.988385,2195607.000000,1874874.000000,3722527.000000,334752.000000,1282372.000000,1952.000000,539.000000,1146.000000,164.000000,144.000000,453.000000,125.000000,266.000000,38.000000,33.000000,2784.000000,769.000000,1633.000000,233.000000,205.000000,15.000000,8.000000,18.000000,3.000000,5.000000,0.000000,6.000000,12.000000,2.000000,4.000000,0.000000,7.000000,15.000000,2.000000,5.000000,8097.000000,2266.000000,4820.000000,695.000000,601.000000,3.000000,
0.041692,0.024009,0.306219,0.026242,0.590229,-206766.622341,2.988385,2195607.000000,1874874.000000,3722527.000000,334752.000000,1282372.000000,1952.000000,539.000000,1146.000000,164.000000,144.000000,453.000000,125.000000,266.000000,38.000000,33.000000,2784.000000,769.000000,1633.000000,233.000000,205.000000,15.000000,8.000000,18.000000,3.000000,5.000000,0.000000,6.000000,12.000000,2.000000,4.000000,0.000000,7.000000,15.000000,2.000000,5.000000,8097.000000,2266.000000,4820.000000,695.000000,601.000000,3.000000,
0.041692,0.024009,0.306219,0.026242,0.590229,-206766.622341,2.988385,2195607.000000,1874874.000000,3722527.000000,334752.000000,1282372.000000,1952.000000,539.000000,1146.000000,164.000000,144.000000,453.000000,125.000000,266.000000,38.000000,33.000000,2784.000000,769.000000,1633.000000,233.000000,205.000000,15.000000,8.000000,18.000000,3.000000,5.000000,0.000000,6.000000,12.000000,2.000000,4.000000,0.000000,7.000000,15.000000,2.000000,5.000000,8097.000000,2266.000000,4820.000000,695.000000,601.000000,3.000000,
0.041692,0.024009,0.306219,0.026242,0.590229,-206766.622341,2.988385,2195607.000000,1874874.000000,3722527.000000,334752.000000,1282372.000000,1952.000000,539.000000,1146.000000,164.000000,144.000000,453.000000,125.000000,266.000000,38.000000,33.000000,2784.000000,769.000000,1633.000000,233.000000,205.000000,15.000000,8.000000,18.000000,3.000000,5.000000,0.000000,6.000000,12.000000,2.000000,4.000000,0.000000,7.000000,15.000000,2.000000,5.000000,8097.000000,2266.000000,4820.000000,695.000000,601.000000,3.000000,
0.041692,0.024009,0.306219,0.026242,0.590229,-206766.622341,2.988385,2195607.000000,1874874.000000,3722527.000000,334752.000000,1282372.000000,1952.000000,539.000000,1146.000000,164.000000,144.000000,453.000000,125.000000,266.000000,38.000000,33.000000,2784.000000,769.000000,1633.000000,233.000000,205.000000,15.000000,8.000000,18.000000,3.000000,5.000000,0.000000,6.000000,12.000000,2.000000,4.000000,0.000000,7.000000,15.000000,2.000000,5.000000,8097.000000,2266.000000,4820.000000,695.000000,601.000000,3.000000,
0.041692,0.024009,0.306219,0.026242,0.590229,-206766.622341,2.988385,2195607.000000,1874874.000000,3722527.000000,334752.000000,1282372.000000,1952.000000,539.000000,1146.000000,164.000000,144.000000,453.000000,125.000000,266.000000,38.000000,33.000000,2784.000000,769.000000,1633.000000,233.000000,205.000000,15.000000,8.000000,18.000000,3.000000,5.000000,0.000000,6.000000,12.000000,2.000000,4.000000,0.000000,7.000000,15.000000,2.000000,5.000000,8097.000000,2266.000000,4820.000000,695.000000,601.000000,3.000000,
0.041692,0.024009,0.306219,0.026242,0.590229,-206766.622341,2.988385,2195607.000000,1874874.000000,3722527.000000,334752.000000,1282372.000000,1952.000000,539.000000,1146.000000,164.000000,144.000000,453.000000,125.000000,266.000000,38.000000,33.000000,2784.000000,769.000000,1633.000000,233.000000,205.000000,15.000000,8.000000,18.000000,3.000000,5.000000,0.000000,6.000000,12.000000,2.000000,4.000000,0.000000,7.000000,15.000000,2.000000,5.000000,8097.000000,2266.000000,4820.000000,695.000000,601.000000,3.000000,
0.041692,0.024009,0.306219,0.026242,0.590229,-206766.622341,2.988385,2195607.000000,1874874.000000,3722527.000000,334752.000000,1282372.000000,1952.000000,539.000000,1146.000000,164.000000,144.000000,453.000000,125.000000,266.000000,38.000000,33.000000,2784.000000,769.000000,1633.000000,233.000000,205.000000,15.000000,8.000000,18.000000,3.000000,5.000000,0.000000,6.000000,12.000000,2.000000,4.000000,0.000000,7.000000,15.000000,2.000000,5.000000,8097.000000,2266.000000,4820.000000,695.000000,601.000000,3.000000,
0.041692,0.024009,0.306219,0.026242,0.590229,-206766.622341,2.988385,2195607.000000,1874874.000000,3722527.000000,334752.000000,1282372.000000,1952.000000,539.000000,1146.000000,164.000000,144.000000,453.000000,125.000000,266.000000,38.000000,33.000000,2784.000000,769.000000,1633.000000,233.000000,205.000000,15.000000,8.000000,18.000000,3.000000,5.000000,0.000000,6.000000,12.000000,2.000000,4.000000,0.000000,7.000000,15.000000,2.000000,5.000000,8097.000000,2266.000000,4820.000000,695.000000,601.000000,3.000000,
0.041692,0.024009,0.306219,0.026242,0.590229,-206766.622341,2.988385,2195607.000000,1874874.000000,3722527.000000,334752.000000,1282372.000000,1952.000000,539.000000,1146.000000,164.000000,144.000000,453.000000,125.000000,266.000000,38.000000,33.000000,2784.000000,769.000000,1633.000000,233.000000,205.000000,15.000000,8.000000,18.000000,3.000000,5.000000,0.000000,6.000000,12.000000,2.000000,4.000000,0.000000,7.000000,15.000000,2.000000,5.000000,8097.000000,2266.000000,4820.000000,695.000000,601.000000,3.000000,
0.041692,0.024009,0.306219,0.026242,0.590229,-206766.622341,2.988385,2195607.000000,1874874.000000,3722527.000000,334752.000000,1282372.000000,1952.000000,539.000000,1146.000000,164.000000,144.000000,453.000000,125.000000,266.000000,38.000000,33.000000,2784.000000,769.000000,1633.000000,233.000000,205.000000,15.000000,8.000000,18.000000,3.000000,5.000000,0.000000,6.000000,12.000000,2.000000,4.000000,0.000000,7.000000,15.000000,2.000000,5.000000,8097.000000,2266.000000,4820.000000,695.000000,601.000000,3.000000,
0.041692,0.024009,0.306219,0.026242,0.590229,-206766.622341,2.988385,2195607.000000,1874874.000000,3722527.000000,334752.000000,1282372.000000,1952.000000,539.000000,1146.000000,164.000000,144.000000,453.000000,125.000000,266.000000,38.000000,33.000000,2784.000000,769.000000,1633.000000,233.000000,205.000000,15.000000,8.000000,18.000000,3.000000,5.000000,0.000000,6.000000,12.000000,2.000000,4.000000,0.000000,7.000000,15.000000,2.000000,5.000000,8097.000000,2266.000000,4820.000000,695.000000,601.000000,3.000000,
0.041712,0.018741,0.305228,0.012938,0.788325,-206718.792563,2.987974,2195607.000000,1874874.000000,3722527.000000,334752.000000,1282372.000000,1952.000000,539.000000,1146.000000,164.000000,144.000000,453.000000,125.000000,266.000000,38.000000,33.000000,2784.000000,769.000000,1633.000000,233.000000,205.000000,15.000000,8.000000,18.000000,3.000000,5.000000,0.000000,6.000000,12.000000,2.000000,4.000000,0.000000,7.000000,15.000000,2.000000,5.000000,8097.000000,2266.000000,4820.000000,695.000000,601.000000,3.000000,
0.041712,0.018741,0.305228,0.012938,0.788325,-206718.792563,2.987974,2195607.000000,1874874.000000,3722527.000000,334752.000000,1282372.000000,1952.000000,539.000000,1146.000000,164.000000,144.000000,453.000000,125.000000,266.000000,38.000000,33.000000,2784.000000,769.000000,1633.000000,233.000000,205.000000,15.000000,8.000000,18.000000,3.000000,5.000000,0.000000,6.000000,12.000000,2.000000,4.000000,0.000000,7.000000,15.000000,2.000000,5.000000,8097.000000,2266.000000,4820.000000,695.000000,601.000000,3.000000,
0.041712,0.018741,0.305228,0.012938,0.788325,-206718.792563,2.987974,2195607.000000,1874874.000000,3722527.000000,334752.000000,1282372.000000,1952.000000,539.000000,1146.000000,164.000000,144.000000,453.000000,125.000000,266.000000,38.000000,33.000000,2784.000000,769.000000,1633.000000,233.000000,205.000000,15.000000,8.000000,18.000000,3.000000,5.000000,0.000000,6.000000,12.000000,2.000000,4.000000,0.000000,7.000000,15.000000,2.000000,5.000000,8097.000000,2266.000000,4820.000000,695.000000,601.000000,3.000000,
0.041712,0.018741,0.305228,0.012938,0.788325,-206718.792563,2.987974,2195607.000000,1874874.000000,3722527.000000,334752.000000,1282372.000000,1952.000000,539.000000,1146.000000,164.000000,144.000000,453.000000,125.000000,266.000000,38.000000,33.000000,2784.000000,769.000000,1633.000000,233.000000,205.000000,15.000000,8.000000,18.000000,3.000000,5.000000,0.000000,6.000000,12.000000,2.000000,4.000000,0.000000,7.000000,15.000000,2.000000,5.000000,8097.000000,2266.000000,4820.000000,695.000000,601.000000,3.000000,
0.041712,0.018741,0.305228,0.012938,0.788325,-206718.792563,2.987974,2195607.000000,1874874.000000,3722527.000000,334752.000000,1282372.000000,1952.000000,539.000000,1146.000000,164.000000,144.000000,453.000000,125.000000,266.000000,38.000000,33.000000,2784.000000,769.000000,1633.000000,233.000000,205.000000,15.000000,8.000000,18.000000,3.000000,5.000000,0.000000,6.000000,12.000000,2.000000,4.000000,0.000000,7.000000,15.000000,2.000000,5.000000,8097.000000,2266.000000,4820.000000,695.000000,601.000000,3.000000,
0.041712,0.018741,0.305228,0.012938,0.788325,-206718.792563,2.987974,2195607.000000,1874874.000000,3722527.000000,334752.000000,1282372.000000,1952.000000,539.000000,1146.000000,164.000000,144.000000,453.000000,125.000000,266.000000,38.000000,33.000000,2784.000000,769.000000,1633.000000,233.000000,205.000000,15.000000,8.000000,18.000000,3.000000,5.000000,0.000000,6.000000,12.000000,2.000000,4.000000,0.000000,7.000000,15.000000,2.000000,5.000000,8097.000000,2266.000000,4820.000000,695.000000,601.000000,3.000000,
0.041712,0.018741,0.305228,0.012938,0.788325,-206718.792563,2.987974,2195607.000000,1874874.000000,3722527.000000,334752.000000,1282372.000000,1952.000000,539.000000,1146.000000,164.000000,144.000000,453.000000,125.000000,266.000000,38.000000,33.000000,2784.000000,769.000000,1633.000000,233.000000,205.000000,15.000000,8.000000,18.000000,3.000000,5.000000,0.000000,6.000000,12.000000,2.000000,4.000000,0.000000,7.000000,15.000000,2.000000,5.000000,8097.000000,2266.000000,4820.000000,695.000000,601.000000,3.000000,
0.041742,0.042527,0.304718,0.013616,0.623279,-206694.215946,2.989151,2195607.000000,1874874.000000,3722527.000000,334752.000000,1282372.000000,1952.000000,539.000000,1146.000000,164.000000,144.000000,453.000000,125.000000,266.000000,38.000000,33.000000,2784.000000,769.000000,1633.000000,233.000000,205.000000,15.000000,8.000000,18.000000,3.000000,5.000000,0.000000,6.000000,12.000000,2.000000,4.000000,0.000000,7.000000,15.000000,2.000000,5.000000,8097.000000,2266.000000,4820.000000,695.000000,601.000000,3.000000,
0.041742,0.042527,0.304718,0.013616,0.623279,-206694.215946,2.989151,2195607.000000,1874874.000000,3722527.000000,334752.000000,1282372.000000,1952.000000,539.000000,1146.000000,164.000000,144.000000,453.000000,125.000000,266.000000,38.000000,33.000000,2784.000000,769.000000,1633.000000,233.000000,205.000000,15.000000,8.000000,18.000000,3.000000,5.000000,0.000000,6.000000,12.000000,2.000000,4.000000,0.000000,7.000000,15.000000,2.000000,5.000000,8097.000000,2266.000000,4820.000000,695.000000,601.000000,3.000000,
0.041742,0.042527,0.304718,0.013616,0.623279,-206694.215946,2.989151,2195607.000000,1874874.000000,3722527.000000,334752.000000,1282372.000000,1952.000000,539.000000,1146.000000,164.000000,144.000000,453.000000,125.000000,266.000000,38.000000,33.000000,2784.000000,769.000000,1633.000000,233.000000,205.000000,15.000000,8.000000,18.000000,3.000000,5.000000,0.000000,6.000000,12.000000,2.000000,4.000000,0.000000,7.000000,15.000000,2.000000,5.000000,8097.000000,2266.000000,4820.000000,695.000000,601.000000,3.000000,
0.041742,0.042527,0.304718,0.013616,0.623279,-206694.215946,2.989151,2195607.000000,1874874.000000,3722527.000000,334752.000000,1282372.000000,1952.000000,539.000000,1146.000000,164.000000,144.000000,453.000000,125.000000,266.000000,38.000000,33.000000,2784.000000,769.000000,1633.000000,233.000000,205.000000,15.000000,8.000000,18.000000,3.000000,5.000000,0.000000,6.000000,12.000000,2.000000,4.000000,0.000000,7.000000,15.000000,2.000000,5.000000,8097.000000,2266.000000,4820.000000,695.000000,601.000000,3.000000,
0.041621,0.055768,0.314802,0.017060,0.588441,-207183.819302,2.999436,2195607.000000,1874874.000000,3722527.000000,334752.000000,1282372.000000,1952.000000,539.000000,1146.000000,164.000000,144.000000,453.000000,125.000000,266.000000,38.000000,33.000000,2784.000000,769.000000,1633.000000,233.000000,205.000000,15.000000,8.000000,18.000000,3.000000,5.000000,0.000000,6.000000,12.000000,2.000000,4.000000,0.000000,7.000000,15.000000,2.000000,5.000000,8097.000000,2266.000000,4820.000000,695.000000,601.000000,3.000000,
0.041621,0.055768,0.314802,0.017060,0.588441,-207183.819302,2.999436,2195607.000000,1874874.000000,3722527.000000,334752.000000,1282372.000000,1952.000000,539.000000,1146.000000,164.000000,144.000000,453.000000,125.000000,266.000000,38.000000,33.000000,2784.000000,769.000000,1633.000000,233.000000,205.000000,15.000000,8.000000,18.000000,3.000000,5.000000,0.000000,6.000000,12.000000,2.000000,4.000000,0.000000,7.000000,15.000000,2.000000,5.000000,8097.000000,2266.000000,4820.000000,695.000000,601.000000,3.000000,
0.041621,0.055768,0.314802,0.017060,0.588441,-207183.819302,2.999436,2195607.000000,1874874.000000,3722527.000000,334752.000000,1282372.000000,1952.000000,539.000000,1146.000000,164.000000,144.000000,453.000000,125.000000,266.000000,38.000000,33.000000,2784.000000,769.000000,1633.000000,233.000000,205.000000,15.000000,8.000000,18.000000,3.000000,5.000000,0.000000,6.000000,12.000000,2.000000,4.000000,0.000000,7.000000,15.000000,2.000000,5.000000,8097.000000,2266.000000,4820.000000,695.000000,601.000000,3.000000,
0.041736,0.072826,0.309562,0.018459,0.568704,-206928.739570,2.997798,2195607.000000,1874874.000000,3722527.000000,334752.000000,1282372.000000,1952.000000,539.000000,1146.000000,164.000000,144.000000,453.000000,125.000000,266.000000,38.000000,33.000000,2784.000000,769.000000,1633.000000,233.000000,205.000000,15.000000,8.000000,18.000000,3.000000,5.000000,0.000000,6.000000,12.000000,2.000000,4.000000,0.000000,7.000000,15.000000,2.000000,5.000000,8097.000000,2266.000000,4820.000000,695.000000,601.000000,3.000000,
0.041671,0.087493,0.312729,0.014283,0.625466,-207082.712700,2.999127,2195607.000000,1874874.000000,3722527.000000,334752.000000,1282372.000000,1952.000000,539.000000,1146.000000,164.000000,144.000000,453.000000,125.000000,266.000000,38.000000,33.000000,2784.000000,769.000000,1633.000000,233.000000,205.000000,15.000000,8.000000,18.000000,3.000000,5.000000,0.000000,6.000000,12.000000,2.000000,4.000000,0.000000,7.000000,15.000000,2.000000,5.000000,8097.000000,2266.000000,4820.000000,695.000000,601.000000,3.000000,
0.041671,0.087493,0.312729,0.014283,0.625466,-207082.712700,2.999127,2195607.000000,1874874.000000,3722527.000000,334752.000000,1282372.000000,1952.000000,539.000000,1146.000000,164.000000,144.000000,453.000000,125.000000,266.000000,38.000000,33.000000,2784.000000,769.000000,1633.000000,233.000000,205.000000,15.000000,8.000000,18.000000,3.000000,5.000000,0.000000,6.000000,12.000000,2.000000,4.000000,0.000000,7.000000,15.000000,2.000000,5.000000,8097.000000,2266.000000,4820.000000,695.000000,601.000000,3.000000,
0.041671,0.087493,0.312729,0.014283,0.625466,-207082.712700,2.999127,2195607.000000,1874874.000000,3722527.000000,334752.000000,1282372.000000,1952.000000,539.000000,1146.000000,164.000000,144.000000,453.000000,125.000000,266.000000,38.000000,33.000000,2784.000000,769.000000,1633.000000,233.000000,205.000000,15.000000,8.000000,18.000000,3.000000,5.000000,0.000000,6.000000,12.000000,2.000000,4.000000,0.000000,7.000000,15.000000,2.000000,5.000000,8097.000000,2266.000000,4820.000000,695.000000,601.000000,3.000000,
0.041671,0.087493,0.312729,0.014283,0.625466,-207082.712700,2.999127,2195607.000000,1874874.000000,3722527.000000,334752.000000,1282372.000000,1952.000000,539.000000,1146.000000,164.000000,144.000000,453.000000,125.000000,266.000000,38.000000,33.000000,2784.000000,769.000000,1633.000000,233.000000,205.000000,15.000000,8.000000,18.000000,3.000000,5.000000,0.000000,6.000000,12.000000,2.000000,4.000000,0.000000,7.000000,15.000000,2.000000,5.000000,8097.000000,2266.000000,4820.000000,695.000000,601.000000,3.000000,
0.041671,0.087493,0.312729,0.014283,0.625466,-207082.712700,2.999127,2195607.000000,1874874.000000,3722527.000000,334752.000000,1282372.000000,1952.000000,539.000000,1146.000000,164.000000,144.000000,453.000000,125.000000,266.000000,38.000000,33.000000,2784.000000,769.000000,1633.000000,233.000000,205.000000,15.000000,8.000000,18.000000,3.000000,5.000000,0.000000,6.000000,12.000000,2.000000,4.000000,0.000000,7.000000,15.000000,2.000000,5.000000,8097.000000,2266.000000,4820.000000,695.000000,601.000000,3.000000,
0.041671,0.087493,0.312729,0.014283,0.625466,-207082.712700,2.999127,2195607.000000,1874874.000000,3722527.000000,334752.000000,1282372.000000,1952.000000,539.000000,1146.000000,164.000000,144.000000,453.000000,125.000000,266.000000,38.000000,33.000000,2784.000000,769.000000,1633.000000,233.000000,205.000000,15.000000,8.000000,18.000000,3.000000,5.000000,0.000000,6.000000,12.000000,2.000000,4.000000,0.000000,7.000000,15.000000,2.000000,5.000000,8097.000000,2266.000000,4820.000000,695.000000,601.000000,3.000000,
0.041671,0.087493,0.312729,0.014283,0.625466,-207082.712700,2.999127,2195607.000000,1874874.000000,3722527.000000,334752.000000,1282372.000000,1952.000000,539.000000,1146.000000,164.000000,144.000000,453.000000,125.000000,266.000000,38.000000,33.000000,2784.000000,769.000000,1633.000000,233.000000,205.000000,15.000000,8.000000,18.000000,3.000000,5.000000,0.000000,6.000000,12.000000,2.000000,4.000000,0.000000,7.000000,15.000000,2.000000,5.000000,8097.000000,2266.000000,4820.000000,695.000000,601.000000,3.000000,
0.041671,0.087493,0.312729,0.014283,0.625466,-207082.712700,2.999127,2195607.000000,1874874.000000,3722527.000000,334752.000000,1282372.000000,1952.000000,539.000000,1146.000000,164.000000,144.000000,453.000000,125.000000,266.000000,38.000000,33.000000,2784.000000,769.000000,1633.000000,233.000000,205.000000,15.000000,8.000000,18.000000,3.000000,5.000000,0.000000,6.000000,12.000000,2.000000,4.000000,0.000000,7.000000,15.000000,2.000000,5.000000,8097.000000,2266.000000,4820.000000,695.000000,601.000000,3.000000,
0.041826,0.142499,0.306090,0.015487,0.642100,-206760.646883,2.997755,2195607.000000,1874874.000000,3722527.000000,334752.000000,1282372.000000,1952.000000,539.000000,1146.000000,164.000000,144.000000,453.000000,125.000000,266.000000,38.000000,33.000000,2784.000000,769.000000,1633.000000,233.000000,205.000000,15.000000,8.000000,18.000000,3.000000,5.000000,0.000000,6.000000,12.000000,2.000000,4.000000,0.000000,7.000000,15.000000,2.000000,5.000000,8097.000000,2266.000000,4820.000000,695.000000,601.000000,3.000000,
0.041826,0.142499,0.306090,0.015487,0.642100,-206760.646883,2.997755,2195607.000000,1874874.000000,3722527.000000,334752.000000,1282372.000000,1952.000000,539.000000,1146.000000,164.000000,144.000000,453.000000,125.000000,266.000000,38.000000,33.000000,2784.000000,769.000000,1633.000000,233.000000,205.000000,15.000000,8.000000,18.000000,3.000000,5.000000,0.000000,6.000000,12.000000,2.000000,4.000000,0.000000,7.000000,15.000000,2.000000,5.000000,8097.000000,2266.000000,4820.000000,695.000000,601.000000,3.000000,
0.041679,0.185736,0.309568,0.013785,0.591434,-206928.890157,2.993746,2195607.000000,1874874.000000,3722527.000000,334752.000000,1282372.000000,1952.000000,539.000000,1146.000000,164.000000,144.000000,453.000000,125.000000,266.000000,38.000000,33.000000,2784.000000,769.000000,1633.000000,233.000000,205.000000,15.000000,8.000000,18.000000,3.000000,5.000000,0.000000,6.000000,12.000000,2.000000,4.000000,0.000000,7.000000,15.000000,2.000000,5.000000,8097.000000,2266.000000,4820.000000,695.000000,601.000000,3.000000,
0.041695,0.246147,0.307990,0.009840,0.738226,-206852.385283,2.991920,2195607.000000,1874874.000000,3722527.000000,334752.000000,1282372.000000,1952.000000,539.000000,1146.000000,164.000000,144.000000,453.000000,125.000000,266.000000,38.000000,33.000000,2784.000000,769.000000,1633.000000,233.000000,205.000000,15.000000,8.000000,18.000000,3.000000,5.000000,0.000000,6.000000,12.000000,2.000000,4.000000,0.000000,7.000000,15.000000,2.000000,5.000000,8097.000000,2266.000000,4820.000000,695.000000,601.000000,3.000000,
0.041695,0.246147,0.307990,0.009840,0.738226,-206852.385283,2.991920,2195607.000000,1874874.000000,3722527.000000,334752.000000,1282372.000000,1952.000000,539.000000,1146.000000,164.000000,144.000000,453.000000,125.000000,266.000000,38.000000,33.000000,2784.000000,769.000000,1633.000000,233.000000,205.000000,15.000000,8.000000,18.000000,3.000000,5.000000,0.000000,6.000000,12.000000,2.000000,4.000000,0.000000,7.000000,15.000000,2.000000,5.000000,8097.000000,2266.000000,4820.000000,695.000000,601.000000,3.000000,
0.041792,0.800126,0.299682,0.011246,0.714510,-206452.038630,2.983182,2195607.000000,1874874.000000,3722527.000000,334752.000000,1282372.000000,1952.000000,539.000000,1146.000000,164.000000,144.000000,453.000000,125.000000,266.000000,38.000000,33.000000,2784.000000,769.000000,1633.000000,233.000000,205.000000,15.000000,8.000000,18.000000,3.000000,5.000000,0.000000,6.000000,12.000000,2.000000,4.000000,0.000000,7.000000,15.000000,2.000000,5.000000,8097.000000,2266.000000,4820.000000,695.000000,601.000000,3.000000,
0.041705,0.655732,0.302307,0.009569,0.748510,-206577.951798,2.981946,2195607.000000,1874874.000000,3722527.000000,334752.000000,1282372.000000,1952.000000,539.000000,1146.000000,164.000000,144.000000,453.000000,125.000000,266.000000,38.000000,33.000000,2784.000000,769.000000,1633.000000,233.000000,205.000000,15.000000,8.000000,18.000000,3.000000,5.000000,0.000000,6.000000,12.000000,2.000000,4.000000,0.000000,7.000000,15.000000,2.000000,5.000000,8097.000000,2266.000000,4820.000000,695.000000,601.000000,3.000000,
0.041705,0.655732,0.302307,0.009569,0.748510,-206577.951798,2.981946,2195607.000000,1874874.000000,3722527.000000,334752.000000,1282372.000000,1952.000000,539.000000,1146.000000,164.000000,144.000000,453.000000,125.000000,266.000000,38.000000,33.000000,2784.000000,769.000000,1633.000000,233.000000,205.000000,15.000000,8.000000,18.000000,3.000000,5.000000,0.000000,6.000000,12.000000,2.000000,4.000000,0.000000,7.000000,15.000000,2.000000,5.000000,8097.000000,2266.000000,4820.000000,695.000000,601.000000,3.000000,
0.041705,0.655732,0.302307,0.009569,0.748510,-206577.951798,2.981946,2195607.000000,1874874.000000,3722527.000000,334752.000000,1282372.000000,1952.000000,539.000000,1146.000000,164.000000,144.000000,453.000000,125.000000,266.000000,38.000000,33.000000,2784.000000,769.000000,1633.000000,233.000000,205.000000,15.000000,8.000000,18.000000,3.000000,5.000000,0.000000,6.000000,12.000000,2.000000,4.000000,0.000000,7.000000,15.000000,2.000000,5.000000,8097.000000,2266.000000,4820.000000,695.000000,601.000000,3.000000,
0.041628,0.578565,0.303368,0.007452,0.727077,-206628.902628,2.978412,2195607.000000,1874874.000000,3722527.000000,334752.000000,1282372.000000,1952.000000,539.000000,1146.000000,164.000000,144.000000,453.000000,125.000000,266.000000,38.000000,33.000000,2784.000000,769.000000,1633.000000,233.000000,205.000000,15.000000,8.000000,18.000000,3.000000,5.000000,0.000000,6.000000,12.000000,2.000000,4.000000,0.000000,7.000000,15.000000,2.000000,5.000000,8097.000000,2266.000000,4820.000000,695.000000,601.000000,3.000000,
0.041628,0.578565,0.303368,0.007452,0.727077,-206628.902628,2.978412,2195607.000000,1874874.000000,3722527.000000,334752.000000,1282372.000000,1952.000000,539.000000,1146.000000,164.000000,144.000000,453.000000,125.000000,266.000000,38.000000,33.000000,2784.000000,769.000000,1633.000000,233.000000,205.000000,15.000000,8.000000,18.000000,3.000000,5.000000,0.000000,6.000000,12.000000,2.000000,4.000000,0.000000,7.000000,15.000000,2.000000,5.000000,8097.000000,2266.000000,4820.000000,695.000000,601.000000,3.000000,
0.041628,0.578565,0.303368,0.007452,0.727077,-206628.902628,2.978412,2195607.000000,1874874.000000,3722527.000000,334752.000000,1282372.000000,1952.000000,539.000000,1146.000000,164.000000,144.000000,453.000000,125.000000,266.000000,38.000000,33.000000,2784.000000,769.000000,1633.000000,233.000000,205.000000,15.000000,8.000000,18.000000,3.000000,5.000000,0.000000,6.000000,12.000000,2.000000,4.000000,0.000000,7.000000,15.000000,2.000000,5.000000,8097.000000,2266.000000,4820.000000,695.000000,601.000000,3.000000,
0.041628,0.578565,0.303368,0.007452,0.727077,-206628.902628,2.978412,2195607.000000,1874874.000000,3722527.000000,334752.000000,1282372.000000,1952.000000,539.000000,1146.000000,164.000000,144.000000,453.000000,125.000000,266.000000,38.000000,33.000000,2784.000000,769.000000,1633.000000,233.000000,205.000000,15.000000,8.000000,18.000000,3.000000,5.000000,0.000000,6.000000,12.000000,2.000000,4.000000,0.000000,7.000000,15.000000,2.000000,5.000000,8097.000000,2266.000000,4820.000000,695.000000,601.000000,3.000000,
0.041664,0.915230,0.299949,0.007350,0.771624,-206464.596222,2.974567,2195607.000000,1874874.000000,3722527.000000,334752.000000,1282372.000000,1952.000000,539.000000,1146.000000,164.000000,144.000000,453.000000,125.000000,266.000000,38.000000,33.000000,2784.000000,769.000000,1633.000000,233.000000,205.000000,15.000000,8.000000,18.000000,3.000000,5.000000,0.000000,6.000000,12.000000,2.000000,4.000000,0.000000,7.000000,15.000000,2.000000,5.000000,8097.000000,2266.000000,4820.000000,695.000000,601.000000,3.000000,
0.041664,0.915230,0.299949,0.007350,0.771624,-206464.596222,2.974567,2195607.000000,1874874.000000,3722527.000000,334752.000000,1282372.000000,1952.000000,539.000000,1146.000000,164.000000,144.000000,453.000000,125.000000,266.000000,38.000000,33.000000,2784.000000,769.000000,1633.000000,233.000000,205.000000,15.000000,8.000000,18.000000,3.000000,5.000000,0.000000,6.000000,12.000000,2.000000,4.000000,0.000000,7.000000,15.000000,2.000000,5.000000,8097.000000,2266.000000,4820.000000,695.000000,601.000000,3.000000,
0.041664,0.915230,0.299949,0.007350,0.771624,-206464.596222,2.974567,2195607.000000,1874874.000000,3722527.000000,334752.000000,1282372.000000,1952.000000,539.000000,1146.000000,164.000000,144.000000,453.000000,125.000000,266.000000,38.000000,33.000000,2784.000000,769.000000,1633.000000,233.000000,205.000000,15.000000,8.000000,18.000000,3.000000,5.000000,0.000000,6.000000,12.000000,2.000000,4.000000,0.000000,7.000000,15.000000,2.000000,5.000000,8097.000000,2266.000000,4820.000000,695.000000,601.000000,3.000000,
0.041664,0.915230,0.299949,0.007350,0.771624,-206464.596222,2.974567,2195607.000000,1874874.000000,3722527.000000,334752.000000,1282372.000000,1952.000000,539.000000,1146.000000,164.000000,144.000000,453.000000,125.000000,266.000000,38.000000,33.000000,2784.000000,769.000000,1633.000000,233.000000,205.000000,15.000000,8.000000,18.000000,3.000000,5.000000,0.000000,6.000000,12.000000,2.000000,4.000000,0.000000,7.000000,15.000000,2.000000,5.000000,8097.000000,2266.000000,4820.000000,695.000000,601.000000,3.000000,
0.041664,0.915230,0.299949,0.007350,0.771624,-206464.596222,2.974567,2195607.000000,1874874.000000,3722527.000000,334752.000000,1282372.000000,1952.000000,539.000000,1146.000000,164.000000,144.000000,453.000000,125.000000,266.000000,38.000000,33.000000,2784.000000,769.000000,1633.000000,233.000000,205.000000,15.000000,8.000000,18.000000,3.000000,5.000000,0.000000,6.000000,12.000000,2.000000,4.000000,0.000000,7.000000,15.000000,2.000000,5.000000,8097.000000,2266.000000,4820.000000,695.000000,601.000000,3.000000,
0.041664,0.915230,0.299949,0.007350,0.771624,-206464.596222,2.974567,2195607.000000,1874874.000000,3722527.000000,334752.000000,1282372.000000,1952.000000,539.000000,1146.000000,164.000000,144.000000,453.000000,125.000000,266.000000,38.000000,33.000000,2784.000000,769.000000,1633.000000,233.000000,205.000000,15.000000,8.000000,18.000000,3.000000,5.000000,0.000000,6.000000,12.000000,2.000000,4.000000,0.000000,7.000000,15.000000,2.000000,5.000000,8097.000000,2266.000000,4820.000000,695.000000,601.000000,3.000000,
0.041664,0.915230,0.299949,0.007350,0.771624,-206464.596222,2.974567,2195607.000000,1874874.000000,3722527.000000,334752.000000,1282372.000000,1952.000000,539.000000,1146.000000,164.000000,144.000000,453.000000,125.000000,266.000000,38.000000,33.000000,2784.000000,769.000000,1633.000000,233.000000,205.000000,15.000000,8.000000,18.000000,3.000000,5.000000,0.000000,6.000000,12.000000,2.000000,4.000000,0.000000,7.000000,15.000000,2.000000,5.000000,8097.000000,2266.000000,4820.000000,695.000000,601.000000,3.000000,
0.041664,0.915230,0.299949,0.007350,0.771624,-206464.596222,2.974567,2195607.000000,1874874.000000,3722527.000000,334752.000000,1282372.000000,1952.000000,539.000000,1146.000000,164.000000,144.000000,453.000000,125.000000,266.000000,38.000000,33.000000,2784.000000,769.000000,1633.000000,233.000000,205.000000,15.000000,8.000000,18.000000,3.000000,5.000000,0.000000,6.000000,12.000000,2.000000,4.000000,0.000000,7.000000,15.000000,2.000000,5.000000,8097.000000,2266.000000,4820.000000,695.000000,601.000000,3.000000,
0.041664,0.915230,0.299949,0.007350,0.771624,-206464.596222,2.974567,2195607.000000,1874874.000000,3722527.000000,334752.000000,1282372.000000,1952.000000,539.000000,1146.000000,164.000000,144.000000,453.000000,125.000000,266.000000,38.000000,33.000000,2784.000000,769.000000,1633.000000,233.000000,205.000000,15.000000,8.000000,18.000000,3.000000,5.000000,0.000000,6.000000,12.000000,2.000000,4.000000,0.000000,7.000000,15.000000,2.000000,5.000000,8097.000000,2266.000000,4820.000000,695.000000,601.000000,3.000000,
0.041664,0.915230,0.299949,0.007350,0.771624,-206464.596222,2.974567,2195607.000000,1874874.000000,3722527.000000,334752.000000,1282372.000000,1952.000000,539.000000,1146.000000,164.000000,144.000000,453.000000,125.000000,266.000000,38.000000,33.000000,2784.000000,769.000000,1633.000000,233.000000,205.000000,15.000000,8.000000,18.000000,3.000000,5.000000,0.000000,6.000000,12.000000,2.000000,4.000000,0.000000,7.000000,15.000000,2.000000,5.000000,8097.000000,2266.000000,4820.000000,695.000000,601.000000,3.000000,
0.041664,0.915230,0.299949,0.007350,0.771624,-206464.596222,2.974567,2195607.000000,1874874.000000,3722527.000000,334752.000000,1282372.000000,1952.000000,539.000000,1146.000000,164.000000,144.000000,453.000000,125.000000,266.000000,38.000000,33.000000,2784.000000,769.000000,1633.000000,233.000000,205.000000,15.000000,8.000000,18.000000,3.000000,5.000000,0.000000,6.000000,12.000000,2.000000,4.000000,0.000000,7.000000,15.000000,2.000000,5.000000,8097.000000,2266.000000,4820.000000,695.000000,601.000000,3.000000,
0.041664,0.915230,0.299949,0.007350,0.771624,-206464.596222,2.974567,2195607.000000,1874874.000000,3722527.000000,334752.000000,1282372.000000,1952.000000,539.000000,1146.000000,164.000000,144.000000,453.000000,125.000000,266.000000,38.000000,33.000000,2784.000000,769.000000,1633.000000,233.000000,205.000000,15.000000,8.000000,18.000000,3.000000,5.000000,0.000000,6.000000,12.000000,2.000000,4.000000,0.000000,7.000000,15.000000,2.000000,5.000000,8097.000000,2266.000000,4820.000000,695.000000,601.000000,3.000000,
0.041664,0.915230,0.299949,0.007350,0.771624,-206464.596222,2.974567,2195607.000000,1874874.000000,3722527.000000,334752.000000,1282372.000000,1952.000000,539.000000,1146.000000,164.000000,144.000000,453.000000,125.000000,266.000000,38.000000,33.000000,2784.000000,769.000000,1633.000000,233.000000,205.000000,15.000000,8.000000,18.000000,3.000000,5.000000,0.000000,6.000000,12.000000,2.000000,4.000000,0.000000,7.000000,15.000000,2.000000,5.000000,8097.000000,2266.000000,4820.000000,695.000000,601.000000,3.000000,
0.041664,0.915230,0.299949,0.007350,0.771624,-206464.596222,2.974567,2195607.000000,1874874.000000,3722527.000000,334752.000000,1282372.000000,1952.000000,539.000000,1146.000000,164.000000,144.000000,453.000000,125.000000,266.000000,38.000000,33.000000,2784.000000,769.000000,1633.000000,233.000000,205.000000,15.000000,8.000000,18.000000,3.000000,5.000000,0.000000,6.000000,12.000000,2.000000,4.000000,0.000000,7.000000,15.000000,2.000000,5.000000,8097.000000,2266.000000,4820.000000,695.000000,601.000000,3.000000,
0.041664,0.915230,0.299949,0.007350,0.771624,-206464.596222,2.974567,2195607.000000,1874874.000000,3722527.000000,334752.000000,1282372.000000,1952.000000,539.000000,1146.000000,164.000000,144.000000,453.000000,125.000000,266.000000,38.000000,33.000000,2784.000000,769.000000,1633.000000,233.000000,205.000000,15.000000,8.000000,18.000000,3.000000,5.000000,0.000000,6.000000,12.000000,2.000000,4.000000,0.000000,7.000000,15.000000,2.000000,5.000000,8097.000000,2266.000000,4820.000000,695.000000,601.000000,3.000000,
0.041450,0.814416,0.308353,0.011087,0.773629,-206869.491088,2.974991,2195607.000000,1874874.000000,3722527.000000,334752.000000,1282372.000000,1952.000000,539.000000,1146.000000,164.000000,144.000000,453.000000,125.000000,266.000000,38.000000,33.000000,2784.000000,769.000000,1633.000000,233.000000,205.000000,15.000000,8.000000,18.000000,3.000000,5.000000,0.000000,6.000000,12.000000,2.000000,4.000000,0.000000,7.000000,15.000000,2.000000,5.000000,8097.000000,2266.000000,4820.000000,695.000000,601.000000,3.000000,
0.041450,0.814416,0.308353,0.011087,0.773629,-206869.491088,2.974991,2195607.000000,1874874.000000,3722527.000000,334752.000000,1282372.000000,1952.000000,539.000000,1146.000000,164.000000,144.000000,453.000000,125.000000,266.000000,38.000000,33.000000,2784.000000,769.000000,1633.000000,233.000000,205.000000,15.000000,8.000000,18.000000,3.000000,5.000000,0.000000,6.000000,12.000000,2.000000,4.000000,0.000000,7.000000,15.000000,2.000000,5.000000,8097.000000,2266.000000,4820.000000,695.000000,601.000000,3.000000,
0.041450,0.814416,0.308353,0.011087,0.773629,-206869.491088,2.974991,2195607.000000,1874874.000000,3722527.000000,334752.000000,1282372.000000,1952.000000,539.000000,1146.000000,164.000000,144.000000,453.000000,125.000000,266.000000,38.000000,33.000000,2784.000000,769.000000,1633.000000,233.000000,205.000000,15.000000,8.000000,18.000000,3.000000,5.000000,0.000000,6.000000,12.000000,2.000000,4.000000,0.000000,7.000000,15.000000,2.000000,5.000000,8097.000000,2266.000000,4820.000000,695.000000,601.000000,3.000000,
0.041450,0.814416,0.308353,0.011087,0.773629,-206869.491088,2.974991,2195607.000000,1874874.000000,3722527.000000,334752.000000,1282372.000000,1952.000000,539.000000,1146.000000,164.000000,144.000000,453.000000,125.000000,266.000000,38.000000,33.000000,2784.000000,769.000000,1633.000000,233.000000,205.000000,15.000000,8.000000,18.000000,3.000000,5.000000,0.000000,6.000000,12.000000,2.000000,4.000000,0.000000,7.000000,15.000000,2.000000,5.000000,8097.000000,2266.000000,4820.000000,695.000000,601.000000,3.000000,
0.041450,0.814416,0.308353,0.011087,0.773629,-206869.491088,2.974991,2195607.000000,1874874.000000,3722527.000000,334752.000000,1282372.000000,1952.000000,539.000000,1146.000000,164.000000,144.000000,453.000000,125.000000,266.000000,38.000000,33.000000,2784.000000,769.000000,1633.000000,233.000000,205.000000,15.000000,8.000000,18.000000,3.000000,5.000000,0.000000,6.000000,12.000000,2.000000,4.000000,0.000000,7.000000,15.000000,2.000000,5.000000,8097.000000,2266.000000,4820.000000,695.000000,601.000000,3.000000,
0.041450,0.814416,0.308353,0.011087,0.773629,-206869.491088,2.974991,2195607.000000,1874874.000000,3722527.000000,334752.000000,1282372.000000,1952.000000,539.000000,1146.000000,164.000000,144.000000,453.000000,125.000000,266.000000,38.000000,33.000000,2784.000000,769.000000,1633.000000,233.000000,205.000000,15.000000,8.000000,18.000000,3.000000,5.000000,0.000000,6.000000,12.000000,2.000000,4.000000,0.000000,7.000000,15.000000,2.000000,5.000000,8097.000000,2266.000000,4820.000000,695.000000,601.000000,3.000000,
0.041450,0.814416,0.308353,0.011087,0.773629,-206869.491088,2.974991,2195607.000000,1874874.000000,3722527.000000,334752.000000,1282372.000000,1952.000000,539.000000,1146.000000,164.000000,144.000000,453.000000,125.000000,266.000000,38.000000,33.000000,2784.000000,769.000000,1633.000000,233.000000,205.000000,15.000000,8.000000,18.000000,3.000000,5.000000,0.000000,6.000000,12.000000,2.000000,4.000000,0.000000,7.000000,15.000000,2.000000,5.000000,8097.000000,2266.000000,4820.000000,695.000000,601.000000,3.000000,
0.041450,0.814416,0.308353,0.011087,0.773629,-206869.491088,2.974991,2195607.000000,1874874.000000,3722527.000000,334752.000000,1282372.000000,1952.000000,539.000000,1146.000000,164.000000,144.000000,453.000000,125.000000,266.000000,38.000000,33.000000,2784.000000,769.000000,1633.000000,233.000000,205.000000,15.000000,8.000000,18.000000,3.000000,5.000000,0.000000,6.000000,12.000000,2.000000,4.000000,0.000000,7.000000,15.000000,2.000000,5.000000,8097.000000,2266.000000,4820.000000,695.000000,601.000000,3.000000,
0.041450,0.814416,0.308353,0.011087,0.773629,-206869.491088,2.974991,2195607.000000,1874874.000000,3722527.000000,334752.000000,1282372.000000,1952.000000,539.000000,1146.000000,164.000000,144.000000,453.000000,125.000000,266.000000,38.000000,33.000000,2784.000000,769.000000,1633.000000,233.000000,205.000000,15.000000,8.000000,18.000000,3.000000,5.000000,0.000000,6.000000,12.000000,2.000000,4.000000,0.000000,7.000000,15.000000,2.000000,5.000000,8097.000000,2266.000000,4820.000000,695.000000,601.000000,3.000000,
0.041450,0.814416,0.308353,0.011087,0.773629,-206869.491088,2.974991,2195607.000000,1874874.000000,3722527.000000,334752.000000,1282372.000000,1952.000000,539.000000,1146.000000,164.000000,144.000000,453.000000,125.000000,266.000000,38.000000,33.000000,2784.000000,769.000000,1633.000000,233.000000,205.000000,15.000000,8.000000,18.000000,3.000000,5.000000,0.000000,6.000000,12.000000,2.000000,4.000000,0.000000,7.000000,15.000000,2.000000,5.000000,8097.000000,2266.000000,4820.000000,695.000000,601.000000,3.000000,
0.041360,0.536301,0.313338,0.020820,0.682009,-207111.834128,2.977863,2195607.000000,1874874.000000,3722527.000000,334752.000000,1282372.000000,1952.000000,539.000000,1146.000000,164.000000,144.000000,453.000000,125.000000,266.000000,38.000000,33.000000,2784.000000,769.000000,1633.000000,233.000000,205.000000,15.000000,8.000000,18.000000,3.000000,5.000000,0.000000,6.000000,12.000000,2.000000,4.000000,0.000000,7.000000,15.000000,2.000000,5.000000,8097.000000,2266.000000,4820.000000,695.000000,601.000000,3.000000,
0.041360,0.536301,0.313338,0.020820,0.682009,-207111.834128,2.977863,2195607.000000,1874874.000000,3722527.000000,334752.000000,1282372.000000,1952.000000,539.000000,1146.000000,164.000000,144.000000,453.000000,125.000000,266.000000,38.000000,33.000000,2784.000000,769.000000,1633.000000,233.000000,205.000000,15.000000,8.000000,18.000000,3.000000,5.000000,0.000000,6.000000,12.000000,2.000000,4.000000,0.000000,7.000000,15.000000,2.000000,5.000000,8097.000000,2266.000000,4820.000000,695.000000,601.000000,3.000000,
0.041360,0.536301,0.313338,0.020820,0.682009,-207111.834128,2.977863,2195607.000000,1874874.000000,3722527.000000,334752.000000,1282372.000000,1952.000000,539.000000,1146.000000,164.000000,144.000000,453.000000,125.000000,266.000000,38.000000,33.000000,2784.000000,769.000000,1633.000000,233.000000,205.000000,15.000000,8.000000,18.000000,3.000000,5.000000,0.000000,6.000000,12.000000,2.000000,4.000000,0.000000,7.000000,15.000000,2.000000,5.000000,8097.000000,2266.000000,4820.000000,695.000000,601.000000,3.000000,
0.041360,0.536301,0.313338,0.020820,0.682009,-207111.834128,2.977863,2195607.000000,1874874.000000,3722527.000000,334752.000000,1282372.000000,1952.000000,539.000000,1146.000000,164.000000,144.000000,453.000000,125.000000,266.000000,38.000000,33.000000,2784.000000,769.000000,1633.000000,233.000000,205.000000,15.000000,8.000000,18.000000,3.000000,5.000000,0.000000,6.000000,12.000000,2.000000,4.000000,0.000000,7.000000,15.000000,2.000000,5.000000,8097.000000,2266.000000,4820.000000,695.000000,601.000000,3.000000,
0.041447,0.615615,0.310957,0.019988,0.705372,-206995.967536,2.979692,2195607.000000,1874874.000000,3722527.000000,334752.000000,1282372.000000,1952.000000,539.000000,1146.000000,164.000000,144.000000,453.000000,125.000000,266.000000,38.000000,33.000000,2784.000000,769.000000,1633.000000,233.000000,205.000000,15.000000,8.000000,18.000000,3.000000,5.000000,0.000000,6.000000,12.000000,2.000000,4.000000,0.000000,7.000000,15.000000,2.000000,5.000000,8097.000000,2266.000000,4820.000000,695.000000,601.000000,3.000000,
0.041447,0.615615,0.310957,0.019988,0.705372,-206995.967536,2.979692,2195607.000000,1874874.000000,3722527.000000,334752.000000,1282372.000000,1952.000000,539.000000,1146.000000,164.000000,144.000000,453.000000,125.000000,266.000000,38.000000,33.000000,2784.000000,769.000000,1633.000000,233.000000,205.000000,15.000000,8.000000,18.000000,3.000000,5.000000,0.000000,6.000000,12.000000,2.000000,4.000000,0.000000,7.000000,15.000000,2.000000,5.000000,8097.000000,2266.000000,4820.000000,695.000000,601.000000,3.000000,
0.041447,0.615615,0.310957,0.019988,0.705372,-206995.967536,2.979692,2195607.000000,1874874.000000,3722527.000000,334752.000000,1282372.000000,1952.000000,539.000000,1146.000000,164.000000,144.000000,453.000000,125.000000,266.000000,38.000000,33.000000,2784.000000,769.000000,1633.000000,233.000000,205.000000,15.000000,8.000000,18.000000,3.000000,5.000000,0.000000,6.000000,12.000000,2.000000,4.000000,0.000000,7.000000,15.000000,2.000000,5.000000,8097.000000,2266.000000,4820.000000,695.000000,601.000000,3.000000,
0.041447,0.615615,0.310957,0.019988,0.705372,-206995.967536,2.979692,2195607.000000,1874874.000000,3722527.000000,334752.000000,1282372.000000,1952.000000,539.000000,1146.000000,164.000000,144.000000,453.000000,125.000000,266.000000,38.000000,33.000000,2784.000000,769.000000,1633.000000,233.000000,205.000000,15.000000,8.000000,18.000000,3.000000,5.000000,0.000000,6.000000,12.000000,2.000000,4.000000,0.000000,7.000000,15.000000,2.000000,5.000000,8097.000000,2266.000000,4820.000000,695.000000,601.000000,3.000000,
0.041447,0.615615,0.310957,0.019988,0.705372,-206995.967536,2.979692,2195607.000000,1874874.000000,3722527.000000,334752.000000,1282372.000000,1952.000000,539.000000,1146.000000,164.000000,144.000000,453.000000,125.000000,266.000000,38.000000,33.000000,2784.000000,769.000000,1633.000000,233.000000,205.000000,15.000000,8.000000,18.000000,3.000000,5.000000,0.000000,6.000000,12.000000,2.000000,4.000000,0.000000,7.000000,15.000000,2.000000,5.000000,8097.000000,2266.000000,4820.000000,695.000000,601.000000,3.000000,
0.041447,0.615615,0.310957,0.019988,0.705372,-206995.967536,2.979692,2195607.000000,1874874.000000,3722527.000000,334752.000000,1282372.000000,1952.000000,539.000000,1146.000000,164.000000,144.000000,453.000000,125.000000,266.000000,38.000000,33.000000,2784.000000,769.000000,1633.000000,233.000000,205.000000,15.000000,8.000000,18.000000,3.000000,5.000000,0.000000,6.000000,12.000000,2.000000,4.000000,0.000000,7.000000,15.000000,2.000000,5.000000,8097.000000,2266.000000,4820.000000,695.000000,601.000000,3.000000,
0.041447,0.615615,0.310957,0.019988,0.705372,-206995.967536,2.979692,2195607.000000,1874874.000000,3722527.000000,334752.000000,1282372.000000,1952.000000,539.000000,1146.000000,164.000000,144.000000,453.000000,125.000000,266.000000,38.000000,33.000000,2784.000000,769.000000,1633.000000,233.000000,205.000000,15.000000,8.000000,18.000000,3.000000,5.000000,0.000000,6.000000,12.000000,2.000000,4.000000,0.000000,7.000000,15.000000,2.000000,5.000000,8097.000000,2266.000000,4820.000000,695.000000,601.000000,3.000000,
0.041447,0.615615,0.310957,0.019988,0.705372,-206995.967536,2.979692,2195607.000000,1874874.000000,3722527.000000,334752.000000,1282372.000000,1952.000000,539.000000,1146.000000,164.000000,144.000000,453.000000,125.000000,266.000000,38.000000,33.000000,2784.000000,769.000000,1633.000000,233.000000,205.000000,15.000000,8.000000,18.000000,3.000000,5.000000,0.000000,6.000000,12.000000,2.000000,4.000000,0.000000,7.000000,15.000000,2.000000,5.000000,8097.000000,2266.000000,4820.000000,695.000000,601.000000,3.000000,
0.041379,0.847667,0.310742,0.013107,0.678046,-206985.412545,2.974401,2195607.000000,1874874.000000,3722527.000000,334752.000000,1282372.000000,1952.000000,539.000000,1146.000000,164.000000,144.000000,453.000000,125.000000,266.000000,38.000000,33.000000,2784.000000,769.000000,1633.000000,233.000000,205.000000,15.000000,8.000000,18.000000,3.000000,5.000000,0.000000,6.000000,12.000000,2.000000,4.000000,0.000000,7.000000,15.000000,2.000000,5.000000,8097.000000,2266.000000,4820.000000,695.000000,601.000000,3.000000,
0.041379,0.847667,0.310742,0.013107,0.678046,-206985.412545,2.974401,2195607.000000,1874874.000000,3722527.000000,334752.000000,1282372.000000,1952.000000,539.000000,1146.000000,164.000000,144.000000,453.000000,125.000000,266.000000,38.000000,33.000000,2784.000000,769.000000,1633.000000,233.000000,205.000000,15.000000,8.000000,18.000000,3.000000,5.000000,0.000000,6.000000,12.000000,2.000000,4.000000,0.000000,7.000000,15.000000,2.000000,5.000000,8097.000000,2266.000000,4820.000000,695.000000,601.000000,3.000000,
0.041379,0.847667,0.310742,0.013107,0.678046,-206985.412545,2.974401,2195607.000000,1874874.000000,3722527.000000,334752.000000,1282372.000000,1952.000000,539.000000,1146.000000,164.000000,144.000000,453.000000,125.000000,266.000000,38.000000,33.000000,2784.000000,769.000000,1633.000000,233.000000,205.000000,15.000000,8.000000,18.000000,3.000000,5.000000,0.000000,6.000000,12.000000,2.000000,4.000000,0.000000,7.000000,15.000000,2.000000,5.000000,8097.000000,2266.000000,4820.000000,695.000000,601.000000,3.000000,
0.041379,0.847667,0.310742,0.013107,0.678046,-206985.412545,2.974401,2195607.000000,1874874.000000,3722527.000000,334752.000000,1282372.000000,1952.000000,539.000000,1146.000000,164.000000,144.000000,453.000000,125.000000,266.000000,38.000000,33.000000,2784.000000,769.000000,1633.000000,233.000000,205.000000,15.000000,8.000000,18.000000,3.000000,5.000000,0.000000,6.000000,12.000000,2.000000,4.000000,0.000000,7.000000,15.000000,2.000000,5.000000,8097.000000,2266.000000,4820.000000,695.000000,601.000000,3.000000,
0.041405,0.905253,0.310107,0.019595,0.653138,-206954.569884,2.975051,2195607.000000,1874874.000000,3722527.000000,334752.000000,1282372.000000,1952.000000,539.000000,1146.000000,164.000000,144.000000,453.000000,125.000000,266.000000,38.000000,33.000000,2784.000000,769.000000,1633.000000,233.000000,205.000000,15.000000,8.000000,18.000000,3.000000,5.000000,0.000000,6.000000,12.000000,2.000000,4.000000,0.000000,7.000000,15.000000,2.000000,5.000000,8097.000000,2266.000000,4820.000000,695.000000,601.000000,3.000000,
0.041405,0.905253,0.310107,0.019595,0.653138,-206954.569884,2.975051,2195607.000000,1874874.000000,3722527.000000,334752.000000,1282372.000000,1952.000000,539.000000,1146.000000,164.000000,144.000000,453.000000,125.000000,266.000000,38.000000,33.000000,2784.000000,769.000000,1633.000000,233.000000,205.000000,15.000000,8.000000,18.000000,3.000000,5.000000,0.000000,6.000000,12.000000,2.000000,4.000000,0.000000,7.000000,15.000000,2.000000,5.000000,8097.000000,2266.000000,4820.000000,695.000000,601.000000,3.000000,
0.041405,0.905253,0.310107,0.019595,0.653138,-206954.569884,2.975051,2195607.000000,1874874.000000,3722527.000000,334752.000000,1282372.000000,1952.000000,539.000000,1146.000000,164.000000,144.000000,453.000000,125.000000,266.000000,38.000000,33.000000,2784.000000,769.000000,1633.000000,233.000000,205.000000,15.000000,8.000000,18.000000,3.000000,5.000000,0.000000,6.000000,12.000000,2.000000,4.000000,0.000000,7.000000,15.000000,2.000000,5.000000,8097.000000,2266.000000,4820.000000,695.000000,601.000000,3.000000,
0.041405,0.905253,0.310107,0.019595,0.653138,-206954.569884,2.975051,2195607.000000,1874874.000000,3722527.000000,334752.000000,1282372.000000,1952.000000,539.000000,1146.000000,164.000000,144.000000,453.000000,125.000000,266.000000,38.000000,33.000000,2784.000000,769.000000,1633.000000,233.000000,205.000000,15.000000,8.000000,18.000000,3.000000,5.000000,0.000000,6.000000,12.000000,2.000000,4.000000,0.000000,7.000000,15.000000,2.000000,5.000000,8097.000000,2266.000000,4820.000000,695.000000,601.000000,3.000000,
0.041405,0.905253,0.310107,0.019595,0.653138,-206954.569884,2.975051,2195607.000000,1874874.000000,3722527.000000,334752.000000,1282372.000000,1952.000000,539.000000,1146.000000,164.000000,144.000000,453.000000,125.000000,266.000000,38.000000,33.000000,2784.000000,769.000000,1633.000000,233.000000,205.000000,15.000000,8.000000,18.000000,3.000000,5.000000,0.000000,6.000000,12.000000,2.000000,4.000000,0.000000,7.000000,15.000000,2.000000,5.000000,8097.000000,2266.000000,4820.000000,695.000000,601.000000,3.000000,
0.041356,0.976305,0.312393,0.012539,0.731852,-207065.705171,2.975838,2195607.000000,1874874.000000,3722527.000000,334752.000000,1282372.000000,1952.000000,539.000000,1146.000000,164.000000,144.000000,453.000000,125.000000,266.000000,38.000000,33.000000,2784.000000,769.000000,1633.000000,233.000000,205.000000,15.000000,8.000000,18.000000,3.000000,5.000000,0.000000,6.000000,12.000000,2.000000,4.000000,0.000000,7.000000,15.000000,2.000000,5.000000,8097.000000,2266.000000,4820.000000,695.000000,601.000000,3.000000,
0.041356,0.976305,0.312393,0.012539,0.731852,-207065.705171,2.975838,2195607.000000,1874874.000000,3722527.000000,334752.000000,1282372.000000,1952.000000,539.000000,1146.000000,164.000000,144.000000,453.000000,125.000000,266.000000,38.000000,33.000000,2784.000000,769.000000,1633.000000,233.000000,205.000000,15.000000,8.000000,18.000000,3.000000,5.000000,0.000000,6.000000,12.000000,2.000000,4.000000,0.000000,7.000000,15.000000,2.000000,5.000000,8097.000000,2266.000000,4820.000000,695.000000,601.000000,3.000000,
0.041356,0.976305,0.312393,0.012539,0.731852,-207065.705171,2.975838,2195607.000000,1874874.000000,3722527.000000,334752.000000,1282372.000000,1952.000000,539.000000,1146.000000,164.000000,144.000000,453.000000,125.000000,266.000000,38.000000,33.000000,2784.000000,769.000000,1633.000000,233.000000,205.000000,15.000000,8.000000,18.000000,3.000000,5.000000,0.000000,6.000000,12.000000,2.000000,4.000000,0.000000,7.000000,15.000000,2.000000,5.000000,8097.000000,2266.000000,4820.000000,695.000000,601.000000,3.000000,
0.041356,0.976305,0.312393,0.012539,0.731852,-207065.705171,2.975838,2195607.000000,1874874.000000,3722527.000000,334752.000000,1282372.000000,1952.000000,539.000000,1146.000000,164.000000,144.000000,453.000000,125.000000,266.000000,38.000000,33.000000,2784.000000,769.000000,1633.000000,233.000000,205.000000,15.000000,8.000000,18.000000,3.000000,5.000000,0.000000,6.000000,12.000000,2.000000,4.000000,0.000000,7.000000,15.000000,2.000000,5.000000,8097.000000,2266.000000,4820.000000,695.000000,601.000000,3.000000,
0.041356,0.976305,0.312393,0.012539,0.731852,-207065.705171,2.975838,2195607.000000,1874874.000000,3722527.000000,334752.000000,1282372.000000,1952.000000,539.000000,1146.000000,164.000000,144.000000,453.000000,125.000000,266.000000,38.000000,33.000000,2784.000000,769.000000,1633.000000,233.000000,205.000000,15.000000,8.000000,18.000000,3.000000,5.000000,0.000000,6.000000,12.000000,2.000000,4.000000,0.000000,7.000000,15.000000,2.000000,5.000000,8097.000000,2266.000000,4820.000000,695.000000,601.000000,3.000000,
0.041356,0.976305,0.312393,0.012539,0.731852,-207065.705171,2.975838,2195607.000000,1874874.000000,3722527.000000,334752.000000,1282372.000000,1952.000000,539.000000,1146.000000,164.000000,144.000000,453.000000,125.000000,266.000000,38.000000,33.000000,2784.000000,769.000000,1633.000000,233.000000,205.000000,15.000000,8.000000,18.000000,3.000000,5.000000,0.000000,6.000000,12.000000,2.000000,4.000000,0.000000,7.000000,15.000000,2.000000,5.000000,8097.000000,2266.000000,4820.000000,695.000000,601.000000,3.000000,
0.041497,0.777429,0.309533,0.017780,0.672737,-206926.858440,2.980644,2195607.000000,1874874.000000,3722527.000000,334752.000000,1282372.000000,1952.000000,539.000000,1146.000000,164.000000,144.000000,453.000000,125.000000,266.000000,38.000000,33.000000,2784.000000,769.000000,1633.000000,233.000000,205.000000,15.000000,8.000000,18.000000,3.000000,5.000000,0.000000,6.000000,12.000000,2.000000,4.000000,0.000000,7.000000,15.000000,2.000000,5.000000,8097.000000,2266.000000,4820.000000,695.000000,601.000000,3.000000,
0.041497,0.777429,0.309533,0.017780,0.672737,-206926.858440,2.980644,2195607.000000,1874874.000000,3722527.000000,334752.000000,1282372.000000,1952.000000,539.000000,1146.000000,164.000000,144.000000,453.000000,125.000000,266.000000,38.000000,33.000000,2784.000000,769.000000,1633.000000,233.000000,205.000000,15.000000,8.000000,18.000000,3.000000,5.000000,0.000000,6.000000,12.000000,2.000000,4.000000,0.000000,7.000000,15.000000,2.000000,5.000000,8097.000000,2266.000000,4820.000000,695.000000,601.000000,3.000000,
0.041520,0.776042,0.311314,0.017618,0.627566,-207013.510292,2.985615,2195607.000000,1874874.000000,3722527.000000,334752.000000,1282372.000000,1952.000000,539.000000,1146.000000,164.000000,144.000000,453.000000,125.000000,266.000000,38.000000,33.000000,2784.000000,769.000000,1633.000000,233.000000,205.000000,15.000000,8.000000,18.000000,3.000000,5.000000,0.000000,6.000000,12.000000,2.000000,4.000000,0.000000,7.000000,15.000000,2.000000,5.000000,8097.000000,2266.000000,4820.000000,695.000000,601.000000,3.000000,
0.041520,0.776042,0.311314,0.017618,0.627566,-207013.510292,2.985615,2195607.000000,1874874.000000,3722527.000000,334752.000000,1282372.000000,1952.000000,539.000000,1146.000000,164.000000,144.000000,453.000000,125.000000,266.000000,38.000000,33.000000,2784.000000,769.000000,1633.000000,233.000000,205.000000,15.000000,8.000000,18.000000,3.000000,5.000000,0.000000,6.000000,12.000000,2.000000,4.000000,0.000000,7.000000,15.000000,2.000000,5.000000,8097.000000,2266.000000,4820.000000,695.000000,601.000000,3.000000,
0.041520,0.776042,0.311314,0.017618,0.627566,-207013.510292,2.985615,2195607.000000,1874874.000000,3722527.000000,334752.000000,1282372.000000,1952.000000,539.000000,1146.000000,164.000000,144.000000,453.000000,125.000000,266.000000,38.000000,33.000000,2784.000000,769.000000,1633.000000,233.000000,205.000000,15.000000,8.000000,18.000000,3.000000,5.000000,0.000000,6.000000,12.000000,2.000000,4.000000,0.000000,7.000000,15.000000,2.000000,5.000000,8097.000000,2266.000000,4820.000000,695.000000,601.000000,3.000000,
0.041520,0.776042,0.311314,0.017618,0.627566,-207013.510292,2.985615,2195607.000000,1874874.000000,3722527.000000,334752.000000,1282372.000000,1952.000000,539.000000,1146.000000,164.000000,144.000000,453.000000,125.000000,266.000000,38.000000,33.000000,2784.000000,769.000000,1633.000000,233.000000,205.000000,15.000000,8.000000,18.000000,3.000000,5.000000,0.000000,6.000000,12.000000,2.000000,4.000000,0.000000,7.000000,15.000000,2.000000,5.000000,8097.000000,2266.000000,4820.000000,695.000000,601.000000,3.000000,
0.041520,0.776042,0.311314,0.017618,0.627566,-207013.510292,2.985615,2195607.000000,1874874.000000,3722527.000000,334752.000000,1282372.000000,1952.000000,539.000000,1146.000000,164.000000,144.000000,453.000000,125.000000,266.000000,38.000000,33.000000,2784.000000,769.000000,1633.000000,233.000000,205.000000,15.000000,8.000000,18.000000,3.000000,5.000000,0.000000,6.000000,12.000000,2.000000,4.000000,0.000000,7.000000,15.000000,2.000000,5.000000,8097.000000,2266.000000,4820.000000,695.000000,601.000000,3.000000,
0.041421,0.799966,0.316942,0.015028,0.653794,-207288.202349,2.988990,2195607.000000,1874874.000000,3722527.000000,334752.000000,1282372.000000,1952.000000,539.000000,1146.000000,164.000000,144.000000,453.000000,125.000000,266.000000,38.000000,33.000000,2784.000000,769.000000,1633.000000,233.000000,205.000000,15.000000,8.000000,18.000000,3.000000,5.000000,0.000000,6.000000,12.000000,2.000000,4.000000,0.000000,7.000000,15.000000,2.000000,5.000000,8097.000000,2266.000000,4820.000000,695.000000,601.000000,3.000000,
0.041421,0.799966,0.316942,0.015028,0.653794,-207288.202349,2.988990,2195607.000000,1874874.000000,3722527.000000,334752.000000,1282372.000000,1952.000000,539.000000,1146.000000,164.000000,144.000000,453.000000,125.000000,266.000000,38.000000,33.000000,2784.000000,769.000000,1633.000000,233.000000,205.000000,15.000000,8.000000,18.000000,3.000000,5.000000,0.000000,6.000000,12.000000,2.000000,4.000000,0.000000,7.000000,15.000000,2.000000,5.000000,8097.000000,2266.000000,4820.000000,695.000000,601.000000,3.000000,
0.041421,0.799966,0.316942,0.015028,0.653794,-207288.202349,2.988990,2195607.000000,1874874.000000,3722527.000000,334752.000000,1282372.000000,1952.000000,539.000000,1146.000000,164.000000,144.000000,453.000000,125.000000,266.000000,38.000000,33.000000,2784.000000,769.000000,1633.000000,233.000000,205.000000,15.000000,8.000000,18.000000,3.000000,5.000000,0.000000,6.000000,12.000000,2.000000,4.000000,0.000000,7.000000,15.000000,2.000000,5.000000,8097.000000,2266.000000,4820.000000,695.000000,601.000000,3.000000,
0.041421,0.799966,0.316942,0.015028,0.653794,-207288.202349,2.988990,2195607.000000,1874874.000000,3722527.000000,334752.000000,1282372.000000,1952.000000,539.000000,1146.000000,164.000000,144.000000,453.000000,125.000000,266.000000,38.000000,33.000000,2784.000000,769.000000,1633.000000,233.000000,205.000000,15.000000,8.000000,18.000000,3.000000,5.000000,0.000000,6.000000,12.000000,2.000000,4.000000,0.000000,7.000000,15.000000,2.000000,5.000000,8097.000000,2266.000000,4820.000000,695.000000,601.000000,3.000000,
0.041421,0.799966,0.316942,0.015028,0.653794,-207288.202349,2.988990,2195607.000000,1874874.000000,3722527.000000,334752.000000,1282372.000000,1952.000000,539.000000,1146.000000,164.000000,144.000000,453.000000,125.000000,266.000000,38.000000,33.000000,2784.000000,769.000000,1633.000000,233.000000,205.000000,15.000000,8.000000,18.000000,3.000000,5.000000,0.000000,6.000000,12.000000,2.000000,4.000000,0.000000,7.000000,15.000000,2.000000,5.000000,8097.000000,2266.000000,4820.000000,695.000000,601.000000,3.000000,
0.041421,0.799966,0.316942,0.015028,0.653794,-207288.202349,2.988990,2195607.000000,1874874.000000,3722527.000000,334752.000000,1282372.000000,1952.000000,539.000000,1146.000000,164.000000,144.000000,453.000000,125.000000,266.000000,38.000000,33.000000,2784.000000,769.000000,1633.000000,233.000000,205.000000,15.000000,8.000000,18.000000,3.000000,5.000000,0.000000,6.000000,12.000000,2.000000,4.000000,0.000000,7.000000,15.000000,2.000000,5.000000,8097.000000,2266.000000,4820.000000,695.000000,601.000000,3.000000,
0.041421,0.799966,0.316942,0.015028,0.653794,-207288.202349,2.988990,2195607.000000,1874874.000000,3722527.000000,334752.000000,1282372.000000,1952.000000,539.000000,1146.000000,164.000000,144.000000,453.000000,125.000000,266.000000,38.000000,33.000000,2784.000000,769.000000,1633.000000,233.000000,205.000000,15.000000,8.000000,18.000000,3.000000,5.000000,0.000000,6.000000,12.000000,2.000000,4.000000,0.000000,7.000000,15.000000,2.000000,5.000000,8097.000000,2266.000000,4820.000000,695.000000,601.000000,3.000000,
0.041421,0.799966,0.316942,0.015028,0.653794,-207288.202349,2.988990,2195607.000000,1874874.000000,3722527.000000,334752.000000,1282372.000000,1952.000000,539.000000,1146.000000,164.000000,144.000000,453.000000,125.000000,266.000000,38.000000,33.000000,2784.000000,769.000000,1633.000000,233.000000,205.000000,15.000000,8.000000,18.000000,3.000000,5.000000,0.000000,6.000000,12.000000,2.000000,4.000000,0.000000,7.000000,15.000000,2.000000,5.000000,8097.000000,2266.000000,4820.000000,695.000000,601.000000,3.000000,
0.040259,0.947129,0.363338,0.009794,0.596958,-209629.132937,2.989430,2195607.000000,1874874.000000,3722527.000000,334752.000000,1282372.000000,1952.000000,539.000000,1146.000000,164.000000,144.000000,453.000000,125.000000,266.000000,38.000000,33.000000,2784.000000,769.000000,1633.000000,233.000000,205.000000,15.000000,8.000000,18.000000,3.000000,5.000000,0.000000,6.000000,12.000000,2.000000,4.000000,0.000000,7.000000,15.000000,2.000000,5.000000,8097.000000,2266.000000,4820.000000,695.000000,601.000000,3.000000,
0.040259,0.947129,0.363338,0.009794,0.596958,-209629.132937,2.989430,2195607.000000,1874874.000000,3722527.000000,334752.000000,1282372.000000,1952.000000,539.000000,1146.000000,164.000000,144.000000,453.000000,125.000000,266.000000,38.000000,33.000000,2784.000000,769.000000,1633.000000,233.000000,205.000000,15.000000,8.000000,18.000000,3.000000,5.000000,0.000000,6.000000,12.000000,2.000000,4.000000,0.000000,7.000000,15.000000,2.000000,5.000000,8097.000000,2266.000000,4820.000000,695.000000,601.000000,3.000000,
0.040259,0.947129,0.363338,0.009794,0.596958,-209629.132937,2.989430,2195607.000000,1874874.000000,3722527.000000,334752.000000,1282372.000000,1952.000000,539.000000,1146.000000,164.000000,144.000000,453.000000,125.000000,266.000000,38.000000,33.000000,2784.000000,769.000000,1633.000000,233.000000,205.000000,15.000000,8.000000,18.000000,3.000000,5.000000,0.000000,6.000000,12.000000,2.000000,4.000000,0.000000,7.000000,15.000000,2.000000,5.000000,8097.000000,2266.000000,4820.000000,695.000000,601.000000,3.000000,
0.040259,0.947129,0.363338,0.009794,0.596958,-209629.132937,2.989430,2195607.000000,1874874.000000,3722527.000000,334752.000000,1282372.000000,1952.000000,539.000000,1146.000000,164.000000,144.000000,453.000000,125.000000,266.000000,38.000000,33.000000,2784.000000,769.000000,1633.000000,233.000000,205.000000,15.000000,8.000000,18.000000,3.000000,5.000000,0.000000,6.000000,12.000000,2.000000,4.000000,0.000000,7.000000,15.000000,2.000000,5.000000,8097.000000,2266.000000,4820.000000,695.000000,601.000000,3.000000,
0.040259,0.947129,0.363338,0.009794,0.596958,-209629.132937,2.989430,2195607.000000,1874874.000000,3722527.000000,334752.000000,1282372.000000,1952.000000,539.000000,1146.000000,164.000000,144.000000,453.000000,125.000000,266.000000,38.000000,33.000000,2784.000000,769.000000,1633.000000,233.000000,205.000000,15.000000,8.000000,18.000000,3.000000,5.000000,0.000000,6.000000,12.000000,2.000000,4.000000,0.000000,7.000000,15.000000,2.000000,5.000000,8097.000000,2266.000000,4820.000000,695.000000,601.000000,3.000000,
0.040259,0.947129,0.363338,0.009794,0.596958,-209629.132937,2.989430,2195607.000000,1874874.000000,3722527.000000,334752.000000,1282372.000000,1952.000000,539.000000,1146.000000,164.000000,144.000000,453.000000,125.000000,266.000000,38.000000,33.000000,2784.000000,769.000000,1633.000000,233.000000,205.000000,15.000000,8.000000,18.000000,3.000000,5.000000,0.000000,6.000000,12.000000,2.000000,4.000000,0.000000,7.000000,15.000000,2.000000,5.000000,8097.000000,2266.000000,4820.000000,695.000000,601.000000,3.000000,
0.040259,0.947129,0.363338,0.009794,0.596958,-209629.132937,2.989430,2195607.000000,1874874.000000,3722527.000000,334752.000000,1282372.000000,1952.000000,539.000000,1146.000000,164.000000,144.000000,453.000000,125.000000,266.000000,38.000000,33.000000,2784.000000,769.000000,1633.000000,233.000000,205.000000,15.000000,8.000000,18.000000,3.000000,5.000000,0.000000,6.000000,12.000000,2.000000,4.000000,0.000000,7.000000,15.000000,2.000000,5.000000,8097.000000,2266.000000,4820.000000,695.000000,601.000000,3.000000,
0.040259,0.947129,0.363338,0.009794,0.596958,-209629.132937,2.989430,2195607.000000,1874874.000000,3722527.000000,334752.000000,1282372.000000,1952.000000,539.000000,1146.000000,164.000000,144.000000,453.000000,125.000000,266.000000,38.000000,33.000000,2784.000000,769.000000,1633.000000,233.000000,205.000000,15.000000,8.000000,18.000000,3.000000,5.000000,0.000000,6.000000,12.000000,2.000000,4.000000,0.000000,7.000000,15.000000,2.000000,5.000000,8097.000000,2266.000000,4820.000000,695.000000,601.000000,3.000000,
0.040259,0.947129,0.363338,0.009794,0.596958,-209629.132937,2.989430,2195607.000000,1874874.000000,3722527.000000,334752.000000,1282372.000000,1952.000000,539.000000,1146.000000,164.000000,144.000000,453.000000,125.000000,266.000000,38.000000,33.000000,2784.000000,769.000000,1633.000000,233.000000,205.000000,15.000000,8.000000,18.000000,3.000000,5.000000,0.000000,6.000000,12.000000,2.000000,4.000000,0.000000,7.000000,15.000000,2.000000,5.000000,8097.000000,2266.000000,4820.000000,695.000000,601.000000,3.000000,
0.040259,0.947129,0.363338,0.009794,0.596958,-209629.132937,2.989430,2195607.000000,1874874.000000,3722527.000000,334752.000000,1282372.000000,1952.000000,539.000000,1146.000000,164.000000,144.000000,453.000000,125.000000,266.000000,38.000000,33.000000,2784.000000,769.000000,1633.000000,233.000000,205.000000,15.000000,8.000000,18.000000,3.000000,5.000000,0.000000,6.000000,12.000000,2.000000,4.000000,0.000000,7.000000,15.000000,2.000000,5.000000,8097.000000,2266.000000,4820.000000,695.000000,601.000000,3.000000,
0.040186,0.763286,0.369515,0.016131,0.612905,-209951.545241,2.995280,2195607.000000,1874874.000000,3722527.000000,334752.000000,1282372.000000,1952.000000,539.000000,1146.000000,164.000000,144.000000,453.000000,125.000000,266.000000,38.000000,33.000000,2784.000000,769.000000,1633.000000,233.000000,205.000000,15.000000,8.000000,18.000000,3.000000,5.000000,0.000000,6.000000,12.000000,2.000000,4.000000,0.000000,7.000000,15.000000,2.000000,5.000000,8097.000000,2266.000000,4820.000000,695.000000,601.000000,3.000000,
0.040186,0.763286,0.369515,0.016131,0.612905,-209951.545241,2.995280,2195607.000000,1874874.000000,3722527.000000,334752.000000,1282372.000000,1952.000000,539.000000,1146.000000,164.000000,144.000000,453.000000,125.000000,266.000000,38.000000,33.000000,2784.000000,769.000000,1633.000000,233.000000,205.000000,15.000000,8.000000,18.000000,3.000000,5.000000,0.000000,6.000000,12.000000,2.000000,4.000000,0.000000,7.000000,15.000000,2.000000,5.000000,8097.000000,2266.000000,4820.000000,695.000000,601.000000,3.000000,
0.040186,0.763286,0.369515,0.016131,0.612905,-209951.545241,2.995280,2195607.000000,1874874.000000,3722527.000000,334752.000000,1282372.000000,1952.000000,539.000000,1146.000000,164.000000,144.000000,453.000000,125.000000,266.000000,38.000000,33.000000,2784.000000,769.000000,1633.000000,233.000000,205.000000,15.000000,8.000000,18.000000,3.000000,5.000000,0.000000,6.000000,12.000000,2.000000,4.000000,0.000000,7.000000,15.000000,2.000000,5.000000,8097.000000,2266.000000,4820.000000,695.000000,601.000000,3.000000,
0.040186,0.763286,0.369515,0.016131,0.612905,-209951.545241,2.995280,2195607.000000,1874874.000000,3722527.000000,334752.000000,1282372.000000,1952.000000,539.000000,1146.000000,164.000000,144.000000,453.000000,125.000000,266.000000,38.000000,33.000000,2784.000000,769.000000,1633.000000,233.000000,205.000000,15.000000,8.000000,18.000000,3.000000,5.000000,0.000000,6.000000,12.000000,2.000000,4.000000,0.000000,7.000000,15.000000,2.000000,5.000000,8097.000000,2266.000000,4820.000000,695.000000,601.000000,3.000000,
0.040126,0.933940,0.375118,0.014853,0.596950,-210246.223202,3.000943,2195607.000000,1874874.000000,3722527.000000,334752.000000,1282372.000000,1952.000000,539.000000,1146.000000,164.000000,144.000000,453.000000,125.000000,266.000000,38.000000,33.000000,2784.000000,769.000000,1633.000000,233.000000,205.000000,15.000000,8.000000,18.000000,3.000000,5.000000,0.000000,6.000000,12.000000,2.000000,4.000000,0.000000,7.000000,15.000000,2.000000,5.000000,8097.000000,2266.000000,4820.000000,695.000000,601.000000,3.000000,
0.040183,0.651442,0.369910,0.013734,0.610404,-209972.228267,2.995733,2195607.000000,1874874.000000,3722527.000000,334752.000000,1282372.000000,1952.000000,539.000000,1146.000000,164.000000,144.000000,453.000000,125.000000,266.000000,38.000000,33.000000,2784.000000,769.000000,1633.000000,233.000000,205.000000,15.000000,8.000000,18.000000,3.000000,5.000000,0.000000,6.000000,12.000000,2.000000,4.000000,0.000000,7.000000,15.000000,2.000000,5.000000,8097.000000,2266.000000,4820.000000,695.000000,601.000000,3.000000,
0.040073,0.658649,0.378018,0.007578,0.500058,-210399.527385,3.002181,2195607.000000,1874874.000000,3722527.000000,334752.000000,1282372.000000,1952.000000,539.000000,1146.000000,164.000000,144.000000,453.000000,125.000000,266.000000,38.000000,33.000000,2784.000000,769.000000,1633.000000,233.000000,205.000000,15.000000,8.000000,18.000000,3.000000,5.000000,0.000000,6.000000,12.000000,2.000000,4.000000,0.000000,7.000000,15.000000,2.000000,5.000000,8097.000000,2266.000000,4820.000000,695.000000,601.000000,3.000000,
0.040073,0.658649,0.378018,0.007578,0.500058,-210399.527385,3.002181,2195607.000000,1874874.000000,3722527.000000,334752.000000,1282372.000000,1952.000000,539.000000,1146.000000,164.000000,144.000000,453.000000,125.000000,266.000000,38.000000,33.000000,2784.000000,769.000000,1633.000000,233.000000,205.000000,15.000000,8.000000,18.000000,3.000000,5.000000,0.000000,6.000000,12.000000,2.000000,4.000000,0.000000,7.000000,15.000000,2.000000,5.000000,8097.000000,2266.000000,4820.000000,695.000000,601.000000,3.000000,
0.040073,0.658649,0.378018,0.007578,0.500058,-210399.527385,3.002181,2195607.000000,1874874.000000,3722527.000000,334752.000000,1282372.000000,1952.000000,539.000000,1146.000000,164.000000,144.000000,453.000000,125.000000,266.000000,38.000000,33.000000,2784.000000,769.000000,1633.000000,233.000000,205.000000,15.000000,8.000000,18.000000,3.000000,5.000000,0.000000,6.000000,12.000000,2.000000,4.000000,0.000000,7.000000,15.000000,2.000000,5.000000,8097.000000,2266.000000,4820.000000,695.000000,601.000000,3.000000,
0.040073,0.658649,0.378018,0.007578,0.500058,-210399.527385,3.002181,2195607.000000,1874874.000000,3722527.000000,334752.000000,1282372.000000,1952.000000,539.000000,1146.000000,164.000000,144.000000,453.000000,125.000000,266.000000,38.000000,33.000000,2784.000000,769.000000,1633.000000,233.000000,205.000000,15.000000,8.000000,18.000000,3.000000,5.000000,0.000000,6.000000,12.000000,2.000000,4.000000,0.000000,7.000000,15.000000,2.000000,5.000000,8097.000000,2266.000000,4820.000000,695.000000,601.000000,3.000000,
0.040073,0.658649,0.378018,0.007578,0.500058,-210399.527385,3.002181,2195607.000000,1874874.000000,3722527.000000,334752.000000,1282372.000000,1952.000000,539.000000,1146.000000,164.000000,144.000000,453.000000,125.000000,266.000000,38.000000,33.000000,2784.000000,769.000000,1633.000000,233.000000,205.000000,15.000000,8.000000,18.000000,3.000000,5.000000,0.000000,6.000000,12.000000,2.000000,4.000000,0.000000,7.000000,15.000000,2.000000,5.000000,8097.000000,2266.000000,4820.000000,695.000000,601.000000,3.000000,
0.040073,0.658649,0.378018,0.007578,0.500058,-210399.527385,3.002181,2195607.000000,1874874.000000,3722527.000000,334752.000000,1282372.000000,1952.000000,539.000000,1146.000000,164.000000,144.000000,453.000000,125.000000,266.000000,38.000000,33.000000,2784.000000,769.000000,1633.000000,233.000000,205.000000,15.000000,8.000000,18.000000,3.000000,5.000000,0.000000,6.000000,12.000000,2.000000,4.000000,0.000000,7.000000,15.000000,2.000000,5.000000,8097.000000,2266.000000,4820.000000,695.000000,601.000000,3.000000,
0.040073,0.658649,0.378018,0.007578,0.500058,-210399.527385,3.002181,2195607.000000,1874874.000000,3722527.000000,334752.000000,1282372.000000,1952.000000,539.000000,1146.000000,164.000000,144.000000,453.000000,125.000000,266.000000,38.000000,33.000000,2784.000000,769.000000,1633.000000,233.000000,205.000000,15.000000,8.000000,18.000000,3.000000,5.000000,0.000000,6.000000,12.000000,2.000000,4.000000,0.000000,7.000000,15.000000,2.000000,5.000000,8097.000000,2266.000000,4820.000000,695.000000,601.000000,3.000000,
0.040073,0.658649,0.378018,0.007578,0.500058,-210399.527385,3.002181,2195607.000000,1874874.000000,3722527.000000,334752.000000,1282372.000000,1952.000000,539.000000,1146.000000,164.000000,144.000000,453.000000,125.000000,266.000000,38.000000,33.000000,2784.000000,769.000000,1633.000000,233.000000,205.000000,15.000000,8.000000,18.000000,3.000000,5.000000,0.000000,6.000000,12.000000,2.000000,4.000000,0.000000,7.000000,15.000000,2.000000,5.000000,8097.000000,2266.000000,4820.000000,695.000000,601.000000,3.000000,
0.040073,0.658649,0.378018,0.007578,0.500058,-210399.527385,3.002181,2195607.000000,1874874.000000,3722527.000000,334752.000000,1282372.000000,1952.000000,539.000000,1146.000000,164.000000,144.000000,453.000000,125.000000,266.000000,38.000000,33.000000,2784.000000,769.000000,1633.000000,233.000000,205.000000,15.000000,8.000000,18.000000,3.000000,5.000000,0.000000,6.000000,12.000000,2.000000,4.000000,0.000000,7.000000,15.000000,2.000000,5.000000,8097.000000,2266.000000,4820.000000,695.000000,601.000000,3.000000,
0.040073,0.658649,0.378018,0.007578,0.500058,-210399.527385,3.002181,2195607.000000,1874874.000000,3722527.000000,334752.000000,1282372.000000,1952.000000,539.000000,1146.000000,164.000000,144.000000,453.000000,125.000000,266.000000,38.000000,33.000000,2784.000000,769.000000,1633.000000,233.000000,205.000000,15.000000,8.000000,18.000000,3.000000,5.000000,0.000000,6.000000,12.000000,2.000000,4.000000,0.000000,7.000000,15.000000,2.000000,5.000000,8097.000000,2266.000000,4820.000000,695.000000,601.000000,3.000000,
0.040114,0.376922,0.377419,0.007197,0.511195,-210367.845453,3.004175,2195607.000000,1874874.000000,3722527.000000,334752.000000,1282372.000000,1952.000000,539.000000,1146.000000,164.000000,144.000000,453.000000,125.000000,266.000000,38.000000,33.000000,2784.000000,769.000000,1633.000000,233.000000,205.000000,15.000000,8.000000,18.000000,3.000000,5.000000,0.000000,6.000000,12.000000,2.000000,4.000000,0.000000,7.000000,15.000000,2.000000,5.000000,8097.000000,2266.000000,4820.000000,695.000000,601.000000,3.000000,
0.040095,0.576626,0.379234,0.007545,0.585390,-210464.028867,3.006086,2195607.000000,1874874.000000,3722527.000000,334752.000000,1282372.000000,1952.000000,539.000000,1146.000000,164.000000,144.000000,453.000000,125.000000,266.000000,38.000000,33.000000,2784.000000,769.000000,1633.000000,233.000000,205.000000,15.000000,8.000000,18.000000,3.000000,5.000000,0.000000,6.000000,12.000000,2.000000,4.000000,0.000000,7.000000,15.000000,2.000000,5.000000,8097.000000,2266.000000,4820.000000,695.000000,601.000000,3.000000,
0.040034,0.507659,0.380863,0.008932,0.469737,-210550.463179,3.004438,2195607.000000,1874874.000000,3722527.000000,334752.000000,1282372.000000,1952.000000,539.000000,1146.000000,164.000000,144.000000,453.000000,125.000000,266.000000,38.000000,33.000000,2784.000000,769.000000,1633.000000,233.000000,205.000000,15.000000,8.000000,18.000000,3.000000,5.000000,0.000000,6.000000,12.000000,2.000000,4.000000,0.000000,7.000000,15.000000,2.000000,5.000000,8097.000000,2266.000000,4820.000000,695.000000,601.000000,3.000000,
0.040034,0.507659,0.380863,0.008932,0.469737,-210550.463179,3.004438,2195607.000000,1874874.000000,3722527.000000,334752.000000,1282372.000000,1952.000000,539.000000,1146.000000,164.000000,144.000000,453.000000,125.000000,266.000000,38.000000,33.000000,2784.000000,769.000000,1633.000000,233.000000,205.000000,15.000000,8.000000,18.000000,3.000000,5.000000,0.000000,6.000000,12.000000,2.000000,4.000000,0.000000,7.000000,15.000000,2.000000,5.000000,8097.000000,2266.000000,4820.000000,695.000000,601.000000,3.000000,
0.040034,0.507659,0.380863,0.008932,0.469737,-210550.463179,3.004438,2195607.000000,1874874.000000,3722527.000000,334752.000000,1282372.000000,1952.000000,539.000000,1146.000000,164.000000,144.000000,453.000000,125.000000,266.000000,38.000000,33.000000,2784.000000,769.000000,1633.000000,233.000000,205.000000,15.000000,8.000000,18.000000,3.000000,5.000000,0.000000,6.000000,12.000000,2.000000,4.000000,0.000000,7.000000,15.000000,2.000000,5.000000,8097.000000,2266.000000,4820.000000,695.000000,601.000000,3.000000,
0.040034,0.507659,0.380863,0.008932,0.469737,-210550.463179,3.004438,2195607.000000,1874874.000000,3722527.000000,334752.000000,1282372.000000,1952.000000,539.000000,1146.000000,164.000000,144.000000,453.000000,125.000000,266.000000,38.000000,33.000000,2784.000000,769.000000,1633.000000,233.000000,205.000000,15.000000,8.000000,18.000000,3.000000,5.000000,0.000000,6.000000,12.000000,2.000000,4.000000,0.000000,7.000000,15.000000,2.000000,5.000000,8097.000000,2266.000000,4820.000000,695.000000,601.000000,3.000000,
0.040034,0.507659,0.380863,0.008932,0.469737,-210550.463179,3.004438,2195607.000000,1874874.000000,3722527.000000,334752.000000,1282372.000000,1952.000000,539.000000,1146.000000,164.000000,144.000000,453.000000,125.000000,266.000000,38.000000,33.000000,2784.000000,769.000000,1633.000000,233.000000,205.000000,15.000000,8.000000,18.000000,3.000000,5.000000,0.000000,6.000000,12.000000,2.000000,4.000000,0.000000,7.000000,15.000000,2.000000,5.000000,8097.000000,2266.000000,4820.000000,695.000000,601.000000,3.000000,
0.040034,0.507659,0.380863,0.008932,0.469737,-210550.463179,3.004438,2195607.000000,1874874.000000,3722527.000000,334752.000000,1282372.000000,1952.000000,539.000000,1146.000000,164.000000,144.000000,453.000000,125.000000,266.000000,38.000000,33.000000,2784.000000,769.000000,1633.000000,233.000000,205.000000,15.000000,8.000000,18.000000,3.000000,5.000000,0.000000,6.000000,12.000000,2.000000,4.000000,0.000000,7.000000,15.000000,2.000000,5.000000,8097.000000,2266.000000,4820.000000,695.000000,601.000000,3.000000,
0.040034,0.507659,0.380863,0.008932,0.469737,-210550.463179,3.004438,2195607.000000,1874874.000000,3722527.000000,334752.000000,1282372.000000,1952.000000,539.000000,1146.000000,164.000000,144.000000,453.000000,125.000000,266.000000,38.000000,33.000000,2784.000000,769.000000,1633.000000,233.000000,205.000000,15.000000,8.000000,18.000000,3.000000,5.000000,0.000000,6.000000,12.000000,2.000000,4.000000,0.000000,7.000000,15.000000,2.000000,5.000000,8097.000000,2266.000000,4820.000000,695.000000,601.000000,3.000000,
0.040034,0.507659,0.380863,0.008932,0.469737,-210550.463179,3.004438,2195607.000000,1874874.000000,3722527.000000,334752.000000,1282372.000000,1952.000000,539.000000,1146.000000,164.000000,144.000000,453.000000,125.000000,266.000000,38.000000,33.000000,2784.000000,769.000000,1633.000000,233.000000,205.000000,15.000000,8.000000,18.000000,3.000000,5.000000,0.000000,6.000000,12.000000,2.000000,4.000000,0.000000,7.000000,15.000000,2.000000,5.000000,8097.000000,2266.000000,4820.000000,695.000000,601.000000,3.000000,
0.040034,0.507659,0.380863,0.008932,0.469737,-210550.463179,3.004438,2195607.000000,1874874.000000,3722527.000000,334752.000000,1282372.000000,1952.000000,539.000000,1146.000000,164.000000,144.000000,453.000000,125.000000,266.000000,38.000000,33.000000,2784.000000,769.000000,1633.000000,233.000000,205.000000,15.000000,8.000000,18.000000,3.000000,5.000000,0.000000,6.000000,12.000000,2.000000,4.000000,0.000000,7.000000,15.000000,2.000000,5.000000,8097.000000,2266.000000,4820.000000,695.000000,601.000000,3.000000,
0.040034,0.507659,0.380863,0.008932,0.469737,-210550.463179,3.004438,2195607.000000,1874874.000000,3722527.000000,334752.000000,1282372.000000,1952.000000,539.000000,1146.000000,164.000000,144.000000,453.000000,125.000000,266.000000,38.000000,33.000000,2784.000000,769.000000,1633.000000,233.000000,205.000000,15.000000,8.000000,18.000000,3.000000,5.000000,0.000000,6.000000,12.000000,2.000000,4.000000,0.000000,7.000000,15.000000,2.000000,5.000000,8097.000000,2266.000000,4820.000000,695.000000,601.000000,3.000000,
0.040034,0.507659,0.380863,0.008932,0.469737,-210550.463179,3.004438,2195607.000000,1874874.000000,3722527.000000,334752.000000,1282372.000000,1952.000000,539.000000,1146.000000,164.000000,144.000000,453.000000,125.000000,266.000000,38.000000,33.000000,2784.000000,769.000000,1633.000000,233.000000,205.000000,15.000000,8.000000,18.000000,3.000000,5.000000,0.000000,6.000000,12.000000,2.000000,4.000000,0.000000,7.000000,15.000000,2.000000,5.000000,8097.000000,2266.000000,4820.000000,695.000000,601.000000,3.000000,
0.040034,0.507659,0.380863,0.008932,0.469737,-210550.463179,3.004438,2195607.000000,1874874.000000,3722527.000000,334752.000000,1282372.000000,1952.000000,539.000000,1146.000000,164.000000,144.000000,453.000000,125.000000,266.000000,38.000000,33.000000,2784.000000,769.000000,1633.000000,233.000000,205.000000,15.000000,8.000000,18.000000,3.000000,5.000000,0.000000,6.000000,12.000000,2.000000,4.000000,0.000000,7.000000,15.000000,2.000000,5.000000,8097.000000,2266.000000,4820.000000,695.000000,601.000000,3.000000,
0.040034,0.507659,0.380863,0.008932,0.469737,-210550.463179,3.004438,2195607.000000,1874874.000000,3722527.000000,334752.000000,1282372.000000,1952.000000,539.000000,1146.000000,164.000000,144.000000,453.000000,125.000000,266.000000,38.000000,33.000000,2784.000000,769.000000,1633.000000,233.000000,205.000000,15.000000,8.000000,18.000000,3.000000,5.000000,0.000000,6.000000,12.000000,2.000000,4.000000,0.000000,7.000000,15.000000,2.000000,5.000000,8097.000000,2266.000000,4820.000000,695.000000,601.000000,3.000000,
0.040034,0.507659,0.380863,0.008932,0.469737,-210550.463179,3.004438,2195607.000000,1874874.000000,3722527.000000,334752.000000,1282372.000000,1952.000000,539.000000,1146.000000,164.000000,144.000000,453.000000,125.000000,266.000000,38.000000,33.000000,2784.000000,769.000000,1633.000000,233.000000,205.000000,15.000000,8.000000,18.000000,3.000000,5.000000,0.000000,6.000000,12.000000,2.000000,4.000000,0.000000,7.000000,15.000000,2.000000,5.000000,8097.000000,2266.000000,4820.000000,695.000000,601.000000,3.000000,
0.040264,0.497913,0.373640,0.005403,0.585472,-210168.489394,3.008533,2195607.000000,1874874.000000,3722527.000000,334752.000000,1282372.000000,1952.000000,539.000000,1146.000000,164.000000,144.000000,453.000000,125.000000,266.000000,38.000000,33.000000,2784.000000,769.000000,1633.000000,233.000000,205.000000,15.000000,8.000000,18.000000,3.000000,5.000000,0.000000,6.000000,12.000000,2.000000,4.000000,0.000000,7.000000,15.000000,2.000000,5.000000,8097.000000,2266.000000,4820.000000,695.000000,601.000000,3.000000,
0.040364,0.500597,0.372914,0.004940,0.483600,-210130.460633,3.014739,2195607.000000,1874874.000000,3722527.000000,334752.000000,1282372.000000,1952.000000,539.000000,1146.000000,164.000000,144.000000,453.000000,125.000000,266.000000,38.000000,33.000000,2784.000000,769.000000,1633.000000,233.000000,205.000000,15.000000,8.000000,18.000000,3.000000,5.000000,0.000000,6.000000,12.000000,2.000000,4.000000,0.000000,7.000000,15.000000,2.000000,5.000000,8097.000000,2266.000000,4820.000000,695.000000,601.000000,3.000000,
0.040504,0.682093,0.371599,0.002349,0.527539,-210061.553826,3.022752,2195607.000000,1874874.000000,3722527.000000,334752.000000,1282372.000000,1952.000000,539.000000,1146.000000,164.000000,144.000000,453.000000,125.000000,266.000000,38.000000,33.000000,2784.000000,769.000000,1633.000000,233.000000,205.000000,15.000000,8.000000,18.000000,3.000000,5.000000,0.000000,6.000000,12.000000,2.000000,4.000000,0.000000,7.000000,15.000000,2.000000,5.000000,8097.000000,2266.000000,4820.000000,695.000000,601.000000,3.000000,
0.040504,0.682093,0.371599,0.002349,0.527539,-210061.553826,3.022752,2195607.000000,1874874.000000,3722527.000000,334752.000000,1282372.000000,1952.000000,539.000000,1146.000000,164.000000,144.000000,453.000000,125.000000,266.000000,38.000000,33.000000,2784.000000,769.000000,1633.000000,233.000000,205.000000,15.000000,8.000000,18.000000,3.000000,5.000000,0.000000,6.000000,12.000000,2.000000,4.000000,0.000000,7.000000,15.000000,2.000000,5.000000,8097.000000,2266.000000,4820.000000,695.000000,601.000000,3.000000,
0.040504,0.682093,0.371599,0.002349,0.527539,-210061.553826,3.022752,2195607.000000,1874874.000000,3722527.000000,334752.000000,1282372.000000,1952.000000,539.000000,1146.000000,164.000000,144.000000,453.000000,125.000000,266.000000,38.000000,33.000000,2784.000000,769.000000,1633.000000,233.000000,205.000000,15.000000,8.000000,18.000000,3.000000,5.000000,0.000000,6.000000,12.000000,2.000000,4.000000,0.000000,7.000000,15.000000,2.000000,5.000000,8097.000000,2266.000000,4820.000000,695.000000,601.000000,3.000000,
0.040504,0.682093,0.371599,0.002349,0.527539,-210061.553826,3.022752,2195607.000000,1874874.000000,3722527.000000,334752.000000,1282372.000000,1952.000000,539.000000,1146.000000,164.000000,144.000000,453.000000,125.000000,266.000000,38.000000,33.000000,2784.000000,769.000000,1633.000000,233.000000,205.000000,15.000000,8.000000,18.000000,3.000000,5.000000,0.000000,6.000000,12.000000,2.000000,4.000000,0.000000,7.000000,15.000000,2.000000,5.000000,8097.000000,2266.000000,4820.000000,695.000000,601.000000,3.000000,
0.040504,0.682093,0.371599,0.002349,0.527539,-210061.553826,3.022752,2195607.000000,1874874.000000,3722527.000000,334752.000000,1282372.000000,1952.000000,539.000000,1146.000000,164.000000,144.000000,453.000000,125.000000,266.000000,38.000000,33.000000,2784.000000,769.000000,1633.000000,233.000000,205.000000,15.000000,8.000000,18.000000,3.000000,5.000000,0.000000,6.000000,12.000000,2.000000,4.000000,0.000000,7.000000,15.000000,2.000000,5.000000,8097.000000,2266.000000,4820.000000,695.000000,601.000000,3.000000,
0.040504,0.682093,0.371599,0.002349,0.527539,-210061.553826,3.022752,2195607.000000,1874874.000000,3722527.000000,334752.000000,1282372.000000,1952.000000,539.000000,1146.000000,164.000000,144.000000,453.000000,125.000000,266.000000,38.000000,33.000000,2784.000000,769.000000,1633.000000,233.000000,205.000000,15.000000,8.000000,18.000000,3.000000,5.000000,0.000000,6.000000,12.000000,2.000000,4.000000,0.000000,7.000000,15.000000,2.000000,5.000000,8097.000000,2266.000000,4820.000000,695.000000,601.000000,3.000000,
0.040369,0.398298,0.378859,0.004047,0.422425,-210444.675502,3.025930,2195607.000000,1874874.000000,3722527.000000,334752.000000,1282372.000000,1952.000000,539.000000,1146.000000,164.000000,144.000000,453.000000,125.000000,266.000000,38.000000,33.000000,2784.000000,769.000000,1633.000000,233.000000,205.000000,15.000000,8.000000,18.000000,3.000000,5.000000,0.000000,6.000000,12.000000,2.000000,4.000000,0.000000,7.000000,15.000000,2.000000,5.000000,8097.000000,2266.000000,4820.000000,695.000000,601.000000,3.000000,
0.040319,0.992700,0.380606,0.002499,0.466488,-210537.349940,3.025322,2195607.000000,1874874.000000,3722527.000000,334752.000000,1282372.000000,1952.000000,539.000000,1146.000000,164.000000,144.000000,453.000000,125.000000,266.000000,38.000000,33.000000,2784.000000,769.000000,1633.000000,233.000000,205.000000,15.000000,8.000000,18.000000,3.000000,5.000000,0.000000,6.000000,12.000000,2.000000,4.000000,0.000000,7.000000,15.000000,2.000000,5.000000,8097.000000,2266.000000,4820.000000,695.000000,601.000000,3.000000,
0.040319,0.992700,0.380606,0.002499,0.466488,-210537.349940,3.025322,2195607.000000,1874874.000000,3722527.000000,334752.000000,1282372.000000,1952.000000,539.000000,1146.000000,164.000000,144.000000,453.000000,125.000000,266.000000,38.000000,33.000000,2784.000000,769.000000,1633.000000,233.000000,205.000000,15.000000,8.000000,18.000000,3.000000,5.000000,0.000000,6.000000,12.000000,2.000000,4.000000,0.000000,7.000000,15.000000,2.000000,5.000000,8097.000000,2266.000000,4820.000000,695.000000,601.000000,3.000000,
0.040319,0.992700,0.380606,0.002499,0.466488,-210537.349940,3.025322,2195607.000000,1874874.000000,3722527.000000,334752.000000,1282372.000000,1952.000000,539.000000,1146.000000,164.000000,144.000000,453.000000,125.000000,266.000000,38.000000,33.000000,2784.000000,769.000000,1633.000000,233.000000,205.000000,15.000000,8.000000,18.000000,3.000000,5.000000,0.000000,6.000000,12.000000,2.000000,4.000000,0.000000,7.000000,15.000000,2.000000,5.000000,8097.000000,2266.000000,4820.000000,695.000000,601.000000,3.000000,
0.040327,0.643172,0.380993,0.003727,0.471893,-210557.943009,3.026645,2195607.000000,1874874.000000,3722527.000000,334752.000000,1282372.000000,1952.000000,539.000000,1146.000000,164.000000,144.000000,453.000000,125.000000,266.000000,38.000000,33.000000,2784.000000,769.000000,1633.000000,233.000000,205.000000,15.000000,8.000000,18.000000,3.000000,5.000000,0.000000,6.000000,12.000000,2.000000,4.000000,0.000000,7.000000,15.000000,2.000000,5.000000,8097.000000,2266.000000,4820.000000,695.000000,601.000000,3.000000,
0.040327,0.643172,0.380993,0.003727,0.471893,-210557.943009,3.026645,2195607.000000,1874874.000000,3722527.000000,334752.000000,1282372.000000,1952.000000,539.000000,1146.000000,164.000000,144.000000,453.000000,125.000000,266.000000,38.000000,33.000000,2784.000000,769.000000,1633.000000,233.000000,205.000000,15.000000,8.000000,18.000000,3.000000,5.000000,0.000000,6.000000,12.000000,2.000000,4.000000,0.000000,7.000000,15.000000,2.000000,5.000000,8097.000000,2266.000000,4820.000000,695.000000,601.000000,3.000000,
0.040327,0.643172,0.380993,0.003727,0.471893,-210557.943009,3.026645,2195607.000000,1874874.000000,3722527.000000,334752.000000,1282372.000000,1952.000000,539.000000,1146.000000,164.000000,144.000000,453.000000,125.000000,266.000000,38.000000,33.000000,2784.000000,769.000000,1633.000000,233.000000,205.000000,15.000000,8.000000,18.000000,3.000000,5.000000,0.000000,6.000000,12.000000,2.000000,4.000000,0.000000,7.000000,15.000000,2.000000,5.000000,8097.000000,2266.000000,4820.000000,695.000000,601.000000,3.000000,
0.040327,0.643172,0.380993,0.003727,0.471893,-210557.943009,3.026645,2195607.000000,1874874.000000,3722527.000000,334752.000000,1282372.000000,1952.000000,539.000000,1146.000000,164.000000,144.000000,453.000000,125.000000,266.000000,38.000000,33.000000,2784.000000,769.000000,1633.000000,233.000000,205.000000,15.000000,8.000000,18.000000,3.000000,5.000000,0.000000,6.000000,12.000000,2.000000,4.000000,0.000000,7.000000,15.000000,2.000000,5.000000,8097.000000,2266.000000,4820.000000,695.000000,601.000000,3.000000,
0.040327,0.643172,0.380993,0.003727,0.471893,-210557.943009,3.026645,2195607.000000,1874874.000000,3722527.000000,334752.000000,1282372.000000,1952.000000,539.000000,1146.000000,164.000000,144.000000,453.000000,125.000000,266.000000,38.000000,33.000000,2784.000000,769.000000,1633.000000,233.000000,205.000000,15.000000,8.000000,18.000000,3.000000,5.000000,0.000000,6.000000,12.000000,2.000000,4.000000,0.000000,7.000000,15.000000,2.000000,5.000000,8097.000000,2266.000000,4820.000000,695.000000,601.000000,3.000000,
0.040327,0.643172,0.380993,0.003727,0.471893,-210557.943009,3.026645,2195607.000000,1874874.000000,3722527.000000,334752.000000,1282372.000000,1952.000000,539.000000,1146.000000,164.000000,144.000000,453.000000,125.000000,266.000000,38.000000,33.000000,2784.000000,769.000000,1633.000000,233.000000,205.000000,15.000000,8.000000,18.000000,3.000000,5.000000,0.000000,6.000000,12.000000,2.000000,4.000000,0.000000,7.000000,15.000000,2.000000,5.000000,8097.000000,2266.000000,4820.000000,695.000000,601.000000,3.000000,
0.040327,0.643172,0.380993,0.003727,0.471893,-210557.943009,3.026645,2195607.000000,1874874.000000,3722527.000000,334752.000000,1282372.000000,1952.000000,539.000000,1146.000000,164.000000,144.000000,453.000000,125.000000,266.000000,38.000000,33.000000,2784.000000,769.000000,1633.000000,233.000000,205.000000,15.000000,8.000000,18.000000,3.000000,5.000000,0.000000,6.000000,12.000000,2.000000,4.000000,0.000000,7.000000,15.000000,2.000000,5.000000,8097.000000,2266.000000,4820.000000,695.000000,601.000000,3.000000,
0.040327,0.643172,0.380993,0.003727,0.471893,-210557.943009,3.026645,2195607.000000,1874874.000000,3722527.000000,334752.000000,1282372.000000,1952.000000,539.000000,1146.000000,164.000000,144.000000,453.000000,125.000000,266.000000,38.000000,33.000000,2784.000000,769.000000,1633.000000,233.000000,205.000000,15.000000,8.000000,18.000000,3.000000,5.000000,0.000000,6.000000,12.000000,2.000000,4.000000,0.000000,7.000000,15.000000,2.000000,5.000000,8097.000000,2266.000000,4820.000000,695.000000,601.000000,3.000000,
0.040615,0.490621,0.363321,0.003242,0.583917,-209628.920860,3.015832,2195607.000000,1874874.000000,3722527.000000,334752.000000,1282372.000000,1952.000000,539.000000,1146.000000,164.000000,144.000000,453.000000,125.000000,266.000000,38.000000,33.000000,2784.000000,769.000000,1633.000000,233.000000,205.000000,15.000000,8.000000,18.000000,3.000000,5.000000,0.000000,6.000000,12.000000,2.000000,4.000000,0.000000,7.000000,15.000000,2.000000,5.000000,8097.000000,2266.000000,4820.000000,695.000000,601.000000,3.000000,
0.040615,0.490621,0.363321,0.003242,0.583917,-209628.920860,3.015832,2195607.000000,1874874.000000,3722527.000000,334752.000000,1282372.000000,1952.000000,539.000000,1146.000000,164.000000,144.000000,453.000000,125.000000,266.000000,38.000000,33.000000,2784.000000,769.000000,1633.000000,233.000000,205.000000,15.000000,8.000000,18.000000,3.000000,5.000000,0.000000,6.000000,12.000000,2.000000,4.000000,0.000000,7.000000,15.000000,2.000000,5.000000,8097.000000,2266.000000,4820.000000,695.000000,601.000000,3.000000,
0.040615,0.490621,0.363321,0.003242,0.583917,-209628.920860,3.015832,2195607.000000,1874874.000000,3722527.000000,334752.000000,1282372.000000,1952.000000,539.000000,1146.000000,164.000000,144.000000,453.000000,125.000000,266.000000,38.000000,33.000000,2784.000000,769.000000,1633.000000,233.000000,205.000000,15.000000,8.000000,18.000000,3.000000,5.000000,0.000000,6.000000,12.000000,2.000000,4.000000,0.000000,7.000000,15.000000,2.000000,5.000000,8097.000000,2266.000000,4820.000000,695.000000,601.000000,3.000000,
0.040615,0.490621,0.363321,0.003242,0.583917,-209628.920860,3.015832,2195607.000000,1874874.000000,3722527.000000,334752.000000,1282372.000000,1952.000000,539.000000,1146.000000,164.000000,144.000000,453.000000,125.000000,266.000000,38.000000,33.000000,2784.000000,769.000000,1633.000000,233.000000,205.000000,15.000000,8.000000,18.000000,3.000000,5.000000,0.000000,6.000000,12.000000,2.000000,4.000000,0.000000,7.000000,15.000000,2.000000,5.000000,8097.000000,2266.000000,4820.000000,695.000000,601.000000,3.000000,
0.040615,0.490621,0.363321,0.003242,0.583917,-209628.920860,3.015832,2195607.000000,1874874.000000,3722527.000000,334752.000000,1282372.000000,1952.000000,539.000000,1146.000000,164.000000,144.000000,453.000000,125.000000,266.000000,38.000000,33.000000,2784.000000,769.000000,1633.000000,233.000000,205.000000,15.000000,8.000000,18.000000,3.000000,5.000000,0.000000,6.000000,12.000000,2.000000,4.000000,0.000000,7.000000,15.000000,2.000000,5.000000,8097.000000,2266.000000,4820.000000,695.000000,601.000000,3.000000,
0.040615,0.490621,0.363321,0.003242,0.583917,-209628.920860,3.015832,2195607.000000,1874874.000000,3722527.000000,334752.000000,1282372.000000,1952.000000,539.000000,1146.000000,164.000000,144.000000,453.000000,125.000000,266.000000,38.000000,33.000000,2784.000000,769.000000,1633.000000,233.000000,205.000000,15.000000,8.000000,18.000000,3.000000,5.000000,0.000000,6.000000,12.000000,2.000000,4.000000,0.000000,7.000000,15.000000,2.000000,5.000000,8097.000000,2266.000000,4820.000000,695.000000,601.000000,3.000000,
0.040615,0.490621,0.363321,0.003242,0.583917,-209628.920860,3.015832,2195607.000000,1874874.000000,3722527.000000,334752.000000,1282372.000000,1952.000000,539.000000,1146.000000,164.000000,144.000000,453.000000,125.000000,266.000000,38.000000,33.000000,2784.000000,769.000000,1633.000000,233.000000,205.000000,15.000000,8.000000,18.000000,3.000000,5.000000,0.000000,6.000000,12.000000,2.000000,4.000000,0.000000,7.000000,15.000000,2.000000,5.000000,8097.000000,2266.000000,4820.000000,695.000000,601.000000,3.000000,
0.040615,0.490621,0.363321,0.003242,0.583917,-209628.920860,3.015832,2195607.000000,1874874.000000,3722527.000000,334752.000000,1282372.000000,1952.000000,539.000000,1146.000000,164.000000,144.000000,453.000000,125.000000,266.000000,38.000000,33.000000,2784.000000,769.000000,1633.000000,233.000000,205.000000,15.000000,8.000000,18.000000,3.000000,5.000000,0.000000,6.000000,12.000000,2.000000,4.000000,0.000000,7.000000,15.000000,2.000000,5.000000,8097.000000,2266.000000,4820.000000,695.000000,601.000000,3.000000,
0.040615,0.490621,0.363321,0.003242,0.583917,-209628.920860,3.015832,2195607.000000,1874874.000000,3722527.000000,334752.000000,1282372.000000,1952.000000,539.000000,1146.000000,164.000000,144.000000,453.000000,125.000000,266.000000,38.000000,33.000000,2784.000000,769.000000,1633.000000,233.000000,205.000000,15.000000,8.000000,18.000000,3.000000,5.000000,0.000000,6.000000,12.000000,2.000000,4.000000,0.000000,7.000000,15.000000,2.000000,5.000000,8097.000000,2266.000000,4820.000000,695.000000,601.000000,3.000000,
0.040615,0.490621,0.363321,0.003242,0.583917,-209628.920860,3.015832,2195607.000000,1874874.000000,3722527.000000,334752.000000,1282372.000000,1952.000000,539.000000,1146.000000,164.000000,144.000000,453.000000,125.000000,266.000000,38.000000,33.000000,2784.000000,769.000000,1633.000000,233.000000,205.000000,15.000000,8.000000,18.000000,3.000000,5.000000,0.000000,6.000000,12.000000,2.000000,4.000000,0.000000,7.000000,15.000000,2.000000,5.000000,8097.000000,2266.000000,4820.000000,695.000000,601.000000,3.000000,
0.040615,0.490621,0.363321,0.003242,0.583917,-209628.920860,3.015832,2195607.000000,1874874.000000,3722527.000000,334752.000000,1282372.000000,1952.000000,539.000000,1146.000000,164.000000,144.000000,453.000000,125.000000,266.000000,38.000000,33.000000,2784.000000,769.000000,1633.000000,233.000000,205.000000,15.000000,8.000000,18.000000,3.000000,5.000000,0.000000,6.000000,12.000000,2.000000,4.000000,0.000000,7.000000,15.000000,2.000000,5.000000,8097.000000,2266.000000,4820.000000,695.000000,601.000000,3.000000,
0.040615,0.490621,0.363321,0.003242,0.583917,-209628.920860,3.015832,2195607.000000,1874874.000000,3722527.000000,334752.000000,1282372.000000,1952.000000,539.000000,1146.000000,164.000000,144.000000,453.000000,125.000000,266.000000,38.000000,33.000000,2784.000000,769.000000,1633.000000,233.000000,205.000000,15.000000,8.000000,18.000000,3.000000,5.000000,0.000000,6.000000,12.000000,2.000000,4.000000,0.000000,7.000000,15.000000,2.000000,5.000000,8097.000000,2266.000000,4820.000000,695.000000,601.000000,3.000000,
0.040615,0.490621,0.363321,0.003242,0.583917,-209628.920860,3.015832,2195607.000000,1874874.000000,3722527.000000,334752.000000,1282372.000000,1952.000000,539.000000,1146.000000,164.000000,144.000000,453.000000,125.000000,266.000000,38.000000,33.000000,2784.000000,769.000000,1633.000000,233.000000,205.000000,15.000000,8.000000,18.000000,3.000000,5.000000,0.000000,6.000000,12.000000,2.000000,4.000000,0.000000,7.000000,15.000000,2.000000,5.000000,8097.000000,2266.000000,4820.000000,695.000000,601.000000,3.000000,
0.040615,0.490621,0.363321,0.003242,0.583917,-209628.920860,3.015832,2195607.000000,1874874.000000,3722527.000000,334752.000000,1282372.000000,1952.000000,539.000000,1146.000000,164.000000,144.000000,453.000000,125.000000,266.000000,38.000000,33.000000,2784.000000,769.000000,1633.000000,233.000000,205.000000,15.000000,8.000000,18.000000,3.000000,5.000000,0.000000,6.000000,12.000000,2.000000,4.000000,0.000000,7.000000,15.000000,2.000000,5.000000,8097.000000,2266.000000,4820.000000,695.000000,601.000000,3.000000,
0.040615,0.490621,0.363321,0.003242,0.583917,-209628.920860,3.015832,2195607.000000,1874874.000000,3722527.000000,334752.000000,1282372.000000,1952.000000,539.000000,1146.000000,164.000000,144.000000,453.000000,125.000000,266.000000,38.000000,33.000000,2784.000000,769.000000,1633.000000,233.000000,205.000000,15.000000,8.000000,18.000000,3.000000,5.000000,0.000000,6.000000,12.000000,2.000000,4.000000,0.000000,7.000000,15.000000,2.000000,5.000000,8097.000000,2266.000000,4820.000000,695.000000,601.000000,3.000000,
0.040615,0.490621,0.363321,0.003242,0.583917,-209628.920860,3.015832,2195607.000000,1874874.000000,3722527.000000,334752.000000,1282372.000000,1952.000000,539.000000,1146.000000,164.000000,144.000000,453.000000,125.000000,266.000000,38.000000,33.000000,2784.000000,769.000000,1633.000000,233.000000,205.000000,15.000000,8.000000,18.000000,3.000000,5.000000,0.000000,6.000000,12.000000,2.000000,4.000000,0.000000,7.000000,15.000000,2.000000,5.000000,8097.000000,2266.000000,4820.000000,695.000000,601.000000,3.000000,
0.040615,0.490621,0.363321,0.003242,0.583917,-209628.920860,3.015832,2195607.000000,1874874.000000,3722527.000000,334752.000000,1282372.000000,1952.000000,539.000000,1146.000000,164.000000,144.000000,453.000000,125.000000,266.000000,38.000000,33.000000,2784.000000,769.000000,1633.000000,233.000000,205.000000,15.000000,8.000000,18.000000,3.000000,5.000000,0.000000,6.000000,12.000000,2.000000,4.000000,0.000000,7.000000,15.000000,2.000000,5.000000,8097.000000,2266.000000,4820.000000,695.000000,601.000000,3.000000,
0.040615,0.490621,0.363321,0.003242,0.583917,-209628.920860,3.015832,2195607.000000,1874874.000000,3722527.000000,334752.000000,1282372.000000,1952.000000,539.000000,1146.000000,164.000000,144.000000,453.000000,125.000000,266.000000,38.000000,33.000000,2784.000000,769.000000,1633.000000,233.000000,205.000000,15.000000,8.000000,18.000000,3.000000,5.000000,0.000000,6.000000,12.000000,2.000000,4.000000,0.000000,7.000000,15.000000,2.000000,5.000000,8097.000000,2266.000000,4820.000000,695.000000,601.000000,3.000000,
0.040615,0.490621,0.363321,0.003242,0.583917,-209628.920860,3.015832,2195607.000000,1874874.000000,3722527.000000,334752.000000,1282372.000000,1952.000000,539.000000,1146.000000,164.000000,144.000000,453.000000,125.000000,266.000000,38.000000,33.000000,2784.000000,769.000000,1633.000000,233.000000,205.000000,15.000000,8.000000,18.000000,3.000000,5.000000,0.000000,6.000000,12.000000,2.000000,4.000000,0.000000,7.000000,15.000000,2.000000,5.000000,8097.000000,2266.000000,4820.000000,695.000000,601.000000,3.000000,
0.040615,0.490621,0.363321,0.003242,0.583917,-209628.920860,3.015832,2195607.000000,1874874.000000,3722527.000000,334752.000000,1282372.000000,1952.000000,539.000000,1146.000000,164.000000,144.000000,453.000000,125.000000,266.000000,38.000000,33.000000,2784.000000,769.000000,1633.000000,233.000000,205.000000,15.000000,8.000000,18.000000,3.000000,5.000000,0.000000,6.000000,12.000000,2.000000,4.000000,0.000000,7.000000,15.000000,2.000000,5.000000,8097.000000,2266.000000,4820.000000,695.000000,601.000000,3.000000,
0.040615,0.490621,0.363321,0.003242,0.583917,-209628.920860,3.015832,2195607.000000,1874874.000000,3722527.000000,334752.000000,1282372.000000,1952.000000,539.000000,1146.000000,164.000000,144.000000,453.000000,125.000000,266.000000,38.000000,33.000000,2784.000000,769.000000,1633.000000,233.000000,205.000000,15.000000,8.000000,18.000000,3.000000,5.000000,0.000000,6.000000,12.000000,2.000000,4.000000,0.000000,7.000000,15.000000,2.000000,5.000000,8097.000000,2266.000000,4820.000000,695.000000,601.000000,3.000000,
0.040615,0.490621,0.363321,0.003242,0.583917,-209628.920860,3.015832,2195607.000000,1874874.000000,3722527.000000,334752.000000,1282372.000000,1952.000000,539.000000,1146.000000,164.000000,144.000000,453.000000,125.000000,266.000000,38.000000,33.000000,2784.000000,769.000000,1633.000000,233.000000,205.000000,15.000000,8.000000,18.000000,3.000000,5.000000,0.000000,6.000000,12.000000,2.000000,4.000000,0.000000,7.000000,15.000000,2.000000,5.000000,8097.000000,2266.000000,4820.000000,695.000000,601.000000,3.000000,
0.040615,0.490621,0.363321,0.003242,0.583917,-209628.920860,3.015832,2195607.000000,1874874.000000,3722527.000000,334752.000000,1282372.000000,1952.000000,539.000000,1146.000000,164.000000,144.000000,453.000000,125.000000,266.000000,38.000000,33.000000,2784.000000,769.000000,1633.000000,233.000000,205.000000,15.000000,8.000000,18.000000,3.000000,5.000000,0.000000,6.000000,12.000000,2.000000,4.000000,0.000000,7.000000,15.000000,2.000000,5.000000,8097.000000,2266.000000,4820.000000,695.000000,601.000000,3.000000,
0.040615,0.490621,0.363321,0.003242,0.583917,-209628.920860,3.015832,2195607.000000,1874874.000000,3722527.000000,334752.000000,1282372.000000,1952.000000,539.000000,1146.000000,164.000000,144.000000,453.000000,125.000000,266.000000,38.000000,33.000000,2784.000000,769.000000,1633.000000,233.000000,205.000000,15.000000,8.000000,18.000000,3.000000,5.000000,0.000000,6.000000,12.000000,2.000000,4.000000,0.000000,7.000000,15.000000,2.000000,5.000000,8097.000000,2266.000000,4820.000000,695.000000,601.000000,3.000000,
0.040615,0.490621,0.363321,0.003242,0.583917,-209628.920860,3.015832,2195607.000000,1874874.000000,3722527.000000,334752.000000,1282372.000000,1952.000000,539.000000,1146.000000,164.000000,144.000000,453.000000,125.000000,266.000000,38.000000,33.000000,2784.000000,769.000000,1633.000000,233.000000,205.000000,15.000000,8.000000,18.000000,3.000000,5.000000,0.000000,6.000000,12.000000,2.000000,4.000000,0.000000,7.000000,15.000000,2.000000,5.000000,8097.000000,2266.000000,4820.000000,695.000000,601.000000,3.000000,
0.040615,0.490621,0.363321,0.003242,0.583917,-209628.920860,3.015832,2195607.000000,1874874.000000,3722527.000000,334752.000000,1282372.000000,1952.000000,539.000000,1146.000000,164.000000,144.000000,453.000000,125.000000,266.000000,38.000000,33.000000,2784.000000,769.000000,1633.000000,233.000000,205.000000,15.000000,8.000000,18.000000,3.000000,5.000000,0.000000,6.000000,12.000000,2.000000,4.000000,0.000000,7.000000,15.000000,2.000000,5.000000,8097.000000,2266.000000,4820.000000,695.000000,601.000000,3.000000,
0.040615,0.490621,0.363321,0.003242,0.583917,-209628.920860,3.015832,2195607.000000,1874874.000000,3722527.000000,334752.000000,1282372.000000,1952.000000,539.000000,1146.000000,164.000000,144.000000,453.000000,125.000000,266.000000,38.000000,33.000000,2784.000000,769.000000,1633.000000,233.000000,205.000000,15.000000,8.000000,18.000000,3.000000,5.000000,0.000000,6.000000,12.000000,2.000000,4.000000,0.000000,7.000000,15.000000,2.000000,5.000000,8097.000000,2266.000000,4820.000000,695.000000,601.000000,3.000000,
0.040713,0.740056,0.357395,0.003908,0.538208,-209322.065403,3.012284,2195607.000000,1874874.000000,3722527.000000,334752.000000,1282372.000000,1952.000000,539.000000,1146.000000,164.000000,144.000000,453.000000,125.000000,266.000000,38.000000,33.000000,2784.000000,769.000000,1633.000000,233.000000,205.000000,15.000000,8.000000,18.000000,3.000000,5.000000,0.000000,6.000000,12.000000,2.000000,4.000000,0.000000,7.000000,15.000000,2.000000,5.000000,8097.000000,2266.000000,4820.000000,695.000000,601.000000,3.000000,
0.040713,0.740056,0.357395,0.003908,0.538208,-209322.065403,3.012284,2195607.000000,1874874.000000,3722527.000000,334752.000000,1282372.000000,1952.000000,539.000000,1146.000000,164.000000,144.000000,453.000000,125.000000,266.000000,38.000000,33.000000,2784.000000,769.000000,1633.000000,233.000000,205.000000,15.000000,8.000000,18.000000,3.000000,5.000000,0.000000,6.000000,12.000000,2.000000,4.000000,0.000000,7.000000,15.000000,2.000000,5.000000,8097.000000,2266.000000,4820.000000,695.000000,601.000000,3.000000,
0.040713,0.740056,0.357395,0.003908,0.538208,-209322.065403,3.012284,2195607.000000,1874874.000000,3722527.000000,334752.000000,1282372.000000,1952.000000,539.000000,1146.000000,164.000000,144.000000,453.000000,125.000000,266.000000,38.000000,33.000000,2784.000000,769.000000,1633.000000,233.000000,205.000000,15.000000,8.000000,18.000000,3.000000,5.000000,0.000000,6.000000,12.000000,2.000000,4.000000,0.000000,7.000000,15.000000,2.000000,5.000000,8097.000000,2266.000000,4820.000000,695.000000,601.000000,3.000000,
0.040713,0.740056,0.357395,0.003908,0.538208,-209322.065403,3.012284,2195607.000000,1874874.000000,3722527.000000,334752.000000,1282372.000000,1952.000000,539.000000,1146.000000,164.000000,144.000000,453.000000,125.000000,266.000000,38.000000,33.000000,2784.000000,769.000000,1633.000000,233.000000,205.000000,15.000000,8.000000,18.000000,3.000000,5.000000,0.000000,6.000000,12.000000,2.000000,4.000000,0.000000,7.000000,15.000000,2.000000,5.000000,8097.000000,2266.000000,4820.000000,695.000000,601.000000,3.000000,
0.040713,0.740056,0.357395,0.003908,0.538208,-209322.065403,3.012284,2195607.000000,1874874.000000,3722527.000000,334752.000000,1282372.000000,1952.000000,539.000000,1146.000000,164.000000,144.000000,453.000000,125.000000,266.000000,38.000000,33.000000,2784.000000,769.000000,1633.000000,233.000000,205.000000,15.000000,8.000000,18.000000,3.000000,5.000000,0.000000,6.000000,12.000000,2.000000,4.000000,0.000000,7.000000,15.000000,2.000000,5.000000,8097.000000,2266.000000,4820.000000,695.000000,601.000000,3.000000,
0.040826,0.594430,0.349423,0.002471,0.632713,-208912.829514,3.005905,2195607.000000,1874874.000000,3722527.000000,334752.000000,1282372.000000,1952.000000,539.000000,1146.000000,164.000000,144.000000,453.000000,125.000000,266.000000,38.000000,33.000000,2784.000000,769.000000,1633.000000,233.000000,205.000000,15.000000,8.000000,18.000000,3.000000,5.000000,0.000000,6.000000,12.000000,2.000000,4.000000,0.000000,7.000000,15.000000,2.000000,5.000000,8097.000000,2266.000000,4820.000000,695.000000,601.000000,3.000000,
0.040826,0.594430,0.349423,0.002471,0.632713,-208912.829514,3.005905,2195607.000000,1874874.000000,3722527.000000,334752.000000,1282372.000000,1952.000000,539.000000,1146.000000,164.000000,144.000000,453.000000,125.000000,266.000000,38.000000,33.000000,2784.000000,769.000000,1633.000000,233.000000,205.000000,15.000000,8.000000,18.000000,3.000000,5.000000,0.000000,6.000000,12.000000,2.000000,4.000000,0.000000,7.000000,15.000000,2.000000,5.000000,8097.000000,2266.000000,4820.000000,695.000000,601.000000,3.000000,
0.040826,0.594430,0.349423,0.002471,0.632713,-208912.829514,3.005905,2195607.000000,1874874.000000,3722527.000000,334752.000000,1282372.000000,1952.000000,539.000000,1146.000000,164.000000,144.000000,453.000000,125.000000,266.000000,38.000000,33.000000,2784.000000,769.000000,1633.000000,233.000000,205.000000,15.000000,8.000000,18.000000,3.000000,5.000000,0.000000,6.000000,12.000000,2.000000,4.000000,0.000000,7.000000,15.000000,2.000000,5.000000,8097.000000,2266.000000,4820.000000,695.000000,601.000000,3.000000,
0.040826,0.594430,0.349423,0.002471,0.632713,-208912.829514,3.005905,2195607.000000,1874874.000000,3722527.000000,334752.000000,1282372.000000,1952.000000,539.000000,1146.000000,164.000000,144.000000,453.000000,125.000000,266.000000,38.000000,33.000000,2784.000000,769.000000,1633.000000,233.000000,205.000000,15.000000,8.000000,18.000000,3.000000,5.000000,0.000000,6.000000,12.000000,2.000000,4.000000,0.000000,7.000000,15.000000,2.000000,5.000000,8097.000000,2266.000000,4820.000000,695.000000,601.000000,3.000000,
0.040826,0.594430,0.349423,0.002471,0.632713,-208912.829514,3.005905,2195607.000000,1874874.000000,3722527.000000,334752.000000,1282372.000000,1952.000000,539.000000,1146.000000,164.000000,144.000000,453.000000,125.000000,266.000000,38.000000,33.000000,2784.000000,769.000000,1633.000000,233.000000,205.000000,15.000000,8.000000,18.000000,3.000000,5.000000,0.000000,6.000000,12.000000,2.000000,4.000000,0.000000,7.000000,15.000000,2.000000,5.000000,8097.000000,2266.000000,4820.000000,695.000000,601.000000,3.000000,
0.040826,0.594430,0.349423,0.002471,0.632713,-208912.829514,3.005905,2195607.000000,1874874.000000,3722527.000000,334752.000000,1282372.000000,1952.000000,539.000000,1146.000000,164.000000,144.000000,453.000000,125.000000,266.000000,38.000000,33.000000,2784.000000,769.000000,1633.000000,233.000000,205.000000,15.000000,8.000000,18.000000,3.000000,5.000000,0.000000,6.000000,12.000000,2.000000,4.000000,0.000000,7.000000,15.000000,2.000000,5.000000,8097.000000,2266.000000,4820.000000,695.000000,601.000000,3.000000,
0.040826,0.594430,0.349423,0.002471,0.632713,-208912.829514,3.005905,2195607.000000,1874874.000000,3722527.000000,334752.000000,1282372.000000,1952.000000,539.000000,1146.000000,164.000000,144.000000,453.000000,125.000000,266.000000,38.000000,33.000000,2784.000000,769.000000,1633.000000,233.000000,205.000000,15.000000,8.000000,18.000000,3.000000,5.000000,0.000000,6.000000,12.000000,2.000000,4.000000,0.000000,7.000000,15.000000,2.000000,5.000000,8097.000000,2266.000000,4820.000000,695.000000,601.000000,3.000000,
0.040826,0.594430,0.349423,0.002471,0.632713,-208912.829514,3.005905,2195607.000000,1874874.000000,3722527.000000,334752.000000,1282372.000000,1952.000000,539.000000,1146.000000,164.000000,144.000000,453.000000,125.000000,266.000000,38.000000,33.000000,2784.000000,769.000000,1633.000000,233.000000,205.000000,15.000000,8.000000,18.000000,3.000000,5.000000,0.000000,6.000000,12.000000,2.000000,4.000000,0.000000,7.000000,15.000000,2.000000,5.000000,8097.000000,2266.000000,4820.000000,695.000000,601.000000,3.000000,
0.040826,0.594430,0.349423,0.002471,0.632713,-208912.829514,3.005905,2195607.000000,1874874.000000,3722527.000000,334752.000000,1282372.000000,1952.000000,539.000000,1146.000000,164.000000,144.000000,453.000000,125.000000,266.000000,38.000000,33.000000,2784.000000,769.000000,1633.000000,233.000000,205.000000,15.000000,8.000000,18.000000,3.000000,5.000000,0.000000,6.000000,12.000000,2.000000,4.000000,0.000000,7.000000,15.000000,2.000000,5.000000,8097.000000,2266.000000,4820.000000,695.000000,601.000000,3.000000,
0.040826,0.594430,0.349423,0.002471,0.632713,-208912.829514,3.005905,2195607.000000,1874874.000000,3722527.000000,334752.000000,1282372.000000,1952.000000,539.000000,1146.000000,164.000000,144.000000,453.000000,125.000000,266.000000,38.000000,33.000000,2784.000000,769.000000,1633.000000,233.000000,205.000000,15.000000,8.000000,18.000000,3.000000,5.000000,0.000000,6.000000,12.000000,2.000000,4.000000,0.000000,7.000000,15.000000,2.000000,5.000000,8097.000000,2266.000000,4820.000000,695.000000,601.000000,3.000000,
0.040826,0.594430,0.349423,0.002471,0.632713,-208912.829514,3.005905,2195607.000000,1874874.000000,3722527.000000,334752.000000,1282372.000000,1952.000000,539.000000,1146.000000,164.000000,144.000000,453.000000,125.000000,266.000000,38.000000,33.000000,2784.000000,769.000000,1633.000000,233.000000,205.000000,15.000000,8.000000,18.000000,3.000000,5.000000,0.000000,6.000000,12.000000,2.000000,4.000000,0.000000,7.000000,15.000000,2.000000,5.000000,8097.000000,2266.000000,4820.000000,695.000000,601.000000,3.000000,
0.040826,0.594430,0.349423,0.002471,0.632713,-208912.829514,3.005905,2195607.000000,1874874.000000,3722527.000000,334752.000000,1282372.000000,1952.000000,539.000000,1146.000000,164.000000,144.000000,453.000000,125.000000,266.000000,38.000000,33.000000,2784.000000,769.000000,1633.000000,233.000000,205.000000,15.000000,8.000000,18.000000,3.000000,5.000000,0.000000,6.000000,12.000000,2.000000,4.000000,0.000000,7.000000,15.000000,2.000000,5.000000,8097.000000,2266.000000,4820.000000,695.000000,601.000000,3.000000,
0.040826,0.594430,0.349423,0.002471,0.632713,-208912.829514,3.005905,2195607.000000,1874874.000000,3722527.000000,334752.000000,1282372.000000,1952.000000,539.000000,1146.000000,164.000000,144.000000,453.000000,125.000000,266.000000,38.000000,33.000000,2784.000000,769.000000,1633.000000,233.000000,205.000000,15.000000,8.000000,18.000000,3.000000,5.000000,0.000000,6.000000,12.000000,2.000000,4.000000,0.000000,7.000000,15.000000,2.000000,5.000000,8097.000000,2266.000000,4820.000000,695.000000,601.000000,3.000000,
0.040826,0.594430,0.349423,0.002471,0.632713,-208912.829514,3.005905,2195607.000000,1874874.000000,3722527.000000,334752.000000,1282372.000000,1952.000000,539.000000,1146.000000,164.000000,144.000000,453.000000,125.000000,266.000000,38.000000,33.000000,2784.000000,769.000000,1633.000000,233.000000,205.000000,15.000000,8.000000,18.000000,3.000000,5.000000,0.000000,6.000000,12.000000,2.000000,4.000000,0.000000,7.000000,15.000000,2.000000,5.000000,8097.000000,2266.000000,4820.000000,695.000000,601.000000,3.000000,
0.040826,0.594430,0.349423,0.002471,0.632713,-208912.829514,3.005905,2195607.000000,1874874.000000,3722527.000000,334752.000000,1282372.000000,1952.000000,539.000000,1146.000000,164.000000,144.000000,453.000000,125.000000,266.000000,38.000000,33.000000,2784.000000,769.000000,1633.000000,233.000000,205.000000,15.000000,8.000000,18.000000,3.000000,5.000000,0.000000,6.000000,12.000000,2.000000,4.000000,0.000000,7.000000,15.000000,2.000000,5.000000,8097.000000,2266.000000,4820.000000,695.000000,601.000000,3.000000,
0.040893,0.547644,0.346170,0.002522,0.642669,-208747.101865,3.004859,2195607.000000,1874874.000000,3722527.000000,334752.000000,1282372.000000,1952.000000,539.000000,1146.000000,164.000000,144.000000,453.000000,125.000000,266.000000,38.000000,33.000000,2784.000000,769.000000,1633.000000,233.000000,205.000000,15.000000,8.000000,18.000000,3.000000,5.000000,0.000000,6.000000,12.000000,2.000000,4.000000,0.000000,7.000000,15.000000,2.000000,5.000000,8097.000000,2266.000000,4820.000000,695.000000,601.000000,3.000000,
0.040893,0.547644,0.346170,0.002522,0.642669,-208747.101865,3.004859,2195607.000000,1874874.000000,3722527.000000,334752.000000,1282372.000000,1952.000000,539.000000,1146.000000,164.000000,144.000000,453.000000,125.000000,266.000000,38.000000,33.000000,2784.000000,769.000000,1633.000000,233.000000,205.000000,15.000000,8.000000,18.000000,3.000000,5.000000,0.000000,6.000000,12.000000,2.000000,4.000000,0.000000,7.000000,15.000000,2.000000,5.000000,8097.000000,2266.000000,4820.000000,695.000000,601.000000,3.000000,
0.040893,0.547644,0.346170,0.002522,0.642669,-208747.101865,3.004859,2195607.000000,1874874.000000,3722527.000000,334752.000000,1282372.000000,1952.000000,539.000000,1146.000000,164.000000,144.000000,453.000000,125.000000,266.000000,38.000000,33.000000,2784.000000,769.000000,1633.000000,233.000000,205.000000,15.000000,8.000000,18.000000,3.000000,5.000000,0.000000,6.000000,12.000000,2.000000,4.000000,0.000000,7.000000,15.000000,2.000000,5.000000,8097.000000,2266.000000,4820.000000,695.000000,601.000000,3.000000,
0.040893,0.547644,0.346170,0.002522,0.642669,-208747.101865,3.004859,2195607.000000,1874874.000000,3722527.000000,334752.000000,1282372.000000,1952.000000,539.000000,1146.000000,164.000000,144.000000,453.000000,125.000000,266.000000,38.000000,33.000000,2784.000000,769.000000,1633.000000,233.000000,205.000000,15.000000,8.000000,18.000000,3.000000,5.000000,0.000000,6.000000,12.000000,2.000000,4.000000,0.000000,7.000000,15.000000,2.000000,5.000000,8097.000000,2266.000000,4820.000000,695.000000,601.000000,3.000000,
0.040696,0.529879,0.356920,0.002357,0.623075,-209297.518072,3.010155,2195607.000000,1874874.000000,3722527.000000,334752.000000,1282372.000000,1952.000000,539.000000,1146.000000,164.000000,144.000000,453.000000,125.000000,266.000000,38.000000,33.000000,2784.000000,769.000000,1633.000000,233.000000,205.000000,15.000000,8.000000,18.000000,3.000000,5.000000,0.000000,6.000000,12.000000,2.000000,4.000000,0.000000,7.000000,15.000000,2.000000,5.000000,8097.000000,2266.000000,4820.000000,695.000000,601.000000,3.000000,
0.040696,0.529879,0.356920,0.002357,0.623075,-209297.518072,3.010155,2195607.000000,1874874.000000,3722527.000000,334752.000000,1282372.000000,1952.000000,539.000000,1146.000000,164.000000,144.000000,453.000000,125.000000,266.000000,38.000000,33.000000,2784.000000,769.000000,1633.000000,233.000000,205.000000,15.000000,8.000000,18.000000,3.000000,5.000000,0.000000,6.000000,12.000000,2.000000,4.000000,0.000000,7.000000,15.000000,2.000000,5.000000,8097.000000,2266.000000,4820.000000,695.000000,601.000000,3.000000,
0.040696,0.529879,0.356920,0.002357,0.623075,-209297.518072,3.010155,2195607.000000,1874874.000000,3722527.000000,334752.000000,1282372.000000,1952.000000,539.000000,1146.000000,164.000000,144.000000,453.000000,125.000000,266.000000,38.000000,33.000000,2784.000000,769.000000,1633.000000,233.000000,205.000000,15.000000,8.000000,18.000000,3.000000,5.000000,0.000000,6.000000,12.000000,2.000000,4.000000,0.000000,7.000000,15.000000,2.000000,5.000000,8097.000000,2266.000000,4820.000000,695.000000,601.000000,3.000000,
0.040696,0.529879,0.356920,0.002357,0.623075,-209297.518072,3.010155,2195607.000000,1874874.000000,3722527.000000,334752.000000,1282372.000000,1952.000000,539.000000,1146.000000,164.000000,144.000000,453.000000,125.000000,266.000000,38.000000,33.000000,2784.000000,769.000000,1633.000000,233.000000,205.000000,15.000000,8.000000,18.000000,3.000000,5.000000,0.000000,6.000000,12.000000,2.000000,4.000000,0.000000,7.000000,15.000000,2.000000,5.000000,8097.000000,2266.000000,4820.000000,695.000000,601.000000,3.000000,
0.040696,0.529879,0.356920,0.002357,0.623075,-209297.518072,3.010155,2195607.000000,1874874.000000,3722527.000000,334752.000000,1282372.000000,1952.000000,539.000000,1146.000000,164.000000,144.000000,453.000000,125.000000,266.000000,38.000000,33.000000,2784.000000,769.000000,1633.000000,233.000000,205.000000,15.000000,8.000000,18.000000,3.000000,5.000000,0.000000,6.000000,12.000000,2.000000,4.000000,0.000000,7.000000,15.000000,2.000000,5.000000,8097.000000,2266.000000,4820.000000,695.000000,601.000000,3.000000,
0.040696,0.529879,0.356920,0.002357,0.623075,-209297.518072,3.010155,2195607.000000,1874874.000000,3722527.000000,334752.000000,1282372.000000,1952.000000,539.000000,1146.000000,164.000000,144.000000,453.000000,125.000000,266.000000,38.000000,33.000000,2784.000000,769.000000,1633.000000,233.000000,205.000000,15.000000,8.000000,18.000000,3.000000,5.000000,0.000000,6.000000,12.000000,2.000000,4.000000,0.000000,7.000000,15.000000,2.000000,5.000000,8097.000000,2266.000000,4820.000000,695.000000,601.000000,3.000000,
0.040696,0.529879,0.356920,0.002357,0.623075,-209297.518072,3.010155,2195607.000000,1874874.000000,3722527.000000,334752.000000,1282372.000000,1952.000000,539.000000,1146.000000,164.000000,144.000000,453.000000,125.000000,266.000000,38.000000,33.000000,2784.000000,769.000000,1633.000000,233.000000,205.000000,15.000000,8.000000,18.000000,3.000000,5.000000,0.000000,6.000000,12.000000,2.000000,4.000000,0.000000,7.000000,15.000000,2.000000,5.000000,8097.000000,2266.000000,4820.000000,695.000000,601.000000,3.000000,
0.040696,0.529879,0.356920,0.002357,0.623075,-209297.518072,3.010155,2195607.000000,1874874.000000,3722527.000000,334752.000000,1282372.000000,1952.000000,539.000000,1146.000000,164.000000,144.000000,453.000000,125.000000,266.000000,38.000000,33.000000,2784.000000,769.000000,1633.000000,233.000000,205.000000,15.000000,8.000000,18.000000,3.000000,5.000000,0.000000,6.000000,12.000000,2.000000,4.000000,0.000000,7.000000,15.000000,2.000000,5.000000,8097.000000,2266.000000,4820.000000,695.000000,601.000000,3.000000,
0.040767,0.682554,0.352212,0.002307,0.689325,-209055.501664,3.006746,2195607.000000,1874874.000000,3722527.000000,334752.000000,1282372.000000,1952.000000,539.000000,1146.000000,164.000000,144.000000,453.000000,125.000000,266.000000,38.000000,33.000000,2784.000000,769.000000,1633.000000,233.000000,205.000000,15.000000,8.000000,18.000000,3.000000,5.000000,0.000000,6.000000,12.000000,2.000000,4.000000,0.000000,7.000000,15.000000,2.000000,5.000000,8097.000000,2266.000000,4820.000000,695.000000,601.000000,3.000000,
0.040767,0.682554,0.352212,0.002307,0.689325,-209055.501664,3.006746,2195607.000000,1874874.000000,3722527.000000,334752.000000,1282372.000000,1952.000000,539.000000,1146.000000,164.000000,144.000000,453.000000,125.000000,266.000000,38.000000,33.000000,2784.000000,769.000000,1633.000000,233.000000,205.000000,15.000000,8.000000,18.000000,3.000000,5.000000,0.000000,6.000000,12.000000,2.000000,4.000000,0.000000,7.000000,15.000000,2.000000,5.000000,8097.000000,2266.000000,4820.000000,695.000000,601.000000,3.000000,
0.040767,0.682554,0.352212,0.002307,0.689325,-209055.501664,3.006746,2195607.000000,1874874.000000,3722527.000000,334752.000000,1282372.000000,1952.000000,539.000000,1146.000000,164.000000,144.000000,453.000000,125.000000,266.000000,38.000000,33.000000,2784.000000,769.000000,1633.000000,233.000000,205.000000,15.000000,8.000000,18.000000,3.000000,5.000000,0.000000,6.000000,12.000000,2.000000,4.000000,0.000000,7.000000,15.000000,2.000000,5.000000,8097.000000,2266.000000,4820.000000,695.000000,601.000000,3.000000,
0.040767,0.682554,0.352212,0.002307,0.689325,-209055.501664,3.006746,2195607.000000,1874874.000000,3722527.000000,334752.000000,1282372.000000,1952.000000,539.000000,1146.000000,164.000000,144.000000,453.000000,125.000000,266.000000,38.000000,33.000000,2784.000000,769.000000,1633.000000,233.000000,205.000000,15.000000,8.000000,18.000000,3.000000,5.000000,0.000000,6.000000,12.000000,2.000000,4.000000,0.000000,7.000000,15.000000,2.000000,5.000000,8097.000000,2266.000000,4820.000000,695.000000,601.000000,3.000000,
0.040767,0.682554,0.352212,0.002307,0.689325,-209055.501664,3.006746,2195607.000000,1874874.000000,3722527.000000,334752.000000,1282372.000000,1952.000000,539.000000,1146.000000,164.000000,144.000000,453.000000,125.000000,266.000000,38.000000,33.000000,2784.000000,769.000000,1633.000000,233.000000,205.000000,15.000000,8.000000,18.000000,3.000000,5.000000,0.000000,6.000000,12.000000,2.000000,4.000000,0.000000,7.000000,15.000000,2.000000,5.000000,8097.000000,2266.000000,4820.000000,695.000000,601.000000,3.000000,
0.040767,0.682554,0.352212,0.002307,0.689325,-209055.501664,3.006746,2195607.000000,1874874.000000,3722527.000000,334752.000000,1282372.000000,1952.000000,539.000000,1146.000000,164.000000,144.000000,453.000000,125.000000,266.000000,38.000000,33.000000,2784.000000,769.000000,1633.000000,233.000000,205.000000,15.000000,8.000000,18.000000,3.000000,5.000000,0.000000,6.000000,12.000000,2.000000,4.000000,0.000000,7.000000,15.000000,2.000000,5.000000,8097.000000,2266.000000,4820.000000,695.000000,601.000000,3.000000,
0.040767,0.682554,0.352212,0.002307,0.689325,-209055.501664,3.006746,2195607.000000,1874874.000000,3722527.000000,334752.000000,1282372.000000,1952.000000,539.000000,1146.000000,164.000000,144.000000,453.000000,125.000000,266.000000,38.000000,33.000000,2784.000000,769.000000,1633.000000,233.000000,205.000000,15.000000,8.000000,18.000000,3.000000,5.000000,0.000000,6.000000,12.000000,2.000000,4.000000,0.000000,7.000000,15.000000,2.000000,5.000000,8097.000000,2266.000000,4820.000000,695.000000,601.000000,3.000000,
0.040767,0.682554,0.352212,0.002307,0.689325,-209055.501664,3.006746,2195607.000000,1874874.000000,3722527.000000,334752.000000,1282372.000000,1952.000000,539.000000,1146.000000,164.000000,144.000000,453.000000,125.000000,266.000000,38.000000,33.000000,2784.000000,769.000000,1633.000000,233.000000,205.000000,15.000000,8.000000,18.000000,3.000000,5.000000,0.000000,6.000000,12.000000,2.000000,4.000000,0.000000,7.000000,15.000000,2.000000,5.000000,8097.000000,2266.000000,4820.000000,695.000000,601.000000,3.000000,
0.040767,0.682554,0.352212,0.002307,0.689325,-209055.501664,3.006746,2195607.000000,1874874.000000,3722527.000000,334752.000000,1282372.000000,1952.000000,539.000000,1146.000000,164.000000,144.000000,453.000000,125.000000,266.000000,38.000000,33.000000,2784.000000,769.000000,1633.000000,233.000000,205.000000,15.000000,8.000000,18.000000,3.000000,5.000000,0.000000,6.000000,12.000000,2.000000,4.000000,0.000000,7.000000,15.000000,2.000000,5.000000,8097.000000,2266.000000,4820.000000,695.000000,601.000000,3.000000,
0.040767,0.682554,0.352212,0.002307,0.689325,-209055.501664,3.006746,2195607.000000,1874874.000000,3722527.000000,334752.000000,1282372.000000,1952.000000,539.000000,1146.000000,164.000000,144.000000,453.000000,125.000000,266.000000,38.000000,33.000000,2784.000000,769.000000,1633.000000,233.000000,205.000000,15.000000,8.000000,18.000000,3.000000,5.000000,0.000000,6.000000,12.000000,2.000000,4.000000,0.000000,7.000000,15.000000,2.000000,5.000000,8097.000000,2266.000000,4820.000000,695.000000,601.000000,3.000000,
0.040767,0.682554,0.352212,0.002307,0.689325,-209055.501664,3.006746,2195607.000000,1874874.000000,3722527.000000,334752.000000,1282372.000000,1952.000000,539.000000,1146.000000,164.000000,144.000000,453.000000,125.000000,266.000000,38.000000,33.000000,2784.000000,769.000000,1633.000000,233.000000,205.000000,15.000000,8.000000,18.000000,3.000000,5.000000,0.000000,6.000000,12.000000,2.000000,4.000000,0.000000,7.000000,15.000000,2.000000,5.000000,8097.000000,2266.000000,4820.000000,695.000000,601.000000,3.000000,
0.040672,0.867189,0.357622,0.001538,0.597850,-209333.717664,3.009674,2195607.000000,1874874.000000,3722527.000000,334752.000000,1282372.000000,1952.000000,539.000000,1146.000000,164.000000,144.000000,453.000000,125.000000,266.000000,38.000000,33.000000,2784.000000,769.000000,1633.000000,233.000000,205.000000,15.000000,8.000000,18.000000,3.000000,5.000000,0.000000,6.000000,12.000000,2.000000,4.000000,0.000000,7.000000,15.000000,2.000000,5.000000,8097.000000,2266.000000,4820.000000,695.000000,601.000000,3.000000,
0.040672,0.867189,0.357622,0.001538,0.597850,-209333.717664,3.009674,2195607.000000,1874874.000000,3722527.000000,334752.000000,1282372.000000,1952.000000,539.000000,1146.000000,164.000000,144.000000,453.000000,125.000000,266.000000,38.000000,33.000000,2784.000000,769.000000,1633.000000,233.000000,205.000000,15.000000,8.000000,18.000000,3.000000,5.000000,0.000000,6.000000,12.000000,2.000000,4.000000,0.000000,7.000000,15.000000,2.000000,5.000000,8097.000000,2266.000000,4820.000000,695.000000,601.000000,3.000000,
0.040672,0.867189,0.357622,0.001538,0.597850,-209333.717664,3.009674,2195607.000000,1874874.000000,3722527.000000,334752.000000,1282372.000000,1952.000000,539.000000,1146.000000,164.000000,144.000000,453.000000,125.000000,266.000000,38.000000,33.000000,2784.000000,769.000000,1633.000000,233.000000,205.000000,15.000000,8.000000,18.000000,3.000000,5.000000,0.000000,6.000000,12.000000,2.000000,4.000000,0.000000,7.000000,15.000000,2.000000,5.000000,8097.000000,2266.000000,4820.000000,695.000000,601.000000,3.000000,
0.040672,0.867189,0.357622,0.001538,0.597850,-209333.717664,3.009674,2195607.000000,1874874.000000,3722527.000000,334752.000000,1282372.000000,1952.000000,539.000000,1146.000000,164.000000,144.000000,453.000000,125.000000,266.000000,38.000000,33.000000,2784.000000,769.000000,1633.000000,233.000000,205.000000,15.000000,8.000000,18.000000,3.000000,5.000000,0.000000,6.000000,12.000000,2.000000,4.000000,0.000000,7.000000,15.000000,2.000000,5.000000,8097.000000,2266.000000,4820.000000,695.000000,601.000000,3.000000,
0.040672,0.867189,0.357622,0.001538,0.597850,-209333.717664,3.009674,2195607.000000,1874874.000000,3722527.000000,334752.000000,1282372.000000,1952.000000,539.000000,1146.000000,164.000000,144.000000,453.000000,125.000000,266.000000,38.000000,33.000000,2784.000000,769.000000,1633.000000,233.000000,205.000000,15.000000,8.000000,18.000000,3.000000,5.000000,0.000000,6.000000,12.000000,2.000000,4.000000,0.000000,7.000000,15.000000,2.000000,5.000000,8097.000000,2266.000000,4820.000000,695.000000,601.000000,3.000000,
0.040672,0.867189,0.357622,0.001538,0.597850,-209333.717664,3.009674,2195607.000000,1874874.000000,3722527.000000,334752.000000,1282372.000000,1952.000000,539.000000,1146.000000,164.000000,144.000000,453.000000,125.000000,266.000000,38.000000,33.000000,2784.000000,769.000000,1633.000000,233.000000,205.000000,15.000000,8.000000,18.000000,3.000000,5.000000,0.000000,6.000000,12.000000,2.000000,4.000000,0.000000,7.000000,15.000000,2.000000,5.000000,8097.000000,2266.000000,4820.000000,695.000000,601.000000,3.000000,
0.040672,0.867189,0.357622,0.001538,0.597850,-209333.717664,3.009674,2195607.000000,1874874.000000,3722527.000000,334752.000000,1282372.000000,1952.000000,539.000000,1146.000000,164.000000,144.000000,453.000000,125.000000,266.000000,38.000000,33.000000,2784.000000,769.000000,1633.000000,233.000000,205.000000,15.000000,8.000000,18.000000,3.000000,5.000000,0.000000,6.000000,12.000000,2.000000,4.000000,0.000000,7.000000,15.000000,2.000000,5.000000,8097.000000,2266.000000,4820.000000,695.000000,601.000000,3.000000,
0.040672,0.867189,0.357622,0.001538,0.597850,-209333.717664,3.009674,2195607.000000,1874874.000000,3722527.000000,334752.000000,1282372.000000,1952.000000,539.000000,1146.000000,164.000000,144.000000,453.000000,125.000000,266.000000,38.000000,33.000000,2784.000000,769.000000,1633.000000,233.000000,205.000000,15.000000,8.000000,18.000000,3.000000,5.000000,0.000000,6.000000,12.000000,2.000000,4.000000,0.000000,7.000000,15.000000,2.000000,5.000000,8097.000000,2266.000000,4820.000000,695.000000,601.000000,3.000000,
0.040672,0.867189,0.357622,0.001538,0.597850,-209333.717664,3.009674,2195607.000000,1874874.000000,3722527.000000,334752.000000,1282372.000000,1952.000000,539.000000,1146.000000,164.000000,144.000000,453.000000,125.000000,266.000000,38.000000,33.000000,2784.000000,769.000000,1633.000000,233.000000,205.000000,15.000000,8.000000,18.000000,3.000000,5.000000,0.000000,6.000000,12.000000,2.000000,4.000000,0.000000,7.000000,15.000000,2.000000,5.000000,8097.000000,2266.000000,4820.000000,695.000000,601.000000,3.000000,
0.040672,0.867189,0.357622,0.001538,0.597850,-209333.717664,3.009674,2195607.000000,1874874.000000,3722527.000000,334752.000000,1282372.000000,1952.000000,539.000000,1146.000000,164.000000,144.000000,453.000000,125.000000,266.000000,38.000000,33.000000,2784.000000,769.000000,1633.000000,233.000000,205.000000,15.000000,8.000000,18.000000,3.000000,5.000000,0.000000,6.000000,12.000000,2.000000,4.000000,0.000000,7.000000,15.000000,2.000000,5.000000,8097.000000,2266.000000,4820.000000,695.000000,601.000000,3.000000,
0.040672,0.867189,0.357622,0.001538,0.597850,-209333.717664,3.009674,2195607.000000,1874874.000000,3722527.000000,334752.000000,1282372.000000,1952.000000,539.000000,1146.000000,164.000000,144.000000,453.000000,125.000000,266.000000,38.000000,33.000000,2784.000000,769.000000,1633.000000,233.000000,205.000000,15.000000,8.000000,18.000000,3.000000,5.000000,0.000000,6.000000,12.000000,2.000000,4.000000,0.000000,7.000000,15.000000,2.000000,5.000000,8097.000000,2266.000000,4820.000000,695.000000,601.000000,3.000000,
0.040672,0.867189,0.357622,0.001538,0.597850,-209333.717664,3.009674,2195607.000000,1874874.000000,3722527.000000,334752.000000,1282372.000000,1952.000000,539.000000,1146.000000,164.000000,144.000000,453.000000,125.000000,266.000000,38.000000,33.000000,2784.000000,769.000000,1633.000000,233.000000,205.000000,15.000000,8.000000,18.000000,3.000000,5.000000,0.000000,6.000000,12.000000,2.000000,4.000000,0.000000,7.000000,15.000000,2.000000,5.000000,8097.000000,2266.000000,4820.000000,695.000000,601.000000,3.000000,
0.040672,0.867189,0.357622,0.001538,0.597850,-209333.717664,3.009674,2195607.000000,1874874.000000,3722527.000000,334752.000000,1282372.000000,1952.000000,539.000000,1146.000000,164.000000,144.000000,453.000000,125.000000,266.000000,38.000000,33.000000,2784.000000,769.000000,1633.000000,233.000000,205.000000,15.000000,8.000000,18.000000,3.000000,5.000000,0.000000,6.000000,12.000000,2.000000,4.000000,0.000000,7.000000,15.000000,2.000000,5.000000,8097.000000,2266.000000,4820.000000,695.000000,601.000000,3.000000,
0.040672,0.867189,0.357622,0.001538,0.597850,-209333.717664,3.009674,2195607.000000,1874874.000000,3722527.000000,334752.000000,1282372.000000,1952.000000,539.000000,1146.000000,164.000000,144.000000,453.000000,125.000000,266.000000,38.000000,33.000000,2784.000000,769.000000,1633.000000,233.000000,205.000000,15.000000,8.000000,18.000000,3.000000,5.000000,0.000000,6.000000,12.000000,2.000000,4.000000,0.000000,7.000000,15.000000,2.000000,5.000000,8097.000000,2266.000000,4820.000000,695.000000,601.000000,3.000000,
0.040672,0.867189,0.357622,0.001538,0.597850,-209333.717664,3.009674,2195607.000000,1874874.000000,3722527.000000,334752.000000,1282372.000000,1952.000000,539.000000,1146.000000,164.000000,144.000000,453.000000,125.000000,266.000000,38.000000,33.000000,2784.000000,769.000000,1633.000000,233.000000,205.000000,15.000000,8.000000,18.000000,3.000000,5.000000,0.000000,6.000000,12.000000,2.000000,4.000000,0.000000,7.000000,15.000000,2.000000,5.000000,8097.000000,2266.000000,4820.000000,695.000000,601.000000,3.000000,
0.040672,0.867189,0.357622,0.001538,0.597850,-209333.717664,3.009674,2195607.000000,1874874.000000,3722527.000000,334752.000000,1282372.000000,1952.000000,539.000000,1146.000000,164.000000,144.000000,453.000000,125.000000,266.000000,38.000000,33.000000,2784.000000,769.000000,1633.000000,233.000000,205.000000,15.000000,8.000000,18.000000,3.000000,5.000000,0.000000,6.000000,12.000000,2.000000,4.000000,0.000000,7.000000,15.000000,2.000000,5.000000,8097.000000,2266.000000,4820.000000,695.000000,601.000000,3.000000,
0.040672,0.867189,0.357622,0.001538,0.597850,-209333.717664,3.009674,2195607.000000,1874874.000000,3722527.000000,334752.000000,1282372.000000,1952.000000,539.000000,1146.000000,164.000000,144.000000,453.000000,125.000000,266.000000,38.000000,33.000000,2784.000000,769.000000,1633.000000,233.000000,205.000000,15.000000,8.000000,18.000000,3.000000,5.000000,0.000000,6.000000,12.000000,2.000000,4.000000,0.000000,7.000000,15.000000,2.000000,5.000000,8097.000000,2266.000000,4820.000000,695.000000,601.000000,3.000000,
0.040672,0.867189,0.357622,0.001538,0.597850,-209333.717664,3.009674,2195607.000000,1874874.000000,3722527.000000,334752.000000,1282372.000000,1952.000000,539.000000,1146.000000,164.000000,144.000000,453.000000,125.000000,266.000000,38.000000,33.000000,2784.000000,769.000000,1633.000000,233.000000,205.000000,15.000000,8.000000,18.000000,3.000000,5.000000,0.000000,6.000000,12.000000,2.000000,4.000000,0.000000,7.000000,15.000000,2.000000,5.000000,8097.000000,2266.000000,4820.000000,695.000000,601.000000,3.000000,
0.040672,0.867189,0.357622,0.001538,0.597850,-209333.717664,3.009674,2195607.000000,1874874.000000,3722527.000000,334752.000000,1282372.000000,1952.000000,539.000000,1146.000000,164.000000,144.000000,453.000000,125.000000,266.000000,38.000000,33.000000,2784.000000,769.000000,1633.000000,233.000000,205.000000,15.000000,8.000000,18.000000,3.000000,5.000000,0.000000,6.000000,12.000000,2.000000,4.000000,0.000000,7.000000,15.000000,2.000000,5.000000,8097.000000,2266.000000,4820.000000,695.000000,601.000000,3.000000,
0.040672,0.867189,0.357622,0.001538,0.597850,-209333.717664,3.009674,2195607.000000,1874874.000000,3722527.000000,334752.000000,1282372.000000,1952.000000,539.000000,1146.000000,164.000000,144.000000,453.000000,125.000000,266.000000,38.000000,33.000000,2784.000000,769.000000,1633.000000,233.000000,205.000000,15.000000,8.000000,18.000000,3.000000,5.000000,0.000000,6.000000,12.000000,2.000000,4.000000,0.000000,7.000000,15.000000,2.000000,5.000000,8097.000000,2266.000000,4820.000000,695.000000,601.000000,3.000000,
0.040672,0.867189,0.357622,0.001538,0.597850,-209333.717664,3.009674,2195607.000000,1874874.000000,3722527.000000,334752.000000,1282372.000000,1952.000000,539.000000,1146.000000,164.000000,144.000000,453.000000,125.000000,266.000000,38.000000,33.000000,2784.000000,769.000000,1633.000000,233.000000,205.000000,15.000000,8.000000,18.000000,3.000000,5.000000,0.000000,6.000000,12.000000,2.000000,4.000000,0.000000,7.000000,15.000000,2.000000,5.000000,8097.000000,2266.000000,4820.000000,695.000000,601.000000,3.000000,
0.040672,0.867189,0.357622,0.001538,0.597850,-209333.717664,3.009674,2195607.000000,1874874.000000,3722527.000000,334752.000000,1282372.000000,1952.000000,539.000000,1146.000000,164.000000,144.000000,453.000000,125.000000,266.000000,38.000000,33.000000,2784.000000,769.000000,1633.000000,233.000000,205.000000,15.000000,8.000000,18.000000,3.000000,5.000000,0.000000,6.000000,12.000000,2.000000,4.000000,0.000000,7.000000,15.000000,2.000000,5.000000,8097.000000,2266.000000,4820.000000,695.000000,601.000000,3.000000,
0.040672,0.867189,0.357622,0.001538,0.597850,-209333.717664,3.009674,2195607.000000,1874874.000000,3722527.000000,334752.000000,1282372.000000,1952.000000,539.000000,1146.000000,164.000000,144.000000,453.000000,125.000000,266.000000,38.000000,33.000000,2784.000000,769.000000,1633.000000,233.000000,205.000000,15.000000,8.000000,18.000000,3.000000,5.000000,0.000000,6.000000,12.000000,2.000000,4.000000,0.000000,7.000000,15.000000,2.000000,5.000000,8097.000000,2266.000000,4820.000000,695.000000,601.000000,3.000000,
0.040666,0.879937,0.357989,0.001203,0.633608,-209352.655399,3.009854,2195607.000000,1874874.000000,3722527.000000,334752.000000,1282372.000000,1952.000000,539.000000,1146.000000,164.000000,144.000000,453.000000,125.000000,266.000000,38.000000,33.000000,2784.000000,769.000000,1633.000000,233.000000,205.000000,15.000000,8.000000,18.000000,3.000000,5.000000,0.000000,6.000000,12.000000,2.000000,4.000000,0.000000,7.000000,15.000000,2.000000,5.000000,8097.000000,2266.000000,4820.000000,695.000000,601.000000,3.000000,
0.040666,0.879937,0.357989,0.001203,0.633608,-209352.655399,3.009854,2195607.000000,1874874.000000,3722527.000000,334752.000000,1282372.000000,1952.000000,539.000000,1146.000000,164.000000,144.000000,453.000000,125.000000,266.000000,38.000000,33.000000,2784.000000,769.000000,1633.000000,233.000000,205.000000,15.000000,8.000000,18.000000,3.000000,5.000000,0.000000,6.000000,12.000000,2.000000,4.000000,0.000000,7.000000,15.000000,2.000000,5.000000,8097.000000,2266.000000,4820.000000,695.000000,601.000000,3.000000,
0.040666,0.879937,0.357989,0.001203,0.633608,-209352.655399,3.009854,2195607.000000,1874874.000000,3722527.000000,334752.000000,1282372.000000,1952.000000,539.000000,1146.000000,164.000000,144.000000,453.000000,125.000000,266.000000,38.000000,33.000000,2784.000000,769.000000,1633.000000,233.000000,205.000000,15.000000,8.000000,18.000000,3.000000,5.000000,0.000000,6.000000,12.000000,2.000000,4.000000,0.000000,7.000000,15.000000,2.000000,5.000000,8097.000000,2266.000000,4820.000000,695.000000,601.000000,3.000000,
0.040666,0.879937,0.357989,0.001203,0.633608,-209352.655399,3.009854,2195607.000000,1874874.000000,3722527.000000,334752.000000,1282372.000000,1952.000000,539.000000,1146.000000,164.000000,144.000000,453.000000,125.000000,266.000000,38.000000,33.000000,2784.000000,769.000000,1633.000000,233.000000,205.000000,15.000000,8.000000,18.000000,3.000000,5.000000,0.000000,6.000000,12.000000,2.000000,4.000000,0.000000,7.000000,15.000000,2.000000,5.000000,8097.000000,2266.000000,4820.000000,695.000000,601.000000,3.000000,
0.040666,0.879937,0.357989,0.001203,0.633608,-209352.655399,3.009854,2195607.000000,1874874.000000,3722527.000000,334752.000000,1282372.000000,1952.000000,539.000000,1146.000000,164.000000,144.000000,453.000000,125.000000,266.000000,38.000000,33.000000,2784.000000,769.000000,1633.000000,233.000000,205.000000,15.000000,8.000000,18.000000,3.000000,5.000000,0.000000,6.000000,12.000000,2.000000,4.000000,0.000000,7.000000,15.000000,2.000000,5.000000,8097.000000,2266.000000,4820.000000,695.000000,601.000000,3.000000,
0.040666,0.879937,0.357989,0.001203,0.633608,-209352.655399,3.009854,2195607.000000,1874874.000000,3722527.000000,334752.000000,1282372.000000,1952.000000,539.000000,1146.000000,164.000000,144.000000,453.000000,125.000000,266.000000,38.000000,33.000000,2784.000000,769.000000,1633.000000,233.000000,205.000000,15.000000,8.000000,18.000000,3.000000,5.000000,0.000000,6.000000,12.000000,2.000000,4.000000,0.000000,7.000000,15.000000,2.000000,5.000000,8097.000000,2266.000000,4820.000000,695.000000,601.000000,3.000000,
0.040666,0.879937,0.357989,0.001203,0.633608,-209352.655399,3.009854,2195607.000000,1874874.000000,3722527.000000,334752.000000,1282372.000000,1952.000000,539.000000,1146.000000,164.000000,144.000000,453.000000,125.000000,266.000000,38.000000,33.000000,2784.000000,769.000000,1633.000000,233.000000,205.000000,15.000000,8.000000,18.000000,3.000000,5.000000,0.000000,6.000000,12.000000,2.000000,4.000000,0.000000,7.000000,15.000000,2.000000,5.000000,8097.000000,2266.000000,4820.000000,695.000000,601.000000,3.000000,
0.040666,0.879937,0.357989,0.001203,0.633608,-209352.655399,3.009854,2195607.000000,1874874.000000,3722527.000000,334752.000000,1282372.000000,1952.000000,539.000000,1146.000000,164.000000,144.000000,453.000000,125.000000,266.000000,38.000000,33.000000,2784.000000,769.000000,1633.000000,233.000000,205.000000,15.000000,8.000000,18.000000,3.000000,5.000000,0.000000,6.000000,12.000000,2.000000,4.000000,0.000000,7.000000,15.000000,2.000000,5.000000,8097.000000,2266.000000,4820.000000,695.000000,601.000000,3.000000,
0.040666,0.879937,0.357989,0.001203,0.633608,-209352.655399,3.009854,2195607.000000,1874874.000000,3722527.000000,334752.000000,1282372.000000,1952.000000,539.000000,1146.000000,164.000000,144.000000,453.000000,125.000000,266.000000,38.000000,33.000000,2784.000000,769.000000,1633.000000,233.000000,205.000000,15.000000,8.000000,18.000000,3.000000,5.000000,0.000000,6.000000,12.000000,2.000000,4.000000,0.000000,7.000000,15.000000,2.000000,5.000000,8097.000000,2266.000000,4820.000000,695.000000,601.000000,3.000000,
0.040584,0.672902,0.363441,0.002302,0.584484,-209635.124109,3.013813,2195607.000000,1874874.000000,3722527.000000,334752.000000,1282372.000000,1952.000000,539.000000,1146.000000,164.000000,144.000000,453.000000,125.000000,266.000000,38.000000,33.000000,2784.000000,769.000000,1633.000000,233.000000,205.000000,15.000000,8.000000,18.000000,3.000000,5.000000,0.000000,6.000000,12.000000,2.000000,4.000000,0.000000,7.000000,15.000000,2.000000,5.000000,8097.000000,2266.000000,4820.000000,695.000000,601.000000,3.000000,
0.040584,0.672902,0.363441,0.002302,0.584484,-209635.124109,3.013813,2195607.000000,1874874.000000,3722527.000000,334752.000000,1282372.000000,1952.000000,539.000000,1146.000000,164.000000,144.000000,453.000000,125.000000,266.000000,38.000000,33.000000,2784.000000,769.000000,1633.000000,233.000000,205.000000,15.000000,8.000000,18.000000,3.000000,5.000000,0.000000,6.000000,12.000000,2.000000,4.000000,0.000000,7.000000,15.000000,2.000000,5.000000,8097.000000,2266.000000,4820.000000,695.000000,601.000000,3.000000,
0.040584,0.672902,0.363441,0.002302,0.584484,-209635.124109,3.013813,2195607.000000,1874874.000000,3722527.000000,334752.000000,1282372.000000,1952.000000,539.000000,1146.000000,164.000000,144.000000,453.000000,125.000000,266.000000,38.000000,33.000000,2784.000000,769.000000,1633.000000,233.000000,205.000000,15.000000,8.000000,18.000000,3.000000,5.000000,0.000000,6.000000,12.000000,2.000000,4.000000,0.000000,7.000000,15.000000,2.000000,5.000000,8097.000000,2266.000000,4820.000000,695.000000,601.000000,3.000000,
0.040584,0.672902,0.363441,0.002302,0.584484,-209635.124109,3.013813,2195607.000000,1874874.000000,3722527.000000,334752.000000,1282372.000000,1952.000000,539.000000,1146.000000,164.000000,144.000000,453.000000,125.000000,266.000000,38.000000,33.000000,2784.000000,769.000000,1633.000000,233.000000,205.000000,15.000000,8.000000,18.000000,3.000000,5.000000,0.000000,6.000000,12.000000,2.000000,4.000000,0.000000,7.000000,15.000000,2.000000,5.000000,8097.000000,2266.000000,4820.000000,695.000000,601.000000,3.000000,
0.040584,0.672902,0.363441,0.002302,0.584484,-209635.124109,3.013813,2195607.000000,1874874.000000,3722527.000000,334752.000000,1282372.000000,1952.000000,539.000000,1146.000000,164.000000,144.000000,453.000000,125.000000,266.000000,38.000000,33.000000,2784.000000,769.000000,1633.000000,233.000000,205.000000,15.000000,8.000000,18.000000,3.000000,5.000000,0.000000,6.000000,12.000000,2.000000,4.000000,0.000000,7.000000,15.000000,2.000000,5.000000,8097.000000,2266.000000,4820.000000,695.000000,601.000000,3.000000,
0.040584,0.672902,0.363441,0.002302,0.584484,-209635.124109,3.013813,2195607.000000,1874874.000000,3722527.000000,334752.000000,1282372.000000,1952.000000,539.000000,1146.000000,164.000000,144.000000,453.000000,125.000000,266.000000,38.000000,33.000000,2784.000000,769.000000,1633.000000,233.000000,205.000000,15.000000,8.000000,18.000000,3.000000,5.000000,0.000000,6.000000,12.000000,2.000000,4.000000,0.000000,7.000000,15.000000,2.000000,5.000000,8097.000000,2266.000000,4820.000000,695.000000,601.000000,3.000000,
0.040750,0.867653,0.354927,0.002893,0.532100,-209194.922281,3.010426,2195607.000000,1874874.000000,3722527.000000,334752.000000,1282372.000000,1952.000000,539.000000,1146.000000,164.000000,144.000000,453.000000,125.000000,266.000000,38.000000,33.000000,2784.000000,769.000000,1633.000000,233.000000,205.000000,15.000000,8.000000,18.000000,3.000000,5.000000,0.000000,6.000000,12.000000,2.000000,4.000000,0.000000,7.000000,15.000000,2.000000,5.000000,8097.000000,2266.000000,4820.000000,695.000000,601.000000,3.000000,
0.040750,0.867653,0.354927,0.002893,0.532100,-209194.922281,3.010426,2195607.000000,1874874.000000,3722527.000000,334752.000000,1282372.000000,1952.000000,539.000000,1146.000000,164.000000,144.000000,453.000000,125.000000,266.000000,38.000000,33.000000,2784.000000,769.000000,1633.000000,233.000000,205.000000,15.000000,8.000000,18.000000,3.000000,5.000000,0.000000,6.000000,12.000000,2.000000,4.000000,0.000000,7.000000,15.000000,2.000000,5.000000,8097.000000,2266.000000,4820.000000,695.000000,601.000000,3.000000,
0.040750,0.867653,0.354927,0.002893,0.532100,-209194.922281,3.010426,2195607.000000,1874874.000000,3722527.000000,334752.000000,1282372.000000,1952.000000,539.000000,1146.000000,164.000000,144.000000,453.000000,125.000000,266.000000,38.000000,33.000000,2784.000000,769.000000,1633.000000,233.000000,205.000000,15.000000,8.000000,18.000000,3.000000,5.000000,0.000000,6.000000,12.000000,2.000000,4.000000,0.000000,7.000000,15.000000,2.000000,5.000000,8097.000000,2266.000000,4820.000000,695.000000,601.000000,3.000000,
0.040750,0.867653,0.354927,0.002893,0.532100,-209194.922281,3.010426,2195607.000000,1874874.000000,3722527.000000,334752.000000,1282372.000000,1952.000000,539.000000,1146.000000,164.000000,144.000000,453.000000,125.000000,266.000000,38.000000,33.000000,2784.000000,769.000000,1633.000000,233.000000,205.000000,15.000000,8.000000,18.000000,3.000000,5.000000,0.000000,6.000000,12.000000,2.000000,4.000000,0.000000,7.000000,15.000000,2.000000,5.000000,8097.000000,2266.000000,4820.000000,695.000000,601.000000,3.000000,
0.040750,0.867653,0.354927,0.002893,0.532100,-209194.922281,3.010426,2195607.000000,1874874.000000,3722527.000000,334752.000000,1282372.000000,1952.000000,539.000000,1146.000000,164.000000,144.000000,453.000000,125.000000,266.000000,38.000000,33.000000,2784.000000,769.000000,1633.000000,233.000000,205.000000,15.000000,8.000000,18.000000,3.000000,5.000000,0.000000,6.000000,12.000000,2.000000,4.000000,0.000000,7.000000,15.000000,2.000000,5.000000,8097.000000,2266.000000,4820.000000,695.000000,601.000000,3.000000,
0.040850,0.582672,0.350076,0.001789,0.632968,-208946.307275,3.008923,2195607.000000,1874874.000000,3722527.000000,334752.000000,1282372.000000,1952.000000,539.000000,1146.000000,164.000000,144.000000,453.000000,125.000000,266.000000,38.000000,33.000000,2784.000000,769.000000,1633.000000,233.000000,205.000000,15.000000,8.000000,18.000000,3.000000,5.000000,0.000000,6.000000,12.000000,2.000000,4.000000,0.000000,7.000000,15.000000,2.000000,5.000000,8097.000000,2266.000000,4820.000000,695.000000,601.000000,3.000000,
0.040644,0.803746,0.356808,0.001701,0.615846,-209291.656752,3.006081,2195607.000000,1874874.000000,3722527.000000,334752.000000,1282372.000000,1952.000000,539.000000,1146.000000,164.000000,144.000000,453.000000,125.000000,266.000000,38.000000,33.000000,2784.000000,769.000000,1633.000000,233.000000,205.000000,15.000000,8.000000,18.000000,3.000000,5.000000,0.000000,6.000000,12.000000,2.000000,4.000000,0.000000,7.000000,15.000000,2.000000,5.000000,8097.000000,2266.000000,4820.000000,695.000000,601.000000,3.000000,
0.040644,0.803746,0.356808,0.001701,0.615846,-209291.656752,3.006081,2195607.000000,1874874.000000,3722527.000000,334752.000000,1282372.000000,1952.000000,539.000000,1146.000000,164.000000,144.000000,453.000000,125.000000,266.000000,38.000000,33.000000,2784.000000,769.000000,1633.000000,233.000000,205.000000,15.000000,8.000000,18.000000,3.000000,5.000000,0.000000,6.000000,12.000000,2.000000,4.000000,0.000000,7.000000,15.000000,2.000000,5.000000,8097.000000,2266.000000,4820.000000,695.000000,601.000000,3.000000,
0.040644,0.803746,0.356808,0.001701,0.615846,-209291.656752,3.006081,2195607.000000,1874874.000000,3722527.000000,334752.000000,1282372.000000,1952.000000,539.000000,1146.000000,164.000000,144.000000,453.000000,125.000000,266.000000,38.000000,33.000000,2784.000000,769.000000,1633.000000,233.000000,205.000000,15.000000,8.000000,18.000000,3.000000,5.000000,0.000000,6.000000,12.000000,2.000000,4.000000,0.000000,7.000000,15.000000,2.000000,5.000000,8097.000000,2266.000000,4820.000000,695.000000,601.000000,3.000000,
0.040644,0.803746,0.356808,0.001701,0.615846,-209291.656752,3.006081,2195607.000000,1874874.000000,3722527.000000,334752.000000,1282372.000000,1952.000000,539.000000,1146.000000,164.000000,144.000000,453.000000,125.000000,266.000000,38.000000,33.000000,2784.000000,769.000000,1633.000000,233.000000,205.000000,15.000000,8.000000,18.000000,3.000000,5.000000,0.000000,6.000000,12.000000,2.000000,4.000000,0.000000,7.000000,15.000000,2.000000,5.000000,8097.000000,2266.000000,4820.000000,695.000000,601.000000,3.000000,
0.040644,0.803746,0.356808,0.001701,0.615846,-209291.656752,3.006081,2195607.000000,1874874.000000,3722527.000000,334752.000000,1282372.000000,1952.000000,539.000000,1146.000000,164.000000,144.000000,453.000000,125.000000,266.000000,38.000000,33.000000,2784.000000,769.000000,1633.000000,233.000000,205.000000,15.000000,8.000000,18.000000,3.000000,5.000000,0.000000,6.000000,12.000000,2.000000,4.000000,0.000000,7.000000,15.000000,2.000000,5.000000,8097.000000,2266.000000,4820.000000,695.000000,601.000000,3.000000,
0.040644,0.803746,0.356808,0.001701,0.615846,-209291.656752,3.006081,2195607.000000,1874874.000000,3722527.000000,334752.000000,1282372.000000,1952.000000,539.000000,1146.000000,164.000000,144.000000,453.000000,125.000000,266.000000,38.000000,33.000000,2784.000000,769.000000,1633.000000,233.000000,205.000000,15.000000,8.000000,18.000000,3.000000,5.000000,0.000000,6.000000,12.000000,2.000000,4.000000,0.000000,7.000000,15.000000,2.000000,5.000000,8097.000000,2266.000000,4820.000000,695.000000,601.000000,3.000000,
0.040644,0.803746,0.356808,0.001701,0.615846,-209291.656752,3.006081,2195607.000000,1874874.000000,3722527.000000,334752.000000,1282372.000000,1952.000000,539.000000,1146.000000,164.000000,144.000000,453.000000,125.000000,266.000000,38.000000,33.000000,2784.000000,769.000000,1633.000000,233.000000,205.000000,15.000000,8.000000,18.000000,3.000000,5.000000,0.000000,6.000000,12.000000,2.000000,4.000000,0.000000,7.000000,15.000000,2.000000,5.000000,8097.000000,2266.000000,4820.000000,695.000000,601.000000,3.000000,
0.040644,0.803746,0.356808,0.001701,0.615846,-209291.656752,3.006081,2195607.000000,1874874.000000,3722527.000000,334752.000000,1282372.000000,1952.000000,539.000000,1146.000000,164.000000,144.000000,453.000000,125.000000,266.000000,38.000000,33.000000,2784.000000,769.000000,1633.000000,233.000000,205.000000,15.000000,8.000000,18.000000,3.000000,5.000000,0.000000,6.000000,12.000000,2.000000,4.000000,0.000000,7.000000,15.000000,2.000000,5.000000,8097.000000,2266.000000,4820.000000,695.000000,601.000000,3.000000,
0.040686,0.736146,0.356153,0.001709,0.559561,-209257.980102,3.008010,2195607.000000,1874874.000000,3722527.000000,334752.000000,1282372.000000,1952.000000,539.000000,1146.000000,164.000000,144.000000,453.000000,125.000000,266.000000,38.000000,33.000000,2784.000000,769.000000,1633.000000,233.000000,205.000000,15.000000,8.000000,18.000000,3.000000,5.000000,0.000000,6.000000,12.000000,2.000000,4.000000,0.000000,7.000000,15.000000,2.000000,5.000000,8097.000000,2266.000000,4820.000000,695.000000,601.000000,3.000000,
0.040669,0.983689,0.357430,0.001115,0.590374,-209323.793686,3.009029,2195607.000000,1874874.000000,3722527.000000,334752.000000,1282372.000000,1952.000000,539.000000,1146.000000,164.000000,144.000000,453.000000,125.000000,266.000000,38.000000,33.000000,2784.000000,769.000000,1633.000000,233.000000,205.000000,15.000000,8.000000,18.000000,3.000000,5.000000,0.000000,6.000000,12.000000,2.000000,4.000000,0.000000,7.000000,15.000000,2.000000,5.000000,8097.000000,2266.000000,4820.000000,695.000000,601.000000,3.000000,
0.040669,0.983689,0.357430,0.001115,0.590374,-209323.793686,3.009029,2195607.000000,1874874.000000,3722527.000000,334752.000000,1282372.000000,1952.000000,539.000000,1146.000000,164.000000,144.000000,453.000000,125.000000,266.000000,38.000000,33.000000,2784.000000,769.000000,1633.000000,233.000000,205.000000,15.000000,8.000000,18.000000,3.000000,5.000000,0.000000,6.000000,12.000000,2.000000,4.000000,0.000000,7.000000,15.000000,2.000000,5.000000,8097.000000,2266.000000,4820.000000,695.000000,601.000000,3.000000,
0.040669,0.983689,0.357430,0.001115,0.590374,-209323.793686,3.009029,2195607.000000,1874874.000000,3722527.000000,334752.000000,1282372.000000,1952.000000,539.000000,1146.000000,164.000000,144.000000,453.000000,125.000000,266.000000,38.000000,33.000000,2784.000000,769.000000,1633.000000,233.000000,205.000000,15.000000,8.000000,18.000000,3.000000,5.000000,0.000000,6.000000,12.000000,2.000000,4.000000,0.000000,7.000000,15.000000,2.000000,5.000000,8097.000000,2266.000000,4820.000000,695.000000,601.000000,3.000000,
0.040669,0.983689,0.357430,0.001115,0.590374,-209323.793686,3.009029,2195607.000000,1874874.000000,3722527.000000,334752.000000,1282372.000000,1952.000000,539.000000,1146.000000,164.000000,144.000000,453.000000,125.000000,266.000000,38.000000,33.000000,2784.000000,769.000000,1633.000000,233.000000,205.000000,15.000000,8.000000,18.000000,3.000000,5.000000,0.000000,6.000000,12.000000,2.000000,4.000000,0.000000,7.000000,15.000000,2.000000,5.000000,8097.000000,2266.000000,4820.000000,695.000000,601.000000,3.000000,
0.040669,0.983689,0.357430,0.001115,0.590374,-209323.793686,3.009029,2195607.000000,1874874.000000,3722527.000000,334752.000000,1282372.000000,1952.000000,539.000000,1146.000000,164.000000,144.000000,453.000000,125.000000,266.000000,38.000000,33.000000,2784.000000,769.000000,1633.000000,233.000000,205.000000,15.000000,8.000000,18.000000,3.000000,5.000000,0.000000,6.000000,12.000000,2.000000,4.000000,0.000000,7.000000,15.000000,2.000000,5.000000,8097.000000,2266.000000,4820.000000,695.000000,601.000000,3.000000,
0.040669,0.983689,0.357430,0.001115,0.590374,-209323.793686,3.009029,2195607.000000,1874874.000000,3722527.000000,334752.000000,1282372.000000,1952.000000,539.000000,1146.000000,164.000000,144.000000,453.000000,125.000000,266.000000,38.000000,33.000000,2784.000000,769.000000,1633.000000,233.000000,205.000000,15.000000,8.000000,18.000000,3.000000,5.000000,0.000000,6.000000,12.000000,2.000000,4.000000,0.000000,7.000000,15.000000,2.000000,5.000000,8097.000000,2266.000000,4820.000000,695.000000,601.000000,3.000000,
0.040669,0.983689,0.357430,0.001115,0.590374,-209323.793686,3.009029,2195607.000000,1874874.000000,3722527.000000,334752.000000,1282372.000000,1952.000000,539.000000,1146.000000,164.000000,144.000000,453.000000,125.000000,266.000000,38.000000,33.000000,2784.000000,769.000000,1633.000000,233.000000,205.000000,15.000000,8.000000,18.000000,3.000000,5.000000,0.000000,6.000000,12.000000,2.000000,4.000000,0.000000,7.000000,15.000000,2.000000,5.000000,8097.000000,2266.000000,4820.000000,695.000000,601.000000,3.000000,
0.040669,0.983689,0.357430,0.001115,0.590374,-209323.793686,3.009029,2195607.000000,1874874.000000,3722527.000000,334752.000000,1282372.000000,1952.000000,539.000000,1146.000000,164.000000,144.000000,453.000000,125.000000,266.000000,38.000000,33.000000,2784.000000,769.000000,1633.000000,233.000000,205.000000,15.000000,8.000000,18.000000,3.000000,5.000000,0.000000,6.000000,12.000000,2.000000,4.000000,0.000000,7.000000,15.000000,2.000000,5.000000,8097.000000,2266.000000,4820.000000,695.000000,601.000000,3.000000,
0.040669,0.983689,0.357430,0.001115,0.590374,-209323.793686,3.009029,2195607.000000,1874874.000000,3722527.000000,334752.000000,1282372.000000,1952.000000,539.000000,1146.000000,164.000000,144.000000,453.000000,125.000000,266.000000,38.000000,33.000000,2784.000000,769.000000,1633.000000,233.000000,205.000000,15.000000,8.000000,18.000000,3.000000,5.000000,0.000000,6.000000,12.000000,2.000000,4.000000,0.000000,7.000000,15.000000,2.000000,5.000000,8097.000000,2266.000000,4820.000000,695.000000,601.000000,3.000000,
0.040669,0.983689,0.357430,0.001115,0.590374,-209323.793686,3.009029,2195607.000000,1874874.000000,3722527.000000,334752.000000,1282372.000000,1952.000000,539.000000,1146.000000,164.000000,144.000000,453.000000,125.000000,266.000000,38.000000,33.000000,2784.000000,769.000000,1633.000000,233.000000,205.000000,15.000000,8.000000,18.000000,3.000000,5.000000,0.000000,6.000000,12.000000,2.000000,4.000000,0.000000,7.000000,15.000000,2.000000,5.000000,8097.000000,2266.000000,4820.000000,695.000000,601.000000,3.000000,
0.040669,0.983689,0.357430,0.001115,0.590374,-209323.793686,3.009029,2195607.000000,1874874.000000,3722527.000000,334752.000000,1282372.000000,1952.000000,539.000000,1146.000000,164.000000,144.000000,453.000000,125.000000,266.000000,38.000000,33.000000,2784.000000,769.000000,1633.000000,233.000000,205.000000,15.000000,8.000000,18.000000,3.000000,5.000000,0.000000,6.000000,12.000000,2.000000,4.000000,0.000000,7.000000,15.000000,2.000000,5.000000,8097.000000,2266.000000,4820.000000,695.000000,601.000000,3.000000,
0.040669,0.983689,0.357430,0.001115,0.590374,-209323.793686,3.009029,2195607.000000,1874874.000000,3722527.000000,334752.000000,1282372.000000,1952.000000,539.000000,1146.000000,164.000000,144.000000,453.000000,125.000000,266.000000,38.000000,33.000000,2784.000000,769.000000,1633.000000,233.000000,205.000000,15.000000,8.000000,18.000000,3.000000,5.000000,0.000000,6.000000,12.000000,2.000000,4.000000,0.000000,7.000000,15.000000,2.000000,5.000000,8097.000000,2266.000000,4820.000000,695.000000,601.000000,3.000000,
0.040669,0.983689,0.357430,0.001115,0.590374,-209323.793686,3.009029,2195607.000000,1874874.000000,3722527.000000,334752.000000,1282372.000000,1952.000000,539.000000,1146.000000,164.000000,144.000000,453.000000,125.000000,266.000000,38.000000,33.000000,2784.000000,769.000000,1633.000000,233.000000,205.000000,15.000000,8.000000,18.000000,3.000000,5.000000,0.000000,6.000000,12.000000,2.000000,4.000000,0.000000,7.000000,15.000000,2.000000,5.000000,8097.000000,2266.000000,4820.000000,695.000000,601.000000,3.000000,
0.040669,0.983689,0.357430,0.001115,0.590374,-209323.793686,3.009029,2195607.000000,1874874.000000,3722527.000000,334752.000000,1282372.000000,1952.000000,539.000000,1146.000000,164.000000,144.000000,453.000000,125.000000,266.000000,38.000000,33.000000,2784.000000,769.000000,1633.000000,233.000000,205.000000,15.000000,8.000000,18.000000,3.000000,5.000000,0.000000,6.000000,12.000000,2.000000,4.000000,0.000000,7.000000,15.000000,2.000000,5.000000,8097.000000,2266.000000,4820.000000,695.000000,601.000000,3.000000,
0.040669,0.983689,0.357430,0.001115,0.590374,-209323.793686,3.009029,2195607.000000,1874874.000000,3722527.000000,334752.000000,1282372.000000,1952.000000,539.000000,1146.000000,164.000000,144.000000,453.000000,125.000000,266.000000,38.000000,33.000000,2784.000000,769.000000,1633.000000,233.000000,205.000000,15.000000,8.000000,18.000000,3.000000,5.000000,0.000000,6.000000,12.000000,2.000000,4.000000,0.000000,7.000000,15.000000,2.000000,5.000000,8097.000000,2266.000000,4820.000000,695.000000,601.000000,3.000000,
0.040669,0.983689,0.357430,0.001115,0.590374,-209323.793686,3.009029,2195607.000000,1874874.000000,3722527.000000,334752.000000,1282372.000000,1952.000000,539.000000,1146.000000,164.000000,144.000000,453.000000,125.000000,266.000000,38.000000,33.000000,2784.000000,769.000000,1633.000000,233.000000,205.000000,15.000000,8.000000,18.000000,3.000000,5.000000,0.000000,6.000000,12.000000,2.000000,4.000000,0.000000,7.000000,15.000000,2.000000,5.000000,8097.000000,2266.000000,4820.000000,695.000000,601.000000,3.000000,
0.040669,0.983689,0.357430,0.001115,0.590374,-209323.793686,3.009029,2195607.000000,1874874.000000,3722527.000000,334752.000000,1282372.000000,1952.000000,539.000000,1146.000000,164.000000,144.000000,453.000000,125.000000,266.000000,38.000000,33.000000,2784.000000,769.000000,1633.000000,233.000000,205.000000,15.000000,8.000000,18.000000,3.000000,5.000000,0.000000,6.000000,12.000000,2.000000,4.000000,0.000000,7.000000,15.000000,2.000000,5.000000,8097.000000,2266.000000,4820.000000,695.000000,601.000000,3.000000,
0.040475,0.841207,0.366402,0.001537,0.585364,-209789.255067,3.011069,2195607.000000,1874874.000000,3722527.000000,334752.000000,1282372.000000,1952.000000,539.000000,1146.000000,164.000000,144.000000,453.000000,125.000000,266.000000,38.000000,33.000000,2784.000000,769.000000,1633.000000,233.000000,205.000000,15.000000,8.000000,18.000000,3.000000,5.000000,0.000000,6.000000,12.000000,2.000000,4.000000,0.000000,7.000000,15.000000,2.000000,5.000000,8097.000000,2266.000000,4820.000000,695.000000,601.000000,3.000000,
0.040475,0.841207,0.366402,0.001537,0.585364,-209789.255067,3.011069,2195607.000000,1874874.000000,3722527.000000,334752.000000,1282372.000000,1952.000000,539.000000,1146.000000,164.000000,144.000000,453.000000,125.000000,266.000000,38.000000,33.000000,2784.000000,769.000000,1633.000000,233.000000,205.000000,15.000000,8.000000,18.000000,3.000000,5.000000,0.000000,6.000000,12.000000,2.000000,4.000000,0.000000,7.000000,15.000000,2.000000,5.000000,8097.000000,2266.000000,4820.000000,695.000000,601.000000,3.000000,
0.040475,0.841207,0.366402,0.001537,0.585364,-209789.255067,3.011069,2195607.000000,1874874.000000,3722527.000000,334752.000000,1282372.000000,1952.000000,539.000000,1146.000000,164.000000,144.000000,453.000000,125.000000,266.000000,38.000000,33.000000,2784.000000,769.000000,1633.000000,233.000000,205.000000,15.000000,8.000000,18.000000,3.000000,5.000000,0.000000,6.000000,12.000000,2.000000,4.000000,0.000000,7.000000,15.000000,2.000000,5.000000,8097.000000,2266.000000,4820.000000,695.000000,601.000000,3.000000,
0.040475,0.841207,0.366402,0.001537,0.585364,-209789.255067,3.011069,2195607.000000,1874874.000000,3722527.000000,334752.000000,1282372.000000,1952.000000,539.000000,1146.000000,164.000000,144.000000,453.000000,125.000000,266.000000,38.000000,33.000000,2784.000000,769.000000,1633.000000,233.000000,205.000000,15.000000,8.000000,18.000000,3.000000,5.000000,0.000000,6.000000,12.000000,2.000000,4.000000,0.000000,7.000000,15.000000,2.000000,5.000000,8097.000000,2266.000000,4820.000000,695.000000,601.000000,3.000000,
0.040475,0.841207,0.366402,0.001537,0.585364,-209789.255067,3.011069,2195607.000000,1874874.000000,3722527.000000,334752.000000,1282372.000000,1952.000000,539.000000,1146.000000,164.000000,144.000000,453.000000,125.000000,266.000000,38.000000,33.000000,2784.000000,769.000000,1633.000000,233.000000,205.000000,15.000000,8.000000,18.000000,3.000000,5.000000,0.000000,6.000000,12.000000,2.000000,4.000000,0.000000,7.000000,15.000000,2.000000,5.000000,8097.000000,2266.000000,4820.000000,695.000000,601.000000,3.000000,
0.040475,0.841207,0.366402,0.001537,0.585364,-209789.255067,3.011069,2195607.000000,1874874.000000,3722527.000000,334752.000000,1282372.000000,1952.000000,539.000000,1146.000000,164.000000,144.000000,453.000000,125.000000,266.000000,38.000000,33.000000,2784.000000,769.000000,1633.000000,233.000000,205.000000,15.000000,8.000000,18.000000,3.000000,5.000000,0.000000,6.000000,12.000000,2.000000,4.000000,0.000000,7.000000,15.000000,2.000000,5.000000,8097.000000,2266.000000,4820.000000,695.000000,601.000000,3.000000,
0.040475,0.841207,0.366402,0.001537,0.585364,-209789.255067,3.011069,2195607.000000,1874874.000000,3722527.000000,334752.000000,1282372.000000,1952.000000,539.000000,1146.000000,164.000000,144.000000,453.000000,125.000000,266.000000,38.000000,33.000000,2784.000000,769.000000,1633.000000,233.000000,205.000000,15.000000,8.000000,18.000000,3.000000,5.000000,0.000000,6.000000,12.000000,2.000000,4.000000,0.000000,7.000000,15.000000,2.000000,5.000000,8097.000000,2266.000000,4820.000000,695.000000,601.000000,3.000000,
0.040475,0.841207,0.366402,0.001537,0.585364,-209789.255067,3.011069,2195607.000000,1874874.000000,3722527.000000,334752.000000,1282372.000000,1952.000000,539.000000,1146.000000,164.000000,144.000000,453.000000,125.000000,266.000000,38.000000,33.000000,2784.000000,769.000000,1633.000000,233.000000,205.000000,15.000000,8.000000,18.000000,3.000000,5.000000,0.000000,6.000000,12.000000,2.000000,4.000000,0.000000,7.000000,15.000000,2.000000,5.000000,8097.000000,2266.000000,4820.000000,695.000000,601.000000,3.000000,
0.040475,0.841207,0.366402,0.001537,0.585364,-209789.255067,3.011069,2195607.000000,1874874.000000,3722527.000000,334752.000000,1282372.000000,1952.000000,539.000000,1146.000000,164.000000,144.000000,453.000000,125.000000,266.000000,38.000000,33.000000,2784.000000,769.000000,1633.000000,233.000000,205.000000,15.000000,8.000000,18.000000,3.000000,5.000000,0.000000,6.000000,12.000000,2.000000,4.000000,0.000000,7.000000,15.000000,2.000000,5.000000,8097.000000,2266.000000,4820.000000,695.000000,601.000000,3.000000,
0.040475,0.841207,0.366402,0.001537,0.585364,-209789.255067,3.011069,2195607.000000,1874874.000000,3722527.000000,334752.000000,1282372.000000,1952.000000,539.000000,1146.000000,164.000000,144.000000,453.000000,125.000000,266.000000,38.000000,33.000000,2784.000000,769.000000,1633.000000,233.000000,205.000000,15.000000,8.000000,18.000000,3.000000,5.000000,0.000000,6.000000,12.000000,2.000000,4.000000,0.000000,7.000000,15.000000,2.000000,5.000000,8097.000000,2266.000000,4820.000000,695.000000,601.000000,3.000000,
0.040475,0.841207,0.366402,0.001537,0.585364,-209789.255067,3.011069,2195607.000000,1874874.000000,3722527.000000,334752.000000,1282372.000000,1952.000000,539.000000,1146.000000,164.000000,144.000000,453.000000,125.000000,266.000000,38.000000,33.000000,2784.000000,769.000000,1633.000000,233.000000,205.000000,15.000000,8.000000,18.000000,3.000000,5.000000,0.000000,6.000000,12.000000,2.000000,4.000000,0.000000,7.000000,15.000000,2.000000,5.000000,8097.000000,2266.000000,4820.000000,695.000000,601.000000,3.000000,
0.040475,0.841207,0.366402,0.001537,0.585364,-209789.255067,3.011069,2195607.000000,1874874.000000,3722527.000000,334752.000000,1282372.000000,1952.000000,539.000000,1146.000000,164.000000,144.000000,453.000000,125.000000,266.000000,38.000000,33.000000,2784.000000,769.000000,1633.000000,233.000000,205.000000,15.000000,8.000000,18.000000,3.000000,5.000000,0.000000,6.000000,12.000000,2.000000,4.000000,0.000000,7.000000,15.000000,2.000000,5.000000,8097.000000,2266.000000,4820.000000,695.000000,601.000000,3.000000,
0.040475,0.841207,0.366402,0.001537,0.585364,-209789.255067,3.011069,2195607.000000,1874874.000000,3722527.000000,334752.000000,1282372.000000,1952.000000,539.000000,1146.000000,164.000000,144.000000,453.000000,125.000000,266.000000,38.000000,33.000000,2784.000000,769.000000,1633.000000,233.000000,205.000000,15.000000,8.000000,18.000000,3.000000,5.000000,0.000000,6.000000,12.000000,2.000000,4.000000,0.000000,7.000000,15.000000,2.000000,5.000000,8097.000000,2266.000000,4820.000000,695.000000,601.000000,3.000000,
0.040475,0.841207,0.366402,0.001537,0.585364,-209789.255067,3.011069,2195607.000000,1874874.000000,3722527.000000,334752.000000,1282372.000000,1952.000000,539.000000,1146.000000,164.000000,144.000000,453.000000,125.000000,266.000000,38.000000,33.000000,2784.000000,769.000000,1633.000000,233.000000,205.000000,15.000000,8.000000,18.000000,3.000000,5.000000,0.000000,6.000000,12.000000,2.000000,4.000000,0.000000,7.000000,15.000000,2.000000,5.000000,8097.000000,2266.000000,4820.000000,695.000000,601.000000,3.000000,
0.040475,0.841207,0.366402,0.001537,0.585364,-209789.255067,3.011069,2195607.000000,1874874.000000,3722527.000000,334752.000000,1282372.000000,1952.000000,539.000000,1146.000000,164.000000,144.000000,453.000000,125.000000,266.000000,38.000000,33.000000,2784.000000,769.000000,1633.000000,233.000000,205.000000,15.000000,8.000000,18.000000,3.000000,5.000000,0.000000,6.000000,12.000000,2.000000,4.000000,0.000000,7.000000,15.000000,2.000000,5.000000,8097.000000,2266.000000,4820.000000,695.000000,601.000000,3.000000,
0.040475,0.841207,0.366402,0.001537,0.585364,-209789.255067,3.011069,2195607.000000,1874874.000000,3722527.000000,334752.000000,1282372.000000,1952.000000,539.000000,1146.000000,164.000000,144.000000,453.000000,125.000000,266.000000,38.000000,33.000000,2784.000000,769.000000,1633.000000,233.000000,205.000000,15.000000,8.000000,18.000000,3.000000,5.000000,0.000000,6.000000,12.000000,2.000000,4.000000,0.000000,7.000000,15.000000,2.000000,5.000000,8097.000000,2266.000000,4820.000000,695.000000,601.000000,3.000000,
0.040370,0.793177,0.374006,0.001739,0.530516,-210188.000249,3.017108,2195607.000000,1874874.000000,3722527.000000,334752.000000,1282372.000000,1952.000000,539.000000,1146.000000,164.000000,144.000000,453.000000,125.000000,266.000000,38.000000,33.000000,2784.000000,769.000000,1633.000000,233.000000,205.000000,15.000000,8.000000,18.000000,3.000000,5.000000,0.000000,6.000000,12.000000,2.000000,4.000000,0.000000,7.000000,15.000000,2.000000,5.000000,8097.000000,2266.000000,4820.000000,695.000000,601.000000,3.000000,
0.040370,0.793177,0.374006,0.001739,0.530516,-210188.000249,3.017108,2195607.000000,1874874.000000,3722527.000000,334752.000000,1282372.000000,1952.000000,539.000000,1146.000000,164.000000,144.000000,453.000000,125.000000,266.000000,38.000000,33.000000,2784.000000,769.000000,1633.000000,233.000000,205.000000,15.000000,8.000000,18.000000,3.000000,5.000000,0.000000,6.000000,12.000000,2.000000,4.000000,0.000000,7.000000,15.000000,2.000000,5.000000,8097.000000,2266.000000,4820.000000,695.000000,601.000000,3.000000,
0.040261,0.869897,0.383492,0.002535,0.511897,-210690.965443,3.026201,2195607.000000,1874874.000000,3722527.000000,334752.000000,1282372.000000,1952.000000,539.000000,1146.000000,164.000000,144.000000,453.000000,125.000000,266.000000,38.000000,33.000000,2784.000000,769.000000,1633.000000,233.000000,205.000000,15.000000,8.000000,18.000000,3.000000,5.000000,0.000000,6.000000,12.000000,2.000000,4.000000,0.000000,7.000000,15.000000,2.000000,5.000000,8097.000000,2266.000000,4820.000000,695.000000,601.000000,3.000000,
0.040261,0.869897,0.383492,0.002535,0.511897,-210690.965443,3.026201,2195607.000000,1874874.000000,3722527.000000,334752.000000,1282372.000000,1952.000000,539.000000,1146.000000,164.000000,144.000000,453.000000,125.000000,266.000000,38.000000,33.000000,2784.000000,769.000000,1633.000000,233.000000,205.000000,15.000000,8.000000,18.000000,3.000000,5.000000,0.000000,6.000000,12.000000,2.000000,4.000000,0.000000,7.000000,15.000000,2.000000,5.000000,8097.000000,2266.000000,4820.000000,695.000000,601.000000,3.000000,
0.040261,0.869897,0.383492,0.002535,0.511897,-210690.965443,3.026201,2195607.000000,1874874.000000,3722527.000000,334752.000000,1282372.000000,1952.000000,539.000000,1146.000000,164.000000,144.000000,453.000000,125.000000,266.000000,38.000000,33.000000,2784.000000,769.000000,1633.000000,233.000000,205.000000,15.000000,8.000000,18.000000,3.000000,5.000000,0.000000,6.000000,12.000000,2.000000,4.000000,0.000000,7.000000,15.000000,2.000000,5.000000,8097.000000,2266.000000,4820.000000,695.000000,601.000000,3.000000,
0.040261,0.869897,0.383492,0.002535,0.511897,-210690.965443,3.026201,2195607.000000,1874874.000000,3722527.000000,334752.000000,1282372.000000,1952.000000,539.000000,1146.000000,164.000000,144.000000,453.000000,125.000000,266.000000,38.000000,33.000000,2784.000000,769.000000,1633.000000,233.000000,205.000000,15.000000,8.000000,18.000000,3.000000,5.000000,0.000000,6.000000,12.000000,2.000000,4.000000,0.000000,7.000000,15.000000,2.000000,5.000000,8097.000000,2266.000000,4820.000000,695.000000,601.000000,3.000000,
0.040373,0.597975,0.378734,0.004216,0.500065,-210438.070684,3.025984,2195607.000000,1874874.000000,3722527.000000,334752.000000,1282372.000000,1952.000000,539.000000,1146.000000,164.000000,144.000000,453.000000,125.000000,266.000000,38.000000,33.000000,2784.000000,769.000000,1633.000000,233.000000,205.000000,15.000000,8.000000,18.000000,3.000000,5.000000,0.000000,6.000000,12.000000,2.000000,4.000000,0.000000,7.000000,15.000000,2.000000,5.000000,8097.000000,2266.000000,4820.000000,695.000000,601.000000,3.000000,
0.040400,0.758282,0.374451,0.007851,0.483425,-210211.530746,3.020183,2195607.000000,1874874.000000,3722527.000000,334752.000000,1282372.000000,1952.000000,539.000000,1146.000000,164.000000,144.000000,453.000000,125.000000,266.000000,38.000000,33.000000,2784.000000,769.000000,1633.000000,233.000000,205.000000,15.000000,8.000000,18.000000,3.000000,5.000000,0.000000,6.000000,12.000000,2.000000,4.000000,0.000000,7.000000,15.000000,2.000000,5.000000,8097.000000,2266.000000,4820.000000,695.000000,601.000000,3.000000,
0.040400,0.758282,0.374451,0.007851,0.483425,-210211.530746,3.020183,2195607.000000,1874874.000000,3722527.000000,334752.000000,1282372.000000,1952.000000,539.000000,1146.000000,164.000000,144.000000,453.000000,125.000000,266.000000,38.000000,33.000000,2784.000000,769.000000,1633.000000,233.000000,205.000000,15.000000,8.000000,18.000000,3.000000,5.000000,0.000000,6.000000,12.000000,2.000000,4.000000,0.000000,7.000000,15.000000,2.000000,5.000000,8097.000000,2266.000000,4820.000000,695.000000,601.000000,3.000000,
0.040400,0.758282,0.374451,0.007851,0.483425,-210211.530746,3.020183,2195607.000000,1874874.000000,3722527.000000,334752.000000,1282372.000000,1952.000000,539.000000,1146.000000,164.000000,144.000000,453.000000,125.000000,266.000000,38.000000,33.000000,2784.000000,769.000000,1633.000000,233.000000,205.000000,15.000000,8.000000,18.000000,3.000000,5.000000,0.000000,6.000000,12.000000,2.000000,4.000000,0.000000,7.000000,15.000000,2.000000,5.000000,8097.000000,2266.000000,4820.000000,695.000000,601.000000,3.000000,
0.040450,0.663971,0.371967,0.007586,0.489488,-210080.807599,3.019396,2195607.000000,1874874.000000,3722527.000000,334752.000000,1282372.000000,1952.000000,539.000000,1146.000000,164.000000,144.000000,453.000000,125.000000,266.000000,38.000000,33.000000,2784.000000,769.000000,1633.000000,233.000000,205.000000,15.000000,8.000000,18.000000,3.000000,5.000000,0.000000,6.000000,12.000000,2.000000,4.000000,0.000000,7.000000,15.000000,2.000000,5.000000,8097.000000,2266.000000,4820.000000,695.000000,601.000000,3.000000,
0.040450,0.663971,0.371967,0.007586,0.489488,-210080.807599,3.019396,2195607.000000,1874874.000000,3722527.000000,334752.000000,1282372.000000,1952.000000,539.000000,1146.000000,164.000000,144.000000,453.000000,125.000000,266.000000,38.000000,33.000000,2784.000000,769.000000,1633.000000,233.000000,205.000000,15.000000,8.000000,18.000000,3.000000,5.000000,0.000000,6.000000,12.000000,2.000000,4.000000,0.000000,7.000000,15.000000,2.000000,5.000000,8097.000000,2266.000000,4820.000000,695.000000,601.000000,3.000000,
0.040465,0.594021,0.371647,0.007445,0.513348,-210064.025067,3.019963,2195607.000000,1874874.000000,3722527.000000,334752.000000,1282372.000000,1952.000000,539.000000,1146.000000,164.000000,144.000000,453.000000,125.000000,266.000000,38.000000,33.000000,2784.000000,769.000000,1633.000000,233.000000,205.000000,15.000000,8.000000,18.000000,3.000000,5.000000,0.000000,6.000000,12.000000,2.000000,4.000000,0.000000,7.000000,15.000000,2.000000,5.000000,8097.000000,2266.000000,4820.000000,695.000000,601.000000,3.000000,
0.040465,0.594021,0.371647,0.007445,0.513348,-210064.025067,3.019963,2195607.000000,1874874.000000,3722527.000000,334752.000000,1282372.000000,1952.000000,539.000000,1146.000000,164.000000,144.000000,453.000000,125.000000,266.000000,38.000000,33.000000,2784.000000,769.000000,1633.000000,233.000000,205.000000,15.000000,8.000000,18.000000,3.000000,5.000000,0.000000,6.000000,12.000000,2.000000,4.000000,0.000000,7.000000,15.000000,2.000000,5.000000,8097.000000,2266.000000,4820.000000,695.000000,601.000000,3.000000,
0.040278,0.324898,0.384183,0.011775,0.406075,-210727.894849,3.028796,2195607.000000,1874874.000000,3722527.000000,334752.000000,1282372.000000,1952.000000,539.000000,1146.000000,164.000000,144.000000,453.000000,125.000000,266.000000,38.000000,33.000000,2784.000000,769.000000,1633.000000,233.000000,205.000000,15.000000,8.000000,18.000000,3.000000,5.000000,0.000000,6.000000,12.000000,2.000000,4.000000,0.000000,7.000000,15.000000,2.000000,5.000000,8097.000000,2266.000000,4820.000000,695.000000,601.000000,3.000000,
0.040278,0.324898,0.384183,0.011775,0.406075,-210727.894849,3.028796,2195607.000000,1874874.000000,3722527.000000,334752.000000,1282372.000000,1952.000000,539.000000,1146.000000,164.000000,144.000000,453.000000,125.000000,266.000000,38.000000,33.000000,2784.000000,769.000000,1633.000000,233.000000,205.000000,15.000000,8.000000,18.000000,3.000000,5.000000,0.000000,6.000000,12.000000,2.000000,4.000000,0.000000,7.000000,15.000000,2.000000,5.000000,8097.000000,2266.000000,4820.000000,695.000000,601.000000,3.000000,
0.040376,0.479785,0.379575,0.010740,0.505229,-210482.687279,3.027709,2195607.000000,1874874.000000,3722527.000000,334752.000000,1282372.000000,1952.000000,539.000000,1146.000000,164.000000,144.000000,453.000000,125.000000,266.000000,38.000000,33.000000,2784.000000,769.000000,1633.000000,233.000000,205.000000,15.000000,8.000000,18.000000,3.000000,5.000000,0.000000,6.000000,12.000000,2.000000,4.000000,0.000000,7.000000,15.000000,2.000000,5.000000,8097.000000,2266.000000,4820.000000,695.000000,601.000000,3.000000,
0.040376,0.479785,0.379575,0.010740,0.505229,-210482.687279,3.027709,2195607.000000,1874874.000000,3722527.000000,334752.000000,1282372.000000,1952.000000,539.000000,1146.000000,164.000000,144.000000,453.000000,125.000000,266.000000,38.000000,33.000000,2784.000000,769.000000,1633.000000,233.000000,205.000000,15.000000,8.000000,18.000000,3.000000,5.000000,0.000000,6.000000,12.000000,2.000000,4.000000,0.000000,7.000000,15.000000,2.000000,5.000000,8097.000000,2266.000000,4820.000000,695.000000,601.000000,3.000000,
0.040376,0.479785,0.379575,0.010740,0.505229,-210482.687279,3.027709,2195607.000000,1874874.000000,3722527.000000,334752.000000,1282372.000000,1952.000000,539.000000,1146.000000,164.000000,144.000000,453.000000,125.000000,266.000000,38.000000,33.000000,2784.000000,769.000000,1633.000000,233.000000,205.000000,15.000000,8.000000,18.000000,3.000000,5.000000,0.000000,6.000000,12.000000,2.000000,4.000000,0.000000,7.000000,15.000000,2.000000,5.000000,8097.000000,2266.000000,4820.000000,695.000000,601.000000,3.000000,
0.040491,0.221123,0.374245,0.012769,0.489005,-210200.835785,3.026626,2195607.000000,1874874.000000,3722527.000000,334752.000000,1282372.000000,1952.000000,539.000000,1146.000000,164.000000,144.000000,453.000000,125.000000,266.000000,38.000000,33.000000,2784.000000,769.000000,1633.000000,233.000000,205.000000,15.000000,8.000000,18.000000,3.000000,5.000000,0.000000,6.000000,12.000000,2.000000,4.000000,0.000000,7.000000,15.000000,2.000000,5.000000,8097.000000,2266.000000,4820.000000,695.000000,601.000000,3.000000,
0.040491,0.221123,0.374245,0.012769,0.489005,-210200.835785,3.026626,2195607.000000,1874874.000000,3722527.000000,334752.000000,1282372.000000,1952.000000,539.000000,1146.000000,164.000000,144.000000,453.000000,125.000000,266.000000,38.000000,33.000000,2784.000000,769.000000,1633.000000,233.000000,205.000000,15.000000,8.000000,18.000000,3.000000,5.000000,0.000000,6.000000,12.000000,2.000000,4.000000,0.000000,7.000000,15.000000,2.000000,5.000000,8097.000000,2266.000000,4820.000000,695.000000,601.000000,3.000000,
0.040491,0.221123,0.374245,0.012769,0.489005,-210200.835785,3.026626,2195607.000000,1874874.000000,3722527.000000,334752.000000,1282372.000000,1952.000000,539.000000,1146.000000,164.000000,144.000000,453.000000,125.000000,266.000000,38.000000,33.000000,2784.000000,769.000000,1633.000000,233.000000,205.000000,15.000000,8.000000,18.000000,3.000000,5.000000,0.000000,6.000000,12.000000,2.000000,4.000000,0.000000,7.000000,15.000000,2.000000,5.000000,8097.000000,2266.000000,4820.000000,695.000000,601.000000,3.000000,
0.040491,0.221123,0.374245,0.012769,0.489005,-210200.835785,3.026626,2195607.000000,1874874.000000,3722527.000000,334752.000000,1282372.000000,1952.000000,539.000000,1146.000000,164.000000,144.000000,453.000000,125.000000,266.000000,38.000000,33.000000,2784.000000,769.000000,1633.000000,233.000000,205.000000,15.000000,8.000000,18.000000,3.000000,5.000000,0.000000,6.000000,12.000000,2.000000,4.000000,0.000000,7.000000,15.000000,2.000000,5.000000,8097.000000,2266.000000,4820.000000,695.000000,601.000000,3.000000,
0.040491,0.221123,0.374245,0.012769,0.489005,-210200.835785,3.026626,2195607.000000,1874874.000000,3722527.000000,334752.000000,1282372.000000,1952.000000,539.000000,1146.000000,164.000000,144.000000,453.000000,125.000000,266.000000,38.000000,33.000000,2784.000000,769.000000,1633.000000,233.000000,205.000000,15.000000,8.000000,18.000000,3.000000,5.000000,0.000000,6.000000,12.000000,2.000000,4.000000,0.000000,7.000000,15.000000,2.000000,5.000000,8097.000000,2266.000000,4820.000000,695.000000,601.000000,3.000000,
0.040491,0.221123,0.374245,0.012769,0.489005,-210200.835785,3.026626,2195607.000000,1874874.000000,3722527.000000,334752.000000,1282372.000000,1952.000000,539.000000,1146.000000,164.000000,144.000000,453.000000,125.000000,266.000000,38.000000,33.000000,2784.000000,769.000000,1633.000000,233.000000,205.000000,15.000000,8.000000,18.000000,3.000000,5.000000,0.000000,6.000000,12.000000,2.000000,4.000000,0.000000,7.000000,15.000000,2.000000,5.000000,8097.000000,2266.000000,4820.000000,695.000000,601.000000,3.000000,
0.040491,0.221123,0.374245,0.012769,0.489005,-210200.835785,3.026626,2195607.000000,1874874.000000,3722527.000000,334752.000000,1282372.000000,1952.000000,539.000000,1146.000000,164.000000,144.000000,453.000000,125.000000,266.000000,38.000000,33.000000,2784.000000,769.000000,1633.000000,233.000000,205.000000,15.000000,8.000000,18.000000,3.000000,5.000000,0.000000,6.000000,12.000000,2.000000,4.000000,0.000000,7.000000,15.000000,2.000000,5.000000,8097.000000,2266.000000,4820.000000,695.000000,601.000000,3.000000,
0.040587,0.186968,0.368150,0.011840,0.512642,-209880.820042,3.022645,2195607.000000,1874874.000000,3722527.000000,334752.000000,1282372.000000,1952.000000,539.000000,1146.000000,164.000000,144.000000,453.000000,125.000000,266.000000,38.000000,33.000000,2784.000000,769.000000,1633.000000,233.000000,205.000000,15.000000,8.000000,18.000000,3.000000,5.000000,0.000000,6.000000,12.000000,2.000000,4.000000,0.000000,7.000000,15.000000,2.000000,5.000000,8097.000000,2266.000000,4820.000000,695.000000,601.000000,3.000000,
0.040587,0.186968,0.368150,0.011840,0.512642,-209880.820042,3.022645,2195607.000000,1874874.000000,3722527.000000,334752.000000,1282372.000000,1952.000000,539.000000,1146.000000,164.000000,144.000000,453.000000,125.000000,266.000000,38.000000,33.000000,2784.000000,769.000000,1633.000000,233.000000,205.000000,15.000000,8.000000,18.000000,3.000000,5.000000,0.000000,6.000000,12.000000,2.000000,4.000000,0.000000,7.000000,15.000000,2.000000,5.000000,8097.000000,2266.000000,4820.000000,695.000000,601.000000,3.000000,
0.040587,0.186968,0.368150,0.011840,0.512642,-209880.820042,3.022645,2195607.000000,1874874.000000,3722527.000000,334752.000000,1282372.000000,1952.000000,539.000000,1146.000000,164.000000,144.000000,453.000000,125.000000,266.000000,38.000000,33.000000,2784.000000,769.000000,1633.000000,233.000000,205.000000,15.000000,8.000000,18.000000,3.000000,5.000000,0.000000,6.000000,12.000000,2.000000,4.000000,0.000000,7.000000,15.000000,2.000000,5.000000,8097.000000,2266.000000,4820.000000,695.000000,601.000000,3.000000,
0.040587,0.186968,0.368150,0.011840,0.512642,-209880.820042,3.022645,2195607.000000,1874874.000000,3722527.000000,334752.000000,1282372.000000,1952.000000,539.000000,1146.000000,164.000000,144.000000,453.000000,125.000000,266.000000,38.000000,33.000000,2784.000000,769.000000,1633.000000,233.000000,205.000000,15.000000,8.000000,18.000000,3.000000,5.000000,0.000000,6.000000,12.000000,2.000000,4.000000,0.000000,7.000000,15.000000,2.000000,5.000000,8097.000000,2266.000000,4820.000000,695.000000,601.000000,3.000000,
0.040587,0.186968,0.368150,0.011840,0.512642,-209880.820042,3.022645,2195607.000000,1874874.000000,3722527.000000,334752.000000,1282372.000000,1952.000000,539.000000,1146.000000,164.000000,144.000000,453.000000,125.000000,266.000000,38.000000,33.000000,2784.000000,769.000000,1633.000000,233.000000,205.000000,15.000000,8.000000,18.000000,3.000000,5.000000,0.000000,6.000000,12.000000,2.000000,4.000000,0.000000,7.000000,15.000000,2.000000,5.000000,8097.000000,2266.000000,4820.000000,695.000000,601.000000,3.000000,
0.040587,0.186968,0.368150,0.011840,0.512642,-209880.820042,3.022645,2195607.000000,1874874.000000,3722527.000000,334752.000000,1282372.000000,1952.000000,539.000000,1146.000000,164.000000,144.000000,453.000000,125.000000,266.000000,38.000000,33.000000,2784.000000,769.000000,1633.000000,233.000000,205.000000,15.000000,8.000000,18.000000,3.000000,5.000000,0.000000,6.000000,12.000000,2.000000,4.000000,0.000000,7.000000,15.000000,2.000000,5.000000,8097.000000,2266.000000,4820.000000,695.000000,601.000000,3.000000,
0.040587,0.186968,0.368150,0.011840,0.512642,-209880.820042,3.022645,2195607.000000,1874874.000000,3722527.000000,334752.000000,1282372.000000,1952.000000,539.000000,1146.000000,164.000000,144.000000,453.000000,125.000000,266.000000,38.000000,33.000000,2784.000000,769.000000,1633.000000,233.000000,205.000000,15.000000,8.000000,18.000000,3.000000,5.000000,0.000000,6.000000,12.000000,2.000000,4.000000,0.000000,7.000000,15.000000,2.000000,5.000000,8097.000000,2266.000000,4820.000000,695.000000,601.000000,3.000000,
0.040587,0.186968,0.368150,0.011840,0.512642,-209880.820042,3.022645,2195607.000000,1874874.000000,3722527.000000,334752.000000,1282372.000000,1952.000000,539.000000,1146.000000,164.000000,144.000000,453.000000,125.000000,266.000000,38.000000,33.000000,2784.000000,769.000000,1633.000000,233.000000,205.000000,15.000000,8.000000,18.000000,3.000000,5.000000,0.000000,6.000000,12.000000,2.000000,4.000000,0.000000,7.000000,15.000000,2.000000,5.000000,8097.000000,2266.000000,4820.000000,695.000000,601.000000,3.000000,
0.040680,0.077918,0.362893,0.012835,0.479005,-209606.823720,3.019904,2195607.000000,1874874.000000,3722527.000000,334752.000000,1282372.000000,1952.000000,539.000000,1146.000000,164.000000,144.000000,453.000000,125.000000,266.000000,38.000000,33.000000,2784.000000,769.000000,1633.000000,233.000000,205.000000,15.000000,8.000000,18.000000,3.000000,5.000000,0.000000,6.000000,12.000000,2.000000,4.000000,0.000000,7.000000,15.000000,2.000000,5.000000,8097.000000,2266.000000,4820.000000,695.000000,601.000000,3.000000,
0.040837,0.045517,0.356591,0.008732,0.548833,-209280.809078,3.019913,2195607.000000,1874874.000000,3722527.000000,334752.000000,1282372.000000,1952.000000,539.000000,1146.000000,164.000000,144.000000,453.000000,125.000000,266.000000,38.000000,33.000000,2784.000000,769.000000,1633.000000,233.000000,205.000000,15.000000,8.000000,18.000000,3.000000,5.000000,0.000000,6.000000,12.000000,2.000000,4.000000,0.000000,7.000000,15.000000,2.000000,5.000000,8097.000000,2266.000000,4820.000000,695.000000,601.000000,3.000000,
0.040837,0.045517,0.356591,0.008732,0.548833,-209280.809078,3.019913,2195607.000000,1874874.000000,3722527.000000,334752.000000,1282372.000000,1952.000000,539.000000,1146.000000,164.000000,144.000000,453.000000,125.000000,266.000000,38.000000,33.000000,2784.000000,769.000000,1633.000000,233.000000,205.000000,15.000000,8.000000,18.000000,3.000000,5.000000,0.000000,6.000000,12.000000,2.000000,4.000000,0.000000,7.000000,15.000000,2.000000,5.000000,8097.000000,2266.000000,4820.000000,695.000000,601.000000,3.000000,
0.040837,0.045517,0.356591,0.008732,0.548833,-209280.809078,3.019913,2195607.000000,1874874.000000,3722527.000000,334752.000000,1282372.000000,1952.000000,539.000000,1146.000000,164.000000,144.000000,453.000000,125.000000,266.000000,38.000000,33.000000,2784.000000,769.000000,1633.000000,233.000000,205.000000,15.000000,8.000000,18.000000,3.000000,5.000000,0.000000,6.000000,12.000000,2.000000,4.000000,0.000000,7.000000,15.000000,2.000000,5.000000,8097.000000,2266.000000,4820.000000,695.000000,601.000000,3.000000,
0.040979,0.018762,0.353337,0.013292,0.460286,-209113.642375,3.024448,2195607.000000,1874874.000000,3722527.000000,334752.000000,1282372.000000,1952.000000,539.000000,1146.000000,164.000000,144.000000,453.000000,125.000000,266.000000,38.000000,33.000000,2784.000000,769.000000,1633.000000,233.000000,205.000000,15.000000,8.000000,18.000000,3.000000,5.000000,0.000000,6.000000,12.000000,2.000000,4.000000,0.000000,7.000000,15.000000,2.000000,5.000000,8097.000000,2266.000000,4820.000000,695.000000,601.000000,3.000000,
0.040979,0.018762,0.353337,0.013292,0.460286,-209113.642375,3.024448,2195607.000000,1874874.000000,3722527.000000,334752.000000,1282372.000000,1952.000000,539.000000,1146.000000,164.000000,144.000000,453.000000,125.000000,266.000000,38.000000,33.000000,2784.000000,769.000000,1633.000000,233.000000,205.000000,15.000000,8.000000,18.000000,3.000000,5.000000,0.000000,6.000000,12.000000,2.000000,4.000000,0.000000,7.000000,15.000000,2.000000,5.000000,8097.000000,2266.000000,4820.000000,695.000000,601.000000,3.000000,
0.040979,0.018762,0.353337,0.013292,0.460286,-209113.642375,3.024448,2195607.000000,1874874.000000,3722527.000000,334752.000000,1282372.000000,1952.000000,539.000000,1146.000000,164.000000,144.000000,453.000000,125.000000,266.000000,38.000000,33.000000,2784.000000,769.000000,1633.000000,233.000000,205.000000,15.000000,8.000000,18.000000,3.000000,5.000000,0.000000,6.000000,12.000000,2.000000,4.000000,0.000000,7.000000,15.000000,2.000000,5.000000,8097.000000,2266.000000,4820.000000,695.000000,601.000000,3.000000,
0.040979,0.018762,0.353337,0.013292,0.460286,-209113.642375,3.024448,2195607.000000,1874874.000000,3722527.000000,334752.000000,1282372.000000,1952.000000,539.000000,1146.000000,164.000000,144.000000,453.000000,125.000000,266.000000,38.000000,33.000000,2784.000000,769.000000,1633.000000,233.000000,205.000000,15.000000,8.000000,18.000000,3.000000,5.000000,0.000000,6.000000,12.000000,2.000000,4.000000,0.000000,7.000000,15.000000,2.000000,5.000000,8097.000000,2266.000000,4820.000000,695.000000,601.000000,3.000000,
0.040979,0.018762,0.353337,0.013292,0.460286,-209113.642375,3.024448,2195607.000000,1874874.000000,3722527.000000,334752.000000,1282372.000000,1952.000000,539.000000,1146.000000,164.000000,144.000000,453.000000,125.000000,266.000000,38.000000,33.000000,2784.000000,769.000000,1633.000000,233.000000,205.000000,15.000000,8.000000,18.000000,3.000000,5.000000,0.000000,6.000000,12.000000,2.000000,4.000000,0.000000,7.000000,15.000000,2.000000,5.000000,8097.000000,2266.000000,4820.000000,695.000000,601.000000,3.000000,
0.040979,0.018762,0.353337,0.013292,0.460286,-209113.642375,3.024448,2195607.000000,1874874.000000,3722527.000000,334752.000000,1282372.000000,1952.000000,539.000000,1146.000000,164.000000,144.000000,453.000000,125.000000,266.000000,38.000000,33.000000,2784.000000,769.000000,1633.000000,233.000000,205.000000,15.000000,8.000000,18.000000,3.000000,5.000000,0.000000,6.000000,12.000000,2.000000,4.000000,0.000000,7.000000,15.000000,2.000000,5.000000,8097.000000,2266.000000,4820.000000,695.000000,601.000000,3.000000,
0.040706,0.015778,0.371918,0.022610,0.413845,-210078.711843,3.038449,2195607.000000,1874874.000000,3722527.000000,334752.000000,1282372.000000,1952.000000,539.000000,1146.000000,164.000000,144.000000,453.000000,125.000000,266.000000,38.000000,33.000000,2784.000000,769.000000,1633.000000,233.000000,205.000000,15.000000,8.000000,18.000000,3.000000,5.000000,0.000000,6.000000,12.000000,2.000000,4.000000,0.000000,7.000000,15.000000,2.000000,5.000000,8097.000000,2266.000000,4820.000000,695.000000,601.000000,3.000000,
0.040706,0.015778,0.371918,0.022610,0.413845,-210078.711843,3.038449,2195607.000000,1874874.000000,3722527.000000,334752.000000,1282372.000000,1952.000000,539.000000,1146.000000,164.000000,144.000000,453.000000,125.000000,266.000000,38.000000,33.000000,2784.000000,769.000000,1633.000000,233.000000,205.000000,15.000000,8.000000,18.000000,3.000000,5.000000,0.000000,6.000000,12.000000,2.000000,4.000000,0.000000,7.000000,15.000000,2.000000,5.000000,8097.000000,2266.000000,4820.000000,695.000000,601.000000,3.000000,
0.040706,0.015778,0.371918,0.022610,0.413845,-210078.711843,3.038449,2195607.000000,1874874.000000,3722527.000000,334752.000000,1282372.000000,1952.000000,539.000000,1146.000000,164.000000,144.000000,453.000000,125.000000,266.000000,38.000000,33.000000,2784.000000,769.000000,1633.000000,233.000000,205.000000,15.000000,8.000000,18.000000,3.000000,5.000000,0.000000,6.000000,12.000000,2.000000,4.000000,0.000000,7.000000,15.000000,2.000000,5.000000,8097.000000,2266.000000,4820.000000,695.000000,601.000000,3.000000,
0.040706,0.015778,0.371918,0.022610,0.413845,-210078.711843,3.038449,2195607.000000,1874874.000000,3722527.000000,334752.000000,1282372.000000,1952.000000,539.000000,1146.000000,164.000000,144.000000,453.000000,125.000000,266.000000,38.000000,33.000000,2784.000000,769.000000,1633.000000,233.000000,205.000000,15.000000,8.000000,18.000000,3.000000,5.000000,0.000000,6.000000,12.000000,2.000000,4.000000,0.000000,7.000000,15.000000,2.000000,5.000000,8097.000000,2266.000000,4820.000000,695.000000,601.000000,3.000000,
0.040533,0.065754,0.377485,0.055545,0.409317,-210372.172581,3.035681,2195607.000000,1874874.000000,3722527.000000,334752.000000,1282372.000000,1952.000000,539.000000,1146.000000,164.000000,144.000000,453.000000,125.000000,266.000000,38.000000,33.000000,2784.000000,769.000000,1633.000000,233.000000,205.000000,15.000000,8.000000,18.000000,3.000000,5.000000,0.000000,6.000000,12.000000,2.000000,4.000000,0.000000,7.000000,15.000000,2.000000,5.000000,8097.000000,2266.000000,4820.000000,695.000000,601.000000,3.000000,
0.040533,0.065754,0.377485,0.055545,0.409317,-210372.172581,3.035681,2195607.000000,1874874.000000,3722527.000000,334752.000000,1282372.000000,1952.000000,539.000000,1146.000000,164.000000,144.000000,453.000000,125.000000,266.000000,38.000000,33.000000,2784.000000,769.000000,1633.000000,233.000000,205.000000,15.000000,8.000000,18.000000,3.000000,5.000000,0.000000,6.000000,12.000000,2.000000,4.000000,0.000000,7.000000,15.000000,2.000000,5.000000,8097.000000,2266.000000,4820.000000,695.000000,601.000000,3.000000,
0.040533,0.065754,0.377485,0.055545,0.409317,-210372.172581,3.035681,2195607.000000,1874874.000000,3722527.000000,334752.000000,1282372.000000,1952.000000,539.000000,1146.000000,164.000000,144.000000,453.000000,125.000000,266.000000,38.000000,33.000000,2784.000000,769.000000,1633.000000,233.000000,205.000000,15.000000,8.000000,18.000000,3.000000,5.000000,0.000000,6.000000,12.000000,2.000000,4.000000,0.000000,7.000000,15.000000,2.000000,5.000000,8097.000000,2266.000000,4820.000000,695.000000,601.000000,3.000000,
0.040516,0.057191,0.382465,0.062446,0.299763,-210636.723462,3.043515,2195607.000000,1874874.000000,3722527.000000,334752.000000,1282372.000000,1952.000000,539.000000,1146.000000,164.000000,144.000000,453.000000,125.000000,266.000000,38.000000,33.000000,2784.000000,769.000000,1633.000000,233.000000,205.000000,15.000000,8.000000,18.000000,3.000000,5.000000,0.000000,6.000000,12.000000,2.000000,4.000000,0.000000,7.000000,15.000000,2.000000,5.000000,8097.000000,2266.000000,4820.000000,695.000000,601.000000,3.000000,
0.040516,0.057191,0.382465,0.062446,0.299763,-210636.723462,3.043515,2195607.000000,1874874.000000,3722527.000000,334752.000000,1282372.000000,1952.000000,539.000000,1146.000000,164.000000,144.000000,453.000000,125.000000,266.000000,38.000000,33.000000,2784.000000,769.000000,1633.000000,233.000000,205.000000,15.000000,8.000000,18.000000,3.000000,5.000000,0.000000,6.000000,12.000000,2.000000,4.000000,0.000000,7.000000,15.000000,2.000000,5.000000,8097.000000,2266.000000,4820.000000,695.000000,601.000000,3.000000,
0.040516,0.057191,0.382465,0.062446,0.299763,-210636.723462,3.043515,2195607.000000,1874874.000000,3722527.000000,334752.000000,1282372.000000,1952.000000,539.000000,1146.000000,164.000000,144.000000,453.000000,125.000000,266.000000,38.000000,33.000000,2784.000000,769.000000,1633.000000,233.000000,205.000000,15.000000,8.000000,18.000000,3.000000,5.000000,0.000000,6.000000,12.000000,2.000000,4.000000,0.000000,7.000000,15.000000,2.000000,5.000000,8097.000000,2266.000000,4820.000000,695.000000,601.000000,3.000000,
0.040516,0.057191,0.382465,0.062446,0.299763,-210636.723462,3.043515,2195607.000000,1874874.000000,3722527.000000,334752.000000,1282372.000000,1952.000000,539.000000,1146.000000,164.000000,144.000000,453.000000,125.000000,266.000000,38.000000,33.000000,2784.000000,769.000000,1633.000000,233.000000,205.000000,15.000000,8.000000,18.000000,3.000000,5.000000,0.000000,6.000000,12.000000,2.000000,4.000000,0.000000,7.000000,15.000000,2.000000,5.000000,8097.000000,2266.000000,4820.000000,695.000000,601.000000,3.000000,
0.040516,0.057191,0.382465,0.062446,0.299763,-210636.723462,3.043515,2195607.000000,1874874.000000,3722527.000000,334752.000000,1282372.000000,1952.000000,539.000000,1146.000000,164.000000,144.000000,453.000000,125.000000,266.000000,38.000000,33.000000,2784.000000,769.000000,1633.000000,233.000000,205.000000,15.000000,8.000000,18.000000,3.000000,5.000000,0.000000,6.000000,12.000000,2.000000,4.000000,0.000000,7.000000,15.000000,2.000000,5.000000,8097.000000,2266.000000,4820.000000,695.000000,601.000000,3.000000,
0.040614,0.118895,0.375590,0.056157,0.348817,-210272.089714,3.038310,2195607.000000,1874874.000000,3722527.000000,334752.000000,1282372.000000,1952.000000,539.000000,1146.000000,164.000000,144.000000,453.000000,125.000000,266.000000,38.000000,33.000000,2784.000000,769.000000,1633.000000,233.000000,205.000000,15.000000,8.000000,18.000000,3.000000,5.000000,0.000000,6.000000,12.000000,2.000000,4.000000,0.000000,7.000000,15.000000,2.000000,5.000000,8097.000000,2266.000000,4820.000000,695.000000,601.000000,3.000000,
0.040614,0.118895,0.375590,0.056157,0.348817,-210272.089714,3.038310,2195607.000000,1874874.000000,3722527.000000,334752.000000,1282372.000000,1952.000000,539.000000,1146.000000,164.000000,144.000000,453.000000,125.000000,266.000000,38.000000,33.000000,2784.000000,769.000000,1633.000000,233.000000,205.000000,15.000000,8.000000,18.000000,3.000000,5.000000,0.000000,6.000000,12.000000,2.000000,4.000000,0.000000,7.000000,15.000000,2.000000,5.000000,8097.000000,2266.000000,4820.000000,695.000000,601.000000,3.000000,
0.040450,0.079549,0.370870,0.022023,0.518044,-210023.134049,3.017416,2195607.000000,1874874.000000,3722527.000000,334752.000000,1282372.000000,1952.000000,539.000000,1146.000000,164.000000,144.000000,453.000000,125.000000,266.000000,38.000000,33.000000,2784.000000,769.000000,1633.000000,233.000000,205.000000,15.000000,8.000000,18.000000,3.000000,5.000000,0.000000,6.000000,12.000000,2.000000,4.000000,0.000000,7.000000,15.000000,2.000000,5.000000,8097.000000,2266.000000,4820.000000,695.000000,601.000000,3.000000,
0.040450,0.079549,0.370870,0.022023,0.518044,-210023.134049,3.017416,2195607.000000,1874874.000000,3722527.000000,334752.000000,1282372.000000,1952.000000,539.000000,1146.000000,164.000000,144.000000,453.000000,125.000000,266.000000,38.000000,33.000000,2784.000000,769.000000,1633.000000,233.000000,205.000000,15.000000,8.000000,18.000000,3.000000,5.000000,0.000000,6.000000,12.000000,2.000000,4.000000,0.000000,7.000000,15.000000,2.000000,5.000000,8097.000000,2266.000000,4820.000000,695.000000,601.000000,3.000000,
0.040450,0.079549,0.370870,0.022023,0.518044,-210023.134049,3.017416,2195607.000000,1874874.000000,3722527.000000,334752.000000,1282372.000000,1952.000000,539.000000,1146.000000,164.000000,144.000000,453.000000,125.000000,266.000000,38.000000,33.000000,2784.000000,769.000000,1633.000000,233.000000,205.000000,15.000000,8.000000,18.000000,3.000000,5.000000,0.000000,6.000000,12.000000,2.000000,4.000000,0.000000,7.000000,15.000000,2.000000,5.000000,8097.000000,2266.000000,4820.000000,695.000000,601.000000,3.000000,
0.040362,0.074281,0.374317,0.022720,0.462500,-210204.406075,3.017113,2195607.000000,1874874.000000,3722527.000000,334752.000000,1282372.000000,1952.000000,539.000000,1146.000000,164.000000,144.000000,453.000000,125.000000,266.000000,38.000000,33.000000,2784.000000,769.000000,1633.000000,233.000000,205.000000,15.000000,8.000000,18.000000,3.000000,5.000000,0.000000,6.000000,12.000000,2.000000,4.000000,0.000000,7.000000,15.000000,2.000000,5.000000,8097.000000,2266.000000,4820.000000,695.000000,601.000000,3.000000,
0.040362,0.074281,0.374317,0.022720,0.462500,-210204.406075,3.017113,2195607.000000,1874874.000000,3722527.000000,334752.000000,1282372.000000,1952.000000,539.000000,1146.000000,164.000000,144.000000,453.000000,125.000000,266.000000,38.000000,33.000000,2784.000000,769.000000,1633.000000,233.000000,205.000000,15.000000,8.000000,18.000000,3.000000,5.000000,0.000000,6.000000,12.000000,2.000000,4.000000,0.000000,7.000000,15.000000,2.000000,5.000000,8097.000000,2266.000000,4820.000000,695.000000,601.000000,3.000000,
0.040587,0.024995,0.365137,0.017297,0.550638,-209723.432860,3.017110,2195607.000000,1874874.000000,3722527.000000,334752.000000,1282372.000000,1952.000000,539.000000,1146.000000,164.000000,144.000000,453.000000,125.000000,266.000000,38.000000,33.000000,2784.000000,769.000000,1633.000000,233.000000,205.000000,15.000000,8.000000,18.000000,3.000000,5.000000,0.000000,6.000000,12.000000,2.000000,4.000000,0.000000,7.000000,15.000000,2.000000,5.000000,8097.000000,2266.000000,4820.000000,695.000000,601.000000,3.000000,
0.040587,0.024995,0.365137,0.017297,0.550638,-209723.432860,3.017110,2195607.000000,1874874.000000,3722527.000000,334752.000000,1282372.000000,1952.000000,539.000000,1146.000000,164.000000,144.000000,453.000000,125.000000,266.000000,38.000000,33.000000,2784.000000,769.000000,1633.000000,233.000000,205.000000,15.000000,8.000000,18.000000,3.000000,5.000000,0.000000,6.000000,12.000000,2.000000,4.000000,0.000000,7.000000,15.000000,2.000000,5.000000,8097.000000,2266.000000,4820.000000,695.000000,601.000000,3.000000,
0.040587,0.024995,0.365137,0.017297,0.550638,-209723.432860,3.017110,2195607.000000,1874874.000000,3722527.000000,334752.000000,1282372.000000,1952.000000,539.000000,1146.000000,164.000000,144.000000,453.000000,125.000000,266.000000,38.000000,33.000000,2784.000000,769.000000,1633.000000,233.000000,205.000000,15.000000,8.000000,18.000000,3.000000,5.000000,0.000000,6.000000,12.000000,2.000000,4.000000,0.000000,7.000000,15.000000,2.000000,5.000000,8097.000000,2266.000000,4820.000000,695.000000,601.000000,3.000000,
0.040392,0.030660,0.376170,0.019748,0.456297,-210302.320564,3.022706,2195607.000000,1874874.000000,3722527.000000,334752.000000,1282372.000000,1952.000000,539.000000,1146.000000,164.000000,144.000000,453.000000,125.000000,266.000000,38.000000,33.000000,2784.000000,769.000000,1633.000000,233.000000,205.000000,15.000000,8.000000,18.000000,3.000000,5.000000,0.000000,6.000000,12.000000,2.000000,4.000000,0.000000,7.000000,15.000000,2.000000,5.000000,8097.000000,2266.000000,4820.000000,695.000000,601.000000,3.000000,
0.040392,0.030660,0.376170,0.019748,0.456297,-210302.320564,3.022706,2195607.000000,1874874.000000,3722527.000000,334752.000000,1282372.000000,1952.000000,539.000000,1146.000000,164.000000,144.000000,453.000000,125.000000,266.000000,38.000000,33.000000,2784.000000,769.000000,1633.000000,233.000000,205.000000,15.000000,8.000000,18.000000,3.000000,5.000000,0.000000,6.000000,12.000000,2.000000,4.000000,0.000000,7.000000,15.000000,2.000000,5.000000,8097.000000,2266.000000,4820.000000,695.000000,601.000000,3.000000,
0.040392,0.030660,0.376170,0.019748,0.456297,-210302.320564,3.022706,2195607.000000,1874874.000000,3722527.000000,334752.000000,1282372.000000,1952.000000,539.000000,1146.000000,164.000000,144.000000,453.000000,125.000000,266.000000,38.000000,33.000000,2784.000000,769.000000,1633.000000,233.000000,205.000000,15.000000,8.000000,18.000000,3.000000,5.000000,0.000000,6.000000,12.000000,2.000000,4.000000,0.000000,7.000000,15.000000,2.000000,5.000000,8097.000000,2266.000000,4820.000000,695.000000,601.000000,3.000000,
0.040392,0.030660,0.376170,0.019748,0.456297,-210302.320564,3.022706,2195607.000000,1874874.000000,3722527.000000,334752.000000,1282372.000000,1952.000000,539.000000,1146.000000,164.000000,144.000000,453.000000,125.000000,266.000000,38.000000,33.000000,2784.000000,769.000000,1633.000000,233.000000,205.000000,15.000000,8.000000,18.000000,3.000000,5.000000,0.000000,6.000000,12.000000,2.000000,4.000000,0.000000,7.000000,15.000000,2.000000,5.000000,8097.000000,2266.000000,4820.000000,695.000000,601.000000,3.000000,
0.040423,0.019625,0.373830,0.018673,0.541233,-210178.858366,3.020786,2195607.000000,1874874.000000,3722527.000000,334752.000000,1282372.000000,1952.000000,539.000000,1146.000000,164.000000,144.000000,453.000000,125.000000,266.000000,38.000000,33.000000,2784.000000,769.000000,1633.000000,233.000000,205.000000,15.000000,8.000000,18.000000,3.000000,5.000000,0.000000,6.000000,12.000000,2.000000,4.000000,0.000000,7.000000,15.000000,2.000000,5.000000,8097.000000,2266.000000,4820.000000,695.000000,601.000000,3.000000,
0.040503,0.012701,0.370423,0.038807,0.368875,-209999.810611,3.020498,2195607.000000,1874874.000000,3722527.000000,334752.000000,1282372.000000,1952.000000,539.000000,1146.000000,164.000000,144.000000,453.000000,125.000000,266.000000,38.000000,33.000000,2784.000000,769.000000,1633.000000,233.000000,205.000000,15.000000,8.000000,18.000000,3.000000,5.000000,0.000000,6.000000,12.000000,2.000000,4.000000,0.000000,7.000000,15.000000,2.000000,5.000000,8097.000000,2266.000000,4820.000000,695.000000,601.000000,3.000000,
0.040503,0.012701,0.370423,0.038807,0.368875,-209999.810611,3.020498,2195607.000000,1874874.000000,3722527.000000,334752.000000,1282372.000000,1952.000000,539.000000,1146.000000,164.000000,144.000000,453.000000,125.000000,266.000000,38.000000,33.000000,2784.000000,769.000000,1633.000000,233.000000,205.000000,15.000000,8.000000,18.000000,3.000000,5.000000,0.000000,6.000000,12.000000,2.000000,4.000000,0.000000,7.000000,15.000000,2.000000,5.000000,8097.000000,2266.000000,4820.000000,695.000000,601.000000,3.000000,
0.040620,0.022937,0.358125,0.005722,0.571671,-209359.584427,3.006742,2195607.000000,1874874.000000,3722527.000000,334752.000000,1282372.000000,1952.000000,539.000000,1146.000000,164.000000,144.000000,453.000000,125.000000,266.000000,38.000000,33.000000,2784.000000,769.000000,1633.000000,233.000000,205.000000,15.000000,8.000000,18.000000,3.000000,5.000000,0.000000,6.000000,12.000000,2.000000,4.000000,0.000000,7.000000,15.000000,2.000000,5.000000,8097.000000,2266.000000,4820.000000,695.000000,601.000000,3.000000,
0.040620,0.022937,0.358125,0.005722,0.571671,-209359.584427,3.006742,2195607.000000,1874874.000000,3722527.000000,334752.000000,1282372.000000,1952.000000,539.000000,1146.000000,164.000000,144.000000,453.000000,125.000000,266.000000,38.000000,33.000000,2784.000000,769.000000,1633.000000,233.000000,205.000000,15.000000,8.000000,18.000000,3.000000,5.000000,0.000000,6.000000,12.000000,2.000000,4.000000,0.000000,7.000000,15.000000,2.000000,5.000000,8097.000000,2266.000000,4820.000000,695.000000,601.000000,3.000000,
0.040620,0.022937,0.358125,0.005722,0.571671,-209359.584427,3.006742,2195607.000000,1874874.000000,3722527.000000,334752.000000,1282372.000000,1952.000000,539.000000,1146.000000,164.000000,144.000000,453.000000,125.000000,266.000000,38.000000,33.000000,2784.000000,769.000000,1633.000000,233.000000,205.000000,15.000000,8.000000,18.000000,3.000000,5.000000,0.000000,6.000000,12.000000,2.000000,4.000000,0.000000,7.000000,15.000000,2.000000,5.000000,8097.000000,2266.000000,4820.000000,695.000000,601.000000,3.000000,
0.040620,0.022937,0.358125,0.005722,0.571671,-209359.584427,3.006742,2195607.000000,1874874.000000,3722527.000000,334752.000000,1282372.000000,1952.000000,539.000000,1146.000000,164.000000,144.000000,453.000000,125.000000,266.000000,38.000000,33.000000,2784.000000,769.000000,1633.000000,233.000000,205.000000,15.000000,8.000000,18.000000,3.000000,5.000000,0.000000,6.000000,12.000000,2.000000,4.000000,0.000000,7.000000,15.000000,2.000000,5.000000,8097.000000,2266.000000,4820.000000,695.000000,601.000000,3.000000,
0.040620,0.022937,0.358125,0.005722,0.571671,-209359.584427,3.006742,2195607.000000,1874874.000000,3722527.000000,334752.000000,1282372.000000,1952.000000,539.000000,1146.000000,164.000000,144.000000,453.000000,125.000000,266.000000,38.000000,33.000000,2784.000000,769.000000,1633.000000,233.000000,205.000000,15.000000,8.000000,18.000000,3.000000,5.000000,0.000000,6.000000,12.000000,2.000000,4.000000,0.000000,7.000000,15.000000,2.000000,5.000000,8097.000000,2266.000000,4820.000000,695.000000,601.000000,3.000000,
0.040620,0.022937,0.358125,0.005722,0.571671,-209359.584427,3.006742,2195607.000000,1874874.000000,3722527.000000,334752.000000,1282372.000000,1952.000000,539.000000,1146.000000,164.000000,144.000000,453.000000,125.000000,266.000000,38.000000,33.000000,2784.000000,769.000000,1633.000000,233.000000,205.000000,15.000000,8.000000,18.000000,3.000000,5.000000,0.000000,6.000000,12.000000,2.000000,4.000000,0.000000,7.000000,15.000000,2.000000,5.000000,8097.000000,2266.000000,4820.000000,695.000000,601.000000,3.000000,
0.040620,0.022937,0.358125,0.005722,0.571671,-209359.584427,3.006742,2195607.000000,1874874.000000,3722527.000000,334752.000000,1282372.000000,1952.000000,539.000000,1146.000000,164.000000,144.000000,453.000000,125.000000,266.000000,38.000000,33.000000,2784.000000,769.000000,1633.000000,233.000000,205.000000,15.000000,8.000000,18.000000,3.000000,5.000000,0.000000,6.000000,12.000000,2.000000,4.000000,0.000000,7.000000,15.000000,2.000000,5.000000,8097.000000,2266.000000,4820.000000,695.000000,601.000000,3.000000,
0.040620,0.022937,0.358125,0.005722,0.571671,-209359.584427,3.006742,2195607.000000,1874874.000000,3722527.000000,334752.000000,1282372.000000,1952.000000,539.000000,1146.000000,164.000000,144.000000,453.000000,125.000000,266.000000,38.000000,33.000000,2784.000000,769.000000,1633.000000,233.000000,205.000000,15.000000,8.000000,18.000000,3.000000,5.000000,0.000000,6.000000,12.000000,2.000000,4.000000,0.000000,7.000000,15.000000,2.000000,5.000000,8097.000000,2266.000000,4820.000000,695.000000,601.000000,3.000000,
0.040620,0.022937,0.358125,0.005722,0.571671,-209359.584427,3.006742,2195607.000000,1874874.000000,3722527.000000,334752.000000,1282372.000000,1952.000000,539.000000,1146.000000,164.000000,144.000000,453.000000,125.000000,266.000000,38.000000,33.000000,2784.000000,769.000000,1633.000000,233.000000,205.000000,15.000000,8.000000,18.000000,3.000000,5.000000,0.000000,6.000000,12.000000,2.000000,4.000000,0.000000,7.000000,15.000000,2.000000,5.000000,8097.000000,2266.000000,4820.000000,695.000000,601.000000,3.000000,
0.040480,0.009883,0.369802,0.007895,0.455300,-209967.151930,3.017706,2195607.000000,1874874.000000,3722527.000000,334752.000000,1282372.000000,1952.000000,539.000000,1146.000000,164.000000,144.000000,453.000000,125.000000,266.000000,38.000000,33.000000,2784.000000,769.000000,1633.000000,233.000000,205.000000,15.000000,8.000000,18.000000,3.000000,5.000000,0.000000,6.000000,12.000000,2.000000,4.000000,0.000000,7.000000,15.000000,2.000000,5.000000,8097.000000,2266.000000,4820.000000,695.000000,601.000000,3.000000,
0.040480,0.009883,0.369802,0.007895,0.455300,-209967.151930,3.017706,2195607.000000,1874874.000000,3722527.000000,334752.000000,1282372.000000,1952.000000,539.000000,1146.000000,164.000000,144.000000,453.000000,125.000000,266.000000,38.000000,33.000000,2784.000000,769.000000,1633.000000,233.000000,205.000000,15.000000,8.000000,18.000000,3.000000,5.000000,0.000000,6.000000,12.000000,2.000000,4.000000,0.000000,7.000000,15.000000,2.000000,5.000000,8097.000000,2266.000000,4820.000000,695.000000,601.000000,3.000000,
0.040581,0.007280,0.365640,0.007472,0.564485,-209749.669016,3.017561,2195607.000000,1874874.000000,3722527.000000,334752.000000,1282372.000000,1952.000000,539.000000,1146.000000,164.000000,144.000000,453.000000,125.000000,266.000000,38.000000,33.000000,2784.000000,769.000000,1633.000000,233.000000,205.000000,15.000000,8.000000,18.000000,3.000000,5.000000,0.000000,6.000000,12.000000,2.000000,4.000000,0.000000,7.000000,15.000000,2.000000,5.000000,8097.000000,2266.000000,4820.000000,695.000000,601.000000,3.000000,
0.041206,0.069782,0.327613,0.001376,0.600352,-207814.488449,2.993370,2195607.000000,1874874.000000,3722527.000000,334752.000000,1282372.000000,1952.000000,539.000000,1146.000000,164.000000,144.000000,453.000000,125.000000,266.000000,38.000000,33.000000,2784.000000,769.000000,1633.000000,233.000000,205.000000,15.000000,8.000000,18.000000,3.000000,5.000000,0.000000,6.000000,12.000000,2.000000,4.000000,0.000000,7.000000,15.000000,2.000000,5.000000,8097.000000,2266.000000,4820.000000,695.000000,601.000000,3.000000,
0.041206,0.069782,0.327613,0.001376,0.600352,-207814.488449,2.993370,2195607.000000,1874874.000000,3722527.000000,334752.000000,1282372.000000,1952.000000,539.000000,1146.000000,164.000000,144.000000,453.000000,125.000000,266.000000,38.000000,33.000000,2784.000000,769.000000,1633.000000,233.000000,205.000000,15.000000,8.000000,18.000000,3.000000,5.000000,0.000000,6.000000,12.000000,2.000000,4.000000,0.000000,7.000000,15.000000,2.000000,5.000000,8097.000000,2266.000000,4820.000000,695.000000,601.000000,3.000000,
0.041206,0.069782,0.327613,0.001376,0.600352,-207814.488449,2.993370,2195607.000000,1874874.000000,3722527.000000,334752.000000,1282372.000000,1952.000000,539.000000,1146.000000,164.000000,144.000000,453.000000,125.000000,266.000000,38.000000,33.000000,2784.000000,769.000000,1633.000000,233.000000,205.000000,15.000000,8.000000,18.000000,3.000000,5.000000,0.000000,6.000000,12.000000,2.000000,4.000000,0.000000,7.000000,15.000000,2.000000,5.000000,8097.000000,2266.000000,4820.000000,695.000000,601.000000,3.000000,
0.041206,0.069782,0.327613,0.001376,0.600352,-207814.488449,2.993370,2195607.000000,1874874.000000,3722527.000000,334752.000000,1282372.000000,1952.000000,539.000000,1146.000000,164.000000,144.000000,453.000000,125.000000,266.000000,38.000000,33.000000,2784.000000,769.000000,1633.000000,233.000000,205.000000,15.000000,8.000000,18.000000,3.000000,5.000000,0.000000,6.000000,12.000000,2.000000,4.000000,0.000000,7.000000,15.000000,2.000000,5.000000,8097.000000,2266.000000,4820.000000,695.000000,601.000000,3.000000,
0.041206,0.069782,0.327613,0.001376,0.600352,-207814.488449,2.993370,2195607.000000,1874874.000000,3722527.000000,334752.000000,1282372.000000,1952.000000,539.000000,1146.000000,164.000000,144.000000,453.000000,125.000000,266.000000,38.000000,33.000000,2784.000000,769.000000,1633.000000,233.000000,205.000000,15.000000,8.000000,18.000000,3.000000,5.000000,0.000000,6.000000,12.000000,2.000000,4.000000,0.000000,7.000000,15.000000,2.000000,5.000000,8097.000000,2266.000000,4820.000000,695.000000,601.000000,3.000000,
0.041206,0.069782,0.327613,0.001376,0.600352,-207814.488449,2.993370,2195607.000000,1874874.000000,3722527.000000,334752.000000,1282372.000000,1952.000000,539.000000,1146.000000,164.000000,144.000000,453.000000,125.000000,266.000000,38.000000,33.000000,2784.000000,769.000000,1633.000000,233.000000,205.000000,15.000000,8.000000,18.000000,3.000000,5.000000,0.000000,6.000000,12.000000,2.000000,4.000000,0.000000,7.000000,15.000000,2.000000,5.000000,8097.000000,2266.000000,4820.000000,695.000000,601.000000,3.000000,
0.041206,0.069782,0.327613,0.001376,0.600352,-207814.488449,2.993370,2195607.000000,1874874.000000,3722527.000000,334752.000000,1282372.000000,1952.000000,539.000000,1146.000000,164.000000,144.000000,453.000000,125.000000,266.000000,38.000000,33.000000,2784.000000,769.000000,1633.000000,233.000000,205.000000,15.000000,8.000000,18.000000,3.000000,5.000000,0.000000,6.000000,12.000000,2.000000,4.000000,0.000000,7.000000,15.000000,2.000000,5.000000,8097.000000,2266.000000,4820.000000,695.000000,601.000000,3.000000,
0.041206,0.069782,0.327613,0.001376,0.600352,-207814.488449,2.993370,2195607.000000,1874874.000000,3722527.000000,334752.000000,1282372.000000,1952.000000,539.000000,1146.000000,164.000000,144.000000,453.000000,125.000000,266.000000,38.000000,33.000000,2784.000000,769.000000,1633.000000,233.000000,205.000000,15.000000,8.000000,18.000000,3.000000,5.000000,0.000000,6.000000,12.000000,2.000000,4.000000,0.000000,7.000000,15.000000,2.000000,5.000000,8097.000000,2266.000000,4820.000000,695.000000,601.000000,3.000000,
0.041206,0.069782,0.327613,0.001376,0.600352,-207814.488449,2.993370,2195607.000000,1874874.000000,3722527.000000,334752.000000,1282372.000000,1952.000000,539.000000,1146.000000,164.000000,144.000000,453.000000,125.000000,266.000000,38.000000,33.000000,2784.000000,769.000000,1633.000000,233.000000,205.000000,15.000000,8.000000,18.000000,3.000000,5.000000,0.000000,6.000000,12.000000,2.000000,4.000000,0.000000,7.000000,15.000000,2.000000,5.000000,8097.000000,2266.000000,4820.000000,695.000000,601.000000,3.000000,
0.041206,0.069782,0.327613,0.001376,0.600352,-207814.488449,2.993370,2195607.000000,1874874.000000,3722527.000000,334752.000000,1282372.000000,1952.000000,539.000000,1146.000000,164.000000,144.000000,453.000000,125.000000,266.000000,38.000000,33.000000,2784.000000,769.000000,1633.000000,233.000000,205.000000,15.000000,8.000000,18.000000,3.000000,5.000000,0.000000,6.000000,12.000000,2.000000,4.000000,0.000000,7.000000,15.000000,2.000000,5.000000,8097.000000,2266.000000,4820.000000,695.000000,601.000000,3.000000,
0.041906,0.411492,0.291095,0.011406,0.751266,-206042.738996,2.975111,2195607.000000,1874874.000000,3722527.000000,334752.000000,1282372.000000,1952.000000,539.000000,1146.000000,164.000000,144.000000,453.000000,125.000000,266.000000,38.000000,33.000000,2784.000000,769.000000,1633.000000,233.000000,205.000000,15.000000,8.000000,18.000000,3.000000,5.000000,0.000000,6.000000,12.000000,2.000000,4.000000,0.000000,7.000000,15.000000,2.000000,5.000000,8097.000000,2266.000000,4820.000000,695.000000,601.000000,3.000000,
0.041906,0.411492,0.291095,0.011406,0.751266,-206042.738996,2.975111,2195607.000000,1874874.000000,3722527.000000,334752.000000,1282372.000000,1952.000000,539.000000,1146.000000,164.000000,144.000000,453.000000,125.000000,266.000000,38.000000,33.000000,2784.000000,769.000000,1633.000000,233.000000,205.000000,15.000000,8.000000,18.000000,3.000000,5.000000,0.000000,6.000000,12.000000,2.000000,4.000000,0.000000,7.000000,15.000000,2.000000,5.000000,8097.000000,2266.000000,4820.000000,695.000000,601.000000,3.000000,
0.041906,0.411492,0.291095,0.011406,0.751266,-206042.738996,2.975111,2195607.000000,1874874.000000,3722527.000000,334752.000000,1282372.000000,1952.000000,539.000000,1146.000000,164.000000,144.000000,453.000000,125.000000,266.000000,38.000000,33.000000,2784.000000,769.000000,1633.000000,233.000000,205.000000,15.000000,8.000000,18.000000,3.000000,5.000000,0.000000,6.000000,12.000000,2.000000,4.000000,0.000000,7.000000,15.000000,2.000000,5.000000,8097.000000,2266.000000,4820.000000,695.000000,601.000000,3.000000,
0.041906,0.411492,0.291095,0.011406,0.751266,-206042.738996,2.975111,2195607.000000,1874874.000000,3722527.000000,334752.000000,1282372.000000,1952.000000,539.000000,1146.000000,164.000000,144.000000,453.000000,125.000000,266.000000,38.000000,33.000000,2784.000000,769.000000,1633.000000,233.000000,205.000000,15.000000,8.000000,18.000000,3.000000,5.000000,0.000000,6.000000,12.000000,2.000000,4.000000,0.000000,7.000000,15.000000,2.000000,5.000000,8097.000000,2266.000000,4820.000000,695.000000,601.000000,3.000000,
0.041906,0.411492,0.291095,0.011406,0.751266,-206042.738996,2.975111,2195607.000000,1874874.000000,3722527.000000,334752.000000,1282372.000000,1952.000000,539.000000,1146.000000,164.000000,144.000000,453.000000,125.000000,266.000000,38.000000,33.000000,2784.000000,769.000000,1633.000000,233.000000,205.000000,15.000000,8.000000,18.000000,3.000000,5.000000,0.000000,6.000000,12.000000,2.000000,4.000000,0.000000,7.000000,15.000000,2.000000,5.000000,8097.000000,2266.000000,4820.000000,695.000000,601.000000,3.000000,
0.041906,0.411492,0.291095,0.011406,0.751266,-206042.738996,2.975111,2195607.000000,1874874.000000,3722527.000000,334752.000000,1282372.000000,1952.000000,539.000000,1146.000000,164.000000,144.000000,453.000000,125.000000,266.000000,38.000000,33.000000,2784.000000,769.000000,1633.000000,233.000000,205.000000,15.000000,8.000000,18.000000,3.000000,5.000000,0.000000,6.000000,12.000000,2.000000,4.000000,0.000000,7.000000,15.000000,2.000000,5.000000,8097.000000,2266.000000,4820.000000,695.000000,601.000000,3.000000,
0.041906,0.411492,0.291095,0.011406,0.751266,-206042.738996,2.975111,2195607.000000,1874874.000000,3722527.000000,334752.000000,1282372.000000,1952.000000,539.000000,1146.000000,164.000000,144.000000,453.000000,125.000000,266.000000,38.000000,33.000000,2784.000000,769.000000,1633.000000,233.000000,205.000000,15.000000,8.000000,18.000000,3.000000,5.000000,0.000000,6.000000,12.000000,2.000000,4.000000,0.000000,7.000000,15.000000,2.000000,5.000000,8097.000000,2266.000000,4820.000000,695.000000,601.000000,3.000000,
0.041906,0.411492,0.291095,0.011406,0.751266,-206042.738996,2.975111,2195607.000000,1874874.000000,3722527.000000,334752.000000,1282372.000000,1952.000000,539.000000,1146.000000,164.000000,144.000000,453.000000,125.000000,266.000000,38.000000,33.000000,2784.000000,769.000000,1633.000000,233.000000,205.000000,15.000000,8.000000,18.000000,3.000000,5.000000,0.000000,6.000000,12.000000,2.000000,4.000000,0.000000,7.000000,15.000000,2.000000,5.000000,8097.000000,2266.000000,4820.000000,695.000000,601.000000,3.000000,
0.041649,0.323829,0.301789,0.010796,0.692881,-206552.930712,2.976963,2195607.000000,1874874.000000,3722527.000000,334752.000000,1282372.000000,1952.000000,539.000000,1146.000000,164.000000,144.000000,453.000000,125.000000,266.000000,38.000000,33.000000,2784.000000,769.000000,1633.000000,233.000000,205.000000,15.000000,8.000000,18.000000,3.000000,5.000000,0.000000,6.000000,12.000000,2.000000,4.000000,0.000000,7.000000,15.000000,2.000000,5.000000,8097.000000,2266.000000,4820.000000,695.000000,601.000000,3.000000,
0.041649,0.323829,0.301789,0.010796,0.692881,-206552.930712,2.976963,2195607.000000,1874874.000000,3722527.000000,334752.000000,1282372.000000,1952.000000,539.000000,1146.000000,164.000000,144.000000,453.000000,125.000000,266.000000,38.000000,33.000000,2784.000000,769.000000,1633.000000,233.000000,205.000000,15.000000,8.000000,18.000000,3.000000,5.000000,0.000000,6.000000,12.000000,2.000000,4.000000,0.000000,7.000000,15.000000,2.000000,5.000000,8097.000000,2266.000000,4820.000000,695.000000,601.000000,3.000000,
0.041649,0.323829,0.301789,0.010796,0.692881,-206552.930712,2.976963,2195607.000000,1874874.000000,3722527.000000,334752.000000,1282372.000000,1952.000000,539.000000,1146.000000,164.000000,144.000000,453.000000,125.000000,266.000000,38.000000,33.000000,2784.000000,769.000000,1633.000000,233.000000,205.000000,15.000000,8.000000,18.000000,3.000000,5.000000,0.000000,6.000000,12.000000,2.000000,4.000000,0.000000,7.000000,15.000000,2.000000,5.000000,8097.000000,2266.000000,4820.000000,695.000000,601.000000,3.000000,
0.041689,0.535415,0.299096,0.006838,0.777582,-206423.748234,2.974741,2195607.000000,1874874.000000,3722527.000000,334752.000000,1282372.000000,1952.000000,539.000000,1146.000000,164.000000,144.000000,453.000000,125.000000,266.000000,38.000000,33.000000,2784.000000,769.000000,1633.000000,233.000000,205.000000,15.000000,8.000000,18.000000,3.000000,5.000000,0.000000,6.000000,12.000000,2.000000,4.000000,0.000000,7.000000,15.000000,2.000000,5.000000,8097.000000,2266.000000,4820.000000,695.000000,601.000000,3.000000,
0.041689,0.535415,0.299096,0.006838,0.777582,-206423.748234,2.974741,2195607.000000,1874874.000000,3722527.000000,334752.000000,1282372.000000,1952.000000,539.000000,1146.000000,164.000000,144.000000,453.000000,125.000000,266.000000,38.000000,33.000000,2784.000000,769.000000,1633.000000,233.000000,205.000000,15.000000,8.000000,18.000000,3.000000,5.000000,0.000000,6.000000,12.000000,2.000000,4.000000,0.000000,7.000000,15.000000,2.000000,5.000000,8097.000000,2266.000000,4820.000000,695.000000,601.000000,3.000000,
0.041689,0.535415,0.299096,0.006838,0.777582,-206423.748234,2.974741,2195607.000000,1874874.000000,3722527.000000,334752.000000,1282372.000000,1952.000000,539.000000,1146.000000,164.000000,144.000000,453.000000,125.000000,266.000000,38.000000,33.000000,2784.000000,769.000000,1633.000000,233.000000,205.000000,15.000000,8.000000,18.000000,3.000000,5.000000,0.000000,6.000000,12.000000,2.000000,4.000000,0.000000,7.000000,15.000000,2.000000,5.000000,8097.000000,2266.000000,4820.000000,695.000000,601.000000,3.000000,
0.041506,0.841145,0.305778,0.006152,0.699871,-206744.954410,2.974207,2195607.000000,1874874.000000,3722527.000000,334752.000000,1282372.000000,1952.000000,539.000000,1146.000000,164.000000,144.000000,453.000000,125.000000,266.000000,38.000000,33.000000,2784.000000,769.000000,1633.000000,233.000000,205.000000,15.000000,8.000000,18.000000,3.000000,5.000000,0.000000,6.000000,12.000000,2.000000,4.000000,0.000000,7.000000,15.000000,2.000000,5.000000,8097.000000,2266.000000,4820.000000,695.000000,601.000000,3.000000,
0.041506,0.841145,0.305778,0.006152,0.699871,-206744.954410,2.974207,2195607.000000,1874874.000000,3722527.000000,334752.000000,1282372.000000,1952.000000,539.000000,1146.000000,164.000000,144.000000,453.000000,125.000000,266.000000,38.000000,33.000000,2784.000000,769.000000,1633.000000,233.000000,205.000000,15.000000,8.000000,18.000000,3.000000,5.000000,0.000000,6.000000,12.000000,2.000000,4.000000,0.000000,7.000000,15.000000,2.000000,5.000000,8097.000000,2266.000000,4820.000000,695.000000,601.000000,3.000000,
0.041506,0.841145,0.305778,0.006152,0.699871,-206744.954410,2.974207,2195607.000000,1874874.000000,3722527.000000,334752.000000,1282372.000000,1952.000000,539.000000,1146.000000,164.000000,144.000000,453.000000,125.000000,266.000000,38.000000,33.000000,2784.000000,769.000000,1633.000000,233.000000,205.000000,15.000000,8.000000,18.000000,3.000000,5.000000,0.000000,6.000000,12.000000,2.000000,4.000000,0.000000,7.000000,15.000000,2.000000,5.000000,8097.000000,2266.000000,4820.000000,695.000000,601.000000,3.000000,
0.041506,0.841145,0.305778,0.006152,0.699871,-206744.954410,2.974207,2195607.000000,1874874.000000,3722527.000000,334752.000000,1282372.000000,1952.000000,539.000000,1146.000000,164.000000,144.000000,453.000000,125.000000,266.000000,38.000000,33.000000,2784.000000,769.000000,1633.000000,233.000000,205.000000,15.000000,8.000000,18.000000,3.000000,5.000000,0.000000,6.000000,12.000000,2.000000,4.000000,0.000000,7.000000,15.000000,2.000000,5.000000,8097.000000,2266.000000,4820.000000,695.000000,601.000000,3.000000,
0.041506,0.841145,0.305778,0.006152,0.699871,-206744.954410,2.974207,2195607.000000,1874874.000000,3722527.000000,334752.000000,1282372.000000,1952.000000,539.000000,1146.000000,164.000000,144.000000,453.000000,125.000000,266.000000,38.000000,33.000000,2784.000000,769.000000,1633.000000,233.000000,205.000000,15.000000,8.000000,18.000000,3.000000,5.000000,0.000000,6.000000,12.000000,2.000000,4.000000,0.000000,7.000000,15.000000,2.000000,5.000000,8097.000000,2266.000000,4820.000000,695.000000,601.000000,3.000000,
0.041427,0.679846,0.308056,0.004093,0.831449,-206855.055123,2.972816,2195607.000000,1874874.000000,3722527.000000,334752.000000,1282372.000000,1952.000000,539.000000,1146.000000,164.000000,144.000000,453.000000,125.000000,266.000000,38.000000,33.000000,2784.000000,769.000000,1633.000000,233.000000,205.000000,15.000000,8.000000,18.000000,3.000000,5.000000,0.000000,6.000000,12.000000,2.000000,4.000000,0.000000,7.000000,15.000000,2.000000,5.000000,8097.000000,2266.000000,4820.000000,695.000000,601.000000,3.000000,
0.041427,0.679846,0.308056,0.004093,0.831449,-206855.055123,2.972816,2195607.000000,1874874.000000,3722527.000000,334752.000000,1282372.000000,1952.000000,539.000000,1146.000000,164.000000,144.000000,453.000000,125.000000,266.000000,38.000000,33.000000,2784.000000,769.000000,1633.000000,233.000000,205.000000,15.000000,8.000000,18.000000,3.000000,5.000000,0.000000,6.000000,12.000000,2.000000,4.000000,0.000000,7.000000,15.000000,2.000000,5.000000,8097.000000,2266.000000,4820.000000,695.000000,601.000000,3.000000,
0.041427,0.679846,0.308056,0.004093,0.831449,-206855.055123,2.972816,2195607.000000,1874874.000000,3722527.000000,334752.000000,1282372.000000,1952.000000,539.000000,1146.000000,164.000000,144.000000,453.000000,125.000000,266.000000,38.000000,33.000000,2784.000000,769.000000,1633.000000,233.000000,205.000000,15.000000,8.000000,18.000000,3.000000,5.000000,0.000000,6.000000,12.000000,2.000000,4.000000,0.000000,7.000000,15.000000,2.000000,5.000000,8097.000000,2266.000000,4820.000000,695.000000,601.000000,3.000000,
0.041427,0.679846,0.308056,0.004093,0.831449,-206855.055123,2.972816,2195607.000000,1874874.000000,3722527.000000,334752.000000,1282372.000000,1952.000000,539.000000,1146.000000,164.000000,144.000000,453.000000,125.000000,266.000000,38.000000,33.000000,2784.000000,769.000000,1633.000000,233.000000,205.000000,15.000000,8.000000,18.000000,3.000000,5.000000,0.000000,6.000000,12.000000,2.000000,4.000000,0.000000,7.000000,15.000000,2.000000,5.000000,8097.000000,2266.000000,4820.000000,695.000000,601.000000,3.000000,
0.041521,0.691741,0.301042,0.005987,0.773000,-206516.811720,2.966403,2195607.000000,1874874.000000,3722527.000000,334752.000000,1282372.000000,1952.000000,539.000000,1146.000000,164.000000,144.000000,453.000000,125.000000,266.000000,38.000000,33.000000,2784.000000,769.000000,1633.000000,233.000000,205.000000,15.000000,8.000000,18.000000,3.000000,5.000000,0.000000,6.000000,12.000000,2.000000,4.000000,0.000000,7.000000,15.000000,2.000000,5.000000,8097.000000,2266.000000,4820.000000,695.000000,601.000000,3.000000,
0.041570,0.964520,0.298254,0.008477,0.739281,-206383.210437,2.964672,2195607.000000,1874874.000000,3722527.000000,334752.000000,1282372.000000,1952.000000,539.000000,1146.000000,164.000000,144.000000,453.000000,125.000000,266.000000,38.000000,33.000000,2784.000000,769.000000,1633.000000,233.000000,205.000000,15.000000,8.000000,18.000000,3.000000,5.000000,0.000000,6.000000,12.000000,2.000000,4.000000,0.000000,7.000000,15.000000,2.000000,5.000000,8097.000000,2266.000000,4820.000000,695.000000,601.000000,3.000000,
0.041570,0.964520,0.298254,0.008477,0.739281,-206383.210437,2.964672,2195607.000000,1874874.000000,3722527.000000,334752.000000,1282372.000000,1952.000000,539.000000,1146.000000,164.000000,144.000000,453.000000,125.000000,266.000000,38.000000,33.000000,2784.000000,769.000000,1633.000000,233.000000,205.000000,15.000000,8.000000,18.000000,3.000000,5.000000,0.000000,6.000000,12.000000,2.000000,4.000000,0.000000,7.000000,15.000000,2.000000,5.000000,8097.000000,2266.000000,4820.000000,695.000000,601.000000,3.000000,
0.041570,0.964520,0.298254,0.008477,0.739281,-206383.210437,2.964672,2195607.000000,1874874.000000,3722527.000000,334752.000000,1282372.000000,1952.000000,539.000000,1146.000000,164.000000,144.000000,453.000000,125.000000,266.000000,38.000000,33.000000,2784.000000,769.000000,1633.000000,233.000000,205.000000,15.000000,8.000000,18.000000,3.000000,5.000000,0.000000,6.000000,12.000000,2.000000,4.000000,0.000000,7.000000,15.000000,2.000000,5.000000,8097.000000,2266.000000,4820.000000,695.000000,601.000000,3.000000,
0.041570,0.964520,0.298254,0.008477,0.739281,-206383.210437,2.964672,2195607.000000,1874874.000000,3722527.000000,334752.000000,1282372.000000,1952.000000,539.000000,1146.000000,164.000000,144.000000,453.000000,125.000000,266.000000,38.000000,33.000000,2784.000000,769.000000,1633.000000,233.000000,205.000000,15.000000,8.000000,18.000000,3.000000,5.000000,0.000000,6.000000,12.000000,2.000000,4.000000,0.000000,7.000000,15.000000,2.000000,5.000000,8097.000000,2266.000000,4820.000000,695.000000,601.000000,3.000000,
0.041570,0.964520,0.298254,0.008477,0.739281,-206383.210437,2.964672,2195607.000000,1874874.000000,3722527.000000,334752.000000,1282372.000000,1952.000000,539.000000,1146.000000,164.000000,144.000000,453.000000,125.000000,266.000000,38.000000,33.000000,2784.000000,769.000000,1633.000000,233.000000,205.000000,15.000000,8.000000,18.000000,3.000000,5.000000,0.000000,6.000000,12.000000,2.000000,4.000000,0.000000,7.000000,15.000000,2.000000,5.000000,8097.000000,2266.000000,4820.000000,695.000000,601.000000,3.000000,
0.040789,0.049616,0.354739,0.066372,0.376249,-209185.347817,3.012962,2195607.000000,1874874.000000,3722527.000000,334752.000000,1282372.000000,1952.000000,539.000000,1146.000000,164.000000,144.000000,453.000000,125.000000,266.000000,38.000000,33.000000,2784.000000,769.000000,1633.000000,233.000000,205.000000,15.000000,8.000000,18.000000,3.000000,5.000000,0.000000,6.000000,12.000000,2.000000,4.000000,0.000000,7.000000,15.000000,2.000000,5.000000,8097.000000,2266.000000,4820.000000,695.000000,601.000000,3.000000,
0.040902,0.033495,0.352304,0.084447,0.406062,-209060.491379,3.016855,2195607.000000,1874874.000000,3722527.000000,334752.000000,1282372.000000,1952.000000,539.000000,1146.000000,164.000000,144.000000,453.000000,125.000000,266.000000,38.000000,33.000000,2784.000000,769.000000,1633.000000,233.000000,205.000000,15.000000,8.000000,18.000000,3.000000,5.000000,0.000000,6.000000,12.000000,2.000000,4.000000,0.000000,7.000000,15.000000,2.000000,5.000000,8097.000000,2266.000000,4820.000000,695.000000,601.000000,3.000000,
0.040707,0.031258,0.363810,0.120721,0.309222,-209654.561808,3.023606,2195607.000000,1874874.000000,3722527.000000,334752.000000,1282372.000000,1952.000000,539.000000,1146.000000,164.000000,144.000000,453.000000,125.000000,266.000000,38.000000,33.000000,2784.000000,769.000000,1633.000000,233.000000,205.000000,15.000000,8.000000,18.000000,3.000000,5.000000,0.000000,6.000000,12.000000,2.000000,4.000000,0.000000,7.000000,15.000000,2.000000,5.000000,8097.000000,2266.000000,4820.000000,695.000000,601.000000,3.000000,
0.040707,0.031258,0.363810,0.120721,0.309222,-209654.561808,3.023606,2195607.000000,1874874.000000,3722527.000000,334752.000000,1282372.000000,1952.000000,539.000000,1146.000000,164.000000,144.000000,453.000000,125.000000,266.000000,38.000000,33.000000,2784.000000,769.000000,1633.000000,233.000000,205.000000,15.000000,8.000000,18.000000,3.000000,5.000000,0.000000,6.000000,12.000000,2.000000,4.000000,0.000000,7.000000,15.000000,2.000000,5.000000,8097.000000,2266.000000,4820.000000,695.000000,601.000000,3.000000,
0.040782,0.058250,0.358252,0.089907,0.365061,-209366.489070,3.018969,2195607.000000,1874874.000000,3722527.000000,334752.000000,1282372.000000,1952.000000,539.000000,1146.000000,164.000000,144.000000,453.000000,125.000000,266.000000,38.000000,33.000000,2784.000000,769.000000,1633.000000,233.000000,205.000000,15.000000,8.000000,18.000000,3.000000,5.000000,0.000000,6.000000,12.000000,2.000000,4.000000,0.000000,7.000000,15.000000,2.000000,5.000000,8097.000000,2266.000000,4820.000000,695.000000,601.000000,3.000000,
0.040931,0.030030,0.351002,0.091450,0.384590,-208993.835106,3.016571,2195607.000000,1874874.000000,3722527.000000,334752.000000,1282372.000000,1952.000000,539.000000,1146.000000,164.000000,144.000000,453.000000,125.000000,266.000000,38.000000,33.000000,2784.000000,769.000000,1633.000000,233.000000,205.000000,15.000000,8.000000,18.000000,3.000000,5.000000,0.000000,6.000000,12.000000,2.000000,4.000000,0.000000,7.000000,15.000000,2.000000,5.000000,8097.000000,2266.000000,4820.000000,695.000000,601.000000,3.000000,
0.040931,0.030030,0.351002,0.091450,0.384590,-208993.835106,3.016571,2195607.000000,1874874.000000,3722527.000000,334752.000000,1282372.000000,1952.000000,539.000000,1146.000000,164.000000,144.000000,453.000000,125.000000,266.000000,38.000000,33.000000,2784.000000,769.000000,1633.000000,233.000000,205.000000,15.000000,8.000000,18.000000,3.000000,5.000000,0.000000,6.000000,12.000000,2.000000,4.000000,0.000000,7.000000,15.000000,2.000000,5.000000,8097.000000,2266.000000,4820.000000,695.000000,601.000000,3.000000,
0.040931,0.030030,0.351002,0.091450,0.384590,-208993.835106,3.016571,2195607.000000,1874874.000000,3722527.000000,334752.000000,1282372.000000,1952.000000,539.000000,1146.000000,164.000000,144.000000,453.000000,125.000000,266.000000,38.000000,33.000000,2784.000000,769.000000,1633.000000,233.000000,205.000000,15.000000,8.000000,18.000000,3.000000,5.000000,0.000000,6.000000,12.000000,2.000000,4.000000,0.000000,7.000000,15.000000,2.000000,5.000000,8097.000000,2266.000000,4820.000000,695.000000,601.000000,3.000000,
0.041085,0.035353,0.343507,0.085947,0.375322,-208612.190997,3.013994,2195607.000000,1874874.000000,3722527.000000,334752.000000,1282372.000000,1952.000000,539.000000,1146.000000,164.000000,144.000000,453.000000,125.000000,266.000000,38.000000,33.000000,2784.000000,769.000000,1633.000000,233.000000,205.000000,15.000000,8.000000,18.000000,3.000000,5.000000,0.000000,6.000000,12.000000,2.000000,4.000000,0.000000,7.000000,15.000000,2.000000,5.000000,8097.000000,2266.000000,4820.000000,695.000000,601.000000,3.000000,
0.041084,0.091634,0.346087,0.063533,0.415899,-208743.240440,3.018748,2195607.000000,1874874.000000,3722527.000000,334752.000000,1282372.000000,1952.000000,539.000000,1146.000000,164.000000,144.000000,453.000000,125.000000,266.000000,38.000000,33.000000,2784.000000,769.000000,1633.000000,233.000000,205.000000,15.000000,8.000000,18.000000,3.000000,5.000000,0.000000,6.000000,12.000000,2.000000,4.000000,0.000000,7.000000,15.000000,2.000000,5.000000,8097.000000,2266.000000,4820.000000,695.000000,601.000000,3.000000,
0.041084,0.091634,0.346087,0.063533,0.415899,-208743.240440,3.018748,2195607.000000,1874874.000000,3722527.000000,334752.000000,1282372.000000,1952.000000,539.000000,1146.000000,164.000000,144.000000,453.000000,125.000000,266.000000,38.000000,33.000000,2784.000000,769.000000,1633.000000,233.000000,205.000000,15.000000,8.000000,18.000000,3.000000,5.000000,0.000000,6.000000,12.000000,2.000000,4.000000,0.000000,7.000000,15.000000,2.000000,5.000000,8097.000000,2266.000000,4820.000000,695.000000,601.000000,3.000000,
0.041084,0.091634,0.346087,0.063533,0.415899,-208743.240440,3.018748,2195607.000000,1874874.000000,3722527.000000,334752.000000,1282372.000000,1952.000000,539.000000,1146.000000,164.000000,144.000000,453.000000,125.000000,266.000000,38.000000,33.000000,2784.000000,769.000000,1633.000000,233.000000,205.000000,15.000000,8.000000,18.000000,3.000000,5.000000,0.000000,6.000000,12.000000,2.000000,4.000000,0.000000,7.000000,15.000000,2.000000,5.000000,8097.000000,2266.000000,4820.000000,695.000000,601.000000,3.000000,
0.041045,0.031281,0.350766,0.088012,0.281154,-208981.957565,3.024526,2195607.000000,1874874.000000,3722527.000000,334752.000000,1282372.000000,1952.000000,539.000000,1146.000000,164.000000,144.000000,453.000000,125.000000,266.000000,38.000000,33.000000,2784.000000,769.000000,1633.000000,233.000000,205.000000,15.000000,8.000000,18.000000,3.000000,5.000000,0.000000,6.000000,12.000000,2.000000,4.000000,0.000000,7.000000,15.000000,2.000000,5.000000,8097.000000,2266.000000,4820.000000,695.000000,601.000000,3.000000,
0.040960,0.016339,0.357677,0.101193,0.292309,-209337.084487,3.031017,2195607.000000,1874874.000000,3722527.000000,334752.000000,1282372.000000,1952.000000,539.000000,1146.000000,164.000000,144.000000,453.000000,125.000000,266.000000,38.000000,33.000000,2784.000000,769.000000,1633.000000,233.000000,205.000000,15.000000,8.000000,18.000000,3.000000,5.000000,0.000000,6.000000,12.000000,2.000000,4.000000,0.000000,7.000000,15.000000,2.000000,5.000000,8097.000000,2266.000000,4820.000000,695.000000,601.000000,3.000000,
0.040960,0.016339,0.357677,0.101193,0.292309,-209337.084487,3.031017,2195607.000000,1874874.000000,3722527.000000,334752.000000,1282372.000000,1952.000000,539.000000,1146.000000,164.000000,144.000000,453.000000,125.000000,266.000000,38.000000,33.000000,2784.000000,769.000000,1633.000000,233.000000,205.000000,15.000000,8.000000,18.000000,3.000000,5.000000,0.000000,6.000000,12.000000,2.000000,4.000000,0.000000,7.000000,15.000000,2.000000,5.000000,8097.000000,2266.000000,4820.000000,695.000000,601.000000,3.000000,
0.040988,0.009038,0.356238,0.138811,0.195059,-209262.901518,3.030473,2195607.000000,1874874.000000,3722527.000000,334752.000000,1282372.000000,1952.000000,539.000000,1146.000000,164.000000,144.000000,453.000000,125.000000,266.000000,38.000000,33.000000,2784.000000,769.000000,1633.000000,233.000000,205.000000,15.000000,8.000000,18.000000,3.000000,5.000000,0.000000,6.000000,12.000000,2.000000,4.000000,0.000000,7.000000,15.000000,2.000000,5.000000,8097.000000,2266.000000,4820.000000,695.000000,601.000000,3.000000,
0.040988,0.009038,0.356238,0.138811,0.195059,-209262.901518,3.030473,2195607.000000,1874874.000000,3722527.000000,334752.000000,1282372.000000,1952.000000,539.000000,1146.000000,164.000000,144.000000,453.000000,125.000000,266.000000,38.000000,33.000000,2784.000000,769.000000,1633.000000,233.000000,205.000000,15.000000,8.000000,18.000000,3.000000,5.000000,0.000000,6.000000,12.000000,2.000000,4.000000,0.000000,7.000000,15.000000,2.000000,5.000000,8097.000000,2266.000000,4820.000000,695.000000,601.000000,3.000000,
0.040988,0.009038,0.356238,0.138811,0.195059,-209262.901518,3.030473,2195607.000000,1874874.000000,3722527.000000,334752.000000,1282372.000000,1952.000000,539.000000,1146.000000,164.000000,144.000000,453.000000,125.000000,266.000000,38.000000,33.000000,2784.000000,769.000000,1633.000000,233.000000,205.000000,15.000000,8.000000,18.000000,3.000000,5.000000,0.000000,6.000000,12.000000,2.000000,4.000000,0.000000,7.000000,15.000000,2.000000,5.000000,8097.000000,2266.000000,4820.000000,695.000000,601.000000,3.000000,
0.040959,0.005612,0.356352,0.128504,0.174743,-209268.748349,3.028557,2195607.000000,1874874.000000,3722527.000000,334752.000000,1282372.000000,1952.000000,539.000000,1146.000000,164.000000,144.000000,453.000000,125.000000,266.000000,38.000000,33.000000,2784.000000,769.000000,1633.000000,233.000000,205.000000,15.000000,8.000000,18.000000,3.000000,5.000000,0.000000,6.000000,12.000000,2.000000,4.000000,0.000000,7.000000,15.000000,2.000000,5.000000,8097.000000,2266.000000,4820.000000,695.000000,601.000000,3.000000,
0.040861,0.003290,0.363702,0.110679,0.222205,-209649.214414,3.034815,2195607.000000,1874874.000000,3722527.000000,334752.000000,1282372.000000,1952.000000,539.000000,1146.000000,164.000000,144.000000,453.000000,125.000000,266.000000,38.000000,33.000000,2784.000000,769.000000,1633.000000,233.000000,205.000000,15.000000,8.000000,18.000000,3.000000,5.000000,0.000000,6.000000,12.000000,2.000000,4.000000,0.000000,7.000000,15.000000,2.000000,5.000000,8097.000000,2266.000000,4820.000000,695.000000,601.000000,3.000000,
0.040979,0.002422,0.359286,0.112011,0.176861,-209420.340337,3.035443,2195607.000000,1874874.000000,3722527.000000,334752.000000,1282372.000000,1952.000000,539.000000,1146.000000,164.000000,144.000000,453.000000,125.000000,266.000000,38.000000,33.000000,2784.000000,769.000000,1633.000000,233.000000,205.000000,15.000000,8.000000,18.000000,3.000000,5.000000,0.000000,6.000000,12.000000,2.000000,4.000000,0.000000,7.000000,15.000000,2.000000,5.000000,8097.000000,2266.000000,4820.000000,695.000000,601.000000,3.000000,
0.040884,0.002124,0.368669,0.072430,0.257904,-209908.570970,3.045739,2195607.000000,1874874.000000,3722527.000000,334752.000000,1282372.000000,1952.000000,539.000000,1146.000000,164.000000,144.000000,453.000000,125.000000,266.000000,38.000000,33.000000,2784.000000,769.000000,1633.000000,233.000000,205.000000,15.000000,8.000000,18.000000,3.000000,5.000000,0.000000,6.000000,12.000000,2.000000,4.000000,0.000000,7.000000,15.000000,2.000000,5.000000,8097.000000,2266.000000,4820.000000,695.000000,601.000000,3.000000,
0.040718,0.001181,0.376895,0.074211,0.206767,-210341.279828,3.048441,2195607.000000,1874874.000000,3722527.000000,334752.000000,1282372.000000,1952.000000,539.000000,1146.000000,164.000000,144.000000,453.000000,125.000000,266.000000,38.000000,33.000000,2784.000000,769.000000,1633.000000,233.000000,205.000000,15.000000,8.000000,18.000000,3.000000,5.000000,0.000000,6.000000,12.000000,2.000000,4.000000,0.000000,7.000000,15.000000,2.000000,5.000000,8097.000000,2266.000000,4820.000000,695.000000,601.000000,3.000000,
0.040674,0.001226,0.380044,0.043867,0.220333,-210508.186299,3.050962,2195607.000000,1874874.000000,3722527.000000,334752.000000,1282372.000000,1952.000000,539.000000,1146.000000,164.000000,144.000000,453.000000,125.000000,266.000000,38.000000,33.000000,2784.000000,769.000000,1633.000000,233.000000,205.000000,15.000000,8.000000,18.000000,3.000000,5.000000,0.000000,6.000000,12.000000,2.000000,4.000000,0.000000,7.000000,15.000000,2.000000,5.000000,8097.000000,2266.000000,4820.000000,695.000000,601.000000,3.000000,
0.040674,0.001226,0.380044,0.043867,0.220333,-210508.186299,3.050962,2195607.000000,1874874.000000,3722527.000000,334752.000000,1282372.000000,1952.000000,539.000000,1146.000000,164.000000,144.000000,453.000000,125.000000,266.000000,38.000000,33.000000,2784.000000,769.000000,1633.000000,233.000000,205.000000,15.000000,8.000000,18.000000,3.000000,5.000000,0.000000,6.000000,12.000000,2.000000,4.000000,0.000000,7.000000,15.000000,2.000000,5.000000,8097.000000,2266.000000,4820.000000,695.000000,601.000000,3.000000,
0.040713,0.001796,0.373345,0.037388,0.248617,-210153.817491,3.041580,2195607.000000,1874874.000000,3722527.000000,334752.000000,1282372.000000,1952.000000,539.000000,1146.000000,164.000000,144.000000,453.000000,125.000000,266.000000,38.000000,33.000000,2784.000000,769.000000,1633.000000,233.000000,205.000000,15.000000,8.000000,18.000000,3.000000,5.000000,0.000000,6.000000,12.000000,2.000000,4.000000,0.000000,7.000000,15.000000,2.000000,5.000000,8097.000000,2266.000000,4820.000000,695.000000,601.000000,3.000000,
0.040744,0.002464,0.371071,0.038431,0.261678,-210034.284693,3.039664,2195607.000000,1874874.000000,3722527.000000,334752.000000,1282372.000000,1952.000000,539.000000,1146.000000,164.000000,144.000000,453.000000,125.000000,266.000000,38.000000,33.000000,2784.000000,769.000000,1633.000000,233.000000,205.000000,15.000000,8.000000,18.000000,3.000000,5.000000,0.000000,6.000000,12.000000,2.000000,4.000000,0.000000,7.000000,15.000000,2.000000,5.000000,8097.000000,2266.000000,4820.000000,695.000000,601.000000,3.000000,
0.040744,0.002464,0.371071,0.038431,0.261678,-210034.284693,3.039664,2195607.000000,1874874.000000,3722527.000000,334752.000000,1282372.000000,1952.000000,539.000000,1146.000000,164.000000,144.000000,453.000000,125.000000,266.000000,38.000000,33.000000,2784.000000,769.000000,1633.000000,233.000000,205.000000,15.000000,8.000000,18.000000,3.000000,5.000000,0.000000,6.000000,12.000000,2.000000,4.000000,0.000000,7.000000,15.000000,2.000000,5.000000,8097.000000,2266.000000,4820.000000,695.000000,601.000000,3.000000,
0.040753,0.001915,0.367029,0.035645,0.292586,-209822.521541,3.032909,2195607.000000,1874874.000000,3722527.000000,334752.000000,1282372.000000,1952.000000,539.000000,1146.000000,164.000000,144.000000,453.000000,125.000000,266.000000,38.000000,33.000000,2784.000000,769.000000,1633.000000,233.000000,205.000000,15.000000,8.000000,18.000000,3.000000,5.000000,0.000000,6.000000,12.000000,2.000000,4.000000,0.000000,7.000000,15.000000,2.000000,5.000000,8097.000000,2266.000000,4820.000000,695.000000,601.000000,3.000000,
0.040753,0.001915,0.367029,0.035645,0.292586,-209822.521541,3.032909,2195607.000000,1874874.000000,3722527.000000,334752.000000,1282372.000000,1952.000000,539.000000,1146.000000,164.000000,144.000000,453.000000,125.000000,266.000000,38.000000,33.000000,2784.000000,769.000000,1633.000000,233.000000,205.000000,15.000000,8.000000,18.000000,3.000000,5.000000,0.000000,6.000000,12.000000,2.000000,4.000000,0.000000,7.000000,15.000000,2.000000,5.000000,8097.000000,2266.000000,4820.000000,695.000000,601.000000,3.000000,
0.040834,0.001907,0.357972,0.012976,0.510677,-209352.115733,3.022235,2195607.000000,1874874.000000,3722527.000000,334752.000000,1282372.000000,1952.000000,539.000000,1146.000000,164.000000,144.000000,453.000000,125.000000,266.000000,38.000000,33.000000,2784.000000,769.000000,1633.000000,233.000000,205.000000,15.000000,8.000000,18.000000,3.000000,5.000000,0.000000,6.000000,12.000000,2.000000,4.000000,0.000000,7.000000,15.000000,2.000000,5.000000,8097.000000,2266.000000,4820.000000,695.000000,601.000000,3.000000,
0.040834,0.001907,0.357972,0.012976,0.510677,-209352.115733,3.022235,2195607.000000,1874874.000000,3722527.000000,334752.000000,1282372.000000,1952.000000,539.000000,1146.000000,164.000000,144.000000,453.000000,125.000000,266.000000,38.000000,33.000000,2784.000000,769.000000,1633.000000,233.000000,205.000000,15.000000,8.000000,18.000000,3.000000,5.000000,0.000000,6.000000,12.000000,2.000000,4.000000,0.000000,7.000000,15.000000,2.000000,5.000000,8097.000000,2266.000000,4820.000000,695.000000,601.000000,3.000000,
0.040834,0.001907,0.357972,0.012976,0.510677,-209352.115733,3.022235,2195607.000000,1874874.000000,3722527.000000,334752.000000,1282372.000000,1952.000000,539.000000,1146.000000,164.000000,144.000000,453.000000,125.000000,266.000000,38.000000,33.000000,2784.000000,769.000000,1633.000000,233.000000,205.000000,15.000000,8.000000,18.000000,3.000000,5.000000,0.000000,6.000000,12.000000,2.000000,4.000000,0.000000,7.000000,15.000000,2.000000,5.000000,8097.000000,2266.000000,4820.000000,695.000000,601.000000,3.000000,
0.040834,0.001907,0.357972,0.012976,0.510677,-209352.115733,3.022235,2195607.000000,1874874.000000,3722527.000000,334752.000000,1282372.000000,1952.000000,539.000000,1146.000000,164.000000,144.000000,453.000000,125.000000,266.000000,38.000000,33.000000,2784.000000,769.000000,1633.000000,233.000000,205.000000,15.000000,8.000000,18.000000,3.000000,5.000000,0.000000,6.000000,12.000000,2.000000,4.000000,0.000000,7.000000,15.000000,2.000000,5.000000,8097.000000,2266.000000,4820.000000,695.000000,601.000000,3.000000,
0.040834,0.001907,0.357972,0.012976,0.510677,-209352.115733,3.022235,2195607.000000,1874874.000000,3722527.000000,334752.000000,1282372.000000,1952.000000,539.000000,1146.000000,164.000000,144.000000,453.000000,125.000000,266.000000,38.000000,33.000000,2784.000000,769.000000,1633.000000,233.000000,205.000000,15.000000,8.000000,18.000000,3.000000,5.000000,0.000000,6.000000,12.000000,2.000000,4.000000,0.000000,7.000000,15.000000,2.000000,5.000000,8097.000000,2266.000000,4820.000000,695.000000,601.000000,3.000000,
0.040834,0.001907,0.357972,0.012976,0.510677,-209352.115733,3.022235,2195607.000000,1874874.000000,3722527.000000,334752.000000,1282372.000000,1952.000000,539.000000,1146.000000,164.000000,144.000000,453.000000,125.000000,266.000000,38.000000,33.000000,2784.000000,769.000000,1633.000000,233.000000,205.000000,15.000000,8.000000,18.000000,3.000000,5.000000,0.000000,6.000000,12.000000,2.000000,4.000000,0.000000,7.000000,15.000000,2.000000,5.000000,8097.000000,2266.000000,4820.000000,695.000000,601.000000,3.000000,
0.040625,0.003138,0.365972,0.015363,0.499267,-209767.097989,3.021465,2195607.000000,1874874.000000,3722527.000000,334752.000000,1282372.000000,1952.000000,539.000000,1146.000000,164.000000,144.000000,453.000000,125.000000,266.000000,38.000000,33.000000,2784.000000,769.000000,1633.000000,233.000000,205.000000,15.000000,8.000000,18.000000,3.000000,5.000000,0.000000,6.000000,12.000000,2.000000,4.000000,0.000000,7.000000,15.000000,2.000000,5.000000,8097.000000,2266.000000,4820.000000,695.000000,601.000000,3.000000,
0.040625,0.003138,0.365972,0.015363,0.499267,-209767.097989,3.021465,2195607.000000,1874874.000000,3722527.000000,334752.000000,1282372.000000,1952.000000,539.000000,1146.000000,164.000000,144.000000,453.000000,125.000000,266.000000,38.000000,33.000000,2784.000000,769.000000,1633.000000,233.000000,205.000000,15.000000,8.000000,18.000000,3.000000,5.000000,0.000000,6.000000,12.000000,2.000000,4.000000,0.000000,7.000000,15.000000,2.000000,5.000000,8097.000000,2266.000000,4820.000000,695.000000,601.000000,3.000000,
0.040625,0.003138,0.365972,0.015363,0.499267,-209767.097989,3.021465,2195607.000000,1874874.000000,3722527.000000,334752.000000,1282372.000000,1952.000000,539.000000,1146.000000,164.000000,144.000000,453.000000,125.000000,266.000000,38.000000,33.000000,2784.000000,769.000000,1633.000000,233.000000,205.000000,15.000000,8.000000,18.000000,3.000000,5.000000,0.000000,6.000000,12.000000,2.000000,4.000000,0.000000,7.000000,15.000000,2.000000,5.000000,8097.000000,2266.000000,4820.000000,695.000000,601.000000,3.000000,
0.040625,0.003138,0.365972,0.015363,0.499267,-209767.097989,3.021465,2195607.000000,1874874.000000,3722527.000000,334752.000000,1282372.000000,1952.000000,539.000000,1146.000000,164.000000,144.000000,453.000000,125.000000,266.000000,38.000000,33.000000,2784.000000,769.000000,1633.000000,233.000000,205.000000,15.000000,8.000000,18.000000,3.000000,5.000000,0.000000,6.000000,12.000000,2.000000,4.000000,0.000000,7.000000,15.000000,2.000000,5.000000,8097.000000,2266.000000,4820.000000,695.000000,601.000000,3.000000,
0.040625,0.003138,0.365972,0.015363,0.499267,-209767.097989,3.021465,2195607.000000,1874874.000000,3722527.000000,334752.000000,1282372.000000,1952.000000,539.000000,1146.000000,164.000000,144.000000,453.000000,125.000000,266.000000,38.000000,33.000000,2784.000000,769.000000,1633.000000,233.000000,205.000000,15.000000,8.000000,18.000000,3.000000,5.000000,0.000000,6.000000,12.000000,2.000000,4.000000,0.000000,7.000000,15.000000,2.000000,5.000000,8097.000000,2266.000000,4820.000000,695.000000,601.000000,3.000000,
0.040625,0.003138,0.365972,0.015363,0.499267,-209767.097989,3.021465,2195607.000000,1874874.000000,3722527.000000,334752.000000,1282372.000000,1952.000000,539.000000,1146.000000,164.000000,144.000000,453.000000,125.000000,266.000000,38.000000,33.000000,2784.000000,769.000000,1633.000000,233.000000,205.000000,15.000000,8.000000,18.000000,3.000000,5.000000,0.000000,6.000000,12.000000,2.000000,4.000000,0.000000,7.000000,15.000000,2.000000,5.000000,8097.000000,2266.000000,4820.000000,695.000000,601.000000,3.000000,
0.040625,0.003138,0.365972,0.015363,0.499267,-209767.097989,3.021465,2195607.000000,1874874.000000,3722527.000000,334752.000000,1282372.000000,1952.000000,539.000000,1146.000000,164.000000,144.000000,453.000000,125.000000,266.000000,38.000000,33.000000,2784.000000,769.000000,1633.000000,233.000000,205.000000,15.000000,8.000000,18.000000,3.000000,5.000000,0.000000,6.000000,12.000000,2.000000,4.000000,0.000000,7.000000,15.000000,2.000000,5.000000,8097.000000,2266.000000,4820.000000,695.000000,601.000000,3.000000,
0.040549,0.003751,0.371393,0.011112,0.549721,-210050.837762,3.025736,2195607.000000,1874874.000000,3722527.000000,334752.000000,1282372.000000,1952.000000,539.000000,1146.000000,164.000000,144.000000,453.000000,125.000000,266.000000,38.000000,33.000000,2784.000000,769.000000,1633.000000,233.000000,205.000000,15.000000,8.000000,18.000000,3.000000,5.000000,0.000000,6.000000,12.000000,2.000000,4.000000,0.000000,7.000000,15.000000,2.000000,5.000000,8097.000000,2266.000000,4820.000000,695.000000,601.000000,3.000000,
0.040549,0.003751,0.371393,0.011112,0.549721,-210050.837762,3.025736,2195607.000000,1874874.000000,3722527.000000,334752.000000,1282372.000000,1952.000000,539.000000,1146.000000,164.000000,144.000000,453.000000,125.000000,266.000000,38.000000,33.000000,2784.000000,769.000000,1633.000000,233.000000,205.000000,15.000000,8.000000,18.000000,3.000000,5.000000,0.000000,6.000000,12.000000,2.000000,4.000000,0.000000,7.000000,15.000000,2.000000,5.000000,8097.000000,2266.000000,4820.000000,695.000000,601.000000,3.000000,
0.040549,0.003751,0.371393,0.011112,0.549721,-210050.837762,3.025736,2195607.000000,1874874.000000,3722527.000000,334752.000000,1282372.000000,1952.000000,539.000000,1146.000000,164.000000,144.000000,453.000000,125.000000,266.000000,38.000000,33.000000,2784.000000,769.000000,1633.000000,233.000000,205.000000,15.000000,8.000000,18.000000,3.000000,5.000000,0.000000,6.000000,12.000000,2.000000,4.000000,0.000000,7.000000,15.000000,2.000000,5.000000,8097.000000,2266.000000,4820.000000,695.000000,601.000000,3.000000,
0.040549,0.003751,0.371393,0.011112,0.549721,-210050.837762,3.025736,2195607.000000,1874874.000000,3722527.000000,334752.000000,1282372.000000,1952.000000,539.000000,1146.000000,164.000000,144.000000,453.000000,125.000000,266.000000,38.000000,33.000000,2784.000000,769.000000,1633.000000,233.000000,205.000000,15.000000,8.000000,18.000000,3.000000,5.000000,0.000000,6.000000,12.000000,2.000000,4.000000,0.000000,7.000000,15.000000,2.000000,5.000000,8097.000000,2266.000000,4820.000000,695.000000,601.000000,3.000000,
0.040467,0.029320,0.365340,0.002040,0.595281,-209733.786632,3.008553,2195607.000000,1874874.000000,3722527.000000,334752.000000,1282372.000000,1952.000000,539.000000,1146.000000,164.000000,144.000000,453.000000,125.000000,266.000000,38.000000,33.000000,2784.000000,769.000000,1633.000000,233.000000,205.000000,15.000000,8.000000,18.000000,3.000000,5.000000,0.000000,6.000000,12.000000,2.000000,4.000000,0.000000,7.000000,15.000000,2.000000,5.000000,8097.000000,2266.000000,4820.000000,695.000000,601.000000,3.000000,
0.040467,0.029320,0.365340,0.002040,0.595281,-209733.786632,3.008553,2195607.000000,1874874.000000,3722527.000000,334752.000000,1282372.000000,1952.000000,539.000000,1146.000000,164.000000,144.000000,453.000000,125.000000,266.000000,38.000000,33.000000,2784.000000,769.000000,1633.000000,233.000000,205.000000,15.000000,8.000000,18.000000,3.000000,5.000000,0.000000,6.000000,12.000000,2.000000,4.000000,0.000000,7.000000,15.000000,2.000000,5.000000,8097.000000,2266.000000,4820.000000,695.000000,601.000000,3.000000,
0.041652,0.002626,0.312313,0.008187,0.579555,-207062.379036,2.996999,2195607.000000,1874874.000000,3722527.000000,334752.000000,1282372.000000,1952.000000,539.000000,1146.000000,164.000000,144.000000,453.000000,125.000000,266.000000,38.000000,33.000000,2784.000000,769.000000,1633.000000,233.000000,205.000000,15.000000,8.000000,18.000000,3.000000,5.000000,0.000000,6.000000,12.000000,2.000000,4.000000,0.000000,7.000000,15.000000,2.000000,5.000000,8097.000000,2266.000000,4820.000000,695.000000,601.000000,3.000000,
0.041819,0.003841,0.303821,0.017449,0.568841,-206651.122015,2.992942,2195607.000000,1874874.000000,3722527.000000,334752.000000,1282372.000000,1952.000000,539.000000,1146.000000,164.000000,144.000000,453.000000,125.000000,266.000000,38.000000,33.000000,2784.000000,769.000000,1633.000000,233.000000,205.000000,15.000000,8.000000,18.000000,3.000000,5.000000,0.000000,6.000000,12.000000,2.000000,4.000000,0.000000,7.000000,15.000000,2.000000,5.000000,8097.000000,2266.000000,4820.000000,695.000000,601.000000,3.000000,
0.041666,0.003460,0.310852,0.020768,0.560786,-206991.273477,2.995233,2195607.000000,1874874.000000,3722527.000000,334752.000000,1282372.000000,1952.000000,539.000000,1146.000000,164.000000,144.000000,453.000000,125.000000,266.000000,38.000000,33.000000,2784.000000,769.000000,1633.000000,233.000000,205.000000,15.000000,8.000000,18.000000,3.000000,5.000000,0.000000,6.000000,12.000000,2.000000,4.000000,0.000000,7.000000,15.000000,2.000000,5.000000,8097.000000,2266.000000,4820.000000,695.000000,601.000000,3.000000,
0.041309,0.002952,0.324139,0.012323,0.618448,-207642.441073,2.994314,2195607.000000,1874874.000000,3722527.000000,334752.000000,1282372.000000,1952.000000,539.000000,1146.000000,164.000000,144.000000,453.000000,125.000000,266.000000,38.000000,33.000000,2784.000000,769.000000,1633.000000,233.000000,205.000000,15.000000,8.000000,18.000000,3.000000,5.000000,0.000000,6.000000,12.000000,2.000000,4.000000,0.000000,7.000000,15.000000,2.000000,5.000000,8097.000000,2266.000000,4820.000000,695.000000,601.000000,3.000000,
0.041309,0.002952,0.324139,0.012323,0.618448,-207642.441073,2.994314,2195607.000000,1874874.000000,3722527.000000,334752.000000,1282372.000000,1952.000000,539.000000,1146.000000,164.000000,144.000000,453.000000,125.000000,266.000000,38.000000,33.000000,2784.000000,769.000000,1633.000000,233.000000,205.000000,15.000000,8.000000,18.000000,3.000000,5.000000,0.000000,6.000000,12.000000,2.000000,4.000000,0.000000,7.000000,15.000000,2.000000,5.000000,8097.000000,2266.000000,4820.000000,695.000000,601.000000,3.000000,
0.041309,0.002952,0.324139,0.012323,0.618448,-207642.441073,2.994314,2195607.000000,1874874.000000,3722527.000000,334752.000000,1282372.000000,1952.000000,539.000000,1146.000000,164.000000,144.000000,453.000000,125.000000,266.000000,38.000000,33.000000,2784.000000,769.000000,1633.000000,233.000000,205.000000,15.000000,8.000000,18.000000,3.000000,5.000000,0.000000,6.000000,12.000000,2.000000,4.000000,0.000000,7.000000,15.000000,2.000000,5.000000,8097.000000,2266.000000,4820.000000,695.000000,601.000000,3.000000,
0.041309,0.002952,0.324139,0.012323,0.618448,-207642.441073,2.994314,2195607.000000,1874874.000000,3722527.000000,334752.000000,1282372.000000,1952.000000,539.000000,1146.000000,164.000000,144.000000,453.000000,125.000000,266.000000,38.000000,33.000000,2784.000000,769.000000,1633.000000,233.000000,205.000000,15.000000,8.000000,18.000000,3.000000,5.000000,0.000000,6.000000,12.000000,2.000000,4.000000,0.000000,7.000000,15.000000,2.000000,5.000000,8097.000000,2266.000000,4820.000000,695.000000,601.000000,3.000000,
0.041108,0.004915,0.334623,0.017103,0.535551,-208164.255226,2.999243,2195607.000000,1874874.000000,3722527.000000,334752.000000,1282372.000000,1952.000000,539.000000,1146.000000,164.000000,144.000000,453.000000,125.000000,266.000000,38.000000,33.000000,2784.000000,769.000000,1633.000000,233.000000,205.000000,15.000000,8.000000,18.000000,3.000000,5.000000,0.000000,6.000000,12.000000,2.000000,4.000000,0.000000,7.000000,15.000000,2.000000,5.000000,8097.000000,2266.000000,4820.000000,695.000000,601.000000,3.000000,
0.041232,0.008782,0.327310,0.014069,0.640738,-207799.501375,2.994635,2195607.000000,1874874.000000,3722527.000000,334752.000000,1282372.000000,1952.000000,539.000000,1146.000000,164.000000,144.000000,453.000000,125.000000,266.000000,38.000000,33.000000,2784.000000,769.000000,1633.000000,233.000000,205.000000,15.000000,8.000000,18.000000,3.000000,5.000000,0.000000,6.000000,12.000000,2.000000,4.000000,0.000000,7.000000,15.000000,2.000000,5.000000,8097.000000,2266.000000,4820.000000,695.000000,601.000000,3.000000,
0.041232,0.008782,0.327310,0.014069,0.640738,-207799.501375,2.994635,2195607.000000,1874874.000000,3722527.000000,334752.000000,1282372.000000,1952.000000,539.000000,1146.000000,164.000000,144.000000,453.000000,125.000000,266.000000,38.000000,33.000000,2784.000000,769.000000,1633.000000,233.000000,205.000000,15.000000,8.000000,18.000000,3.000000,5.000000,0.000000,6.000000,12.000000,2.000000,4.000000,0.000000,7.000000,15.000000,2.000000,5.000000,8097.000000,2266.000000,4820.000000,695.000000,601.000000,3.000000,
0.041232,0.008782,0.327310,0.014069,0.640738,-207799.501375,2.994635,2195607.000000,1874874.000000,3722527.000000,334752.000000,1282372.000000,1952.000000,539.000000,1146.000000,164.000000,144.000000,453.000000,125.000000,266.000000,38.000000,33.000000,2784.000000,769.000000,1633.000000,233.000000,205.000000,15.000000,8.000000,18.000000,3.000000,5.000000,0.000000,6.000000,12.000000,2.000000,4.000000,0.000000,7.000000,15.000000,2.000000,5.000000,8097.000000,2266.000000,4820.000000,695.000000,601.000000,3.000000,
0.041237,0.011649,0.331422,0.020303,0.510438,-208004.325666,3.002696,2195607.000000,1874874.000000,3722527.000000,334752.000000,1282372.000000,1952.000000,539.000000,1146.000000,164.000000,144.000000,453.000000,125.000000,266.000000,38.000000,33.000000,2784.000000,769.000000,1633.000000,233.000000,205.000000,15.000000,8.000000,18.000000,3.000000,5.000000,0.000000,6.000000,12.000000,2.000000,4.000000,0.000000,7.000000,15.000000,2.000000,5.000000,8097.000000,2266.000000,4820.000000,695.000000,601.000000,3.000000,
0.041237,0.011649,0.331422,0.020303,0.510438,-208004.325666,3.002696,2195607.000000,1874874.000000,3722527.000000,334752.000000,1282372.000000,1952.000000,539.000000,1146.000000,164.000000,144.000000,453.000000,125.000000,266.000000,38.000000,33.000000,2784.000000,769.000000,1633.000000,233.000000,205.000000,15.000000,8.000000,18.000000,3.000000,5.000000,0.000000,6.000000,12.000000,2.000000,4.000000,0.000000,7.000000,15.000000,2.000000,5.000000,8097.000000,2266.000000,4820.000000,695.000000,601.000000,3.000000,
0.041293,0.010046,0.327857,0.022733,0.572698,-207826.795897,3.000146,2195607.000000,1874874.000000,3722527.000000,334752.000000,1282372.000000,1952.000000,539.000000,1146.000000,164.000000,144.000000,453.000000,125.000000,266.000000,38.000000,33.000000,2784.000000,769.000000,1633.000000,233.000000,205.000000,15.000000,8.000000,18.000000,3.000000,5.000000,0.000000,6.000000,12.000000,2.000000,4.000000,0.000000,7.000000,15.000000,2.000000,5.000000,8097.000000,2266.000000,4820.000000,695.000000,601.000000,3.000000,
0.041293,0.010046,0.327857,0.022733,0.572698,-207826.795897,3.000146,2195607.000000,1874874.000000,3722527.000000,334752.000000,1282372.000000,1952.000000,539.000000,1146.000000,164.000000,144.000000,453.000000,125.000000,266.000000,38.000000,33.000000,2784.000000,769.000000,1633.000000,233.000000,205.000000,15.000000,8.000000,18.000000,3.000000,5.000000,0.000000,6.000000,12.000000,2.000000,4.000000,0.000000,7.000000,15.000000,2.000000,5.000000,8097.000000,2266.000000,4820.000000,695.000000,601.000000,3.000000,
0.041293,0.010046,0.327857,0.022733,0.572698,-207826.795897,3.000146,2195607.000000,1874874.000000,3722527.000000,334752.000000,1282372.000000,1952.000000,539.000000,1146.000000,164.000000,144.000000,453.000000,125.000000,266.000000,38.000000,33.000000,2784.000000,769.000000,1633.000000,233.000000,205.000000,15.000000,8.000000,18.000000,3.000000,5.000000,0.000000,6.000000,12.000000,2.000000,4.000000,0.000000,7.000000,15.000000,2.000000,5.000000,8097.000000,2266.000000,4820.000000,695.000000,601.000000,3.000000,
0.041293,0.010046,0.327857,0.022733,0.572698,-207826.795897,3.000146,2195607.000000,1874874.000000,3722527.000000,334752.000000,1282372.000000,1952.000000,539.000000,1146.000000,164.000000,144.000000,453.000000,125.000000,266.000000,38.000000,33.000000,2784.000000,769.000000,1633.000000,233.000000,205.000000,15.000000,8.000000,18.000000,3.000000,5.000000,0.000000,6.000000,12.000000,2.000000,4.000000,0.000000,7.000000,15.000000,2.000000,5.000000,8097.000000,2266.000000,4820.000000,695.000000,601.000000,3.000000,
0.041293,0.010046,0.327857,0.022733,0.572698,-207826.795897,3.000146,2195607.000000,1874874.000000,3722527.000000,334752.000000,1282372.000000,1952.000000,539.000000,1146.000000,164.000000,144.000000,453.000000,125.000000,266.000000,38.000000,33.000000,2784.000000,769.000000,1633.000000,233.000000,205.000000,15.000000,8.000000,18.000000,3.000000,5.000000,0.000000,6.000000,12.000000,2.000000,4.000000,0.000000,7.000000,15.000000,2.000000,5.000000,8097.000000,2266.000000,4820.000000,695.000000,601.000000,3.000000,
0.041906,0.010645,0.296532,0.002665,0.605405,-206301.507019,2.985400,2195607.000000,1874874.000000,3722527.000000,334752.000000,1282372.000000,1952.000000,539.000000,1146.000000,164.000000,144.000000,453.000000,125.000000,266.000000,38.000000,33.000000,2784.000000,769.000000,1633.000000,233.000000,205.000000,15.000000,8.000000,18.000000,3.000000,5.000000,0.000000,6.000000,12.000000,2.000000,4.000000,0.000000,7.000000,15.000000,2.000000,5.000000,8097.000000,2266.000000,4820.000000,695.000000,601.000000,3.000000,
0.041906,0.010645,0.296532,0.002665,0.605405,-206301.507019,2.985400,2195607.000000,1874874.000000,3722527.000000,334752.000000,1282372.000000,1952.000000,539.000000,1146.000000,164.000000,144.000000,453.000000,125.000000,266.000000,38.000000,33.000000,2784.000000,769.000000,1633.000000,233.000000,205.000000,15.000000,8.000000,18.000000,3.000000,5.000000,0.000000,6.000000,12.000000,2.000000,4.000000,0.000000,7.000000,15.000000,2.000000,5.000000,8097.000000,2266.000000,4820.000000,695.000000,601.000000,3.000000,
0.041906,0.010645,0.296532,0.002665,0.605405,-206301.507019,2.985400,2195607.000000,1874874.000000,3722527.000000,334752.000000,1282372.000000,1952.000000,539.000000,1146.000000,164.000000,144.000000,453.000000,125.000000,266.000000,38.000000,33.000000,2784.000000,769.000000,1633.000000,233.000000,205.000000,15.000000,8.000000,18.000000,3.000000,5.000000,0.000000,6.000000,12.000000,2.000000,4.000000,0.000000,7.000000,15.000000,2.000000,5.000000,8097.000000,2266.000000,4820.000000,695.000000,601.000000,3.000000,
0.041906,0.010645,0.296532,0.002665,0.605405,-206301.507019,2.985400,2195607.000000,1874874.000000,3722527.000000,334752.000000,1282372.000000,1952.000000,539.000000,1146.000000,164.000000,144.000000,453.000000,125.000000,266.000000,38.000000,33.000000,2784.000000,769.000000,1633.000000,233.000000,205.000000,15.000000,8.000000,18.000000,3.000000,5.000000,0.000000,6.000000,12.000000,2.000000,4.000000,0.000000,7.000000,15.000000,2.000000,5.000000,8097.000000,2266.000000,4820.000000,695.000000,601.000000,3.000000,
0.041850,0.008297,0.300719,0.003313,0.678532,-206501.897870,2.989293,2195607.000000,1874874.000000,3722527.000000,334752.000000,1282372.000000,1952.000000,539.000000,1146.000000,164.000000,144.000000,453.000000,125.000000,266.000000,38.000000,33.000000,2784.000000,769.000000,1633.000000,233.000000,205.000000,15.000000,8.000000,18.000000,3.000000,5.000000,0.000000,6.000000,12.000000,2.000000,4.000000,0.000000,7.000000,15.000000,2.000000,5.000000,8097.000000,2266.000000,4820.000000,695.000000,601.000000,3.000000,
0.041850,0.008297,0.300719,0.003313,0.678532,-206501.897870,2.989293,2195607.000000,1874874.000000,3722527.000000,334752.000000,1282372.000000,1952.000000,539.000000,1146.000000,164.000000,144.000000,453.000000,125.000000,266.000000,38.000000,33.000000,2784.000000,769.000000,1633.000000,233.000000,205.000000,15.000000,8.000000,18.000000,3.000000,5.000000,0.000000,6.000000,12.000000,2.000000,4.000000,0.000000,7.000000,15.000000,2.000000,5.000000,8097.000000,2266.000000,4820.000000,695.000000,601.000000,3.000000,
0.041850,0.008297,0.300719,0.003313,0.678532,-206501.897870,2.989293,2195607.000000,1874874.000000,3722527.000000,334752.000000,1282372.000000,1952.000000,539.000000,1146.000000,164.000000,144.000000,453.000000,125.000000,266.000000,38.000000,33.000000,2784.000000,769.000000,1633.000000,233.000000,205.000000,15.000000,8.000000,18.000000,3.000000,5.000000,0.000000,6.000000,12.000000,2.000000,4.000000,0.000000,7.000000,15.000000,2.000000,5.000000,8097.000000,2266.000000,4820.000000,695.000000,601.000000,3.000000,
0.041850,0.008297,0.300719,0.003313,0.678532,-206501.897870,2.989293,2195607.000000,1874874.000000,3722527.000000,334752.000000,1282372.000000,1952.000000,539.000000,1146.000000,164.000000,144.000000,453.000000,125.000000,266.000000,38.000000,33.000000,2784.000000,769.000000,1633.000000,233.000000,205.000000,15.000000,8.000000,18.000000,3.000000,5.000000,0.000000,6.000000,12.000000,2.000000,4.000000,0.000000,7.000000,15.000000,2.000000,5.000000,8097.000000,2266.000000,4820.000000,695.000000,601.000000,3.000000,
0.041850,0.008297,0.300719,0.003313,0.678532,-206501.897870,2.989293,2195607.000000,1874874.000000,3722527.000000,334752.000000,1282372.000000,1952.000000,539.000000,1146.000000,164.000000,144.000000,453.000000,125.000000,266.000000,38.000000,33.000000,2784.000000,769.000000,1633.000000,233.000000,205.000000,15.000000,8.000000,18.000000,3.000000,5.000000,0.000000,6.000000,12.000000,2.000000,4.000000,0.000000,7.000000,15.000000,2.000000,5.000000,8097.000000,2266.000000,4820.000000,695.000000,601.000000,3.000000,
0.041850,0.008297,0.300719,0.003313,0.678532,-206501.897870,2.989293,2195607.000000,1874874.000000,3722527.000000,334752.000000,1282372.000000,1952.000000,539.000000,1146.000000,164.000000,144.000000,453.000000,125.000000,266.000000,38.000000,33.000000,2784.000000,769.000000,1633.000000,233.000000,205.000000,15.000000,8.000000,18.000000,3.000000,5.000000,0.000000,6.000000,12.000000,2.000000,4.000000,0.000000,7.000000,15.000000,2.000000,5.000000,8097.000000,2266.000000,4820.000000,695.000000,601.000000,3.000000,
0.041850,0.008297,0.300719,0.003313,0.678532,-206501.897870,2.989293,2195607.000000,1874874.000000,3722527.000000,334752.000000,1282372.000000,1952.000000,539.000000,1146.000000,164.000000,144.000000,453.000000,125.000000,266.000000,38.000000,33.000000,2784.000000,769.000000,1633.000000,233.000000,205.000000,15.000000,8.000000,18.000000,3.000000,5.000000,0.000000,6.000000,12.000000,2.000000,4.000000,0.000000,7.000000,15.000000,2.000000,5.000000,8097.000000,2266.000000,4820.000000,695.000000,601.000000,3.000000,
0.041850,0.008297,0.300719,0.003313,0.678532,-206501.897870,2.989293,2195607.000000,1874874.000000,3722527.000000,334752.000000,1282372.000000,1952.000000,539.000000,1146.000000,164.000000,144.000000,453.000000,125.000000,266.000000,38.000000,33.000000,2784.000000,769.000000,1633.000000,233.000000,205.000000,15.000000,8.000000,18.000000,3.000000,5.000000,0.000000,6.000000,12.000000,2.000000,4.000000,0.000000,7.000000,15.000000,2.000000,5.000000,8097.000000,2266.000000,4820.000000,695.000000,601.000000,3.000000,
0.041850,0.008297,0.300719,0.003313,0.678532,-206501.897870,2.989293,2195607.000000,1874874.000000,3722527.000000,334752.000000,1282372.000000,1952.000000,539.000000,1146.000000,164.000000,144.000000,453.000000,125.000000,266.000000,38.000000,33.000000,2784.000000,769.000000,1633.000000,233.000000,205.000000,15.000000,8.000000,18.000000,3.000000,5.000000,0.000000,6.000000,12.000000,2.000000,4.000000,0.000000,7.000000,15.000000,2.000000,5.000000,8097.000000,2266.000000,4820.000000,695.000000,601.000000,3.000000,
0.041850,0.008297,0.300719,0.003313,0.678532,-206501.897870,2.989293,2195607.000000,1874874.000000,3722527.000000,334752.000000,1282372.000000,1952.000000,539.000000,1146.000000,164.000000,144.000000,453.000000,125.000000,266.000000,38.000000,33.000000,2784.000000,769.000000,1633.000000,233.000000,205.000000,15.000000,8.000000,18.000000,3.000000,5.000000,0.000000,6.000000,12.000000,2.000000,4.000000,0.000000,7.000000,15.000000,2.000000,5.000000,8097.000000,2266.000000,4820.000000,695.000000,601.000000,3.000000,
0.041850,0.008297,0.300719,0.003313,0.678532,-206501.897870,2.989293,2195607.000000,1874874.000000,3722527.000000,334752.000000,1282372.000000,1952.000000,539.000000,1146.000000,164.000000,144.000000,453.000000,125.000000,266.000000,38.000000,33.000000,2784.000000,769.000000,1633.000000,233.000000,205.000000,15.000000,8.000000,18.000000,3.000000,5.000000,0.000000,6.000000,12.000000,2.000000,4.000000,0.000000,7.000000,15.000000,2.000000,5.000000,8097.000000,2266.000000,4820.000000,695.000000,601.000000,3.000000,
0.041850,0.008297,0.300719,0.003313,0.678532,-206501.897870,2.989293,2195607.000000,1874874.000000,3722527.000000,334752.000000,1282372.000000,1952.000000,539.000000,1146.000000,164.000000,144.000000,453.000000,125.000000,266.000000,38.000000,33.000000,2784.000000,769.000000,1633.000000,233.000000,205.000000,15.000000,8.000000,18.000000,3.000000,5.000000,0.000000,6.000000,12.000000,2.000000,4.000000,0.000000,7.000000,15.000000,2.000000,5.000000,8097.000000,2266.000000,4820.000000,695.000000,601.000000,3.000000,
0.041850,0.008297,0.300719,0.003313,0.678532,-206501.897870,2.989293,2195607.000000,1874874.000000,3722527.000000,334752.000000,1282372.000000,1952.000000,539.000000,1146.000000,164.000000,144.000000,453.000000,125.000000,266.000000,38.000000,33.000000,2784.000000,769.000000,1633.000000,233.000000,205.000000,15.000000,8.000000,18.000000,3.000000,5.000000,0.000000,6.000000,12.000000,2.000000,4.000000,0.000000,7.000000,15.000000,2.000000,5.000000,8097.000000,2266.000000,4820.000000,695.000000,601.000000,3.000000,
0.041756,0.001750,0.293382,0.035006,0.679538,-206151.108001,2.968736,2195607.000000,1874874.000000,3722527.000000,334752.000000,1282372.000000,1952.000000,539.000000,1146.000000,164.000000,144.000000,453.000000,125.000000,266.000000,38.000000,33.000000,2784.000000,769.000000,1633.000000,233.000000,205.000000,15.000000,8.000000,18.000000,3.000000,5.000000,0.000000,6.000000,12.000000,2.000000,4.000000,0.000000,7.000000,15.000000,2.000000,5.000000,8097.000000,2266.000000,4820.000000,695.000000,601.000000,3.000000,
0.041756,0.001750,0.293382,0.035006,0.679538,-206151.108001,2.968736,2195607.000000,1874874.000000,3722527.000000,334752.000000,1282372.000000,1952.000000,539.000000,1146.000000,164.000000,144.000000,453.000000,125.000000,266.000000,38.000000,33.000000,2784.000000,769.000000,1633.000000,233.000000,205.000000,15.000000,8.000000,18.000000,3.000000,5.000000,0.000000,6.000000,12.000000,2.000000,4.000000,0.000000,7.000000,15.000000,2.000000,5.000000,8097.000000,2266.000000,4820.000000,695.000000,601.000000,3.000000,
0.041756,0.001750,0.293382,0.035006,0.679538,-206151.108001,2.968736,2195607.000000,1874874.000000,3722527.000000,334752.000000,1282372.000000,1952.000000,539.000000,1146.000000,164.000000,144.000000,453.000000,125.000000,266.000000,38.000000,33.000000,2784.000000,769.000000,1633.000000,233.000000,205.000000,15.000000,8.000000,18.000000,3.000000,5.000000,0.000000,6.000000,12.000000,2.000000,4.000000,0.000000,7.000000,15.000000,2.000000,5.000000,8097.000000,2266.000000,4820.000000,695.000000,601.000000,3.000000,
0.041756,0.001750,0.293382,0.035006,0.679538,-206151.108001,2.968736,2195607.000000,1874874.000000,3722527.000000,334752.000000,1282372.000000,1952.000000,539.000000,1146.000000,164.000000,144.000000,453.000000,125.000000,266.000000,38.000000,33.000000,2784.000000,769.000000,1633.000000,233.000000,205.000000,15.000000,8.000000,18.000000,3.000000,5.000000,0.000000,6.000000,12.000000,2.000000,4.000000,0.000000,7.000000,15.000000,2.000000,5.000000,8097.000000,2266.000000,4820.000000,695.000000,601.000000,3.000000,
0.041778,0.001408,0.295092,0.030456,0.651193,-206232.557572,2.973585,2195607.000000,1874874.000000,3722527.000000,334752.000000,1282372.000000,1952.000000,539.000000,1146.000000,164.000000,144.000000,453.000000,125.000000,266.000000,38.000000,33.000000,2784.000000,769.000000,1633.000000,233.000000,205.000000,15.000000,8.000000,18.000000,3.000000,5.000000,0.000000,6.000000,12.000000,2.000000,4.000000,0.000000,7.000000,15.000000,2.000000,5.000000,8097.000000,2266.000000,4820.000000,695.000000,601.000000,3.000000,
0.041778,0.001408,0.295092,0.030456,0.651193,-206232.557572,2.973585,2195607.000000,1874874.000000,3722527.000000,334752.000000,1282372.000000,1952.000000,539.000000,1146.000000,164.000000,144.000000,453.000000,125.000000,266.000000,38.000000,33.000000,2784.000000,769.000000,1633.000000,233.000000,205.000000,15.000000,8.000000,18.000000,3.000000,5.000000,0.000000,6.000000,12.000000,2.000000,4.000000,0.000000,7.000000,15.000000,2.000000,5.000000,8097.000000,2266.000000,4820.000000,695.000000,601.000000,3.000000,
0.041778,0.001408,0.295092,0.030456,0.651193,-206232.557572,2.973585,2195607.000000,1874874.000000,3722527.000000,334752.000000,1282372.000000,1952.000000,539.000000,1146.000000,164.000000,144.000000,453.000000,125.000000,266.000000,38.000000,33.000000,2784.000000,769.000000,1633.000000,233.000000,205.000000,15.000000,8.000000,18.000000,3.000000,5.000000,0.000000,6.000000,12.000000,2.000000,4.000000,0.000000,7.000000,15.000000,2.000000,5.000000,8097.000000,2266.000000,4820.000000,695.000000,601.000000,3.000000,
0.040903,0.001773,0.339665,0.001845,0.604189,-208417.465079,2.993582,2195607.000000,1874874.000000,3722527.000000,334752.000000,1282372.000000,1952.000000,539.000000,1146.000000,164.000000,144.000000,453.000000,125.000000,266.000000,38.000000,33.000000,2784.000000,769.000000,1633.000000,233.000000,205.000000,15.000000,8.000000,18.000000,3.000000,5.000000,0.000000,6.000000,12.000000,2.000000,4.000000,0.000000,7.000000,15.000000,2.000000,5.000000,8097.000000,2266.000000,4820.000000,695.000000,601.000000,3.000000,
0.040875,0.001369,0.336703,0.001786,0.573226,-208268.232920,2.986038,2195607.000000,1874874.000000,3722527.000000,334752.000000,1282372.000000,1952.000000,539.000000,1146.000000,164.000000,144.000000,453.000000,125.000000,266.000000,38.000000,33.000000,2784.000000,769.000000,1633.000000,233.000000,205.000000,15.000000,8.000000,18.000000,3.000000,5.000000,0.000000,6.000000,12.000000,2.000000,4.000000,0.000000,7.000000,15.000000,2.000000,5.000000,8097.000000,2266.000000,4820.000000,695.000000,601.000000,3.000000,
0.040875,0.001369,0.336703,0.001786,0.573226,-208268.232920,2.986038,2195607.000000,1874874.000000,3722527.000000,334752.000000,1282372.000000,1952.000000,539.000000,1146.000000,164.000000,144.000000,453.000000,125.000000,266.000000,38.000000,33.000000,2784.000000,769.000000,1633.000000,233.000000,205.000000,15.000000,8.000000,18.000000,3.000000,5.000000,0.000000,6.000000,12.000000,2.000000,4.000000,0.000000,7.000000,15.000000,2.000000,5.000000,8097.000000,2266.000000,4820.000000,695.000000,601.000000,3.000000,
0.040875,0.001369,0.336703,0.001786,0.573226,-208268.232920,2.986038,2195607.000000,1874874.000000,3722527.000000,334752.000000,1282372.000000,1952.000000,539.000000,1146.000000,164.000000,144.000000,453.000000,125.000000,266.000000,38.000000,33.000000,2784.000000,769.000000,1633.000000,233.000000,205.000000,15.000000,8.000000,18.000000,3.000000,5.000000,0.000000,6.000000,12.000000,2.000000,4.000000,0.000000,7.000000,15.000000,2.000000,5.000000,8097.000000,2266.000000,4820.000000,695.000000,601.000000,3.000000,
0.040875,0.001369,0.336703,0.001786,0.573226,-208268.232920,2.986038,2195607.000000,1874874.000000,3722527.000000,334752.000000,1282372.000000,1952.000000,539.000000,1146.000000,164.000000,144.000000,453.000000,125.000000,266.000000,38.000000,33.000000,2784.000000,769.000000,1633.000000,233.000000,205.000000,15.000000,8.000000,18.000000,3.000000,5.000000,0.000000,6.000000,12.000000,2.000000,4.000000,0.000000,7.000000,15.000000,2.000000,5.000000,8097.000000,2266.000000,4820.000000,695.000000,601.000000,3.000000,
0.040875,0.001369,0.336703,0.001786,0.573226,-208268.232920,2.986038,2195607.000000,1874874.000000,3722527.000000,334752.000000,1282372.000000,1952.000000,539.000000,1146.000000,164.000000,144.000000,453.000000,125.000000,266.000000,38.000000,33.000000,2784.000000,769.000000,1633.000000,233.000000,205.000000,15.000000,8.000000,18.000000,3.000000,5.000000,0.000000,6.000000,12.000000,2.000000,4.000000,0.000000,7.000000,15.000000,2.000000,5.000000,8097.000000,2266.000000,4820.000000,695.000000,601.000000,3.000000,
0.040875,0.001369,0.336703,0.001786,0.573226,-208268.232920,2.986038,2195607.000000,1874874.000000,3722527.000000,334752.000000,1282372.000000,1952.000000,539.000000,1146.000000,164.000000,144.000000,453.000000,125.000000,266.000000,38.000000,33.000000,2784.000000,769.000000,1633.000000,233.000000,205.000000,15.000000,8.000000,18.000000,3.000000,5.000000,0.000000,6.000000,12.000000,2.000000,4.000000,0.000000,7.000000,15.000000,2.000000,5.000000,8097.000000,2266.000000,4820.000000,695.000000,601.000000,3.000000,
0.040875,0.001369,0.336703,0.001786,0.573226,-208268.232920,2.986038,2195607.000000,1874874.000000,3722527.000000,334752.000000,1282372.000000,1952.000000,539.000000,1146.000000,164.000000,144.000000,453.000000,125.000000,266.000000,38.000000,33.000000,2784.000000,769.000000,1633.000000,233.000000,205.000000,15.000000,8.000000,18.000000,3.000000,5.000000,0.000000,6.000000,12.000000,2.000000,4.000000,0.000000,7.000000,15.000000,2.000000,5.000000,8097.000000,2266.000000,4820.000000,695.000000,601.000000,3.000000,
0.040875,0.001369,0.336703,0.001786,0.573226,-208268.232920,2.986038,2195607.000000,1874874.000000,3722527.000000,334752.000000,1282372.000000,1952.000000,539.000000,1146.000000,164.000000,144.000000,453.000000,125.000000,266.000000,38.000000,33.000000,2784.000000,769.000000,1633.000000,233.000000,205.000000,15.000000,8.000000,18.000000,3.000000,5.000000,0.000000,6.000000,12.000000,2.000000,4.000000,0.000000,7.000000,15.000000,2.000000,5.000000,8097.000000,2266.000000,4820.000000,695.000000,601.000000,3.000000,
0.040689,0.001338,0.348886,0.001412,0.575350,-208885.147652,2.994886,2195607.000000,1874874.000000,3722527.000000,334752.000000,1282372.000000,1952.000000,539.000000,1146.000000,164.000000,144.000000,453.000000,125.000000,266.000000,38.000000,33.000000,2784.000000,769.000000,1633.000000,233.000000,205.000000,15.000000,8.000000,18.000000,3.000000,5.000000,0.000000,6.000000,12.000000,2.000000,4.000000,0.000000,7.000000,15.000000,2.000000,5.000000,8097.000000,2266.000000,4820.000000,695.000000,601.000000,3.000000,
0.040689,0.001338,0.348886,0.001412,0.575350,-208885.147652,2.994886,2195607.000000,1874874.000000,3722527.000000,334752.000000,1282372.000000,1952.000000,539.000000,1146.000000,164.000000,144.000000,453.000000,125.000000,266.000000,38.000000,33.000000,2784.000000,769.000000,1633.000000,233.000000,205.000000,15.000000,8.000000,18.000000,3.000000,5.000000,0.000000,6.000000,12.000000,2.000000,4.000000,0.000000,7.000000,15.000000,2.000000,5.000000,8097.000000,2266.000000,4820.000000,695.000000,601.000000,3.000000,
0.040689,0.001338,0.348886,0.001412,0.575350,-208885.147652,2.994886,2195607.000000,1874874.000000,3722527.000000,334752.000000,1282372.000000,1952.000000,539.000000,1146.000000,164.000000,144.000000,453.000000,125.000000,266.000000,38.000000,33.000000,2784.000000,769.000000,1633.000000,233.000000,205.000000,15.000000,8.000000,18.000000,3.000000,5.000000,0.000000,6.000000,12.000000,2.000000,4.000000,0.000000,7.000000,15.000000,2.000000,5.000000,8097.000000,2266.000000,4820.000000,695.000000,601.000000,3.000000,
0.040689,0.001338,0.348886,0.001412,0.575350,-208885.147652,2.994886,2195607.000000,1874874.000000,3722527.000000,334752.000000,1282372.000000,1952.000000,539.000000,1146.000000,164.000000,144.000000,453.000000,125.000000,266.000000,38.000000,33.000000,2784.000000,769.000000,1633.000000,233.000000,205.000000,15.000000,8.000000,18.000000,3.000000,5.000000,0.000000,6.000000,12.000000,2.000000,4.000000,0.000000,7.000000,15.000000,2.000000,5.000000,8097.000000,2266.000000,4820.000000,695.000000,601.000000,3.000000,
0.040689,0.001338,0.348886,0.001412,0.575350,-208885.147652,2.994886,2195607.000000,1874874.000000,3722527.000000,334752.000000,1282372.000000,1952.000000,539.000000,1146.000000,164.000000,144.000000,453.000000,125.000000,266.000000,38.000000,33.000000,2784.000000,769.000000,1633.000000,233.000000,205.000000,15.000000,8.000000,18.000000,3.000000,5.000000,0.000000,6.000000,12.000000,2.000000,4.000000,0.000000,7.000000,15.000000,2.000000,5.000000,8097.000000,2266.000000,4820.000000,695.000000,601.000000,3.000000,
0.040689,0.001338,0.348886,0.001412,0.575350,-208885.147652,2.994886,2195607.000000,1874874.000000,3722527.000000,334752.000000,1282372.000000,1952.000000,539.000000,1146.000000,164.000000,144.000000,453.000000,125.000000,266.000000,38.000000,33.000000,2784.000000,769.000000,1633.000000,233.000000,205.000000,15.000000,8.000000,18.000000,3.000000,5.000000,0.000000,6.000000,12.000000,2.000000,4.000000,0.000000,7.000000,15.000000,2.000000,5.000000,8097.000000,2266.000000,4820.000000,695.000000,601.000000,3.000000,
0.040689,0.001338,0.348886,0.001412,0.575350,-208885.147652,2.994886,2195607.000000,1874874.000000,3722527.000000,334752.000000,1282372.000000,1952.000000,539.000000,1146.000000,164.000000,144.000000,453.000000,125.000000,266.000000,38.000000,33.000000,2784.000000,769.000000,1633.000000,233.000000,205.000000,15.000000,8.000000,18.000000,3.000000,5.000000,0.000000,6.000000,12.000000,2.000000,4.000000,0.000000,7.000000,15.000000,2.000000,5.000000,8097.000000,2266.000000,4820.000000,695.000000,601.000000,3.000000,
0.040689,0.001338,0.348886,0.001412,0.575350,-208885.147652,2.994886,2195607.000000,1874874.000000,3722527.000000,334752.000000,1282372.000000,1952.000000,539.000000,1146.000000,164.000000,144.000000,453.000000,125.000000,266.000000,38.000000,33.000000,2784.000000,769.000000,1633.000000,233.000000,205.000000,15.000000,8.000000,18.000000,3.000000,5.000000,0.000000,6.000000,12.000000,2.000000,4.000000,0.000000,7.000000,15.000000,2.000000,5.000000,8097.000000,2266.000000,4820.000000,695.000000,601.000000,3.000000,
0.040689,0.001338,0.348886,0.001412,0.575350,-208885.147652,2.994886,2195607.000000,1874874.000000,3722527.000000,334752.000000,1282372.000000,1952.000000,539.000000,1146.000000,164.000000,144.000000,453.000000,125.000000,266.000000,38.000000,33.000000,2784.000000,769.000000,1633.000000,233.000000,205.000000,15.000000,8.000000,18.000000,3.000000,5.000000,0.000000,6.000000,12.000000,2.000000,4.000000,0.000000,7.000000,15.000000,2.000000,5.000000,8097.000000,2266.000000,4820.000000,695.000000,601.000000,3.000000,
0.040689,0.001338,0.348886,0.001412,0.575350,-208885.147652,2.994886,2195607.000000,1874874.000000,3722527.000000,334752.000000,1282372.000000,1952.000000,539.000000,1146.000000,164.000000,144.000000,453.000000,125.000000,266.000000,38.000000,33.000000,2784.000000,769.000000,1633.000000,233.000000,205.000000,15.000000,8.000000,18.000000,3.000000,5.000000,0.000000,6.000000,12.000000,2.000000,4.000000,0.000000,7.000000,15.000000,2.000000,5.000000,8097.000000,2266.000000,4820.000000,695.000000,601.000000,3.000000,
0.040689,0.001338,0.348886,0.001412,0.575350,-208885.147652,2.994886,2195607.000000,1874874.000000,3722527.000000,334752.000000,1282372.000000,1952.000000,539.000000,1146.000000,164.000000,144.000000,453.000000,125.000000,266.000000,38.000000,33.000000,2784.000000,769.000000,1633.000000,233.000000,205.000000,15.000000,8.000000,18.000000,3.000000,5.000000,0.000000,6.000000,12.000000,2.000000,4.000000,0.000000,7.000000,15.000000,2.000000,5.000000,8097.000000,2266.000000,4820.000000,695.000000,601.000000,3.000000,
0.040689,0.001338,0.348886,0.001412,0.575350,-208885.147652,2.994886,2195607.000000,1874874.000000,3722527.000000,334752.000000,1282372.000000,1952.000000,539.000000,1146.000000,164.000000,144.000000,453.000000,125.000000,266.000000,38.000000,33.000000,2784.000000,769.000000,1633.000000,233.000000,205.000000,15.000000,8.000000,18.000000,3.000000,5.000000,0.000000,6.000000,12.000000,2.000000,4.000000,0.000000,7.000000,15.000000,2.000000,5.000000,8097.000000,2266.000000,4820.000000,695.000000,601.000000,3.000000,
0.040689,0.001338,0.348886,0.001412,0.575350,-208885.147652,2.994886,2195607.000000,1874874.000000,3722527.000000,334752.000000,1282372.000000,1952.000000,539.000000,1146.000000,164.000000,144.000000,453.000000,125.000000,266.000000,38.000000,33.000000,2784.000000,769.000000,1633.000000,233.000000,205.000000,15.000000,8.000000,18.000000,3.000000,5.000000,0.000000,6.000000,12.000000,2.000000,4.000000,0.000000,7.000000,15.000000,2.000000,5.000000,8097.000000,2266.000000,4820.000000,695.000000,601.000000,3.000000,
0.040689,0.001338,0.348886,0.001412,0.575350,-208885.147652,2.994886,2195607.000000,1874874.000000,3722527.000000,334752.000000,1282372.000000,1952.000000,539.000000,1146.000000,164.000000,144.000000,453.000000,125.000000,266.000000,38.000000,33.000000,2784.000000,769.000000,1633.000000,233.000000,205.000000,15.000000,8.000000,18.000000,3.000000,5.000000,0.000000,6.000000,12.000000,2.000000,4.000000,0.000000,7.000000,15.000000,2.000000,5.000000,8097.000000,2266.000000,4820.000000,695.000000,601.000000,3.000000,
0.040689,0.001338,0.348886,0.001412,0.575350,-208885.147652,2.994886,2195607.000000,1874874.000000,3722527.000000,334752.000000,1282372.000000,1952.000000,539.000000,1146.000000,164.000000,144.000000,453.000000,125.000000,266.000000,38.000000,33.000000,2784.000000,769.000000,1633.000000,233.000000,205.000000,15.000000,8.000000,18.000000,3.000000,5.000000,0.000000,6.000000,12.000000,2.000000,4.000000,0.000000,7.000000,15.000000,2.000000,5.000000,8097.000000,2266.000000,4820.000000,695.000000,601.000000,3.000000,
0.040689,0.001338,0.348886,0.001412,0.575350,-208885.147652,2.994886,2195607.000000,1874874.000000,3722527.000000,334752.000000,1282372.000000,1952.000000,539.000000,1146.000000,164.000000,144.000000,453.000000,125.000000,266.000000,38.000000,33.000000,2784.000000,769.000000,1633.000000,233.000000,205.000000,15.000000,8.000000,18.000000,3.000000,5.000000,0.000000,6.000000,12.000000,2.000000,4.000000,0.000000,7.000000,15.000000,2.000000,5.000000,8097.000000,2266.000000,4820.000000,695.000000,601.000000,3.000000,
0.040689,0.001338,0.348886,0.001412,0.575350,-208885.147652,2.994886,2195607.000000,1874874.000000,3722527.000000,334752.000000,1282372.000000,1952.000000,539.000000,1146.000000,164.000000,144.000000,453.000000,125.000000,266.000000,38.000000,33.000000,2784.000000,769.000000,1633.000000,233.000000,205.000000,15.000000,8.000000,18.000000,3.000000,5.000000,0.000000,6.000000,12.000000,2.000000,4.000000,0.000000,7.000000,15.000000,2.000000,5.000000,8097.000000,2266.000000,4820.000000,695.000000,601.000000,3.000000,
0.040804,0.001511,0.340323,0.001435,0.645776,-208450.526811,2.987546,2195607.000000,1874874.000000,3722527.000000,334752.000000,1282372.000000,1952.000000,539.000000,1146.000000,164.000000,144.000000,453.000000,125.000000,266.000000,38.000000,33.000000,2784.000000,769.000000,1633.000000,233.000000,205.000000,15.000000,8.000000,18.000000,3.000000,5.000000,0.000000,6.000000,12.000000,2.000000,4.000000,0.000000,7.000000,15.000000,2.000000,5.000000,8097.000000,2266.000000,4820.000000,695.000000,601.000000,3.000000,
0.040804,0.001511,0.340323,0.001435,0.645776,-208450.526811,2.987546,2195607.000000,1874874.000000,3722527.000000,334752.000000,1282372.000000,1952.000000,539.000000,1146.000000,164.000000,144.000000,453.000000,125.000000,266.000000,38.000000,33.000000,2784.000000,769.000000,1633.000000,233.000000,205.000000,15.000000,8.000000,18.000000,3.000000,5.000000,0.000000,6.000000,12.000000,2.000000,4.000000,0.000000,7.000000,15.000000,2.000000,5.000000,8097.000000,2266.000000,4820.000000,695.000000,601.000000,3.000000,
0.040804,0.001511,0.340323,0.001435,0.645776,-208450.526811,2.987546,2195607.000000,1874874.000000,3722527.000000,334752.000000,1282372.000000,1952.000000,539.000000,1146.000000,164.000000,144.000000,453.000000,125.000000,266.000000,38.000000,33.000000,2784.000000,769.000000,1633.000000,233.000000,205.000000,15.000000,8.000000,18.000000,3.000000,5.000000,0.000000,6.000000,12.000000,2.000000,4.000000,0.000000,7.000000,15.000000,2.000000,5.000000,8097.000000,2266.000000,4820.000000,695.000000,601.000000,3.000000,
0.040804,0.001511,0.340323,0.001435,0.645776,-208450.526811,2.987546,2195607.000000,1874874.000000,3722527.000000,334752.000000,1282372.000000,1952.000000,539.000000,1146.000000,164.000000,144.000000,453.000000,125.000000,266.000000,38.000000,33.000000,2784.000000,769.000000,1633.000000,233.000000,205.000000,15.000000,8.000000,18.000000,3.000000,5.000000,0.000000,6.000000,12.000000,2.000000,4.000000,0.000000,7.000000,15.000000,2.000000,5.000000,8097.000000,2266.000000,4820.000000,695.000000,601.000000,3.000000,
0.040804,0.001511,0.340323,0.001435,0.645776,-208450.526811,2.987546,2195607.000000,1874874.000000,3722527.000000,334752.000000,1282372.000000,1952.000000,539.000000,1146.000000,164.000000,144.000000,453.000000,125.000000,266.000000,38.000000,33.000000,2784.000000,769.000000,1633.000000,233.000000,205.000000,15.000000,8.000000,18.000000,3.000000,5.000000,0.000000,6.000000,12.000000,2.000000,4.000000,0.000000,7.000000,15.000000,2.000000,5.000000,8097.000000,2266.000000,4820.000000,695.000000,601.000000,3.000000,
0.040804,0.001511,0.340323,0.001435,0.645776,-208450.526811,2.987546,2195607.000000,1874874.000000,3722527.000000,334752.000000,1282372.000000,1952.000000,539.000000,1146.000000,164.000000,144.000000,453.000000,125.000000,266.000000,38.000000,33.000000,2784.000000,769.000000,1633.000000,233.000000,205.000000,15.000000,8.000000,18.000000,3.000000,5.000000,0.000000,6.000000,12.000000,2.000000,4.000000,0.000000,7.000000,15.000000,2.000000,5.000000,8097.000000,2266.000000,4820.000000,695.000000,601.000000,3.000000,
0.040804,0.001511,0.340323,0.001435,0.645776,-208450.526811,2.987546,2195607.000000,1874874.000000,3722527.000000,334752.000000,1282372.000000,1952.000000,539.000000,1146.000000,164.000000,144.000000,453.000000,125.000000,266.000000,38.000000,33.000000,2784.000000,769.000000,1633.000000,233.000000,205.000000,15.000000,8.000000,18.000000,3.000000,5.000000,0.000000,6.000000,12.000000,2.000000,4.000000,0.000000,7.000000,15.000000,2.000000,5.000000,8097.000000,2266.000000,4820.000000,695.000000,601.000000,3.000000,
0.040804,0.001511,0.340323,0.001435,0.645776,-208450.526811,2.987546,2195607.000000,1874874.000000,3722527.000000,334752.000000,1282372.000000,1952.000000,539.000000,1146.000000,164.000000,144.000000,453.000000,125.000000,266.000000,38.000000,33.000000,2784.000000,769.000000,1633.000000,233.000000,205.000000,15.000000,8.000000,18.000000,3.000000,5.000000,0.000000,6.000000,12.000000,2.000000,4.000000,0.000000,7.000000,15.000000,2.000000,5.000000,8097.000000,2266.000000,4820.000000,695.000000,601.000000,3.000000,
0.040804,0.001511,0.340323,0.001435,0.645776,-208450.526811,2.987546,2195607.000000,1874874.000000,3722527.000000,334752.000000,1282372.000000,1952.000000,539.000000,1146.000000,164.000000,144.000000,453.000000,125.000000,266.000000,38.000000,33.000000,2784.000000,769.000000,1633.000000,233.000000,205.000000,15.000000,8.000000,18.000000,3.000000,5.000000,0.000000,6.000000,12.000000,2.000000,4.000000,0.000000,7.000000,15.000000,2.000000,5.000000,8097.000000,2266.000000,4820.000000,695.000000,601.000000,3.000000,
0.040804,0.001511,0.340323,0.001435,0.645776,-208450.526811,2.987546,2195607.000000,1874874.000000,3722527.000000,334752.000000,1282372.000000,1952.000000,539.000000,1146.000000,164.000000,144.000000,453.000000,125.000000,266.000000,38.000000,33.000000,2784.000000,769.000000,1633.000000,233.000000,205.000000,15.000000,8.000000,18.000000,3.000000,5.000000,0.000000,6.000000,12.000000,2.000000,4.000000,0.000000,7.000000,15.000000,2.000000,5.000000,8097.000000,2266.000000,4820.000000,695.000000,601.000000,3.000000,
0.040804,0.001511,0.340323,0.001435,0.645776,-208450.526811,2.987546,2195607.000000,1874874.000000,3722527.000000,334752.000000,1282372.000000,1952.000000,539.000000,1146.000000,164.000000,144.000000,453.000000,125.000000,266.000000,38.000000,33.000000,2784.000000,769.000000,1633.000000,233.000000,205.000000,15.000000,8.000000,18.000000,3.000000,5.000000,0.000000,6.000000,12.000000,2.000000,4.000000,0.000000,7.000000,15.000000,2.000000,5.000000,8097.000000,2266.000000,4820.000000,695.000000,601.000000,3.000000,
0.040804,0.001511,0.340323,0.001435,0.645776,-208450.526811,2.987546,2195607.000000,1874874.000000,3722527.000000,334752.000000,1282372.000000,1952.000000,539.000000,1146.000000,164.000000,144.000000,453.000000,125.000000,266.000000,38.000000,33.000000,2784.000000,769.000000,1633.000000,233.000000,205.000000,15.000000,8.000000,18.000000,3.000000,5.000000,0.000000,6.000000,12.000000,2.000000,4.000000,0.000000,7.000000,15.000000,2.000000,5.000000,8097.000000,2266.000000,4820.000000,695.000000,601.000000,3.000000,
0.040804,0.001511,0.340323,0.001435,0.645776,-208450.526811,2.987546,2195607.000000,1874874.000000,3722527.000000,334752.000000,1282372.000000,1952.000000,539.000000,1146.000000,164.000000,144.000000,453.000000,125.000000,266.000000,38.000000,33.000000,2784.000000,769.000000,1633.000000,233.000000,205.000000,15.000000,8.000000,18.000000,3.000000,5.000000,0.000000,6.000000,12.000000,2.000000,4.000000,0.000000,7.000000,15.000000,2.000000,5.000000,8097.000000,2266.000000,4820.000000,695.000000,601.000000,3.000000,
0.040804,0.001511,0.340323,0.001435,0.645776,-208450.526811,2.987546,2195607.000000,1874874.000000,3722527.000000,334752.000000,1282372.000000,1952.000000,539.000000,1146.000000,164.000000,144.000000,453.000000,125.000000,266.000000,38.000000,33.000000,2784.000000,769.000000,1633.000000,233.000000,205.000000,15.000000,8.000000,18.000000,3.000000,5.000000,0.000000,6.000000,12.000000,2.000000,4.000000,0.000000,7.000000,15.000000,2.000000,5.000000,8097.000000,2266.000000,4820.000000,695.000000,601.000000,3.000000,
0.040804,0.001511,0.340323,0.001435,0.645776,-208450.526811,2.987546,2195607.000000,1874874.000000,3722527.000000,334752.000000,1282372.000000,1952.000000,539.000000,1146.000000,164.000000,144.000000,453.000000,125.000000,266.000000,38.000000,33.000000,2784.000000,769.000000,1633.000000,233.000000,205.000000,15.000000,8.000000,18.000000,3.000000,5.000000,0.000000,6.000000,12.000000,2.000000,4.000000,0.000000,7.000000,15.000000,2.000000,5.000000,8097.000000,2266.000000,4820.000000,695.000000,601.000000,3.000000,
0.040730,0.001600,0.342261,0.001191,0.662391,-208548.374283,2.985660,2195607.000000,1874874.000000,3722527.000000,334752.000000,1282372.000000,1952.000000,539.000000,1146.000000,164.000000,144.000000,453.000000,125.000000,266.000000,38.000000,33.000000,2784.000000,769.000000,1633.000000,233.000000,205.000000,15.000000,8.000000,18.000000,3.000000,5.000000,0.000000,6.000000,12.000000,2.000000,4.000000,0.000000,7.000000,15.000000,2.000000,5.000000,8097.000000,2266.000000,4820.000000,695.000000,601.000000,3.000000,
0.040730,0.001600,0.342261,0.001191,0.662391,-208548.374283,2.985660,2195607.000000,1874874.000000,3722527.000000,334752.000000,1282372.000000,1952.000000,539.000000,1146.000000,164.000000,144.000000,453.000000,125.000000,266.000000,38.000000,33.000000,2784.000000,769.000000,1633.000000,233.000000,205.000000,15.000000,8.000000,18.000000,3.000000,5.000000,0.000000,6.000000,12.000000,2.000000,4.000000,0.000000,7.000000,15.000000,2.000000,5.000000,8097.000000,2266.000000,4820.000000,695.000000,601.000000,3.000000,
0.040730,0.001600,0.342261,0.001191,0.662391,-208548.374283,2.985660,2195607.000000,1874874.000000,3722527.000000,334752.000000,1282372.000000,1952.000000,539.000000,1146.000000,164.000000,144.000000,453.000000,125.000000,266.000000,38.000000,33.000000,2784.000000,769.000000,1633.000000,233.000000,205.000000,15.000000,8.000000,18.000000,3.000000,5.000000,0.000000,6.000000,12.000000,2.000000,4.000000,0.000000,7.000000,15.000000,2.000000,5.000000,8097.000000,2266.000000,4820.000000,695.000000,601.000000,3.000000,
0.040730,0.001600,0.342261,0.001191,0.662391,-208548.374283,2.985660,2195607.000000,1874874.000000,3722527.000000,334752.000000,1282372.000000,1952.000000,539.000000,1146.000000,164.000000,144.000000,453.000000,125.000000,266.000000,38.000000,33.000000,2784.000000,769.000000,1633.000000,233.000000,205.000000,15.000000,8.000000,18.000000,3.000000,5.000000,0.000000,6.000000,12.000000,2.000000,4.000000,0.000000,7.000000,15.000000,2.000000,5.000000,8097.000000,2266.000000,4820.000000,695.000000,601.000000,3.000000,
0.040637,0.001461,0.351035,0.001159,0.585355,-208994.937762,2.995001,2195607.000000,1874874.000000,3722527.000000,334752.000000,1282372.000000,1952.000000,539.000000,1146.000000,164.000000,144.000000,453.000000,125.000000,266.000000,38.000000,33.000000,2784.000000,769.000000,1633.000000,233.000000,205.000000,15.000000,8.000000,18.000000,3.000000,5.000000,0.000000,6.000000,12.000000,2.000000,4.000000,0.000000,7.000000,15.000000,2.000000,5.000000,8097.000000,2266.000000,4820.000000,695.000000,601.000000,3.000000,
0.040637,0.001461,0.351035,0.001159,0.585355,-208994.937762,2.995001,2195607.000000,1874874.000000,3722527.000000,334752.000000,1282372.000000,1952.000000,539.000000,1146.000000,164.000000,144.000000,453.000000,125.000000,266.000000,38.000000,33.000000,2784.000000,769.000000,1633.000000,233.000000,205.000000,15.000000,8.000000,18.000000,3.000000,5.000000,0.000000,6.000000,12.000000,2.000000,4.000000,0.000000,7.000000,15.000000,2.000000,5.000000,8097.000000,2266.000000,4820.000000,695.000000,601.000000,3.000000,
0.040637,0.001461,0.351035,0.001159,0.585355,-208994.937762,2.995001,2195607.000000,1874874.000000,3722527.000000,334752.000000,1282372.000000,1952.000000,539.000000,1146.000000,164.000000,144.000000,453.000000,125.000000,266.000000,38.000000,33.000000,2784.000000,769.000000,1633.000000,233.000000,205.000000,15.000000,8.000000,18.000000,3.000000,5.000000,0.000000,6.000000,12.000000,2.000000,4.000000,0.000000,7.000000,15.000000,2.000000,5.000000,8097.000000,2266.000000,4820.000000,695.000000,601.000000,3.000000,
0.040637,0.001461,0.351035,0.001159,0.585355,-208994.937762,2.995001,2195607.000000,1874874.000000,3722527.000000,334752.000000,1282372.000000,1952.000000,539.000000,1146.000000,164.000000,144.000000,453.000000,125.000000,266.000000,38.000000,33.000000,2784.000000,769.000000,1633.000000,233.000000,205.000000,15.000000,8.000000,18.000000,3.000000,5.000000,0.000000,6.000000,12.000000,2.000000,4.000000,0.000000,7.000000,15.000000,2.000000,5.000000,8097.000000,2266.000000,4820.000000,695.000000,601.000000,3.000000,
0.040637,0.001461,0.351035,0.001159,0.585355,-208994.937762,2.995001,2195607.000000,1874874.000000,3722527.000000,334752.000000,1282372.000000,1952.000000,539.000000,1146.000000,164.000000,144.000000,453.000000,125.000000,266.000000,38.000000,33.000000,2784.000000,769.000000,1633.000000,233.000000,205.000000,15.000000,8.000000,18.000000,3.000000,5.000000,0.000000,6.000000,12.000000,2.000000,4.000000,0.000000,7.000000,15.000000,2.000000,5.000000,8097.000000,2266.000000,4820.000000,695.000000,601.000000,3.000000,
0.040637,0.001461,0.351035,0.001159,0.585355,-208994.937762,2.995001,2195607.000000,1874874.000000,3722527.000000,334752.000000,1282372.000000,1952.000000,539.000000,1146.000000,164.000000,144.000000,453.000000,125.000000,266.000000,38.000000,33.000000,2784.000000,769.000000,1633.000000,233.000000,205.000000,15.000000,8.000000,18.000000,3.000000,5.000000,0.000000,6.000000,12.000000,2.000000,4.000000,0.000000,7.000000,15.000000,2.000000,5.000000,8097.000000,2266.000000,4820.000000,695.000000,601.000000,3.000000,
0.040637,0.001461,0.351035,0.001159,0.585355,-208994.937762,2.995001,2195607.000000,1874874.000000,3722527.000000,334752.000000,1282372.000000,1952.000000,539.000000,1146.000000,164.000000,144.000000,453.000000,125.000000,266.000000,38.000000,33.000000,2784.000000,769.000000,1633.000000,233.000000,205.000000,15.000000,8.000000,18.000000,3.000000,5.000000,0.000000,6.000000,12.000000,2.000000,4.000000,0.000000,7.000000,15.000000,2.000000,5.000000,8097.000000,2266.000000,4820.000000,695.000000,601.000000,3.000000,
0.040637,0.001461,0.351035,0.001159,0.585355,-208994.937762,2.995001,2195607.000000,1874874.000000,3722527.000000,334752.000000,1282372.000000,1952.000000,539.000000,1146.000000,164.000000,144.000000,453.000000,125.000000,266.000000,38.000000,33.000000,2784.000000,769.000000,1633.000000,233.000000,205.000000,15.000000,8.000000,18.000000,3.000000,5.000000,0.000000,6.000000,12.000000,2.000000,4.000000,0.000000,7.000000,15.000000,2.000000,5.000000,8097.000000,2266.000000,4820.000000,695.000000,601.000000,3.000000,
0.040637,0.001461,0.351035,0.001159,0.585355,-208994.937762,2.995001,2195607.000000,1874874.000000,3722527.000000,334752.000000,1282372.000000,1952.000000,539.000000,1146.000000,164.000000,144.000000,453.000000,125.000000,266.000000,38.000000,33.000000,2784.000000,769.000000,1633.000000,233.000000,205.000000,15.000000,8.000000,18.000000,3.000000,5.000000,0.000000,6.000000,12.000000,2.000000,4.000000,0.000000,7.000000,15.000000,2.000000,5.000000,8097.000000,2266.000000,4820.000000,695.000000,601.000000,3.000000,
0.040637,0.001461,0.351035,0.001159,0.585355,-208994.937762,2.995001,2195607.000000,1874874.000000,3722527.000000,334752.000000,1282372.000000,1952.000000,539.000000,1146.000000,164.000000,144.000000,453.000000,125.000000,266.000000,38.000000,33.000000,2784.000000,769.000000,1633.000000,233.000000,205.000000,15.000000,8.000000,18.000000,3.000000,5.000000,0.000000,6.000000,12.000000,2.000000,4.000000,0.000000,7.000000,15.000000,2.000000,5.000000,8097.000000,2266.000000,4820.000000,695.000000,601.000000,3.000000,
0.040637,0.001461,0.351035,0.001159,0.585355,-208994.937762,2.995001,2195607.000000,1874874.000000,3722527.000000,334752.000000,1282372.000000,1952.000000,539.000000,1146.000000,164.000000,144.000000,453.000000,125.000000,266.000000,38.000000,33.000000,2784.000000,769.000000,1633.000000,233.000000,205.000000,15.000000,8.000000,18.000000,3.000000,5.000000,0.000000,6.000000,12.000000,2.000000,4.000000,0.000000,7.000000,15.000000,2.000000,5.000000,8097.000000,2266.000000,4820.000000,695.000000,601.000000,3.000000,
0.040637,0.001461,0.351035,0.001159,0.585355,-208994.937762,2.995001,2195607.000000,1874874.000000,3722527.000000,334752.000000,1282372.000000,1952.000000,539.000000,1146.000000,164.000000,144.000000,453.000000,125.000000,266.000000,38.000000,33.000000,2784.000000,769.000000,1633.000000,233.000000,205.000000,15.000000,8.000000,18.000000,3.000000,5.000000,0.000000,6.000000,12.000000,2.000000,4.000000,0.000000,7.000000,15.000000,2.000000,5.000000,8097.000000,2266.000000,4820.000000,695.000000,601.000000,3.000000,
0.040637,0.001461,0.351035,0.001159,0.585355,-208994.937762,2.995001,2195607.000000,1874874.000000,3722527.000000,334752.000000,1282372.000000,1952.000000,539.000000,1146.000000,164.000000,144.000000,453.000000,125.000000,266.000000,38.000000,33.000000,2784.000000,769.000000,1633.000000,233.000000,205.000000,15.000000,8.000000,18.000000,3.000000,5.000000,0.000000,6.000000,12.000000,2.000000,4.000000,0.000000,7.000000,15.000000,2.000000,5.000000,8097.000000,2266.000000,4820.000000,695.000000,601.000000,3.000000,
0.040637,0.001461,0.351035,0.001159,0.585355,-208994.937762,2.995001,2195607.000000,1874874.000000,3722527.000000,334752.000000,1282372.000000,1952.000000,539.000000,1146.000000,164.000000,144.000000,453.000000,125.000000,266.000000,38.000000,33.000000,2784.000000,769.000000,1633.000000,233.000000,205.000000,15.000000,8.000000,18.000000,3.000000,5.000000,0.000000,6.000000,12.000000,2.000000,4.000000,0.000000,7.000000,15.000000,2.000000,5.000000,8097.000000,2266.000000,4820.000000,695.000000,601.000000,3.000000,
0.040637,0.001461,0.351035,0.001159,0.585355,-208994.937762,2.995001,2195607.000000,1874874.000000,3722527.000000,334752.000000,1282372.000000,1952.000000,539.000000,1146.000000,164.000000,144.000000,453.000000,125.000000,266.000000,38.000000,33.000000,2784.000000,769.000000,1633.000000,233.000000,205.000000,15.000000,8.000000,18.000000,3.000000,5.000000,0.000000,6.000000,12.000000,2.000000,4.000000,0.000000,7.000000,15.000000,2.000000,5.000000,8097.000000,2266.000000,4820.000000,695.000000,601.000000,3.000000,
0.040637,0.001461,0.351035,0.001159,0.585355,-208994.937762,2.995001,2195607.000000,1874874.000000,3722527.000000,334752.000000,1282372.000000,1952.000000,539.000000,1146.000000,164.000000,144.000000,453.000000,125.000000,266.000000,38.000000,33.000000,2784.000000,769.000000,1633.000000,233.000000,205.000000,15.000000,8.000000,18.000000,3.000000,5.000000,0.000000,6.000000,12.000000,2.000000,4.000000,0.000000,7.000000,15.000000,2.000000,5.000000,8097.000000,2266.000000,4820.000000,695.000000,601.000000,3.000000,
0.040637,0.001461,0.351035,0.001159,0.585355,-208994.937762,2.995001,2195607.000000,1874874.000000,3722527.000000,334752.000000,1282372.000000,1952.000000,539.000000,1146.000000,164.000000,144.000000,453.000000,125.000000,266.000000,38.000000,33.000000,2784.000000,769.000000,1633.000000,233.000000,205.000000,15.000000,8.000000,18.000000,3.000000,5.000000,0.000000,6.000000,12.000000,2.000000,4.000000,0.000000,7.000000,15.000000,2.000000,5.000000,8097.000000,2266.000000,4820.000000,695.000000,601.000000,3.000000,
0.040637,0.001461,0.351035,0.001159,0.585355,-208994.937762,2.995001,2195607.000000,1874874.000000,3722527.000000,334752.000000,1282372.000000,1952.000000,539.000000,1146.000000,164.000000,144.000000,453.000000,125.000000,266.000000,38.000000,33.000000,2784.000000,769.000000,1633.000000,233.000000,205.000000,15.000000,8.000000,18.000000,3.000000,5.000000,0.000000,6.000000,12.000000,2.000000,4.000000,0.000000,7.000000,15.000000,2.000000,5.000000,8097.000000,2266.000000,4820.000000,695.000000,601.000000,3.000000,
0.040637,0.001461,0.351035,0.001159,0.585355,-208994.937762,2.995001,2195607.000000,1874874.000000,3722527.000000,334752.000000,1282372.000000,1952.000000,539.000000,1146.000000,164.000000,144.000000,453.000000,125.000000,266.000000,38.000000,33.000000,2784.000000,769.000000,1633.000000,233.000000,205.000000,15.000000,8.000000,18.000000,3.000000,5.000000,0.000000,6.000000,12.000000,2.000000,4.000000,0.000000,7.000000,15.000000,2.000000,5.000000,8097.000000,2266.000000,4820.000000,695.000000,601.000000,3.000000,
0.040637,0.001461,0.351035,0.001159,0.585355,-208994.937762,2.995001,2195607.000000,1874874.000000,3722527.000000,334752.000000,1282372.000000,1952.000000,539.000000,1146.000000,164.000000,144.000000,453.000000,125.000000,266.000000,38.000000,33.000000,2784.000000,769.000000,1633.000000,233.000000,205.000000,15.000000,8.000000,18.000000,3.000000,5.000000,0.000000,6.000000,12.000000,2.000000,4.000000,0.000000,7.000000,15.000000,2.000000,5.000000,8097.000000,2266.000000,4820.000000,695.000000,601.000000,3.000000,
0.040637,0.001461,0.351035,0.001159,0.585355,-208994.937762,2.995001,2195607.000000,1874874.000000,3722527.000000,334752.000000,1282372.000000,1952.000000,539.000000,1146.000000,164.000000,144.000000,453.000000,125.000000,266.000000,38.000000,33.000000,2784.000000,769.000000,1633.000000,233.000000,205.000000,15.000000,8.000000,18.000000,3.000000,5.000000,0.000000,6.000000,12.000000,2.000000,4.000000,0.000000,7.000000,15.000000,2.000000,5.000000,8097.000000,2266.000000,4820.000000,695.000000,601.000000,3.000000,
0.040637,0.001461,0.351035,0.001159,0.585355,-208994.937762,2.995001,2195607.000000,1874874.000000,3722527.000000,334752.000000,1282372.000000,1952.000000,539.000000,1146.000000,164.000000,144.000000,453.000000,125.000000,266.000000,38.000000,33.000000,2784.000000,769.000000,1633.000000,233.000000,205.000000,15.000000,8.000000,18.000000,3.000000,5.000000,0.000000,6.000000,12.000000,2.000000,4.000000,0.000000,7.000000,15.000000,2.000000,5.000000,8097.000000,2266.000000,4820.000000,695.000000,601.000000,3.000000,
0.040637,0.001461,0.351035,0.001159,0.585355,-208994.937762,2.995001,2195607.000000,1874874.000000,3722527.000000,334752.000000,1282372.000000,1952.000000,539.000000,1146.000000,164.000000,144.000000,453.000000,125.000000,266.000000,38.000000,33.000000,2784.000000,769.000000,1633.000000,233.000000,205.000000,15.000000,8.000000,18.000000,3.000000,5.000000,0.000000,6.000000,12.000000,2.000000,4.000000,0.000000,7.000000,15.000000,2.000000,5.000000,8097.000000,2266.000000,4820.000000,695.000000,601.000000,3.000000,
0.040637,0.001461,0.351035,0.001159,0.585355,-208994.937762,2.995001,2195607.000000,1874874.000000,3722527.000000,334752.000000,1282372.000000,1952.000000,539.000000,1146.000000,164.000000,144.000000,453.000000,125.000000,266.000000,38.000000,33.000000,2784.000000,769.000000,1633.000000,233.000000,205.000000,15.000000,8.000000,18.000000,3.000000,5.000000,0.000000,6.000000,12.000000,2.000000,4.000000,0.000000,7.000000,15.000000,2.000000,5.000000,8097.000000,2266.000000,4820.000000,695.000000,601.000000,3.000000,
0.040637,0.001461,0.351035,0.001159,0.585355,-208994.937762,2.995001,2195607.000000,1874874.000000,3722527.000000,334752.000000,1282372.000000,1952.000000,539.000000,1146.000000,164.000000,144.000000,453.000000,125.000000,266.000000,38.000000,33.000000,2784.000000,769.000000,1633.000000,233.000000,205.000000,15.000000,8.000000,18.000000,3.000000,5.000000,0.000000,6.000000,12.000000,2.000000,4.000000,0.000000,7.000000,15.000000,2.000000,5.000000,8097.000000,2266.000000,4820.000000,695.000000,601.000000,3.000000,
0.040637,0.001461,0.351035,0.001159,0.585355,-208994.937762,2.995001,2195607.000000,1874874.000000,3722527.000000,334752.000000,1282372.000000,1952.000000,539.000000,1146.000000,164.000000,144.000000,453.000000,125.000000,266.000000,38.000000,33.000000,2784.000000,769.000000,1633.000000,233.000000,205.000000,15.000000,8.000000,18.000000,3.000000,5.000000,0.000000,6.000000,12.000000,2.000000,4.000000,0.000000,7.000000,15.000000,2.000000,5.000000,8097.000000,2266.000000,4820.000000,695.000000,601.000000,3.000000,
0.040637,0.001461,0.351035,0.001159,0.585355,-208994.937762,2.995001,2195607.000000,1874874.000000,3722527.000000,334752.000000,1282372.000000,1952.000000,539.000000,1146.000000,164.000000,144.000000,453.000000,125.000000,266.000000,38.000000,33.000000,2784.000000,769.000000,1633.000000,233.000000,205.000000,15.000000,8.000000,18.000000,3.000000,5.000000,0.000000,6.000000,12.000000,2.000000,4.000000,0.000000,7.000000,15.000000,2.000000,5.000000,8097.000000,2266.000000,4820.000000,695.000000,601.000000,3.000000,
0.040637,0.001461,0.351035,0.001159,0.585355,-208994.937762,2.995001,2195607.000000,1874874.000000,3722527.000000,334752.000000,1282372.000000,1952.000000,539.000000,1146.000000,164.000000,144.000000,453.000000,125.000000,266.000000,38.000000,33.000000,2784.000000,769.000000,1633.000000,233.000000,205.000000,15.000000,8.000000,18.000000,3.000000,5.000000,0.000000,6.000000,12.000000,2.000000,4.000000,0.000000,7.000000,15.000000,2.000000,5.000000,8097.000000,2266.000000,4820.000000,695.000000,601.000000,3.000000,
0.040637,0.001461,0.351035,0.001159,0.585355,-208994.937762,2.995001,2195607.000000,1874874.000000,3722527.000000,334752.000000,1282372.000000,1952.000000,539.000000,1146.000000,164.000000,144.000000,453.000000,125.000000,266.000000,38.000000,33.000000,2784.000000,769.000000,1633.000000,233.000000,205.000000,15.000000,8.000000,18.000000,3.000000,5.000000,0.000000,6.000000,12.000000,2.000000,4.000000,0.000000,7.000000,15.000000,2.000000,5.000000,8097.000000,2266.000000,4820.000000,695.000000,601.000000,3.000000,
0.040637,0.001461,0.351035,0.001159,0.585355,-208994.937762,2.995001,2195607.000000,1874874.000000,3722527.000000,334752.000000,1282372.000000,1952.000000,539.000000,1146.000000,164.000000,144.000000,453.000000,125.000000,266.000000,38.000000,33.000000,2784.000000,769.000000,1633.000000,233.000000,205.000000,15.000000,8.000000,18.000000,3.000000,5.000000,0.000000,6.000000,12.000000,2.000000,4.000000,0.000000,7.000000,15.000000,2.000000,5.000000,8097.000000,2266.000000,4820.000000,695.000000,601.000000,3.000000,
0.040637,0.001461,0.351035,0.001159,0.585355,-208994.937762,2.995001,2195607.000000,1874874.000000,3722527.000000,334752.000000,1282372.000000,1952.000000,539.000000,1146.000000,164.000000,144.000000,453.000000,125.000000,266.000000,38.000000,33.000000,2784.000000,769.000000,1633.000000,233.000000,205.000000,15.000000,8.000000,18.000000,3.000000,5.000000,0.000000,6.000000,12.000000,2.000000,4.000000,0.000000,7.000000,15.000000,2.000000,5.000000,8097.000000,2266.000000,4820.000000,695.000000,601.000000,3.000000,
0.040637,0.001461,0.351035,0.001159,0.585355,-208994.937762,2.995001,2195607.000000,1874874.000000,3722527.000000,334752.000000,1282372.000000,1952.000000,539.000000,1146.000000,164.000000,144.000000,453.000000,125.000000,266.000000,38.000000,33.000000,2784.000000,769.000000,1633.000000,233.000000,205.000000,15.000000,8.000000,18.000000,3.000000,5.000000,0.000000,6.000000,12.000000,2.000000,4.000000,0.000000,7.000000,15.000000,2.000000,5.000000,8097.000000,2266.000000,4820.000000,695.000000,601.000000,3.000000,
0.040637,0.001461,0.351035,0.001159,0.585355,-208994.937762,2.995001,2195607.000000,1874874.000000,3722527.000000,334752.000000,1282372.000000,1952.000000,539.000000,1146.000000,164.000000,144.000000,453.000000,125.000000,266.000000,38.000000,33.000000,2784.000000,769.000000,1633.000000,233.000000,205.000000,15.000000,8.000000,18.000000,3.000000,5.000000,0.000000,6.000000,12.000000,2.000000,4.000000,0.000000,7.000000,15.000000,2.000000,5.000000,8097.000000,2266.000000,4820.000000,695.000000,601.000000,3.000000,
0.040637,0.001461,0.351035,0.001159,0.585355,-208994.937762,2.995001,2195607.000000,1874874.000000,3722527.000000,334752.000000,1282372.000000,1952.000000,539.000000,1146.000000,164.000000,144.000000,453.000000,125.000000,266.000000,38.000000,33.000000,2784.000000,769.000000,1633.000000,233.000000,205.000000,15.000000,8.000000,18.000000,3.000000,5.000000,0.000000,6.000000,12.000000,2.000000,4.000000,0.000000,7.000000,15.000000,2.000000,5.000000,8097.000000,2266.000000,4820.000000,695.000000,601.000000,3.000000,
0.040684,0.002321,0.347907,0.001368,0.613946,-208835.215232,2.992703,2195607.000000,1874874.000000,3722527.000000,334752.000000,1282372.000000,1952.000000,539.000000,1146.000000,164.000000,144.000000,453.000000,125.000000,266.000000,38.000000,33.000000,2784.000000,769.000000,1633.000000,233.000000,205.000000,15.000000,8.000000,18.000000,3.000000,5.000000,0.000000,6.000000,12.000000,2.000000,4.000000,0.000000,7.000000,15.000000,2.000000,5.000000,8097.000000,2266.000000,4820.000000,695.000000,601.000000,3.000000,
0.040842,0.002326,0.337046,0.002332,0.629097,-208285.425575,2.984317,2195607.000000,1874874.000000,3722527.000000,334752.000000,1282372.000000,1952.000000,539.000000,1146.000000,164.000000,144.000000,453.000000,125.000000,266.000000,38.000000,33.000000,2784.000000,769.000000,1633.000000,233.000000,205.000000,15.000000,8.000000,18.000000,3.000000,5.000000,0.000000,6.000000,12.000000,2.000000,4.000000,0.000000,7.000000,15.000000,2.000000,5.000000,8097.000000,2266.000000,4820.000000,695.000000,601.000000,3.000000,
0.040842,0.002326,0.337046,0.002332,0.629097,-208285.425575,2.984317,2195607.000000,1874874.000000,3722527.000000,334752.000000,1282372.000000,1952.000000,539.000000,1146.000000,164.000000,144.000000,453.000000,125.000000,266.000000,38.000000,33.000000,2784.000000,769.000000,1633.000000,233.000000,205.000000,15.000000,8.000000,18.000000,3.000000,5.000000,0.000000,6.000000,12.000000,2.000000,4.000000,0.000000,7.000000,15.000000,2.000000,5.000000,8097.000000,2266.000000,4820.000000,695.000000,601.000000,3.000000,
0.040842,0.002326,0.337046,0.002332,0.629097,-208285.425575,2.984317,2195607.000000,1874874.000000,3722527.000000,334752.000000,1282372.000000,1952.000000,539.000000,1146.000000,164.000000,144.000000,453.000000,125.000000,266.000000,38.000000,33.000000,2784.000000,769.000000,1633.000000,233.000000,205.000000,15.000000,8.000000,18.000000,3.000000,5.000000,0.000000,6.000000,12.000000,2.000000,4.000000,0.000000,7.000000,15.000000,2.000000,5.000000,8097.000000,2266.000000,4820.000000,695.000000,601.000000,3.000000,
0.040842,0.002326,0.337046,0.002332,0.629097,-208285.425575,2.984317,2195607.000000,1874874.000000,3722527.000000,334752.000000,1282372.000000,1952.000000,539.000000,1146.000000,164.000000,144.000000,453.000000,125.000000,266.000000,38.000000,33.000000,2784.000000,769.000000,1633.000000,233.000000,205.000000,15.000000,8.000000,18.000000,3.000000,5.000000,0.000000,6.000000,12.000000,2.000000,4.000000,0.000000,7.000000,15.000000,2.000000,5.000000,8097.000000,2266.000000,4820.000000,695.000000,601.000000,3.000000,
0.040842,0.002326,0.337046,0.002332,0.629097,-208285.425575,2.984317,2195607.000000,1874874.000000,3722527.000000,334752.000000,1282372.000000,1952.000000,539.000000,1146.000000,164.000000,144.000000,453.000000,125.000000,266.000000,38.000000,33.000000,2784.000000,769.000000,1633.000000,233.000000,205.000000,15.000000,8.000000,18.000000,3.000000,5.000000,0.000000,6.000000,12.000000,2.000000,4.000000,0.000000,7.000000,15.000000,2.000000,5.000000,8097.000000,2266.000000,4820.000000,695.000000,601.000000,3.000000,
0.040842,0.002326,0.337046,0.002332,0.629097,-208285.425575,2.984317,2195607.000000,1874874.000000,3722527.000000,334752.000000,1282372.000000,1952.000000,539.000000,1146.000000,164.000000,144.000000,453.000000,125.000000,266.000000,38.000000,33.000000,2784.000000,769.000000,1633.000000,233.000000,205.000000,15.000000,8.000000,18.000000,3.000000,5.000000,0.000000,6.000000,12.000000,2.000000,4.000000,0.000000,7.000000,15.000000,2.000000,5.000000,8097.000000,2266.000000,4820.000000,695.000000,601.000000,3.000000,
0.040842,0.002326,0.337046,0.002332,0.629097,-208285.425575,2.984317,2195607.000000,1874874.000000,3722527.000000,334752.000000,1282372.000000,1952.000000,539.000000,1146.000000,164.000000,144.000000,453.000000,125.000000,266.000000,38.000000,33.000000,2784.000000,769.000000,1633.000000,233.000000,205.000000,15.000000,8.000000,18.000000,3.000000,5.000000,0.000000,6.000000,12.000000,2.000000,4.000000,0.000000,7.000000,15.000000,2.000000,5.000000,8097.000000,2266.000000,4820.000000,695.000000,601.000000,3.000000,
0.040842,0.002326,0.337046,0.002332,0.629097,-208285.425575,2.984317,2195607.000000,1874874.000000,3722527.000000,334752.000000,1282372.000000,1952.000000,539.000000,1146.000000,164.000000,144.000000,453.000000,125.000000,266.000000,38.000000,33.000000,2784.000000,769.000000,1633.000000,233.000000,205.000000,15.000000,8.000000,18.000000,3.000000,5.000000,0.000000,6.000000,12.000000,2.000000,4.000000,0.000000,7.000000,15.000000,2.000000,5.000000,8097.000000,2266.000000,4820.000000,695.000000,601.000000,3.000000,
0.040842,0.002326,0.337046,0.002332,0.629097,-208285.425575,2.984317,2195607.000000,1874874.000000,3722527.000000,334752.000000,1282372.000000,1952.000000,539.000000,1146.000000,164.000000,144.000000,453.000000,125.000000,266.000000,38.000000,33.000000,2784.000000,769.000000,1633.000000,233.000000,205.000000,15.000000,8.000000,18.000000,3.000000,5.000000,0.000000,6.000000,12.000000,2.000000,4.000000,0.000000,7.000000,15.000000,2.000000,5.000000,8097.000000,2266.000000,4820.000000,695.000000,601.000000,3.000000,
0.040842,0.002326,0.337046,0.002332,0.629097,-208285.425575,2.984317,2195607.000000,1874874.000000,3722527.000000,334752.000000,1282372.000000,1952.000000,539.000000,1146.000000,164.000000,144.000000,453.000000,125.000000,266.000000,38.000000,33.000000,2784.000000,769.000000,1633.000000,233.000000,205.000000,15.000000,8.000000,18.000000,3.000000,5.000000,0.000000,6.000000,12.000000,2.000000,4.000000,0.000000,7.000000,15.000000,2.000000,5.000000,8097.000000,2266.000000,4820.000000,695.000000,601.000000,3.000000,
0.040842,0.002326,0.337046,0.002332,0.629097,-208285.425575,2.984317,2195607.000000,1874874.000000,3722527.000000,334752.000000,1282372.000000,1952.000000,539.000000,1146.000000,164.000000,144.000000,453.000000,125.000000,266.000000,38.000000,33.000000,2784.000000,769.000000,1633.000000,233.000000,205.000000,15.000000,8.000000,18.000000,3.000000,5.000000,0.000000,6.000000,12.000000,2.000000,4.000000,0.000000,7.000000,15.000000,2.000000,5.000000,8097.000000,2266.000000,4820.000000,695.000000,601.000000,3.000000,
0.040918,0.006326,0.332028,0.005313,0.659393,-208033.985888,2.980587,2195607.000000,1874874.000000,3722527.000000,334752.000000,1282372.000000,1952.000000,539.000000,1146.000000,164.000000,144.000000,453.000000,125.000000,266.000000,38.000000,33.000000,2784.000000,769.000000,1633.000000,233.000000,205.000000,15.000000,8.000000,18.000000,3.000000,5.000000,0.000000,6.000000,12.000000,2.000000,4.000000,0.000000,7.000000,15.000000,2.000000,5.000000,8097.000000,2266.000000,4820.000000,695.000000,601.000000,3.000000,
0.040918,0.006326,0.332028,0.005313,0.659393,-208033.985888,2.980587,2195607.000000,1874874.000000,3722527.000000,334752.000000,1282372.000000,1952.000000,539.000000,1146.000000,164.000000,144.000000,453.000000,125.000000,266.000000,38.000000,33.000000,2784.000000,769.000000,1633.000000,233.000000,205.000000,15.000000,8.000000,18.000000,3.000000,5.000000,0.000000,6.000000,12.000000,2.000000,4.000000,0.000000,7.000000,15.000000,2.000000,5.000000,8097.000000,2266.000000,4820.000000,695.000000,601.000000,3.000000,
0.040918,0.006326,0.332028,0.005313,0.659393,-208033.985888,2.980587,2195607.000000,1874874.000000,3722527.000000,334752.000000,1282372.000000,1952.000000,539.000000,1146.000000,164.000000,144.000000,453.000000,125.000000,266.000000,38.000000,33.000000,2784.000000,769.000000,1633.000000,233.000000,205.000000,15.000000,8.000000,18.000000,3.000000,5.000000,0.000000,6.000000,12.000000,2.000000,4.000000,0.000000,7.000000,15.000000,2.000000,5.000000,8097.000000,2266.000000,4820.000000,695.000000,601.000000,3.000000,
0.041302,0.007096,0.326788,0.015782,0.500927,-207773.697380,2.998739,2195607.000000,1874874.000000,3722527.000000,334752.000000,1282372.000000,1952.000000,539.000000,1146.000000,164.000000,144.000000,453.000000,125.000000,266.000000,38.000000,33.000000,2784.000000,769.000000,1633.000000,233.000000,205.000000,15.000000,8.000000,18.000000,3.000000,5.000000,0.000000,6.000000,12.000000,2.000000,4.000000,0.000000,7.000000,15.000000,2.000000,5.000000,8097.000000,2266.000000,4820.000000,695.000000,601.000000,3.000000,
0.041302,0.007096,0.326788,0.015782,0.500927,-207773.697380,2.998739,2195607.000000,1874874.000000,3722527.000000,334752.000000,1282372.000000,1952.000000,539.000000,1146.000000,164.000000,144.000000,453.000000,125.000000,266.000000,38.000000,33.000000,2784.000000,769.000000,1633.000000,233.000000,205.000000,15.000000,8.000000,18.000000,3.000000,5.000000,0.000000,6.000000,12.000000,2.000000,4.000000,0.000000,7.000000,15.000000,2.000000,5.000000,8097.000000,2266.000000,4820.000000,695.000000,601.000000,3.000000,
0.041321,0.004135,0.327910,0.017319,0.504590,-207829.459609,3.002256,2195607.000000,1874874.000000,3722527.000000,334752.000000,1282372.000000,1952.000000,539.000000,1146.000000,164.000000,144.000000,453.000000,125.000000,266.000000,38.000000,33.000000,2784.000000,769.000000,1633.000000,233.000000,205.000000,15.000000,8.000000,18.000000,3.000000,5.000000,0.000000,6.000000,12.000000,2.000000,4.000000,0.000000,7.000000,15.000000,2.000000,5.000000,8097.000000,2266.000000,4820.000000,695.000000,601.000000,3.000000,
0.041321,0.004135,0.327910,0.017319,0.504590,-207829.459609,3.002256,2195607.000000,1874874.000000,3722527.000000,334752.000000,1282372.000000,1952.000000,539.000000,1146.000000,164.000000,144.000000,453.000000,125.000000,266.000000,38.000000,33.000000,2784.000000,769.000000,1633.000000,233.000000,205.000000,15.000000,8.000000,18.000000,3.000000,5.000000,0.000000,6.000000,12.000000,2.000000,4.000000,0.000000,7.000000,15.000000,2.000000,5.000000,8097.000000,2266.000000,4820.000000,695.000000,601.000000,3.000000,
0.041492,0.002318,0.319632,0.017450,0.599948,-207420.455300,2.999133,2195607.000000,1874874.000000,3722527.000000,334752.000000,1282372.000000,1952.000000,539.000000,1146.000000,164.000000,144.000000,453.000000,125.000000,266.000000,38.000000,33.000000,2784.000000,769.000000,1633.000000,233.000000,205.000000,15.000000,8.000000,18.000000,3.000000,5.000000,0.000000,6.000000,12.000000,2.000000,4.000000,0.000000,7.000000,15.000000,2.000000,5.000000,8097.000000,2266.000000,4820.000000,695.000000,601.000000,3.000000,
0.041492,0.002318,0.319632,0.017450,0.599948,-207420.455300,2.999133,2195607.000000,1874874.000000,3722527.000000,334752.000000,1282372.000000,1952.000000,539.000000,1146.000000,164.000000,144.000000,453.000000,125.000000,266.000000,38.000000,33.000000,2784.000000,769.000000,1633.000000,233.000000,205.000000,15.000000,8.000000,18.000000,3.000000,5.000000,0.000000,6.000000,12.000000,2.000000,4.000000,0.000000,7.000000,15.000000,2.000000,5.000000,8097.000000,2266.000000,4820.000000,695.000000,601.000000,3.000000,
0.041492,0.002318,0.319632,0.017450,0.599948,-207420.455300,2.999133,2195607.000000,1874874.000000,3722527.000000,334752.000000,1282372.000000,1952.000000,539.000000,1146.000000,164.000000,144.000000,453.000000,125.000000,266.000000,38.000000,33.000000,2784.000000,769.000000,1633.000000,233.000000,205.000000,15.000000,8.000000,18.000000,3.000000,5.000000,0.000000,6.000000,12.000000,2.000000,4.000000,0.000000,7.000000,15.000000,2.000000,5.000000,8097.000000,2266.000000,4820.000000,695.000000,601.000000,3.000000,
0.041540,0.001825,0.317344,0.012159,0.536512,-207308.126995,2.998378,2195607.000000,1874874.000000,3722527.000000,334752.000000,1282372.000000,1952.000000,539.000000,1146.000000,164.000000,144.000000,453.000000,125.000000,266.000000,38.000000,33.000000,2784.000000,769.000000,1633.000000,233.000000,205.000000,15.000000,8.000000,18.000000,3.000000,5.000000,0.000000,6.000000,12.000000,2.000000,4.000000,0.000000,7.000000,15.000000,2.000000,5.000000,8097.000000,2266.000000,4820.000000,695.000000,601.000000,3.000000,
0.041561,0.001387,0.316030,0.012746,0.568312,-207243.789510,2.997415,2195607.000000,1874874.000000,3722527.000000,334752.000000,1282372.000000,1952.000000,539.000000,1146.000000,164.000000,144.000000,453.000000,125.000000,266.000000,38.000000,33.000000,2784.000000,769.000000,1633.000000,233.000000,205.000000,15.000000,8.000000,18.000000,3.000000,5.000000,0.000000,6.000000,12.000000,2.000000,4.000000,0.000000,7.000000,15.000000,2.000000,5.000000,8097.000000,2266.000000,4820.000000,695.000000,601.000000,3.000000,
0.041561,0.001387,0.316030,0.012746,0.568312,-207243.789510,2.997415,2195607.000000,1874874.000000,3722527.000000,334752.000000,1282372.000000,1952.000000,539.000000,1146.000000,164.000000,144.000000,453.000000,125.000000,266.000000,38.000000,33.000000,2784.000000,769.000000,1633.000000,233.000000,205.000000,15.000000,8.000000,18.000000,3.000000,5.000000,0.000000,6.000000,12.000000,2.000000,4.000000,0.000000,7.000000,15.000000,2.000000,5.000000,8097.000000,2266.000000,4820.000000,695.000000,601.000000,3.000000,
0.041561,0.001387,0.316030,0.012746,0.568312,-207243.789510,2.997415,2195607.000000,1874874.000000,3722527.000000,334752.000000,1282372.000000,1952.000000,539.000000,1146.000000,164.000000,144.000000,453.000000,125.000000,266.000000,38.000000,33.000000,2784.000000,769.000000,1633.000000,233.000000,205.000000,15.000000,8.000000,18.000000,3.000000,5.000000,0.000000,6.000000,12.000000,2.000000,4.000000,0.000000,7.000000,15.000000,2.000000,5.000000,8097.000000,2266.000000,4820.000000,695.000000,601.000000,3.000000,
0.041553,0.002413,0.314050,0.011649,0.602979,-207146.940037,2.993094,2195607.000000,1874874.000000,3722527.000000,334752.000000,1282372.000000,1952.000000,539.000000,1146.000000,164.000000,144.000000,453.000000,125.000000,266.000000,38.000000,33.000000,2784.000000,769.000000,1633.000000,233.000000,205.000000,15.000000,8.000000,18.000000,3.000000,5.000000,0.000000,6.000000,12.000000,2.000000,4.000000,0.000000,7.000000,15.000000,2.000000,5.000000,8097.000000,2266.000000,4820.000000,695.000000,601.000000,3.000000,
0.041553,0.002413,0.314050,0.011649,0.602979,-207146.940037,2.993094,2195607.000000,1874874.000000,3722527.000000,334752.000000,1282372.000000,1952.000000,539.000000,1146.000000,164.000000,144.000000,453.000000,125.000000,266.000000,38.000000,33.000000,2784.000000,769.000000,1633.000000,233.000000,205.000000,15.000000,8.000000,18.000000,3.000000,5.000000,0.000000,6.000000,12.000000,2.000000,4.000000,0.000000,7.000000,15.000000,2.000000,5.000000,8097.000000,2266.000000,4820.000000,695.000000,601.000000,3.000000,
0.041543,0.002524,0.312886,0.008509,0.623987,-207090.127626,2.990199,2195607.000000,1874874.000000,3722527.000000,334752.000000,1282372.000000,1952.000000,539.000000,1146.000000,164.000000,144.000000,453.000000,125.000000,266.000000,38.000000,33.000000,2784.000000,769.000000,1633.000000,233.000000,205.000000,15.000000,8.000000,18.000000,3.000000,5.000000,0.000000,6.000000,12.000000,2.000000,4.000000,0.000000,7.000000,15.000000,2.000000,5.000000,8097.000000,2266.000000,4820.000000,695.000000,601.000000,3.000000,
0.041543,0.002524,0.312886,0.008509,0.623987,-207090.127626,2.990199,2195607.000000,1874874.000000,3722527.000000,334752.000000,1282372.000000,1952.000000,539.000000,1146.000000,164.000000,144.000000,453.000000,125.000000,266.000000,38.000000,33.000000,2784.000000,769.000000,1633.000000,233.000000,205.000000,15.000000,8.000000,18.000000,3.000000,5.000000,0.000000,6.000000,12.000000,2.000000,4.000000,0.000000,7.000000,15.000000,2.000000,5.000000,8097.000000,2266.000000,4820.000000,695.000000,601.000000,3.000000,
0.041543,0.002524,0.312886,0.008509,0.623987,-207090.127626,2.990199,2195607.000000,1874874.000000,3722527.000000,334752.000000,1282372.000000,1952.000000,539.000000,1146.000000,164.000000,144.000000,453.000000,125.000000,266.000000,38.000000,33.000000,2784.000000,769.000000,1633.000000,233.000000,205.000000,15.000000,8.000000,18.000000,3.000000,5.000000,0.000000,6.000000,12.000000,2.000000,4.000000,0.000000,7.000000,15.000000,2.000000,5.000000,8097.000000,2266.000000,4820.000000,695.000000,601.000000,3.000000,
0.041543,0.002524,0.312886,0.008509,0.623987,-207090.127626,2.990199,2195607.000000,1874874.000000,3722527.000000,334752.000000,1282372.000000,1952.000000,539.000000,1146.000000,164.000000,144.000000,453.000000,125.000000,266.000000,38.000000,33.000000,2784.000000,769.000000,1633.000000,233.000000,205.000000,15.000000,8.000000,18.000000,3.000000,5.000000,0.000000,6.000000,12.000000,2.000000,4.000000,0.000000,7.000000,15.000000,2.000000,5.000000,8097.000000,2266.000000,4820.000000,695.000000,601.000000,3.000000,
0.041543,0.002524,0.312886,0.008509,0.623987,-207090.127626,2.990199,2195607.000000,1874874.000000,3722527.000000,334752.000000,1282372.000000,1952.000000,539.000000,1146.000000,164.000000,144.000000,453.000000,125.000000,266.000000,38.000000,33.000000,2784.000000,769.000000,1633.000000,233.000000,205.000000,15.000000,8.000000,18.000000,3.000000,5.000000,0.000000,6.000000,12.000000,2.000000,4.000000,0.000000,7.000000,15.000000,2.000000,5.000000,8097.000000,2266.000000,4820.000000,695.000000,601.000000,3.000000,
0.041543,0.002524,0.312886,0.008509,0.623987,-207090.127626,2.990199,2195607.000000,1874874.000000,3722527.000000,334752.000000,1282372.000000,1952.000000,539.000000,1146.000000,164.000000,144.000000,453.000000,125.000000,266.000000,38.000000,33.000000,2784.000000,769.000000,1633.000000,233.000000,205.000000,15.000000,8.000000,18.000000,3.000000,5.000000,0.000000,6.000000,12.000000,2.000000,4.000000,0.000000,7.000000,15.000000,2.000000,5.000000,8097.000000,2266.000000,4820.000000,695.000000,601.000000,3.000000,
0.041543,0.002524,0.312886,0.008509,0.623987,-207090.127626,2.990199,2195607.000000,1874874.000000,3722527.000000,334752.000000,1282372.000000,1952.000000,539.000000,1146.000000,164.000000,144.000000,453.000000,125.000000,266.000000,38.000000,33.000000,2784.000000,769.000000,1633.000000,233.000000,205.000000,15.000000,8.000000,18.000000,3.000000,5.000000,0.000000,6.000000,12.000000,2.000000,4.000000,0.000000,7.000000,15.000000,2.000000,5.000000,8097.000000,2266.000000,4820.000000,695.000000,601.000000,3.000000,
0.041543,0.002524,0.312886,0.008509,0.623987,-207090.127626,2.990199,2195607.000000,1874874.000000,3722527.000000,334752.000000,1282372.000000,1952.000000,539.000000,1146.000000,164.000000,144.000000,453.000000,125.000000,266.000000,38.000000,33.000000,2784.000000,769.000000,1633.000000,233.000000,205.000000,15.000000,8.000000,18.000000,3.000000,5.000000,0.000000,6.000000,12.000000,2.000000,4.000000,0.000000,7.000000,15.000000,2.000000,5.000000,8097.000000,2266.000000,4820.000000,695.000000,601.000000,3.000000,
0.041417,0.001072,0.317470,0.007757,0.706154,-207314.081211,2.989704,2195607.000000,1874874.000000,3722527.000000,334752.000000,1282372.000000,1952.000000,539.000000,1146.000000,164.000000,144.000000,453.000000,125.000000,266.000000,38.000000,33.000000,2784.000000,769.000000,1633.000000,233.000000,205.000000,15.000000,8.000000,18.000000,3.000000,5.000000,0.000000,6.000000,12.000000,2.000000,4.000000,0.000000,7.000000,15.000000,2.000000,5.000000,8097.000000,2266.000000,4820.000000,695.000000,601.000000,3.000000,
0.041417,0.001072,0.317470,0.007757,0.706154,-207314.081211,2.989704,2195607.000000,1874874.000000,3722527.000000,334752.000000,1282372.000000,1952.000000,539.000000,1146.000000,164.000000,144.000000,453.000000,125.000000,266.000000,38.000000,33.000000,2784.000000,769.000000,1633.000000,233.000000,205.000000,15.000000,8.000000,18.000000,3.000000,5.000000,0.000000,6.000000,12.000000,2.000000,4.000000,0.000000,7.000000,15.000000,2.000000,5.000000,8097.000000,2266.000000,4820.000000,695.000000,601.000000,3.000000,
0.041417,0.001072,0.317470,0.007757,0.706154,-207314.081211,2.989704,2195607.000000,1874874.000000,3722527.000000,334752.000000,1282372.000000,1952.000000,539.000000,1146.000000,164.000000,144.000000,453.000000,125.000000,266.000000,38.000000,33.000000,2784.000000,769.000000,1633.000000,233.000000,205.000000,15.000000,8.000000,18.000000,3.000000,5.000000,0.000000,6.000000,12.000000,2.000000,4.000000,0.000000,7.000000,15.000000,2.000000,5.000000,8097.000000,2266.000000,4820.000000,695.000000,601.000000,3.000000,
0.041417,0.001072,0.317470,0.007757,0.706154,-207314.081211,2.989704,2195607.000000,1874874.000000,3722527.000000,334752.000000,1282372.000000,1952.000000,539.000000,1146.000000,164.000000,144.000000,453.000000,125.000000,266.000000,38.000000,33.000000,2784.000000,769.000000,1633.000000,233.000000,205.000000,15.000000,8.000000,18.000000,3.000000,5.000000,0.000000,6.000000,12.000000,2.000000,4.000000,0.000000,7.000000,15.000000,2.000000,5.000000,8097.000000,2266.000000,4820.000000,695.000000,601.000000,3.000000,
0.041417,0.001072,0.317470,0.007757,0.706154,-207314.081211,2.989704,2195607.000000,1874874.000000,3722527.000000,334752.000000,1282372.000000,1952.000000,539.000000,1146.000000,164.000000,144.000000,453.000000,125.000000,266.000000,38.000000,33.000000,2784.000000,769.000000,1633.000000,233.000000,205.000000,15.000000,8.000000,18.000000,3.000000,5.000000,0.000000,6.000000,12.000000,2.000000,4.000000,0.000000,7.000000,15.000000,2.000000,5.000000,8097.000000,2266.000000,4820.000000,695.000000,601.000000,3.000000,
0.041417,0.001072,0.317470,0.007757,0.706154,-207314.081211,2.989704,2195607.000000,1874874.000000,3722527.000000,334752.000000,1282372.000000,1952.000000,539.000000,1146.000000,164.000000,144.000000,453.000000,125.000000,266.000000,38.000000,33.000000,2784.000000,769.000000,1633.000000,233.000000,205.000000,15.000000,8.000000,18.000000,3.000000,5.000000,0.000000,6.000000,12.000000,2.000000,4.000000,0.000000,7.000000,15.000000,2.000000,5.000000,8097.000000,2266.000000,4820.000000,695.000000,601.000000,3.000000,
0.041417,0.001072,0.317470,0.007757,0.706154,-207314.081211,2.989704,2195607.000000,1874874.000000,3722527.000000,334752.000000,1282372.000000,1952.000000,539.000000,1146.000000,164.000000,144.000000,453.000000,125.000000,266.000000,38.000000,33.000000,2784.000000,769.000000,1633.000000,233.000000,205.000000,15.000000,8.000000,18.000000,3.000000,5.000000,0.000000,6.000000,12.000000,2.000000,4.000000,0.000000,7.000000,15.000000,2.000000,5.000000,8097.000000,2266.000000,4820.000000,695.000000,601.000000,3.000000,
0.041417,0.001072,0.317470,0.007757,0.706154,-207314.081211,2.989704,2195607.000000,1874874.000000,3722527.000000,334752.000000,1282372.000000,1952.000000,539.000000,1146.000000,164.000000,144.000000,453.000000,125.000000,266.000000,38.000000,33.000000,2784.000000,769.000000,1633.000000,233.000000,205.000000,15.000000,8.000000,18.000000,3.000000,5.000000,0.000000,6.000000,12.000000,2.000000,4.000000,0.000000,7.000000,15.000000,2.000000,5.000000,8097.000000,2266.000000,4820.000000,695.000000,601.000000,3.000000,
0.041417,0.001072,0.317470,0.007757,0.706154,-207314.081211,2.989704,2195607.000000,1874874.000000,3722527.000000,334752.000000,1282372.000000,1952.000000,539.000000,1146.000000,164.000000,144.000000,453.000000,125.000000,266.000000,38.000000,33.000000,2784.000000,769.000000,1633.000000,233.000000,205.000000,15.000000,8.000000,18.000000,3.000000,5.000000,0.000000,6.000000,12.000000,2.000000,4.000000,0.000000,7.000000,15.000000,2.000000,5.000000,8097.000000,2266.000000,4820.000000,695.000000,601.000000,3.000000,
0.041417,0.001072,0.317470,0.007757,0.706154,-207314.081211,2.989704,2195607.000000,1874874.000000,3722527.000000,334752.000000,1282372.000000,1952.000000,539.000000,1146.000000,164.000000,144.000000,453.000000,125.000000,266.000000,38.000000,33.000000,2784.000000,769.000000,1633.000000,233.000000,205.000000,15.000000,8.000000,18.000000,3.000000,5.000000,0.000000,6.000000,12.000000,2.000000,4.000000,0.000000,7.000000,15.000000,2.000000,5.000000,8097.000000,2266.000000,4820.000000,695.000000,601.000000,3.000000,
0.041417,0.001072,0.317470,0.007757,0.706154,-207314.081211,2.989704,2195607.000000,1874874.000000,3722527.000000,334752.000000,1282372.000000,1952.000000,539.000000,1146.000000,164.000000,144.000000,453.000000,125.000000,266.000000,38.000000,33.000000,2784.000000,769.000000,1633.000000,233.000000,205.000000,15.000000,8.000000,18.000000,3.000000,5.000000,0.000000,6.000000,12.000000,2.000000,4.000000,0.000000,7.000000,15.000000,2.000000,5.000000,8097.000000,2266.000000,4820.000000,695.000000,601.000000,3.000000,
0.041417,0.001072,0.317470,0.007757,0.706154,-207314.081211,2.989704,2195607.000000,1874874.000000,3722527.000000,334752.000000,1282372.000000,1952.000000,539.000000,1146.000000,164.000000,144.000000,453.000000,125.000000,266.000000,38.000000,33.000000,2784.000000,769.000000,1633.000000,233.000000,205.000000,15.000000,8.000000,18.000000,3.000000,5.000000,0.000000,6.000000,12.000000,2.000000,4.000000,0.000000,7.000000,15.000000,2.000000,5.000000,8097.000000,2266.000000,4820.000000,695.000000,601.000000,3.000000,
0.041417,0.001072,0.317470,0.007757,0.706154,-207314.081211,2.989704,2195607.000000,1874874.000000,3722527.000000,334752.000000,1282372.000000,1952.000000,539.000000,1146.000000,164.000000,144.000000,453.000000,125.000000,266.000000,38.000000,33.000000,2784.000000,769.000000,1633.000000,233.000000,205.000000,15.000000,8.000000,18.000000,3.000000,5.000000,0.000000,6.000000,12.000000,2.000000,4.000000,0.000000,7.000000,15.000000,2.000000,5.000000,8097.000000,2266.000000,4820.000000,695.000000,601.000000,3.000000,
0.041417,0.001072,0.317470,0.007757,0.706154,-207314.081211,2.989704,2195607.000000,1874874.000000,3722527.000000,334752.000000,1282372.000000,1952.000000,539.000000,1146.000000,164.000000,144.000000,453.000000,125.000000,266.000000,38.000000,33.000000,2784.000000,769.000000,1633.000000,233.000000,205.000000,15.000000,8.000000,18.000000,3.000000,5.000000,0.000000,6.000000,12.000000,2.000000,4.000000,0.000000,7.000000,15.000000,2.000000,5.000000,8097.000000,2266.000000,4820.000000,695.000000,601.000000,3.000000,
0.041417,0.001072,0.317470,0.007757,0.706154,-207314.081211,2.989704,2195607.000000,1874874.000000,3722527.000000,334752.000000,1282372.000000,1952.000000,539.000000,1146.000000,164.000000,144.000000,453.000000,125.000000,266.000000,38.000000,33.000000,2784.000000,769.000000,1633.000000,233.000000,205.000000,15.000000,8.000000,18.000000,3.000000,5.000000,0.000000,6.000000,12.000000,2.000000,4.000000,0.000000,7.000000,15.000000,2.000000,5.000000,8097.000000,2266.000000,4820.000000,695.000000,601.000000,3.000000,
0.041432,0.001364,0.314806,0.008562,0.672076,-207183.637580,2.985828,2195607.000000,1874874.000000,3722527.000000,334752.000000,1282372.000000,1952.000000,539.000000,1146.000000,164.000000,144.000000,453.000000,125.000000,266.000000,38.000000,33.000000,2784.000000,769.000000,1633.000000,233.000000,205.000000,15.000000,8.000000,18.000000,3.000000,5.000000,0.000000,6.000000,12.000000,2.000000,4.000000,0.000000,7.000000,15.000000,2.000000,5.000000,8097.000000,2266.000000,4820.000000,695.000000,601.000000,3.000000,
0.041265,0.002357,0.322120,0.004280,0.723282,-207542.599170,2.987369,2195607.000000,1874874.000000,3722527.000000,334752.000000,1282372.000000,1952.000000,539.000000,1146.000000,164.000000,144.000000,453.000000,125.000000,266.000000,38.000000,33.000000,2784.000000,769.000000,1633.000000,233.000000,205.000000,15.000000,8.000000,18.000000,3.000000,5.000000,0.000000,6.000000,12.000000,2.000000,4.000000,0.000000,7.000000,15.000000,2.000000,5.000000,8097.000000,2266.000000,4820.000000,695.000000,601.000000,3.000000,
0.041265,0.002357,0.322120,0.004280,0.723282,-207542.599170,2.987369,2195607.000000,1874874.000000,3722527.000000,334752.000000,1282372.000000,1952.000000,539.000000,1146.000000,164.000000,144.000000,453.000000,125.000000,266.000000,38.000000,33.000000,2784.000000,769.000000,1633.000000,233.000000,205.000000,15.000000,8.000000,18.000000,3.000000,5.000000,0.000000,6.000000,12.000000,2.000000,4.000000,0.000000,7.000000,15.000000,2.000000,5.000000,8097.000000,2266.000000,4820.000000,695.000000,601.000000,3.000000,
0.041265,0.002357,0.322120,0.004280,0.723282,-207542.599170,2.987369,2195607.000000,1874874.000000,3722527.000000,334752.000000,1282372.000000,1952.000000,539.000000,1146.000000,164.000000,144.000000,453.000000,125.000000,266.000000,38.000000,33.000000,2784.000000,769.000000,1633.000000,233.000000,205.000000,15.000000,8.000000,18.000000,3.000000,5.000000,0.000000,6.000000,12.000000,2.000000,4.000000,0.000000,7.000000,15.000000,2.000000,5.000000,8097.000000,2266.000000,4820.000000,695.000000,601.000000,3.000000,
0.041357,0.001295,0.318418,0.005014,0.679652,-207360.527541,2.987109,2195607.000000,1874874.000000,3722527.000000,334752.000000,1282372.000000,1952.000000,539.000000,1146.000000,164.000000,144.000000,453.000000,125.000000,266.000000,38.000000,33.000000,2784.000000,769.000000,1633.000000,233.000000,205.000000,15.000000,8.000000,18.000000,3.000000,5.000000,0.000000,6.000000,12.000000,2.000000,4.000000,0.000000,7.000000,15.000000,2.000000,5.000000,8097.000000,2266.000000,4820.000000,695.000000,601.000000,3.000000,
0.041357,0.001295,0.318418,0.005014,0.679652,-207360.527541,2.987109,2195607.000000,1874874.000000,3722527.000000,334752.000000,1282372.000000,1952.000000,539.000000,1146.000000,164.000000,144.000000,453.000000,125.000000,266.000000,38.000000,33.000000,2784.000000,769.000000,1633.000000,233.000000,205.000000,15.000000,8.000000,18.000000,3.000000,5.000000,0.000000,6.000000,12.000000,2.000000,4.000000,0.000000,7.000000,15.000000,2.000000,5.000000,8097.000000,2266.000000,4820.000000,695.000000,601.000000,3.000000,
0.041357,0.001295,0.318418,0.005014,0.679652,-207360.527541,2.987109,2195607.000000,1874874.000000,3722527.000000,334752.000000,1282372.000000,1952.000000,539.000000,1146.000000,164.000000,144.000000,453.000000,125.000000,266.000000,38.000000,33.000000,2784.000000,769.000000,1633.000000,233.000000,205.000000,15.000000,8.000000,18.000000,3.000000,5.000000,0.000000,6.000000,12.000000,2.000000,4.000000,0.000000,7.000000,15.000000,2.000000,5.000000,8097.000000,2266.000000,4820.000000,695.000000,601.000000,3.000000,
0.041357,0.001295,0.318418,0.005014,0.679652,-207360.527541,2.987109,2195607.000000,1874874.000000,3722527.000000,334752.000000,1282372.000000,1952.000000,539.000000,1146.000000,164.000000,144.000000,453.000000,125.000000,266.000000,38.000000,33.000000,2784.000000,769.000000,1633.000000,233.000000,205.000000,15.000000,8.000000,18.000000,3.000000,5.000000,0.000000,6.000000,12.000000,2.000000,4.000000,0.000000,7.000000,15.000000,2.000000,5.000000,8097.000000,2266.000000,4820.000000,695.000000,601.000000,3.000000,
0.041357,0.001295,0.318418,0.005014,0.679652,-207360.527541,2.987109,2195607.000000,1874874.000000,3722527.000000,334752.000000,1282372.000000,1952.000000,539.000000,1146.000000,164.000000,144.000000,453.000000,125.000000,266.000000,38.000000,33.000000,2784.000000,769.000000,1633.000000,233.000000,205.000000,15.000000,8.000000,18.000000,3.000000,5.000000,0.000000,6.000000,12.000000,2.000000,4.000000,0.000000,7.000000,15.000000,2.000000,5.000000,8097.000000,2266.000000,4820.000000,695.000000,601.000000,3.000000,
0.041357,0.001295,0.318418,0.005014,0.679652,-207360.527541,2.987109,2195607.000000,1874874.000000,3722527.000000,334752.000000,1282372.000000,1952.000000,539.000000,1146.000000,164.000000,144.000000,453.000000,125.000000,266.000000,38.000000,33.000000,2784.000000,769.000000,1633.000000,233.000000,205.000000,15.000000,8.000000,18.000000,3.000000,5.000000,0.000000,6.000000,12.000000,2.000000,4.000000,0.000000,7.000000,15.000000,2.000000,5.000000,8097.000000,2266.000000,4820.000000,695.000000,601.000000,3.000000,
0.041357,0.001295,0.318418,0.005014,0.679652,-207360.527541,2.987109,2195607.000000,1874874.000000,3722527.000000,334752.000000,1282372.000000,1952.000000,539.000000,1146.000000,164.000000,144.000000,453.000000,125.000000,266.000000,38.000000,33.000000,2784.000000,769.000000,1633.000000,233.000000,205.000000,15.000000,8.000000,18.000000,3.000000,5.000000,0.000000,6.000000,12.000000,2.000000,4.000000,0.000000,7.000000,15.000000,2.000000,5.000000,8097.000000,2266.000000,4820.000000,695.000000,601.000000,3.000000,
0.041357,0.001295,0.318418,0.005014,0.679652,-207360.527541,2.987109,2195607.000000,1874874.000000,3722527.000000,334752.000000,1282372.000000,1952.000000,539.000000,1146.000000,164.000000,144.000000,453.000000,125.000000,266.000000,38.000000,33.000000,2784.000000,769.000000,1633.000000,233.000000,205.000000,15.000000,8.000000,18.000000,3.000000,5.000000,0.000000,6.000000,12.000000,2.000000,4.000000,0.000000,7.000000,15.000000,2.000000,5.000000,8097.000000,2266.000000,4820.000000,695.000000,601.000000,3.000000,
0.041357,0.001295,0.318418,0.005014,0.679652,-207360.527541,2.987109,2195607.000000,1874874.000000,3722527.000000,334752.000000,1282372.000000,1952.000000,539.000000,1146.000000,164.000000,144.000000,453.000000,125.000000,266.000000,38.000000,33.000000,2784.000000,769.000000,1633.000000,233.000000,205.000000,15.000000,8.000000,18.000000,3.000000,5.000000,0.000000,6.000000,12.000000,2.000000,4.000000,0.000000,7.000000,15.000000,2.000000,5.000000,8097.000000,2266.000000,4820.000000,695.000000,601.000000,3.000000,
0.041357,0.001295,0.318418,0.005014,0.679652,-207360.527541,2.987109,2195607.000000,1874874.000000,3722527.000000,334752.000000,1282372.000000,1952.000000,539.000000,1146.000000,164.000000,144.000000,453.000000,125.000000,266.000000,38.000000,33.000000,2784.000000,769.000000,1633.000000,233.000000,205.000000,15.000000,8.000000,18.000000,3.000000,5.000000,0.000000,6.000000,12.000000,2.000000,4.000000,0.000000,7.000000,15.000000,2.000000,5.000000,8097.000000,2266.000000,4820.000000,695.000000,601.000000,3.000000,
0.041357,0.001295,0.318418,0.005014,0.679652,-207360.527541,2.987109,2195607.000000,1874874.000000,3722527.000000,334752.000000,1282372.000000,1952.000000,539.000000,1146.000000,164.000000,144.000000,453.000000,125.000000,266.000000,38.000000,33.000000,2784.000000,769.000000,1633.000000,233.000000,205.000000,15.000000,8.000000,18.000000,3.000000,5.000000,0.000000,6.000000,12.000000,2.000000,4.000000,0.000000,7.000000,15.000000,2.000000,5.000000,8097.000000,2266.000000,4820.000000,695.000000,601.000000,3.000000,
0.041357,0.001295,0.318418,0.005014,0.679652,-207360.527541,2.987109,2195607.000000,1874874.000000,3722527.000000,334752.000000,1282372.000000,1952.000000,539.000000,1146.000000,164.000000,144.000000,453.000000,125.000000,266.000000,38.000000,33.000000,2784.000000,769.000000,1633.000000,233.000000,205.000000,15.000000,8.000000,18.000000,3.000000,5.000000,0.000000,6.000000,12.000000,2.000000,4.000000,0.000000,7.000000,15.000000,2.000000,5.000000,8097.000000,2266.000000,4820.000000,695.000000,601.000000,3.000000,
0.041357,0.001295,0.318418,0.005014,0.679652,-207360.527541,2.987109,2195607.000000,1874874.000000,3722527.000000,334752.000000,1282372.000000,1952.000000,539.000000,1146.000000,164.000000,144.000000,453.000000,125.000000,266.000000,38.000000,33.000000,2784.000000,769.000000,1633.000000,233.000000,205.000000,15.000000,8.000000,18.000000,3.000000,5.000000,0.000000,6.000000,12.000000,2.000000,4.000000,0.000000,7.000000,15.000000,2.000000,5.000000,8097.000000,2266.000000,4820.000000,695.000000,601.000000,3.000000,
0.041357,0.001295,0.318418,0.005014,0.679652,-207360.527541,2.987109,2195607.000000,1874874.000000,3722527.000000,334752.000000,1282372.000000,1952.000000,539.000000,1146.000000,164.000000,144.000000,453.000000,125.000000,266.000000,38.000000,33.000000,2784.000000,769.000000,1633.000000,233.000000,205.000000,15.000000,8.000000,18.000000,3.000000,5.000000,0.000000,6.000000,12.000000,2.000000,4.000000,0.000000,7.000000,15.000000,2.000000,5.000000,8097.000000,2266.000000,4820.000000,695.000000,601.000000,3.000000,
0.041357,0.001295,0.318418,0.005014,0.679652,-207360.527541,2.987109,2195607.000000,1874874.000000,3722527.000000,334752.000000,1282372.000000,1952.000000,539.000000,1146.000000,164.000000,144.000000,453.000000,125.000000,266.000000,38.000000,33.000000,2784.000000,769.000000,1633.000000,233.000000,205.000000,15.000000,8.000000,18.000000,3.000000,5.000000,0.000000,6.000000,12.000000,2.000000,4.000000,0.000000,7.000000,15.000000,2.000000,5.000000,8097.000000,2266.000000,4820.000000,695.000000,601.000000,3.000000,
0.041357,0.001295,0.318418,0.005014,0.679652,-207360.527541,2.987109,2195607.000000,1874874.000000,3722527.000000,334752.000000,1282372.000000,1952.000000,539.000000,1146.000000,164.000000,144.000000,453.000000,125.000000,266.000000,38.000000,33.000000,2784.000000,769.000000,1633.000000,233.000000,205.000000,15.000000,8.000000,18.000000,3.000000,5.000000,0.000000,6.000000,12.000000,2.000000,4.000000,0.000000,7.000000,15.000000,2.000000,5.000000,8097.000000,2266.000000,4820.000000,695.000000,601.000000,3.000000,
0.041457,0.001013,0.315069,0.006898,0.709339,-207196.580154,2.988090,2195607.000000,1874874.000000,3722527.000000,334752.000000,1282372.000000,1952.000000,539.000000,1146.000000,164.000000,144.000000,453.000000,125.000000,266.000000,38.000000,33.000000,2784.000000,769.000000,1633.000000,233.000000,205.000000,15.000000,8.000000,18.000000,3.000000,5.000000,0.000000,6.000000,12.000000,2.000000,4.000000,0.000000,7.000000,15.000000,2.000000,5.000000,8097.000000,2266.000000,4820.000000,695.000000,601.000000,3.000000,
0.041457,0.001013,0.315069,0.006898,0.709339,-207196.580154,2.988090,2195607.000000,1874874.000000,3722527.000000,334752.000000,1282372.000000,1952.000000,539.000000,1146.000000,164.000000,144.000000,453.000000,125.000000,266.000000,38.000000,33.000000,2784.000000,769.000000,1633.000000,233.000000,205.000000,15.000000,8.000000,18.000000,3.000000,5.000000,0.000000,6.000000,12.000000,2.000000,4.000000,0.000000,7.000000,15.000000,2.000000,5.000000,8097.000000,2266.000000,4820.000000,695.000000,601.000000,3.000000,
0.041457,0.001013,0.315069,0.006898,0.709339,-207196.580154,2.988090,2195607.000000,1874874.000000,3722527.000000,334752.000000,1282372.000000,1952.000000,539.000000,1146.000000,164.000000,144.000000,453.000000,125.000000,266.000000,38.000000,33.000000,2784.000000,769.000000,1633.000000,233.000000,205.000000,15.000000,8.000000,18.000000,3.000000,5.000000,0.000000,6.000000,12.000000,2.000000,4.000000,0.000000,7.000000,15.000000,2.000000,5.000000,8097.000000,2266.000000,4820.000000,695.000000,601.000000,3.000000,
0.041457,0.001013,0.315069,0.006898,0.709339,-207196.580154,2.988090,2195607.000000,1874874.000000,3722527.000000,334752.000000,1282372.000000,1952.000000,539.000000,1146.000000,164.000000,144.000000,453.000000,125.000000,266.000000,38.000000,33.000000,2784.000000,769.000000,1633.000000,233.000000,205.000000,15.000000,8.000000,18.000000,3.000000,5.000000,0.000000,6.000000,12.000000,2.000000,4.000000,0.000000,7.000000,15.000000,2.000000,5.000000,8097.000000,2266.000000,4820.000000,695.000000,601.000000,3.000000,
0.041457,0.001013,0.315069,0.006898,0.709339,-207196.580154,2.988090,2195607.000000,1874874.000000,3722527.000000,334752.000000,1282372.000000,1952.000000,539.000000,1146.000000,164.000000,144.000000,453.000000,125.000000,266.000000,38.000000,33.000000,2784.000000,769.000000,1633.000000,233.000000,205.000000,15.000000,8.000000,18.000000,3.000000,5.000000,0.000000,6.000000,12.000000,2.000000,4.000000,0.000000,7.000000,15.000000,2.000000,5.000000,8097.000000,2266.000000,4820.000000,695.000000,601.000000,3.000000,
0.041457,0.001013,0.315069,0.006898,0.709339,-207196.580154,2.988090,2195607.000000,1874874.000000,3722527.000000,334752.000000,1282372.000000,1952.000000,539.000000,1146.000000,164.000000,144.000000,453.000000,125.000000,266.000000,38.000000,33.000000,2784.000000,769.000000,1633.000000,233.000000,205.000000,15.000000,8.000000,18.000000,3.000000,5.000000,0.000000,6.000000,12.000000,2.000000,4.000000,0.000000,7.000000,15.000000,2.000000,5.000000,8097.000000,2266.000000,4820.000000,695.000000,601.000000,3.000000,
0.041457,0.001013,0.315069,0.006898,0.709339,-207196.580154,2.988090,2195607.000000,1874874.000000,3722527.000000,334752.000000,1282372.000000,1952.000000,539.000000,1146.000000,164.000000,144.000000,453.000000,125.000000,266.000000,38.000000,33.000000,2784.000000,769.000000,1633.000000,233.000000,205.000000,15.000000,8.000000,18.000000,3.000000,5.000000,0.000000,6.000000,12.000000,2.000000,4.000000,0.000000,7.000000,15.000000,2.000000,5.000000,8097.000000,2266.000000,4820.000000,695.000000,601.000000,3.000000,
0.041457,0.001013,0.315069,0.006898,0.709339,-207196.580154,2.988090,2195607.000000,1874874.000000,3722527.000000,334752.000000,1282372.000000,1952.000000,539.000000,1146.000000,164.000000,144.000000,453.000000,125.000000,266.000000,38.000000,33.000000,2784.000000,769.000000,1633.000000,233.000000,205.000000,15.000000,8.000000,18.000000,3.000000,5.000000,0.000000,6.000000,12.000000,2.000000,4.000000,0.000000,7.000000,15.000000,2.000000,5.000000,8097.000000,2266.000000,4820.000000,695.000000,601.000000,3.000000,
0.041457,0.001013,0.315069,0.006898,0.709339,-207196.580154,2.988090,2195607.000000,1874874.000000,3722527.000000,334752.000000,1282372.000000,1952.000000,539.000000,1146.000000,164.000000,144.000000,453.000000,125.000000,266.000000,38.000000,33.000000,2784.000000,769.000000,1633.000000,233.000000,205.000000,15.000000,8.000000,18.000000,3.000000,5.000000,0.000000,6.000000,12.000000,2.000000,4.000000,0.000000,7.000000,15.000000,2.000000,5.000000,8097.000000,2266.000000,4820.000000,695.000000,601.000000,3.000000,
0.041457,0.001013,0.315069,0.006898,0.709339,-207196.580154,2.988090,2195607.000000,1874874.000000,3722527.000000,334752.000000,1282372.000000,1952.000000,539.000000,1146.000000,164.000000,144.000000,453.000000,125.000000,266.000000,38.000000,33.000000,2784.000000,769.000000,1633.000000,233.000000,205.000000,15.000000,8.000000,18.000000,3.000000,5.000000,0.000000,6.000000,12.000000,2.000000,4.000000,0.000000,7.000000,15.000000,2.000000,5.000000,8097.000000,2266.000000,4820.000000,695.000000,601.000000,3.000000,
0.041457,0.001013,0.315069,0.006898,0.709339,-207196.580154,2.988090,2195607.000000,1874874.000000,3722527.000000,334752.000000,1282372.000000,1952.000000,539.000000,1146.000000,164.000000,144.000000,453.000000,125.000000,266.000000,38.000000,33.000000,2784.000000,769.000000,1633.000000,233.000000,205.000000,15.000000,8.000000,18.000000,3.000000,5.000000,0.000000,6.000000,12.000000,2.000000,4.000000,0.000000,7.000000,15.000000,2.000000,5.000000,8097.000000,2266.000000,4820.000000,695.000000,601.000000,3.000000,
0.041457,0.001013,0.315069,0.006898,0.709339,-207196.580154,2.988090,2195607.000000,1874874.000000,3722527.000000,334752.000000,1282372.000000,1952.000000,539.000000,1146.000000,164.000000,144.000000,453.000000,125.000000,266.000000,38.000000,33.000000,2784.000000,769.000000,1633.000000,233.000000,205.000000,15.000000,8.000000,18.000000,3.000000,5.000000,0.000000,6.000000,12.000000,2.000000,4.000000,0.000000,7.000000,15.000000,2.000000,5.000000,8097.000000,2266.000000,4820.000000,695.000000,601.000000,3.000000,
0.041457,0.001013,0.315069,0.006898,0.709339,-207196.580154,2.988090,2195607.000000,1874874.000000,3722527.000000,334752.000000,1282372.000000,1952.000000,539.000000,1146.000000,164.000000,144.000000,453.000000,125.000000,266.000000,38.000000,33.000000,2784.000000,769.000000,1633.000000,233.000000,205.000000,15.000000,8.000000,18.000000,3.000000,5.000000,0.000000,6.000000,12.000000,2.000000,4.000000,0.000000,7.000000,15.000000,2.000000,5.000000,8097.000000,2266.000000,4820.000000,695.000000,601.000000,3.000000,
0.041457,0.001013,0.315069,0.006898,0.709339,-207196.580154,2.988090,2195607.000000,1874874.000000,3722527.000000,334752.000000,1282372.000000,1952.000000,539.000000,1146.000000,164.000000,144.000000,453.000000,125.000000,266.000000,38.000000,33.000000,2784.000000,769.000000,1633.000000,233.000000,205.000000,15.000000,8.000000,18.000000,3.000000,5.000000,0.000000,6.000000,12.000000,2.000000,4.000000,0.000000,7.000000,15.000000,2.000000,5.000000,8097.000000,2266.000000,4820.000000,695.000000,601.000000,3.000000,
0.041457,0.001013,0.315069,0.006898,0.709339,-207196.580154,2.988090,2195607.000000,1874874.000000,3722527.000000,334752.000000,1282372.000000,1952.000000,539.000000,1146.000000,164.000000,144.000000,453.000000,125.000000,266.000000,38.000000,33.000000,2784.000000,769.000000,1633.000000,233.000000,205.000000,15.000000,8.000000,18.000000,3.000000,5.000000,0.000000,6.000000,12.000000,2.000000,4.000000,0.000000,7.000000,15.000000,2.000000,5.000000,8097.000000,2266.000000,4820.000000,695.000000,601.000000,3.000000,
0.041457,0.001013,0.315069,0.006898,0.709339,-207196.580154,2.988090,2195607.000000,1874874.000000,3722527.000000,334752.000000,1282372.000000,1952.000000,539.000000,1146.000000,164.000000,144.000000,453.000000,125.000000,266.000000,38.000000,33.000000,2784.000000,769.000000,1633.000000,233.000000,205.000000,15.000000,8.000000,18.000000,3.000000,5.000000,0.000000,6.000000,12.000000,2.000000,4.000000,0.000000,7.000000,15.000000,2.000000,5.000000,8097.000000,2266.000000,4820.000000,695.000000,601.000000,3.000000,
0.041457,0.001013,0.315069,0.006898,0.709339,-207196.580154,2.988090,2195607.000000,1874874.000000,3722527.000000,334752.000000,1282372.000000,1952.000000,539.000000,1146.000000,164.000000,144.000000,453.000000,125.000000,266.000000,38.000000,33.000000,2784.000000,769.000000,1633.000000,233.000000,205.000000,15.000000,8.000000,18.000000,3.000000,5.000000,0.000000,6.000000,12.000000,2.000000,4.000000,0.000000,7.000000,15.000000,2.000000,5.000000,8097.000000,2266.000000,4820.000000,695.000000,601.000000,3.000000,
0.041457,0.001013,0.315069,0.006898,0.709339,-207196.580154,2.988090,2195607.000000,1874874.000000,3722527.000000,334752.000000,1282372.000000,1952.000000,539.000000,1146.000000,164.000000,144.000000,453.000000,125.000000,266.000000,38.000000,33.000000,2784.000000,769.000000,1633.000000,233.000000,205.000000,15.000000,8.000000,18.000000,3.000000,5.000000,0.000000,6.000000,12.000000,2.000000,4.000000,0.000000,7.000000,15.000000,2.000000,5.000000,8097.000000,2266.000000,4820.000000,695.000000,601.000000,3.000000,
0.041540,0.001526,0.309779,0.012262,0.649319,-206938.892944,2.984178,2195607.000000,1874874.000000,3722527.000000,334752.000000,1282372.000000,1952.000000,539.000000,1146.000000,164.000000,144.000000,453.000000,125.000000,266.000000,38.000000,33.000000,2784.000000,769.000000,1633.000000,233.000000,205.000000,15.000000,8.000000,18.000000,3.000000,5.000000,0.000000,6.000000,12.000000,2.000000,4.000000,0.000000,7.000000,15.000000,2.000000,5.000000,8097.000000,2266.000000,4820.000000,695.000000,601.000000,3.000000,
0.041540,0.001526,0.309779,0.012262,0.649319,-206938.892944,2.984178,2195607.000000,1874874.000000,3722527.000000,334752.000000,1282372.000000,1952.000000,539.000000,1146.000000,164.000000,144.000000,453.000000,125.000000,266.000000,38.000000,33.000000,2784.000000,769.000000,1633.000000,233.000000,205.000000,15.000000,8.000000,18.000000,3.000000,5.000000,0.000000,6.000000,12.000000,2.000000,4.000000,0.000000,7.000000,15.000000,2.000000,5.000000,8097.000000,2266.000000,4820.000000,695.000000,601.000000,3.000000,
0.041540,0.001526,0.309779,0.012262,0.649319,-206938.892944,2.984178,2195607.000000,1874874.000000,3722527.000000,334752.000000,1282372.000000,1952.000000,539.000000,1146.000000,164.000000,144.000000,453.000000,125.000000,266.000000,38.000000,33.000000,2784.000000,769.000000,1633.000000,233.000000,205.000000,15.000000,8.000000,18.000000,3.000000,5.000000,0.000000,6.000000,12.000000,2.000000,4.000000,0.000000,7.000000,15.000000,2.000000,5.000000,8097.000000,2266.000000,4820.000000,695.000000,601.000000,3.000000,
0.041540,0.001526,0.309779,0.012262,0.649319,-206938.892944,2.984178,2195607.000000,1874874.000000,3722527.000000,334752.000000,1282372.000000,1952.000000,539.000000,1146.000000,164.000000,144.000000,453.000000,125.000000,266.000000,38.000000,33.000000,2784.000000,769.000000,1633.000000,233.000000,205.000000,15.000000,8.000000,18.000000,3.000000,5.000000,0.000000,6.000000,12.000000,2.000000,4.000000,0.000000,7.000000,15.000000,2.000000,5.000000,8097.000000,2266.000000,4820.000000,695.000000,601.000000,3.000000,
0.041540,0.001526,0.309779,0.012262,0.649319,-206938.892944,2.984178,2195607.000000,1874874.000000,3722527.000000,334752.000000,1282372.000000,1952.000000,539.000000,1146.000000,164.000000,144.000000,453.000000,125.000000,266.000000,38.000000,33.000000,2784.000000,769.000000,1633.000000,233.000000,205.000000,15.000000,8.000000,18.000000,3.000000,5.000000,0.000000,6.000000,12.000000,2.000000,4.000000,0.000000,7.000000,15.000000,2.000000,5.000000,8097.000000,2266.000000,4820.000000,695.000000,601.000000,3.000000,
0.041665,0.002957,0.305010,0.014056,0.609328,-206708.153520,2.984172,2195607.000000,1874874.000000,3722527.000000,334752.000000,1282372.000000,1952.000000,539.000000,1146.000000,164.000000,144.000000,453.000000,125.000000,266.000000,38.000000,33.000000,2784.000000,769.000000,1633.000000,233.000000,205.000000,15.000000,8.000000,18.000000,3.000000,5.000000,0.000000,6.000000,12.000000,2.000000,4.000000,0.000000,7.000000,15.000000,2.000000,5.000000,8097.000000,2266.000000,4820.000000,695.000000,601.000000,3.000000,
0.041665,0.002957,0.305010,0.014056,0.609328,-206708.153520,2.984172,2195607.000000,1874874.000000,3722527.000000,334752.000000,1282372.000000,1952.000000,539.000000,1146.000000,164.000000,144.000000,453.000000,125.000000,266.000000,38.000000,33.000000,2784.000000,769.000000,1633.000000,233.000000,205.000000,15.000000,8.000000,18.000000,3.000000,5.000000,0.000000,6.000000,12.000000,2.000000,4.000000,0.000000,7.000000,15.000000,2.000000,5.000000,8097.000000,2266.000000,4820.000000,695.000000,601.000000,3.000000,
0.041665,0.002957,0.305010,0.014056,0.609328,-206708.153520,2.984172,2195607.000000,1874874.000000,3722527.000000,334752.000000,1282372.000000,1952.000000,539.000000,1146.000000,164.000000,144.000000,453.000000,125.000000,266.000000,38.000000,33.000000,2784.000000,769.000000,1633.000000,233.000000,205.000000,15.000000,8.000000,18.000000,3.000000,5.000000,0.000000,6.000000,12.000000,2.000000,4.000000,0.000000,7.000000,15.000000,2.000000,5.000000,8097.000000,2266.000000,4820.000000,695.000000,601.000000,3.000000,
0.041665,0.002957,0.305010,0.014056,0.609328,-206708.153520,2.984172,2195607.000000,1874874.000000,3722527.000000,334752.000000,1282372.000000,1952.000000,539.000000,1146.000000,164.000000,144.000000,453.000000,125.000000,266.000000,38.000000,33.000000,2784.000000,769.000000,1633.000000,233.000000,205.000000,15.000000,8.000000,18.000000,3.000000,5.000000,0.000000,6.000000,12.000000,2.000000,4.000000,0.000000,7.000000,15.000000,2.000000,5.000000,8097.000000,2266.000000,4820.000000,695.000000,601.000000,3.000000,
0.041665,0.002957,0.305010,0.014056,0.609328,-206708.153520,2.984172,2195607.000000,1874874.000000,3722527.000000,334752.000000,1282372.000000,1952.000000,539.000000,1146.000000,164.000000,144.000000,453.000000,125.000000,266.000000,38.000000,33.000000,2784.000000,769.000000,1633.000000,233.000000,205.000000,15.000000,8.000000,18.000000,3.000000,5.000000,0.000000,6.000000,12.000000,2.000000,4.000000,0.000000,7.000000,15.000000,2.000000,5.000000,8097.000000,2266.000000,4820.000000,695.000000,601.000000,3.000000,
0.041431,0.003740,0.313720,0.013374,0.640082,-207130.587221,2.983691,2195607.000000,1874874.000000,3722527.000000,334752.000000,1282372.000000,1952.000000,539.000000,1146.000000,164.000000,144.000000,453.000000,125.000000,266.000000,38.000000,33.000000,2784.000000,769.000000,1633.000000,233.000000,205.000000,15.000000,8.000000,18.000000,3.000000,5.000000,0.000000,6.000000,12.000000,2.000000,4.000000,0.000000,7.000000,15.000000,2.000000,5.000000,8097.000000,2266.000000,4820.000000,695.000000,601.000000,3.000000,
0.041431,0.003740,0.313720,0.013374,0.640082,-207130.587221,2.983691,2195607.000000,1874874.000000,3722527.000000,334752.000000,1282372.000000,1952.000000,539.000000,1146.000000,164.000000,144.000000,453.000000,125.000000,266.000000,38.000000,33.000000,2784.000000,769.000000,1633.000000,233.000000,205.000000,15.000000,8.000000,18.000000,3.000000,5.000000,0.000000,6.000000,12.000000,2.000000,4.000000,0.000000,7.000000,15.000000,2.000000,5.000000,8097.000000,2266.000000,4820.000000,695.000000,601.000000,3.000000,
0.041431,0.003740,0.313720,0.013374,0.640082,-207130.587221,2.983691,2195607.000000,1874874.000000,3722527.000000,334752.000000,1282372.000000,1952.000000,539.000000,1146.000000,164.000000,144.000000,453.000000,125.000000,266.000000,38.000000,33.000000,2784.000000,769.000000,1633.000000,233.000000,205.000000,15.000000,8.000000,18.000000,3.000000,5.000000,0.000000,6.000000,12.000000,2.000000,4.000000,0.000000,7.000000,15.000000,2.000000,5.000000,8097.000000,2266.000000,4820.000000,695.000000,601.000000,3.000000,
0.041421,0.006880,0.314115,0.013826,0.674557,-207149.878278,2.983691,2195607.000000,1874874.000000,3722527.000000,334752.000000,1282372.000000,1952.000000,539.000000,1146.000000,164.000000,144.000000,453.000000,125.000000,266.000000,38.000000,33.000000,2784.000000,769.000000,1633.000000,233.000000,205.000000,15.000000,8.000000,18.000000,3.000000,5.000000,0.000000,6.000000,12.000000,2.000000,4.000000,0.000000,7.000000,15.000000,2.000000,5.000000,8097.000000,2266.000000,4820.000000,695.000000,601.000000,3.000000,
0.041456,0.009906,0.313936,0.023342,0.570540,-207141.202303,2.985918,2195607.000000,1874874.000000,3722527.000000,334752.000000,1282372.000000,1952.000000,539.000000,1146.000000,164.000000,144.000000,453.000000,125.000000,266.000000,38.000000,33.000000,2784.000000,769.000000,1633.000000,233.000000,205.000000,15.000000,8.000000,18.000000,3.000000,5.000000,0.000000,6.000000,12.000000,2.000000,4.000000,0.000000,7.000000,15.000000,2.000000,5.000000,8097.000000,2266.000000,4820.000000,695.000000,601.000000,3.000000,
0.041363,0.016335,0.319293,0.021456,0.479896,-207403.516021,2.989241,2195607.000000,1874874.000000,3722527.000000,334752.000000,1282372.000000,1952.000000,539.000000,1146.000000,164.000000,144.000000,453.000000,125.000000,266.000000,38.000000,33.000000,2784.000000,769.000000,1633.000000,233.000000,205.000000,15.000000,8.000000,18.000000,3.000000,5.000000,0.000000,6.000000,12.000000,2.000000,4.000000,0.000000,7.000000,15.000000,2.000000,5.000000,8097.000000,2266.000000,4820.000000,695.000000,601.000000,3.000000,
0.041363,0.016335,0.319293,0.021456,0.479896,-207403.516021,2.989241,2195607.000000,1874874.000000,3722527.000000,334752.000000,1282372.000000,1952.000000,539.000000,1146.000000,164.000000,144.000000,453.000000,125.000000,266.000000,38.000000,33.000000,2784.000000,769.000000,1633.000000,233.000000,205.000000,15.000000,8.000000,18.000000,3.000000,5.000000,0.000000,6.000000,12.000000,2.000000,4.000000,0.000000,7.000000,15.000000,2.000000,5.000000,8097.000000,2266.000000,4820.000000,695.000000,601.000000,3.000000,
0.041396,0.019183,0.321818,0.012890,0.727760,-207527.956649,2.996336,2195607.000000,1874874.000000,3722527.000000,334752.000000,1282372.000000,1952.000000,539.000000,1146.000000,164.000000,144.000000,453.000000,125.000000,266.000000,38.000000,33.000000,2784.000000,769.000000,1633.000000,233.000000,205.000000,15.000000,8.000000,18.000000,3.000000,5.000000,0.000000,6.000000,12.000000,2.000000,4.000000,0.000000,7.000000,15.000000,2.000000,5.000000,8097.000000,2266.000000,4820.000000,695.000000,601.000000,3.000000,
0.041396,0.019183,0.321818,0.012890,0.727760,-207527.956649,2.996336,2195607.000000,1874874.000000,3722527.000000,334752.000000,1282372.000000,1952.000000,539.000000,1146.000000,164.000000,144.000000,453.000000,125.000000,266.000000,38.000000,33.000000,2784.000000,769.000000,1633.000000,233.000000,205.000000,15.000000,8.000000,18.000000,3.000000,5.000000,0.000000,6.000000,12.000000,2.000000,4.000000,0.000000,7.000000,15.000000,2.000000,5.000000,8097.000000,2266.000000,4820.000000,695.000000,601.000000,3.000000,
0.041396,0.019183,0.321818,0.012890,0.727760,-207527.956649,2.996336,2195607.000000,1874874.000000,3722527.000000,334752.000000,1282372.000000,1952.000000,539.000000,1146.000000,164.000000,144.000000,453.000000,125.000000,266.000000,38.000000,33.000000,2784.000000,769.000000,1633.000000,233.000000,205.000000,15.000000,8.000000,18.000000,3.000000,5.000000,0.000000,6.000000,12.000000,2.000000,4.000000,0.000000,7.000000,15.000000,2.000000,5.000000,8097.000000,2266.000000,4820.000000,695.000000,601.000000,3.000000,
0.041396,0.019183,0.321818,0.012890,0.727760,-207527.956649,2.996336,2195607.000000,1874874.000000,3722527.000000,334752.000000,1282372.000000,1952.000000,539.000000,1146.000000,164.000000,144.000000,453.000000,125.000000,266.000000,38.000000,33.000000,2784.000000,769.000000,1633.000000,233.000000,205.000000,15.000000,8.000000,18.000000,3.000000,5.000000,0.000000,6.000000,12.000000,2.000000,4.000000,0.000000,7.000000,15.000000,2.000000,5.000000,8097.000000,2266.000000,4820.000000,695.000000,601.000000,3.000000,
0.041396,0.019183,0.321818,0.012890,0.727760,-207527.956649,2.996336,2195607.000000,1874874.000000,3722527.000000,334752.000000,1282372.000000,1952.000000,539.000000,1146.000000,164.000000,144.000000,453.000000,125.000000,266.000000,38.000000,33.000000,2784.000000,769.000000,1633.000000,233.000000,205.000000,15.000000,8.000000,18.000000,3.000000,5.000000,0.000000,6.000000,12.000000,2.000000,4.000000,0.000000,7.000000,15.000000,2.000000,5.000000,8097.000000,2266.000000,4820.000000,695.000000,601.000000,3.000000,
0.041382,0.008035,0.322128,0.012359,0.594719,-207543.220649,2.995883,2195607.000000,1874874.000000,3722527.000000,334752.000000,1282372.000000,1952.000000,539.000000,1146.000000,164.000000,144.000000,453.000000,125.000000,266.000000,38.000000,33.000000,2784.000000,769.000000,1633.000000,233.000000,205.000000,15.000000,8.000000,18.000000,3.000000,5.000000,0.000000,6.000000,12.000000,2.000000,4.000000,0.000000,7.000000,15.000000,2.000000,5.000000,8097.000000,2266.000000,4820.000000,695.000000,601.000000,3.000000,
0.041328,0.012681,0.326155,0.016698,0.605329,-207742.364705,2.999449,2195607.000000,1874874.000000,3722527.000000,334752.000000,1282372.000000,1952.000000,539.000000,1146.000000,164.000000,144.000000,453.000000,125.000000,266.000000,38.000000,33.000000,2784.000000,769.000000,1633.000000,233.000000,205.000000,15.000000,8.000000,18.000000,3.000000,5.000000,0.000000,6.000000,12.000000,2.000000,4.000000,0.000000,7.000000,15.000000,2.000000,5.000000,8097.000000,2266.000000,4820.000000,695.000000,601.000000,3.000000,
0.041290,0.013855,0.325944,0.024813,0.601714,-207731.797041,2.996363,2195607.000000,1874874.000000,3722527.000000,334752.000000,1282372.000000,1952.000000,539.000000,1146.000000,164.000000,144.000000,453.000000,125.000000,266.000000,38.000000,33.000000,2784.000000,769.000000,1633.000000,233.000000,205.000000,15.000000,8.000000,18.000000,3.000000,5.000000,0.000000,6.000000,12.000000,2.000000,4.000000,0.000000,7.000000,15.000000,2.000000,5.000000,8097.000000,2266.000000,4820.000000,695.000000,601.000000,3.000000,
0.041290,0.013855,0.325944,0.024813,0.601714,-207731.797041,2.996363,2195607.000000,1874874.000000,3722527.000000,334752.000000,1282372.000000,1952.000000,539.000000,1146.000000,164.000000,144.000000,453.000000,125.000000,266.000000,38.000000,33.000000,2784.000000,769.000000,1633.000000,233.000000,205.000000,15.000000,8.000000,18.000000,3.000000,5.000000,0.000000,6.000000,12.000000,2.000000,4.000000,0.000000,7.000000,15.000000,2.000000,5.000000,8097.000000,2266.000000,4820.000000,695.000000,601.000000,3.000000,
0.041355,0.022095,0.318937,0.017176,0.645927,-207386.005031,2.987959,2195607.000000,1874874.000000,3722527.000000,334752.000000,1282372.000000,1952.000000,539.000000,1146.000000,164.000000,144.000000,453.000000,125.000000,266.000000,38.000000,33.000000,2784.000000,769.000000,1633.000000,233.000000,205.000000,15.000000,8.000000,18.000000,3.000000,5.000000,0.000000,6.000000,12.000000,2.000000,4.000000,0.000000,7.000000,15.000000,2.000000,5.000000,8097.000000,2266.000000,4820.000000,695.000000,601.000000,3.000000,
0.041355,0.022095,0.318937,0.017176,0.645927,-207386.005031,2.987959,2195607.000000,1874874.000000,3722527.000000,334752.000000,1282372.000000,1952.000000,539.000000,1146.000000,164.000000,144.000000,453.000000,125.000000,266.000000,38.000000,33.000000,2784.000000,769.000000,1633.000000,233.000000,205.000000,15.000000,8.000000,18.000000,3.000000,5.000000,0.000000,6.000000,12.000000,2.000000,4.000000,0.000000,7.000000,15.000000,2.000000,5.000000,8097.000000,2266.000000,4820.000000,695.000000,601.000000,3.000000,
0.041355,0.022095,0.318937,0.017176,0.645927,-207386.005031,2.987959,2195607.000000,1874874.000000,3722527.000000,334752.000000,1282372.000000,1952.000000,539.000000,1146.000000,164.000000,144.000000,453.000000,125.000000,266.000000,38.000000,33.000000,2784.000000,769.000000,1633.000000,233.000000,205.000000,15.000000,8.000000,18.000000,3.000000,5.000000,0.000000,6.000000,12.000000,2.000000,4.000000,0.000000,7.000000,15.000000,2.000000,5.000000,8097.000000,2266.000000,4820.000000,695.000000,601.000000,3.000000,
0.041355,0.022095,0.318937,0.017176,0.645927,-207386.005031,2.987959,2195607.000000,1874874.000000,3722527.000000,334752.000000,1282372.000000,1952.000000,539.000000,1146.000000,164.000000,144.000000,453.000000,125.000000,266.000000,38.000000,33.000000,2784.000000,769.000000,1633.000000,233.000000,205.000000,15.000000,8.000000,18.000000,3.000000,5.000000,0.000000,6.000000,12.000000,2.000000,4.000000,0.000000,7.000000,15.000000,2.000000,5.000000,8097.000000,2266.000000,4820.000000,695.000000,601.000000,3.000000,
0.041355,0.022095,0.318937,0.017176,0.645927,-207386.005031,2.987959,2195607.000000,1874874.000000,3722527.000000,334752.000000,1282372.000000,1952.000000,539.000000,1146.000000,164.000000,144.000000,453.000000,125.000000,266.000000,38.000000,33.000000,2784.000000,769.000000,1633.000000,233.000000,205.000000,15.000000,8.000000,18.000000,3.000000,5.000000,0.000000,6.000000,12.000000,2.000000,4.000000,0.000000,7.000000,15.000000,2.000000,5.000000,8097.000000,2266.000000,4820.000000,695.000000,601.000000,3.000000,
0.041137,0.015271,0.331307,0.007633,0.629480,-207998.375391,2.995215,2195607.000000,1874874.000000,3722527.000000,334752.000000,1282372.000000,1952.000000,539.000000,1146.000000,164.000000,144.000000,453.000000,125.000000,266.000000,38.000000,33.000000,2784.000000,769.000000,1633.000000,233.000000,205.000000,15.000000,8.000000,18.000000,3.000000,5.000000,0.000000,6.000000,12.000000,2.000000,4.000000,0.000000,7.000000,15.000000,2.000000,5.000000,8097.000000,2266.000000,4820.000000,695.000000,601.000000,3.000000,
0.041137,0.015271,0.331307,0.007633,0.629480,-207998.375391,2.995215,2195607.000000,1874874.000000,3722527.000000,334752.000000,1282372.000000,1952.000000,539.000000,1146.000000,164.000000,144.000000,453.000000,125.000000,266.000000,38.000000,33.000000,2784.000000,769.000000,1633.000000,233.000000,205.000000,15.000000,8.000000,18.000000,3.000000,5.000000,0.000000,6.000000,12.000000,2.000000,4.000000,0.000000,7.000000,15.000000,2.000000,5.000000,8097.000000,2266.000000,4820.000000,695.000000,601.000000,3.000000,
0.041137,0.015271,0.331307,0.007633,0.629480,-207998.375391,2.995215,2195607.000000,1874874.000000,3722527.000000,334752.000000,1282372.000000,1952.000000,539.000000,1146.000000,164.000000,144.000000,453.000000,125.000000,266.000000,38.000000,33.000000,2784.000000,769.000000,1633.000000,233.000000,205.000000,15.000000,8.000000,18.000000,3.000000,5.000000,0.000000,6.000000,12.000000,2.000000,4.000000,0.000000,7.000000,15.000000,2.000000,5.000000,8097.000000,2266.000000,4820.000000,695.000000,601.000000,3.000000,
0.041137,0.015271,0.331307,0.007633,0.629480,-207998.375391,2.995215,2195607.000000,1874874.000000,3722527.000000,334752.000000,1282372.000000,1952.000000,539.000000,1146.000000,164.000000,144.000000,453.000000,125.000000,266.000000,38.000000,33.000000,2784.000000,769.000000,1633.000000,233.000000,205.000000,15.000000,8.000000,18.000000,3.000000,5.000000,0.000000,6.000000,12.000000,2.000000,4.000000,0.000000,7.000000,15.000000,2.000000,5.000000,8097.000000,2266.000000,4820.000000,695.000000,601.000000,3.000000,
0.041137,0.015271,0.331307,0.007633,0.629480,-207998.375391,2.995215,2195607.000000,1874874.000000,3722527.000000,334752.000000,1282372.000000,1952.000000,539.000000,1146.000000,164.000000,144.000000,453.000000,125.000000,266.000000,38.000000,33.000000,2784.000000,769.000000,1633.000000,233.000000,205.000000,15.000000,8.000000,18.000000,3.000000,5.000000,0.000000,6.000000,12.000000,2.000000,4.000000,0.000000,7.000000,15.000000,2.000000,5.000000,8097.000000,2266.000000,4820.000000,695.000000,601.000000,3.000000,
0.041137,0.015271,0.331307,0.007633,0.629480,-207998.375391,2.995215,2195607.000000,1874874.000000,3722527.000000,334752.000000,1282372.000000,1952.000000,539.000000,1146.000000,164.000000,144.000000,453.000000,125.000000,266.000000,38.000000,33.000000,2784.000000,769.000000,1633.000000,233.000000,205.000000,15.000000,8.000000,18.000000,3.000000,5.000000,0.000000,6.000000,12.000000,2.000000,4.000000,0.000000,7.000000,15.000000,2.000000,5.000000,8097.000000,2266.000000,4820.000000,695.000000,601.000000,3.000000,
0.041137,0.015271,0.331307,0.007633,0.629480,-207998.375391,2.995215,2195607.000000,1874874.000000,3722527.000000,334752.000000,1282372.000000,1952.000000,539.000000,1146.000000,164.000000,144.000000,453.000000,125.000000,266.000000,38.000000,33.000000,2784.000000,769.000000,1633.000000,233.000000,205.000000,15.000000,8.000000,18.000000,3.000000,5.000000,0.000000,6.000000,12.000000,2.000000,4.000000,0.000000,7.000000,15.000000,2.000000,5.000000,8097.000000,2266.000000,4820.000000,695.000000,601.000000,3.000000,
0.041135,0.018621,0.331168,0.004896,0.585033,-207991.437055,2.994753,2195607.000000,1874874.000000,3722527.000000,334752.000000,1282372.000000,1952.000000,539.000000,1146.000000,164.000000,144.000000,453.000000,125.000000,266.000000,38.000000,33.000000,2784.000000,769.000000,1633.000000,233.000000,205.000000,15.000000,8.000000,18.000000,3.000000,5.000000,0.000000,6.000000,12.000000,2.000000,4.000000,0.000000,7.000000,15.000000,2.000000,5.000000,8097.000000,2266.000000,4820.000000,695.000000,601.000000,3.000000,
0.041135,0.018621,0.331168,0.004896,0.585033,-207991.437055,2.994753,2195607.000000,1874874.000000,3722527.000000,334752.000000,1282372.000000,1952.000000,539.000000,1146.000000,164.000000,144.000000,453.000000,125.000000,266.000000,38.000000,33.000000,2784.000000,769.000000,1633.000000,233.000000,205.000000,15.000000,8.000000,18.000000,3.000000,5.000000,0.000000,6.000000,12.000000,2.000000,4.000000,0.000000,7.000000,15.000000,2.000000,5.000000,8097.000000,2266.000000,4820.000000,695.000000,601.000000,3.000000,
0.041135,0.018621,0.331168,0.004896,0.585033,-207991.437055,2.994753,2195607.000000,1874874.000000,3722527.000000,334752.000000,1282372.000000,1952.000000,539.000000,1146.000000,164.000000,144.000000,453.000000,125.000000,266.000000,38.000000,33.000000,2784.000000,769.000000,1633.000000,233.000000,205.000000,15.000000,8.000000,18.000000,3.000000,5.000000,0.000000,6.000000,12.000000,2.000000,4.000000,0.000000,7.000000,15.000000,2.000000,5.000000,8097.000000,2266.000000,4820.000000,695.000000,601.000000,3.000000,
0.041135,0.018621,0.331168,0.004896,0.585033,-207991.437055,2.994753,2195607.000000,1874874.000000,3722527.000000,334752.000000,1282372.000000,1952.000000,539.000000,1146.000000,164.000000,144.000000,453.000000,125.000000,266.000000,38.000000,33.000000,2784.000000,769.000000,1633.000000,233.000000,205.000000,15.000000,8.000000,18.000000,3.000000,5.000000,0.000000,6.000000,12.000000,2.000000,4.000000,0.000000,7.000000,15.000000,2.000000,5.000000,8097.000000,2266.000000,4820.000000,695.000000,601.000000,3.000000,
0.041135,0.018621,0.331168,0.004896,0.585033,-207991.437055,2.994753,2195607.000000,1874874.000000,3722527.000000,334752.000000,1282372.000000,1952.000000,539.000000,1146.000000,164.000000,144.000000,453.000000,125.000000,266.000000,38.000000,33.000000,2784.000000,769.000000,1633.000000,233.000000,205.000000,15.000000,8.000000,18.000000,3.000000,5.000000,0.000000,6.000000,12.000000,2.000000,4.000000,0.000000,7.000000,15.000000,2.000000,5.000000,8097.000000,2266.000000,4820.000000,695.000000,601.000000,3.000000,
0.041135,0.018621,0.331168,0.004896,0.585033,-207991.437055,2.994753,2195607.000000,1874874.000000,3722527.000000,334752.000000,1282372.000000,1952.000000,539.000000,1146.000000,164.000000,144.000000,453.000000,125.000000,266.000000,38.000000,33.000000,2784.000000,769.000000,1633.000000,233.000000,205.000000,15.000000,8.000000,18.000000,3.000000,5.000000,0.000000,6.000000,12.000000,2.000000,4.000000,0.000000,7.000000,15.000000,2.000000,5.000000,8097.000000,2266.000000,4820.000000,695.000000,601.000000,3.000000,
0.041135,0.018621,0.331168,0.004896,0.585033,-207991.437055,2.994753,2195607.000000,1874874.000000,3722527.000000,334752.000000,1282372.000000,1952.000000,539.000000,1146.000000,164.000000,144.000000,453.000000,125.000000,266.000000,38.000000,33.000000,2784.000000,769.000000,1633.000000,233.000000,205.000000,15.000000,8.000000,18.000000,3.000000,5.000000,0.000000,6.000000,12.000000,2.000000,4.000000,0.000000,7.000000,15.000000,2.000000,5.000000,8097.000000,2266.000000,4820.000000,695.000000,601.000000,3.000000,
0.041135,0.018621,0.331168,0.004896,0.585033,-207991.437055,2.994753,2195607.000000,1874874.000000,3722527.000000,334752.000000,1282372.000000,1952.000000,539.000000,1146.000000,164.000000,144.000000,453.000000,125.000000,266.000000,38.000000,33.000000,2784.000000,769.000000,1633.000000,233.000000,205.000000,15.000000,8.000000,18.000000,3.000000,5.000000,0.000000,6.000000,12.000000,2.000000,4.000000,0.000000,7.000000,15.000000,2.000000,5.000000,8097.000000,2266.000000,4820.000000,695.000000,601.000000,3.000000,
0.041135,0.018621,0.331168,0.004896,0.585033,-207991.437055,2.994753,2195607.000000,1874874.000000,3722527.000000,334752.000000,1282372.000000,1952.000000,539.000000,1146.000000,164.000000,144.000000,453.000000,125.000000,266.000000,38.000000,33.000000,2784.000000,769.000000,1633.000000,233.000000,205.000000,15.000000,8.000000,18.000000,3.000000,5.000000,0.000000,6.000000,12.000000,2.000000,4.000000,0.000000,7.000000,15.000000,2.000000,5.000000,8097.000000,2266.000000,4820.000000,695.000000,601.000000,3.000000,
0.041135,0.018621,0.331168,0.004896,0.585033,-207991.437055,2.994753,2195607.000000,1874874.000000,3722527.000000,334752.000000,1282372.000000,1952.000000,539.000000,1146.000000,164.000000,144.000000,453.000000,125.000000,266.000000,38.000000,33.000000,2784.000000,769.000000,1633.000000,233.000000,205.000000,15.000000,8.000000,18.000000,3.000000,5.000000,0.000000,6.000000,12.000000,2.000000,4.000000,0.000000,7.000000,15.000000,2.000000,5.000000,8097.000000,2266.000000,4820.000000,695.000000,601.000000,3.000000,
0.041135,0.018621,0.331168,0.004896,0.585033,-207991.437055,2.994753,2195607.000000,1874874.000000,3722527.000000,334752.000000,1282372.000000,1952.000000,539.000000,1146.000000,164.000000,144.000000,453.000000,125.000000,266.000000,38.000000,33.000000,2784.000000,769.000000,1633.000000,233.000000,205.000000,15.000000,8.000000,18.000000,3.000000,5.000000,0.000000,6.000000,12.000000,2.000000,4.000000,0.000000,7.000000,15.000000,2.000000,5.000000,8097.000000,2266.000000,4820.000000,695.000000,601.000000,3.000000,
0.041378,0.002681,0.326153,0.010503,0.669656,-207742.341394,3.003139,2195607.000000,1874874.000000,3722527.000000,334752.000000,1282372.000000,1952.000000,539.000000,1146.000000,164.000000,144.000000,453.000000,125.000000,266.000000,38.000000,33.000000,2784.000000,769.000000,1633.000000,233.000000,205.000000,15.000000,8.000000,18.000000,3.000000,5.000000,0.000000,6.000000,12.000000,2.000000,4.000000,0.000000,7.000000,15.000000,2.000000,5.000000,8097.000000,2266.000000,4820.000000,695.000000,601.000000,3.000000,
0.041378,0.002681,0.326153,0.010503,0.669656,-207742.341394,3.003139,2195607.000000,1874874.000000,3722527.000000,334752.000000,1282372.000000,1952.000000,539.000000,1146.000000,164.000000,144.000000,453.000000,125.000000,266.000000,38.000000,33.000000,2784.000000,769.000000,1633.000000,233.000000,205.000000,15.000000,8.000000,18.000000,3.000000,5.000000,0.000000,6.000000,12.000000,2.000000,4.000000,0.000000,7.000000,15.000000,2.000000,5.000000,8097.000000,2266.000000,4820.000000,695.000000,601.000000,3.000000,
0.041378,0.002681,0.326153,0.010503,0.669656,-207742.341394,3.003139,2195607.000000,1874874.000000,3722527.000000,334752.000000,1282372.000000,1952.000000,539.000000,1146.000000,164.000000,144.000000,453.000000,125.000000,266.000000,38.000000,33.000000,2784.000000,769.000000,1633.000000,233.000000,205.000000,15.000000,8.000000,18.000000,3.000000,5.000000,0.000000,6.000000,12.000000,2.000000,4.000000,0.000000,7.000000,15.000000,2.000000,5.000000,8097.000000,2266.000000,4820.000000,695.000000,601.000000,3.000000,
0.041378,0.002681,0.326153,0.010503,0.669656,-207742.341394,3.003139,2195607.000000,1874874.000000,3722527.000000,334752.000000,1282372.000000,1952.000000,539.000000,1146.000000,164.000000,144.000000,453.000000,125.000000,266.000000,38.000000,33.000000,2784.000000,769.000000,1633.000000,233.000000,205.000000,15.000000,8.000000,18.000000,3.000000,5.000000,0.000000,6.000000,12.000000,2.000000,4.000000,0.000000,7.000000,15.000000,2.000000,5.000000,8097.000000,2266.000000,4820.000000,695.000000,601.000000,3.000000,
0.041240,0.002262,0.332813,0.009830,0.528677,-208073.843291,3.005483,2195607.000000,1874874.000000,3722527.000000,334752.000000,1282372.000000,1952.000000,539.000000,1146.000000,164.000000,144.000000,453.000000,125.000000,266.000000,38.000000,33.000000,2784.000000,769.000000,1633.000000,233.000000,205.000000,15.000000,8.000000,18.000000,3.000000,5.000000,0.000000,6.000000,12.000000,2.000000,4.000000,0.000000,7.000000,15.000000,2.000000,5.000000,8097.000000,2266.000000,4820.000000,695.000000,601.000000,3.000000,
0.041240,0.002262,0.332813,0.009830,0.528677,-208073.843291,3.005483,2195607.000000,1874874.000000,3722527.000000,334752.000000,1282372.000000,1952.000000,539.000000,1146.000000,164.000000,144.000000,453.000000,125.000000,266.000000,38.000000,33.000000,2784.000000,769.000000,1633.000000,233.000000,205.000000,15.000000,8.000000,18.000000,3.000000,5.000000,0.000000,6.000000,12.000000,2.000000,4.000000,0.000000,7.000000,15.000000,2.000000,5.000000,8097.000000,2266.000000,4820.000000,695.000000,601.000000,3.000000,
0.041240,0.002262,0.332813,0.009830,0.528677,-208073.843291,3.005483,2195607.000000,1874874.000000,3722527.000000,334752.000000,1282372.000000,1952.000000,539.000000,1146.000000,164.000000,144.000000,453.000000,125.000000,266.000000,38.000000,33.000000,2784.000000,769.000000,1633.000000,233.000000,205.000000,15.000000,8.000000,18.000000,3.000000,5.000000,0.000000,6.000000,12.000000,2.000000,4.000000,0.000000,7.000000,15.000000,2.000000,5.000000,8097.000000,2266.000000,4820.000000,695.000000,601.000000,3.000000,
0.041240,0.002262,0.332813,0.009830,0.528677,-208073.843291,3.005483,2195607.000000,1874874.000000,3722527.000000,334752.000000,1282372.000000,1952.000000,539.000000,1146.000000,164.000000,144.000000,453.000000,125.000000,266.000000,38.000000,33.000000,2784.000000,769.000000,1633.000000,233.000000,205.000000,15.000000,8.000000,18.000000,3.000000,5.000000,0.000000,6.000000,12.000000,2.000000,4.000000,0.000000,7.000000,15.000000,2.000000,5.000000,8097.000000,2266.000000,4820.000000,695.000000,601.000000,3.000000,
0.041240,0.002262,0.332813,0.009830,0.528677,-208073.843291,3.005483,2195607.000000,1874874.000000,3722527.000000,334752.000000,1282372.000000,1952.000000,539.000000,1146.000000,164.000000,144.000000,453.000000,125.000000,266.000000,38.000000,33.000000,2784.000000,769.000000,1633.000000,233.000000,205.000000,15.000000,8.000000,18.000000,3.000000,5.000000,0.000000,6.000000,12.000000,2.000000,4.000000,0.000000,7.000000,15.000000,2.000000,5.000000,8097.000000,2266.000000,4820.000000,695.000000,601.000000,3.000000,
0.041240,0.002262,0.332813,0.009830,0.528677,-208073.843291,3.005483,2195607.000000,1874874.000000,3722527.000000,334752.000000,1282372.000000,1952.000000,539.000000,1146.000000,164.000000,144.000000,453.000000,125.000000,266.000000,38.000000,33.000000,2784.000000,769.000000,1633.000000,233.000000,205.000000,15.000000,8.000000,18.000000,3.000000,5.000000,0.000000,6.000000,12.000000,2.000000,4.000000,0.000000,7.000000,15.000000,2.000000,5.000000,8097.000000,2266.000000,4820.000000,695.000000,601.000000,3.000000,
0.041240,0.002262,0.332813,0.009830,0.528677,-208073.843291,3.005483,2195607.000000,1874874.000000,3722527.000000,334752.000000,1282372.000000,1952.000000,539.000000,1146.000000,164.000000,144.000000,453.000000,125.000000,266.000000,38.000000,33.000000,2784.000000,769.000000,1633.000000,233.000000,205.000000,15.000000,8.000000,18.000000,3.000000,5.000000,0.000000,6.000000,12.000000,2.000000,4.000000,0.000000,7.000000,15.000000,2.000000,5.000000,8097.000000,2266.000000,4820.000000,695.000000,601.000000,3.000000,
0.041240,0.002262,0.332813,0.009830,0.528677,-208073.843291,3.005483,2195607.000000,1874874.000000,3722527.000000,334752.000000,1282372.000000,1952.000000,539.000000,1146.000000,164.000000,144.000000,453.000000,125.000000,266.000000,38.000000,33.000000,2784.000000,769.000000,1633.000000,233.000000,205.000000,15.000000,8.000000,18.000000,3.000000,5.000000,0.000000,6.000000,12.000000,2.000000,4.000000,0.000000,7.000000,15.000000,2.000000,5.000000,8097.000000,2266.000000,4820.000000,695.000000,601.000000,3.000000,
0.041790,0.003649,0.315874,0.001749,0.625911,-207236.595324,3.013602,2195607.000000,1874874.000000,3722527.000000,334752.000000,1282372.000000,1952.000000,539.000000,1146.000000,164.000000,144.000000,453.000000,125.000000,266.000000,38.000000,33.000000,2784.000000,769.000000,1633.000000,233.000000,205.000000,15.000000,8.000000,18.000000,3.000000,5.000000,0.000000,6.000000,12.000000,2.000000,4.000000,0.000000,7.000000,15.000000,2.000000,5.000000,8097.000000,2266.000000,4820.000000,695.000000,601.000000,3.000000,
0.041918,0.002971,0.313196,0.002802,0.563160,-207105.967044,3.017815,2195607.000000,1874874.000000,3722527.000000,334752.000000,1282372.000000,1952.000000,539.000000,1146.000000,164.000000,144.000000,453.000000,125.000000,266.000000,38.000000,33.000000,2784.000000,769.000000,1633.000000,233.000000,205.000000,15.000000,8.000000,18.000000,3.000000,5.000000,0.000000,6.000000,12.000000,2.000000,4.000000,0.000000,7.000000,15.000000,2.000000,5.000000,8097.000000,2266.000000,4820.000000,695.000000,601.000000,3.000000,
0.041918,0.002971,0.313196,0.002802,0.563160,-207105.967044,3.017815,2195607.000000,1874874.000000,3722527.000000,334752.000000,1282372.000000,1952.000000,539.000000,1146.000000,164.000000,144.000000,453.000000,125.000000,266.000000,38.000000,33.000000,2784.000000,769.000000,1633.000000,233.000000,205.000000,15.000000,8.000000,18.000000,3.000000,5.000000,0.000000,6.000000,12.000000,2.000000,4.000000,0.000000,7.000000,15.000000,2.000000,5.000000,8097.000000,2266.000000,4820.000000,695.000000,601.000000,3.000000,
0.041918,0.002971,0.313196,0.002802,0.563160,-207105.967044,3.017815,2195607.000000,1874874.000000,3722527.000000,334752.000000,1282372.000000,1952.000000,539.000000,1146.000000,164.000000,144.000000,453.000000,125.000000,266.000000,38.000000,33.000000,2784.000000,769.000000,1633.000000,233.000000,205.000000,15.000000,8.000000,18.000000,3.000000,5.000000,0.000000,6.000000,12.000000,2.000000,4.000000,0.000000,7.000000,15.000000,2.000000,5.000000,8097.000000,2266.000000,4820.000000,695.000000,601.000000,3.000000,
0.041918,0.002971,0.313196,0.002802,0.563160,-207105.967044,3.017815,2195607.000000,1874874.000000,3722527.000000,334752.000000,1282372.000000,1952.000000,539.000000,1146.000000,164.000000,144.000000,453.000000,125.000000,266.000000,38.000000,33.000000,2784.000000,769.000000,1633.000000,233.000000,205.000000,15.000000,8.000000,18.000000,3.000000,5.000000,0.000000,6.000000,12.000000,2.000000,4.000000,0.000000,7.000000,15.000000,2.000000,5.000000,8097.000000,2266.000000,4820.000000,695.000000,601.000000,3.000000,
0.041918,0.002971,0.313196,0.002802,0.563160,-207105.967044,3.017815,2195607.000000,1874874.000000,3722527.000000,334752.000000,1282372.000000,1952.000000,539.000000,1146.000000,164.000000,144.000000,453.000000,125.000000,266.000000,38.000000,33.000000,2784.000000,769.000000,1633.000000,233.000000,205.000000,15.000000,8.000000,18.000000,3.000000,5.000000,0.000000,6.000000,12.000000,2.000000,4.000000,0.000000,7.000000,15.000000,2.000000,5.000000,8097.000000,2266.000000,4820.000000,695.000000,601.000000,3.000000,
0.041918,0.002971,0.313196,0.002802,0.563160,-207105.967044,3.017815,2195607.000000,1874874.000000,3722527.000000,334752.000000,1282372.000000,1952.000000,539.000000,1146.000000,164.000000,144.000000,453.000000,125.000000,266.000000,38.000000,33.000000,2784.000000,769.000000,1633.000000,233.000000,205.000000,15.000000,8.000000,18.000000,3.000000,5.000000,0.000000,6.000000,12.000000,2.000000,4.000000,0.000000,7.000000,15.000000,2.000000,5.000000,8097.000000,2266.000000,4820.000000,695.000000,601.000000,3.000000,
0.041918,0.002971,0.313196,0.002802,0.563160,-207105.967044,3.017815,2195607.000000,1874874.000000,3722527.000000,334752.000000,1282372.000000,1952.000000,539.000000,1146.000000,164.000000,144.000000,453.000000,125.000000,266.000000,38.000000,33.000000,2784.000000,769.000000,1633.000000,233.000000,205.000000,15.000000,8.000000,18.000000,3.000000,5.000000,0.000000,6.000000,12.000000,2.000000,4.000000,0.000000,7.000000,15.000000,2.000000,5.000000,8097.000000,2266.000000,4820.000000,695.000000,601.000000,3.000000,
0.041881,0.002441,0.316353,0.003660,0.603482,-207260.201657,3.021076,2195607.000000,1874874.000000,3722527.000000,334752.000000,1282372.000000,1952.000000,539.000000,1146.000000,164.000000,144.000000,453.000000,125.000000,266.000000,38.000000,33.000000,2784.000000,769.000000,1633.000000,233.000000,205.000000,15.000000,8.000000,18.000000,3.000000,5.000000,0.000000,6.000000,12.000000,2.000000,4.000000,0.000000,7.000000,15.000000,2.000000,5.000000,8097.000000,2266.000000,4820.000000,695.000000,601.000000,3.000000,
0.041881,0.002441,0.316353,0.003660,0.603482,-207260.201657,3.021076,2195607.000000,1874874.000000,3722527.000000,334752.000000,1282372.000000,1952.000000,539.000000,1146.000000,164.000000,144.000000,453.000000,125.000000,266.000000,38.000000,33.000000,2784.000000,769.000000,1633.000000,233.000000,205.000000,15.000000,8.000000,18.000000,3.000000,5.000000,0.000000,6.000000,12.000000,2.000000,4.000000,0.000000,7.000000,15.000000,2.000000,5.000000,8097.000000,2266.000000,4820.000000,695.000000,601.000000,3.000000,
0.041881,0.002441,0.316353,0.003660,0.603482,-207260.201657,3.021076,2195607.000000,1874874.000000,3722527.000000,334752.000000,1282372.000000,1952.000000,539.000000,1146.000000,164.000000,144.000000,453.000000,125.000000,266.000000,38.000000,33.000000,2784.000000,769.000000,1633.000000,233.000000,205.000000,15.000000,8.000000,18.000000,3.000000,5.000000,0.000000,6.000000,12.000000,2.000000,4.000000,0.000000,7.000000,15.000000,2.000000,5.000000,8097.000000,2266.000000,4820.000000,695.000000,601.000000,3.000000,
0.041881,0.002441,0.316353,0.003660,0.603482,-207260.201657,3.021076,2195607.000000,1874874.000000,3722527.000000,334752.000000,1282372.000000,1952.000000,539.000000,1146.000000,164.000000,144.000000,453.000000,125.000000,266.000000,38.000000,33.000000,2784.000000,769.000000,1633.000000,233.000000,205.000000,15.000000,8.000000,18.000000,3.000000,5.000000,0.000000,6.000000,12.000000,2.000000,4.000000,0.000000,7.000000,15.000000,2.000000,5.000000,8097.000000,2266.000000,4820.000000,695.000000,601.000000,3.000000,
0.041699,0.001145,0.326230,0.003354,0.595559,-207746.756422,3.026532,2195607.000000,1874874.000000,3722527.000000,334752.000000,1282372.000000,1952.000000,539.000000,1146.000000,164.000000,144.000000,453.000000,125.000000,266.000000,38.000000,33.000000,2784.000000,769.000000,1633.000000,233.000000,205.000000,15.000000,8.000000,18.000000,3.000000,5.000000,0.000000,6.000000,12.000000,2.000000,4.000000,0.000000,7.000000,15.000000,2.000000,5.000000,8097.000000,2266.000000,4820.000000,695.000000,601.000000,3.000000,
0.041699,0.001145,0.326230,0.003354,0.595559,-207746.756422,3.026532,2195607.000000,1874874.000000,3722527.000000,334752.000000,1282372.000000,1952.000000,539.000000,1146.000000,164.000000,144.000000,453.000000,125.000000,266.000000,38.000000,33.000000,2784.000000,769.000000,1633.000000,233.000000,205.000000,15.000000,8.000000,18.000000,3.000000,5.000000,0.000000,6.000000,12.000000,2.000000,4.000000,0.000000,7.000000,15.000000,2.000000,5.000000,8097.000000,2266.000000,4820.000000,695.000000,601.000000,3.000000,
0.041699,0.001145,0.326230,0.003354,0.595559,-207746.756422,3.026532,2195607.000000,1874874.000000,3722527.000000,334752.000000,1282372.000000,1952.000000,539.000000,1146.000000,164.000000,144.000000,453.000000,125.000000,266.000000,38.000000,33.000000,2784.000000,769.000000,1633.000000,233.000000,205.000000,15.000000,8.000000,18.000000,3.000000,5.000000,0.000000,6.000000,12.000000,2.000000,4.000000,0.000000,7.000000,15.000000,2.000000,5.000000,8097.000000,2266.000000,4820.000000,695.000000,601.000000,3.000000,
0.041699,0.001145,0.326230,0.003354,0.595559,-207746.756422,3.026532,2195607.000000,1874874.000000,3722527.000000,334752.000000,1282372.000000,1952.000000,539.000000,1146.000000,164.000000,144.000000,453.000000,125.000000,266.000000,38.000000,33.000000,2784.000000,769.000000,1633.000000,233.000000,205.000000,15.000000,8.000000,18.000000,3.000000,5.000000,0.000000,6.000000,12.000000,2.000000,4.000000,0.000000,7.000000,15.000000,2.000000,5.000000,8097.000000,2266.000000,4820.000000,695.000000,601.000000,3.000000,
0.041699,0.001145,0.326230,0.003354,0.595559,-207746.756422,3.026532,2195607.000000,1874874.000000,3722527.000000,334752.000000,1282372.000000,1952.000000,539.000000,1146.000000,164.000000,144.000000,453.000000,125.000000,266.000000,38.000000,33.000000,2784.000000,769.000000,1633.000000,233.000000,205.000000,15.000000,8.000000,18.000000,3.000000,5.000000,0.000000,6.000000,12.000000,2.000000,4.000000,0.000000,7.000000,15.000000,2.000000,5.000000,8097.000000,2266.000000,4820.000000,695.000000,601.000000,3.000000,
0.041699,0.001145,0.326230,0.003354,0.595559,-207746.756422,3.026532,2195607.000000,1874874.000000,3722527.000000,334752.000000,1282372.000000,1952.000000,539.000000,1146.000000,164.000000,144.000000,453.000000,125.000000,266.000000,38.000000,33.000000,2784.000000,769.000000,1633.000000,233.000000,205.000000,15.000000,8.000000,18.000000,3.000000,5.000000,0.000000,6.000000,12.000000,2.000000,4.000000,0.000000,7.000000,15.000000,2.000000,5.000000,8097.000000,2266.000000,4820.000000,695.000000,601.000000,3.000000,
0.041699,0.001145,0.326230,0.003354,0.595559,-207746.756422,3.026532,2195607.000000,1874874.000000,3722527.000000,334752.000000,1282372.000000,1952.000000,539.000000,1146.000000,164.000000,144.000000,453.000000,125.000000,266.000000,38.000000,33.000000,2784.000000,769.000000,1633.000000,233.000000,205.000000,15.000000,8.000000,18.000000,3.000000,5.000000,0.000000,6.000000,12.000000,2.000000,4.000000,0.000000,7.000000,15.000000,2.000000,5.000000,8097.000000,2266.000000,4820.000000,695.000000,601.000000,3.000000,
0.041699,0.001145,0.326230,0.003354,0.595559,-207746.756422,3.026532,2195607.000000,1874874.000000,3722527.000000,334752.000000,1282372.000000,1952.000000,539.000000,1146.000000,164.000000,144.000000,453.000000,125.000000,266.000000,38.000000,33.000000,2784.000000,769.000000,1633.000000,233.000000,205.000000,15.000000,8.000000,18.000000,3.000000,5.000000,0.000000,6.000000,12.000000,2.000000,4.000000,0.000000,7.000000,15.000000,2.000000,5.000000,8097.000000,2266.000000,4820.000000,695.000000,601.000000,3.000000,
0.041699,0.001145,0.326230,0.003354,0.595559,-207746.756422,3.026532,2195607.000000,1874874.000000,3722527.000000,334752.000000,1282372.000000,1952.000000,539.000000,1146.000000,164.000000,144.000000,453.000000,125.000000,266.000000,38.000000,33.000000,2784.000000,769.000000,1633.000000,233.000000,205.000000,15.000000,8.000000,18.000000,3.000000,5.000000,0.000000,6.000000,12.000000,2.000000,4.000000,0.000000,7.000000,15.000000,2.000000,5.000000,8097.000000,2266.000000,4820.000000,695.000000,601.000000,3.000000,
0.041699,0.001145,0.326230,0.003354,0.595559,-207746.756422,3.026532,2195607.000000,1874874.000000,3722527.000000,334752.000000,1282372.000000,1952.000000,539.000000,1146.000000,164.000000,144.000000,453.000000,125.000000,266.000000,38.000000,33.000000,2784.000000,769.000000,1633.000000,233.000000,205.000000,15.000000,8.000000,18.000000,3.000000,5.000000,0.000000,6.000000,12.000000,2.000000,4.000000,0.000000,7.000000,15.000000,2.000000,5.000000,8097.000000,2266.000000,4820.000000,695.000000,601.000000,3.000000,
0.041699,0.001145,0.326230,0.003354,0.595559,-207746.756422,3.026532,2195607.000000,1874874.000000,3722527.000000,334752.000000,1282372.000000,1952.000000,539.000000,1146.000000,164.000000,144.000000,453.000000,125.000000,266.000000,38.000000,33.000000,2784.000000,769.000000,1633.000000,233.000000,205.000000,15.000000,8.000000,18.000000,3.000000,5.000000,0.000000,6.000000,12.000000,2.000000,4.000000,0.000000,7.000000,15.000000,2.000000,5.000000,8097.000000,2266.000000,4820.000000,695.000000,601.000000,3.000000,
0.041699,0.001145,0.326230,0.003354,0.595559,-207746.756422,3.026532,2195607.000000,1874874.000000,3722527.000000,334752.000000,1282372.000000,1952.000000,539.000000,1146.000000,164.000000,144.000000,453.000000,125.000000,266.000000,38.000000,33.000000,2784.000000,769.000000,1633.000000,233.000000,205.000000,15.000000,8.000000,18.000000,3.000000,5.000000,0.000000,6.000000,12.000000,2.000000,4.000000,0.000000,7.000000,15.000000,2.000000,5.000000,8097.000000,2266.000000,4820.000000,695.000000,601.000000,3.000000,
0.041699,0.001145,0.326230,0.003354,0.595559,-207746.756422,3.026532,2195607.000000,1874874.000000,3722527.000000,334752.000000,1282372.000000,1952.000000,539.000000,1146.000000,164.000000,144.000000,453.000000,125.000000,266.000000,38.000000,33.000000,2784.000000,769.000000,1633.000000,233.000000,205.000000,15.000000,8.000000,18.000000,3.000000,5.000000,0.000000,6.000000,12.000000,2.000000,4.000000,0.000000,7.000000,15.000000,2.000000,5.000000,8097.000000,2266.000000,4820.000000,695.000000,601.000000,3.000000,
0.041620,0.001695,0.323963,0.005122,0.685961,-207634.330649,3.016581,2195607.000000,1874874.000000,3722527.000000,334752.000000,1282372.000000,1952.000000,539.000000,1146.000000,164.000000,144.000000,453.000000,125.000000,266.000000,38.000000,33.000000,2784.000000,769.000000,1633.000000,233.000000,205.000000,15.000000,8.000000,18.000000,3.000000,5.000000,0.000000,6.000000,12.000000,2.000000,4.000000,0.000000,7.000000,15.000000,2.000000,5.000000,8097.000000,2266.000000,4820.000000,695.000000,601.000000,3.000000,
0.041620,0.001695,0.323963,0.005122,0.685961,-207634.330649,3.016581,2195607.000000,1874874.000000,3722527.000000,334752.000000,1282372.000000,1952.000000,539.000000,1146.000000,164.000000,144.000000,453.000000,125.000000,266.000000,38.000000,33.000000,2784.000000,769.000000,1633.000000,233.000000,205.000000,15.000000,8.000000,18.000000,3.000000,5.000000,0.000000,6.000000,12.000000,2.000000,4.000000,0.000000,7.000000,15.000000,2.000000,5.000000,8097.000000,2266.000000,4820.000000,695.000000,601.000000,3.000000,
0.041620,0.001695,0.323963,0.005122,0.685961,-207634.330649,3.016581,2195607.000000,1874874.000000,3722527.000000,334752.000000,1282372.000000,1952.000000,539.000000,1146.000000,164.000000,144.000000,453.000000,125.000000,266.000000,38.000000,33.000000,2784.000000,769.000000,1633.000000,233.000000,205.000000,15.000000,8.000000,18.000000,3.000000,5.000000,0.000000,6.000000,12.000000,2.000000,4.000000,0.000000,7.000000,15.000000,2.000000,5.000000,8097.000000,2266.000000,4820.000000,695.000000,601.000000,3.000000,
0.041620,0.001695,0.323963,0.005122,0.685961,-207634.330649,3.016581,2195607.000000,1874874.000000,3722527.000000,334752.000000,1282372.000000,1952.000000,539.000000,1146.000000,164.000000,144.000000,453.000000,125.000000,266.000000,38.000000,33.000000,2784.000000,769.000000,1633.000000,233.000000,205.000000,15.000000,8.000000,18.000000,3.000000,5.000000,0.000000,6.000000,12.000000,2.000000,4.000000,0.000000,7.000000,15.000000,2.000000,5.000000,8097.000000,2266.000000,4820.000000,695.000000,601.000000,3.000000,
0.041791,0.001967,0.318123,0.017034,0.453606,-207346.832422,3.017929,2195607.000000,1874874.000000,3722527.000000,334752.000000,1282372.000000,1952.000000,539.000000,1146.000000,164.000000,144.000000,453.000000,125.000000,266.000000,38.000000,33.000000,2784.000000,769.000000,1633.000000,233.000000,205.000000,15.000000,8.000000,18.000000,3.000000,5.000000,0.000000,6.000000,12.000000,2.000000,4.000000,0.000000,7.000000,15.000000,2.000000,5.000000,8097.000000,2266.000000,4820.000000,695.000000,601.000000,3.000000,
0.041967,0.001451,0.308513,0.008466,0.624955,-206878.236203,3.012466,2195607.000000,1874874.000000,3722527.000000,334752.000000,1282372.000000,1952.000000,539.000000,1146.000000,164.000000,144.000000,453.000000,125.000000,266.000000,38.000000,33.000000,2784.000000,769.000000,1633.000000,233.000000,205.000000,15.000000,8.000000,18.000000,3.000000,5.000000,0.000000,6.000000,12.000000,2.000000,4.000000,0.000000,7.000000,15.000000,2.000000,5.000000,8097.000000,2266.000000,4820.000000,695.000000,601.000000,3.000000,
0.041967,0.001451,0.308513,0.008466,0.624955,-206878.236203,3.012466,2195607.000000,1874874.000000,3722527.000000,334752.000000,1282372.000000,1952.000000,539.000000,1146.000000,164.000000,144.000000,453.000000,125.000000,266.000000,38.000000,33.000000,2784.000000,769.000000,1633.000000,233.000000,205.000000,15.000000,8.000000,18.000000,3.000000,5.000000,0.000000,6.000000,12.000000,2.000000,4.000000,0.000000,7.000000,15.000000,2.000000,5.000000,8097.000000,2266.000000,4820.000000,695.000000,601.000000,3.000000,
0.041962,0.001379,0.310522,0.009568,0.534402,-206975.785017,3.015858,2195607.000000,1874874.000000,3722527.000000,334752.000000,1282372.000000,1952.000000,539.000000,1146.000000,164.000000,144.000000,453.000000,125.000000,266.000000,38.000000,33.000000,2784.000000,769.000000,1633.000000,233.000000,205.000000,15.000000,8.000000,18.000000,3.000000,5.000000,0.000000,6.000000,12.000000,2.000000,4.000000,0.000000,7.000000,15.000000,2.000000,5.000000,8097.000000,2266.000000,4820.000000,695.000000,601.000000,3.000000,
0.041962,0.001379,0.310522,0.009568,0.534402,-206975.785017,3.015858,2195607.000000,1874874.000000,3722527.000000,334752.000000,1282372.000000,1952.000000,539.000000,1146.000000,164.000000,144.000000,453.000000,125.000000,266.000000,38.000000,33.000000,2784.000000,769.000000,1633.000000,233.000000,205.000000,15.000000,8.000000,18.000000,3.000000,5.000000,0.000000,6.000000,12.000000,2.000000,4.000000,0.000000,7.000000,15.000000,2.000000,5.000000,8097.000000,2266.000000,4820.000000,695.000000,601.000000,3.000000,
0.041962,0.001379,0.310522,0.009568,0.534402,-206975.785017,3.015858,2195607.000000,1874874.000000,3722527.000000,334752.000000,1282372.000000,1952.000000,539.000000,1146.000000,164.000000,144.000000,453.000000,125.000000,266.000000,38.000000,33.000000,2784.000000,769.000000,1633.000000,233.000000,205.000000,15.000000,8.000000,18.000000,3.000000,5.000000,0.000000,6.000000,12.000000,2.000000,4.000000,0.000000,7.000000,15.000000,2.000000,5.000000,8097.000000,2266.000000,4820.000000,695.000000,601.000000,3.000000,
0.041962,0.001379,0.310522,0.009568,0.534402,-206975.785017,3.015858,2195607.000000,1874874.000000,3722527.000000,334752.000000,1282372.000000,1952.000000,539.000000,1146.000000,164.000000,144.000000,453.000000,125.000000,266.000000,38.000000,33.000000,2784.000000,769.000000,1633.000000,233.000000,205.000000,15.000000,8.000000,18.000000,3.000000,5.000000,0.000000,6.000000,12.000000,2.000000,4.000000,0.000000,7.000000,15.000000,2.000000,5.000000,8097.000000,2266.000000,4820.000000,695.000000,601.000000,3.000000,
0.041962,0.001379,0.310522,0.009568,0.534402,-206975.785017,3.015858,2195607.000000,1874874.000000,3722527.000000,334752.000000,1282372.000000,1952.000000,539.000000,1146.000000,164.000000,144.000000,453.000000,125.000000,266.000000,38.000000,33.000000,2784.000000,769.000000,1633.000000,233.000000,205.000000,15.000000,8.000000,18.000000,3.000000,5.000000,0.000000,6.000000,12.000000,2.000000,4.000000,0.000000,7.000000,15.000000,2.000000,5.000000,8097.000000,2266.000000,4820.000000,695.000000,601.000000,3.000000,
0.041962,0.001379,0.310522,0.009568,0.534402,-206975.785017,3.015858,2195607.000000,1874874.000000,3722527.000000,334752.000000,1282372.000000,1952.000000,539.000000,1146.000000,164.000000,144.000000,453.000000,125.000000,266.000000,38.000000,33.000000,2784.000000,769.000000,1633.000000,233.000000,205.000000,15.000000,8.000000,18.000000,3.000000,5.000000,0.000000,6.000000,12.000000,2.000000,4.000000,0.000000,7.000000,15.000000,2.000000,5.000000,8097.000000,2266.000000,4820.000000,695.000000,601.000000,3.000000,
0.041962,0.001379,0.310522,0.009568,0.534402,-206975.785017,3.015858,2195607.000000,1874874.000000,3722527.000000,334752.000000,1282372.000000,1952.000000,539.000000,1146.000000,164.000000,144.000000,453.000000,125.000000,266.000000,38.000000,33.000000,2784.000000,769.000000,1633.000000,233.000000,205.000000,15.000000,8.000000,18.000000,3.000000,5.000000,0.000000,6.000000,12.000000,2.000000,4.000000,0.000000,7.000000,15.000000,2.000000,5.000000,8097.000000,2266.000000,4820.000000,695.000000,601.000000,3.000000,
0.041962,0.001379,0.310522,0.009568,0.534402,-206975.785017,3.015858,2195607.000000,1874874.000000,3722527.000000,334752.000000,1282372.000000,1952.000000,539.000000,1146.000000,164.000000,144.000000,453.000000,125.000000,266.000000,38.000000,33.000000,2784.000000,769.000000,1633.000000,233.000000,205.000000,15.000000,8.000000,18.000000,3.000000,5.000000,0.000000,6.000000,12.000000,2.000000,4.000000,0.000000,7.000000,15.000000,2.000000,5.000000,8097.000000,2266.000000,4820.000000,695.000000,601.000000,3.000000,
0.041962,0.001379,0.310522,0.009568,0.534402,-206975.785017,3.015858,2195607.000000,1874874.000000,3722527.000000,334752.000000,1282372.000000,1952.000000,539.000000,1146.000000,164.000000,144.000000,453.000000,125.000000,266.000000,38.000000,33.000000,2784.000000,769.000000,1633.000000,233.000000,205.000000,15.000000,8.000000,18.000000,3.000000,5.000000,0.000000,6.000000,12.000000,2.000000,4.000000,0.000000,7.000000,15.000000,2.000000,5.000000,8097.000000,2266.000000,4820.000000,695.000000,601.000000,3.000000,
0.041962,0.001379,0.310522,0.009568,0.534402,-206975.785017,3.015858,2195607.000000,1874874.000000,3722527.000000,334752.000000,1282372.000000,1952.000000,539.000000,1146.000000,164.000000,144.000000,453.000000,125.000000,266.000000,38.000000,33.000000,2784.000000,769.000000,1633.000000,233.000000,205.000000,15.000000,8.000000,18.000000,3.000000,5.000000,0.000000,6.000000,12.000000,2.000000,4.000000,0.000000,7.000000,15.000000,2.000000,5.000000,8097.000000,2266.000000,4820.000000,695.000000,601.000000,3.000000,
0.041962,0.001379,0.310522,0.009568,0.534402,-206975.785017,3.015858,2195607.000000,1874874.000000,3722527.000000,334752.000000,1282372.000000,1952.000000,539.000000,1146.000000,164.000000,144.000000,453.000000,125.000000,266.000000,38.000000,33.000000,2784.000000,769.000000,1633.000000,233.000000,205.000000,15.000000,8.000000,18.000000,3.000000,5.000000,0.000000,6.000000,12.000000,2.000000,4.000000,0.000000,7.000000,15.000000,2.000000,5.000000,8097.000000,2266.000000,4820.000000,695.000000,601.000000,3.000000,
0.041962,0.001379,0.310522,0.009568,0.534402,-206975.785017,3.015858,2195607.000000,1874874.000000,3722527.000000,334752.000000,1282372.000000,1952.000000,539.000000,1146.000000,164.000000,144.000000,453.000000,125.000000,266.000000,38.000000,33.000000,2784.000000,769.000000,1633.000000,233.000000,205.000000,15.000000,8.000000,18.000000,3.000000,5.000000,0.000000,6.000000,12.000000,2.000000,4.000000,0.000000,7.000000,15.000000,2.000000,5.000000,8097.000000,2266.000000,4820.000000,695.000000,601.000000,3.000000,
0.041962,0.001379,0.310522,0.009568,0.534402,-206975.785017,3.015858,2195607.000000,1874874.000000,3722527.000000,334752.000000,1282372.000000,1952.000000,539.000000,1146.000000,164.000000,144.000000,453.000000,125.000000,266.000000,38.000000,33.000000,2784.000000,769.000000,1633.000000,233.000000,205.000000,15.000000,8.000000,18.000000,3.000000,5.000000,0.000000,6.000000,12.000000,2.000000,4.000000,0.000000,7.000000,15.000000,2.000000,5.000000,8097.000000,2266.000000,4820.000000,695.000000,601.000000,3.000000,
0.041975,0.001336,0.309539,0.007949,0.580237,-206928.043991,3.014944,2195607.000000,1874874.000000,3722527.000000,334752.000000,1282372.000000,1952.000000,539.000000,1146.000000,164.000000,144.000000,453.000000,125.000000,266.000000,38.000000,33.000000,2784.000000,769.000000,1633.000000,233.000000,205.000000,15.000000,8.000000,18.000000,3.000000,5.000000,0.000000,6.000000,12.000000,2.000000,4.000000,0.000000,7.000000,15.000000,2.000000,5.000000,8097.000000,2266.000000,4820.000000,695.000000,601.000000,3.000000,
0.041975,0.001336,0.309539,0.007949,0.580237,-206928.043991,3.014944,2195607.000000,1874874.000000,3722527.000000,334752.000000,1282372.000000,1952.000000,539.000000,1146.000000,164.000000,144.000000,453.000000,125.000000,266.000000,38.000000,33.000000,2784.000000,769.000000,1633.000000,233.000000,205.000000,15.000000,8.000000,18.000000,3.000000,5.000000,0.000000,6.000000,12.000000,2.000000,4.000000,0.000000,7.000000,15.000000,2.000000,5.000000,8097.000000,2266.000000,4820.000000,695.000000,601.000000,3.000000,
0.041815,0.001230,0.316393,0.009317,0.547131,-207262.058924,3.016415,2195607.000000,1874874.000000,3722527.000000,334752.000000,1282372.000000,1952.000000,539.000000,1146.000000,164.000000,144.000000,453.000000,125.000000,266.000000,38.000000,33.000000,2784.000000,769.000000,1633.000000,233.000000,205.000000,15.000000,8.000000,18.000000,3.000000,5.000000,0.000000,6.000000,12.000000,2.000000,4.000000,0.000000,7.000000,15.000000,2.000000,5.000000,8097.000000,2266.000000,4820.000000,695.000000,601.000000,3.000000,
0.041815,0.001230,0.316393,0.009317,0.547131,-207262.058924,3.016415,2195607.000000,1874874.000000,3722527.000000,334752.000000,1282372.000000,1952.000000,539.000000,1146.000000,164.000000,144.000000,453.000000,125.000000,266.000000,38.000000,33.000000,2784.000000,769.000000,1633.000000,233.000000,205.000000,15.000000,8.000000,18.000000,3.000000,5.000000,0.000000,6.000000,12.000000,2.000000,4.000000,0.000000,7.000000,15.000000,2.000000,5.000000,8097.000000,2266.000000,4820.000000,695.000000,601.000000,3.000000,
0.041815,0.001230,0.316393,0.009317,0.547131,-207262.058924,3.016415,2195607.000000,1874874.000000,3722527.000000,334752.000000,1282372.000000,1952.000000,539.000000,1146.000000,164.000000,144.000000,453.000000,125.000000,266.000000,38.000000,33.000000,2784.000000,769.000000,1633.000000,233.000000,205.000000,15.000000,8.000000,18.000000,3.000000,5.000000,0.000000,6.000000,12.000000,2.000000,4.000000,0.000000,7.000000,15.000000,2.000000,5.000000,8097.000000,2266.000000,4820.000000,695.000000,601.000000,3.000000,
0.041637,0.002040,0.321229,0.008450,0.523061,-207499.331445,3.012652,2195607.000000,1874874.000000,3722527.000000,334752.000000,1282372.000000,1952.000000,539.000000,1146.000000,164.000000,144.000000,453.000000,125.000000,266.000000,38.000000,33.000000,2784.000000,769.000000,1633.000000,233.000000,205.000000,15.000000,8.000000,18.000000,3.000000,5.000000,0.000000,6.000000,12.000000,2.000000,4.000000,0.000000,7.000000,15.000000,2.000000,5.000000,8097.000000,2266.000000,4820.000000,695.000000,601.000000,3.000000,
0.041637,0.002040,0.321229,0.008450,0.523061,-207499.331445,3.012652,2195607.000000,1874874.000000,3722527.000000,334752.000000,1282372.000000,1952.000000,539.000000,1146.000000,164.000000,144.000000,453.000000,125.000000,266.000000,38.000000,33.000000,2784.000000,769.000000,1633.000000,233.000000,205.000000,15.000000,8.000000,18.000000,3.000000,5.000000,0.000000,6.000000,12.000000,2.000000,4.000000,0.000000,7.000000,15.000000,2.000000,5.000000,8097.000000,2266.000000,4820.000000,695.000000,601.000000,3.000000,
0.041637,0.002040,0.321229,0.008450,0.523061,-207499.331445,3.012652,2195607.000000,1874874.000000,3722527.000000,334752.000000,1282372.000000,1952.000000,539.000000,1146.000000,164.000000,144.000000,453.000000,125.000000,266.000000,38.000000,33.000000,2784.000000,769.000000,1633.000000,233.000000,205.000000,15.000000,8.000000,18.000000,3.000000,5.000000,0.000000,6.000000,12.000000,2.000000,4.000000,0.000000,7.000000,15.000000,2.000000,5.000000,8097.000000,2266.000000,4820.000000,695.000000,601.000000,3.000000,
0.041555,0.001082,0.326965,0.019041,0.550754,-207782.987214,3.017486,2195607.000000,1874874.000000,3722527.000000,334752.000000,1282372.000000,1952.000000,539.000000,1146.000000,164.000000,144.000000,453.000000,125.000000,266.000000,38.000000,33.000000,2784.000000,769.000000,1633.000000,233.000000,205.000000,15.000000,8.000000,18.000000,3.000000,5.000000,0.000000,6.000000,12.000000,2.000000,4.000000,0.000000,7.000000,15.000000,2.000000,5.000000,8097.000000,2266.000000,4820.000000,695.000000,601.000000,3.000000,
0.041555,0.001082,0.326965,0.019041,0.550754,-207782.987214,3.017486,2195607.000000,1874874.000000,3722527.000000,334752.000000,1282372.000000,1952.000000,539.000000,1146.000000,164.000000,144.000000,453.000000,125.000000,266.000000,38.000000,33.000000,2784.000000,769.000000,1633.000000,233.000000,205.000000,15.000000,8.000000,18.000000,3.000000,5.000000,0.000000,6.000000,12.000000,2.000000,4.000000,0.000000,7.000000,15.000000,2.000000,5.000000,8097.000000,2266.000000,4820.000000,695.000000,601.000000,3.000000,
0.041555,0.001082,0.326965,0.019041,0.550754,-207782.987214,3.017486,2195607.000000,1874874.000000,3722527.000000,334752.000000,1282372.000000,1952.000000,539.000000,1146.000000,164.000000,144.000000,453.000000,125.000000,266.000000,38.000000,33.000000,2784.000000,769.000000,1633.000000,233.000000,205.000000,15.000000,8.000000,18.000000,3.000000,5.000000,0.000000,6.000000,12.000000,2.000000,4.000000,0.000000,7.000000,15.000000,2.000000,5.000000,8097.000000,2266.000000,4820.000000,695.000000,601.000000,3.000000,
0.041555,0.001082,0.326965,0.019041,0.550754,-207782.987214,3.017486,2195607.000000,1874874.000000,3722527.000000,334752.000000,1282372.000000,1952.000000,539.000000,1146.000000,164.000000,144.000000,453.000000,125.000000,266.000000,38.000000,33.000000,2784.000000,769.000000,1633.000000,233.000000,205.000000,15.000000,8.000000,18.000000,3.000000,5.000000,0.000000,6.000000,12.000000,2.000000,4.000000,0.000000,7.000000,15.000000,2.000000,5.000000,8097.000000,2266.000000,4820.000000,695.000000,601.000000,3.000000,
0.041555,0.001082,0.326965,0.019041,0.550754,-207782.987214,3.017486,2195607.000000,1874874.000000,3722527.000000,334752.000000,1282372.000000,1952.000000,539.000000,1146.000000,164.000000,144.000000,453.000000,125.000000,266.000000,38.000000,33.000000,2784.000000,769.000000,1633.000000,233.000000,205.000000,15.000000,8.000000,18.000000,3.000000,5.000000,0.000000,6.000000,12.000000,2.000000,4.000000,0.000000,7.000000,15.000000,2.000000,5.000000,8097.000000,2266.000000,4820.000000,695.000000,601.000000,3.000000,
0.041555,0.001082,0.326965,0.019041,0.550754,-207782.987214,3.017486,2195607.000000,1874874.000000,3722527.000000,334752.000000,1282372.000000,1952.000000,539.000000,1146.000000,164.000000,144.000000,453.000000,125.000000,266.000000,38.000000,33.000000,2784.000000,769.000000,1633.000000,233.000000,205.000000,15.000000,8.000000,18.000000,3.000000,5.000000,0.000000,6.000000,12.000000,2.000000,4.000000,0.000000,7.000000,15.000000,2.000000,5.000000,8097.000000,2266.000000,4820.000000,695.000000,601.000000,3.000000,
0.041555,0.001082,0.326965,0.019041,0.550754,-207782.987214,3.017486,2195607.000000,1874874.000000,3722527.000000,334752.000000,1282372.000000,1952.000000,539.000000,1146.000000,164.000000,144.000000,453.000000,125.000000,266.000000,38.000000,33.000000,2784.000000,769.000000,1633.000000,233.000000,205.000000,15.000000,8.000000,18.000000,3.000000,5.000000,0.000000,6.000000,12.000000,2.000000,4.000000,0.000000,7.000000,15.000000,2.000000,5.000000,8097.000000,2266.000000,4820.000000,695.000000,601.000000,3.000000,
0.041555,0.001082,0.326965,0.019041,0.550754,-207782.987214,3.017486,2195607.000000,1874874.000000,3722527.000000,334752.000000,1282372.000000,1952.000000,539.000000,1146.000000,164.000000,144.000000,453.000000,125.000000,266.000000,38.000000,33.000000,2784.000000,769.000000,1633.000000,233.000000,205.000000,15.000000,8.000000,18.000000,3.000000,5.000000,0.000000,6.000000,12.000000,2.000000,4.000000,0.000000,7.000000,15.000000,2.000000,5.000000,8097.000000,2266.000000,4820.000000,695.000000,601.000000,3.000000,
0.041555,0.001082,0.326965,0.019041,0.550754,-207782.987214,3.017486,2195607.000000,1874874.000000,3722527.000000,334752.000000,1282372.000000,1952.000000,539.000000,1146.000000,164.000000,144.000000,453.000000,125.000000,266.000000,38.000000,33.000000,2784.000000,769.000000,1633.000000,233.000000,205.000000,15.000000,8.000000,18.000000,3.000000,5.000000,0.000000,6.000000,12.000000,2.000000,4.000000,0.000000,7.000000,15.000000,2.000000,5.000000,8097.000000,2266.000000,4820.000000,695.000000,601.000000,3.000000,
0.041555,0.001082,0.326965,0.019041,0.550754,-207782.987214,3.017486,2195607.000000,1874874.000000,3722527.000000,334752.000000,1282372.000000,1952.000000,539.000000,1146.000000,164.000000,144.000000,453.000000,125.000000,266.000000,38.000000,33.000000,2784.000000,769.000000,1633.000000,233.000000,205.000000,15.000000,8.000000,18.000000,3.000000,5.000000,0.000000,6.000000,12.000000,2.000000,4.000000,0.000000,7.000000,15.000000,2.000000,5.000000,8097.000000,2266.000000,4820.000000,695.000000,601.000000,3.000000,
0.041555,0.001082,0.326965,0.019041,0.550754,-207782.987214,3.017486,2195607.000000,1874874.000000,3722527.000000,334752.000000,1282372.000000,1952.000000,539.000000,1146.000000,164.000000,144.000000,453.000000,125.000000,266.000000,38.000000,33.000000,2784.000000,769.000000,1633.000000,233.000000,205.000000,15.000000,8.000000,18.000000,3.000000,5.000000,0.000000,6.000000,12.000000,2.000000,4.000000,0.000000,7.000000,15.000000,2.000000,5.000000,8097.000000,2266.000000,4820.000000,695.000000,601.000000,3.000000,
0.041593,0.001190,0.326003,0.032280,0.534063,-207735.330868,3.018414,2195607.000000,1874874.000000,3722527.000000,334752.000000,1282372.000000,1952.000000,539.000000,1146.000000,164.000000,144.000000,453.000000,125.000000,266.000000,38.000000,33.000000,2784.000000,769.000000,1633.000000,233.000000,205.000000,15.000000,8.000000,18.000000,3.000000,5.000000,0.000000,6.000000,12.000000,2.000000,4.000000,0.000000,7.000000,15.000000,2.000000,5.000000,8097.000000,2266.000000,4820.000000,695.000000,601.000000,3.000000,
0.041593,0.001190,0.326003,0.032280,0.534063,-207735.330868,3.018414,2195607.000000,1874874.000000,3722527.000000,334752.000000,1282372.000000,1952.000000,539.000000,1146.000000,164.000000,144.000000,453.000000,125.000000,266.000000,38.000000,33.000000,2784.000000,769.000000,1633.000000,233.000000,205.000000,15.000000,8.000000,18.000000,3.000000,5.000000,0.000000,6.000000,12.000000,2.000000,4.000000,0.000000,7.000000,15.000000,2.000000,5.000000,8097.000000,2266.000000,4820.000000,695.000000,601.000000,3.000000,
0.041535,0.001480,0.323096,0.024360,0.565996,-207591.318127,3.008753,2195607.000000,1874874.000000,3722527.000000,334752.000000,1282372.000000,1952.000000,539.000000,1146.000000,164.000000,144.000000,453.000000,125.000000,266.000000,38.000000,33.000000,2784.000000,769.000000,1633.000000,233.000000,205.000000,15.000000,8.000000,18.000000,3.000000,5.000000,0.000000,6.000000,12.000000,2.000000,4.000000,0.000000,7.000000,15.000000,2.000000,5.000000,8097.000000,2266.000000,4820.000000,695.000000,601.000000,3.000000,
0.041535,0.001480,0.323096,0.024360,0.565996,-207591.318127,3.008753,2195607.000000,1874874.000000,3722527.000000,334752.000000,1282372.000000,1952.000000,539.000000,1146.000000,164.000000,144.000000,453.000000,125.000000,266.000000,38.000000,33.000000,2784.000000,769.000000,1633.000000,233.000000,205.000000,15.000000,8.000000,18.000000,3.000000,5.000000,0.000000,6.000000,12.000000,2.000000,4.000000,0.000000,7.000000,15.000000,2.000000,5.000000,8097.000000,2266.000000,4820.000000,695.000000,601.000000,3.000000,
0.041535,0.001480,0.323096,0.024360,0.565996,-207591.318127,3.008753,2195607.000000,1874874.000000,3722527.000000,334752.000000,1282372.000000,1952.000000,539.000000,1146.000000,164.000000,144.000000,453.000000,125.000000,266.000000,38.000000,33.000000,2784.000000,769.000000,1633.000000,233.000000,205.000000,15.000000,8.000000,18.000000,3.000000,5.000000,0.000000,6.000000,12.000000,2.000000,4.000000,0.000000,7.000000,15.000000,2.000000,5.000000,8097.000000,2266.000000,4820.000000,695.000000,601.000000,3.000000,
0.041535,0.001480,0.323096,0.024360,0.565996,-207591.318127,3.008753,2195607.000000,1874874.000000,3722527.000000,334752.000000,1282372.000000,1952.000000,539.000000,1146.000000,164.000000,144.000000,453.000000,125.000000,266.000000,38.000000,33.000000,2784.000000,769.000000,1633.000000,233.000000,205.000000,15.000000,8.000000,18.000000,3.000000,5.000000,0.000000,6.000000,12.000000,2.000000,4.000000,0.000000,7.000000,15.000000,2.000000,5.000000,8097.000000,2266.000000,4820.000000,695.000000,601.000000,3.000000,
0.041648,0.001773,0.317897,0.034379,0.541987,-207335.459001,3.007148,2195607.000000,1874874.000000,3722527.000000,334752.000000,1282372.000000,1952.000000,539.000000,1146.000000,164.000000,144.000000,453.000000,125.000000,266.000000,38.000000,33.000000,2784.000000,769.000000,1633.000000,233.000000,205.000000,15.000000,8.000000,18.000000,3.000000,5.000000,0.000000,6.000000,12.000000,2.000000,4.000000,0.000000,7.000000,15.000000,2.000000,5.000000,8097.000000,2266.000000,4820.000000,695.000000,601.000000,3.000000,
0.041470,0.001720,0.326347,0.029671,0.488251,-207752.120946,3.010138,2195607.000000,1874874.000000,3722527.000000,334752.000000,1282372.000000,1952.000000,539.000000,1146.000000,164.000000,144.000000,453.000000,125.000000,266.000000,38.000000,33.000000,2784.000000,769.000000,1633.000000,233.000000,205.000000,15.000000,8.000000,18.000000,3.000000,5.000000,0.000000,6.000000,12.000000,2.000000,4.000000,0.000000,7.000000,15.000000,2.000000,5.000000,8097.000000,2266.000000,4820.000000,695.000000,601.000000,3.000000,
0.041470,0.001720,0.326347,0.029671,0.488251,-207752.120946,3.010138,2195607.000000,1874874.000000,3722527.000000,334752.000000,1282372.000000,1952.000000,539.000000,1146.000000,164.000000,144.000000,453.000000,125.000000,266.000000,38.000000,33.000000,2784.000000,769.000000,1633.000000,233.000000,205.000000,15.000000,8.000000,18.000000,3.000000,5.000000,0.000000,6.000000,12.000000,2.000000,4.000000,0.000000,7.000000,15.000000,2.000000,5.000000,8097.000000,2266.000000,4820.000000,695.000000,601.000000,3.000000,
0.041470,0.001720,0.326347,0.029671,0.488251,-207752.120946,3.010138,2195607.000000,1874874.000000,3722527.000000,334752.000000,1282372.000000,1952.000000,539.000000,1146.000000,164.000000,144.000000,453.000000,125.000000,266.000000,38.000000,33.000000,2784.000000,769.000000,1633.000000,233.000000,205.000000,15.000000,8.000000,18.000000,3.000000,5.000000,0.000000,6.000000,12.000000,2.000000,4.000000,0.000000,7.000000,15.000000,2.000000,5.000000,8097.000000,2266.000000,4820.000000,695.000000,601.000000,3.000000,
0.041470,0.001720,0.326347,0.029671,0.488251,-207752.120946,3.010138,2195607.000000,1874874.000000,3722527.000000,334752.000000,1282372.000000,1952.000000,539.000000,1146.000000,164.000000,144.000000,453.000000,125.000000,266.000000,38.000000,33.000000,2784.000000,769.000000,1633.000000,233.000000,205.000000,15.000000,8.000000,18.000000,3.000000,5.000000,0.000000,6.000000,12.000000,2.000000,4.000000,0.000000,7.000000,15.000000,2.000000,5.000000,8097.000000,2266.000000,4820.000000,695.000000,601.000000,3.000000,
0.041470,0.001720,0.326347,0.029671,0.488251,-207752.120946,3.010138,2195607.000000,1874874.000000,3722527.000000,334752.000000,1282372.000000,1952.000000,539.000000,1146.000000,164.000000,144.000000,453.000000,125.000000,266.000000,38.000000,33.000000,2784.000000,769.000000,1633.000000,233.000000,205.000000,15.000000,8.000000,18.000000,3.000000,5.000000,0.000000,6.000000,12.000000,2.000000,4.000000,0.000000,7.000000,15.000000,2.000000,5.000000,8097.000000,2266.000000,4820.000000,695.000000,601.000000,3.000000,
0.041470,0.001720,0.326347,0.029671,0.488251,-207752.120946,3.010138,2195607.000000,1874874.000000,3722527.000000,334752.000000,1282372.000000,1952.000000,539.000000,1146.000000,164.000000,144.000000,453.000000,125.000000,266.000000,38.000000,33.000000,2784.000000,769.000000,1633.000000,233.000000,205.000000,15.000000,8.000000,18.000000,3.000000,5.000000,0.000000,6.000000,12.000000,2.000000,4.000000,0.000000,7.000000,15.000000,2.000000,5.000000,8097.000000,2266.000000,4820.000000,695.000000,601.000000,3.000000,
0.041470,0.001720,0.326347,0.029671,0.488251,-207752.120946,3.010138,2195607.000000,1874874.000000,3722527.000000,334752.000000,1282372.000000,1952.000000,539.000000,1146.000000,164.000000,144.000000,453.000000,125.000000,266.000000,38.000000,33.000000,2784.000000,769.000000,1633.000000,233.000000,205.000000,15.000000,8.000000,18.000000,3.000000,5.000000,0.000000,6.000000,12.000000,2.000000,4.000000,0.000000,7.000000,15.000000,2.000000,5.000000,8097.000000,2266.000000,4820.000000,695.000000,601.000000,3.000000,
0.041470,0.001720,0.326347,0.029671,0.488251,-207752.120946,3.010138,2195607.000000,1874874.000000,3722527.000000,334752.000000,1282372.000000,1952.000000,539.000000,1146.000000,164.000000,144.000000,453.000000,125.000000,266.000000,38.000000,33.000000,2784.000000,769.000000,1633.000000,233.000000,205.000000,15.000000,8.000000,18.000000,3.000000,5.000000,0.000000,6.000000,12.000000,2.000000,4.000000,0.000000,7.000000,15.000000,2.000000,5.000000,8097.000000,2266.000000,4820.000000,695.000000,601.000000,3.000000,
0.041674,0.001320,0.317881,0.045027,0.491792,-207334.760026,3.009047,2195607.000000,1874874.000000,3722527.000000,334752.000000,1282372.000000,1952.000000,539.000000,1146.000000,164.000000,144.000000,453.000000,125.000000,266.000000,38.000000,33.000000,2784.000000,769.000000,1633.000000,233.000000,205.000000,15.000000,8.000000,18.000000,3.000000,5.000000,0.000000,6.000000,12.000000,2.000000,4.000000,0.000000,7.000000,15.000000,2.000000,5.000000,8097.000000,2266.000000,4820.000000,695.000000,601.000000,3.000000,
0.041674,0.001320,0.317881,0.045027,0.491792,-207334.760026,3.009047,2195607.000000,1874874.000000,3722527.000000,334752.000000,1282372.000000,1952.000000,539.000000,1146.000000,164.000000,144.000000,453.000000,125.000000,266.000000,38.000000,33.000000,2784.000000,769.000000,1633.000000,233.000000,205.000000,15.000000,8.000000,18.000000,3.000000,5.000000,0.000000,6.000000,12.000000,2.000000,4.000000,0.000000,7.000000,15.000000,2.000000,5.000000,8097.000000,2266.000000,4820.000000,695.000000,601.000000,3.000000,
0.041674,0.001320,0.317881,0.045027,0.491792,-207334.760026,3.009047,2195607.000000,1874874.000000,3722527.000000,334752.000000,1282372.000000,1952.000000,539.000000,1146.000000,164.000000,144.000000,453.000000,125.000000,266.000000,38.000000,33.000000,2784.000000,769.000000,1633.000000,233.000000,205.000000,15.000000,8.000000,18.000000,3.000000,5.000000,0.000000,6.000000,12.000000,2.000000,4.000000,0.000000,7.000000,15.000000,2.000000,5.000000,8097.000000,2266.000000,4820.000000,695.000000,601.000000,3.000000,
0.041674,0.001320,0.317881,0.045027,0.491792,-207334.760026,3.009047,2195607.000000,1874874.000000,3722527.000000,334752.000000,1282372.000000,1952.000000,539.000000,1146.000000,164.000000,144.000000,453.000000,125.000000,266.000000,38.000000,33.000000,2784.000000,769.000000,1633.000000,233.000000,205.000000,15.000000,8.000000,18.000000,3.000000,5.000000,0.000000,6.000000,12.000000,2.000000,4.000000,0.000000,7.000000,15.000000,2.000000,5.000000,8097.000000,2266.000000,4820.000000,695.000000,601.000000,3.000000,
0.041674,0.001320,0.317881,0.045027,0.491792,-207334.760026,3.009047,2195607.000000,1874874.000000,3722527.000000,334752.000000,1282372.000000,1952.000000,539.000000,1146.000000,164.000000,144.000000,453.000000,125.000000,266.000000,38.000000,33.000000,2784.000000,769.000000,1633.000000,233.000000,205.000000,15.000000,8.000000,18.000000,3.000000,5.000000,0.000000,6.000000,12.000000,2.000000,4.000000,0.000000,7.000000,15.000000,2.000000,5.000000,8097.000000,2266.000000,4820.000000,695.000000,601.000000,3.000000,
0.041674,0.001320,0.317881,0.045027,0.491792,-207334.760026,3.009047,2195607.000000,1874874.000000,3722527.000000,334752.000000,1282372.000000,1952.000000,539.000000,1146.000000,164.000000,144.000000,453.000000,125.000000,266.000000,38.000000,33.000000,2784.000000,769.000000,1633.000000,233.000000,205.000000,15.000000,8.000000,18.000000,3.000000,5.000000,0.000000,6.000000,12.000000,2.000000,4.000000,0.000000,7.000000,15.000000,2.000000,5.000000,8097.000000,2266.000000,4820.000000,695.000000,601.000000,3.000000,
0.041674,0.001320,0.317881,0.045027,0.491792,-207334.760026,3.009047,2195607.000000,1874874.000000,3722527.000000,334752.000000,1282372.000000,1952.000000,539.000000,1146.000000,164.000000,144.000000,453.000000,125.000000,266.000000,38.000000,33.000000,2784.000000,769.000000,1633.000000,233.000000,205.000000,15.000000,8.000000,18.000000,3.000000,5.000000,0.000000,6.000000,12.000000,2.000000,4.000000,0.000000,7.000000,15.000000,2.000000,5.000000,8097.000000,2266.000000,4820.000000,695.000000,601.000000,3.000000,
0.041674,0.001320,0.317881,0.045027,0.491792,-207334.760026,3.009047,2195607.000000,1874874.000000,3722527.000000,334752.000000,1282372.000000,1952.000000,539.000000,1146.000000,164.000000,144.000000,453.000000,125.000000,266.000000,38.000000,33.000000,2784.000000,769.000000,1633.000000,233.000000,205.000000,15.000000,8.000000,18.000000,3.000000,5.000000,0.000000,6.000000,12.000000,2.000000,4.000000,0.000000,7.000000,15.000000,2.000000,5.000000,8097.000000,2266.000000,4820.000000,695.000000,601.000000,3.000000,
0.041674,0.001320,0.317881,0.045027,0.491792,-207334.760026,3.009047,2195607.000000,1874874.000000,3722527.000000,334752.000000,1282372.000000,1952.000000,539.000000,1146.000000,164.000000,144.000000,453.000000,125.000000,266.000000,38.000000,33.000000,2784.000000,769.000000,1633.000000,233.000000,205.000000,15.000000,8.000000,18.000000,3.000000,5.000000,0.000000,6.000000,12.000000,2.000000,4.000000,0.000000,7.000000,15.000000,2.000000,5.000000,8097.000000,2266.000000,4820.000000,695.000000,601.000000,3.000000,
0.041409,0.001282,0.331494,0.055773,0.445115,-208008.215380,3.015363,2195607.000000,1874874.000000,3722527.000000,334752.000000,1282372.000000,1952.000000,539.000000,1146.000000,164.000000,144.000000,453.000000,125.000000,266.000000,38.000000,33.000000,2784.000000,769.000000,1633.000000,233.000000,205.000000,15.000000,8.000000,18.000000,3.000000,5.000000,0.000000,6.000000,12.000000,2.000000,4.000000,0.000000,7.000000,15.000000,2.000000,5.000000,8097.000000,2266.000000,4820.000000,695.000000,601.000000,3.000000,
0.041697,0.001693,0.318497,0.068032,0.436548,-207365.027038,3.011843,2195607.000000,1874874.000000,3722527.000000,334752.000000,1282372.000000,1952.000000,539.000000,1146.000000,164.000000,144.000000,453.000000,125.000000,266.000000,38.000000,33.000000,2784.000000,769.000000,1633.000000,233.000000,205.000000,15.000000,8.000000,18.000000,3.000000,5.000000,0.000000,6.000000,12.000000,2.000000,4.000000,0.000000,7.000000,15.000000,2.000000,5.000000,8097.000000,2266.000000,4820.000000,695.000000,601.000000,3.000000,
0.041697,0.001693,0.318497,0.068032,0.436548,-207365.027038,3.011843,2195607.000000,1874874.000000,3722527.000000,334752.000000,1282372.000000,1952.000000,539.000000,1146.000000,164.000000,144.000000,453.000000,125.000000,266.000000,38.000000,33.000000,2784.000000,769.000000,1633.000000,233.000000,205.000000,15.000000,8.000000,18.000000,3.000000,5.000000,0.000000,6.000000,12.000000,2.000000,4.000000,0.000000,7.000000,15.000000,2.000000,5.000000,8097.000000,2266.000000,4820.000000,695.000000,601.000000,3.000000,
0.041808,0.001299,0.312848,0.055589,0.451338,-207088.775495,3.009199,2195607.000000,1874874.000000,3722527.000000,334752.000000,1282372.000000,1952.000000,539.000000,1146.000000,164.000000,144.000000,453.000000,125.000000,266.000000,38.000000,33.000000,2784.000000,769.000000,1633.000000,233.000000,205.000000,15.000000,8.000000,18.000000,3.000000,5.000000,0.000000,6.000000,12.000000,2.000000,4.000000,0.000000,7.000000,15.000000,2.000000,5.000000,8097.000000,2266.000000,4820.000000,695.000000,601.000000,3.000000,
0.041808,0.001299,0.312848,0.055589,0.451338,-207088.775495,3.009199,2195607.000000,1874874.000000,3722527.000000,334752.000000,1282372.000000,1952.000000,539.000000,1146.000000,164.000000,144.000000,453.000000,125.000000,266.000000,38.000000,33.000000,2784.000000,769.000000,1633.000000,233.000000,205.000000,15.000000,8.000000,18.000000,3.000000,5.000000,0.000000,6.000000,12.000000,2.000000,4.000000,0.000000,7.000000,15.000000,2.000000,5.000000,8097.000000,2266.000000,4820.000000,695.000000,601.000000,3.000000,
0.041808,0.001299,0.312848,0.055589,0.451338,-207088.775495,3.009199,2195607.000000,1874874.000000,3722527.000000,334752.000000,1282372.000000,1952.000000,539.000000,1146.000000,164.000000,144.000000,453.000000,125.000000,266.000000,38.000000,33.000000,2784.000000,769.000000,1633.000000,233.000000,205.000000,15.000000,8.000000,18.000000,3.000000,5.000000,0.000000,6.000000,12.000000,2.000000,4.000000,0.000000,7.000000,15.000000,2.000000,5.000000,8097.000000,2266.000000,4820.000000,695.000000,601.000000,3.000000,
0.041808,0.001299,0.312848,0.055589,0.451338,-207088.775495,3.009199,2195607.000000,1874874.000000,3722527.000000,334752.000000,1282372.000000,1952.000000,539.000000,1146.000000,164.000000,144.000000,453.000000,125.000000,266.000000,38.000000,33.000000,2784.000000,769.000000,1633.000000,233.000000,205.000000,15.000000,8.000000,18.000000,3.000000,5.000000,0.000000,6.000000,12.000000,2.000000,4.000000,0.000000,7.000000,15.000000,2.000000,5.000000,8097.000000,2266.000000,4820.000000,695.000000,601.000000,3.000000,
0.041968,0.001340,0.307189,0.067926,0.435464,-206814.084004,3.010023,2195607.000000,1874874.000000,3722527.000000,334752.000000,1282372.000000,1952.000000,539.000000,1146.000000,164.000000,144.000000,453.000000,125.000000,266.000000,38.000000,33.000000,2784.000000,769.000000,1633.000000,233.000000,205.000000,15.000000,8.000000,18.000000,3.000000,5.000000,0.000000,6.000000,12.000000,2.000000,4.000000,0.000000,7.000000,15.000000,2.000000,5.000000,8097.000000,2266.000000,4820.000000,695.000000,601.000000,3.000000,
0.041968,0.001340,0.307189,0.067926,0.435464,-206814.084004,3.010023,2195607.000000,1874874.000000,3722527.000000,334752.000000,1282372.000000,1952.000000,539.000000,1146.000000,164.000000,144.000000,453.000000,125.000000,266.000000,38.000000,33.000000,2784.000000,769.000000,1633.000000,233.000000,205.000000,15.000000,8.000000,18.000000,3.000000,5.000000,0.000000,6.000000,12.000000,2.000000,4.000000,0.000000,7.000000,15.000000,2.000000,5.000000,8097.000000,2266.000000,4820.000000,695.000000,601.000000,3.000000,
0.041968,0.001340,0.307189,0.067926,0.435464,-206814.084004,3.010023,2195607.000000,1874874.000000,3722527.000000,334752.000000,1282372.000000,1952.000000,539.000000,1146.000000,164.000000,144.000000,453.000000,125.000000,266.000000,38.000000,33.000000,2784.000000,769.000000,1633.000000,233.000000,205.000000,15.000000,8.000000,18.000000,3.000000,5.000000,0.000000,6.000000,12.000000,2.000000,4.000000,0.000000,7.000000,15.000000,2.000000,5.000000,8097.000000,2266.000000,4820.000000,695.000000,601.000000,3.000000,
0.041968,0.001340,0.307189,0.067926,0.435464,-206814.084004,3.010023,2195607.000000,1874874.000000,3722527.000000,334752.000000,1282372.000000,1952.000000,539.000000,1146.000000,164.000000,144.000000,453.000000,125.000000,266.000000,38.000000,33.000000,2784.000000,769.000000,1633.000000,233.000000,205.000000,15.000000,8.000000,18.000000,3.000000,5.000000,0.000000,6.000000,12.000000,2.000000,4.000000,0.000000,7.000000,15.000000,2.000000,5.000000,8097.000000,2266.000000,4820.000000,695.000000,601.000000,3.000000,
0.042044,0.001722,0.304237,0.063259,0.483058,-206671.574881,3.009814,2195607.000000,1874874.000000,3722527.000000,334752.000000,1282372.000000,1952.000000,539.000000,1146.000000,164.000000,144.000000,453.000000,125.000000,266.000000,38.000000,33.000000,2784.000000,769.000000,1633.000000,233.000000,205.000000,15.000000,8.000000,18.000000,3.000000,5.000000,0.000000,6.000000,12.000000,2.000000,4.000000,0.000000,7.000000,15.000000,2.000000,5.000000,8097.000000,2266.000000,4820.000000,695.000000,601.000000,3.000000,
0.042120,0.001942,0.297880,0.079885,0.477652,-206366.351491,3.003219,2195607.000000,1874874.000000,3722527.000000,334752.000000,1282372.000000,1952.000000,539.000000,1146.000000,164.000000,144.000000,453.000000,125.000000,266.000000,38.000000,33.000000,2784.000000,769.000000,1633.000000,233.000000,205.000000,15.000000,8.000000,18.000000,3.000000,5.000000,0.000000,6.000000,12.000000,2.000000,4.000000,0.000000,7.000000,15.000000,2.000000,5.000000,8097.000000,2266.000000,4820.000000,695.000000,601.000000,3.000000,
0.042061,0.001222,0.298302,0.104693,0.460232,-206386.420485,2.999776,2195607.000000,1874874.000000,3722527.000000,334752.000000,1282372.000000,1952.000000,539.000000,1146.000000,164.000000,144.000000,453.000000,125.000000,266.000000,38.000000,33.000000,2784.000000,769.000000,1633.000000,233.000000,205.000000,15.000000,8.000000,18.000000,3.000000,5.000000,0.000000,6.000000,12.000000,2.000000,4.000000,0.000000,7.000000,15.000000,2.000000,5.000000,8097.000000,2266.000000,4820.000000,695.000000,601.000000,3.000000,
0.042061,0.001222,0.298302,0.104693,0.460232,-206386.420485,2.999776,2195607.000000,1874874.000000,3722527.000000,334752.000000,1282372.000000,1952.000000,539.000000,1146.000000,164.000000,144.000000,453.000000,125.000000,266.000000,38.000000,33.000000,2784.000000,769.000000,1633.000000,233.000000,205.000000,15.000000,8.000000,18.000000,3.000000,5.000000,0.000000,6.000000,12.000000,2.000000,4.000000,0.000000,7.000000,15.000000,2.000000,5.000000,8097.000000,2266.000000,4820.000000,695.000000,601.000000,3.000000,
0.042061,0.001222,0.298302,0.104693,0.460232,-206386.420485,2.999776,2195607.000000,1874874.000000,3722527.000000,334752.000000,1282372.000000,1952.000000,539.000000,1146.000000,164.000000,144.000000,453.000000,125.000000,266.000000,38.000000,33.000000,2784.000000,769.000000,1633.000000,233.000000,205.000000,15.000000,8.000000,18.000000,3.000000,5.000000,0.000000,6.000000,12.000000,2.000000,4.000000,0.000000,7.000000,15.000000,2.000000,5.000000,8097.000000,2266.000000,4820.000000,695.000000,601.000000,3.000000,
0.041857,0.001228,0.308487,0.110869,0.478756,-206876.763267,3.004513,2195607.000000,1874874.000000,3722527.000000,334752.000000,1282372.000000,1952.000000,539.000000,1146.000000,164.000000,144.000000,453.000000,125.000000,266.000000,38.000000,33.000000,2784.000000,769.000000,1633.000000,233.000000,205.000000,15.000000,8.000000,18.000000,3.000000,5.000000,0.000000,6.000000,12.000000,2.000000,4.000000,0.000000,7.000000,15.000000,2.000000,5.000000,8097.000000,2266.000000,4820.000000,695.000000,601.000000,3.000000,
0.041857,0.001228,0.308487,0.110869,0.478756,-206876.763267,3.004513,2195607.000000,1874874.000000,3722527.000000,334752.000000,1282372.000000,1952.000000,539.000000,1146.000000,164.000000,144.000000,453.000000,125.000000,266.000000,38.000000,33.000000,2784.000000,769.000000,1633.000000,233.000000,205.000000,15.000000,8.000000,18.000000,3.000000,5.000000,0.000000,6.000000,12.000000,2.000000,4.000000,0.000000,7.000000,15.000000,2.000000,5.000000,8097.000000,2266.000000,4820.000000,695.000000,601.000000,3.000000,
0.042192,0.001228,0.295946,0.113542,0.474503,-206274.080298,3.004626,2195607.000000,1874874.000000,3722527.000000,334752.000000,1282372.000000,1952.000000,539.000000,1146.000000,164.000000,144.000000,453.000000,125.000000,266.000000,38.000000,33.000000,2784.000000,769.000000,1633.000000,233.000000,205.000000,15.000000,8.000000,18.000000,3.000000,5.000000,0.000000,6.000000,12.000000,2.000000,4.000000,0.000000,7.000000,15.000000,2.000000,5.000000,8097.000000,2266.000000,4820.000000,695.000000,601.000000,3.000000,
0.042192,0.001228,0.295946,0.113542,0.474503,-206274.080298,3.004626,2195607.000000,1874874.000000,3722527.000000,334752.000000,1282372.000000,1952.000000,539.000000,1146.000000,164.000000,144.000000,453.000000,125.000000,266.000000,38.000000,33.000000,2784.000000,769.000000,1633.000000,233.000000,205.000000,15.000000,8.000000,18.000000,3.000000,5.000000,0.000000,6.000000,12.000000,2.000000,4.000000,0.000000,7.000000,15.000000,2.000000,5.000000,8097.000000,2266.000000,4820.000000,695.000000,601.000000,3.000000,
0.042192,0.001228,0.295946,0.113542,0.474503,-206274.080298,3.004626,2195607.000000,1874874.000000,3722527.000000,334752.000000,1282372.000000,1952.000000,539.000000,1146.000000,164.000000,144.000000,453.000000,125.000000,266.000000,38.000000,33.000000,2784.000000,769.000000,1633.000000,233.000000,205.000000,15.000000,8.000000,18.000000,3.000000,5.000000,0.000000,6.000000,12.000000,2.000000,4.000000,0.000000,7.000000,15.000000,2.000000,5.000000,8097.000000,2266.000000,4820.000000,695.000000,601.000000,3.000000,
0.042192,0.001228,0.295946,0.113542,0.474503,-206274.080298,3.004626,2195607.000000,1874874.000000,3722527.000000,334752.000000,1282372.000000,1952.000000,539.000000,1146.000000,164.000000,144.000000,453.000000,125.000000,266.000000,38.000000,33.000000,2784.000000,769.000000,1633.000000,233.000000,205.000000,15.000000,8.000000,18.000000,3.000000,5.000000,0.000000,6.000000,12.000000,2.000000,4.000000,0.000000,7.000000,15.000000,2.000000,5.000000,8097.000000,2266.000000,4820.000000,695.000000,601.000000,3.000000,
0.042192,0.001228,0.295946,0.113542,0.474503,-206274.080298,3.004626,2195607.000000,1874874.000000,3722527.000000,334752.000000,1282372.000000,1952.000000,539.000000,1146.000000,164.000000,144.000000,453.000000,125.000000,266.000000,38.000000,33.000000,2784.000000,769.000000,1633.000000,233.000000,205.000000,15.000000,8.000000,18.000000,3.000000,5.000000,0.000000,6.000000,12.000000,2.000000,4.000000,0.000000,7.000000,15.000000,2.000000,5.000000,8097.000000,2266.000000,4820.000000,695.000000,601.000000,3.000000,
0.042192,0.001228,0.295946,0.113542,0.474503,-206274.080298,3.004626,2195607.000000,1874874.000000,3722527.000000,334752.000000,1282372.000000,1952.000000,539.000000,1146.000000,164.000000,144.000000,453.000000,125.000000,266.000000,38.000000,33.000000,2784.000000,769.000000,1633.000000,233.000000,205.000000,15.000000,8.000000,18.000000,3.000000,5.000000,0.000000,6.000000,12.000000,2.000000,4.000000,0.000000,7.000000,15.000000,2.000000,5.000000,8097.000000,2266.000000,4820.000000,695.000000,601.000000,3.000000,
0.042114,0.001612,0.298497,0.109340,0.374036,-206395.858620,3.003951,2195607.000000,1874874.000000,3722527.000000,334752.000000,1282372.000000,1952.000000,539.000000,1146.000000,164.000000,144.000000,453.000000,125.000000,266.000000,38.000000,33.000000,2784.000000,769.000000,1633.000000,233.000000,205.000000,15.000000,8.000000,18.000000,3.000000,5.000000,0.000000,6.000000,12.000000,2.000000,4.000000,0.000000,7.000000,15.000000,2.000000,5.000000,8097.000000,2266.000000,4820.000000,695.000000,601.000000,3.000000,
0.040715,0.039703,0.363857,0.114708,0.195218,-209657.031983,3.024260,2195607.000000,1874874.000000,3722527.000000,334752.000000,1282372.000000,1952.000000,539.000000,1146.000000,164.000000,144.000000,453.000000,125.000000,266.000000,38.000000,33.000000,2784.000000,769.000000,1633.000000,233.000000,205.000000,15.000000,8.000000,18.000000,3.000000,5.000000,0.000000,6.000000,12.000000,2.000000,4.000000,0.000000,7.000000,15.000000,2.000000,5.000000,8097.000000,2266.000000,4820.000000,695.000000,601.000000,3.000000,
0.040936,0.025110,0.353359,0.168948,0.125802,-209114.696101,3.021281,2195607.000000,1874874.000000,3722527.000000,334752.000000,1282372.000000,1952.000000,539.000000,1146.000000,164.000000,144.000000,453.000000,125.000000,266.000000,38.000000,33.000000,2784.000000,769.000000,1633.000000,233.000000,205.000000,15.000000,8.000000,18.000000,3.000000,5.000000,0.000000,6.000000,12.000000,2.000000,4.000000,0.000000,7.000000,15.000000,2.000000,5.000000,8097.000000,2266.000000,4820.000000,695.000000,601.000000,3.000000,
0.040900,0.016830,0.352183,0.154716,0.174430,-209054.254834,3.016477,2195607.000000,1874874.000000,3722527.000000,334752.000000,1282372.000000,1952.000000,539.000000,1146.000000,164.000000,144.000000,453.000000,125.000000,266.000000,38.000000,33.000000,2784.000000,769.000000,1633.000000,233.000000,205.000000,15.000000,8.000000,18.000000,3.000000,5.000000,0.000000,6.000000,12.000000,2.000000,4.000000,0.000000,7.000000,15.000000,2.000000,5.000000,8097.000000,2266.000000,4820.000000,695.000000,601.000000,3.000000,
0.040900,0.016830,0.352183,0.154716,0.174430,-209054.254834,3.016477,2195607.000000,1874874.000000,3722527.000000,334752.000000,1282372.000000,1952.000000,539.000000,1146.000000,164.000000,144.000000,453.000000,125.000000,266.000000,38.000000,33.000000,2784.000000,769.000000,1633.000000,233.000000,205.000000,15.000000,8.000000,18.000000,3.000000,5.000000,0.000000,6.000000,12.000000,2.000000,4.000000,0.000000,7.000000,15.000000,2.000000,5.000000,8097.000000,2266.000000,4820.000000,695.000000,601.000000,3.000000,
0.040900,0.016830,0.352183,0.154716,0.174430,-209054.254834,3.016477,2195607.000000,1874874.000000,3722527.000000,334752.000000,1282372.000000,1952.000000,539.000000,1146.000000,164.000000,144.000000,453.000000,125.000000,266.000000,38.000000,33.000000,2784.000000,769.000000,1633.000000,233.000000,205.000000,15.000000,8.000000,18.000000,3.000000,5.000000,0.000000,6.000000,12.000000,2.000000,4.000000,0.000000,7.000000,15.000000,2.000000,5.000000,8097.000000,2266.000000,4820.000000,695.000000,601.000000,3.000000,
0.040900,0.016830,0.352183,0.154716,0.174430,-209054.254834,3.016477,2195607.000000,1874874.000000,3722527.000000,334752.000000,1282372.000000,1952.000000,539.000000,1146.000000,164.000000,144.000000,453.000000,125.000000,266.000000,38.000000,33.000000,2784.000000,769.000000,1633.000000,233.000000,205.000000,15.000000,8.000000,18.000000,3.000000,5.000000,0.000000,6.000000,12.000000,2.000000,4.000000,0.000000,7.000000,15.000000,2.000000,5.000000,8097.000000,2266.000000,4820.000000,695.000000,601.000000,3.000000,
0.040900,0.016830,0.352183,0.154716,0.174430,-209054.254834,3.016477,2195607.000000,1874874.000000,3722527.000000,334752.000000,1282372.000000,1952.000000,539.000000,1146.000000,164.000000,144.000000,453.000000,125.000000,266.000000,38.000000,33.000000,2784.000000,769.000000,1633.000000,233.000000,205.000000,15.000000,8.000000,18.000000,3.000000,5.000000,0.000000,6.000000,12.000000,2.000000,4.000000,0.000000,7.000000,15.000000,2.000000,5.000000,8097.000000,2266.000000,4820.000000,695.000000,601.000000,3.000000,
0.040874,0.019378,0.353160,0.127815,0.218458,-209104.343080,3.016331,2195607.000000,1874874.000000,3722527.000000,334752.000000,1282372.000000,1952.000000,539.000000,1146.000000,164.000000,144.000000,453.000000,125.000000,266.000000,38.000000,33.000000,2784.000000,769.000000,1633.000000,233.000000,205.000000,15.000000,8.000000,18.000000,3.000000,5.000000,0.000000,6.000000,12.000000,2.000000,4.000000,0.000000,7.000000,15.000000,2.000000,5.000000,8097.000000,2266.000000,4820.000000,695.000000,601.000000,3.000000,
0.040874,0.019378,0.353160,0.127815,0.218458,-209104.343080,3.016331,2195607.000000,1874874.000000,3722527.000000,334752.000000,1282372.000000,1952.000000,539.000000,1146.000000,164.000000,144.000000,453.000000,125.000000,266.000000,38.000000,33.000000,2784.000000,769.000000,1633.000000,233.000000,205.000000,15.000000,8.000000,18.000000,3.000000,5.000000,0.000000,6.000000,12.000000,2.000000,4.000000,0.000000,7.000000,15.000000,2.000000,5.000000,8097.000000,2266.000000,4820.000000,695.000000,601.000000,3.000000,
0.040990,0.013846,0.346882,0.130299,0.293502,-208783.561411,3.013308,2195607.000000,1874874.000000,3722527.000000,334752.000000,1282372.000000,1952.000000,539.000000,1146.000000,164.000000,144.000000,453.000000,125.000000,266.000000,38.000000,33.000000,2784.000000,769.000000,1633.000000,233.000000,205.000000,15.000000,8.000000,18.000000,3.000000,5.000000,0.000000,6.000000,12.000000,2.000000,4.000000,0.000000,7.000000,15.000000,2.000000,5.000000,8097.000000,2266.000000,4820.000000,695.000000,601.000000,3.000000,
0.041675,0.004645,0.315289,0.014855,0.602126,-207207.737606,3.004216,2195607.000000,1874874.000000,3722527.000000,334752.000000,1282372.000000,1952.000000,539.000000,1146.000000,164.000000,144.000000,453.000000,125.000000,266.000000,38.000000,33.000000,2784.000000,769.000000,1633.000000,233.000000,205.000000,15.000000,8.000000,18.000000,3.000000,5.000000,0.000000,6.000000,12.000000,2.000000,4.000000,0.000000,7.000000,15.000000,2.000000,5.000000,8097.000000,2266.000000,4820.000000,695.000000,601.000000,3.000000,
0.041675,0.004645,0.315289,0.014855,0.602126,-207207.737606,3.004216,2195607.000000,1874874.000000,3722527.000000,334752.000000,1282372.000000,1952.000000,539.000000,1146.000000,164.000000,144.000000,453.000000,125.000000,266.000000,38.000000,33.000000,2784.000000,769.000000,1633.000000,233.000000,205.000000,15.000000,8.000000,18.000000,3.000000,5.000000,0.000000,6.000000,12.000000,2.000000,4.000000,0.000000,7.000000,15.000000,2.000000,5.000000,8097.000000,2266.000000,4820.000000,695.000000,601.000000,3.000000,
0.041675,0.004645,0.315289,0.014855,0.602126,-207207.737606,3.004216,2195607.000000,1874874.000000,3722527.000000,334752.000000,1282372.000000,1952.000000,539.000000,1146.000000,164.000000,144.000000,453.000000,125.000000,266.000000,38.000000,33.000000,2784.000000,769.000000,1633.000000,233.000000,205.000000,15.000000,8.000000,18.000000,3.000000,5.000000,0.000000,6.000000,12.000000,2.000000,4.000000,0.000000,7.000000,15.000000,2.000000,5.000000,8097.000000,2266.000000,4820.000000,695.000000,601.000000,3.000000,
0.041675,0.004645,0.315289,0.014855,0.602126,-207207.737606,3.004216,2195607.000000,1874874.000000,3722527.000000,334752.000000,1282372.000000,1952.000000,539.000000,1146.000000,164.000000,144.000000,453.000000,125.000000,266.000000,38.000000,33.000000,2784.000000,769.000000,1633.000000,233.000000,205.000000,15.000000,8.000000,18.000000,3.000000,5.000000,0.000000,6.000000,12.000000,2.000000,4.000000,0.000000,7.000000,15.000000,2.000000,5.000000,8097.000000,2266.000000,4820.000000,695.000000,601.000000,3.000000,
0.041675,0.004645,0.315289,0.014855,0.602126,-207207.737606,3.004216,2195607.000000,1874874.000000,3722527.000000,334752.000000,1282372.000000,1952.000000,539.000000,1146.000000,164.000000,144.000000,453.000000,125.000000,266.000000,38.000000,33.000000,2784.000000,769.000000,1633.000000,233.000000,205.000000,15.000000,8.000000,18.000000,3.000000,5.000000,0.000000,6.000000,12.000000,2.000000,4.000000,0.000000,7.000000,15.000000,2.000000,5.000000,8097.000000,2266.000000,4820.000000,695.000000,601.000000,3.000000,
0.041550,0.002625,0.321632,0.012926,0.505816,-207519.060530,3.007097,2195607.000000,1874874.000000,3722527.000000,334752.000000,1282372.000000,1952.000000,539.000000,1146.000000,164.000000,144.000000,453.000000,125.000000,266.000000,38.000000,33.000000,2784.000000,769.000000,1633.000000,233.000000,205.000000,15.000000,8.000000,18.000000,3.000000,5.000000,0.000000,6.000000,12.000000,2.000000,4.000000,0.000000,7.000000,15.000000,2.000000,5.000000,8097.000000,2266.000000,4820.000000,695.000000,601.000000,3.000000,
0.041550,0.002625,0.321632,0.012926,0.505816,-207519.060530,3.007097,2195607.000000,1874874.000000,3722527.000000,334752.000000,1282372.000000,1952.000000,539.000000,1146.000000,164.000000,144.000000,453.000000,125.000000,266.000000,38.000000,33.000000,2784.000000,769.000000,1633.000000,233.000000,205.000000,15.000000,8.000000,18.000000,3.000000,5.000000,0.000000,6.000000,12.000000,2.000000,4.000000,0.000000,7.000000,15.000000,2.000000,5.000000,8097.000000,2266.000000,4820.000000,695.000000,601.000000,3.000000,
0.041373,0.003297,0.330080,0.012495,0.459588,-207937.601917,3.010093,2195607.000000,1874874.000000,3722527.000000,334752.000000,1282372.000000,1952.000000,539.000000,1146.000000,164.000000,144.000000,453.000000,125.000000,266.000000,38.000000,33.000000,2784.000000,769.000000,1633.000000,233.000000,205.000000,15.000000,8.000000,18.000000,3.000000,5.000000,0.000000,6.000000,12.000000,2.000000,4.000000,0.000000,7.000000,15.000000,2.000000,5.000000,8097.000000,2266.000000,4820.000000,695.000000,601.000000,3.000000,
0.041373,0.003297,0.330080,0.012495,0.459588,-207937.601917,3.010093,2195607.000000,1874874.000000,3722527.000000,334752.000000,1282372.000000,1952.000000,539.000000,1146.000000,164.000000,144.000000,453.000000,125.000000,266.000000,38.000000,33.000000,2784.000000,769.000000,1633.000000,233.000000,205.000000,15.000000,8.000000,18.000000,3.000000,5.000000,0.000000,6.000000,12.000000,2.000000,4.000000,0.000000,7.000000,15.000000,2.000000,5.000000,8097.000000,2266.000000,4820.000000,695.000000,601.000000,3.000000,
0.041373,0.003297,0.330080,0.012495,0.459588,-207937.601917,3.010093,2195607.000000,1874874.000000,3722527.000000,334752.000000,1282372.000000,1952.000000,539.000000,1146.000000,164.000000,144.000000,453.000000,125.000000,266.000000,38.000000,33.000000,2784.000000,769.000000,1633.000000,233.000000,205.000000,15.000000,8.000000,18.000000,3.000000,5.000000,0.000000,6.000000,12.000000,2.000000,4.000000,0.000000,7.000000,15.000000,2.000000,5.000000,8097.000000,2266.000000,4820.000000,695.000000,601.000000,3.000000,
0.041465,0.003472,0.325418,0.013340,0.582060,-207706.083494,3.008035,2195607.000000,1874874.000000,3722527.000000,334752.000000,1282372.000000,1952.000000,539.000000,1146.000000,164.000000,144.000000,453.000000,125.000000,266.000000,38.000000,33.000000,2784.000000,769.000000,1633.000000,233.000000,205.000000,15.000000,8.000000,18.000000,3.000000,5.000000,0.000000,6.000000,12.000000,2.000000,4.000000,0.000000,7.000000,15.000000,2.000000,5.000000,8097.000000,2266.000000,4820.000000,695.000000,601.000000,3.000000,
0.041465,0.003472,0.325418,0.013340,0.582060,-207706.083494,3.008035,2195607.000000,1874874.000000,3722527.000000,334752.000000,1282372.000000,1952.000000,539.000000,1146.000000,164.000000,144.000000,453.000000,125.000000,266.000000,38.000000,33.000000,2784.000000,769.000000,1633.000000,233.000000,205.000000,15.000000,8.000000,18.000000,3.000000,5.000000,0.000000,6.000000,12.000000,2.000000,4.000000,0.000000,7.000000,15.000000,2.000000,5.000000,8097.000000,2266.000000,4820.000000,695.000000,601.000000,3.000000,
0.041465,0.003472,0.325418,0.013340,0.582060,-207706.083494,3.008035,2195607.000000,1874874.000000,3722527.000000,334752.000000,1282372.000000,1952.000000,539.000000,1146.000000,164.000000,144.000000,453.000000,125.000000,266.000000,38.000000,33.000000,2784.000000,769.000000,1633.000000,233.000000,205.000000,15.000000,8.000000,18.000000,3.000000,5.000000,0.000000,6.000000,12.000000,2.000000,4.000000,0.000000,7.000000,15.000000,2.000000,5.000000,8097.000000,2266.000000,4820.000000,695.000000,601.000000,3.000000,
0.041465,0.003472,0.325418,0.013340,0.582060,-207706.083494,3.008035,2195607.000000,1874874.000000,3722527.000000,334752.000000,1282372.000000,1952.000000,539.000000,1146.000000,164.000000,144.000000,453.000000,125.000000,266.000000,38.000000,33.000000,2784.000000,769.000000,1633.000000,233.000000,205.000000,15.000000,8.000000,18.000000,3.000000,5.000000,0.000000,6.000000,12.000000,2.000000,4.000000,0.000000,7.000000,15.000000,2.000000,5.000000,8097.000000,2266.000000,4820.000000,695.000000,601.000000,3.000000,
0.041465,0.003472,0.325418,0.013340,0.582060,-207706.083494,3.008035,2195607.000000,1874874.000000,3722527.000000,334752.000000,1282372.000000,1952.000000,539.000000,1146.000000,164.000000,144.000000,453.000000,125.000000,266.000000,38.000000,33.000000,2784.000000,769.000000,1633.000000,233.000000,205.000000,15.000000,8.000000,18.000000,3.000000,5.000000,0.000000,6.000000,12.000000,2.000000,4.000000,0.000000,7.000000,15.000000,2.000000,5.000000,8097.000000,2266.000000,4820.000000,695.000000,601.000000,3.000000,
0.041465,0.003472,0.325418,0.013340,0.582060,-207706.083494,3.008035,2195607.000000,1874874.000000,3722527.000000,334752.000000,1282372.000000,1952.000000,539.000000,1146.000000,164.000000,144.000000,453.000000,125.000000,266.000000,38.000000,33.000000,2784.000000,769.000000,1633.000000,233.000000,205.000000,15.000000,8.000000,18.000000,3.000000,5.000000,0.000000,6.000000,12.000000,2.000000,4.000000,0.000000,7.000000,15.000000,2.000000,5.000000,8097.000000,2266.000000,4820.000000,695.000000,601.000000,3.000000,
0.041465,0.003472,0.325418,0.013340,0.582060,-207706.083494,3.008035,2195607.000000,1874874.000000,3722527.000000,334752.000000,1282372.000000,1952.000000,539.000000,1146.000000,164.000000,144.000000,453.000000,125.000000,266.000000,38.000000,33.000000,2784.000000,769.000000,1633.000000,233.000000,205.000000,15.000000,8.000000,18.000000,3.000000,5.000000,0.000000,6.000000,12.000000,2.000000,4.000000,0.000000,7.000000,15.000000,2.000000,5.000000,8097.000000,2266.000000,4820.000000,695.000000,601.000000,3.000000,
0.041465,0.003472,0.325418,0.013340,0.582060,-207706.083494,3.008035,2195607.000000,1874874.000000,3722527.000000,334752.000000,1282372.000000,1952.000000,539.000000,1146.000000,164.000000,144.000000,453.000000,125.000000,266.000000,38.000000,33.000000,2784.000000,769.000000,1633.000000,233.000000,205.000000,15.000000,8.000000,18.000000,3.000000,5.000000,0.000000,6.000000,12.000000,2.000000,4.000000,0.000000,7.000000,15.000000,2.000000,5.000000,8097.000000,2266.000000,4820.000000,695.000000,601.000000,3.000000,
0.041465,0.003472,0.325418,0.013340,0.582060,-207706.083494,3.008035,2195607.000000,1874874.000000,3722527.000000,334752.000000,1282372.000000,1952.000000,539.000000,1146.000000,164.000000,144.000000,453.000000,125.000000,266.000000,38.000000,33.000000,2784.000000,769.000000,1633.000000,233.000000,205.000000,15.000000,8.000000,18.000000,3.000000,5.000000,0.000000,6.000000,12.000000,2.000000,4.000000,0.000000,7.000000,15.000000,2.000000,5.000000,8097.000000,2266.000000,4820.000000,695.000000,601.000000,3.000000,
0.041465,0.003472,0.325418,0.013340,0.582060,-207706.083494,3.008035,2195607.000000,1874874.000000,3722527.000000,334752.000000,1282372.000000,1952.000000,539.000000,1146.000000,164.000000,144.000000,453.000000,125.000000,266.000000,38.000000,33.000000,2784.000000,769.000000,1633.000000,233.000000,205.000000,15.000000,8.000000,18.000000,3.000000,5.000000,0.000000,6.000000,12.000000,2.000000,4.000000,0.000000,7.000000,15.000000,2.000000,5.000000,8097.000000,2266.000000,4820.000000,695.000000,601.000000,3.000000,
0.041465,0.003472,0.325418,0.013340,0.582060,-207706.083494,3.008035,2195607.000000,1874874.000000,3722527.000000,334752.000000,1282372.000000,1952.000000,539.000000,1146.000000,164.000000,144.000000,453.000000,125.000000,266.000000,38.000000,33.000000,2784.000000,769.000000,1633.000000,233.000000,205.000000,15.000000,8.000000,18.000000,3.000000,5.000000,0.000000,6.000000,12.000000,2.000000,4.000000,0.000000,7.000000,15.000000,2.000000,5.000000,8097.000000,2266.000000,4820.000000,695.000000,601.000000,3.000000,
0.041494,0.006723,0.322267,0.009118,0.530275,-207550.300373,3.004230,2195607.000000,1874874.000000,3722527.000000,334752.000000,1282372.000000,1952.000000,539.000000,1146.000000,164.000000,144.000000,453.000000,125.000000,266.000000,38.000000,33.000000,2784.000000,769.000000,1633.000000,233.000000,205.000000,15.000000,8.000000,18.000000,3.000000,5.000000,0.000000,6.000000,12.000000,2.000000,4.000000,0.000000,7.000000,15.000000,2.000000,5.000000,8097.000000,2266.000000,4820.000000,695.000000,601.000000,3.000000,
0.041486,0.009712,0.320196,0.006361,0.601340,-207448.188285,2.999824,2195607.000000,1874874.000000,3722527.000000,334752.000000,1282372.000000,1952.000000,539.000000,1146.000000,164.000000,144.000000,453.000000,125.000000,266.000000,38.000000,33.000000,2784.000000,769.000000,1633.000000,233.000000,205.000000,15.000000,8.000000,18.000000,3.000000,5.000000,0.000000,6.000000,12.000000,2.000000,4.000000,0.000000,7.000000,15.000000,2.000000,5.000000,8097.000000,2266.000000,4820.000000,695.000000,601.000000,3.000000,
0.041486,0.009712,0.320196,0.006361,0.601340,-207448.188285,2.999824,2195607.000000,1874874.000000,3722527.000000,334752.000000,1282372.000000,1952.000000,539.000000,1146.000000,164.000000,144.000000,453.000000,125.000000,266.000000,38.000000,33.000000,2784.000000,769.000000,1633.000000,233.000000,205.000000,15.000000,8.000000,18.000000,3.000000,5.000000,0.000000,6.000000,12.000000,2.000000,4.000000,0.000000,7.000000,15.000000,2.000000,5.000000,8097.000000,2266.000000,4820.000000,695.000000,601.000000,3.000000,
0.041486,0.009712,0.320196,0.006361,0.601340,-207448.188285,2.999824,2195607.000000,1874874.000000,3722527.000000,334752.000000,1282372.000000,1952.000000,539.000000,1146.000000,164.000000,144.000000,453.000000,125.000000,266.000000,38.000000,33.000000,2784.000000,769.000000,1633.000000,233.000000,205.000000,15.000000,8.000000,18.000000,3.000000,5.000000,0.000000,6.000000,12.000000,2.000000,4.000000,0.000000,7.000000,15.000000,2.000000,5.000000,8097.000000,2266.000000,4820.000000,695.000000,601.000000,3.000000,
0.041331,0.077131,0.323236,0.003647,0.612174,-207597.814861,2.994265,2195607.000000,1874874.000000,3722527.000000,334752.000000,1282372.000000,1952.000000,539.000000,1146.000000,164.000000,144.000000,453.000000,125.000000,266.000000,38.000000,33.000000,2784.000000,769.000000,1633.000000,233.000000,205.000000,15.000000,8.000000,18.000000,3.000000,5.000000,0.000000,6.000000,12.000000,2.000000,4.000000,0.000000,7.000000,15.000000,2.000000,5.000000,8097.000000,2266.000000,4820.000000,695.000000,601.000000,3.000000,
0.041331,0.077131,0.323236,0.003647,0.612174,-207597.814861,2.994265,2195607.000000,1874874.000000,3722527.000000,334752.000000,1282372.000000,1952.000000,539.000000,1146.000000,164.000000,144.000000,453.000000,125.000000,266.000000,38.000000,33.000000,2784.000000,769.000000,1633.000000,233.000000,205.000000,15.000000,8.000000,18.000000,3.000000,5.000000,0.000000,6.000000,12.000000,2.000000,4.000000,0.000000,7.000000,15.000000,2.000000,5.000000,8097.000000,2266.000000,4820.000000,695.000000,601.000000,3.000000,
0.041331,0.077131,0.323236,0.003647,0.612174,-207597.814861,2.994265,2195607.000000,1874874.000000,3722527.000000,334752.000000,1282372.000000,1952.000000,539.000000,1146.000000,164.000000,144.000000,453.000000,125.000000,266.000000,38.000000,33.000000,2784.000000,769.000000,1633.000000,233.000000,205.000000,15.000000,8.000000,18.000000,3.000000,5.000000,0.000000,6.000000,12.000000,2.000000,4.000000,0.000000,7.000000,15.000000,2.000000,5.000000,8097.000000,2266.000000,4820.000000,695.000000,601.000000,3.000000,
0.041315,0.084026,0.324496,0.001628,0.675527,-207660.118176,2.995465,2195607.000000,1874874.000000,3722527.000000,334752.000000,1282372.000000,1952.000000,539.000000,1146.000000,164.000000,144.000000,453.000000,125.000000,266.000000,38.000000,33.000000,2784.000000,769.000000,1633.000000,233.000000,205.000000,15.000000,8.000000,18.000000,3.000000,5.000000,0.000000,6.000000,12.000000,2.000000,4.000000,0.000000,7.000000,15.000000,2.000000,5.000000,8097.000000,2266.000000,4820.000000,695.000000,601.000000,3.000000,
0.041288,0.160276,0.324554,0.001720,0.705669,-207662.958084,2.993615,2195607.000000,1874874.000000,3722527.000000,334752.000000,1282372.000000,1952.000000,539.000000,1146.000000,164.000000,144.000000,453.000000,125.000000,266.000000,38.000000,33.000000,2784.000000,769.000000,1633.000000,233.000000,205.000000,15.000000,8.000000,18.000000,3.000000,5.000000,0.000000,6.000000,12.000000,2.000000,4.000000,0.000000,7.000000,15.000000,2.000000,5.000000,8097.000000,2266.000000,4820.000000,695.000000,601.000000,3.000000,
0.041238,0.156980,0.327466,0.002745,0.585543,-207807.264779,2.995371,2195607.000000,1874874.000000,3722527.000000,334752.000000,1282372.000000,1952.000000,539.000000,1146.000000,164.000000,144.000000,453.000000,125.000000,266.000000,38.000000,33.000000,2784.000000,769.000000,1633.000000,233.000000,205.000000,15.000000,8.000000,18.000000,3.000000,5.000000,0.000000,6.000000,12.000000,2.000000,4.000000,0.000000,7.000000,15.000000,2.000000,5.000000,8097.000000,2266.000000,4820.000000,695.000000,601.000000,3.000000,
0.041238,0.156980,0.327466,0.002745,0.585543,-207807.264779,2.995371,2195607.000000,1874874.000000,3722527.000000,334752.000000,1282372.000000,1952.000000,539.000000,1146.000000,164.000000,144.000000,453.000000,125.000000,266.000000,38.000000,33.000000,2784.000000,769.000000,1633.000000,233.000000,205.000000,15.000000,8.000000,18.000000,3.000000,5.000000,0.000000,6.000000,12.000000,2.000000,4.000000,0.000000,7.000000,15.000000,2.000000,5.000000,8097.000000,2266.000000,4820.000000,695.000000,601.000000,3.000000,
0.041238,0.156980,0.327466,0.002745,0.585543,-207807.264779,2.995371,2195607.000000,1874874.000000,3722527.000000,334752.000000,1282372.000000,1952.000000,539.000000,1146.000000,164.000000,144.000000,453.000000,125.000000,266.000000,38.000000,33.000000,2784.000000,769.000000,1633.000000,233.000000,205.000000,15.000000,8.000000,18.000000,3.000000,5.000000,0.000000,6.000000,12.000000,2.000000,4.000000,0.000000,7.000000,15.000000,2.000000,5.000000,8097.000000,2266.000000,4820.000000,695.000000,601.000000,3.000000,
0.041238,0.156980,0.327466,0.002745,0.585543,-207807.264779,2.995371,2195607.000000,1874874.000000,3722527.000000,334752.000000,1282372.000000,1952.000000,539.000000,1146.000000,164.000000,144.000000,453.000000,125.000000,266.000000,38.000000,33.000000,2784.000000,769.000000,1633.000000,233.000000,205.000000,15.000000,8.000000,18.000000,3.000000,5.000000,0.000000,6.000000,12.000000,2.000000,4.000000,0.000000,7.000000,15.000000,2.000000,5.000000,8097.000000,2266.000000,4820.000000,695.000000,601.000000,3.000000,
0.041238,0.156980,0.327466,0.002745,0.585543,-207807.264779,2.995371,2195607.000000,1874874.000000,3722527.000000,334752.000000,1282372.000000,1952.000000,539.000000,1146.000000,164.000000,144.000000,453.000000,125.000000,266.000000,38.000000,33.000000,2784.000000,769.000000,1633.000000,233.000000,205.000000,15.000000,8.000000,18.000000,3.000000,5.000000,0.000000,6.000000,12.000000,2.000000,4.000000,0.000000,7.000000,15.000000,2.000000,5.000000,8097.000000,2266.000000,4820.000000,695.000000,601.000000,3.000000,
0.041238,0.156980,0.327466,0.002745,0.585543,-207807.264779,2.995371,2195607.000000,1874874.000000,3722527.000000,334752.000000,1282372.000000,1952.000000,539.000000,1146.000000,164.000000,144.000000,453.000000,125.000000,266.000000,38.000000,33.000000,2784.000000,769.000000,1633.000000,233.000000,205.000000,15.000000,8.000000,18.000000,3.000000,5.000000,0.000000,6.000000,12.000000,2.000000,4.000000,0.000000,7.000000,15.000000,2.000000,5.000000,8097.000000,2266.000000,4820.000000,695.000000,601.000000,3.000000,
0.041238,0.156980,0.327466,0.002745,0.585543,-207807.264779,2.995371,2195607.000000,1874874.000000,3722527.000000,334752.000000,1282372.000000,1952.000000,539.000000,1146.000000,164.000000,144.000000,453.000000,125.000000,266.000000,38.000000,33.000000,2784.000000,769.000000,1633.000000,233.000000,205.000000,15.000000,8.000000,18.000000,3.000000,5.000000,0.000000,6.000000,12.000000,2.000000,4.000000,0.000000,7.000000,15.000000,2.000000,5.000000,8097.000000,2266.000000,4820.000000,695.000000,601.000000,3.000000,
0.041238,0.156980,0.327466,0.002745,0.585543,-207807.264779,2.995371,2195607.000000,1874874.000000,3722527.000000,334752.000000,1282372.000000,1952.000000,539.000000,1146.000000,164.000000,144.000000,453.000000,125.000000,266.000000,38.000000,33.000000,2784.000000,769.000000,1633.000000,233.000000,205.000000,15.000000,8.000000,18.000000,3.000000,5.000000,0.000000,6.000000,12.000000,2.000000,4.000000,0.000000,7.000000,15.000000,2.000000,5.000000,8097.000000,2266.000000,4820.000000,695.000000,601.000000,3.000000,
0.041211,0.210168,0.327917,0.001429,0.658612,-207829.600522,2.994263,2195607.000000,1874874.000000,3722527.000000,334752.000000,1282372.000000,1952.000000,539.000000,1146.000000,164.000000,144.000000,453.000000,125.000000,266.000000,38.000000,33.000000,2784.000000,769.000000,1633.000000,233.000000,205.000000,15.000000,8.000000,18.000000,3.000000,5.000000,0.000000,6.000000,12.000000,2.000000,4.000000,0.000000,7.000000,15.000000,2.000000,5.000000,8097.000000,2266.000000,4820.000000,695.000000,601.000000,3.000000,
0.041211,0.210168,0.327917,0.001429,0.658612,-207829.600522,2.994263,2195607.000000,1874874.000000,3722527.000000,334752.000000,1282372.000000,1952.000000,539.000000,1146.000000,164.000000,144.000000,453.000000,125.000000,266.000000,38.000000,33.000000,2784.000000,769.000000,1633.000000,233.000000,205.000000,15.000000,8.000000,18.000000,3.000000,5.000000,0.000000,6.000000,12.000000,2.000000,4.000000,0.000000,7.000000,15.000000,2.000000,5.000000,8097.000000,2266.000000,4820.000000,695.000000,601.000000,3.000000,
0.041211,0.210168,0.327917,0.001429,0.658612,-207829.600522,2.994263,2195607.000000,1874874.000000,3722527.000000,334752.000000,1282372.000000,1952.000000,539.000000,1146.000000,164.000000,144.000000,453.000000,125.000000,266.000000,38.000000,33.000000,2784.000000,769.000000,1633.000000,233.000000,205.000000,15.000000,8.000000,18.000000,3.000000,5.000000,0.000000,6.000000,12.000000,2.000000,4.000000,0.000000,7.000000,15.000000,2.000000,5.000000,8097.000000,2266.000000,4820.000000,695.000000,601.000000,3.000000,
0.041211,0.210168,0.327917,0.001429,0.658612,-207829.600522,2.994263,2195607.000000,1874874.000000,3722527.000000,334752.000000,1282372.000000,1952.000000,539.000000,1146.000000,164.000000,144.000000,453.000000,125.000000,266.000000,38.000000,33.000000,2784.000000,769.000000,1633.000000,233.000000,205.000000,15.000000,8.000000,18.000000,3.000000,5.000000,0.000000,6.000000,12.000000,2.000000,4.000000,0.000000,7.000000,15.000000,2.000000,5.000000,8097.000000,2266.000000,4820.000000,695.000000,601.000000,3.000000,
0.041211,0.210168,0.327917,0.001429,0.658612,-207829.600522,2.994263,2195607.000000,1874874.000000,3722527.000000,334752.000000,1282372.000000,1952.000000,539.000000,1146.000000,164.000000,144.000000,453.000000,125.000000,266.000000,38.000000,33.000000,2784.000000,769.000000,1633.000000,233.000000,205.000000,15.000000,8.000000,18.000000,3.000000,5.000000,0.000000,6.000000,12.000000,2.000000,4.000000,0.000000,7.000000,15.000000,2.000000,5.000000,8097.000000,2266.000000,4820.000000,695.000000,601.000000,3.000000,
0.041211,0.210168,0.327917,0.001429,0.658612,-207829.600522,2.994263,2195607.000000,1874874.000000,3722527.000000,334752.000000,1282372.000000,1952.000000,539.000000,1146.000000,164.000000,144.000000,453.000000,125.000000,266.000000,38.000000,33.000000,2784.000000,769.000000,1633.000000,233.000000,205.000000,15.000000,8.000000,18.000000,3.000000,5.000000,0.000000,6.000000,12.000000,2.000000,4.000000,0.000000,7.000000,15.000000,2.000000,5.000000,8097.000000,2266.000000,4820.000000,695.000000,601.000000,3.000000,
0.041211,0.210168,0.327917,0.001429,0.658612,-207829.600522,2.994263,2195607.000000,1874874.000000,3722527.000000,334752.000000,1282372.000000,1952.000000,539.000000,1146.000000,164.000000,144.000000,453.000000,125.000000,266.000000,38.000000,33.000000,2784.000000,769.000000,1633.000000,233.000000,205.000000,15.000000,8.000000,18.000000,3.000000,5.000000,0.000000,6.000000,12.000000,2.000000,4.000000,0.000000,7.000000,15.000000,2.000000,5.000000,8097.000000,2266.000000,4820.000000,695.000000,601.000000,3.000000,
0.041211,0.210168,0.327917,0.001429,0.658612,-207829.600522,2.994263,2195607.000000,1874874.000000,3722527.000000,334752.000000,1282372.000000,1952.000000,539.000000,1146.000000,164.000000,144.000000,453.000000,125.000000,266.000000,38.000000,33.000000,2784.000000,769.000000,1633.000000,233.000000,205.000000,15.000000,8.000000,18.000000,3.000000,5.000000,0.000000,6.000000,12.000000,2.000000,4.000000,0.000000,7.000000,15.000000,2.000000,5.000000,8097.000000,2266.000000,4820.000000,695.000000,601.000000,3.000000,
0.041211,0.210168,0.327917,0.001429,0.658612,-207829.600522,2.994263,2195607.000000,1874874.000000,3722527.000000,334752.000000,1282372.000000,1952.000000,539.000000,1146.000000,164.000000,144.000000,453.000000,125.000000,266.000000,38.000000,33.000000,2784.000000,769.000000,1633.000000,233.000000,205.000000,15.000000,8.000000,18.000000,3.000000,5.000000,0.000000,6.000000,12.000000,2.000000,4.000000,0.000000,7.000000,15.000000,2.000000,5.000000,8097.000000,2266.000000,4820.000000,695.000000,601.000000,3.000000,
0.041211,0.210168,0.327917,0.001429,0.658612,-207829.600522,2.994263,2195607.000000,1874874.000000,3722527.000000,334752.000000,1282372.000000,1952.000000,539.000000,1146.000000,164.000000,144.000000,453.000000,125.000000,266.000000,38.000000,33.000000,2784.000000,769.000000,1633.000000,233.000000,205.000000,15.000000,8.000000,18.000000,3.000000,5.000000,0.000000,6.000000,12.000000,2.000000,4.000000,0.000000,7.000000,15.000000,2.000000,5.000000,8097.000000,2266.000000,4820.000000,695.000000,601.000000,3.000000,
0.041053,0.144651,0.334428,0.002009,0.612616,-208154.364793,2.994873,2195607.000000,1874874.000000,3722527.000000,334752.000000,1282372.000000,1952.000000,539.000000,1146.000000,164.000000,144.000000,453.000000,125.000000,266.000000,38.000000,33.000000,2784.000000,769.000000,1633.000000,233.000000,205.000000,15.000000,8.000000,18.000000,3.000000,5.000000,0.000000,6.000000,12.000000,2.000000,4.000000,0.000000,7.000000,15.000000,2.000000,5.000000,8097.000000,2266.000000,4820.000000,695.000000,601.000000,3.000000,
0.041053,0.144651,0.334428,0.002009,0.612616,-208154.364793,2.994873,2195607.000000,1874874.000000,3722527.000000,334752.000000,1282372.000000,1952.000000,539.000000,1146.000000,164.000000,144.000000,453.000000,125.000000,266.000000,38.000000,33.000000,2784.000000,769.000000,1633.000000,233.000000,205.000000,15.000000,8.000000,18.000000,3.000000,5.000000,0.000000,6.000000,12.000000,2.000000,4.000000,0.000000,7.000000,15.000000,2.000000,5.000000,8097.000000,2266.000000,4820.000000,695.000000,601.000000,3.000000,
0.041053,0.144651,0.334428,0.002009,0.612616,-208154.364793,2.994873,2195607.000000,1874874.000000,3722527.000000,334752.000000,1282372.000000,1952.000000,539.000000,1146.000000,164.000000,144.000000,453.000000,125.000000,266.000000,38.000000,33.000000,2784.000000,769.000000,1633.000000,233.000000,205.000000,15.000000,8.000000,18.000000,3.000000,5.000000,0.000000,6.000000,12.000000,2.000000,4.000000,0.000000,7.000000,15.000000,2.000000,5.000000,8097.000000,2266.000000,4820.000000,695.000000,601.000000,3.000000,
0.041053,0.144651,0.334428,0.002009,0.612616,-208154.364793,2.994873,2195607.000000,1874874.000000,3722527.000000,334752.000000,1282372.000000,1952.000000,539.000000,1146.000000,164.000000,144.000000,453.000000,125.000000,266.000000,38.000000,33.000000,2784.000000,769.000000,1633.000000,233.000000,205.000000,15.000000,8.000000,18.000000,3.000000,5.000000,0.000000,6.000000,12.000000,2.000000,4.000000,0.000000,7.000000,15.000000,2.000000,5.000000,8097.000000,2266.000000,4820.000000,695.000000,601.000000,3.000000,
0.041053,0.144651,0.334428,0.002009,0.612616,-208154.364793,2.994873,2195607.000000,1874874.000000,3722527.000000,334752.000000,1282372.000000,1952.000000,539.000000,1146.000000,164.000000,144.000000,453.000000,125.000000,266.000000,38.000000,33.000000,2784.000000,769.000000,1633.000000,233.000000,205.000000,15.000000,8.000000,18.000000,3.000000,5.000000,0.000000,6.000000,12.000000,2.000000,4.000000,0.000000,7.000000,15.000000,2.000000,5.000000,8097.000000,2266.000000,4820.000000,695.000000,601.000000,3.000000,
0.041053,0.144651,0.334428,0.002009,0.612616,-208154.364793,2.994873,2195607.000000,1874874.000000,3722527.000000,334752.000000,1282372.000000,1952.000000,539.000000,1146.000000,164.000000,144.000000,453.000000,125.000000,266.000000,38.000000,33.000000,2784.000000,769.000000,1633.000000,233.000000,205.000000,15.000000,8.000000,18.000000,3.000000,5.000000,0.000000,6.000000,12.000000,2.000000,4.000000,0.000000,7.000000,15.000000,2.000000,5.000000,8097.000000,2266.000000,4820.000000,695.000000,601.000000,3.000000,
0.041053,0.144651,0.334428,0.002009,0.612616,-208154.364793,2.994873,2195607.000000,1874874.000000,3722527.000000,334752.000000,1282372.000000,1952.000000,539.000000,1146.000000,164.000000,144.000000,453.000000,125.000000,266.000000,38.000000,33.000000,2784.000000,769.000000,1633.000000,233.000000,205.000000,15.000000,8.000000,18.000000,3.000000,5.000000,0.000000,6.000000,12.000000,2.000000,4.000000,0.000000,7.000000,15.000000,2.000000,5.000000,8097.000000,2266.000000,4820.000000,695.000000,601.000000,3.000000,
0.041053,0.144651,0.334428,0.002009,0.612616,-208154.364793,2.994873,2195607.000000,1874874.000000,3722527.000000,334752.000000,1282372.000000,1952.000000,539.000000,1146.000000,164.000000,144.000000,453.000000,125.000000,266.000000,38.000000,33.000000,2784.000000,769.000000,1633.000000,233.000000,205.000000,15.000000,8.000000,18.000000,3.000000,5.000000,0.000000,6.000000,12.000000,2.000000,4.000000,0.000000,7.000000,15.000000,2.000000,5.000000,8097.000000,2266.000000,4820.000000,695.000000,601.000000,3.000000,
0.041053,0.144651,0.334428,0.002009,0.612616,-208154.364793,2.994873,2195607.000000,1874874.000000,3722527.000000,334752.000000,1282372.000000,1952.000000,539.000000,1146.000000,164.000000,144.000000,453.000000,125.000000,266.000000,38.000000,33.000000,2784.000000,769.000000,1633.000000,233.000000,205.000000,15.000000,8.000000,18.000000,3.000000,5.000000,0.000000,6.000000,12.000000,2.000000,4.000000,0.000000,7.000000,15.000000,2.000000,5.000000,8097.000000,2266.000000,4820.000000,695.000000,601.000000,3.000000,
0.041053,0.144651,0.334428,0.002009,0.612616,-208154.364793,2.994873,2195607.000000,1874874.000000,3722527.000000,334752.000000,1282372.000000,1952.000000,539.000000,1146.000000,164.000000,144.000000,453.000000,125.000000,266.000000,38.000000,33.000000,2784.000000,769.000000,1633.000000,233.000000,205.000000,15.000000,8.000000,18.000000,3.000000,5.000000,0.000000,6.000000,12.000000,2.000000,4.000000,0.000000,7.000000,15.000000,2.000000,5.000000,8097.000000,2266.000000,4820.000000,695.000000,601.000000,3.000000,
0.041053,0.144651,0.334428,0.002009,0.612616,-208154.364793,2.994873,2195607.000000,1874874.000000,3722527.000000,334752.000000,1282372.000000,1952.000000,539.000000,1146.000000,164.000000,144.000000,453.000000,125.000000,266.000000,38.000000,33.000000,2784.000000,769.000000,1633.000000,233.000000,205.000000,15.000000,8.000000,18.000000,3.000000,5.000000,0.000000,6.000000,12.000000,2.000000,4.000000,0.000000,7.000000,15.000000,2.000000,5.000000,8097.000000,2266.000000,4820.000000,695.000000,601.000000,3.000000,
0.041053,0.144651,0.334428,0.002009,0.612616,-208154.364793,2.994873,2195607.000000,1874874.000000,3722527.000000,334752.000000,1282372.000000,1952.000000,539.000000,1146.000000,164.000000,144.000000,453.000000,125.000000,266.000000,38.000000,33.000000,2784.000000,769.000000,1633.000000,233.000000,205.000000,15.000000,8.000000,18.000000,3.000000,5.000000,0.000000,6.000000,12.000000,2.000000,4.000000,0.000000,7.000000,15.000000,2.000000,5.000000,8097.000000,2266.000000,4820.000000,695.000000,601.000000,3.000000,
0.041053,0.144651,0.334428,0.002009,0.612616,-208154.364793,2.994873,2195607.000000,1874874.000000,3722527.000000,334752.000000,1282372.000000,1952.000000,539.000000,1146.000000,164.000000,144.000000,453.000000,125.000000,266.000000,38.000000,33.000000,2784.000000,769.000000,1633.000000,233.000000,205.000000,15.000000,8.000000,18.000000,3.000000,5.000000,0.000000,6.000000,12.000000,2.000000,4.000000,0.000000,7.000000,15.000000,2.000000,5.000000,8097.000000,2266.000000,4820.000000,695.000000,601.000000,3.000000,
0.041053,0.144651,0.334428,0.002009,0.612616,-208154.364793,2.994873,2195607.000000,1874874.000000,3722527.000000,334752.000000,1282372.000000,1952.000000,539.000000,1146.000000,164.000000,144.000000,453.000000,125.000000,266.000000,38.000000,33.000000,2784.000000,769.000000,1633.000000,233.000000,205.000000,15.000000,8.000000,18.000000,3.000000,5.000000,0.000000,6.000000,12.000000,2.000000,4.000000,0.000000,7.000000,15.000000,2.000000,5.000000,8097.000000,2266.000000,4820.000000,695.000000,601.000000,3.000000,
0.041053,0.144651,0.334428,0.002009,0.612616,-208154.364793,2.994873,2195607.000000,1874874.000000,3722527.000000,334752.000000,1282372.000000,1952.000000,539.000000,1146.000000,164.000000,144.000000,453.000000,125.000000,266.000000,38.000000,33.000000,2784.000000,769.000000,1633.000000,233.000000,205.000000,15.000000,8.000000,18.000000,3.000000,5.000000,0.000000,6.000000,12.000000,2.000000,4.000000,0.000000,7.000000,15.000000,2.000000,5.000000,8097.000000,2266.000000,4820.000000,695.000000,601.000000,3.000000,
0.041053,0.144651,0.334428,0.002009,0.612616,-208154.364793,2.994873,2195607.000000,1874874.000000,3722527.000000,334752.000000,1282372.000000,1952.000000,539.000000,1146.000000,164.000000,144.000000,453.000000,125.000000,266.000000,38.000000,33.000000,2784.000000,769.000000,1633.000000,233.000000,205.000000,15.000000,8.000000,18.000000,3.000000,5.000000,0.000000,6.000000,12.000000,2.000000,4.000000,0.000000,7.000000,15.000000,2.000000,5.000000,8097.000000,2266.000000,4820.000000,695.000000,601.000000,3.000000,
0.041053,0.144651,0.334428,0.002009,0.612616,-208154.364793,2.994873,2195607.000000,1874874.000000,3722527.000000,334752.000000,1282372.000000,1952.000000,539.000000,1146.000000,164.000000,144.000000,453.000000,125.000000,266.000000,38.000000,33.000000,2784.000000,769.000000,1633.000000,233.000000,205.000000,15.000000,8.000000,18.000000,3.000000,5.000000,0.000000,6.000000,12.000000,2.000000,4.000000,0.000000,7.000000,15.000000,2.000000,5.000000,8097.000000,2266.000000,4820.000000,695.000000,601.000000,3.000000,
0.041053,0.144651,0.334428,0.002009,0.612616,-208154.364793,2.994873,2195607.000000,1874874.000000,3722527.000000,334752.000000,1282372.000000,1952.000000,539.000000,1146.000000,164.000000,144.000000,453.000000,125.000000,266.000000,38.000000,33.000000,2784.000000,769.000000,1633.000000,233.000000,205.000000,15.000000,8.000000,18.000000,3.000000,5.000000,0.000000,6.000000,12.000000,2.000000,4.000000,0.000000,7.000000,15.000000,2.000000,5.000000,8097.000000,2266.000000,4820.000000,695.000000,601.000000,3.000000,
0.041053,0.144651,0.334428,0.002009,0.612616,-208154.364793,2.994873,2195607.000000,1874874.000000,3722527.000000,334752.000000,1282372.000000,1952.000000,539.000000,1146.000000,164.000000,144.000000,453.000000,125.000000,266.000000,38.000000,33.000000,2784.000000,769.000000,1633.000000,233.000000,205.000000,15.000000,8.000000,18.000000,3.000000,5.000000,0.000000,6.000000,12.000000,2.000000,4.000000,0.000000,7.000000,15.000000,2.000000,5.000000,8097.000000,2266.000000,4820.000000,695.000000,601.000000,3.000000,
0.041053,0.144651,0.334428,0.002009,0.612616,-208154.364793,2.994873,2195607.000000,1874874.000000,3722527.000000,334752.000000,1282372.000000,1952.000000,539.000000,1146.000000,164.000000,144.000000,453.000000,125.000000,266.000000,38.000000,33.000000,2784.000000,769.000000,1633.000000,233.000000,205.000000,15.000000,8.000000,18.000000,3.000000,5.000000,0.000000,6.000000,12.000000,2.000000,4.000000,0.000000,7.000000,15.000000,2.000000,5.000000,8097.000000,2266.000000,4820.000000,695.000000,601.000000,3.000000,
0.041053,0.144651,0.334428,0.002009,0.612616,-208154.364793,2.994873,2195607.000000,1874874.000000,3722527.000000,334752.000000,1282372.000000,1952.000000,539.000000,1146.000000,164.000000,144.000000,453.000000,125.000000,266.000000,38.000000,33.000000,2784.000000,769.000000,1633.000000,233.000000,205.000000,15.000000,8.000000,18.000000,3.000000,5.000000,0.000000,6.000000,12.000000,2.000000,4.000000,0.000000,7.000000,15.000000,2.000000,5.000000,8097.000000,2266.000000,4820.000000,695.000000,601.000000,3.000000,
0.041053,0.144651,0.334428,0.002009,0.612616,-208154.364793,2.994873,2195607.000000,1874874.000000,3722527.000000,334752.000000,1282372.000000,1952.000000,539.000000,1146.000000,164.000000,144.000000,453.000000,125.000000,266.000000,38.000000,33.000000,2784.000000,769.000000,1633.000000,233.000000,205.000000,15.000000,8.000000,18.000000,3.000000,5.000000,0.000000,6.000000,12.000000,2.000000,4.000000,0.000000,7.000000,15.000000,2.000000,5.000000,8097.000000,2266.000000,4820.000000,695.000000,601.000000,3.000000,
0.041257,0.199686,0.326113,0.002289,0.665431,-207740.143919,2.994219,2195607.000000,1874874.000000,3722527.000000,334752.000000,1282372.000000,1952.000000,539.000000,1146.000000,164.000000,144.000000,453.000000,125.000000,266.000000,38.000000,33.000000,2784.000000,769.000000,1633.000000,233.000000,205.000000,15.000000,8.000000,18.000000,3.000000,5.000000,0.000000,6.000000,12.000000,2.000000,4.000000,0.000000,7.000000,15.000000,2.000000,5.000000,8097.000000,2266.000000,4820.000000,695.000000,601.000000,3.000000,
0.041257,0.199686,0.326113,0.002289,0.665431,-207740.143919,2.994219,2195607.000000,1874874.000000,3722527.000000,334752.000000,1282372.000000,1952.000000,539.000000,1146.000000,164.000000,144.000000,453.000000,125.000000,266.000000,38.000000,33.000000,2784.000000,769.000000,1633.000000,233.000000,205.000000,15.000000,8.000000,18.000000,3.000000,5.000000,0.000000,6.000000,12.000000,2.000000,4.000000,0.000000,7.000000,15.000000,2.000000,5.000000,8097.000000,2266.000000,4820.000000,695.000000,601.000000,3.000000,
0.041257,0.199686,0.326113,0.002289,0.665431,-207740.143919,2.994219,2195607.000000,1874874.000000,3722527.000000,334752.000000,1282372.000000,1952.000000,539.000000,1146.000000,164.000000,144.000000,453.000000,125.000000,266.000000,38.000000,33.000000,2784.000000,769.000000,1633.000000,233.000000,205.000000,15.000000,8.000000,18.000000,3.000000,5.000000,0.000000,6.000000,12.000000,2.000000,4.000000,0.000000,7.000000,15.000000,2.000000,5.000000,8097.000000,2266.000000,4820.000000,695.000000,601.000000,3.000000,
0.041257,0.199686,0.326113,0.002289,0.665431,-207740.143919,2.994219,2195607.000000,1874874.000000,3722527.000000,334752.000000,1282372.000000,1952.000000,539.000000,1146.000000,164.000000,144.000000,453.000000,125.000000,266.000000,38.000000,33.000000,2784.000000,769.000000,1633.000000,233.000000,205.000000,15.000000,8.000000,18.000000,3.000000,5.000000,0.000000,6.000000,12.000000,2.000000,4.000000,0.000000,7.000000,15.000000,2.000000,5.000000,8097.000000,2266.000000,4820.000000,695.000000,601.000000,3.000000,
0.041257,0.199686,0.326113,0.002289,0.665431,-207740.143919,2.994219,2195607.000000,1874874.000000,3722527.000000,334752.000000,1282372.000000,1952.000000,539.000000,1146.000000,164.000000,144.000000,453.000000,125.000000,266.000000,38.000000,33.000000,2784.000000,769.000000,1633.000000,233.000000,205.000000,15.000000,8.000000,18.000000,3.000000,5.000000,0.000000,6.000000,12.000000,2.000000,4.000000,0.000000,7.000000,15.000000,2.000000,5.000000,8097.000000,2266.000000,4820.000000,695.000000,601.000000,3.000000,
0.041257,0.199686,0.326113,0.002289,0.665431,-207740.143919,2.994219,2195607.000000,1874874.000000,3722527.000000,334752.000000,1282372.000000,1952.000000,539.000000,1146.000000,164.000000,144.000000,453.000000,125.000000,266.000000,38.000000,33.000000,2784.000000,769.000000,1633.000000,233.000000,205.000000,15.000000,8.000000,18.000000,3.000000,5.000000,0.000000,6.000000,12.000000,2.000000,4.000000,0.000000,7.000000,15.000000,2.000000,5.000000,8097.000000,2266.000000,4820.000000,695.000000,601.000000,3.000000,
0.041257,0.199686,0.326113,0.002289,0.665431,-207740.143919,2.994219,2195607.000000,1874874.000000,3722527.000000,334752.000000,1282372.000000,1952.000000,539.000000,1146.000000,164.000000,144.000000,453.000000,125.000000,266.000000,38.000000,33.000000,2784.000000,769.000000,1633.000000,233.000000,205.000000,15.000000,8.000000,18.000000,3.000000,5.000000,0.000000,6.000000,12.000000,2.000000,4.000000,0.000000,7.000000,15.000000,2.000000,5.000000,8097.000000,2266.000000,4820.000000,695.000000,601.000000,3.000000,
0.041257,0.199686,0.326113,0.002289,0.665431,-207740.143919,2.994219,2195607.000000,1874874.000000,3722527.000000,334752.000000,1282372.000000,1952.000000,539.000000,1146.000000,164.000000,144.000000,453.000000,125.000000,266.000000,38.000000,33.000000,2784.000000,769.000000,1633.000000,233.000000,205.000000,15.000000,8.000000,18.000000,3.000000,5.000000,0.000000,6.000000,12.000000,2.000000,4.000000,0.000000,7.000000,15.000000,2.000000,5.000000,8097.000000,2266.000000,4820.000000,695.000000,601.000000,3.000000,
0.041257,0.199686,0.326113,0.002289,0.665431,-207740.143919,2.994219,2195607.000000,1874874.000000,3722527.000000,334752.000000,1282372.000000,1952.000000,539.000000,1146.000000,164.000000,144.000000,453.000000,125.000000,266.000000,38.000000,33.000000,2784.000000,769.000000,1633.000000,233.000000,205.000000,15.000000,8.000000,18.000000,3.000000,5.000000,0.000000,6.000000,12.000000,2.000000,4.000000,0.000000,7.000000,15.000000,2.000000,5.000000,8097.000000,2266.000000,4820.000000,695.000000,601.000000,3.000000,
0.041257,0.199686,0.326113,0.002289,0.665431,-207740.143919,2.994219,2195607.000000,1874874.000000,3722527.000000,334752.000000,1282372.000000,1952.000000,539.000000,1146.000000,164.000000,144.000000,453.000000,125.000000,266.000000,38.000000,33.000000,2784.000000,769.000000,1633.000000,233.000000,205.000000,15.000000,8.000000,18.000000,3.000000,5.000000,0.000000,6.000000,12.000000,2.000000,4.000000,0.000000,7.000000,15.000000,2.000000,5.000000,8097.000000,2266.000000,4820.000000,695.000000,601.000000,3.000000,
0.041257,0.199686,0.326113,0.002289,0.665431,-207740.143919,2.994219,2195607.000000,1874874.000000,3722527.000000,334752.000000,1282372.000000,1952.000000,539.000000,1146.000000,164.000000,144.000000,453.000000,125.000000,266.000000,38.000000,33.000000,2784.000000,769.000000,1633.000000,233.000000,205.000000,15.000000,8.000000,18.000000,3.000000,5.000000,0.000000,6.000000,12.000000,2.000000,4.000000,0.000000,7.000000,15.000000,2.000000,5.000000,8097.000000,2266.000000,4820.000000,695.000000,601.000000,3.000000,
0.041257,0.199686,0.326113,0.002289,0.665431,-207740.143919,2.994219,2195607.000000,1874874.000000,3722527.000000,334752.000000,1282372.000000,1952.000000,539.000000,1146.000000,164.000000,144.000000,453.000000,125.000000,266.000000,38.000000,33.000000,2784.000000,769.000000,1633.000000,233.000000,205.000000,15.000000,8.000000,18.000000,3.000000,5.000000,0.000000,6.000000,12.000000,2.000000,4.000000,0.000000,7.000000,15.000000,2.000000,5.000000,8097.000000,2266.000000,4820.000000,695.000000,601.000000,3.000000,
0.041257,0.199686,0.326113,0.002289,0.665431,-207740.143919,2.994219,2195607.000000,1874874.000000,3722527.000000,334752.000000,1282372.000000,1952.000000,539.000000,1146.000000,164.000000,144.000000,453.000000,125.000000,266.000000,38.000000,33.000000,2784.000000,769.000000,1633.000000,233.000000,205.000000,15.000000,8.000000,18.000000,3.000000,5.000000,0.000000,6.000000,12.000000,2.000000,4.000000,0.000000,7.000000,15.000000,2.000000,5.000000,8097.000000,2266.000000,4820.000000,695.000000,601.000000,3.000000,
0.041257,0.199686,0.326113,0.002289,0.665431,-207740.143919,2.994219,2195607.000000,1874874.000000,3722527.000000,334752.000000,1282372.000000,1952.000000,539.000000,1146.000000,164.000000,144.000000,453.000000,125.000000,266.000000,38.000000,33.000000,2784.000000,769.000000,1633.000000,233.000000,205.000000,15.000000,8.000000,18.000000,3.000000,5.000000,0.000000,6.000000,12.000000,2.000000,4.000000,0.000000,7.000000,15.000000,2.000000,5.000000,8097.000000,2266.000000,4820.000000,695.000000,601.000000,3.000000,
0.041257,0.199686,0.326113,0.002289,0.665431,-207740.143919,2.994219,2195607.000000,1874874.000000,3722527.000000,334752.000000,1282372.000000,1952.000000,539.000000,1146.000000,164.000000,144.000000,453.000000,125.000000,266.000000,38.000000,33.000000,2784.000000,769.000000,1633.000000,233.000000,205.000000,15.000000,8.000000,18.000000,3.000000,5.000000,0.000000,6.000000,12.000000,2.000000,4.000000,0.000000,7.000000,15.000000,2.000000,5.000000,8097.000000,2266.000000,4820.000000,695.000000,601.000000,3.000000,
0.041703,0.589195,0.303814,0.006469,0.674641,-206650.533718,2.984663,2195607.000000,1874874.000000,3722527.000000,334752.000000,1282372.000000,1952.000000,539.000000,1146.000000,164.000000,144.000000,453.000000,125.000000,266.000000,38.000000,33.000000,2784.000000,769.000000,1633.000000,233.000000,205.000000,15.000000,8.000000,18.000000,3.000000,5.000000,0.000000,6.000000,12.000000,2.000000,4.000000,0.000000,7.000000,15.000000,2.000000,5.000000,8097.000000,2266.000000,4820.000000,695.000000,601.000000,3.000000,
0.041703,0.589195,0.303814,0.006469,0.674641,-206650.533718,2.984663,2195607.000000,1874874.000000,3722527.000000,334752.000000,1282372.000000,1952.000000,539.000000,1146.000000,164.000000,144.000000,453.000000,125.000000,266.000000,38.000000,33.000000,2784.000000,769.000000,1633.000000,233.000000,205.000000,15.000000,8.000000,18.000000,3.000000,5.000000,0.000000,6.000000,12.000000,2.000000,4.000000,0.000000,7.000000,15.000000,2.000000,5.000000,8097.000000,2266.000000,4820.000000,695.000000,601.000000,3.000000,
0.041703,0.589195,0.303814,0.006469,0.674641,-206650.533718,2.984663,2195607.000000,1874874.000000,3722527.000000,334752.000000,1282372.000000,1952.000000,539.000000,1146.000000,164.000000,144.000000,453.000000,125.000000,266.000000,38.000000,33.000000,2784.000000,769.000000,1633.000000,233.000000,205.000000,15.000000,8.000000,18.000000,3.000000,5.000000,0.000000,6.000000,12.000000,2.000000,4.000000,0.000000,7.000000,15.000000,2.000000,5.000000,8097.000000,2266.000000,4820.000000,695.000000,601.000000,3.000000,
0.041667,0.734866,0.304311,0.008191,0.706359,-206674.462171,2.983005,2195607.000000,1874874.000000,3722527.000000,334752.000000,1282372.000000,1952.000000,539.000000,1146.000000,164.000000,144.000000,453.000000,125.000000,266.000000,38.000000,33.000000,2784.000000,769.000000,1633.000000,233.000000,205.000000,15.000000,8.000000,18.000000,3.000000,5.000000,0.000000,6.000000,12.000000,2.000000,4.000000,0.000000,7.000000,15.000000,2.000000,5.000000,8097.000000,2266.000000,4820.000000,695.000000,601.000000,3.000000,
0.041667,0.734866,0.304311,0.008191,0.706359,-206674.462171,2.983005,2195607.000000,1874874.000000,3722527.000000,334752.000000,1282372.000000,1952.000000,539.000000,1146.000000,164.000000,144.000000,453.000000,125.000000,266.000000,38.000000,33.000000,2784.000000,769.000000,1633.000000,233.000000,205.000000,15.000000,8.000000,18.000000,3.000000,5.000000,0.000000,6.000000,12.000000,2.000000,4.000000,0.000000,7.000000,15.000000,2.000000,5.000000,8097.000000,2266.000000,4820.000000,695.000000,601.000000,3.000000,
0.041667,0.734866,0.304311,0.008191,0.706359,-206674.462171,2.983005,2195607.000000,1874874.000000,3722527.000000,334752.000000,1282372.000000,1952.000000,539.000000,1146.000000,164.000000,144.000000,453.000000,125.000000,266.000000,38.000000,33.000000,2784.000000,769.000000,1633.000000,233.000000,205.000000,15.000000,8.000000,18.000000,3.000000,5.000000,0.000000,6.000000,12.000000,2.000000,4.000000,0.000000,7.000000,15.000000,2.000000,5.000000,8097.000000,2266.000000,4820.000000,695.000000,601.000000,3.000000,
0.041667,0.734866,0.304311,0.008191,0.706359,-206674.462171,2.983005,2195607.000000,1874874.000000,3722527.000000,334752.000000,1282372.000000,1952.000000,539.000000,1146.000000,164.000000,144.000000,453.000000,125.000000,266.000000,38.000000,33.000000,2784.000000,769.000000,1633.000000,233.000000,205.000000,15.000000,8.000000,18.000000,3.000000,5.000000,0.000000,6.000000,12.000000,2.000000,4.000000,0.000000,7.000000,15.000000,2.000000,5.000000,8097.000000,2266.000000,4820.000000,695.000000,601.000000,3.000000,
0.041667,0.734866,0.304311,0.008191,0.706359,-206674.462171,2.983005,2195607.000000,1874874.000000,3722527.000000,334752.000000,1282372.000000,1952.000000,539.000000,1146.000000,164.000000,144.000000,453.000000,125.000000,266.000000,38.000000,33.000000,2784.000000,769.000000,1633.000000,233.000000,205.000000,15.000000,8.000000,18.000000,3.000000,5.000000,0.000000,6.000000,12.000000,2.000000,4.000000,0.000000,7.000000,15.000000,2.000000,5.000000,8097.000000,2266.000000,4820.000000,695.000000,601.000000,3.000000,
0.041667,0.734866,0.304311,0.008191,0.706359,-206674.462171,2.983005,2195607.000000,1874874.000000,3722527.000000,334752.000000,1282372.000000,1952.000000,539.000000,1146.000000,164.000000,144.000000,453.000000,125.000000,266.000000,38.000000,33.000000,2784.000000,769.000000,1633.000000,233.000000,205.000000,15.000000,8.000000,18.000000,3.000000,5.000000,0.000000,6.000000,12.000000,2.000000,4.000000,0.000000,7.000000,15.000000,2.000000,5.000000,8097.000000,2266.000000,4820.000000,695.000000,601.000000,3.000000,
0.041667,0.734866,0.304311,0.008191,0.706359,-206674.462171,2.983005,2195607.000000,1874874.000000,3722527.000000,334752.000000,1282372.000000,1952.000000,539.000000,1146.000000,164.000000,144.000000,453.000000,125.000000,266.000000,38.000000,33.000000,2784.000000,769.000000,1633.000000,233.000000,205.000000,15.000000,8.000000,18.000000,3.000000,5.000000,0.000000,6.000000,12.000000,2.000000,4.000000,0.000000,7.000000,15.000000,2.000000,5.000000,8097.000000,2266.000000,4820.000000,695.000000,601.000000,3.000000,
0.041830,0.810803,0.299638,0.010195,0.748917,-206449.999229,2.985843,2195607.000000,1874874.000000,3722527.000000,334752.000000,1282372.000000,1952.000000,539.000000,1146.000000,164.000000,144.000000,453.000000,125.000000,266.000000,38.000000,33.000000,2784.000000,769.000000,1633.000000,233.000000,205.000000,15.000000,8.000000,18.000000,3.000000,5.000000,0.000000,6.000000,12.000000,2.000000,4.000000,0.000000,7.000000,15.000000,2.000000,5.000000,8097.000000,2266.000000,4820.000000,695.000000,601.000000,3.000000,
0.041830,0.810803,0.299638,0.010195,0.748917,-206449.999229,2.985843,2195607.000000,1874874.000000,3722527.000000,334752.000000,1282372.000000,1952.000000,539.000000,1146.000000,164.000000,144.000000,453.000000,125.000000,266.000000,38.000000,33.000000,2784.000000,769.000000,1633.000000,233.000000,205.000000,15.000000,8.000000,18.000000,3.000000,5.000000,0.000000,6.000000,12.000000,2.000000,4.000000,0.000000,7.000000,15.000000,2.000000,5.000000,8097.000000,2266.000000,4820.000000,695.000000,601.000000,3.000000,
0.041830,0.810803,0.299638,0.010195,0.748917,-206449.999229,2.985843,2195607.000000,1874874.000000,3722527.000000,334752.000000,1282372.000000,1952.000000,539.000000,1146.000000,164.000000,144.000000,453.000000,125.000000,266.000000,38.000000,33.000000,2784.000000,769.000000,1633.000000,233.000000,205.000000,15.000000,8.000000,18.000000,3.000000,5.000000,0.000000,6.000000,12.000000,2.000000,4.000000,0.000000,7.000000,15.000000,2.000000,5.000000,8097.000000,2266.000000,4820.000000,695.000000,601.000000,3.000000,
0.041830,0.810803,0.299638,0.010195,0.748917,-206449.999229,2.985843,2195607.000000,1874874.000000,3722527.000000,334752.000000,1282372.000000,1952.000000,539.000000,1146.000000,164.000000,144.000000,453.000000,125.000000,266.000000,38.000000,33.000000,2784.000000,769.000000,1633.000000,233.000000,205.000000,15.000000,8.000000,18.000000,3.000000,5.000000,0.000000,6.000000,12.000000,2.000000,4.000000,0.000000,7.000000,15.000000,2.000000,5.000000,8097.000000,2266.000000,4820.000000,695.000000,601.000000,3.000000,
0.041830,0.810803,0.299638,0.010195,0.748917,-206449.999229,2.985843,2195607.000000,1874874.000000,3722527.000000,334752.000000,1282372.000000,1952.000000,539.000000,1146.000000,164.000000,144.000000,453.000000,125.000000,266.000000,38.000000,33.000000,2784.000000,769.000000,1633.000000,233.000000,205.000000,15.000000,8.000000,18.000000,3.000000,5.000000,0.000000,6.000000,12.000000,2.000000,4.000000,0.000000,7.000000,15.000000,2.000000,5.000000,8097.000000,2266.000000,4820.000000,695.000000,601.000000,3.000000,
0.041830,0.810803,0.299638,0.010195,0.748917,-206449.999229,2.985843,2195607.000000,1874874.000000,3722527.000000,334752.000000,1282372.000000,1952.000000,539.000000,1146.000000,164.000000,144.000000,453.000000,125.000000,266.000000,38.000000,33.000000,2784.000000,769.000000,1633.000000,233.000000,205.000000,15.000000,8.000000,18.000000,3.000000,5.000000,0.000000,6.000000,12.000000,2.000000,4.000000,0.000000,7.000000,15.000000,2.000000,5.000000,8097.000000,2266.000000,4820.000000,695.000000,601.000000,3.000000,
0.041830,0.810803,0.299638,0.010195,0.748917,-206449.999229,2.985843,2195607.000000,1874874.000000,3722527.000000,334752.000000,1282372.000000,1952.000000,539.000000,1146.000000,164.000000,144.000000,453.000000,125.000000,266.000000,38.000000,33.000000,2784.000000,769.000000,1633.000000,233.000000,205.000000,15.000000,8.000000,18.000000,3.000000,5.000000,0.000000,6.000000,12.000000,2.000000,4.000000,0.000000,7.000000,15.000000,2.000000,5.000000,8097.000000,2266.000000,4820.000000,695.000000,601.000000,3.000000,
0.041944,0.948685,0.297912,0.014942,0.699352,-206367.554903,2.990710,2195607.000000,1874874.000000,3722527.000000,334752.000000,1282372.000000,1952.000000,539.000000,1146.000000,164.000000,144.000000,453.000000,125.000000,266.000000,38.000000,33.000000,2784.000000,769.000000,1633.000000,233.000000,205.000000,15.000000,8.000000,18.000000,3.000000,5.000000,0.000000,6.000000,12.000000,2.000000,4.000000,0.000000,7.000000,15.000000,2.000000,5.000000,8097.000000,2266.000000,4820.000000,695.000000,601.000000,3.000000,
0.041944,0.948685,0.297912,0.014942,0.699352,-206367.554903,2.990710,2195607.000000,1874874.000000,3722527.000000,334752.000000,1282372.000000,1952.000000,539.000000,1146.000000,164.000000,144.000000,453.000000,125.000000,266.000000,38.000000,33.000000,2784.000000,769.000000,1633.000000,233.000000,205.000000,15.000000,8.000000,18.000000,3.000000,5.000000,0.000000,6.000000,12.000000,2.000000,4.000000,0.000000,7.000000,15.000000,2.000000,5.000000,8097.000000,2266.000000,4820.000000,695.000000,601.000000,3.000000,
0.041944,0.948685,0.297912,0.014942,0.699352,-206367.554903,2.990710,2195607.000000,1874874.000000,3722527.000000,334752.000000,1282372.000000,1952.000000,539.000000,1146.000000,164.000000,144.000000,453.000000,125.000000,266.000000,38.000000,33.000000,2784.000000,769.000000,1633.000000,233.000000,205.000000,15.000000,8.000000,18.000000,3.000000,5.000000,0.000000,6.000000,12.000000,2.000000,4.000000,0.000000,7.000000,15.000000,2.000000,5.000000,8097.000000,2266.000000,4820.000000,695.000000,601.000000,3.000000,
0.041957,0.566304,0.299022,0.019767,0.613375,-206420.725908,2.993767,2195607.000000,1874874.000000,3722527.000000,334752.000000,1282372.000000,1952.000000,539.000000,1146.000000,164.000000,144.000000,453.000000,125.000000,266.000000,38.000000,33.000000,2784.000000,769.000000,1633.000000,233.000000,205.000000,15.000000,8.000000,18.000000,3.000000,5.000000,0.000000,6.000000,12.000000,2.000000,4.000000,0.000000,7.000000,15.000000,2.000000,5.000000,8097.000000,2266.000000,4820.000000,695.000000,601.000000,3.000000,
0.041811,0.358867,0.303775,0.031748,0.651589,-206648.851689,2.992288,2195607.000000,1874874.000000,3722527.000000,334752.000000,1282372.000000,1952.000000,539.000000,1146.000000,164.000000,144.000000,453.000000,125.000000,266.000000,38.000000,33.000000,2784.000000,769.000000,1633.000000,233.000000,205.000000,15.000000,8.000000,18.000000,3.000000,5.000000,0.000000,6.000000,12.000000,2.000000,4.000000,0.000000,7.000000,15.000000,2.000000,5.000000,8097.000000,2266.000000,4820.000000,695.000000,601.000000,3.000000,
0.041811,0.358867,0.303775,0.031748,0.651589,-206648.851689,2.992288,2195607.000000,1874874.000000,3722527.000000,334752.000000,1282372.000000,1952.000000,539.000000,1146.000000,164.000000,144.000000,453.000000,125.000000,266.000000,38.000000,33.000000,2784.000000,769.000000,1633.000000,233.000000,205.000000,15.000000,8.000000,18.000000,3.000000,5.000000,0.000000,6.000000,12.000000,2.000000,4.000000,0.000000,7.000000,15.000000,2.000000,5.000000,8097.000000,2266.000000,4820.000000,695.000000,601.000000,3.000000,
0.041811,0.358867,0.303775,0.031748,0.651589,-206648.851689,2.992288,2195607.000000,1874874.000000,3722527.000000,334752.000000,1282372.000000,1952.000000,539.000000,1146.000000,164.000000,144.000000,453.000000,125.000000,266.000000,38.000000,33.000000,2784.000000,769.000000,1633.000000,233.000000,205.000000,15.000000,8.000000,18.000000,3.000000,5.000000,0.000000,6.000000,12.000000,2.000000,4.000000,0.000000,7.000000,15.000000,2.000000,5.000000,8097.000000,2266.000000,4820.000000,695.000000,601.000000,3.000000,
0.041811,0.358867,0.303775,0.031748,0.651589,-206648.851689,2.992288,2195607.000000,1874874.000000,3722527.000000,334752.000000,1282372.000000,1952.000000,539.000000,1146.000000,164.000000,144.000000,453.000000,125.000000,266.000000,38.000000,33.000000,2784.000000,769.000000,1633.000000,233.000000,205.000000,15.000000,8.000000,18.000000,3.000000,5.000000,0.000000,6.000000,12.000000,2.000000,4.000000,0.000000,7.000000,15.000000,2.000000,5.000000,8097.000000,2266.000000,4820.000000,695.000000,601.000000,3.000000,
0.041811,0.358867,0.303775,0.031748,0.651589,-206648.851689,2.992288,2195607.000000,1874874.000000,3722527.000000,334752.000000,1282372.000000,1952.000000,539.000000,1146.000000,164.000000,144.000000,453.000000,125.000000,266.000000,38.000000,33.000000,2784.000000,769.000000,1633.000000,233.000000,205.000000,15.000000,8.000000,18.000000,3.000000,5.000000,0.000000,6.000000,12.000000,2.000000,4.000000,0.000000,7.000000,15.000000,2.000000,5.000000,8097.000000,2266.000000,4820.000000,695.000000,601.000000,3.000000,
0.041811,0.358867,0.303775,0.031748,0.651589,-206648.851689,2.992288,2195607.000000,1874874.000000,3722527.000000,334752.000000,1282372.000000,1952.000000,539.000000,1146.000000,164.000000,144.000000,453.000000,125.000000,266.000000,38.000000,33.000000,2784.000000,769.000000,1633.000000,233.000000,205.000000,15.000000,8.000000,18.000000,3.000000,5.000000,0.000000,6.000000,12.000000,2.000000,4.000000,0.000000,7.000000,15.000000,2.000000,5.000000,8097.000000,2266.000000,4820.000000,695.000000,601.000000,3.000000,
0.041811,0.358867,0.303775,0.031748,0.651589,-206648.851689,2.992288,2195607.000000,1874874.000000,3722527.000000,334752.000000,1282372.000000,1952.000000,539.000000,1146.000000,164.000000,144.000000,453.000000,125.000000,266.000000,38.000000,33.000000,2784.000000,769.000000,1633.000000,233.000000,205.000000,15.000000,8.000000,18.000000,3.000000,5.000000,0.000000,6.000000,12.000000,2.000000,4.000000,0.000000,7.000000,15.000000,2.000000,5.000000,8097.000000,2266.000000,4820.000000,695.000000,601.000000,3.000000,
0.041811,0.358867,0.303775,0.031748,0.651589,-206648.851689,2.992288,2195607.000000,1874874.000000,3722527.000000,334752.000000,1282372.000000,1952.000000,539.000000,1146.000000,164.000000,144.000000,453.000000,125.000000,266.000000,38.000000,33.000000,2784.000000,769.000000,1633.000000,233.000000,205.000000,15.000000,8.000000,18.000000,3.000000,5.000000,0.000000,6.000000,12.000000,2.000000,4.000000,0.000000,7.000000,15.000000,2.000000,5.000000,8097.000000,2266.000000,4820.000000,695.000000,601.000000,3.000000,
0.041811,0.358867,0.303775,0.031748,0.651589,-206648.851689,2.992288,2195607.000000,1874874.000000,3722527.000000,334752.000000,1282372.000000,1952.000000,539.000000,1146.000000,164.000000,144.000000,453.000000,125.000000,266.000000,38.000000,33.000000,2784.000000,769.000000,1633.000000,233.000000,205.000000,15.000000,8.000000,18.000000,3.000000,5.000000,0.000000,6.000000,12.000000,2.000000,4.000000,0.000000,7.000000,15.000000,2.000000,5.000000,8097.000000,2266.000000,4820.000000,695.000000,601.000000,3.000000,
0.041811,0.358867,0.303775,0.031748,0.651589,-206648.851689,2.992288,2195607.000000,1874874.000000,3722527.000000,334752.000000,1282372.000000,1952.000000,539.000000,1146.000000,164.000000,144.000000,453.000000,125.000000,266.000000,38.000000,33.000000,2784.000000,769.000000,1633.000000,233.000000,205.000000,15.000000,8.000000,18.000000,3.000000,5.000000,0.000000,6.000000,12.000000,2.000000,4.000000,0.000000,7.000000,15.000000,2.000000,5.000000,8097.000000,2266.000000,4820.000000,695.000000,601.000000,3.000000,
0.041763,0.416541,0.304587,0.043680,0.631123,-206687.962408,2.990402,2195607.000000,1874874.000000,3722527.000000,334752.000000,1282372.000000,1952.000000,539.000000,1146.000000,164.000000,144.000000,453.000000,125.000000,266.000000,38.000000,33.000000,2784.000000,769.000000,1633.000000,233.000000,205.000000,15.000000,8.000000,18.000000,3.000000,5.000000,0.000000,6.000000,12.000000,2.000000,4.000000,0.000000,7.000000,15.000000,2.000000,5.000000,8097.000000,2266.000000,4820.000000,695.000000,601.000000,3.000000,
0.041763,0.416541,0.304587,0.043680,0.631123,-206687.962408,2.990402,2195607.000000,1874874.000000,3722527.000000,334752.000000,1282372.000000,1952.000000,539.000000,1146.000000,164.000000,144.000000,453.000000,125.000000,266.000000,38.000000,33.000000,2784.000000,769.000000,1633.000000,233.000000,205.000000,15.000000,8.000000,18.000000,3.000000,5.000000,0.000000,6.000000,12.000000,2.000000,4.000000,0.000000,7.000000,15.000000,2.000000,5.000000,8097.000000,2266.000000,4820.000000,695.000000,601.000000,3.000000,
0.041763,0.416541,0.304587,0.043680,0.631123,-206687.962408,2.990402,2195607.000000,1874874.000000,3722527.000000,334752.000000,1282372.000000,1952.000000,539.000000,1146.000000,164.000000,144.000000,453.000000,125.000000,266.000000,38.000000,33.000000,2784.000000,769.000000,1633.000000,233.000000,205.000000,15.000000,8.000000,18.000000,3.000000,5.000000,0.000000,6.000000,12.000000,2.000000,4.000000,0.000000,7.000000,15.000000,2.000000,5.000000,8097.000000,2266.000000,4820.000000,695.000000,601.000000,3.000000,
0.041763,0.416541,0.304587,0.043680,0.631123,-206687.962408,2.990402,2195607.000000,1874874.000000,3722527.000000,334752.000000,1282372.000000,1952.000000,539.000000,1146.000000,164.000000,144.000000,453.000000,125.000000,266.000000,38.000000,33.000000,2784.000000,769.000000,1633.000000,233.000000,205.000000,15.000000,8.000000,18.000000,3.000000,5.000000,0.000000,6.000000,12.000000,2.000000,4.000000,0.000000,7.000000,15.000000,2.000000,5.000000,8097.000000,2266.000000,4820.000000,695.000000,601.000000,3.000000,
0.041763,0.416541,0.304587,0.043680,0.631123,-206687.962408,2.990402,2195607.000000,1874874.000000,3722527.000000,334752.000000,1282372.000000,1952.000000,539.000000,1146.000000,164.000000,144.000000,453.000000,125.000000,266.000000,38.000000,33.000000,2784.000000,769.000000,1633.000000,233.000000,205.000000,15.000000,8.000000,18.000000,3.000000,5.000000,0.000000,6.000000,12.000000,2.000000,4.000000,0.000000,7.000000,15.000000,2.000000,5.000000,8097.000000,2266.000000,4820.000000,695.000000,601.000000,3.000000,
0.041763,0.416541,0.304587,0.043680,0.631123,-206687.962408,2.990402,2195607.000000,1874874.000000,3722527.000000,334752.000000,1282372.000000,1952.000000,539.000000,1146.000000,164.000000,144.000000,453.000000,125.000000,266.000000,38.000000,33.000000,2784.000000,769.000000,1633.000000,233.000000,205.000000,15.000000,8.000000,18.000000,3.000000,5.000000,0.000000,6.000000,12.000000,2.000000,4.000000,0.000000,7.000000,15.000000,2.000000,5.000000,8097.000000,2266.000000,4820.000000,695.000000,601.000000,3.000000,
0.041642,0.022811,0.305719,0.002449,0.626404,-206742.385146,2.983826,2195607.000000,1874874.000000,3722527.000000,334752.000000,1282372.000000,1952.000000,539.000000,1146.000000,164.000000,144.000000,453.000000,125.000000,266.000000,38.000000,33.000000,2784.000000,769.000000,1633.000000,233.000000,205.000000,15.000000,8.000000,18.000000,3.000000,5.000000,0.000000,6.000000,12.000000,2.000000,4.000000,0.000000,7.000000,15.000000,2.000000,5.000000,8097.000000,2266.000000,4820.000000,695.000000,601.000000,3.000000,
0.041642,0.022811,0.305719,0.002449,0.626404,-206742.385146,2.983826,2195607.000000,1874874.000000,3722527.000000,334752.000000,1282372.000000,1952.000000,539.000000,1146.000000,164.000000,144.000000,453.000000,125.000000,266.000000,38.000000,33.000000,2784.000000,769.000000,1633.000000,233.000000,205.000000,15.000000,8.000000,18.000000,3.000000,5.000000,0.000000,6.000000,12.000000,2.000000,4.000000,0.000000,7.000000,15.000000,2.000000,5.000000,8097.000000,2266.000000,4820.000000,695.000000,601.000000,3.000000,
0.041642,0.022811,0.305719,0.002449,0.626404,-206742.385146,2.983826,2195607.000000,1874874.000000,3722527.000000,334752.000000,1282372.000000,1952.000000,539.000000,1146.000000,164.000000,144.000000,453.000000,125.000000,266.000000,38.000000,33.000000,2784.000000,769.000000,1633.000000,233.000000,205.000000,15.000000,8.000000,18.000000,3.000000,5.000000,0.000000,6.000000,12.000000,2.000000,4.000000,0.000000,7.000000,15.000000,2.000000,5.000000,8097.000000,2266.000000,4820.000000,695.000000,601.000000,3.000000,
0.041642,0.022811,0.305719,0.002449,0.626404,-206742.385146,2.983826,2195607.000000,1874874.000000,3722527.000000,334752.000000,1282372.000000,1952.000000,539.000000,1146.000000,164.000000,144.000000,453.000000,125.000000,266.000000,38.000000,33.000000,2784.000000,769.000000,1633.000000,233.000000,205.000000,15.000000,8.000000,18.000000,3.000000,5.000000,0.000000,6.000000,12.000000,2.000000,4.000000,0.000000,7.000000,15.000000,2.000000,5.000000,8097.000000,2266.000000,4820.000000,695.000000,601.000000,3.000000,
0.041774,0.008133,0.301428,0.001904,0.641829,-206535.835357,2.985235,2195607.000000,1874874.000000,3722527.000000,334752.000000,1282372.000000,1952.000000,539.000000,1146.000000,164.000000,144.000000,453.000000,125.000000,266.000000,38.000000,33.000000,2784.000000,769.000000,1633.000000,233.000000,205.000000,15.000000,8.000000,18.000000,3.000000,5.000000,0.000000,6.000000,12.000000,2.000000,4.000000,0.000000,7.000000,15.000000,2.000000,5.000000,8097.000000,2266.000000,4820.000000,695.000000,601.000000,3.000000,
0.041767,0.016584,0.302390,0.002206,0.763326,-206582.098557,2.986552,2195607.000000,1874874.000000,3722527.000000,334752.000000,1282372.000000,1952.000000,539.000000,1146.000000,164.000000,144.000000,453.000000,125.000000,266.000000,38.000000,33.000000,2784.000000,769.000000,1633.000000,233.000000,205.000000,15.000000,8.000000,18.000000,3.000000,5.000000,0.000000,6.000000,12.000000,2.000000,4.000000,0.000000,7.000000,15.000000,2.000000,5.000000,8097.000000,2266.000000,4820.000000,695.000000,601.000000,3.000000,
0.041767,0.016584,0.302390,0.002206,0.763326,-206582.098557,2.986552,2195607.000000,1874874.000000,3722527.000000,334752.000000,1282372.000000,1952.000000,539.000000,1146.000000,164.000000,144.000000,453.000000,125.000000,266.000000,38.000000,33.000000,2784.000000,769.000000,1633.000000,233.000000,205.000000,15.000000,8.000000,18.000000,3.000000,5.000000,0.000000,6.000000,12.000000,2.000000,4.000000,0.000000,7.000000,15.000000,2.000000,5.000000,8097.000000,2266.000000,4820.000000,695.000000,601.000000,3.000000,
0.041767,0.016584,0.302390,0.002206,0.763326,-206582.098557,2.986552,2195607.000000,1874874.000000,3722527.000000,334752.000000,1282372.000000,1952.000000,539.000000,1146.000000,164.000000,144.000000,453.000000,125.000000,266.000000,38.000000,33.000000,2784.000000,769.000000,1633.000000,233.000000,205.000000,15.000000,8.000000,18.000000,3.000000,5.000000,0.000000,6.000000,12.000000,2.000000,4.000000,0.000000,7.000000,15.000000,2.000000,5.000000,8097.000000,2266.000000,4820.000000,695.000000,601.000000,3.000000,
0.041767,0.016584,0.302390,0.002206,0.763326,-206582.098557,2.986552,2195607.000000,1874874.000000,3722527.000000,334752.000000,1282372.000000,1952.000000,539.000000,1146.000000,164.000000,144.000000,453.000000,125.000000,266.000000,38.000000,33.000000,2784.000000,769.000000,1633.000000,233.000000,205.000000,15.000000,8.000000,18.000000,3.000000,5.000000,0.000000,6.000000,12.000000,2.000000,4.000000,0.000000,7.000000,15.000000,2.000000,5.000000,8097.000000,2266.000000,4820.000000,695.000000,601.000000,3.000000,
0.041767,0.016584,0.302390,0.002206,0.763326,-206582.098557,2.986552,2195607.000000,1874874.000000,3722527.000000,334752.000000,1282372.000000,1952.000000,539.000000,1146.000000,164.000000,144.000000,453.000000,125.000000,266.000000,38.000000,33.000000,2784.000000,769.000000,1633.000000,233.000000,205.000000,15.000000,8.000000,18.000000,3.000000,5.000000,0.000000,6.000000,12.000000,2.000000,4.000000,0.000000,7.000000,15.000000,2.000000,5.000000,8097.000000,2266.000000,4820.000000,695.000000,601.000000,3.000000,
0.042002,0.023563,0.295921,0.004534,0.665905,-206272.531538,2.991044,2195607.000000,1874874.000000,3722527.000000,334752.000000,1282372.000000,1952.000000,539.000000,1146.000000,164.000000,144.000000,453.000000,125.000000,266.000000,38.000000,33.000000,2784.000000,769.000000,1633.000000,233.000000,205.000000,15.000000,8.000000,18.000000,3.000000,5.000000,0.000000,6.000000,12.000000,2.000000,4.000000,0.000000,7.000000,15.000000,2.000000,5.000000,8097.000000,2266.000000,4820.000000,695.000000,601.000000,3.000000,
0.042002,0.023563,0.295921,0.004534,0.665905,-206272.531538,2.991044,2195607.000000,1874874.000000,3722527.000000,334752.000000,1282372.000000,1952.000000,539.000000,1146.000000,164.000000,144.000000,453.000000,125.000000,266.000000,38.000000,33.000000,2784.000000,769.000000,1633.000000,233.000000,205.000000,15.000000,8.000000,18.000000,3.000000,5.000000,0.000000,6.000000,12.000000,2.000000,4.000000,0.000000,7.000000,15.000000,2.000000,5.000000,8097.000000,2266.000000,4820.000000,695.000000,601.000000,3.000000,
0.042131,0.027429,0.294514,0.006532,0.612483,-206205.686584,2.997551,2195607.000000,1874874.000000,3722527.000000,334752.000000,1282372.000000,1952.000000,539.000000,1146.000000,164.000000,144.000000,453.000000,125.000000,266.000000,38.000000,33.000000,2784.000000,769.000000,1633.000000,233.000000,205.000000,15.000000,8.000000,18.000000,3.000000,5.000000,0.000000,6.000000,12.000000,2.000000,4.000000,0.000000,7.000000,15.000000,2.000000,5.000000,8097.000000,2266.000000,4820.000000,695.000000,601.000000,3.000000,
0.042131,0.027429,0.294514,0.006532,0.612483,-206205.686584,2.997551,2195607.000000,1874874.000000,3722527.000000,334752.000000,1282372.000000,1952.000000,539.000000,1146.000000,164.000000,144.000000,453.000000,125.000000,266.000000,38.000000,33.000000,2784.000000,769.000000,1633.000000,233.000000,205.000000,15.000000,8.000000,18.000000,3.000000,5.000000,0.000000,6.000000,12.000000,2.000000,4.000000,0.000000,7.000000,15.000000,2.000000,5.000000,8097.000000,2266.000000,4820.000000,695.000000,601.000000,3.000000,
0.042131,0.027429,0.294514,0.006532,0.612483,-206205.686584,2.997551,2195607.000000,1874874.000000,3722527.000000,334752.000000,1282372.000000,1952.000000,539.000000,1146.000000,164.000000,144.000000,453.000000,125.000000,266.000000,38.000000,33.000000,2784.000000,769.000000,1633.000000,233.000000,205.000000,15.000000,8.000000,18.000000,3.000000,5.000000,0.000000,6.000000,12.000000,2.000000,4.000000,0.000000,7.000000,15.000000,2.000000,5.000000,8097.000000,2266.000000,4820.000000,695.000000,601.000000,3.000000,
0.042131,0.027429,0.294514,0.006532,0.612483,-206205.686584,2.997551,2195607.000000,1874874.000000,3722527.000000,334752.000000,1282372.000000,1952.000000,539.000000,1146.000000,164.000000,144.000000,453.000000,125.000000,266.000000,38.000000,33.000000,2784.000000,769.000000,1633.000000,233.000000,205.000000,15.000000,8.000000,18.000000,3.000000,5.000000,0.000000,6.000000,12.000000,2.000000,4.000000,0.000000,7.000000,15.000000,2.000000,5.000000,8097.000000,2266.000000,4820.000000,695.000000,601.000000,3.000000,
0.042131,0.027429,0.294514,0.006532,0.612483,-206205.686584,2.997551,2195607.000000,1874874.000000,3722527.000000,334752.000000,1282372.000000,1952.000000,539.000000,1146.000000,164.000000,144.000000,453.000000,125.000000,266.000000,38.000000,33.000000,2784.000000,769.000000,1633.000000,233.000000,205.000000,15.000000,8.000000,18.000000,3.000000,5.000000,0.000000,6.000000,12.000000,2.000000,4.000000,0.000000,7.000000,15.000000,2.000000,5.000000,8097.000000,2266.000000,4820.000000,695.000000,601.000000,3.000000,
0.042131,0.027429,0.294514,0.006532,0.612483,-206205.686584,2.997551,2195607.000000,1874874.000000,3722527.000000,334752.000000,1282372.000000,1952.000000,539.000000,1146.000000,164.000000,144.000000,453.000000,125.000000,266.000000,38.000000,33.000000,2784.000000,769.000000,1633.000000,233.000000,205.000000,15.000000,8.000000,18.000000,3.000000,5.000000,0.000000,6.000000,12.000000,2.000000,4.000000,0.000000,7.000000,15.000000,2.000000,5.000000,8097.000000,2266.000000,4820.000000,695.000000,601.000000,3.000000,
0.042131,0.027429,0.294514,0.006532,0.612483,-206205.686584,2.997551,2195607.000000,1874874.000000,3722527.000000,334752.000000,1282372.000000,1952.000000,539.000000,1146.000000,164.000000,144.000000,453.000000,125.000000,266.000000,38.000000,33.000000,2784.000000,769.000000,1633.000000,233.000000,205.000000,15.000000,8.000000,18.000000,3.000000,5.000000,0.000000,6.000000,12.000000,2.000000,4.000000,0.000000,7.000000,15.000000,2.000000,5.000000,8097.000000,2266.000000,4820.000000,695.000000,601.000000,3.000000,
0.042063,0.015558,0.295983,0.004370,0.617078,-206275.593707,2.995554,2195607.000000,1874874.000000,3722527.000000,334752.000000,1282372.000000,1952.000000,539.000000,1146.000000,164.000000,144.000000,453.000000,125.000000,266.000000,38.000000,33.000000,2784.000000,769.000000,1633.000000,233.000000,205.000000,15.000000,8.000000,18.000000,3.000000,5.000000,0.000000,6.000000,12.000000,2.000000,4.000000,0.000000,7.000000,15.000000,2.000000,5.000000,8097.000000,2266.000000,4820.000000,695.000000,601.000000,3.000000,
0.042063,0.015558,0.295983,0.004370,0.617078,-206275.593707,2.995554,2195607.000000,1874874.000000,3722527.000000,334752.000000,1282372.000000,1952.000000,539.000000,1146.000000,164.000000,144.000000,453.000000,125.000000,266.000000,38.000000,33.000000,2784.000000,769.000000,1633.000000,233.000000,205.000000,15.000000,8.000000,18.000000,3.000000,5.000000,0.000000,6.000000,12.000000,2.000000,4.000000,0.000000,7.000000,15.000000,2.000000,5.000000,8097.000000,2266.000000,4820.000000,695.000000,601.000000,3.000000,
0.041961,0.008795,0.302747,0.004860,0.663647,-206599.611152,3.001079,2195607.000000,1874874.000000,3722527.000000,334752.000000,1282372.000000,1952.000000,539.000000,1146.000000,164.000000,144.000000,453.000000,125.000000,266.000000,38.000000,33.000000,2784.000000,769.000000,1633.000000,233.000000,205.000000,15.000000,8.000000,18.000000,3.000000,5.000000,0.000000,6.000000,12.000000,2.000000,4.000000,0.000000,7.000000,15.000000,2.000000,5.000000,8097.000000,2266.000000,4820.000000,695.000000,601.000000,3.000000,
0.041961,0.008795,0.302747,0.004860,0.663647,-206599.611152,3.001079,2195607.000000,1874874.000000,3722527.000000,334752.000000,1282372.000000,1952.000000,539.000000,1146.000000,164.000000,144.000000,453.000000,125.000000,266.000000,38.000000,33.000000,2784.000000,769.000000,1633.000000,233.000000,205.000000,15.000000,8.000000,18.000000,3.000000,5.000000,0.000000,6.000000,12.000000,2.000000,4.000000,0.000000,7.000000,15.000000,2.000000,5.000000,8097.000000,2266.000000,4820.000000,695.000000,601.000000,3.000000,
0.041961,0.008795,0.302747,0.004860,0.663647,-206599.611152,3.001079,2195607.000000,1874874.000000,3722527.000000,334752.000000,1282372.000000,1952.000000,539.000000,1146.000000,164.000000,144.000000,453.000000,125.000000,266.000000,38.000000,33.000000,2784.000000,769.000000,1633.000000,233.000000,205.000000,15.000000,8.000000,18.000000,3.000000,5.000000,0.000000,6.000000,12.000000,2.000000,4.000000,0.000000,7.000000,15.000000,2.000000,5.000000,8097.000000,2266.000000,4820.000000,695.000000,601.000000,3.000000,
0.041961,0.008795,0.302747,0.004860,0.663647,-206599.611152,3.001079,2195607.000000,1874874.000000,3722527.000000,334752.000000,1282372.000000,1952.000000,539.000000,1146.000000,164.000000,144.000000,453.000000,125.000000,266.000000,38.000000,33.000000,2784.000000,769.000000,1633.000000,233.000000,205.000000,15.000000,8.000000,18.000000,3.000000,5.000000,0.000000,6.000000,12.000000,2.000000,4.000000,0.000000,7.000000,15.000000,2.000000,5.000000,8097.000000,2266.000000,4820.000000,695.000000,601.000000,3.000000,
0.041961,0.008795,0.302747,0.004860,0.663647,-206599.611152,3.001079,2195607.000000,1874874.000000,3722527.000000,334752.000000,1282372.000000,1952.000000,539.000000,1146.000000,164.000000,144.000000,453.000000,125.000000,266.000000,38.000000,33.000000,2784.000000,769.000000,1633.000000,233.000000,205.000000,15.000000,8.000000,18.000000,3.000000,5.000000,0.000000,6.000000,12.000000,2.000000,4.000000,0.000000,7.000000,15.000000,2.000000,5.000000,8097.000000,2266.000000,4820.000000,695.000000,601.000000,3.000000,
0.041968,0.008611,0.303103,0.004785,0.611924,-206616.768039,3.002237,2195607.000000,1874874.000000,3722527.000000,334752.000000,1282372.000000,1952.000000,539.000000,1146.000000,164.000000,144.000000,453.000000,125.000000,266.000000,38.000000,33.000000,2784.000000,769.000000,1633.000000,233.000000,205.000000,15.000000,8.000000,18.000000,3.000000,5.000000,0.000000,6.000000,12.000000,2.000000,4.000000,0.000000,7.000000,15.000000,2.000000,5.000000,8097.000000,2266.000000,4820.000000,695.000000,601.000000,3.000000,
0.041968,0.008611,0.303103,0.004785,0.611924,-206616.768039,3.002237,2195607.000000,1874874.000000,3722527.000000,334752.000000,1282372.000000,1952.000000,539.000000,1146.000000,164.000000,144.000000,453.000000,125.000000,266.000000,38.000000,33.000000,2784.000000,769.000000,1633.000000,233.000000,205.000000,15.000000,8.000000,18.000000,3.000000,5.000000,0.000000,6.000000,12.000000,2.000000,4.000000,0.000000,7.000000,15.000000,2.000000,5.000000,8097.000000,2266.000000,4820.000000,695.000000,601.000000,3.000000,
0.041968,0.008611,0.303103,0.004785,0.611924,-206616.768039,3.002237,2195607.000000,1874874.000000,3722527.000000,334752.000000,1282372.000000,1952.000000,539.000000,1146.000000,164.000000,144.000000,453.000000,125.000000,266.000000,38.000000,33.000000,2784.000000,769.000000,1633.000000,233.000000,205.000000,15.000000,8.000000,18.000000,3.000000,5.000000,0.000000,6.000000,12.000000,2.000000,4.000000,0.000000,7.000000,15.000000,2.000000,5.000000,8097.000000,2266.000000,4820.000000,695.000000,601.000000,3.000000,
0.041968,0.008611,0.303103,0.004785,0.611924,-206616.768039,3.002237,2195607.000000,1874874.000000,3722527.000000,334752.000000,1282372.000000,1952.000000,539.000000,1146.000000,164.000000,144.000000,453.000000,125.000000,266.000000,38.000000,33.000000,2784.000000,769.000000,1633.000000,233.000000,205.000000,15.000000,8.000000,18.000000,3.000000,5.000000,0.000000,6.000000,12.000000,2.000000,4.000000,0.000000,7.000000,15.000000,2.000000,5.000000,8097.000000,2266.000000,4820.000000,695.000000,601.000000,3.000000,
0.041968,0.008611,0.303103,0.004785,0.611924,-206616.768039,3.002237,2195607.000000,1874874.000000,3722527.000000,334752.000000,1282372.000000,1952.000000,539.000000,1146.000000,164.000000,144.000000,453.000000,125.000000,266.000000,38.000000,33.000000,2784.000000,769.000000,1633.000000,233.000000,205.000000,15.000000,8.000000,18.000000,3.000000,5.000000,0.000000,6.000000,12.000000,2.000000,4.000000,0.000000,7.000000,15.000000,2.000000,5.000000,8097.000000,2266.000000,4820.000000,695.000000,601.000000,3.000000,
0.041968,0.008611,0.303103,0.004785,0.611924,-206616.768039,3.002237,2195607.000000,1874874.000000,3722527.000000,334752.000000,1282372.000000,1952.000000,539.000000,1146.000000,164.000000,144.000000,453.000000,125.000000,266.000000,38.000000,33.000000,2784.000000,769.000000,1633.000000,233.000000,205.000000,15.000000,8.000000,18.000000,3.000000,5.000000,0.000000,6.000000,12.000000,2.000000,4.000000,0.000000,7.000000,15.000000,2.000000,5.000000,8097.000000,2266.000000,4820.000000,695.000000,601.000000,3.000000,
0.041968,0.008611,0.303103,0.004785,0.611924,-206616.768039,3.002237,2195607.000000,1874874.000000,3722527.000000,334752.000000,1282372.000000,1952.000000,539.000000,1146.000000,164.000000,144.000000,453.000000,125.000000,266.000000,38.000000,33.000000,2784.000000,769.000000,1633.000000,233.000000,205.000000,15.000000,8.000000,18.000000,3.000000,5.000000,0.000000,6.000000,12.000000,2.000000,4.000000,0.000000,7.000000,15.000000,2.000000,5.000000,8097.000000,2266.000000,4820.000000,695.000000,601.000000,3.000000,
0.041968,0.008611,0.303103,0.004785,0.611924,-206616.768039,3.002237,2195607.000000,1874874.000000,3722527.000000,334752.000000,1282372.000000,1952.000000,539.000000,1146.000000,164.000000,144.000000,453.000000,125.000000,266.000000,38.000000,33.000000,2784.000000,769.000000,1633.000000,233.000000,205.000000,15.000000,8.000000,18.000000,3.000000,5.000000,0.000000,6.000000,12.000000,2.000000,4.000000,0.000000,7.000000,15.000000,2.000000,5.000000,8097.000000,2266.000000,4820.000000,695.000000,601.000000,3.000000,
0.041862,0.054519,0.309484,0.001313,0.634162,-206925.166199,3.006766,2195607.000000,1874874.000000,3722527.000000,334752.000000,1282372.000000,1952.000000,539.000000,1146.000000,164.000000,144.000000,453.000000,125.000000,266.000000,38.000000,33.000000,2784.000000,769.000000,1633.000000,233.000000,205.000000,15.000000,8.000000,18.000000,3.000000,5.000000,0.000000,6.000000,12.000000,2.000000,4.000000,0.000000,7.000000,15.000000,2.000000,5.000000,8097.000000,2266.000000,4820.000000,695.000000,601.000000,3.000000,
0.041862,0.054519,0.309484,0.001313,0.634162,-206925.166199,3.006766,2195607.000000,1874874.000000,3722527.000000,334752.000000,1282372.000000,1952.000000,539.000000,1146.000000,164.000000,144.000000,453.000000,125.000000,266.000000,38.000000,33.000000,2784.000000,769.000000,1633.000000,233.000000,205.000000,15.000000,8.000000,18.000000,3.000000,5.000000,0.000000,6.000000,12.000000,2.000000,4.000000,0.000000,7.000000,15.000000,2.000000,5.000000,8097.000000,2266.000000,4820.000000,695.000000,601.000000,3.000000,
0.041856,0.063096,0.311703,0.001382,0.566242,-207033.056330,3.010470,2195607.000000,1874874.000000,3722527.000000,334752.000000,1282372.000000,1952.000000,539.000000,1146.000000,164.000000,144.000000,453.000000,125.000000,266.000000,38.000000,33.000000,2784.000000,769.000000,1633.000000,233.000000,205.000000,15.000000,8.000000,18.000000,3.000000,5.000000,0.000000,6.000000,12.000000,2.000000,4.000000,0.000000,7.000000,15.000000,2.000000,5.000000,8097.000000,2266.000000,4820.000000,695.000000,601.000000,3.000000,
0.041860,0.087134,0.309103,0.001562,0.729607,-206906.681952,3.005853,2195607.000000,1874874.000000,3722527.000000,334752.000000,1282372.000000,1952.000000,539.000000,1146.000000,164.000000,144.000000,453.000000,125.000000,266.000000,38.000000,33.000000,2784.000000,769.000000,1633.000000,233.000000,205.000000,15.000000,8.000000,18.000000,3.000000,5.000000,0.000000,6.000000,12.000000,2.000000,4.000000,0.000000,7.000000,15.000000,2.000000,5.000000,8097.000000,2266.000000,4820.000000,695.000000,601.000000,3.000000,
0.041889,0.080317,0.308307,0.002271,0.651144,-206868.107548,3.006476,2195607.000000,1874874.000000,3722527.000000,334752.000000,1282372.000000,1952.000000,539.000000,1146.000000,164.000000,144.000000,453.000000,125.000000,266.000000,38.000000,33.000000,2784.000000,769.000000,1633.000000,233.000000,205.000000,15.000000,8.000000,18.000000,3.000000,5.000000,0.000000,6.000000,12.000000,2.000000,4.000000,0.000000,7.000000,15.000000,2.000000,5.000000,8097.000000,2266.000000,4820.000000,695.000000,601.000000,3.000000,
0.041889,0.080317,0.308307,0.002271,0.651144,-206868.107548,3.006476,2195607.000000,1874874.000000,3722527.000000,334752.000000,1282372.000000,1952.000000,539.000000,1146.000000,164.000000,144.000000,453.000000,125.000000,266.000000,38.000000,33.000000,2784.000000,769.000000,1633.000000,233.000000,205.000000,15.000000,8.000000,18.000000,3.000000,5.000000,0.000000,6.000000,12.000000,2.000000,4.000000,0.000000,7.000000,15.000000,2.000000,5.000000,8097.000000,2266.000000,4820.000000,695.000000,601.000000,3.000000,
0.041889,0.080317,0.308307,0.002271,0.651144,-206868.107548,3.006476,2195607.000000,1874874.000000,3722527.000000,334752.000000,1282372.000000,1952.000000,539.000000,1146.000000,164.000000,144.000000,453.000000,125.000000,266.000000,38.000000,33.000000,2784.000000,769.000000,1633.000000,233.000000,205.000000,15.000000,8.000000,18.000000,3.000000,5.000000,0.000000,6.000000,12.000000,2.000000,4.000000,0.000000,7.000000,15.000000,2.000000,5.000000,8097.000000,2266.000000,4820.000000,695.000000,601.000000,3.000000,
0.041889,0.080317,0.308307,0.002271,0.651144,-206868.107548,3.006476,2195607.000000,1874874.000000,3722527.000000,334752.000000,1282372.000000,1952.000000,539.000000,1146.000000,164.000000,144.000000,453.000000,125.000000,266.000000,38.000000,33.000000,2784.000000,769.000000,1633.000000,233.000000,205.000000,15.000000,8.000000,18.000000,3.000000,5.000000,0.000000,6.000000,12.000000,2.000000,4.000000,0.000000,7.000000,15.000000,2.000000,5.000000,8097.000000,2266.000000,4820.000000,695.000000,601.000000,3.000000,
0.041889,0.080317,0.308307,0.002271,0.651144,-206868.107548,3.006476,2195607.000000,1874874.000000,3722527.000000,334752.000000,1282372.000000,1952.000000,539.000000,1146.000000,164.000000,144.000000,453.000000,125.000000,266.000000,38.000000,33.000000,2784.000000,769.000000,1633.000000,233.000000,205.000000,15.000000,8.000000,18.000000,3.000000,5.000000,0.000000,6.000000,12.000000,2.000000,4.000000,0.000000,7.000000,15.000000,2.000000,5.000000,8097.000000,2266.000000,4820.000000,695.000000,601.000000,3.000000,
0.041889,0.080317,0.308307,0.002271,0.651144,-206868.107548,3.006476,2195607.000000,1874874.000000,3722527.000000,334752.000000,1282372.000000,1952.000000,539.000000,1146.000000,164.000000,144.000000,453.000000,125.000000,266.000000,38.000000,33.000000,2784.000000,769.000000,1633.000000,233.000000,205.000000,15.000000,8.000000,18.000000,3.000000,5.000000,0.000000,6.000000,12.000000,2.000000,4.000000,0.000000,7.000000,15.000000,2.000000,5.000000,8097.000000,2266.000000,4820.000000,695.000000,601.000000,3.000000,
0.041889,0.080317,0.308307,0.002271,0.651144,-206868.107548,3.006476,2195607.000000,1874874.000000,3722527.000000,334752.000000,1282372.000000,1952.000000,539.000000,1146.000000,164.000000,144.000000,453.000000,125.000000,266.000000,38.000000,33.000000,2784.000000,769.000000,1633.000000,233.000000,205.000000,15.000000,8.000000,18.000000,3.000000,5.000000,0.000000,6.000000,12.000000,2.000000,4.000000,0.000000,7.000000,15.000000,2.000000,5.000000,8097.000000,2266.000000,4820.000000,695.000000,601.000000,3.000000,
0.041889,0.080317,0.308307,0.002271,0.651144,-206868.107548,3.006476,2195607.000000,1874874.000000,3722527.000000,334752.000000,1282372.000000,1952.000000,539.000000,1146.000000,164.000000,144.000000,453.000000,125.000000,266.000000,38.000000,33.000000,2784.000000,769.000000,1633.000000,233.000000,205.000000,15.000000,8.000000,18.000000,3.000000,5.000000,0.000000,6.000000,12.000000,2.000000,4.000000,0.000000,7.000000,15.000000,2.000000,5.000000,8097.000000,2266.000000,4820.000000,695.000000,601.000000,3.000000,
0.041889,0.080317,0.308307,0.002271,0.651144,-206868.107548,3.006476,2195607.000000,1874874.000000,3722527.000000,334752.000000,1282372.000000,1952.000000,539.000000,1146.000000,164.000000,144.000000,453.000000,125.000000,266.000000,38.000000,33.000000,2784.000000,769.000000,1633.000000,233.000000,205.000000,15.000000,8.000000,18.000000,3.000000,5.000000,0.000000,6.000000,12.000000,2.000000,4.000000,0.000000,7.000000,15.000000,2.000000,5.000000,8097.000000,2266.000000,4820.000000,695.000000,601.000000,3.000000,
0.041889,0.080317,0.308307,0.002271,0.651144,-206868.107548,3.006476,2195607.000000,1874874.000000,3722527.000000,334752.000000,1282372.000000,1952.000000,539.000000,1146.000000,164.000000,144.000000,453.000000,125.000000,266.000000,38.000000,33.000000,2784.000000,769.000000,1633.000000,233.000000,205.000000,15.000000,8.000000,18.000000,3.000000,5.000000,0.000000,6.000000,12.000000,2.000000,4.000000,0.000000,7.000000,15.000000,2.000000,5.000000,8097.000000,2266.000000,4820.000000,695.000000,601.000000,3.000000,
0.041889,0.080317,0.308307,0.002271,0.651144,-206868.107548,3.006476,2195607.000000,1874874.000000,3722527.000000,334752.000000,1282372.000000,1952.000000,539.000000,1146.000000,164.000000,144.000000,453.000000,125.000000,266.000000,38.000000,33.000000,2784.000000,769.000000,1633.000000,233.000000,205.000000,15.000000,8.000000,18.000000,3.000000,5.000000,0.000000,6.000000,12.000000,2.000000,4.000000,0.000000,7.000000,15.000000,2.000000,5.000000,8097.000000,2266.000000,4820.000000,695.000000,601.000000,3.000000,
0.041889,0.080317,0.308307,0.002271,0.651144,-206868.107548,3.006476,2195607.000000,1874874.000000,3722527.000000,334752.000000,1282372.000000,1952.000000,539.000000,1146.000000,164.000000,144.000000,453.000000,125.000000,266.000000,38.000000,33.000000,2784.000000,769.000000,1633.000000,233.000000,205.000000,15.000000,8.000000,18.000000,3.000000,5.000000,0.000000,6.000000,12.000000,2.000000,4.000000,0.000000,7.000000,15.000000,2.000000,5.000000,8097.000000,2266.000000,4820.000000,695.000000,601.000000,3.000000,
0.041889,0.080317,0.308307,0.002271,0.651144,-206868.107548,3.006476,2195607.000000,1874874.000000,3722527.000000,334752.000000,1282372.000000,1952.000000,539.000000,1146.000000,164.000000,144.000000,453.000000,125.000000,266.000000,38.000000,33.000000,2784.000000,769.000000,1633.000000,233.000000,205.000000,15.000000,8.000000,18.000000,3.000000,5.000000,0.000000,6.000000,12.000000,2.000000,4.000000,0.000000,7.000000,15.000000,2.000000,5.000000,8097.000000,2266.000000,4820.000000,695.000000,601.000000,3.000000,
0.041889,0.080317,0.308307,0.002271,0.651144,-206868.107548,3.006476,2195607.000000,1874874.000000,3722527.000000,334752.000000,1282372.000000,1952.000000,539.000000,1146.000000,164.000000,144.000000,453.000000,125.000000,266.000000,38.000000,33.000000,2784.000000,769.000000,1633.000000,233.000000,205.000000,15.000000,8.000000,18.000000,3.000000,5.000000,0.000000,6.000000,12.000000,2.000000,4.000000,0.000000,7.000000,15.000000,2.000000,5.000000,8097.000000,2266.000000,4820.000000,695.000000,601.000000,3.000000,
0.041889,0.080317,0.308307,0.002271,0.651144,-206868.107548,3.006476,2195607.000000,1874874.000000,3722527.000000,334752.000000,1282372.000000,1952.000000,539.000000,1146.000000,164.000000,144.000000,453.000000,125.000000,266.000000,38.000000,33.000000,2784.000000,769.000000,1633.000000,233.000000,205.000000,15.000000,8.000000,18.000000,3.000000,5.000000,0.000000,6.000000,12.000000,2.000000,4.000000,0.000000,7.000000,15.000000,2.000000,5.000000,8097.000000,2266.000000,4820.000000,695.000000,601.000000,3.000000,
0.041889,0.080317,0.308307,0.002271,0.651144,-206868.107548,3.006476,2195607.000000,1874874.000000,3722527.000000,334752.000000,1282372.000000,1952.000000,539.000000,1146.000000,164.000000,144.000000,453.000000,125.000000,266.000000,38.000000,33.000000,2784.000000,769.000000,1633.000000,233.000000,205.000000,15.000000,8.000000,18.000000,3.000000,5.000000,0.000000,6.000000,12.000000,2.000000,4.000000,0.000000,7.000000,15.000000,2.000000,5.000000,8097.000000,2266.000000,4820.000000,695.000000,601.000000,3.000000,
0.041889,0.080317,0.308307,0.002271,0.651144,-206868.107548,3.006476,2195607.000000,1874874.000000,3722527.000000,334752.000000,1282372.000000,1952.000000,539.000000,1146.000000,164.000000,144.000000,453.000000,125.000000,266.000000,38.000000,33.000000,2784.000000,769.000000,1633.000000,233.000000,205.000000,15.000000,8.000000,18.000000,3.000000,5.000000,0.000000,6.000000,12.000000,2.000000,4.000000,0.000000,7.000000,15.000000,2.000000,5.000000,8097.000000,2266.000000,4820.000000,695.000000,601.000000,3.000000,
0.041889,0.080317,0.308307,0.002271,0.651144,-206868.107548,3.006476,2195607.000000,1874874.000000,3722527.000000,334752.000000,1282372.000000,1952.000000,539.000000,1146.000000,164.000000,144.000000,453.000000,125.000000,266.000000,38.000000,33.000000,2784.000000,769.000000,1633.000000,233.000000,205.000000,15.000000,8.000000,18.000000,3.000000,5.000000,0.000000,6.000000,12.000000,2.000000,4.000000,0.000000,7.000000,15.000000,2.000000,5.000000,8097.000000,2266.000000,4820.000000,695.000000,601.000000,3.000000,
0.041889,0.080317,0.308307,0.002271,0.651144,-206868.107548,3.006476,2195607.000000,1874874.000000,3722527.000000,334752.000000,1282372.000000,1952.000000,539.000000,1146.000000,164.000000,144.000000,453.000000,125.000000,266.000000,38.000000,33.000000,2784.000000,769.000000,1633.000000,233.000000,205.000000,15.000000,8.000000,18.000000,3.000000,5.000000,0.000000,6.000000,12.000000,2.000000,4.000000,0.000000,7.000000,15.000000,2.000000,5.000000,8097.000000,2266.000000,4820.000000,695.000000,601.000000,3.000000,
0.041889,0.080317,0.308307,0.002271,0.651144,-206868.107548,3.006476,2195607.000000,1874874.000000,3722527.000000,334752.000000,1282372.000000,1952.000000,539.000000,1146.000000,164.000000,144.000000,453.000000,125.000000,266.000000,38.000000,33.000000,2784.000000,769.000000,1633.000000,233.000000,205.000000,15.000000,8.000000,18.000000,3.000000,5.000000,0.000000,6.000000,12.000000,2.000000,4.000000,0.000000,7.000000,15.000000,2.000000,5.000000,8097.000000,2266.000000,4820.000000,695.000000,601.000000,3.000000,
0.041889,0.080317,0.308307,0.002271,0.651144,-206868.107548,3.006476,2195607.000000,1874874.000000,3722527.000000,334752.000000,1282372.000000,1952.000000,539.000000,1146.000000,164.000000,144.000000,453.000000,125.000000,266.000000,38.000000,33.000000,2784.000000,769.000000,1633.000000,233.000000,205.000000,15.000000,8.000000,18.000000,3.000000,5.000000,0.000000,6.000000,12.000000,2.000000,4.000000,0.000000,7.000000,15.000000,2.000000,5.000000,8097.000000,2266.000000,4820.000000,695.000000,601.000000,3.000000,
0.041889,0.080317,0.308307,0.002271,0.651144,-206868.107548,3.006476,2195607.000000,1874874.000000,3722527.000000,334752.000000,1282372.000000,1952.000000,539.000000,1146.000000,164.000000,144.000000,453.000000,125.000000,266.000000,38.000000,33.000000,2784.000000,769.000000,1633.000000,233.000000,205.000000,15.000000,8.000000,18.000000,3.000000,5.000000,0.000000,6.000000,12.000000,2.000000,4.000000,0.000000,7.000000,15.000000,2.000000,5.000000,8097.000000,2266.000000,4820.000000,695.000000,601.000000,3.000000,
0.041889,0.080317,0.308307,0.002271,0.651144,-206868.107548,3.006476,2195607.000000,1874874.000000,3722527.000000,334752.000000,1282372.000000,1952.000000,539.000000,1146.000000,164.000000,144.000000,453.000000,125.000000,266.000000,38.000000,33.000000,2784.000000,769.000000,1633.000000,233.000000,205.000000,15.000000,8.000000,18.000000,3.000000,5.000000,0.000000,6.000000,12.000000,2.000000,4.000000,0.000000,7.000000,15.000000,2.000000,5.000000,8097.000000,2266.000000,4820.000000,695.000000,601.000000,3.000000,
0.041889,0.080317,0.308307,0.002271,0.651144,-206868.107548,3.006476,2195607.000000,1874874.000000,3722527.000000,334752.000000,1282372.000000,1952.000000,539.000000,1146.000000,164.000000,144.000000,453.000000,125.000000,266.000000,38.000000,33.000000,2784.000000,769.000000,1633.000000,233.000000,205.000000,15.000000,8.000000,18.000000,3.000000,5.000000,0.000000,6.000000,12.000000,2.000000,4.000000,0.000000,7.000000,15.000000,2.000000,5.000000,8097.000000,2266.000000,4820.000000,695.000000,601.000000,3.000000,
0.041889,0.080317,0.308307,0.002271,0.651144,-206868.107548,3.006476,2195607.000000,1874874.000000,3722527.000000,334752.000000,1282372.000000,1952.000000,539.000000,1146.000000,164.000000,144.000000,453.000000,125.000000,266.000000,38.000000,33.000000,2784.000000,769.000000,1633.000000,233.000000,205.000000,15.000000,8.000000,18.000000,3.000000,5.000000,0.000000,6.000000,12.000000,2.000000,4.000000,0.000000,7.000000,15.000000,2.000000,5.000000,8097.000000,2266.000000,4820.000000,695.000000,601.000000,3.000000,
0.041889,0.080317,0.308307,0.002271,0.651144,-206868.107548,3.006476,2195607.000000,1874874.000000,3722527.000000,334752.000000,1282372.000000,1952.000000,539.000000,1146.000000,164.000000,144.000000,453.000000,125.000000,266.000000,38.000000,33.000000,2784.000000,769.000000,1633.000000,233.000000,205.000000,15.000000,8.000000,18.000000,3.000000,5.000000,0.000000,6.000000,12.000000,2.000000,4.000000,0.000000,7.000000,15.000000,2.000000,5.000000,8097.000000,2266.000000,4820.000000,695.000000,601.000000,3.000000,
0.042082,0.124202,0.302944,0.002497,0.593623,-206609.332007,3.010124,2195607.000000,1874874.000000,3722527.000000,334752.000000,1282372.000000,1952.000000,539.000000,1146.000000,164.000000,144.000000,453.000000,125.000000,266.000000,38.000000,33.000000,2784.000000,769.000000,1633.000000,233.000000,205.000000,15.000000,8.000000,18.000000,3.000000,5.000000,0.000000,6.000000,12.000000,2.000000,4.000000,0.000000,7.000000,15.000000,2.000000,5.000000,8097.000000,2266.000000,4820.000000,695.000000,601.000000,3.000000,
0.042082,0.124202,0.302944,0.002497,0.593623,-206609.332007,3.010124,2195607.000000,1874874.000000,3722527.000000,334752.000000,1282372.000000,1952.000000,539.000000,1146.000000,164.000000,144.000000,453.000000,125.000000,266.000000,38.000000,33.000000,2784.000000,769.000000,1633.000000,233.000000,205.000000,15.000000,8.000000,18.000000,3.000000,5.000000,0.000000,6.000000,12.000000,2.000000,4.000000,0.000000,7.000000,15.000000,2.000000,5.000000,8097.000000,2266.000000,4820.000000,695.000000,601.000000,3.000000,
0.042009,0.045973,0.307984,0.002567,0.663310,-206852.680281,3.014477,2195607.000000,1874874.000000,3722527.000000,334752.000000,1282372.000000,1952.000000,539.000000,1146.000000,164.000000,144.000000,453.000000,125.000000,266.000000,38.000000,33.000000,2784.000000,769.000000,1633.000000,233.000000,205.000000,15.000000,8.000000,18.000000,3.000000,5.000000,0.000000,6.000000,12.000000,2.000000,4.000000,0.000000,7.000000,15.000000,2.000000,5.000000,8097.000000,2266.000000,4820.000000,695.000000,601.000000,3.000000,
0.042009,0.045973,0.307984,0.002567,0.663310,-206852.680281,3.014477,2195607.000000,1874874.000000,3722527.000000,334752.000000,1282372.000000,1952.000000,539.000000,1146.000000,164.000000,144.000000,453.000000,125.000000,266.000000,38.000000,33.000000,2784.000000,769.000000,1633.000000,233.000000,205.000000,15.000000,8.000000,18.000000,3.000000,5.000000,0.000000,6.000000,12.000000,2.000000,4.000000,0.000000,7.000000,15.000000,2.000000,5.000000,8097.000000,2266.000000,4820.000000,695.000000,601.000000,3.000000,
0.042009,0.045973,0.307984,0.002567,0.663310,-206852.680281,3.014477,2195607.000000,1874874.000000,3722527.000000,334752.000000,1282372.000000,1952.000000,539.000000,1146.000000,164.000000,144.000000,453.000000,125.000000,266.000000,38.000000,33.000000,2784.000000,769.000000,1633.000000,233.000000,205.000000,15.000000,8.000000,18.000000,3.000000,5.000000,0.000000,6.000000,12.000000,2.000000,4.000000,0.000000,7.000000,15.000000,2.000000,5.000000,8097.000000,2266.000000,4820.000000,695.000000,601.000000,3.000000,
0.042009,0.045973,0.307984,0.002567,0.663310,-206852.680281,3.014477,2195607.000000,1874874.000000,3722527.000000,334752.000000,1282372.000000,1952.000000,539.000000,1146.000000,164.000000,144.000000,453.000000,125.000000,266.000000,38.000000,33.000000,2784.000000,769.000000,1633.000000,233.000000,205.000000,15.000000,8.000000,18.000000,3.000000,5.000000,0.000000,6.000000,12.000000,2.000000,4.000000,0.000000,7.000000,15.000000,2.000000,5.000000,8097.000000,2266.000000,4820.000000,695.000000,601.000000,3.000000,
0.042113,0.040931,0.303159,0.003695,0.626824,-206619.766985,3.012765,2195607.000000,1874874.000000,3722527.000000,334752.000000,1282372.000000,1952.000000,539.000000,1146.000000,164.000000,144.000000,453.000000,125.000000,266.000000,38.000000,33.000000,2784.000000,769.000000,1633.000000,233.000000,205.000000,15.000000,8.000000,18.000000,3.000000,5.000000,0.000000,6.000000,12.000000,2.000000,4.000000,0.000000,7.000000,15.000000,2.000000,5.000000,8097.000000,2266.000000,4820.000000,695.000000,601.000000,3.000000,
0.042113,0.040931,0.303159,0.003695,0.626824,-206619.766985,3.012765,2195607.000000,1874874.000000,3722527.000000,334752.000000,1282372.000000,1952.000000,539.000000,1146.000000,164.000000,144.000000,453.000000,125.000000,266.000000,38.000000,33.000000,2784.000000,769.000000,1633.000000,233.000000,205.000000,15.000000,8.000000,18.000000,3.000000,5.000000,0.000000,6.000000,12.000000,2.000000,4.000000,0.000000,7.000000,15.000000,2.000000,5.000000,8097.000000,2266.000000,4820.000000,695.000000,601.000000,3.000000,
0.042113,0.040931,0.303159,0.003695,0.626824,-206619.766985,3.012765,2195607.000000,1874874.000000,3722527.000000,334752.000000,1282372.000000,1952.000000,539.000000,1146.000000,164.000000,144.000000,453.000000,125.000000,266.000000,38.000000,33.000000,2784.000000,769.000000,1633.000000,233.000000,205.000000,15.000000,8.000000,18.000000,3.000000,5.000000,0.000000,6.000000,12.000000,2.000000,4.000000,0.000000,7.000000,15.000000,2.000000,5.000000,8097.000000,2266.000000,4820.000000,695.000000,601.000000,3.000000,
0.042113,0.040931,0.303159,0.003695,0.626824,-206619.766985,3.012765,2195607.000000,1874874.000000,3722527.000000,334752.000000,1282372.000000,1952.000000,539.000000,1146.000000,164.000000,144.000000,453.000000,125.000000,266.000000,38.000000,33.000000,2784.000000,769.000000,1633.000000,233.000000,205.000000,15.000000,8.000000,18.000000,3.000000,5.000000,0.000000,6.000000,12.000000,2.000000,4.000000,0.000000,7.000000,15.000000,2.000000,5.000000,8097.000000,2266.000000,4820.000000,695.000000,601.000000,3.000000,
0.042113,0.040931,0.303159,0.003695,0.626824,-206619.766985,3.012765,2195607.000000,1874874.000000,3722527.000000,334752.000000,1282372.000000,1952.000000,539.000000,1146.000000,164.000000,144.000000,453.000000,125.000000,266.000000,38.000000,33.000000,2784.000000,769.000000,1633.000000,233.000000,205.000000,15.000000,8.000000,18.000000,3.000000,5.000000,0.000000,6.000000,12.000000,2.000000,4.000000,0.000000,7.000000,15.000000,2.000000,5.000000,8097.000000,2266.000000,4820.000000,695.000000,601.000000,3.000000,
0.042113,0.040931,0.303159,0.003695,0.626824,-206619.766985,3.012765,2195607.000000,1874874.000000,3722527.000000,334752.000000,1282372.000000,1952.000000,539.000000,1146.000000,164.000000,144.000000,453.000000,125.000000,266.000000,38.000000,33.000000,2784.000000,769.000000,1633.000000,233.000000,205.000000,15.000000,8.000000,18.000000,3.000000,5.000000,0.000000,6.000000,12.000000,2.000000,4.000000,0.000000,7.000000,15.000000,2.000000,5.000000,8097.000000,2266.000000,4820.000000,695.000000,601.000000,3.000000,
0.042113,0.040931,0.303159,0.003695,0.626824,-206619.766985,3.012765,2195607.000000,1874874.000000,3722527.000000,334752.000000,1282372.000000,1952.000000,539.000000,1146.000000,164.000000,144.000000,453.000000,125.000000,266.000000,38.000000,33.000000,2784.000000,769.000000,1633.000000,233.000000,205.000000,15.000000,8.000000,18.000000,3.000000,5.000000,0.000000,6.000000,12.000000,2.000000,4.000000,0.000000,7.000000,15.000000,2.000000,5.000000,8097.000000,2266.000000,4820.000000,695.000000,601.000000,3.000000,
0.042062,0.056036,0.305230,0.003159,0.646268,-206719.527037,3.013030,2195607.000000,1874874.000000,3722527.000000,334752.000000,1282372.000000,1952.000000,539.000000,1146.000000,164.000000,144.000000,453.000000,125.000000,266.000000,38.000000,33.000000,2784.000000,769.000000,1633.000000,233.000000,205.000000,15.000000,8.000000,18.000000,3.000000,5.000000,0.000000,6.000000,12.000000,2.000000,4.000000,0.000000,7.000000,15.000000,2.000000,5.000000,8097.000000,2266.000000,4820.000000,695.000000,601.000000,3.000000,
0.042062,0.056036,0.305230,0.003159,0.646268,-206719.527037,3.013030,2195607.000000,1874874.000000,3722527.000000,334752.000000,1282372.000000,1952.000000,539.000000,1146.000000,164.000000,144.000000,453.000000,125.000000,266.000000,38.000000,33.000000,2784.000000,769.000000,1633.000000,233.000000,205.000000,15.000000,8.000000,18.000000,3.000000,5.000000,0.000000,6.000000,12.000000,2.000000,4.000000,0.000000,7.000000,15.000000,2.000000,5.000000,8097.000000,2266.000000,4820.000000,695.000000,601.000000,3.000000,
0.042117,0.060691,0.305539,0.003740,0.626369,-206734.552998,3.017532,2195607.000000,1874874.000000,3722527.000000,334752.000000,1282372.000000,1952.000000,539.000000,1146.000000,164.000000,144.000000,453.000000,125.000000,266.000000,38.000000,33.000000,2784.000000,769.000000,1633.000000,233.000000,205.000000,15.000000,8.000000,18.000000,3.000000,5.000000,0.000000,6.000000,12.000000,2.000000,4.000000,0.000000,7.000000,15.000000,2.000000,5.000000,8097.000000,2266.000000,4820.000000,695.000000,601.000000,3.000000,
0.042495,0.041104,0.289918,0.004152,0.598262,-205988.078750,3.014677,2195607.000000,1874874.000000,3722527.000000,334752.000000,1282372.000000,1952.000000,539.000000,1146.000000,164.000000,144.000000,453.000000,125.000000,266.000000,38.000000,33.000000,2784.000000,769.000000,1633.000000,233.000000,205.000000,15.000000,8.000000,18.000000,3.000000,5.000000,0.000000,6.000000,12.000000,2.000000,4.000000,0.000000,7.000000,15.000000,2.000000,5.000000,8097.000000,2266.000000,4820.000000,695.000000,601.000000,3.000000,
0.042711,0.020712,0.281902,0.003966,0.700553,-205610.815581,3.014550,2195607.000000,1874874.000000,3722527.000000,334752.000000,1282372.000000,1952.000000,539.000000,1146.000000,164.000000,144.000000,453.000000,125.000000,266.000000,38.000000,33.000000,2784.000000,769.000000,1633.000000,233.000000,205.000000,15.000000,8.000000,18.000000,3.000000,5.000000,0.000000,6.000000,12.000000,2.000000,4.000000,0.000000,7.000000,15.000000,2.000000,5.000000,8097.000000,2266.000000,4820.000000,695.000000,601.000000,3.000000,
0.042711,0.020712,0.281902,0.003966,0.700553,-205610.815581,3.014550,2195607.000000,1874874.000000,3722527.000000,334752.000000,1282372.000000,1952.000000,539.000000,1146.000000,164.000000,144.000000,453.000000,125.000000,266.000000,38.000000,33.000000,2784.000000,769.000000,1633.000000,233.000000,205.000000,15.000000,8.000000,18.000000,3.000000,5.000000,0.000000,6.000000,12.000000,2.000000,4.000000,0.000000,7.000000,15.000000,2.000000,5.000000,8097.000000,2266.000000,4820.000000,695.000000,601.000000,3.000000,
0.042711,0.020712,0.281902,0.003966,0.700553,-205610.815581,3.014550,2195607.000000,1874874.000000,3722527.000000,334752.000000,1282372.000000,1952.000000,539.000000,1146.000000,164.000000,144.000000,453.000000,125.000000,266.000000,38.000000,33.000000,2784.000000,769.000000,1633.000000,233.000000,205.000000,15.000000,8.000000,18.000000,3.000000,5.000000,0.000000,6.000000,12.000000,2.000000,4.000000,0.000000,7.000000,15.000000,2.000000,5.000000,8097.000000,2266.000000,4820.000000,695.000000,601.000000,3.000000,
0.042711,0.020712,0.281902,0.003966,0.700553,-205610.815581,3.014550,2195607.000000,1874874.000000,3722527.000000,334752.000000,1282372.000000,1952.000000,539.000000,1146.000000,164.000000,144.000000,453.000000,125.000000,266.000000,38.000000,33.000000,2784.000000,769.000000,1633.000000,233.000000,205.000000,15.000000,8.000000,18.000000,3.000000,5.000000,0.000000,6.000000,12.000000,2.000000,4.000000,0.000000,7.000000,15.000000,2.000000,5.000000,8097.000000,2266.000000,4820.000000,695.000000,601.000000,3.000000,
0.042711,0.020712,0.281902,0.003966,0.700553,-205610.815581,3.014550,2195607.000000,1874874.000000,3722527.000000,334752.000000,1282372.000000,1952.000000,539.000000,1146.000000,164.000000,144.000000,453.000000,125.000000,266.000000,38.000000,33.000000,2784.000000,769.000000,1633.000000,233.000000,205.000000,15.000000,8.000000,18.000000,3.000000,5.000000,0.000000,6.000000,12.000000,2.000000,4.000000,0.000000,7.000000,15.000000,2.000000,5.000000,8097.000000,2266.000000,4820.000000,695.000000,601.000000,3.000000,
0.042554,0.012047,0.283448,0.001354,0.771985,-205683.037780,3.006437,2195607.000000,1874874.000000,3722527.000000,334752.000000,1282372.000000,1952.000000,539.000000,1146.000000,164.000000,144.000000,453.000000,125.000000,266.000000,38.000000,33.000000,2784.000000,769.000000,1633.000000,233.000000,205.000000,15.000000,8.000000,18.000000,3.000000,5.000000,0.000000,6.000000,12.000000,2.000000,4.000000,0.000000,7.000000,15.000000,2.000000,5.000000,8097.000000,2266.000000,4820.000000,695.000000,601.000000,3.000000,
0.042765,0.007985,0.275464,0.002047,0.673627,-205310.389292,3.005898,2195607.000000,1874874.000000,3722527.000000,334752.000000,1282372.000000,1952.000000,539.000000,1146.000000,164.000000,144.000000,453.000000,125.000000,266.000000,38.000000,33.000000,2784.000000,769.000000,1633.000000,233.000000,205.000000,15.000000,8.000000,18.000000,3.000000,5.000000,0.000000,6.000000,12.000000,2.000000,4.000000,0.000000,7.000000,15.000000,2.000000,5.000000,8097.000000,2266.000000,4820.000000,695.000000,601.000000,3.000000,
0.042370,0.010169,0.289727,0.003078,0.558907,-205978.821825,3.005444,2195607.000000,1874874.000000,3722527.000000,334752.000000,1282372.000000,1952.000000,539.000000,1146.000000,164.000000,144.000000,453.000000,125.000000,266.000000,38.000000,33.000000,2784.000000,769.000000,1633.000000,233.000000,205.000000,15.000000,8.000000,18.000000,3.000000,5.000000,0.000000,6.000000,12.000000,2.000000,4.000000,0.000000,7.000000,15.000000,2.000000,5.000000,8097.000000,2266.000000,4820.000000,695.000000,601.000000,3.000000,
0.042370,0.010169,0.289727,0.003078,0.558907,-205978.821825,3.005444,2195607.000000,1874874.000000,3722527.000000,334752.000000,1282372.000000,1952.000000,539.000000,1146.000000,164.000000,144.000000,453.000000,125.000000,266.000000,38.000000,33.000000,2784.000000,769.000000,1633.000000,233.000000,205.000000,15.000000,8.000000,18.000000,3.000000,5.000000,0.000000,6.000000,12.000000,2.000000,4.000000,0.000000,7.000000,15.000000,2.000000,5.000000,8097.000000,2266.000000,4820.000000,695.000000,601.000000,3.000000,
0.042370,0.010169,0.289727,0.003078,0.558907,-205978.821825,3.005444,2195607.000000,1874874.000000,3722527.000000,334752.000000,1282372.000000,1952.000000,539.000000,1146.000000,164.000000,144.000000,453.000000,125.000000,266.000000,38.000000,33.000000,2784.000000,769.000000,1633.000000,233.000000,205.000000,15.000000,8.000000,18.000000,3.000000,5.000000,0.000000,6.000000,12.000000,2.000000,4.000000,0.000000,7.000000,15.000000,2.000000,5.000000,8097.000000,2266.000000,4820.000000,695.000000,601.000000,3.000000,
0.042370,0.010169,0.289727,0.003078,0.558907,-205978.821825,3.005444,2195607.000000,1874874.000000,3722527.000000,334752.000000,1282372.000000,1952.000000,539.000000,1146.000000,164.000000,144.000000,453.000000,125.000000,266.000000,38.000000,33.000000,2784.000000,769.000000,1633.000000,233.000000,205.000000,15.000000,8.000000,18.000000,3.000000,5.000000,0.000000,6.000000,12.000000,2.000000,4.000000,0.000000,7.000000,15.000000,2.000000,5.000000,8097.000000,2266.000000,4820.000000,695.000000,601.000000,3.000000,
0.042370,0.010169,0.289727,0.003078,0.558907,-205978.821825,3.005444,2195607.000000,1874874.000000,3722527.000000,334752.000000,1282372.000000,1952.000000,539.000000,1146.000000,164.000000,144.000000,453.000000,125.000000,266.000000,38.000000,33.000000,2784.000000,769.000000,1633.000000,233.000000,205.000000,15.000000,8.000000,18.000000,3.000000,5.000000,0.000000,6.000000,12.000000,2.000000,4.000000,0.000000,7.000000,15.000000,2.000000,5.000000,8097.000000,2266.000000,4820.000000,695.000000,601.000000,3.000000,
0.042370,0.010169,0.289727,0.003078,0.558907,-205978.821825,3.005444,2195607.000000,1874874.000000,3722527.000000,334752.000000,1282372.000000,1952.000000,539.000000,1146.000000,164.000000,144.000000,453.000000,125.000000,266.000000,38.000000,33.000000,2784.000000,769.000000,1633.000000,233.000000,205.000000,15.000000,8.000000,18.000000,3.000000,5.000000,0.000000,6.000000,12.000000,2.000000,4.000000,0.000000,7.000000,15.000000,2.000000,5.000000,8097.000000,2266.000000,4820.000000,695.000000,601.000000,3.000000,
0.042370,0.010169,0.289727,0.003078,0.558907,-205978.821825,3.005444,2195607.000000,1874874.000000,3722527.000000,334752.000000,1282372.000000,1952.000000,539.000000,1146.000000,164.000000,144.000000,453.000000,125.000000,266.000000,38.000000,33.000000,2784.000000,769.000000,1633.000000,233.000000,205.000000,15.000000,8.000000,18.000000,3.000000,5.000000,0.000000,6.000000,12.000000,2.000000,4.000000,0.000000,7.000000,15.000000,2.000000,5.000000,8097.000000,2266.000000,4820.000000,695.000000,601.000000,3.000000,
0.042188,0.010735,0.296436,0.002154,0.539920,-206297.469850,3.005333,2195607.000000,1874874.000000,3722527.000000,334752.000000,1282372.000000,1952.000000,539.000000,1146.000000,164.000000,144.000000,453.000000,125.000000,266.000000,38.000000,33.000000,2784.000000,769.000000,1633.000000,233.000000,205.000000,15.000000,8.000000,18.000000,3.000000,5.000000,0.000000,6.000000,12.000000,2.000000,4.000000,0.000000,7.000000,15.000000,2.000000,5.000000,8097.000000,2266.000000,4820.000000,695.000000,601.000000,3.000000,
0.042447,0.008284,0.289035,0.003115,0.554768,-205946.202730,3.009588,2195607.000000,1874874.000000,3722527.000000,334752.000000,1282372.000000,1952.000000,539.000000,1146.000000,164.000000,144.000000,453.000000,125.000000,266.000000,38.000000,33.000000,2784.000000,769.000000,1633.000000,233.000000,205.000000,15.000000,8.000000,18.000000,3.000000,5.000000,0.000000,6.000000,12.000000,2.000000,4.000000,0.000000,7.000000,15.000000,2.000000,5.000000,8097.000000,2266.000000,4820.000000,695.000000,601.000000,3.000000,
0.042447,0.008284,0.289035,0.003115,0.554768,-205946.202730,3.009588,2195607.000000,1874874.000000,3722527.000000,334752.000000,1282372.000000,1952.000000,539.000000,1146.000000,164.000000,144.000000,453.000000,125.000000,266.000000,38.000000,33.000000,2784.000000,769.000000,1633.000000,233.000000,205.000000,15.000000,8.000000,18.000000,3.000000,5.000000,0.000000,6.000000,12.000000,2.000000,4.000000,0.000000,7.000000,15.000000,2.000000,5.000000,8097.000000,2266.000000,4820.000000,695.000000,601.000000,3.000000,
0.042447,0.008284,0.289035,0.003115,0.554768,-205946.202730,3.009588,2195607.000000,1874874.000000,3722527.000000,334752.000000,1282372.000000,1952.000000,539.000000,1146.000000,164.000000,144.000000,453.000000,125.000000,266.000000,38.000000,33.000000,2784.000000,769.000000,1633.000000,233.000000,205.000000,15.000000,8.000000,18.000000,3.000000,5.000000,0.000000,6.000000,12.000000,2.000000,4.000000,0.000000,7.000000,15.000000,2.000000,5.000000,8097.000000,2266.000000,4820.000000,695.000000,601.000000,3.000000,
0.042482,0.003420,0.289861,0.002826,0.596601,-205985.361749,3.013650,2195607.000000,1874874.000000,3722527.000000,334752.000000,1282372.000000,1952.000000,539.000000,1146.000000,164.000000,144.000000,453.000000,125.000000,266.000000,38.000000,33.000000,2784.000000,769.000000,1633.000000,233.000000,205.000000,15.000000,8.000000,18.000000,3.000000,5.000000,0.000000,6.000000,12.000000,2.000000,4.000000,0.000000,7.000000,15.000000,2.000000,5.000000,8097.000000,2266.000000,4820.000000,695.000000,601.000000,3.000000,
0.042283,0.010610,0.295448,0.002465,0.578507,-206250.493909,3.010163,2195607.000000,1874874.000000,3722527.000000,334752.000000,1282372.000000,1952.000000,539.000000,1146.000000,164.000000,144.000000,453.000000,125.000000,266.000000,38.000000,33.000000,2784.000000,769.000000,1633.000000,233.000000,205.000000,15.000000,8.000000,18.000000,3.000000,5.000000,0.000000,6.000000,12.000000,2.000000,4.000000,0.000000,7.000000,15.000000,2.000000,5.000000,8097.000000,2266.000000,4820.000000,695.000000,601.000000,3.000000,
0.042257,0.018171,0.296604,0.002332,0.681391,-206305.632536,3.010505,2195607.000000,1874874.000000,3722527.000000,334752.000000,1282372.000000,1952.000000,539.000000,1146.000000,164.000000,144.000000,453.000000,125.000000,266.000000,38.000000,33.000000,2784.000000,769.000000,1633.000000,233.000000,205.000000,15.000000,8.000000,18.000000,3.000000,5.000000,0.000000,6.000000,12.000000,2.000000,4.000000,0.000000,7.000000,15.000000,2.000000,5.000000,8097.000000,2266.000000,4820.000000,695.000000,601.000000,3.000000,
0.042257,0.018171,0.296604,0.002332,0.681391,-206305.632536,3.010505,2195607.000000,1874874.000000,3722527.000000,334752.000000,1282372.000000,1952.000000,539.000000,1146.000000,164.000000,144.000000,453.000000,125.000000,266.000000,38.000000,33.000000,2784.000000,769.000000,1633.000000,233.000000,205.000000,15.000000,8.000000,18.000000,3.000000,5.000000,0.000000,6.000000,12.000000,2.000000,4.000000,0.000000,7.000000,15.000000,2.000000,5.000000,8097.000000,2266.000000,4820.000000,695.000000,601.000000,3.000000,
0.042257,0.018171,0.296604,0.002332,0.681391,-206305.632536,3.010505,2195607.000000,1874874.000000,3722527.000000,334752.000000,1282372.000000,1952.000000,539.000000,1146.000000,164.000000,144.000000,453.000000,125.000000,266.000000,38.000000,33.000000,2784.000000,769.000000,1633.000000,233.000000,205.000000,15.000000,8.000000,18.000000,3.000000,5.000000,0.000000,6.000000,12.000000,2.000000,4.000000,0.000000,7.000000,15.000000,2.000000,5.000000,8097.000000,2266.000000,4820.000000,695.000000,601.000000,3.000000,
0.042196,0.016348,0.301193,0.001599,0.636699,-206525.339821,3.014936,2195607.000000,1874874.000000,3722527.000000,334752.000000,1282372.000000,1952.000000,539.000000,1146.000000,164.000000,144.000000,453.000000,125.000000,266.000000,38.000000,33.000000,2784.000000,769.000000,1633.000000,233.000000,205.000000,15.000000,8.000000,18.000000,3.000000,5.000000,0.000000,6.000000,12.000000,2.000000,4.000000,0.000000,7.000000,15.000000,2.000000,5.000000,8097.000000,2266.000000,4820.000000,695.000000,601.000000,3.000000,
0.041622,0.012898,0.326290,0.007196,0.607963,-207749.579444,3.021107,2195607.000000,1874874.000000,3722527.000000,334752.000000,1282372.000000,1952.000000,539.000000,1146.000000,164.000000,144.000000,453.000000,125.000000,266.000000,38.000000,33.000000,2784.000000,769.000000,1633.000000,233.000000,205.000000,15.000000,8.000000,18.000000,3.000000,5.000000,0.000000,6.000000,12.000000,2.000000,4.000000,0.000000,7.000000,15.000000,2.000000,5.000000,8097.000000,2266.000000,4820.000000,695.000000,601.000000,3.000000,
0.041622,0.012898,0.326290,0.007196,0.607963,-207749.579444,3.021107,2195607.000000,1874874.000000,3722527.000000,334752.000000,1282372.000000,1952.000000,539.000000,1146.000000,164.000000,144.000000,453.000000,125.000000,266.000000,38.000000,33.000000,2784.000000,769.000000,1633.000000,233.000000,205.000000,15.000000,8.000000,18.000000,3.000000,5.000000,0.000000,6.000000,12.000000,2.000000,4.000000,0.000000,7.000000,15.000000,2.000000,5.000000,8097.000000,2266.000000,4820.000000,695.000000,601.000000,3.000000,
0.041622,0.012898,0.326290,0.007196,0.607963,-207749.579444,3.021107,2195607.000000,1874874.000000,3722527.000000,334752.000000,1282372.000000,1952.000000,539.000000,1146.000000,164.000000,144.000000,453.000000,125.000000,266.000000,38.000000,33.000000,2784.000000,769.000000,1633.000000,233.000000,205.000000,15.000000,8.000000,18.000000,3.000000,5.000000,0.000000,6.000000,12.000000,2.000000,4.000000,0.000000,7.000000,15.000000,2.000000,5.000000,8097.000000,2266.000000,4820.000000,695.000000,601.000000,3.000000,
0.041622,0.012898,0.326290,0.007196,0.607963,-207749.579444,3.021107,2195607.000000,1874874.000000,3722527.000000,334752.000000,1282372.000000,1952.000000,539.000000,1146.000000,164.000000,144.000000,453.000000,125.000000,266.000000,38.000000,33.000000,2784.000000,769.000000,1633.000000,233.000000,205.000000,15.000000,8.000000,18.000000,3.000000,5.000000,0.000000,6.000000,12.000000,2.000000,4.000000,0.000000,7.000000,15.000000,2.000000,5.000000,8097.000000,2266.000000,4820.000000,695.000000,601.000000,3.000000,
0.041622,0.012898,0.326290,0.007196,0.607963,-207749.579444,3.021107,2195607.000000,1874874.000000,3722527.000000,334752.000000,1282372.000000,1952.000000,539.000000,1146.000000,164.000000,144.000000,453.000000,125.000000,266.000000,38.000000,33.000000,2784.000000,769.000000,1633.000000,233.000000,205.000000,15.000000,8.000000,18.000000,3.000000,5.000000,0.000000,6.000000,12.000000,2.000000,4.000000,0.000000,7.000000,15.000000,2.000000,5.000000,8097.000000,2266.000000,4820.000000,695.000000,601.000000,3.000000,
0.041622,0.012898,0.326290,0.007196,0.607963,-207749.579444,3.021107,2195607.000000,1874874.000000,3722527.000000,334752.000000,1282372.000000,1952.000000,539.000000,1146.000000,164.000000,144.000000,453.000000,125.000000,266.000000,38.000000,33.000000,2784.000000,769.000000,1633.000000,233.000000,205.000000,15.000000,8.000000,18.000000,3.000000,5.000000,0.000000,6.000000,12.000000,2.000000,4.000000,0.000000,7.000000,15.000000,2.000000,5.000000,8097.000000,2266.000000,4820.000000,695.000000,601.000000,3.000000,
0.041622,0.012898,0.326290,0.007196,0.607963,-207749.579444,3.021107,2195607.000000,1874874.000000,3722527.000000,334752.000000,1282372.000000,1952.000000,539.000000,1146.000000,164.000000,144.000000,453.000000,125.000000,266.000000,38.000000,33.000000,2784.000000,769.000000,1633.000000,233.000000,205.000000,15.000000,8.000000,18.000000,3.000000,5.000000,0.000000,6.000000,12.000000,2.000000,4.000000,0.000000,7.000000,15.000000,2.000000,5.000000,8097.000000,2266.000000,4820.000000,695.000000,601.000000,3.000000,
0.041622,0.012898,0.326290,0.007196,0.607963,-207749.579444,3.021107,2195607.000000,1874874.000000,3722527.000000,334752.000000,1282372.000000,1952.000000,539.000000,1146.000000,164.000000,144.000000,453.000000,125.000000,266.000000,38.000000,33.000000,2784.000000,769.000000,1633.000000,233.000000,205.000000,15.000000,8.000000,18.000000,3.000000,5.000000,0.000000,6.000000,12.000000,2.000000,4.000000,0.000000,7.000000,15.000000,2.000000,5.000000,8097.000000,2266.000000,4820.000000,695.000000,601.000000,3.000000,
0.041622,0.012898,0.326290,0.007196,0.607963,-207749.579444,3.021107,2195607.000000,1874874.000000,3722527.000000,334752.000000,1282372.000000,1952.000000,539.000000,1146.000000,164.000000,144.000000,453.000000,125.000000,266.000000,38.000000,33.000000,2784.000000,769.000000,1633.000000,233.000000,205.000000,15.000000,8.000000,18.000000,3.000000,5.000000,0.000000,6.000000,12.000000,2.000000,4.000000,0.000000,7.000000,15.000000,2.000000,5.000000,8097.000000,2266.000000,4820.000000,695.000000,601.000000,3.000000,
0.041622,0.012898,0.326290,0.007196,0.607963,-207749.579444,3.021107,2195607.000000,1874874.000000,3722527.000000,334752.000000,1282372.000000,1952.000000,539.000000,1146.000000,164.000000,144.000000,453.000000,125.000000,266.000000,38.000000,33.000000,2784.000000,769.000000,1633.000000,233.000000,205.000000,15.000000,8.000000,18.000000,3.000000,5.000000,0.000000,6.000000,12.000000,2.000000,4.000000,0.000000,7.000000,15.000000,2.000000,5.000000,8097.000000,2266.000000,4820.000000,695.000000,601.000000,3.000000,
0.041432,0.020600,0.335198,0.008116,0.505089,-208193.717647,3.023910,2195607.000000,1874874.000000,3722527.000000,334752.000000,1282372.000000,1952.000000,539.000000,1146.000000,164.000000,144.000000,453.000000,125.000000,266.000000,38.000000,33.000000,2784.000000,769.000000,1633.000000,233.000000,205.000000,15.000000,8.000000,18.000000,3.000000,5.000000,0.000000,6.000000,12.000000,2.000000,4.000000,0.000000,7.000000,15.000000,2.000000,5.000000,8097.000000,2266.000000,4820.000000,695.000000,601.000000,3.000000,
0.041432,0.020600,0.335198,0.008116,0.505089,-208193.717647,3.023910,2195607.000000,1874874.000000,3722527.000000,334752.000000,1282372.000000,1952.000000,539.000000,1146.000000,164.000000,144.000000,453.000000,125.000000,266.000000,38.000000,33.000000,2784.000000,769.000000,1633.000000,233.000000,205.000000,15.000000,8.000000,18.000000,3.000000,5.000000,0.000000,6.000000,12.000000,2.000000,4.000000,0.000000,7.000000,15.000000,2.000000,5.000000,8097.000000,2266.000000,4820.000000,695.000000,601.000000,3.000000,
0.041432,0.020600,0.335198,0.008116,0.505089,-208193.717647,3.023910,2195607.000000,1874874.000000,3722527.000000,334752.000000,1282372.000000,1952.000000,539.000000,1146.000000,164.000000,144.000000,453.000000,125.000000,266.000000,38.000000,33.000000,2784.000000,769.000000,1633.000000,233.000000,205.000000,15.000000,8.000000,18.000000,3.000000,5.000000,0.000000,6.000000,12.000000,2.000000,4.000000,0.000000,7.000000,15.000000,2.000000,5.000000,8097.000000,2266.000000,4820.000000,695.000000,601.000000,3.000000,
0.041497,0.027195,0.327591,0.005272,0.486137,-207813.975663,3.014463,2195607.000000,1874874.000000,3722527.000000,334752.000000,1282372.000000,1952.000000,539.000000,1146.000000,164.000000,144.000000,453.000000,125.000000,266.000000,38.000000,33.000000,2784.000000,769.000000,1633.000000,233.000000,205.000000,15.000000,8.000000,18.000000,3.000000,5.000000,0.000000,6.000000,12.000000,2.000000,4.000000,0.000000,7.000000,15.000000,2.000000,5.000000,8097.000000,2266.000000,4820.000000,695.000000,601.000000,3.000000,
0.041497,0.027195,0.327591,0.005272,0.486137,-207813.975663,3.014463,2195607.000000,1874874.000000,3722527.000000,334752.000000,1282372.000000,1952.000000,539.000000,1146.000000,164.000000,144.000000,453.000000,125.000000,266.000000,38.000000,33.000000,2784.000000,769.000000,1633.000000,233.000000,205.000000,15.000000,8.000000,18.000000,3.000000,5.000000,0.000000,6.000000,12.000000,2.000000,4.000000,0.000000,7.000000,15.000000,2.000000,5.000000,8097.000000,2266.000000,4820.000000,695.000000,601.000000,3.000000,
0.041497,0.027195,0.327591,0.005272,0.486137,-207813.975663,3.014463,2195607.000000,1874874.000000,3722527.000000,334752.000000,1282372.000000,1952.000000,539.000000,1146.000000,164.000000,144.000000,453.000000,125.000000,266.000000,38.000000,33.000000,2784.000000,769.000000,1633.000000,233.000000,205.000000,15.000000,8.000000,18.000000,3.000000,5.000000,0.000000,6.000000,12.000000,2.000000,4.000000,0.000000,7.000000,15.000000,2.000000,5.000000,8097.000000,2266.000000,4820.000000,695.000000,601.000000,3.000000,
0.041426,0.095065,0.331774,0.006281,0.547614,-208022.239322,3.017077,2195607.000000,1874874.000000,3722527.000000,334752.000000,1282372.000000,1952.000000,539.000000,1146.000000,164.000000,144.000000,453.000000,125.000000,266.000000,38.000000,33.000000,2784.000000,769.000000,1633.000000,233.000000,205.000000,15.000000,8.000000,18.000000,3.000000,5.000000,0.000000,6.000000,12.000000,2.000000,4.000000,0.000000,7.000000,15.000000,2.000000,5.000000,8097.000000,2266.000000,4820.000000,695.000000,601.000000,3.000000,
0.041426,0.095065,0.331774,0.006281,0.547614,-208022.239322,3.017077,2195607.000000,1874874.000000,3722527.000000,334752.000000,1282372.000000,1952.000000,539.000000,1146.000000,164.000000,144.000000,453.000000,125.000000,266.000000,38.000000,33.000000,2784.000000,769.000000,1633.000000,233.000000,205.000000,15.000000,8.000000,18.000000,3.000000,5.000000,0.000000,6.000000,12.000000,2.000000,4.000000,0.000000,7.000000,15.000000,2.000000,5.000000,8097.000000,2266.000000,4820.000000,695.000000,601.000000,3.000000,
0.041519,0.035229,0.327190,0.011314,0.502663,-207794.086417,3.015258,2195607.000000,1874874.000000,3722527.000000,334752.000000,1282372.000000,1952.000000,539.000000,1146.000000,164.000000,144.000000,453.000000,125.000000,266.000000,38.000000,33.000000,2784.000000,769.000000,1633.000000,233.000000,205.000000,15.000000,8.000000,18.000000,3.000000,5.000000,0.000000,6.000000,12.000000,2.000000,4.000000,0.000000,7.000000,15.000000,2.000000,5.000000,8097.000000,2266.000000,4820.000000,695.000000,601.000000,3.000000,
0.041519,0.035229,0.327190,0.011314,0.502663,-207794.086417,3.015258,2195607.000000,1874874.000000,3722527.000000,334752.000000,1282372.000000,1952.000000,539.000000,1146.000000,164.000000,144.000000,453.000000,125.000000,266.000000,38.000000,33.000000,2784.000000,769.000000,1633.000000,233.000000,205.000000,15.000000,8.000000,18.000000,3.000000,5.000000,0.000000,6.000000,12.000000,2.000000,4.000000,0.000000,7.000000,15.000000,2.000000,5.000000,8097.000000,2266.000000,4820.000000,695.000000,601.000000,3.000000,
0.041519,0.035229,0.327190,0.011314,0.502663,-207794.086417,3.015258,2195607.000000,1874874.000000,3722527.000000,334752.000000,1282372.000000,1952.000000,539.000000,1146.000000,164.000000,144.000000,453.000000,125.000000,266.000000,38.000000,33.000000,2784.000000,769.000000,1633.000000,233.000000,205.000000,15.000000,8.000000,18.000000,3.000000,5.000000,0.000000,6.000000,12.000000,2.000000,4.000000,0.000000,7.000000,15.000000,2.000000,5.000000,8097.000000,2266.000000,4820.000000,695.000000,601.000000,3.000000,
0.041679,0.019852,0.316170,0.012644,0.589312,-207250.858479,3.006183,2195607.000000,1874874.000000,3722527.000000,334752.000000,1282372.000000,1952.000000,539.000000,1146.000000,164.000000,144.000000,453.000000,125.000000,266.000000,38.000000,33.000000,2784.000000,769.000000,1633.000000,233.000000,205.000000,15.000000,8.000000,18.000000,3.000000,5.000000,0.000000,6.000000,12.000000,2.000000,4.000000,0.000000,7.000000,15.000000,2.000000,5.000000,8097.000000,2266.000000,4820.000000,695.000000,601.000000,3.000000,
0.041679,0.019852,0.316170,0.012644,0.589312,-207250.858479,3.006183,2195607.000000,1874874.000000,3722527.000000,334752.000000,1282372.000000,1952.000000,539.000000,1146.000000,164.000000,144.000000,453.000000,125.000000,266.000000,38.000000,33.000000,2784.000000,769.000000,1633.000000,233.000000,205.000000,15.000000,8.000000,18.000000,3.000000,5.000000,0.000000,6.000000,12.000000,2.000000,4.000000,0.000000,7.000000,15.000000,2.000000,5.000000,8097.000000,2266.000000,4820.000000,695.000000,601.000000,3.000000,
0.041679,0.019852,0.316170,0.012644,0.589312,-207250.858479,3.006183,2195607.000000,1874874.000000,3722527.000000,334752.000000,1282372.000000,1952.000000,539.000000,1146.000000,164.000000,144.000000,453.000000,125.000000,266.000000,38.000000,33.000000,2784.000000,769.000000,1633.000000,233.000000,205.000000,15.000000,8.000000,18.000000,3.000000,5.000000,0.000000,6.000000,12.000000,2.000000,4.000000,0.000000,7.000000,15.000000,2.000000,5.000000,8097.000000,2266.000000,4820.000000,695.000000,601.000000,3.000000,
0.041679,0.019852,0.316170,0.012644,0.589312,-207250.858479,3.006183,2195607.000000,1874874.000000,3722527.000000,334752.000000,1282372.000000,1952.000000,539.000000,1146.000000,164.000000,144.000000,453.000000,125.000000,266.000000,38.000000,33.000000,2784.000000,769.000000,1633.000000,233.000000,205.000000,15.000000,8.000000,18.000000,3.000000,5.000000,0.000000,6.000000,12.000000,2.000000,4.000000,0.000000,7.000000,15.000000,2.000000,5.000000,8097.000000,2266.000000,4820.000000,695.000000,601.000000,3.000000,
0.041679,0.019852,0.316170,0.012644,0.589312,-207250.858479,3.006183,2195607.000000,1874874.000000,3722527.000000,334752.000000,1282372.000000,1952.000000,539.000000,1146.000000,164.000000,144.000000,453.000000,125.000000,266.000000,38.000000,33.000000,2784.000000,769.000000,1633.000000,233.000000,205.000000,15.000000,8.000000,18.000000,3.000000,5.000000,0.000000,6.000000,12.000000,2.000000,4.000000,0.000000,7.000000,15.000000,2.000000,5.000000,8097.000000,2266.000000,4820.000000,695.000000,601.000000,3.000000,
0.041675,0.010727,0.316802,0.016204,0.496663,-207281.814547,3.007103,2195607.000000,1874874.000000,3722527.000000,334752.000000,1282372.000000,1952.000000,539.000000,1146.000000,164.000000,144.000000,453.000000,125.000000,266.000000,38.000000,33.000000,2784.000000,769.000000,1633.000000,233.000000,205.000000,15.000000,8.000000,18.000000,3.000000,5.000000,0.000000,6.000000,12.000000,2.000000,4.000000,0.000000,7.000000,15.000000,2.000000,5.000000,8097.000000,2266.000000,4820.000000,695.000000,601.000000,3.000000,
0.041584,0.010884,0.323921,0.011037,0.573643,-207632.168905,3.013849,2195607.000000,1874874.000000,3722527.000000,334752.000000,1282372.000000,1952.000000,539.000000,1146.000000,164.000000,144.000000,453.000000,125.000000,266.000000,38.000000,33.000000,2784.000000,769.000000,1633.000000,233.000000,205.000000,15.000000,8.000000,18.000000,3.000000,5.000000,0.000000,6.000000,12.000000,2.000000,4.000000,0.000000,7.000000,15.000000,2.000000,5.000000,8097.000000,2266.000000,4820.000000,695.000000,601.000000,3.000000,
0.041584,0.010884,0.323921,0.011037,0.573643,-207632.168905,3.013849,2195607.000000,1874874.000000,3722527.000000,334752.000000,1282372.000000,1952.000000,539.000000,1146.000000,164.000000,144.000000,453.000000,125.000000,266.000000,38.000000,33.000000,2784.000000,769.000000,1633.000000,233.000000,205.000000,15.000000,8.000000,18.000000,3.000000,5.000000,0.000000,6.000000,12.000000,2.000000,4.000000,0.000000,7.000000,15.000000,2.000000,5.000000,8097.000000,2266.000000,4820.000000,695.000000,601.000000,3.000000,
0.041624,0.011766,0.319907,0.012791,0.636787,-207434.222314,3.009219,2195607.000000,1874874.000000,3722527.000000,334752.000000,1282372.000000,1952.000000,539.000000,1146.000000,164.000000,144.000000,453.000000,125.000000,266.000000,38.000000,33.000000,2784.000000,769.000000,1633.000000,233.000000,205.000000,15.000000,8.000000,18.000000,3.000000,5.000000,0.000000,6.000000,12.000000,2.000000,4.000000,0.000000,7.000000,15.000000,2.000000,5.000000,8097.000000,2266.000000,4820.000000,695.000000,601.000000,3.000000,
0.041624,0.011766,0.319907,0.012791,0.636787,-207434.222314,3.009219,2195607.000000,1874874.000000,3722527.000000,334752.000000,1282372.000000,1952.000000,539.000000,1146.000000,164.000000,144.000000,453.000000,125.000000,266.000000,38.000000,33.000000,2784.000000,769.000000,1633.000000,233.000000,205.000000,15.000000,8.000000,18.000000,3.000000,5.000000,0.000000,6.000000,12.000000,2.000000,4.000000,0.000000,7.000000,15.000000,2.000000,5.000000,8097.000000,2266.000000,4820.000000,695.000000,601.000000,3.000000,
0.041509,0.023952,0.323032,0.016801,0.568326,-207588.072107,3.006758,2195607.000000,1874874.000000,3722527.000000,334752.000000,1282372.000000,1952.000000,539.000000,1146.000000,164.000000,144.000000,453.000000,125.000000,266.000000,38.000000,33.000000,2784.000000,769.000000,1633.000000,233.000000,205.000000,15.000000,8.000000,18.000000,3.000000,5.000000,0.000000,6.000000,12.000000,2.000000,4.000000,0.000000,7.000000,15.000000,2.000000,5.000000,8097.000000,2266.000000,4820.000000,695.000000,601.000000,3.000000,
0.041509,0.023952,0.323032,0.016801,0.568326,-207588.072107,3.006758,2195607.000000,1874874.000000,3722527.000000,334752.000000,1282372.000000,1952.000000,539.000000,1146.000000,164.000000,144.000000,453.000000,125.000000,266.000000,38.000000,33.000000,2784.000000,769.000000,1633.000000,233.000000,205.000000,15.000000,8.000000,18.000000,3.000000,5.000000,0.000000,6.000000,12.000000,2.000000,4.000000,0.000000,7.000000,15.000000,2.000000,5.000000,8097.000000,2266.000000,4820.000000,695.000000,601.000000,3.000000,
0.041509,0.023952,0.323032,0.016801,0.568326,-207588.072107,3.006758,2195607.000000,1874874.000000,3722527.000000,334752.000000,1282372.000000,1952.000000,539.000000,1146.000000,164.000000,144.000000,453.000000,125.000000,266.000000,38.000000,33.000000,2784.000000,769.000000,1633.000000,233.000000,205.000000,15.000000,8.000000,18.000000,3.000000,5.000000,0.000000,6.000000,12.000000,2.000000,4.000000,0.000000,7.000000,15.000000,2.000000,5.000000,8097.000000,2266.000000,4820.000000,695.000000,601.000000,3.000000,
0.041509,0.023952,0.323032,0.016801,0.568326,-207588.072107,3.006758,2195607.000000,1874874.000000,3722527.000000,334752.000000,1282372.000000,1952.000000,539.000000,1146.000000,164.000000,144.000000,453.000000,125.000000,266.000000,38.000000,33.000000,2784.000000,769.000000,1633.000000,233.000000,205.000000,15.000000,8.000000,18.000000,3.000000,5.000000,0.000000,6.000000,12.000000,2.000000,4.000000,0.000000,7.000000,15.000000,2.000000,5.000000,8097.000000,2266.000000,4820.000000,695.000000,601.000000,3.000000,
0.041444,0.031714,0.322926,0.023992,0.599214,-207582.727571,3.001853,2195607.000000,1874874.000000,3722527.000000,334752.000000,1282372.000000,1952.000000,539.000000,1146.000000,164.000000,144.000000,453.000000,125.000000,266.000000,38.000000,33.000000,2784.000000,769.000000,1633.000000,233.000000,205.000000,15.000000,8.000000,18.000000,3.000000,5.000000,0.000000,6.000000,12.000000,2.000000,4.000000,0.000000,7.000000,15.000000,2.000000,5.000000,8097.000000,2266.000000,4820.000000,695.000000,601.000000,3.000000,
0.041444,0.031714,0.322926,0.023992,0.599214,-207582.727571,3.001853,2195607.000000,1874874.000000,3722527.000000,334752.000000,1282372.000000,1952.000000,539.000000,1146.000000,164.000000,144.000000,453.000000,125.000000,266.000000,38.000000,33.000000,2784.000000,769.000000,1633.000000,233.000000,205.000000,15.000000,8.000000,18.000000,3.000000,5.000000,0.000000,6.000000,12.000000,2.000000,4.000000,0.000000,7.000000,15.000000,2.000000,5.000000,8097.000000,2266.000000,4820.000000,695.000000,601.000000,3.000000,
0.041149,0.055497,0.333049,0.025199,0.603452,-208085.491866,2.999331,2195607.000000,1874874.000000,3722527.000000,334752.000000,1282372.000000,1952.000000,539.000000,1146.000000,164.000000,144.000000,453.000000,125.000000,266.000000,38.000000,33.000000,2784.000000,769.000000,1633.000000,233.000000,205.000000,15.000000,8.000000,18.000000,3.000000,5.000000,0.000000,6.000000,12.000000,2.000000,4.000000,0.000000,7.000000,15.000000,2.000000,5.000000,8097.000000,2266.000000,4820.000000,695.000000,601.000000,3.000000,
0.041149,0.055497,0.333049,0.025199,0.603452,-208085.491866,2.999331,2195607.000000,1874874.000000,3722527.000000,334752.000000,1282372.000000,1952.000000,539.000000,1146.000000,164.000000,144.000000,453.000000,125.000000,266.000000,38.000000,33.000000,2784.000000,769.000000,1633.000000,233.000000,205.000000,15.000000,8.000000,18.000000,3.000000,5.000000,0.000000,6.000000,12.000000,2.000000,4.000000,0.000000,7.000000,15.000000,2.000000,5.000000,8097.000000,2266.000000,4820.000000,695.000000,601.000000,3.000000,
0.041267,0.120656,0.325118,0.031580,0.622389,-207690.832149,2.993108,2195607.000000,1874874.000000,3722527.000000,334752.000000,1282372.000000,1952.000000,539.000000,1146.000000,164.000000,144.000000,453.000000,125.000000,266.000000,38.000000,33.000000,2784.000000,769.000000,1633.000000,233.000000,205.000000,15.000000,8.000000,18.000000,3.000000,5.000000,0.000000,6.000000,12.000000,2.000000,4.000000,0.000000,7.000000,15.000000,2.000000,5.000000,8097.000000,2266.000000,4820.000000,695.000000,601.000000,3.000000,
0.041267,0.120656,0.325118,0.031580,0.622389,-207690.832149,2.993108,2195607.000000,1874874.000000,3722527.000000,334752.000000,1282372.000000,1952.000000,539.000000,1146.000000,164.000000,144.000000,453.000000,125.000000,266.000000,38.000000,33.000000,2784.000000,769.000000,1633.000000,233.000000,205.000000,15.000000,8.000000,18.000000,3.000000,5.000000,0.000000,6.000000,12.000000,2.000000,4.000000,0.000000,7.000000,15.000000,2.000000,5.000000,8097.000000,2266.000000,4820.000000,695.000000,601.000000,3.000000,
0.041267,0.120656,0.325118,0.031580,0.622389,-207690.832149,2.993108,2195607.000000,1874874.000000,3722527.000000,334752.000000,1282372.000000,1952.000000,539.000000,1146.000000,164.000000,144.000000,453.000000,125.000000,266.000000,38.000000,33.000000,2784.000000,769.000000,1633.000000,233.000000,205.000000,15.000000,8.000000,18.000000,3.000000,5.000000,0.000000,6.000000,12.000000,2.000000,4.000000,0.000000,7.000000,15.000000,2.000000,5.000000,8097.000000,2266.000000,4820.000000,695.000000,601.000000,3.000000,
0.041267,0.120656,0.325118,0.031580,0.622389,-207690.832149,2.993108,2195607.000000,1874874.000000,3722527.000000,334752.000000,1282372.000000,1952.000000,539.000000,1146.000000,164.000000,144.000000,453.000000,125.000000,266.000000,38.000000,33.000000,2784.000000,769.000000,1633.000000,233.000000,205.000000,15.000000,8.000000,18.000000,3.000000,5.000000,0.000000,6.000000,12.000000,2.000000,4.000000,0.000000,7.000000,15.000000,2.000000,5.000000,8097.000000,2266.000000,4820.000000,695.000000,601.000000,3.000000,
0.041267,0.120656,0.325118,0.031580,0.622389,-207690.832149,2.993108,2195607.000000,1874874.000000,3722527.000000,334752.000000,1282372.000000,1952.000000,539.000000,1146.000000,164.000000,144.000000,453.000000,125.000000,266.000000,38.000000,33.000000,2784.000000,769.000000,1633.000000,233.000000,205.000000,15.000000,8.000000,18.000000,3.000000,5.000000,0.000000,6.000000,12.000000,2.000000,4.000000,0.000000,7.000000,15.000000,2.000000,5.000000,8097.000000,2266.000000,4820.000000,695.000000,601.000000,3.000000,
0.041487,0.115535,0.315429,0.024635,0.682201,-207214.252688,2.990907,2195607.000000,1874874.000000,3722527.000000,334752.000000,1282372.000000,1952.000000,539.000000,1146.000000,164.000000,144.000000,453.000000,125.000000,266.000000,38.000000,33.000000,2784.000000,769.000000,1633.000000,233.000000,205.000000,15.000000,8.000000,18.000000,3.000000,5.000000,0.000000,6.000000,12.000000,2.000000,4.000000,0.000000,7.000000,15.000000,2.000000,5.000000,8097.000000,2266.000000,4820.000000,695.000000,601.000000,3.000000,
0.041487,0.115535,0.315429,0.024635,0.682201,-207214.252688,2.990907,2195607.000000,1874874.000000,3722527.000000,334752.000000,1282372.000000,1952.000000,539.000000,1146.000000,164.000000,144.000000,453.000000,125.000000,266.000000,38.000000,33.000000,2784.000000,769.000000,1633.000000,233.000000,205.000000,15.000000,8.000000,18.000000,3.000000,5.000000,0.000000,6.000000,12.000000,2.000000,4.000000,0.000000,7.000000,15.000000,2.000000,5.000000,8097.000000,2266.000000,4820.000000,695.000000,601.000000,3.000000,
0.041487,0.115535,0.315429,0.024635,0.682201,-207214.252688,2.990907,2195607.000000,1874874.000000,3722527.000000,334752.000000,1282372.000000,1952.000000,539.000000,1146.000000,164.000000,144.000000,453.000000,125.000000,266.000000,38.000000,33.000000,2784.000000,769.000000,1633.000000,233.000000,205.000000,15.000000,8.000000,18.000000,3.000000,5.000000,0.000000,6.000000,12.000000,2.000000,4.000000,0.000000,7.000000,15.000000,2.000000,5.000000,8097.000000,2266.000000,4820.000000,695.000000,601.000000,3.000000,
0.041498,0.157411,0.311471,0.026529,0.592302,-207021.087208,2.984283,2195607.000000,1874874.000000,3722527.000000,334752.000000,1282372.000000,1952.000000,539.000000,1146.000000,164.000000,144.000000,453.000000,125.000000,266.000000,38.000000,33.000000,2784.000000,769.000000,1633.000000,233.000000,205.000000,15.000000,8.000000,18.000000,3.000000,5.000000,0.000000,6.000000,12.000000,2.000000,4.000000,0.000000,7.000000,15.000000,2.000000,5.000000,8097.000000,2266.000000,4820.000000,695.000000,601.000000,3.000000,
0.041498,0.157411,0.311471,0.026529,0.592302,-207021.087208,2.984283,2195607.000000,1874874.000000,3722527.000000,334752.000000,1282372.000000,1952.000000,539.000000,1146.000000,164.000000,144.000000,453.000000,125.000000,266.000000,38.000000,33.000000,2784.000000,769.000000,1633.000000,233.000000,205.000000,15.000000,8.000000,18.000000,3.000000,5.000000,0.000000,6.000000,12.000000,2.000000,4.000000,0.000000,7.000000,15.000000,2.000000,5.000000,8097.000000,2266.000000,4820.000000,695.000000,601.000000,3.000000,
0.041498,0.157411,0.311471,0.026529,0.592302,-207021.087208,2.984283,2195607.000000,1874874.000000,3722527.000000,334752.000000,1282372.000000,1952.000000,539.000000,1146.000000,164.000000,144.000000,453.000000,125.000000,266.000000,38.000000,33.000000,2784.000000,769.000000,1633.000000,233.000000,205.000000,15.000000,8.000000,18.000000,3.000000,5.000000,0.000000,6.000000,12.000000,2.000000,4.000000,0.000000,7.000000,15.000000,2.000000,5.000000,8097.000000,2266.000000,4820.000000,695.000000,601.000000,3.000000,
0.041438,0.056524,0.323502,0.055080,0.490670,-207611.161926,3.002523,2195607.000000,1874874.000000,3722527.000000,334752.000000,1282372.000000,1952.000000,539.000000,1146.000000,164.000000,144.000000,453.000000,125.000000,266.000000,38.000000,33.000000,2784.000000,769.000000,1633.000000,233.000000,205.000000,15.000000,8.000000,18.000000,3.000000,5.000000,0.000000,6.000000,12.000000,2.000000,4.000000,0.000000,7.000000,15.000000,2.000000,5.000000,8097.000000,2266.000000,4820.000000,695.000000,601.000000,3.000000,
0.041438,0.056524,0.323502,0.055080,0.490670,-207611.161926,3.002523,2195607.000000,1874874.000000,3722527.000000,334752.000000,1282372.000000,1952.000000,539.000000,1146.000000,164.000000,144.000000,453.000000,125.000000,266.000000,38.000000,33.000000,2784.000000,769.000000,1633.000000,233.000000,205.000000,15.000000,8.000000,18.000000,3.000000,5.000000,0.000000,6.000000,12.000000,2.000000,4.000000,0.000000,7.000000,15.000000,2.000000,5.000000,8097.000000,2266.000000,4820.000000,695.000000,601.000000,3.000000,
0.041438,0.056524,0.323502,0.055080,0.490670,-207611.161926,3.002523,2195607.000000,1874874.000000,3722527.000000,334752.000000,1282372.000000,1952.000000,539.000000,1146.000000,164.000000,144.000000,453.000000,125.000000,266.000000,38.000000,33.000000,2784.000000,769.000000,1633.000000,233.000000,205.000000,15.000000,8.000000,18.000000,3.000000,5.000000,0.000000,6.000000,12.000000,2.000000,4.000000,0.000000,7.000000,15.000000,2.000000,5.000000,8097.000000,2266.000000,4820.000000,695.000000,601.000000,3.000000,
0.041264,0.127615,0.330434,0.027737,0.522123,-207955.069722,3.002827,2195607.000000,1874874.000000,3722527.000000,334752.000000,1282372.000000,1952.000000,539.000000,1146.000000,164.000000,144.000000,453.000000,125.000000,266.000000,38.000000,33.000000,2784.000000,769.000000,1633.000000,233.000000,205.000000,15.000000,8.000000,18.000000,3.000000,5.000000,0.000000,6.000000,12.000000,2.000000,4.000000,0.000000,7.000000,15.000000,2.000000,5.000000,8097.000000,2266.000000,4820.000000,695.000000,601.000000,3.000000,
0.041264,0.127615,0.330434,0.027737,0.522123,-207955.069722,3.002827,2195607.000000,1874874.000000,3722527.000000,334752.000000,1282372.000000,1952.000000,539.000000,1146.000000,164.000000,144.000000,453.000000,125.000000,266.000000,38.000000,33.000000,2784.000000,769.000000,1633.000000,233.000000,205.000000,15.000000,8.000000,18.000000,3.000000,5.000000,0.000000,6.000000,12.000000,2.000000,4.000000,0.000000,7.000000,15.000000,2.000000,5.000000,8097.000000,2266.000000,4820.000000,695.000000,601.000000,3.000000,
0.041085,0.153723,0.336893,0.027164,0.558511,-208278.168856,3.001747,2195607.000000,1874874.000000,3722527.000000,334752.000000,1282372.000000,1952.000000,539.000000,1146.000000,164.000000,144.000000,453.000000,125.000000,266.000000,38.000000,33.000000,2784.000000,769.000000,1633.000000,233.000000,205.000000,15.000000,8.000000,18.000000,3.000000,5.000000,0.000000,6.000000,12.000000,2.000000,4.000000,0.000000,7.000000,15.000000,2.000000,5.000000,8097.000000,2266.000000,4820.000000,695.000000,601.000000,3.000000,
0.041085,0.153723,0.336893,0.027164,0.558511,-208278.168856,3.001747,2195607.000000,1874874.000000,3722527.000000,334752.000000,1282372.000000,1952.000000,539.000000,1146.000000,164.000000,144.000000,453.000000,125.000000,266.000000,38.000000,33.000000,2784.000000,769.000000,1633.000000,233.000000,205.000000,15.000000,8.000000,18.000000,3.000000,5.000000,0.000000,6.000000,12.000000,2.000000,4.000000,0.000000,7.000000,15.000000,2.000000,5.000000,8097.000000,2266.000000,4820.000000,695.000000,601.000000,3.000000,
0.041085,0.153723,0.336893,0.027164,0.558511,-208278.168856,3.001747,2195607.000000,1874874.000000,3722527.000000,334752.000000,1282372.000000,1952.000000,539.000000,1146.000000,164.000000,144.000000,453.000000,125.000000,266.000000,38.000000,33.000000,2784.000000,769.000000,1633.000000,233.000000,205.000000,15.000000,8.000000,18.000000,3.000000,5.000000,0.000000,6.000000,12.000000,2.000000,4.000000,0.000000,7.000000,15.000000,2.000000,5.000000,8097.000000,2266.000000,4820.000000,695.000000,601.000000,3.000000,
0.041085,0.153723,0.336893,0.027164,0.558511,-208278.168856,3.001747,2195607.000000,1874874.000000,3722527.000000,334752.000000,1282372.000000,1952.000000,539.000000,1146.000000,164.000000,144.000000,453.000000,125.000000,266.000000,38.000000,33.000000,2784.000000,769.000000,1633.000000,233.000000,205.000000,15.000000,8.000000,18.000000,3.000000,5.000000,0.000000,6.000000,12.000000,2.000000,4.000000,0.000000,7.000000,15.000000,2.000000,5.000000,8097.000000,2266.000000,4820.000000,695.000000,601.000000,3.000000,
0.041085,0.153723,0.336893,0.027164,0.558511,-208278.168856,3.001747,2195607.000000,1874874.000000,3722527.000000,334752.000000,1282372.000000,1952.000000,539.000000,1146.000000,164.000000,144.000000,453.000000,125.000000,266.000000,38.000000,33.000000,2784.000000,769.000000,1633.000000,233.000000,205.000000,15.000000,8.000000,18.000000,3.000000,5.000000,0.000000,6.000000,12.000000,2.000000,4.000000,0.000000,7.000000,15.000000,2.000000,5.000000,8097.000000,2266.000000,4820.000000,695.000000,601.000000,3.000000,
0.041085,0.153723,0.336893,0.027164,0.558511,-208278.168856,3.001747,2195607.000000,1874874.000000,3722527.000000,334752.000000,1282372.000000,1952.000000,539.000000,1146.000000,164.000000,144.000000,453.000000,125.000000,266.000000,38.000000,33.000000,2784.000000,769.000000,1633.000000,233.000000,205.000000,15.000000,8.000000,18.000000,3.000000,5.000000,0.000000,6.000000,12.000000,2.000000,4.000000,0.000000,7.000000,15.000000,2.000000,5.000000,8097.000000,2266.000000,4820.000000,695.000000,601.000000,3.000000,
0.041085,0.153723,0.336893,0.027164,0.558511,-208278.168856,3.001747,2195607.000000,1874874.000000,3722527.000000,334752.000000,1282372.000000,1952.000000,539.000000,1146.000000,164.000000,144.000000,453.000000,125.000000,266.000000,38.000000,33.000000,2784.000000,769.000000,1633.000000,233.000000,205.000000,15.000000,8.000000,18.000000,3.000000,5.000000,0.000000,6.000000,12.000000,2.000000,4.000000,0.000000,7.000000,15.000000,2.000000,5.000000,8097.000000,2266.000000,4820.000000,695.000000,601.000000,3.000000,
0.041085,0.153723,0.336893,0.027164,0.558511,-208278.168856,3.001747,2195607.000000,1874874.000000,3722527.000000,334752.000000,1282372.000000,1952.000000,539.000000,1146.000000,164.000000,144.000000,453.000000,125.000000,266.000000,38.000000,33.000000,2784.000000,769.000000,1633.000000,233.000000,205.000000,15.000000,8.000000,18.000000,3.000000,5.000000,0.000000,6.000000,12.000000,2.000000,4.000000,0.000000,7.000000,15.000000,2.000000,5.000000,8097.000000,2266.000000,4820.000000,695.000000,601.000000,3.000000,
0.041085,0.153723,0.336893,0.027164,0.558511,-208278.168856,3.001747,2195607.000000,1874874.000000,3722527.000000,334752.000000,1282372.000000,1952.000000,539.000000,1146.000000,164.000000,144.000000,453.000000,125.000000,266.000000,38.000000,33.000000,2784.000000,769.000000,1633.000000,233.000000,205.000000,15.000000,8.000000,18.000000,3.000000,5.000000,0.000000,6.000000,12.000000,2.000000,4.000000,0.000000,7.000000,15.000000,2.000000,5.000000,8097.000000,2266.000000,4820.000000,695.000000,601.000000,3.000000,
0.041085,0.153723,0.336893,0.027164,0.558511,-208278.168856,3.001747,2195607.000000,1874874.000000,3722527.000000,334752.000000,1282372.000000,1952.000000,539.000000,1146.000000,164.000000,144.000000,453.000000,125.000000,266.000000,38.000000,33.000000,2784.000000,769.000000,1633.000000,233.000000,205.000000,15.000000,8.000000,18.000000,3.000000,5.000000,0.000000,6.000000,12.000000,2.000000,4.000000,0.000000,7.000000,15.000000,2.000000,5.000000,8097.000000,2266.000000,4820.000000,695.000000,601.000000,3.000000,
0.041085,0.153723,0.336893,0.027164,0.558511,-208278.168856,3.001747,2195607.000000,1874874.000000,3722527.000000,334752.000000,1282372.000000,1952.000000,539.000000,1146.000000,164.000000,144.000000,453.000000,125.000000,266.000000,38.000000,33.000000,2784.000000,769.000000,1633.000000,233.000000,205.000000,15.000000,8.000000,18.000000,3.000000,5.000000,0.000000,6.000000,12.000000,2.000000,4.000000,0.000000,7.000000,15.000000,2.000000,5.000000,8097.000000,2266.000000,4820.000000,695.000000,601.000000,3.000000,
0.041085,0.153723,0.336893,0.027164,0.558511,-208278.168856,3.001747,2195607.000000,1874874.000000,3722527.000000,334752.000000,1282372.000000,1952.000000,539.000000,1146.000000,164.000000,144.000000,453.000000,125.000000,266.000000,38.000000,33.000000,2784.000000,769.000000,1633.000000,233.000000,205.000000,15.000000,8.000000,18.000000,3.000000,5.000000,0.000000,6.000000,12.000000,2.000000,4.000000,0.000000,7.000000,15.000000,2.000000,5.000000,8097.000000,2266.000000,4820.000000,695.000000,601.000000,3.000000,
0.041085,0.153723,0.336893,0.027164,0.558511,-208278.168856,3.001747,2195607.000000,1874874.000000,3722527.000000,334752.000000,1282372.000000,1952.000000,539.000000,1146.000000,164.000000,144.000000,453.000000,125.000000,266.000000,38.000000,33.000000,2784.000000,769.000000,1633.000000,233.000000,205.000000,15.000000,8.000000,18.000000,3.000000,5.000000,0.000000,6.000000,12.000000,2.000000,4.000000,0.000000,7.000000,15.000000,2.000000,5.000000,8097.000000,2266.000000,4820.000000,695.000000,601.000000,3.000000,
0.041085,0.153723,0.336893,0.027164,0.558511,-208278.168856,3.001747,2195607.000000,1874874.000000,3722527.000000,334752.000000,1282372.000000,1952.000000,539.000000,1146.000000,164.000000,144.000000,453.000000,125.000000,266.000000,38.000000,33.000000,2784.000000,769.000000,1633.000000,233.000000,205.000000,15.000000,8.000000,18.000000,3.000000,5.000000,0.000000,6.000000,12.000000,2.000000,4.000000,0.000000,7.000000,15.000000,2.000000,5.000000,8097.000000,2266.000000,4820.000000,695.000000,601.000000,3.000000,
0.041085,0.153723,0.336893,0.027164,0.558511,-208278.168856,3.001747,2195607.000000,1874874.000000,3722527.000000,334752.000000,1282372.000000,1952.000000,539.000000,1146.000000,164.000000,144.000000,453.000000,125.000000,266.000000,38.000000,33.000000,2784.000000,769.000000,1633.000000,233.000000,205.000000,15.000000,8.000000,18.000000,3.000000,5.000000,0.000000,6.000000,12.000000,2.000000,4.000000,0.000000,7.000000,15.000000,2.000000,5.000000,8097.000000,2266.000000,4820.000000,695.000000,601.000000,3.000000,
0.041017,0.179491,0.341297,0.015110,0.572924,-208500.136356,3.004966,2195607.000000,1874874.000000,3722527.000000,334752.000000,1282372.000000,1952.000000,539.000000,1146.000000,164.000000,144.000000,453.000000,125.000000,266.000000,38.000000,33.000000,2784.000000,769.000000,1633.000000,233.000000,205.000000,15.000000,8.000000,18.000000,3.000000,5.000000,0.000000,6.000000,12.000000,2.000000,4.000000,0.000000,7.000000,15.000000,2.000000,5.000000,8097.000000,2266.000000,4820.000000,695.000000,601.000000,3.000000,
0.041017,0.179491,0.341297,0.015110,0.572924,-208500.136356,3.004966,2195607.000000,1874874.000000,3722527.000000,334752.000000,1282372.000000,1952.000000,539.000000,1146.000000,164.000000,144.000000,453.000000,125.000000,266.000000,38.000000,33.000000,2784.000000,769.000000,1633.000000,233.000000,205.000000,15.000000,8.000000,18.000000,3.000000,5.000000,0.000000,6.000000,12.000000,2.000000,4.000000,0.000000,7.000000,15.000000,2.000000,5.000000,8097.000000,2266.000000,4820.000000,695.000000,601.000000,3.000000,
0.041281,0.250820,0.329513,0.019738,0.582057,-207909.156258,3.002305,2195607.000000,1874874.000000,3722527.000000,334752.000000,1282372.000000,1952.000000,539.000000,1146.000000,164.000000,144.000000,453.000000,125.000000,266.000000,38.000000,33.000000,2784.000000,769.000000,1633.000000,233.000000,205.000000,15.000000,8.000000,18.000000,3.000000,5.000000,0.000000,6.000000,12.000000,2.000000,4.000000,0.000000,7.000000,15.000000,2.000000,5.000000,8097.000000,2266.000000,4820.000000,695.000000,601.000000,3.000000,
0.041281,0.250820,0.329513,0.019738,0.582057,-207909.156258,3.002305,2195607.000000,1874874.000000,3722527.000000,334752.000000,1282372.000000,1952.000000,539.000000,1146.000000,164.000000,144.000000,453.000000,125.000000,266.000000,38.000000,33.000000,2784.000000,769.000000,1633.000000,233.000000,205.000000,15.000000,8.000000,18.000000,3.000000,5.000000,0.000000,6.000000,12.000000,2.000000,4.000000,0.000000,7.000000,15.000000,2.000000,5.000000,8097.000000,2266.000000,4820.000000,695.000000,601.000000,3.000000,
0.041281,0.250820,0.329513,0.019738,0.582057,-207909.156258,3.002305,2195607.000000,1874874.000000,3722527.000000,334752.000000,1282372.000000,1952.000000,539.000000,1146.000000,164.000000,144.000000,453.000000,125.000000,266.000000,38.000000,33.000000,2784.000000,769.000000,1633.000000,233.000000,205.000000,15.000000,8.000000,18.000000,3.000000,5.000000,0.000000,6.000000,12.000000,2.000000,4.000000,0.000000,7.000000,15.000000,2.000000,5.000000,8097.000000,2266.000000,4820.000000,695.000000,601.000000,3.000000,
0.041351,0.111402,0.327296,0.016601,0.570753,-207799.021169,3.003264,2195607.000000,1874874.000000,3722527.000000,334752.000000,1282372.000000,1952.000000,539.000000,1146.000000,164.000000,144.000000,453.000000,125.000000,266.000000,38.000000,33.000000,2784.000000,769.000000,1633.000000,233.000000,205.000000,15.000000,8.000000,18.000000,3.000000,5.000000,0.000000,6.000000,12.000000,2.000000,4.000000,0.000000,7.000000,15.000000,2.000000,5.000000,8097.000000,2266.000000,4820.000000,695.000000,601.000000,3.000000,
0.041351,0.111402,0.327296,0.016601,0.570753,-207799.021169,3.003264,2195607.000000,1874874.000000,3722527.000000,334752.000000,1282372.000000,1952.000000,539.000000,1146.000000,164.000000,144.000000,453.000000,125.000000,266.000000,38.000000,33.000000,2784.000000,769.000000,1633.000000,233.000000,205.000000,15.000000,8.000000,18.000000,3.000000,5.000000,0.000000,6.000000,12.000000,2.000000,4.000000,0.000000,7.000000,15.000000,2.000000,5.000000,8097.000000,2266.000000,4820.000000,695.000000,601.000000,3.000000,
0.041351,0.111402,0.327296,0.016601,0.570753,-207799.021169,3.003264,2195607.000000,1874874.000000,3722527.000000,334752.000000,1282372.000000,1952.000000,539.000000,1146.000000,164.000000,144.000000,453.000000,125.000000,266.000000,38.000000,33.000000,2784.000000,769.000000,1633.000000,233.000000,205.000000,15.000000,8.000000,18.000000,3.000000,5.000000,0.000000,6.000000,12.000000,2.000000,4.000000,0.000000,7.000000,15.000000,2.000000,5.000000,8097.000000,2266.000000,4820.000000,695.000000,601.000000,3.000000,
0.041375,0.255457,0.316416,0.087423,0.461601,-207262.345193,2.984670,2195607.000000,1874874.000000,3722527.000000,334752.000000,1282372.000000,1952.000000,539.000000,1146.000000,164.000000,144.000000,453.000000,125.000000,266.000000,38.000000,33.000000,2784.000000,769.000000,1633.000000,233.000000,205.000000,15.000000,8.000000,18.000000,3.000000,5.000000,0.000000,6.000000,12.000000,2.000000,4.000000,0.000000,7.000000,15.000000,2.000000,5.000000,8097.000000,2266.000000,4820.000000,695.000000,601.000000,3.000000,
0.041360,0.273638,0.317984,0.100742,0.482746,-207339.214810,2.986557,2195607.000000,1874874.000000,3722527.000000,334752.000000,1282372.000000,1952.000000,539.000000,1146.000000,164.000000,144.000000,453.000000,125.000000,266.000000,38.000000,33.000000,2784.000000,769.000000,1633.000000,233.000000,205.000000,15.000000,8.000000,18.000000,3.000000,5.000000,0.000000,6.000000,12.000000,2.000000,4.000000,0.000000,7.000000,15.000000,2.000000,5.000000,8097.000000,2266.000000,4820.000000,695.000000,601.000000,3.000000,
0.041360,0.273638,0.317984,0.100742,0.482746,-207339.214810,2.986557,2195607.000000,1874874.000000,3722527.000000,334752.000000,1282372.000000,1952.000000,539.000000,1146.000000,164.000000,144.000000,453.000000,125.000000,266.000000,38.000000,33.000000,2784.000000,769.000000,1633.000000,233.000000,205.000000,15.000000,8.000000,18.000000,3.000000,5.000000,0.000000,6.000000,12.000000,2.000000,4.000000,0.000000,7.000000,15.000000,2.000000,5.000000,8097.000000,2266.000000,4820.000000,695.000000,601.000000,3.000000,
0.041360,0.273638,0.317984,0.100742,0.482746,-207339.214810,2.986557,2195607.000000,1874874.000000,3722527.000000,334752.000000,1282372.000000,1952.000000,539.000000,1146.000000,164.000000,144.000000,453.000000,125.000000,266.000000,38.000000,33.000000,2784.000000,769.000000,1633.000000,233.000000,205.000000,15.000000,8.000000,18.000000,3.000000,5.000000,0.000000,6.000000,12.000000,2.000000,4.000000,0.000000,7.000000,15.000000,2.000000,5.000000,8097.000000,2266.000000,4820.000000,695.000000,601.000000,3.000000,
0.041360,0.273638,0.317984,0.100742,0.482746,-207339.214810,2.986557,2195607.000000,1874874.000000,3722527.000000,334752.000000,1282372.000000,1952.000000,539.000000,1146.000000,164.000000,144.000000,453.000000,125.000000,266.000000,38.000000,33.000000,2784.000000,769.000000,1633.000000,233.000000,205.000000,15.000000,8.000000,18.000000,3.000000,5.000000,0.000000,6.000000,12.000000,2.000000,4.000000,0.000000,7.000000,15.000000,2.000000,5.000000,8097.000000,2266.000000,4820.000000,695.000000,601.000000,3.000000,
0.041360,0.273638,0.317984,0.100742,0.482746,-207339.214810,2.986557,2195607.000000,1874874.000000,3722527.000000,334752.000000,1282372.000000,1952.000000,539.000000,1146.000000,164.000000,144.000000,453.000000,125.000000,266.000000,38.000000,33.000000,2784.000000,769.000000,1633.000000,233.000000,205.000000,15.000000,8.000000,18.000000,3.000000,5.000000,0.000000,6.000000,12.000000,2.000000,4.000000,0.000000,7.000000,15.000000,2.000000,5.000000,8097.000000,2266.000000,4820.000000,695.000000,601.000000,3.000000,
0.041360,0.273638,0.317984,0.100742,0.482746,-207339.214810,2.986557,2195607.000000,1874874.000000,3722527.000000,334752.000000,1282372.000000,1952.000000,539.000000,1146.000000,164.000000,144.000000,453.000000,125.000000,266.000000,38.000000,33.000000,2784.000000,769.000000,1633.000000,233.000000,205.000000,15.000000,8.000000,18.000000,3.000000,5.000000,0.000000,6.000000,12.000000,2.000000,4.000000,0.000000,7.000000,15.000000,2.000000,5.000000,8097.000000,2266.000000,4820.000000,695.000000,601.000000,3.000000,
0.041360,0.273638,0.317984,0.100742,0.482746,-207339.214810,2.986557,2195607.000000,1874874.000000,3722527.000000,334752.000000,1282372.000000,1952.000000,539.000000,1146.000000,164.000000,144.000000,453.000000,125.000000,266.000000,38.000000,33.000000,2784.000000,769.000000,1633.000000,233.000000,205.000000,15.000000,8.000000,18.000000,3.000000,5.000000,0.000000,6.000000,12.000000,2.000000,4.000000,0.000000,7.000000,15.000000,2.000000,5.000000,8097.000000,2266.000000,4820.000000,695.000000,601.000000,3.000000,
0.040561,0.011958,0.368504,0.075846,0.384503,-209899.286979,3.021338,2195607.000000,1874874.000000,3722527.000000,334752.000000,1282372.000000,1952.000000,539.000000,1146.000000,164.000000,144.000000,453.000000,125.000000,266.000000,38.000000,33.000000,2784.000000,769.000000,1633.000000,233.000000,205.000000,15.000000,8.000000,18.000000,3.000000,5.000000,0.000000,6.000000,12.000000,2.000000,4.000000,0.000000,7.000000,15.000000,2.000000,5.000000,8097.000000,2266.000000,4820.000000,695.000000,601.000000,3.000000,
0.040555,0.008866,0.366657,0.108611,0.338792,-209802.696095,3.017493,2195607.000000,1874874.000000,3722527.000000,334752.000000,1282372.000000,1952.000000,539.000000,1146.000000,164.000000,144.000000,453.000000,125.000000,266.000000,38.000000,33.000000,2784.000000,769.000000,1633.000000,233.000000,205.000000,15.000000,8.000000,18.000000,3.000000,5.000000,0.000000,6.000000,12.000000,2.000000,4.000000,0.000000,7.000000,15.000000,2.000000,5.000000,8097.000000,2266.000000,4820.000000,695.000000,601.000000,3.000000,
0.040519,0.007066,0.371653,0.114169,0.294539,-210064.424549,3.023980,2195607.000000,1874874.000000,3722527.000000,334752.000000,1282372.000000,1952.000000,539.000000,1146.000000,164.000000,144.000000,453.000000,125.000000,266.000000,38.000000,33.000000,2784.000000,769.000000,1633.000000,233.000000,205.000000,15.000000,8.000000,18.000000,3.000000,5.000000,0.000000,6.000000,12.000000,2.000000,4.000000,0.000000,7.000000,15.000000,2.000000,5.000000,8097.000000,2266.000000,4820.000000,695.000000,601.000000,3.000000,
0.040519,0.007066,0.371653,0.114169,0.294539,-210064.424549,3.023980,2195607.000000,1874874.000000,3722527.000000,334752.000000,1282372.000000,1952.000000,539.000000,1146.000000,164.000000,144.000000,453.000000,125.000000,266.000000,38.000000,33.000000,2784.000000,769.000000,1633.000000,233.000000,205.000000,15.000000,8.000000,18.000000,3.000000,5.000000,0.000000,6.000000,12.000000,2.000000,4.000000,0.000000,7.000000,15.000000,2.000000,5.000000,8097.000000,2266.000000,4820.000000,695.000000,601.000000,3.000000,
0.040519,0.007066,0.371653,0.114169,0.294539,-210064.424549,3.023980,2195607.000000,1874874.000000,3722527.000000,334752.000000,1282372.000000,1952.000000,539.000000,1146.000000,164.000000,144.000000,453.000000,125.000000,266.000000,38.000000,33.000000,2784.000000,769.000000,1633.000000,233.000000,205.000000,15.000000,8.000000,18.000000,3.000000,5.000000,0.000000,6.000000,12.000000,2.000000,4.000000,0.000000,7.000000,15.000000,2.000000,5.000000,8097.000000,2266.000000,4820.000000,695.000000,601.000000,3.000000,
0.040519,0.007066,0.371653,0.114169,0.294539,-210064.424549,3.023980,2195607.000000,1874874.000000,3722527.000000,334752.000000,1282372.000000,1952.000000,539.000000,1146.000000,164.000000,144.000000,453.000000,125.000000,266.000000,38.000000,33.000000,2784.000000,769.000000,1633.000000,233.000000,205.000000,15.000000,8.000000,18.000000,3.000000,5.000000,0.000000,6.000000,12.000000,2.000000,4.000000,0.000000,7.000000,15.000000,2.000000,5.000000,8097.000000,2266.000000,4820.000000,695.000000,601.000000,3.000000,
0.040519,0.007066,0.371653,0.114169,0.294539,-210064.424549,3.023980,2195607.000000,1874874.000000,3722527.000000,334752.000000,1282372.000000,1952.000000,539.000000,1146.000000,164.000000,144.000000,453.000000,125.000000,266.000000,38.000000,33.000000,2784.000000,769.000000,1633.000000,233.000000,205.000000,15.000000,8.000000,18.000000,3.000000,5.000000,0.000000,6.000000,12.000000,2.000000,4.000000,0.000000,7.000000,15.000000,2.000000,5.000000,8097.000000,2266.000000,4820.000000,695.000000,601.000000,3.000000,
0.040610,0.008176,0.367839,0.106501,0.311477,-209864.605472,3.023774,2195607.000000,1874874.000000,3722527.000000,334752.000000,1282372.000000,1952.000000,539.000000,1146.000000,164.000000,144.000000,453.000000,125.000000,266.000000,38.000000,33.000000,2784.000000,769.000000,1633.000000,233.000000,205.000000,15.000000,8.000000,18.000000,3.000000,5.000000,0.000000,6.000000,12.000000,2.000000,4.000000,0.000000,7.000000,15.000000,2.000000,5.000000,8097.000000,2266.000000,4820.000000,695.000000,601.000000,3.000000,
0.040610,0.008176,0.367839,0.106501,0.311477,-209864.605472,3.023774,2195607.000000,1874874.000000,3722527.000000,334752.000000,1282372.000000,1952.000000,539.000000,1146.000000,164.000000,144.000000,453.000000,125.000000,266.000000,38.000000,33.000000,2784.000000,769.000000,1633.000000,233.000000,205.000000,15.000000,8.000000,18.000000,3.000000,5.000000,0.000000,6.000000,12.000000,2.000000,4.000000,0.000000,7.000000,15.000000,2.000000,5.000000,8097.000000,2266.000000,4820.000000,695.000000,601.000000,3.000000,
0.040610,0.008176,0.367839,0.106501,0.311477,-209864.605472,3.023774,2195607.000000,1874874.000000,3722527.000000,334752.000000,1282372.000000,1952.000000,539.000000,1146.000000,164.000000,144.000000,453.000000,125.000000,266.000000,38.000000,33.000000,2784.000000,769.000000,1633.000000,233.000000,205.000000,15.000000,8.000000,18.000000,3.000000,5.000000,0.000000,6.000000,12.000000,2.000000,4.000000,0.000000,7.000000,15.000000,2.000000,5.000000,8097.000000,2266.000000,4820.000000,695.000000,601.000000,3.000000,
0.040610,0.008176,0.367839,0.106501,0.311477,-209864.605472,3.023774,2195607.000000,1874874.000000,3722527.000000,334752.000000,1282372.000000,1952.000000,539.000000,1146.000000,164.000000,144.000000,453.000000,125.000000,266.000000,38.000000,33.000000,2784.000000,769.000000,1633.000000,233.000000,205.000000,15.000000,8.000000,18.000000,3.000000,5.000000,0.000000,6.000000,12.000000,2.000000,4.000000,0.000000,7.000000,15.000000,2.000000,5.000000,8097.000000,2266.000000,4820.000000,695.000000,601.000000,3.000000,
0.040610,0.008176,0.367839,0.106501,0.311477,-209864.605472,3.023774,2195607.000000,1874874.000000,3722527.000000,334752.000000,1282372.000000,1952.000000,539.000000,1146.000000,164.000000,144.000000,453.000000,125.000000,266.000000,38.000000,33.000000,2784.000000,769.000000,1633.000000,233.000000,205.000000,15.000000,8.000000,18.000000,3.000000,5.000000,0.000000,6.000000,12.000000,2.000000,4.000000,0.000000,7.000000,15.000000,2.000000,5.000000,8097.000000,2266.000000,4820.000000,695.000000,601.000000,3.000000,
0.040610,0.008176,0.367839,0.106501,0.311477,-209864.605472,3.023774,2195607.000000,1874874.000000,3722527.000000,334752.000000,1282372.000000,1952.000000,539.000000,1146.000000,164.000000,144.000000,453.000000,125.000000,266.000000,38.000000,33.000000,2784.000000,769.000000,1633.000000,233.000000,205.000000,15.000000,8.000000,18.000000,3.000000,5.000000,0.000000,6.000000,12.000000,2.000000,4.000000,0.000000,7.000000,15.000000,2.000000,5.000000,8097.000000,2266.000000,4820.000000,695.000000,601.000000,3.000000,
0.040594,0.006356,0.371456,0.131986,0.244992,-210054.205154,3.029209,2195607.000000,1874874.000000,3722527.000000,334752.000000,1282372.000000,1952.000000,539.000000,1146.000000,164.000000,144.000000,453.000000,125.000000,266.000000,38.000000,33.000000,2784.000000,769.000000,1633.000000,233.000000,205.000000,15.000000,8.000000,18.000000,3.000000,5.000000,0.000000,6.000000,12.000000,2.000000,4.000000,0.000000,7.000000,15.000000,2.000000,5.000000,8097.000000,2266.000000,4820.000000,695.000000,601.000000,3.000000,
0.040594,0.006356,0.371456,0.131986,0.244992,-210054.205154,3.029209,2195607.000000,1874874.000000,3722527.000000,334752.000000,1282372.000000,1952.000000,539.000000,1146.000000,164.000000,144.000000,453.000000,125.000000,266.000000,38.000000,33.000000,2784.000000,769.000000,1633.000000,233.000000,205.000000,15.000000,8.000000,18.000000,3.000000,5.000000,0.000000,6.000000,12.000000,2.000000,4.000000,0.000000,7.000000,15.000000,2.000000,5.000000,8097.000000,2266.000000,4820.000000,695.000000,601.000000,3.000000,
0.040533,0.003721,0.375591,0.089404,0.233101,-210271.995076,3.032246,2195607.000000,1874874.000000,3722527.000000,334752.000000,1282372.000000,1952.000000,539.000000,1146.000000,164.000000,144.000000,453.000000,125.000000,266.000000,38.000000,33.000000,2784.000000,769.000000,1633.000000,233.000000,205.000000,15.000000,8.000000,18.000000,3.000000,5.000000,0.000000,6.000000,12.000000,2.000000,4.000000,0.000000,7.000000,15.000000,2.000000,5.000000,8097.000000,2266.000000,4820.000000,695.000000,601.000000,3.000000,
0.040533,0.003721,0.375591,0.089404,0.233101,-210271.995076,3.032246,2195607.000000,1874874.000000,3722527.000000,334752.000000,1282372.000000,1952.000000,539.000000,1146.000000,164.000000,144.000000,453.000000,125.000000,266.000000,38.000000,33.000000,2784.000000,769.000000,1633.000000,233.000000,205.000000,15.000000,8.000000,18.000000,3.000000,5.000000,0.000000,6.000000,12.000000,2.000000,4.000000,0.000000,7.000000,15.000000,2.000000,5.000000,8097.000000,2266.000000,4820.000000,695.000000,601.000000,3.000000,
0.040533,0.003721,0.375591,0.089404,0.233101,-210271.995076,3.032246,2195607.000000,1874874.000000,3722527.000000,334752.000000,1282372.000000,1952.000000,539.000000,1146.000000,164.000000,144.000000,453.000000,125.000000,266.000000,38.000000,33.000000,2784.000000,769.000000,1633.000000,233.000000,205.000000,15.000000,8.000000,18.000000,3.000000,5.000000,0.000000,6.000000,12.000000,2.000000,4.000000,0.000000,7.000000,15.000000,2.000000,5.000000,8097.000000,2266.000000,4820.000000,695.000000,601.000000,3.000000,
0.040444,0.004911,0.381627,0.121508,0.202546,-210591.918155,3.036621,2195607.000000,1874874.000000,3722527.000000,334752.000000,1282372.000000,1952.000000,539.000000,1146.000000,164.000000,144.000000,453.000000,125.000000,266.000000,38.000000,33.000000,2784.000000,769.000000,1633.000000,233.000000,205.000000,15.000000,8.000000,18.000000,3.000000,5.000000,0.000000,6.000000,12.000000,2.000000,4.000000,0.000000,7.000000,15.000000,2.000000,5.000000,8097.000000,2266.000000,4820.000000,695.000000,601.000000,3.000000,
0.040293,0.002423,0.396487,0.085157,0.208635,-211390.319886,3.052302,2195607.000000,1874874.000000,3722527.000000,334752.000000,1282372.000000,1952.000000,539.000000,1146.000000,164.000000,144.000000,453.000000,125.000000,266.000000,38.000000,33.000000,2784.000000,769.000000,1633.000000,233.000000,205.000000,15.000000,8.000000,18.000000,3.000000,5.000000,0.000000,6.000000,12.000000,2.000000,4.000000,0.000000,7.000000,15.000000,2.000000,5.000000,8097.000000,2266.000000,4820.000000,695.000000,601.000000,3.000000,
0.040544,0.001020,0.382423,0.041549,0.397733,-210634.505283,3.045557,2195607.000000,1874874.000000,3722527.000000,334752.000000,1282372.000000,1952.000000,539.000000,1146.000000,164.000000,144.000000,453.000000,125.000000,266.000000,38.000000,33.000000,2784.000000,769.000000,1633.000000,233.000000,205.000000,15.000000,8.000000,18.000000,3.000000,5.000000,0.000000,6.000000,12.000000,2.000000,4.000000,0.000000,7.000000,15.000000,2.000000,5.000000,8097.000000,2266.000000,4820.000000,695.000000,601.000000,3.000000,
0.040544,0.001020,0.382423,0.041549,0.397733,-210634.505283,3.045557,2195607.000000,1874874.000000,3722527.000000,334752.000000,1282372.000000,1952.000000,539.000000,1146.000000,164.000000,144.000000,453.000000,125.000000,266.000000,38.000000,33.000000,2784.000000,769.000000,1633.000000,233.000000,205.000000,15.000000,8.000000,18.000000,3.000000,5.000000,0.000000,6.000000,12.000000,2.000000,4.000000,0.000000,7.000000,15.000000,2.000000,5.000000,8097.000000,2266.000000,4820.000000,695.000000,601.000000,3.000000,
0.040544,0.001020,0.382423,0.041549,0.397733,-210634.505283,3.045557,2195607.000000,1874874.000000,3722527.000000,334752.000000,1282372.000000,1952.000000,539.000000,1146.000000,164.000000,144.000000,453.000000,125.000000,266.000000,38.000000,33.000000,2784.000000,769.000000,1633.000000,233.000000,205.000000,15.000000,8.000000,18.000000,3.000000,5.000000,0.000000,6.000000,12.000000,2.000000,4.000000,0.000000,7.000000,15.000000,2.000000,5.000000,8097.000000,2266.000000,4820.000000,695.000000,601.000000,3.000000,
0.040544,0.001020,0.382423,0.041549,0.397733,-210634.505283,3.045557,2195607.000000,1874874.000000,3722527.000000,334752.000000,1282372.000000,1952.000000,539.000000,1146.000000,164.000000,144.000000,453.000000,125.000000,266.000000,38.000000,33.000000,2784.000000,769.000000,1633.000000,233.000000,205.000000,15.000000,8.000000,18.000000,3.000000,5.000000,0.000000,6.000000,12.000000,2.000000,4.000000,0.000000,7.000000,15.000000,2.000000,5.000000,8097.000000,2266.000000,4820.000000,695.000000,601.000000,3.000000,
0.040544,0.001020,0.382423,0.041549,0.397733,-210634.505283,3.045557,2195607.000000,1874874.000000,3722527.000000,334752.000000,1282372.000000,1952.000000,539.000000,1146.000000,164.000000,144.000000,453.000000,125.000000,266.000000,38.000000,33.000000,2784.000000,769.000000,1633.000000,233.000000,205.000000,15.000000,8.000000,18.000000,3.000000,5.000000,0.000000,6.000000,12.000000,2.000000,4.000000,0.000000,7.000000,15.000000,2.000000,5.000000,8097.000000,2266.000000,4820.000000,695.000000,601.000000,3.000000,
0.040544,0.001020,0.382423,0.041549,0.397733,-210634.505283,3.045557,2195607.000000,1874874.000000,3722527.000000,334752.000000,1282372.000000,1952.000000,539.000000,1146.000000,164.000000,144.000000,453.000000,125.000000,266.000000,38.000000,33.000000,2784.000000,769.000000,1633.000000,233.000000,205.000000,15.000000,8.000000,18.000000,3.000000,5.000000,0.000000,6.000000,12.000000,2.000000,4.000000,0.000000,7.000000,15.000000,2.000000,5.000000,8097.000000,2266.000000,4820.000000,695.000000,601.000000,3.000000,
0.040544,0.001020,0.382423,0.041549,0.397733,-210634.505283,3.045557,2195607.000000,1874874.000000,3722527.000000,334752.000000,1282372.000000,1952.000000,539.000000,1146.000000,164.000000,144.000000,453.000000,125.000000,266.000000,38.000000,33.000000,2784.000000,769.000000,1633.000000,233.000000,205.000000,15.000000,8.000000,18.000000,3.000000,5.000000,0.000000,6.000000,12.000000,2.000000,4.000000,0.000000,7.000000,15.000000,2.000000,5.000000,8097.000000,2266.000000,4820.000000,695.000000,601.000000,3.000000,
0.040544,0.001020,0.382423,0.041549,0.397733,-210634.505283,3.045557,2195607.000000,1874874.000000,3722527.000000,334752.000000,1282372.000000,1952.000000,539.000000,1146.000000,164.000000,144.000000,453.000000,125.000000,266.000000,38.000000,33.000000,2784.000000,769.000000,1633.000000,233.000000,205.000000,15.000000,8.000000,18.000000,3.000000,5.000000,0.000000,6.000000,12.000000,2.000000,4.000000,0.000000,7.000000,15.000000,2.000000,5.000000,8097.000000,2266.000000,4820.000000,695.000000,601.000000,3.000000,
0.040544,0.001020,0.382423,0.041549,0.397733,-210634.505283,3.045557,2195607.000000,1874874.000000,3722527.000000,334752.000000,1282372.000000,1952.000000,539.000000,1146.000000,164.000000,144.000000,453.000000,125.000000,266.000000,38.000000,33.000000,2784.000000,769.000000,1633.000000,233.000000,205.000000,15.000000,8.000000,18.000000,3.000000,5.000000,0.000000,6.000000,12.000000,2.000000,4.000000,0.000000,7.000000,15.000000,2.000000,5.000000,8097.000000,2266.000000,4820.000000,695.000000,601.000000,3.000000,
0.040544,0.001020,0.382423,0.041549,0.397733,-210634.505283,3.045557,2195607.000000,1874874.000000,3722527.000000,334752.000000,1282372.000000,1952.000000,539.000000,1146.000000,164.000000,144.000000,453.000000,125.000000,266.000000,38.000000,33.000000,2784.000000,769.000000,1633.000000,233.000000,205.000000,15.000000,8.000000,18.000000,3.000000,5.000000,0.000000,6.000000,12.000000,2.000000,4.000000,0.000000,7.000000,15.000000,2.000000,5.000000,8097.000000,2266.000000,4820.000000,695.000000,601.000000,3.000000,
0.040544,0.001020,0.382423,0.041549,0.397733,-210634.505283,3.045557,2195607.000000,1874874.000000,3722527.000000,334752.000000,1282372.000000,1952.000000,539.000000,1146.000000,164.000000,144.000000,453.000000,125.000000,266.000000,38.000000,33.000000,2784.000000,769.000000,1633.000000,233.000000,205.000000,15.000000,8.000000,18.000000,3.000000,5.000000,0.000000,6.000000,12.000000,2.000000,4.000000,0.000000,7.000000,15.000000,2.000000,5.000000,8097.000000,2266.000000,4820.000000,695.000000,601.000000,3.000000,
0.040544,0.001020,0.382423,0.041549,0.397733,-210634.505283,3.045557,2195607.000000,1874874.000000,3722527.000000,334752.000000,1282372.000000,1952.000000,539.000000,1146.000000,164.000000,144.000000,453.000000,125.000000,266.000000,38.000000,33.000000,2784.000000,769.000000,1633.000000,233.000000,205.000000,15.000000,8.000000,18.000000,3.000000,5.000000,0.000000,6.000000,12.000000,2.000000,4.000000,0.000000,7.000000,15.000000,2.000000,5.000000,8097.000000,2266.000000,4820.000000,695.000000,601.000000,3.000000,
0.040544,0.001020,0.382423,0.041549,0.397733,-210634.505283,3.045557,2195607.000000,1874874.000000,3722527.000000,334752.000000,1282372.000000,1952.000000,539.000000,1146.000000,164.000000,144.000000,453.000000,125.000000,266.000000,38.000000,33.000000,2784.000000,769.000000,1633.000000,233.000000,205.000000,15.000000,8.000000,18.000000,3.000000,5.000000,0.000000,6.000000,12.000000,2.000000,4.000000,0.000000,7.000000,15.000000,2.000000,5.000000,8097.000000,2266.000000,4820.000000,695.000000,601.000000,3.000000,
0.040544,0.001020,0.382423,0.041549,0.397733,-210634.505283,3.045557,2195607.000000,1874874.000000,3722527.000000,334752.000000,1282372.000000,1952.000000,539.000000,1146.000000,164.000000,144.000000,453.000000,125.000000,266.000000,38.000000,33.000000,2784.000000,769.000000,1633.000000,233.000000,205.000000,15.000000,8.000000,18.000000,3.000000,5.000000,0.000000,6.000000,12.000000,2.000000,4.000000,0.000000,7.000000,15.000000,2.000000,5.000000,8097.000000,2266.000000,4820.000000,695.000000,601.000000,3.000000,
0.040544,0.001020,0.382423,0.041549,0.397733,-210634.505283,3.045557,2195607.000000,1874874.000000,3722527.000000,334752.000000,1282372.000000,1952.000000,539.000000,1146.000000,164.000000,144.000000,453.000000,125.000000,266.000000,38.000000,33.000000,2784.000000,769.000000,1633.000000,233.000000,205.000000,15.000000,8.000000,18.000000,3.000000,5.000000,0.000000,6.000000,12.000000,2.000000,4.000000,0.000000,7.000000,15.000000,2.000000,5.000000,8097.000000,2266.000000,4820.000000,695.000000,601.000000,3.000000,
0.040544,0.001020,0.382423,0.041549,0.397733,-210634.505283,3.045557,2195607.000000,1874874.000000,3722527.000000,334752.000000,1282372.000000,1952.000000,539.000000,1146.000000,164.000000,144.000000,453.000000,125.000000,266.000000,38.000000,33.000000,2784.000000,769.000000,1633.000000,233.000000,205.000000,15.000000,8.000000,18.000000,3.000000,5.000000,0.000000,6.000000,12.000000,2.000000,4.000000,0.000000,7.000000,15.000000,2.000000,5.000000,8097.000000,2266.000000,4820.000000,695.000000,601.000000,3.000000,
0.040392,0.001117,0.391236,0.019610,0.372737,-211106.546565,3.050174,2195607.000000,1874874.000000,3722527.000000,334752.000000,1282372.000000,1952.000000,539.000000,1146.000000,164.000000,144.000000,453.000000,125.000000,266.000000,38.000000,33.000000,2784.000000,769.000000,1633.000000,233.000000,205.000000,15.000000,8.000000,18.000000,3.000000,5.000000,0.000000,6.000000,12.000000,2.000000,4.000000,0.000000,7.000000,15.000000,2.000000,5.000000,8097.000000,2266.000000,4820.000000,695.000000,601.000000,3.000000,
0.040305,0.002003,0.392319,0.023349,0.374945,-211164.783946,3.045577,2195607.000000,1874874.000000,3722527.000000,334752.000000,1282372.000000,1952.000000,539.000000,1146.000000,164.000000,144.000000,453.000000,125.000000,266.000000,38.000000,33.000000,2784.000000,769.000000,1633.000000,233.000000,205.000000,15.000000,8.000000,18.000000,3.000000,5.000000,0.000000,6.000000,12.000000,2.000000,4.000000,0.000000,7.000000,15.000000,2.000000,5.000000,8097.000000,2266.000000,4820.000000,695.000000,601.000000,3.000000,
0.040305,0.002003,0.392319,0.023349,0.374945,-211164.783946,3.045577,2195607.000000,1874874.000000,3722527.000000,334752.000000,1282372.000000,1952.000000,539.000000,1146.000000,164.000000,144.000000,453.000000,125.000000,266.000000,38.000000,33.000000,2784.000000,769.000000,1633.000000,233.000000,205.000000,15.000000,8.000000,18.000000,3.000000,5.000000,0.000000,6.000000,12.000000,2.000000,4.000000,0.000000,7.000000,15.000000,2.000000,5.000000,8097.000000,2266.000000,4820.000000,695.000000,601.000000,3.000000,
0.040390,0.001960,0.388232,0.038918,0.316148,-210944.965556,3.044550,2195607.000000,1874874.000000,3722527.000000,334752.000000,1282372.000000,1952.000000,539.000000,1146.000000,164.000000,144.000000,453.000000,125.000000,266.000000,38.000000,33.000000,2784.000000,769.000000,1633.000000,233.000000,205.000000,15.000000,8.000000,18.000000,3.000000,5.000000,0.000000,6.000000,12.000000,2.000000,4.000000,0.000000,7.000000,15.000000,2.000000,5.000000,8097.000000,2266.000000,4820.000000,695.000000,601.000000,3.000000,
0.040348,0.003176,0.386139,0.022102,0.399884,-210832.626496,3.037603,2195607.000000,1874874.000000,3722527.000000,334752.000000,1282372.000000,1952.000000,539.000000,1146.000000,164.000000,144.000000,453.000000,125.000000,266.000000,38.000000,33.000000,2784.000000,769.000000,1633.000000,233.000000,205.000000,15.000000,8.000000,18.000000,3.000000,5.000000,0.000000,6.000000,12.000000,2.000000,4.000000,0.000000,7.000000,15.000000,2.000000,5.000000,8097.000000,2266.000000,4820.000000,695.000000,601.000000,3.000000,
0.040387,0.005123,0.384614,0.019669,0.444245,-210751.164553,3.037768,2195607.000000,1874874.000000,3722527.000000,334752.000000,1282372.000000,1952.000000,539.000000,1146.000000,164.000000,144.000000,453.000000,125.000000,266.000000,38.000000,33.000000,2784.000000,769.000000,1633.000000,233.000000,205.000000,15.000000,8.000000,18.000000,3.000000,5.000000,0.000000,6.000000,12.000000,2.000000,4.000000,0.000000,7.000000,15.000000,2.000000,5.000000,8097.000000,2266.000000,4820.000000,695.000000,601.000000,3.000000,
0.040387,0.005123,0.384614,0.019669,0.444245,-210751.164553,3.037768,2195607.000000,1874874.000000,3722527.000000,334752.000000,1282372.000000,1952.000000,539.000000,1146.000000,164.000000,144.000000,453.000000,125.000000,266.000000,38.000000,33.000000,2784.000000,769.000000,1633.000000,233.000000,205.000000,15.000000,8.000000,18.000000,3.000000,5.000000,0.000000,6.000000,12.000000,2.000000,4.000000,0.000000,7.000000,15.000000,2.000000,5.000000,8097.000000,2266.000000,4820.000000,695.000000,601.000000,3.000000,
0.040387,0.005123,0.384614,0.019669,0.444245,-210751.164553,3.037768,2195607.000000,1874874.000000,3722527.000000,334752.000000,1282372.000000,1952.000000,539.000000,1146.000000,164.000000,144.000000,453.000000,125.000000,266.000000,38.000000,33.000000,2784.000000,769.000000,1633.000000,233.000000,205.000000,15.000000,8.000000,18.000000,3.000000,5.000000,0.000000,6.000000,12.000000,2.000000,4.000000,0.000000,7.000000,15.000000,2.000000,5.000000,8097.000000,2266.000000,4820.000000,695.000000,601.000000,3.000000,
0.040302,0.003342,0.392551,0.013769,0.421920,-211177.284443,3.045785,2195607.000000,1874874.000000,3722527.000000,334752.000000,1282372.000000,1952.000000,539.000000,1146.000000,164.000000,144.000000,453.000000,125.000000,266.000000,38.000000,33.000000,2784.000000,769.000000,1633.000000,233.000000,205.000000,15.000000,8.000000,18.000000,3.000000,5.000000,0.000000,6.000000,12.000000,2.000000,4.000000,0.000000,7.000000,15.000000,2.000000,5.000000,8097.000000,2266.000000,4820.000000,695.000000,601.000000,3.000000,
0.040154,0.003862,0.400842,0.011296,0.329200,-211626.971294,3.049666,2195607.000000,1874874.000000,3722527.000000,334752.000000,1282372.000000,1952.000000,539.000000,1146.000000,164.000000,144.000000,453.000000,125.000000,266.000000,38.000000,33.000000,2784.000000,769.000000,1633.000000,233.000000,205.000000,15.000000,8.000000,18.000000,3.000000,5.000000,0.000000,6.000000,12.000000,2.000000,4.000000,0.000000,7.000000,15.000000,2.000000,5.000000,8097.000000,2266.000000,4820.000000,695.000000,601.000000,3.000000,
0.040112,0.005557,0.405027,0.014856,0.291764,-211855.817344,3.054048,2195607.000000,1874874.000000,3722527.000000,334752.000000,1282372.000000,1952.000000,539.000000,1146.000000,164.000000,144.000000,453.000000,125.000000,266.000000,38.000000,33.000000,2784.000000,769.000000,1633.000000,233.000000,205.000000,15.000000,8.000000,18.000000,3.000000,5.000000,0.000000,6.000000,12.000000,2.000000,4.000000,0.000000,7.000000,15.000000,2.000000,5.000000,8097.000000,2266.000000,4820.000000,695.000000,601.000000,3.000000,
0.040148,0.003929,0.406623,0.015132,0.287868,-211943.494719,3.059686,2195607.000000,1874874.000000,3722527.000000,334752.000000,1282372.000000,1952.000000,539.000000,1146.000000,164.000000,144.000000,453.000000,125.000000,266.000000,38.000000,33.000000,2784.000000,769.000000,1633.000000,233.000000,205.000000,15.000000,8.000000,18.000000,3.000000,5.000000,0.000000,6.000000,12.000000,2.000000,4.000000,0.000000,7.000000,15.000000,2.000000,5.000000,8097.000000,2266.000000,4820.000000,695.000000,601.000000,3.000000,
0.040059,0.003479,0.411341,0.008902,0.394462,-212203.398856,3.061404,2195607.000000,1874874.000000,3722527.000000,334752.000000,1282372.000000,1952.000000,539.000000,1146.000000,164.000000,144.000000,453.000000,125.000000,266.000000,38.000000,33.000000,2784.000000,769.000000,1633.000000,233.000000,205.000000,15.000000,8.000000,18.000000,3.000000,5.000000,0.000000,6.000000,12.000000,2.000000,4.000000,0.000000,7.000000,15.000000,2.000000,5.000000,8097.000000,2266.000000,4820.000000,695.000000,601.000000,3.000000,
0.040092,0.002423,0.405919,0.006437,0.332174,-211904.722967,3.054134,2195607.000000,1874874.000000,3722527.000000,334752.000000,1282372.000000,1952.000000,539.000000,1146.000000,164.000000,144.000000,453.000000,125.000000,266.000000,38.000000,33.000000,2784.000000,769.000000,1633.000000,233.000000,205.000000,15.000000,8.000000,18.000000,3.000000,5.000000,0.000000,6.000000,12.000000,2.000000,4.000000,0.000000,7.000000,15.000000,2.000000,5.000000,8097.000000,2266.000000,4820.000000,695.000000,601.000000,3.000000,
0.040092,0.002423,0.405919,0.006437,0.332174,-211904.722967,3.054134,2195607.000000,1874874.000000,3722527.000000,334752.000000,1282372.000000,1952.000000,539.000000,1146.000000,164.000000,144.000000,453.000000,125.000000,266.000000,38.000000,33.000000,2784.000000,769.000000,1633.000000,233.000000,205.000000,15.000000,8.000000,18.000000,3.000000,5.000000,0.000000,6.000000,12.000000,2.000000,4.000000,0.000000,7.000000,15.000000,2.000000,5.000000,8097.000000,2266.000000,4820.000000,695.000000,601.000000,3.000000,
0.040092,0.002423,0.405919,0.006437,0.332174,-211904.722967,3.054134,2195607.000000,1874874.000000,3722527.000000,334752.000000,1282372.000000,1952.000000,539.000000,1146.000000,164.000000,144.000000,453.000000,125.000000,266.000000,38.000000,33.000000,2784.000000,769.000000,1633.000000,233.000000,205.000000,15.000000,8.000000,18.000000,3.000000,5.000000,0.000000,6.000000,12.000000,2.000000,4.000000,0.000000,7.000000,15.000000,2.000000,5.000000,8097.000000,2266.000000,4820.000000,695.000000,601.000000,3.000000,
0.040092,0.002423,0.405919,0.006437,0.332174,-211904.722967,3.054134,2195607.000000,1874874.000000,3722527.000000,334752.000000,1282372.000000,1952.000000,539.000000,1146.000000,164.000000,144.000000,453.000000,125.000000,266.000000,38.000000,33.000000,2784.000000,769.000000,1633.000000,233.000000,205.000000,15.000000,8.000000,18.000000,3.000000,5.000000,0.000000,6.000000,12.000000,2.000000,4.000000,0.000000,7.000000,15.000000,2.000000,5.000000,8097.000000,2266.000000,4820.000000,695.000000,601.000000,3.000000,
0.040092,0.002423,0.405919,0.006437,0.332174,-211904.722967,3.054134,2195607.000000,1874874.000000,3722527.000000,334752.000000,1282372.000000,1952.000000,539.000000,1146.000000,164.000000,144.000000,453.000000,125.000000,266.000000,38.000000,33.000000,2784.000000,769.000000,1633.000000,233.000000,205.000000,15.000000,8.000000,18.000000,3.000000,5.000000,0.000000,6.000000,12.000000,2.000000,4.000000,0.000000,7.000000,15.000000,2.000000,5.000000,8097.000000,2266.000000,4820.000000,695.000000,601.000000,3.000000,
0.040092,0.002423,0.405919,0.006437,0.332174,-211904.722967,3.054134,2195607.000000,1874874.000000,3722527.000000,334752.000000,1282372.000000,1952.000000,539.000000,1146.000000,164.000000,144.000000,453.000000,125.000000,266.000000,38.000000,33.000000,2784.000000,769.000000,1633.000000,233.000000,205.000000,15.000000,8.000000,18.000000,3.000000,5.000000,0.000000,6.000000,12.000000,2.000000,4.000000,0.000000,7.000000,15.000000,2.000000,5.000000,8097.000000,2266.000000,4820.000000,695.000000,601.000000,3.000000,
0.040092,0.002423,0.405919,0.006437,0.332174,-211904.722967,3.054134,2195607.000000,1874874.000000,3722527.000000,334752.000000,1282372.000000,1952.000000,539.000000,1146.000000,164.000000,144.000000,453.000000,125.000000,266.000000,38.000000,33.000000,2784.000000,769.000000,1633.000000,233.000000,205.000000,15.000000,8.000000,18.000000,3.000000,5.000000,0.000000,6.000000,12.000000,2.000000,4.000000,0.000000,7.000000,15.000000,2.000000,5.000000,8097.000000,2266.000000,4820.000000,695.000000,601.000000,3.000000,
0.040092,0.002423,0.405919,0.006437,0.332174,-211904.722967,3.054134,2195607.000000,1874874.000000,3722527.000000,334752.000000,1282372.000000,1952.000000,539.000000,1146.000000,164.000000,144.000000,453.000000,125.000000,266.000000,38.000000,33.000000,2784.000000,769.000000,1633.000000,233.000000,205.000000,15.000000,8.000000,18.000000,3.000000,5.000000,0.000000,6.000000,12.000000,2.000000,4.000000,0.000000,7.000000,15.000000,2.000000,5.000000,8097.000000,2266.000000,4820.000000,695.000000,601.000000,3.000000,
0.040092,0.002423,0.405919,0.006437,0.332174,-211904.722967,3.054134,2195607.000000,1874874.000000,3722527.000000,334752.000000,1282372.000000,1952.000000,539.000000,1146.000000,164.000000,144.000000,453.000000,125.000000,266.000000,38.000000,33.000000,2784.000000,769.000000,1633.000000,233.000000,205.000000,15.000000,8.000000,18.000000,3.000000,5.000000,0.000000,6.000000,12.000000,2.000000,4.000000,0.000000,7.000000,15.000000,2.000000,5.000000,8097.000000,2266.000000,4820.000000,695.000000,601.000000,3.000000,
0.040092,0.002423,0.405919,0.006437,0.332174,-211904.722967,3.054134,2195607.000000,1874874.000000,3722527.000000,334752.000000,1282372.000000,1952.000000,539.000000,1146.000000,164.000000,144.000000,453.000000,125.000000,266.000000,38.000000,33.000000,2784.000000,769.000000,1633.000000,233.000000,205.000000,15.000000,8.000000,18.000000,3.000000,5.000000,0.000000,6.000000,12.000000,2.000000,4.000000,0.000000,7.000000,15.000000,2.000000,5.000000,8097.000000,2266.000000,4820.000000,695.000000,601.000000,3.000000,
0.040092,0.002423,0.405919,0.006437,0.332174,-211904.722967,3.054134,2195607.000000,1874874.000000,3722527.000000,334752.000000,1282372.000000,1952.000000,539.000000,1146.000000,164.000000,144.000000,453.000000,125.000000,266.000000,38.000000,33.000000,2784.000000,769.000000,1633.000000,233.000000,205.000000,15.000000,8.000000,18.000000,3.000000,5.000000,0.000000,6.000000,12.000000,2.000000,4.000000,0.000000,7.000000,15.000000,2.000000,5.000000,8097.000000,2266.000000,4820.000000,695.000000,601.000000,3.000000,
0.040092,0.002423,0.405919,0.006437,0.332174,-211904.722967,3.054134,2195607.000000,1874874.000000,3722527.000000,334752.000000,1282372.000000,1952.000000,539.000000,1146.000000,164.000000,144.000000,453.000000,125.000000,266.000000,38.000000,33.000000,2784.000000,769.000000,1633.000000,233.000000,205.000000,15.000000,8.000000,18.000000,3.000000,5.000000,0.000000,6.000000,12.000000,2.000000,4.000000,0.000000,7.000000,15.000000,2.000000,5.000000,8097.000000,2266.000000,4820.000000,695.000000,601.000000,3.000000,
0.040092,0.002423,0.405919,0.006437,0.332174,-211904.722967,3.054134,2195607.000000,1874874.000000,3722527.000000,334752.000000,1282372.000000,1952.000000,539.000000,1146.000000,164.000000,144.000000,453.000000,125.000000,266.000000,38.000000,33.000000,2784.000000,769.000000,1633.000000,233.000000,205.000000,15.000000,8.000000,18.000000,3.000000,5.000000,0.000000,6.000000,12.000000,2.000000,4.000000,0.000000,7.000000,15.000000,2.000000,5.000000,8097.000000,2266.000000,4820.000000,695.000000,601.000000,3.000000,
0.040201,0.002629,0.397657,0.005591,0.406319,-211453.632502,3.047455,2195607.000000,1874874.000000,3722527.000000,334752.000000,1282372.000000,1952.000000,539.000000,1146.000000,164.000000,144.000000,453.000000,125.000000,266.000000,38.000000,33.000000,2784.000000,769.000000,1633.000000,233.000000,205.000000,15.000000,8.000000,18.000000,3.000000,5.000000,0.000000,6.000000,12.000000,2.000000,4.000000,0.000000,7.000000,15.000000,2.000000,5.000000,8097.000000,2266.000000,4820.000000,695.000000,601.000000,3.000000,
0.040201,0.002629,0.397657,0.005591,0.406319,-211453.632502,3.047455,2195607.000000,1874874.000000,3722527.000000,334752.000000,1282372.000000,1952.000000,539.000000,1146.000000,164.000000,144.000000,453.000000,125.000000,266.000000,38.000000,33.000000,2784.000000,769.000000,1633.000000,233.000000,205.000000,15.000000,8.000000,18.000000,3.000000,5.000000,0.000000,6.000000,12.000000,2.000000,4.000000,0.000000,7.000000,15.000000,2.000000,5.000000,8097.000000,2266.000000,4820.000000,695.000000,601.000000,3.000000,
0.040201,0.002629,0.397657,0.005591,0.406319,-211453.632502,3.047455,2195607.000000,1874874.000000,3722527.000000,334752.000000,1282372.000000,1952.000000,539.000000,1146.000000,164.000000,144.000000,453.000000,125.000000,266.000000,38.000000,33.000000,2784.000000,769.000000,1633.000000,233.000000,205.000000,15.000000,8.000000,18.000000,3.000000,5.000000,0.000000,6.000000,12.000000,2.000000,4.000000,0.000000,7.000000,15.000000,2.000000,5.000000,8097.000000,2266.000000,4820.000000,695.000000,601.000000,3.000000,
0.040201,0.002629,0.397657,0.005591,0.406319,-211453.632502,3.047455,2195607.000000,1874874.000000,3722527.000000,334752.000000,1282372.000000,1952.000000,539.000000,1146.000000,164.000000,144.000000,453.000000,125.000000,266.000000,38.000000,33.000000,2784.000000,769.000000,1633.000000,233.000000,205.000000,15.000000,8.000000,18.000000,3.000000,5.000000,0.000000,6.000000,12.000000,2.000000,4.000000,0.000000,7.000000,15.000000,2.000000,5.000000,8097.000000,2266.000000,4820.000000,695.000000,601.000000,3.000000,
0.040201,0.002629,0.397657,0.005591,0.406319,-211453.632502,3.047455,2195607.000000,1874874.000000,3722527.000000,334752.000000,1282372.000000,1952.000000,539.000000,1146.000000,164.000000,144.000000,453.000000,125.000000,266.000000,38.000000,33.000000,2784.000000,769.000000,1633.000000,233.000000,205.000000,15.000000,8.000000,18.000000,3.000000,5.000000,0.000000,6.000000,12.000000,2.000000,4.000000,0.000000,7.000000,15.000000,2.000000,5.000000,8097.000000,2266.000000,4820.000000,695.000000,601.000000,3.000000,
0.040201,0.002629,0.397657,0.005591,0.406319,-211453.632502,3.047455,2195607.000000,1874874.000000,3722527.000000,334752.000000,1282372.000000,1952.000000,539.000000,1146.000000,164.000000,144.000000,453.000000,125.000000,266.000000,38.000000,33.000000,2784.000000,769.000000,1633.000000,233.000000,205.000000,15.000000,8.000000,18.000000,3.000000,5.000000,0.000000,6.000000,12.000000,2.000000,4.000000,0.000000,7.000000,15.000000,2.000000,5.000000,8097.000000,2266.000000,4820.000000,695.000000,601.000000,3.000000,
0.040201,0.002629,0.397657,0.005591,0.406319,-211453.632502,3.047455,2195607.000000,1874874.000000,3722527.000000,334752.000000,1282372.000000,1952.000000,539.000000,1146.000000,164.000000,144.000000,453.000000,125.000000,266.000000,38.000000,33.000000,2784.000000,769.000000,1633.000000,233.000000,205.000000,15.000000,8.000000,18.000000,3.000000,5.000000,0.000000,6.000000,12.000000,2.000000,4.000000,0.000000,7.000000,15.000000,2.000000,5.000000,8097.000000,2266.000000,4820.000000,695.000000,601.000000,3.000000,
0.040201,0.002629,0.397657,0.005591,0.406319,-211453.632502,3.047455,2195607.000000,1874874.000000,3722527.000000,334752.000000,1282372.000000,1952.000000,539.000000,1146.000000,164.000000,144.000000,453.000000,125.000000,266.000000,38.000000,33.000000,2784.000000,769.000000,1633.000000,233.000000,205.000000,15.000000,8.000000,18.000000,3.000000,5.000000,0.000000,6.000000,12.000000,2.000000,4.000000,0.000000,7.000000,15.000000,2.000000,5.000000,8097.000000,2266.000000,4820.000000,695.000000,601.000000,3.000000,
0.040201,0.002629,0.397657,0.005591,0.406319,-211453.632502,3.047455,2195607.000000,1874874.000000,3722527.000000,334752.000000,1282372.000000,1952.000000,539.000000,1146.000000,164.000000,144.000000,453.000000,125.000000,266.000000,38.000000,33.000000,2784.000000,769.000000,1633.000000,233.000000,205.000000,15.000000,8.000000,18.000000,3.000000,5.000000,0.000000,6.000000,12.000000,2.000000,4.000000,0.000000,7.000000,15.000000,2.000000,5.000000,8097.000000,2266.000000,4820.000000,695.000000,601.000000,3.000000,
0.040206,0.003294,0.397566,0.003783,0.448739,-211448.710632,3.047648,2195607.000000,1874874.000000,3722527.000000,334752.000000,1282372.000000,1952.000000,539.000000,1146.000000,164.000000,144.000000,453.000000,125.000000,266.000000,38.000000,33.000000,2784.000000,769.000000,1633.000000,233.000000,205.000000,15.000000,8.000000,18.000000,3.000000,5.000000,0.000000,6.000000,12.000000,2.000000,4.000000,0.000000,7.000000,15.000000,2.000000,5.000000,8097.000000,2266.000000,4820.000000,695.000000,601.000000,3.000000,
0.040206,0.003294,0.397566,0.003783,0.448739,-211448.710632,3.047648,2195607.000000,1874874.000000,3722527.000000,334752.000000,1282372.000000,1952.000000,539.000000,1146.000000,164.000000,144.000000,453.000000,125.000000,266.000000,38.000000,33.000000,2784.000000,769.000000,1633.000000,233.000000,205.000000,15.000000,8.000000,18.000000,3.000000,5.000000,0.000000,6.000000,12.000000,2.000000,4.000000,0.000000,7.000000,15.000000,2.000000,5.000000,8097.000000,2266.000000,4820.000000,695.000000,601.000000,3.000000,
0.040206,0.003294,0.397566,0.003783,0.448739,-211448.710632,3.047648,2195607.000000,1874874.000000,3722527.000000,334752.000000,1282372.000000,1952.000000,539.000000,1146.000000,164.000000,144.000000,453.000000,125.000000,266.000000,38.000000,33.000000,2784.000000,769.000000,1633.000000,233.000000,205.000000,15.000000,8.000000,18.000000,3.000000,5.000000,0.000000,6.000000,12.000000,2.000000,4.000000,0.000000,7.000000,15.000000,2.000000,5.000000,8097.000000,2266.000000,4820.000000,695.000000,601.000000,3.000000,
0.040206,0.003294,0.397566,0.003783,0.448739,-211448.710632,3.047648,2195607.000000,1874874.000000,3722527.000000,334752.000000,1282372.000000,1952.000000,539.000000,1146.000000,164.000000,144.000000,453.000000,125.000000,266.000000,38.000000,33.000000,2784.000000,769.000000,1633.000000,233.000000,205.000000,15.000000,8.000000,18.000000,3.000000,5.000000,0.000000,6.000000,12.000000,2.000000,4.000000,0.000000,7.000000,15.000000,2.000000,5.000000,8097.000000,2266.000000,4820.000000,695.000000,601.000000,3.000000,
0.040206,0.003294,0.397566,0.003783,0.448739,-211448.710632,3.047648,2195607.000000,1874874.000000,3722527.000000,334752.000000,1282372.000000,1952.000000,539.000000,1146.000000,164.000000,144.000000,453.000000,125.000000,266.000000,38.000000,33.000000,2784.000000,769.000000,1633.000000,233.000000,205.000000,15.000000,8.000000,18.000000,3.000000,5.000000,0.000000,6.000000,12.000000,2.000000,4.000000,0.000000,7.000000,15.000000,2.000000,5.000000,8097.000000,2266.000000,4820.000000,695.000000,601.000000,3.000000,
0.040206,0.003294,0.397566,0.003783,0.448739,-211448.710632,3.047648,2195607.000000,1874874.000000,3722527.000000,334752.000000,1282372.000000,1952.000000,539.000000,1146.000000,164.000000,144.000000,453.000000,125.000000,266.000000,38.000000,33.000000,2784.000000,769.000000,1633.000000,233.000000,205.000000,15.000000,8.000000,18.000000,3.000000,5.000000,0.000000,6.000000,12.000000,2.000000,4.000000,0.000000,7.000000,15.000000,2.000000,5.000000,8097.000000,2266.000000,4820.000000,695.000000,601.000000,3.000000,
0.040206,0.003294,0.397566,0.003783,0.448739,-211448.710632,3.047648,2195607.000000,1874874.000000,3722527.000000,334752.000000,1282372.000000,1952.000000,539.000000,1146.000000,164.000000,144.000000,453.000000,125.000000,266.000000,38.000000,33.000000,2784.000000,769.000000,1633.000000,233.000000,205.000000,15.000000,8.000000,18.000000,3.000000,5.000000,0.000000,6.000000,12.000000,2.000000,4.000000,0.000000,7.000000,15.000000,2.000000,5.000000,8097.000000,2266.000000,4820.000000,695.000000,601.000000,3.000000,
0.040225,0.004151,0.399068,0.004789,0.331214,-211530.403020,3.051830,2195607.000000,1874874.000000,3722527.000000,334752.000000,1282372.000000,1952.000000,539.000000,1146.000000,164.000000,144.000000,453.000000,125.000000,266.000000,38.000000,33.000000,2784.000000,769.000000,1633.000000,233.000000,205.000000,15.000000,8.000000,18.000000,3.000000,5.000000,0.000000,6.000000,12.000000,2.000000,4.000000,0.000000,7.000000,15.000000,2.000000,5.000000,8097.000000,2266.000000,4820.000000,695.000000,601.000000,3.000000,
0.040142,0.002509,0.403175,0.003266,0.376057,-211754.415415,3.052939,2195607.000000,1874874.000000,3722527.000000,334752.000000,1282372.000000,1952.000000,539.000000,1146.000000,164.000000,144.000000,453.000000,125.000000,266.000000,38.000000,33.000000,2784.000000,769.000000,1633.000000,233.000000,205.000000,15.000000,8.000000,18.000000,3.000000,5.000000,0.000000,6.000000,12.000000,2.000000,4.000000,0.000000,7.000000,15.000000,2.000000,5.000000,8097.000000,2266.000000,4820.000000,695.000000,601.000000,3.000000,
0.040142,0.002509,0.403175,0.003266,0.376057,-211754.415415,3.052939,2195607.000000,1874874.000000,3722527.000000,334752.000000,1282372.000000,1952.000000,539.000000,1146.000000,164.000000,144.000000,453.000000,125.000000,266.000000,38.000000,33.000000,2784.000000,769.000000,1633.000000,233.000000,205.000000,15.000000,8.000000,18.000000,3.000000,5.000000,0.000000,6.000000,12.000000,2.000000,4.000000,0.000000,7.000000,15.000000,2.000000,5.000000,8097.000000,2266.000000,4820.000000,695.000000,601.000000,3.000000,
0.040214,0.004326,0.401271,0.004898,0.410702,-211650.482917,3.054984,2195607.000000,1874874.000000,3722527.000000,334752.000000,1282372.000000,1952.000000,539.000000,1146.000000,164.000000,144.000000,453.000000,125.000000,266.000000,38.000000,33.000000,2784.000000,769.000000,1633.000000,233.000000,205.000000,15.000000,8.000000,18.000000,3.000000,5.000000,0.000000,6.000000,12.000000,2.000000,4.000000,0.000000,7.000000,15.000000,2.000000,5.000000,8097.000000,2266.000000,4820.000000,695.000000,601.000000,3.000000,
0.039936,0.006805,0.413454,0.004007,0.339290,-212320.178420,3.055841,2195607.000000,1874874.000000,3722527.000000,334752.000000,1282372.000000,1952.000000,539.000000,1146.000000,164.000000,144.000000,453.000000,125.000000,266.000000,38.000000,33.000000,2784.000000,769.000000,1633.000000,233.000000,205.000000,15.000000,8.000000,18.000000,3.000000,5.000000,0.000000,6.000000,12.000000,2.000000,4.000000,0.000000,7.000000,15.000000,2.000000,5.000000,8097.000000,2266.000000,4820.000000,695.000000,601.000000,3.000000,
0.039936,0.006805,0.413454,0.004007,0.339290,-212320.178420,3.055841,2195607.000000,1874874.000000,3722527.000000,334752.000000,1282372.000000,1952.000000,539.000000,1146.000000,164.000000,144.000000,453.000000,125.000000,266.000000,38.000000,33.000000,2784.000000,769.000000,1633.000000,233.000000,205.000000,15.000000,8.000000,18.000000,3.000000,5.000000,0.000000,6.000000,12.000000,2.000000,4.000000,0.000000,7.000000,15.000000,2.000000,5.000000,8097.000000,2266.000000,4820.000000,695.000000,601.000000,3.000000,
0.039936,0.006805,0.413454,0.004007,0.339290,-212320.178420,3.055841,2195607.000000,1874874.000000,3722527.000000,334752.000000,1282372.000000,1952.000000,539.000000,1146.000000,164.000000,144.000000,453.000000,125.000000,266.000000,38.000000,33.000000,2784.000000,769.000000,1633.000000,233.000000,205.000000,15.000000,8.000000,18.000000,3.000000,5.000000,0.000000,6.000000,12.000000,2.000000,4.000000,0.000000,7.000000,15.000000,2.000000,5.000000,8097.000000,2266.000000,4820.000000,695.000000,601.000000,3.000000,
0.039936,0.006805,0.413454,0.004007,0.339290,-212320.178420,3.055841,2195607.000000,1874874.000000,3722527.000000,334752.000000,1282372.000000,1952.000000,539.000000,1146.000000,164.000000,144.000000,453.000000,125.000000,266.000000,38.000000,33.000000,2784.000000,769.000000,1633.000000,233.000000,205.000000,15.000000,8.000000,18.000000,3.000000,5.000000,0.000000,6.000000,12.000000,2.000000,4.000000,0.000000,7.000000,15.000000,2.000000,5.000000,8097.000000,2266.000000,4820.000000,695.000000,601.000000,3.000000,
0.040204,0.008023,0.401365,0.005754,0.440602,-211655.610130,3.054356,2195607.000000,1874874.000000,3722527.000000,334752.000000,1282372.000000,1952.000000,539.000000,1146.000000,164.000000,144.000000,453.000000,125.000000,266.000000,38.000000,33.000000,2784.000000,769.000000,1633.000000,233.000000,205.000000,15.000000,8.000000,18.000000,3.000000,5.000000,0.000000,6.000000,12.000000,2.000000,4.000000,0.000000,7.000000,15.000000,2.000000,5.000000,8097.000000,2266.000000,4820.000000,695.000000,601.000000,3.000000,
0.040518,0.055978,0.388939,0.064487,0.221557,-210983.173021,3.055500,2195607.000000,1874874.000000,3722527.000000,334752.000000,1282372.000000,1952.000000,539.000000,1146.000000,164.000000,144.000000,453.000000,125.000000,266.000000,38.000000,33.000000,2784.000000,769.000000,1633.000000,233.000000,205.000000,15.000000,8.000000,18.000000,3.000000,5.000000,0.000000,6.000000,12.000000,2.000000,4.000000,0.000000,7.000000,15.000000,2.000000,5.000000,8097.000000,2266.000000,4820.000000,695.000000,601.000000,3.000000,
0.040518,0.055978,0.388939,0.064487,0.221557,-210983.173021,3.055500,2195607.000000,1874874.000000,3722527.000000,334752.000000,1282372.000000,1952.000000,539.000000,1146.000000,164.000000,144.000000,453.000000,125.000000,266.000000,38.000000,33.000000,2784.000000,769.000000,1633.000000,233.000000,205.000000,15.000000,8.000000,18.000000,3.000000,5.000000,0.000000,6.000000,12.000000,2.000000,4.000000,0.000000,7.000000,15.000000,2.000000,5.000000,8097.000000,2266.000000,4820.000000,695.000000,601.000000,3.000000,
0.040407,0.065929,0.392064,0.086577,0.249510,-211151.234639,3.052851,2195607.000000,1874874.000000,3722527.000000,334752.000000,1282372.000000,1952.000000,539.000000,1146.000000,164.000000,144.000000,453.000000,125.000000,266.000000,38.000000,33.000000,2784.000000,769.000000,1633.000000,233.000000,205.000000,15.000000,8.000000,18.000000,3.000000,5.000000,0.000000,6.000000,12.000000,2.000000,4.000000,0.000000,7.000000,15.000000,2.000000,5.000000,8097.000000,2266.000000,4820.000000,695.000000,601.000000,3.000000,
0.040407,0.065929,0.392064,0.086577,0.249510,-211151.234639,3.052851,2195607.000000,1874874.000000,3722527.000000,334752.000000,1282372.000000,1952.000000,539.000000,1146.000000,164.000000,144.000000,453.000000,125.000000,266.000000,38.000000,33.000000,2784.000000,769.000000,1633.000000,233.000000,205.000000,15.000000,8.000000,18.000000,3.000000,5.000000,0.000000,6.000000,12.000000,2.000000,4.000000,0.000000,7.000000,15.000000,2.000000,5.000000,8097.000000,2266.000000,4820.000000,695.000000,601.000000,3.000000,
0.040350,0.030242,0.396029,0.059913,0.233491,-211365.573309,3.055727,2195607.000000,1874874.000000,3722527.000000,334752.000000,1282372.000000,1952.000000,539.000000,1146.000000,164.000000,144.000000,453.000000,125.000000,266.000000,38.000000,33.000000,2784.000000,769.000000,1633.000000,233.000000,205.000000,15.000000,8.000000,18.000000,3.000000,5.000000,0.000000,6.000000,12.000000,2.000000,4.000000,0.000000,7.000000,15.000000,2.000000,5.000000,8097.000000,2266.000000,4820.000000,695.000000,601.000000,3.000000,
0.040347,0.022712,0.391277,0.066328,0.288140,-211108.674617,3.046905,2195607.000000,1874874.000000,3722527.000000,334752.000000,1282372.000000,1952.000000,539.000000,1146.000000,164.000000,144.000000,453.000000,125.000000,266.000000,38.000000,33.000000,2784.000000,769.000000,1633.000000,233.000000,205.000000,15.000000,8.000000,18.000000,3.000000,5.000000,0.000000,6.000000,12.000000,2.000000,4.000000,0.000000,7.000000,15.000000,2.000000,5.000000,8097.000000,2266.000000,4820.000000,695.000000,601.000000,3.000000,
0.040347,0.022712,0.391277,0.066328,0.288140,-211108.674617,3.046905,2195607.000000,1874874.000000,3722527.000000,334752.000000,1282372.000000,1952.000000,539.000000,1146.000000,164.000000,144.000000,453.000000,125.000000,266.000000,38.000000,33.000000,2784.000000,769.000000,1633.000000,233.000000,205.000000,15.000000,8.000000,18.000000,3.000000,5.000000,0.000000,6.000000,12.000000,2.000000,4.000000,0.000000,7.000000,15.000000,2.000000,5.000000,8097.000000,2266.000000,4820.000000,695.000000,601.000000,3.000000,
0.040347,0.022712,0.391277,0.066328,0.288140,-211108.674617,3.046905,2195607.000000,1874874.000000,3722527.000000,334752.000000,1282372.000000,1952.000000,539.000000,1146.000000,164.000000,144.000000,453.000000,125.000000,266.000000,38.000000,33.000000,2784.000000,769.000000,1633.000000,233.000000,205.000000,15.000000,8.000000,18.000000,3.000000,5.000000,0.000000,6.000000,12.000000,2.000000,4.000000,0.000000,7.000000,15.000000,2.000000,5.000000,8097.000000,2266.000000,4820.000000,695.000000,601.000000,3.000000,
0.040347,0.022712,0.391277,0.066328,0.288140,-211108.674617,3.046905,2195607.000000,1874874.000000,3722527.000000,334752.000000,1282372.000000,1952.000000,539.000000,1146.000000,164.000000,144.000000,453.000000,125.000000,266.000000,38.000000,33.000000,2784.000000,769.000000,1633.000000,233.000000,205.000000,15.000000,8.000000,18.000000,3.000000,5.000000,0.000000,6.000000,12.000000,2.000000,4.000000,0.000000,7.000000,15.000000,2.000000,5.000000,8097.000000,2266.000000,4820.000000,695.000000,601.000000,3.000000,
0.040273,0.013911,0.395537,0.097279,0.196359,-211338.721813,3.049025,2195607.000000,1874874.000000,3722527.000000,334752.000000,1282372.000000,1952.000000,539.000000,1146.000000,164.000000,144.000000,453.000000,125.000000,266.000000,38.000000,33.000000,2784.000000,769.000000,1633.000000,233.000000,205.000000,15.000000,8.000000,18.000000,3.000000,5.000000,0.000000,6.000000,12.000000,2.000000,4.000000,0.000000,7.000000,15.000000,2.000000,5.000000,8097.000000,2266.000000,4820.000000,695.000000,601.000000,3.000000,
0.040459,0.012459,0.386861,0.089760,0.198459,-210871.560238,3.047273,2195607.000000,1874874.000000,3722527.000000,334752.000000,1282372.000000,1952.000000,539.000000,1146.000000,164.000000,144.000000,453.000000,125.000000,266.000000,38.000000,33.000000,2784.000000,769.000000,1633.000000,233.000000,205.000000,15.000000,8.000000,18.000000,3.000000,5.000000,0.000000,6.000000,12.000000,2.000000,4.000000,0.000000,7.000000,15.000000,2.000000,5.000000,8097.000000,2266.000000,4820.000000,695.000000,601.000000,3.000000,
0.040459,0.012459,0.386861,0.089760,0.198459,-210871.560238,3.047273,2195607.000000,1874874.000000,3722527.000000,334752.000000,1282372.000000,1952.000000,539.000000,1146.000000,164.000000,144.000000,453.000000,125.000000,266.000000,38.000000,33.000000,2784.000000,769.000000,1633.000000,233.000000,205.000000,15.000000,8.000000,18.000000,3.000000,5.000000,0.000000,6.000000,12.000000,2.000000,4.000000,0.000000,7.000000,15.000000,2.000000,5.000000,8097.000000,2266.000000,4820.000000,695.000000,601.000000,3.000000,
0.040554,0.005844,0.386163,0.120732,0.171688,-210834.313196,3.053124,2195607.000000,1874874.000000,3722527.000000,334752.000000,1282372.000000,1952.000000,539.000000,1146.000000,164.000000,144.000000,453.000000,125.000000,266.000000,38.000000,33.000000,2784.000000,769.000000,1633.000000,233.000000,205.000000,15.000000,8.000000,18.000000,3.000000,5.000000,0.000000,6.000000,12.000000,2.000000,4.000000,0.000000,7.000000,15.000000,2.000000,5.000000,8097.000000,2266.000000,4820.000000,695.000000,601.000000,3.000000,
0.040377,0.003122,0.402389,0.108828,0.081394,-211711.874793,3.069417,2195607.000000,1874874.000000,3722527.000000,334752.000000,1282372.000000,1952.000000,539.000000,1146.000000,164.000000,144.000000,453.000000,125.000000,266.000000,38.000000,33.000000,2784.000000,769.000000,1633.000000,233.000000,205.000000,15.000000,8.000000,18.000000,3.000000,5.000000,0.000000,6.000000,12.000000,2.000000,4.000000,0.000000,7.000000,15.000000,2.000000,5.000000,8097.000000,2266.000000,4820.000000,695.000000,601.000000,3.000000,
0.040377,0.003122,0.402389,0.108828,0.081394,-211711.874793,3.069417,2195607.000000,1874874.000000,3722527.000000,334752.000000,1282372.000000,1952.000000,539.000000,1146.000000,164.000000,144.000000,453.000000,125.000000,266.000000,38.000000,33.000000,2784.000000,769.000000,1633.000000,233.000000,205.000000,15.000000,8.000000,18.000000,3.000000,5.000000,0.000000,6.000000,12.000000,2.000000,4.000000,0.000000,7.000000,15.000000,2.000000,5.000000,8097.000000,2266.000000,4820.000000,695.000000,601.000000,3.000000,
0.040377,0.003122,0.402389,0.108828,0.081394,-211711.874793,3.069417,2195607.000000,1874874.000000,3722527.000000,334752.000000,1282372.000000,1952.000000,539.000000,1146.000000,164.000000,144.000000,453.000000,125.000000,266.000000,38.000000,33.000000,2784.000000,769.000000,1633.000000,233.000000,205.000000,15.000000,8.000000,18.000000,3.000000,5.000000,0.000000,6.000000,12.000000,2.000000,4.000000,0.000000,7.000000,15.000000,2.000000,5.000000,8097.000000,2266.000000,4820.000000,695.000000,601.000000,3.000000,
0.040377,0.003122,0.402389,0.108828,0.081394,-211711.874793,3.069417,2195607.000000,1874874.000000,3722527.000000,334752.000000,1282372.000000,1952.000000,539.000000,1146.000000,164.000000,144.000000,453.000000,125.000000,266.000000,38.000000,33.000000,2784.000000,769.000000,1633.000000,233.000000,205.000000,15.000000,8.000000,18.000000,3.000000,5.000000,0.000000,6.000000,12.000000,2.000000,4.000000,0.000000,7.000000,15.000000,2.000000,5.000000,8097.000000,2266.000000,4820.000000,695.000000,601.000000,3.000000,
0.040377,0.003122,0.402389,0.108828,0.081394,-211711.874793,3.069417,2195607.000000,1874874.000000,3722527.000000,334752.000000,1282372.000000,1952.000000,539.000000,1146.000000,164.000000,144.000000,453.000000,125.000000,266.000000,38.000000,33.000000,2784.000000,769.000000,1633.000000,233.000000,205.000000,15.000000,8.000000,18.000000,3.000000,5.000000,0.000000,6.000000,12.000000,2.000000,4.000000,0.000000,7.000000,15.000000,2.000000,5.000000,8097.000000,2266.000000,4820.000000,695.000000,601.000000,3.000000,
0.040377,0.003122,0.402389,0.108828,0.081394,-211711.874793,3.069417,2195607.000000,1874874.000000,3722527.000000,334752.000000,1282372.000000,1952.000000,539.000000,1146.000000,164.000000,144.000000,453.000000,125.000000,266.000000,38.000000,33.000000,2784.000000,769.000000,1633.000000,233.000000,205.000000,15.000000,8.000000,18.000000,3.000000,5.000000,0.000000,6.000000,12.000000,2.000000,4.000000,0.000000,7.000000,15.000000,2.000000,5.000000,8097.000000,2266.000000,4820.000000,695.000000,601.000000,3.000000,
0.040755,0.013820,0.372501,0.200675,0.029258,-210109.501944,3.043137,2195607.000000,1874874.000000,3722527.000000,334752.000000,1282372.000000,1952.000000,539.000000,1146.000000,164.000000,144.000000,453.000000,125.000000,266.000000,38.000000,33.000000,2784.000000,769.000000,1633.000000,233.000000,205.000000,15.000000,8.000000,18.000000,3.000000,5.000000,0.000000,6.000000,12.000000,2.000000,4.000000,0.000000,7.000000,15.000000,2.000000,5.000000,8097.000000,2266.000000,4820.000000,695.000000,601.000000,3.000000,
0.040864,0.107951,0.352327,0.206829,0.090531,-209061.581184,3.014047,2195607.000000,1874874.000000,3722527.000000,334752.000000,1282372.000000,1952.000000,539.000000,1146.000000,164.000000,144.000000,453.000000,125.000000,266.000000,38.000000,33.000000,2784.000000,769.000000,1633.000000,233.000000,205.000000,15.000000,8.000000,18.000000,3.000000,5.000000,0.000000,6.000000,12.000000,2.000000,4.000000,0.000000,7.000000,15.000000,2.000000,5.000000,8097.000000,2266.000000,4820.000000,695.000000,601.000000,3.000000,
0.040864,0.107951,0.352327,0.206829,0.090531,-209061.581184,3.014047,2195607.000000,1874874.000000,3722527.000000,334752.000000,1282372.000000,1952.000000,539.000000,1146.000000,164.000000,144.000000,453.000000,125.000000,266.000000,38.000000,33.000000,2784.000000,769.000000,1633.000000,233.000000,205.000000,15.000000,8.000000,18.000000,3.000000,5.000000,0.000000,6.000000,12.000000,2.000000,4.000000,0.000000,7.000000,15.000000,2.000000,5.000000,8097.000000,2266.000000,4820.000000,695.000000,601.000000,3.000000,
0.041666,0.001366,0.309691,0.026771,0.610088,-206934.845598,2.993040,2195607.000000,1874874.000000,3722527.000000,334752.000000,1282372.000000,1952.000000,539.000000,1146.000000,164.000000,144.000000,453.000000,125.000000,266.000000,38.000000,33.000000,2784.000000,769.000000,1633.000000,233.000000,205.000000,15.000000,8.000000,18.000000,3.000000,5.000000,0.000000,6.000000,12.000000,2.000000,4.000000,0.000000,7.000000,15.000000,2.000000,5.000000,8097.000000,2266.000000,4820.000000,695.000000,601.000000,3.000000,
0.041666,0.001366,0.309691,0.026771,0.610088,-206934.845598,2.993040,2195607.000000,1874874.000000,3722527.000000,334752.000000,1282372.000000,1952.000000,539.000000,1146.000000,164.000000,144.000000,453.000000,125.000000,266.000000,38.000000,33.000000,2784.000000,769.000000,1633.000000,233.000000,205.000000,15.000000,8.000000,18.000000,3.000000,5.000000,0.000000,6.000000,12.000000,2.000000,4.000000,0.000000,7.000000,15.000000,2.000000,5.000000,8097.000000,2266.000000,4820.000000,695.000000,601.000000,3.000000,
0.041781,0.001545,0.305711,0.016273,0.652894,-206742.258527,2.993823,2195607.000000,1874874.000000,3722527.000000,334752.000000,1282372.000000,1952.000000,539.000000,1146.000000,164.000000,144.000000,453.000000,125.000000,266.000000,38.000000,33.000000,2784.000000,769.000000,1633.000000,233.000000,205.000000,15.000000,8.000000,18.000000,3.000000,5.000000,0.000000,6.000000,12.000000,2.000000,4.000000,0.000000,7.000000,15.000000,2.000000,5.000000,8097.000000,2266.000000,4820.000000,695.000000,601.000000,3.000000,
0.041781,0.001545,0.305711,0.016273,0.652894,-206742.258527,2.993823,2195607.000000,1874874.000000,3722527.000000,334752.000000,1282372.000000,1952.000000,539.000000,1146.000000,164.000000,144.000000,453.000000,125.000000,266.000000,38.000000,33.000000,2784.000000,769.000000,1633.000000,233.000000,205.000000,15.000000,8.000000,18.000000,3.000000,5.000000,0.000000,6.000000,12.000000,2.000000,4.000000,0.000000,7.000000,15.000000,2.000000,5.000000,8097.000000,2266.000000,4820.000000,695.000000,601.000000,3.000000,
0.041781,0.001545,0.305711,0.016273,0.652894,-206742.258527,2.993823,2195607.000000,1874874.000000,3722527.000000,334752.000000,1282372.000000,1952.000000,539.000000,1146.000000,164.000000,144.000000,453.000000,125.000000,266.000000,38.000000,33.000000,2784.000000,769.000000,1633.000000,233.000000,205.000000,15.000000,8.000000,18.000000,3.000000,5.000000,0.000000,6.000000,12.000000,2.000000,4.000000,0.000000,7.000000,15.000000,2.000000,5.000000,8097.000000,2266.000000,4820.000000,695.000000,601.000000,3.000000,
0.041781,0.001545,0.305711,0.016273,0.652894,-206742.258527,2.993823,2195607.000000,1874874.000000,3722527.000000,334752.000000,1282372.000000,1952.000000,539.000000,1146.000000,164.000000,144.000000,453.000000,125.000000,266.000000,38.000000,33.000000,2784.000000,769.000000,1633.000000,233.000000,205.000000,15.000000,8.000000,18.000000,3.000000,5.000000,0.000000,6.000000,12.000000,2.000000,4.000000,0.000000,7.000000,15.000000,2.000000,5.000000,8097.000000,2266.000000,4820.000000,695.000000,601.000000,3.000000,
0.041781,0.001545,0.305711,0.016273,0.652894,-206742.258527,2.993823,2195607.000000,1874874.000000,3722527.000000,334752.000000,1282372.000000,1952.000000,539.000000,1146.000000,164.000000,144.000000,453.000000,125.000000,266.000000,38.000000,33.000000,2784.000000,769.000000,1633.000000,233.000000,205.000000,15.000000,8.000000,18.000000,3.000000,5.000000,0.000000,6.000000,12.000000,2.000000,4.000000,0.000000,7.000000,15.000000,2.000000,5.000000,8097.000000,2266.000000,4820.000000,695.000000,601.000000,3.000000,
0.041781,0.001545,0.305711,0.016273,0.652894,-206742.258527,2.993823,2195607.000000,1874874.000000,3722527.000000,334752.000000,1282372.000000,1952.000000,539.000000,1146.000000,164.000000,144.000000,453.000000,125.000000,266.000000,38.000000,33.000000,2784.000000,769.000000,1633.000000,233.000000,205.000000,15.000000,8.000000,18.000000,3.000000,5.000000,0.000000,6.000000,12.000000,2.000000,4.000000,0.000000,7.000000,15.000000,2.000000,5.000000,8097.000000,2266.000000,4820.000000,695.000000,601.000000,3.000000,
0.042041,0.001633,0.296190,0.019132,0.637087,-206285.464675,2.994348,2195607.000000,1874874.000000,3722527.000000,334752.000000,1282372.000000,1952.000000,539.000000,1146.000000,164.000000,144.000000,453.000000,125.000000,266.000000,38.000000,33.000000,2784.000000,769.000000,1633.000000,233.000000,205.000000,15.000000,8.000000,18.000000,3.000000,5.000000,0.000000,6.000000,12.000000,2.000000,4.000000,0.000000,7.000000,15.000000,2.000000,5.000000,8097.000000,2266.000000,4820.000000,695.000000,601.000000,3.000000,
0.042041,0.001633,0.296190,0.019132,0.637087,-206285.464675,2.994348,2195607.000000,1874874.000000,3722527.000000,334752.000000,1282372.000000,1952.000000,539.000000,1146.000000,164.000000,144.000000,453.000000,125.000000,266.000000,38.000000,33.000000,2784.000000,769.000000,1633.000000,233.000000,205.000000,15.000000,8.000000,18.000000,3.000000,5.000000,0.000000,6.000000,12.000000,2.000000,4.000000,0.000000,7.000000,15.000000,2.000000,5.000000,8097.000000,2266.000000,4820.000000,695.000000,601.000000,3.000000,
0.042041,0.001633,0.296190,0.019132,0.637087,-206285.464675,2.994348,2195607.000000,1874874.000000,3722527.000000,334752.000000,1282372.000000,1952.000000,539.000000,1146.000000,164.000000,144.000000,453.000000,125.000000,266.000000,38.000000,33.000000,2784.000000,769.000000,1633.000000,233.000000,205.000000,15.000000,8.000000,18.000000,3.000000,5.000000,0.000000,6.000000,12.000000,2.000000,4.000000,0.000000,7.000000,15.000000,2.000000,5.000000,8097.000000,2266.000000,4820.000000,695.000000,601.000000,3.000000,
0.042041,0.001633,0.296190,0.019132,0.637087,-206285.464675,2.994348,2195607.000000,1874874.000000,3722527.000000,334752.000000,1282372.000000,1952.000000,539.000000,1146.000000,164.000000,144.000000,453.000000,125.000000,266.000000,38.000000,33.000000,2784.000000,769.000000,1633.000000,233.000000,205.000000,15.000000,8.000000,18.000000,3.000000,5.000000,0.000000,6.000000,12.000000,2.000000,4.000000,0.000000,7.000000,15.000000,2.000000,5.000000,8097.000000,2266.000000,4820.000000,695.000000,601.000000,3.000000,
0.042041,0.001633,0.296190,0.019132,0.637087,-206285.464675,2.994348,2195607.000000,1874874.000000,3722527.000000,334752.000000,1282372.000000,1952.000000,539.000000,1146.000000,164.000000,144.000000,453.000000,125.000000,266.000000,38.000000,33.000000,2784.000000,769.000000,1633.000000,233.000000,205.000000,15.000000,8.000000,18.000000,3.000000,5.000000,0.000000,6.000000,12.000000,2.000000,4.000000,0.000000,7.000000,15.000000,2.000000,5.000000,8097.000000,2266.000000,4820.000000,695.000000,601.000000,3.000000,
0.042041,0.001633,0.296190,0.019132,0.637087,-206285.464675,2.994348,2195607.000000,1874874.000000,3722527.000000,334752.000000,1282372.000000,1952.000000,539.000000,1146.000000,164.000000,144.000000,453.000000,125.000000,266.000000,38.000000,33.000000,2784.000000,769.000000,1633.000000,233.000000,205.000000,15.000000,8.000000,18.000000,3.000000,5.000000,0.000000,6.000000,12.000000,2.000000,4.000000,0.000000,7.000000,15.000000,2.000000,5.000000,8097.000000,2266.000000,4820.000000,695.000000,601.000000,3.000000,
0.042041,0.001633,0.296190,0.019132,0.637087,-206285.464675,2.994348,2195607.000000,1874874.000000,3722527.000000,334752.000000,1282372.000000,1952.000000,539.000000,1146.000000,164.000000,144.000000,453.000000,125.000000,266.000000,38.000000,33.000000,2784.000000,769.000000,1633.000000,233.000000,205.000000,15.000000,8.000000,18.000000,3.000000,5.000000,0.000000,6.000000,12.000000,2.000000,4.000000,0.000000,7.000000,15.000000,2.000000,5.000000,8097.000000,2266.000000,4820.000000,695.000000,601.000000,3.000000,
0.042041,0.001633,0.296190,0.019132,0.637087,-206285.464675,2.994348,2195607.000000,1874874.000000,3722527.000000,334752.000000,1282372.000000,1952.000000,539.000000,1146.000000,164.000000,144.000000,453.000000,125.000000,266.000000,38.000000,33.000000,2784.000000,769.000000,1633.000000,233.000000,205.000000,15.000000,8.000000,18.000000,3.000000,5.000000,0.000000,6.000000,12.000000,2.000000,4.000000,0.000000,7.000000,15.000000,2.000000,5.000000,8097.000000,2266.000000,4820.000000,695.000000,601.000000,3.000000,
0.042041,0.001633,0.296190,0.019132,0.637087,-206285.464675,2.994348,2195607.000000,1874874.000000,3722527.000000,334752.000000,1282372.000000,1952.000000,539.000000,1146.000000,164.000000,144.000000,453.000000,125.000000,266.000000,38.000000,33.000000,2784.000000,769.000000,1633.000000,233.000000,205.000000,15.000000,8.000000,18.000000,3.000000,5.000000,0.000000,6.000000,12.000000,2.000000,4.000000,0.000000,7.000000,15.000000,2.000000,5.000000,8097.000000,2266.000000,4820.000000,695.000000,601.000000,3.000000,
0.042041,0.001633,0.296190,0.019132,0.637087,-206285.464675,2.994348,2195607.000000,1874874.000000,3722527.000000,334752.000000,1282372.000000,1952.000000,539.000000,1146.000000,164.000000,144.000000,453.000000,125.000000,266.000000,38.000000,33.000000,2784.000000,769.000000,1633.000000,233.000000,205.000000,15.000000,8.000000,18.000000,3.000000,5.000000,0.000000,6.000000,12.000000,2.000000,4.000000,0.000000,7.000000,15.000000,2.000000,5.000000,8097.000000,2266.000000,4820.000000,695.000000,601.000000,3.000000,
0.042041,0.001633,0.296190,0.019132,0.637087,-206285.464675,2.994348,2195607.000000,1874874.000000,3722527.000000,334752.000000,1282372.000000,1952.000000,539.000000,1146.000000,164.000000,144.000000,453.000000,125.000000,266.000000,38.000000,33.000000,2784.000000,769.000000,1633.000000,233.000000,205.000000,15.000000,8.000000,18.000000,3.000000,5.000000,0.000000,6.000000,12.000000,2.000000,4.000000,0.000000,7.000000,15.000000,2.000000,5.000000,8097.000000,2266.000000,4820.000000,695.000000,601.000000,3.000000,
0.042041,0.001633,0.296190,0.019132,0.637087,-206285.464675,2.994348,2195607.000000,1874874.000000,3722527.000000,334752.000000,1282372.000000,1952.000000,539.000000,1146.000000,164.000000,144.000000,453.000000,125.000000,266.000000,38.000000,33.000000,2784.000000,769.000000,1633.000000,233.000000,205.000000,15.000000,8.000000,18.000000,3.000000,5.000000,0.000000,6.000000,12.000000,2.000000,4.000000,0.000000,7.000000,15.000000,2.000000,5.000000,8097.000000,2266.000000,4820.000000,695.000000,601.000000,3.000000,
0.042041,0.001633,0.296190,0.019132,0.637087,-206285.464675,2.994348,2195607.000000,1874874.000000,3722527.000000,334752.000000,1282372.000000,1952.000000,539.000000,1146.000000,164.000000,144.000000,453.000000,125.000000,266.000000,38.000000,33.000000,2784.000000,769.000000,1633.000000,233.000000,205.000000,15.000000,8.000000,18.000000,3.000000,5.000000,0.000000,6.000000,12.000000,2.000000,4.000000,0.000000,7.000000,15.000000,2.000000,5.000000,8097.000000,2266.000000,4820.000000,695.000000,601.000000,3.000000,
0.042041,0.001633,0.296190,0.019132,0.637087,-206285.464675,2.994348,2195607.000000,1874874.000000,3722527.000000,334752.000000,1282372.000000,1952.000000,539.000000,1146.000000,164.000000,144.000000,453.000000,125.000000,266.000000,38.000000,33.000000,2784.000000,769.000000,1633.000000,233.000000,205.000000,15.000000,8.000000,18.000000,3.000000,5.000000,0.000000,6.000000,12.000000,2.000000,4.000000,0.000000,7.000000,15.000000,2.000000,5.000000,8097.000000,2266.000000,4820.000000,695.000000,601.000000,3.000000,
0.042041,0.001633,0.296190,0.019132,0.637087,-206285.464675,2.994348,2195607.000000,1874874.000000,3722527.000000,334752.000000,1282372.000000,1952.000000,539.000000,1146.000000,164.000000,144.000000,453.000000,125.000000,266.000000,38.000000,33.000000,2784.000000,769.000000,1633.000000,233.000000,205.000000,15.000000,8.000000,18.000000,3.000000,5.000000,0.000000,6.000000,12.000000,2.000000,4.000000,0.000000,7.000000,15.000000,2.000000,5.000000,8097.000000,2266.000000,4820.000000,695.000000,601.000000,3.000000,
0.042041,0.001633,0.296190,0.019132,0.637087,-206285.464675,2.994348,2195607.000000,1874874.000000,3722527.000000,334752.000000,1282372.000000,1952.000000,539.000000,1146.000000,164.000000,144.000000,453.000000,125.000000,266.000000,38.000000,33.000000,2784.000000,769.000000,1633.000000,233.000000,205.000000,15.000000,8.000000,18.000000,3.000000,5.000000,0.000000,6.000000,12.000000,2.000000,4.000000,0.000000,7.000000,15.000000,2.000000,5.000000,8097.000000,2266.000000,4820.000000,695.000000,601.000000,3.000000,
0.042125,0.002498,0.290977,0.011909,0.646044,-206037.547373,2.990415,2195607.000000,1874874.000000,3722527.000000,334752.000000,1282372.000000,1952.000000,539.000000,1146.000000,164.000000,144.000000,453.000000,125.000000,266.000000,38.000000,33.000000,2784.000000,769.000000,1633.000000,233.000000,205.000000,15.000000,8.000000,18.000000,3.000000,5.000000,0.000000,6.000000,12.000000,2.000000,4.000000,0.000000,7.000000,15.000000,2.000000,5.000000,8097.000000,2266.000000,4820.000000,695.000000,601.000000,3.000000,
0.042125,0.002498,0.290977,0.011909,0.646044,-206037.547373,2.990415,2195607.000000,1874874.000000,3722527.000000,334752.000000,1282372.000000,1952.000000,539.000000,1146.000000,164.000000,144.000000,453.000000,125.000000,266.000000,38.000000,33.000000,2784.000000,769.000000,1633.000000,233.000000,205.000000,15.000000,8.000000,18.000000,3.000000,5.000000,0.000000,6.000000,12.000000,2.000000,4.000000,0.000000,7.000000,15.000000,2.000000,5.000000,8097.000000,2266.000000,4820.000000,695.000000,601.000000,3.000000,
0.042125,0.002498,0.290977,0.011909,0.646044,-206037.547373,2.990415,2195607.000000,1874874.000000,3722527.000000,334752.000000,1282372.000000,1952.000000,539.000000,1146.000000,164.000000,144.000000,453.000000,125.000000,266.000000,38.000000,33.000000,2784.000000,769.000000,1633.000000,233.000000,205.000000,15.000000,8.000000,18.000000,3.000000,5.000000,0.000000,6.000000,12.000000,2.000000,4.000000,0.000000,7.000000,15.000000,2.000000,5.000000,8097.000000,2266.000000,4820.000000,695.000000,601.000000,3.000000,
0.042125,0.002498,0.290977,0.011909,0.646044,-206037.547373,2.990415,2195607.000000,1874874.000000,3722527.000000,334752.000000,1282372.000000,1952.000000,539.000000,1146.000000,164.000000,144.000000,453.000000,125.000000,266.000000,38.000000,33.000000,2784.000000,769.000000,1633.000000,233.000000,205.000000,15.000000,8.000000,18.000000,3.000000,5.000000,0.000000,6.000000,12.000000,2.000000,4.000000,0.000000,7.000000,15.000000,2.000000,5.000000,8097.000000,2266.000000,4820.000000,695.000000,601.000000,3.000000,
0.042125,0.002498,0.290977,0.011909,0.646044,-206037.547373,2.990415,2195607.000000,1874874.000000,3722527.000000,334752.000000,1282372.000000,1952.000000,539.000000,1146.000000,164.000000,144.000000,453.000000,125.000000,266.000000,38.000000,33.000000,2784.000000,769.000000,1633.000000,233.000000,205.000000,15.000000,8.000000,18.000000,3.000000,5.000000,0.000000,6.000000,12.000000,2.000000,4.000000,0.000000,7.000000,15.000000,2.000000,5.000000,8097.000000,2266.000000,4820.000000,695.000000,601.000000,3.000000,
0.042192,0.001776,0.290653,0.020092,0.566138,-206022.350483,2.994569,2195607.000000,1874874.000000,3722527.000000,334752.000000,1282372.000000,1952.000000,539.000000,1146.000000,164.000000,144.000000,453.000000,125.000000,266.000000,38.000000,33.000000,2784.000000,769.000000,1633.000000,233.000000,205.000000,15.000000,8.000000,18.000000,3.000000,5.000000,0.000000,6.000000,12.000000,2.000000,4.000000,0.000000,7.000000,15.000000,2.000000,5.000000,8097.000000,2266.000000,4820.000000,695.000000,601.000000,3.000000,
0.042192,0.001776,0.290653,0.020092,0.566138,-206022.350483,2.994569,2195607.000000,1874874.000000,3722527.000000,334752.000000,1282372.000000,1952.000000,539.000000,1146.000000,164.000000,144.000000,453.000000,125.000000,266.000000,38.000000,33.000000,2784.000000,769.000000,1633.000000,233.000000,205.000000,15.000000,8.000000,18.000000,3.000000,5.000000,0.000000,6.000000,12.000000,2.000000,4.000000,0.000000,7.000000,15.000000,2.000000,5.000000,8097.000000,2266.000000,4820.000000,695.000000,601.000000,3.000000,
0.042192,0.001776,0.290653,0.020092,0.566138,-206022.350483,2.994569,2195607.000000,1874874.000000,3722527.000000,334752.000000,1282372.000000,1952.000000,539.000000,1146.000000,164.000000,144.000000,453.000000,125.000000,266.000000,38.000000,33.000000,2784.000000,769.000000,1633.000000,233.000000,205.000000,15.000000,8.000000,18.000000,3.000000,5.000000,0.000000,6.000000,12.000000,2.000000,4.000000,0.000000,7.000000,15.000000,2.000000,5.000000,8097.000000,2266.000000,4820.000000,695.000000,601.000000,3.000000,
0.042283,0.001878,0.284872,0.013227,0.592384,-205749.504427,2.989975,2195607.000000,1874874.000000,3722527.000000,334752.000000,1282372.000000,1952.000000,539.000000,1146.000000,164.000000,144.000000,453.000000,125.000000,266.000000,38.000000,33.000000,2784.000000,769.000000,1633.000000,233.000000,205.000000,15.000000,8.000000,18.000000,3.000000,5.000000,0.000000,6.000000,12.000000,2.000000,4.000000,0.000000,7.000000,15.000000,2.000000,5.000000,8097.000000,2266.000000,4820.000000,695.000000,601.000000,3.000000,
0.042283,0.001878,0.284872,0.013227,0.592384,-205749.504427,2.989975,2195607.000000,1874874.000000,3722527.000000,334752.000000,1282372.000000,1952.000000,539.000000,1146.000000,164.000000,144.000000,453.000000,125.000000,266.000000,38.000000,33.000000,2784.000000,769.000000,1633.000000,233.000000,205.000000,15.000000,8.000000,18.000000,3.000000,5.000000,0.000000,6.000000,12.000000,2.000000,4.000000,0.000000,7.000000,15.000000,2.000000,5.000000,8097.000000,2266.000000,4820.000000,695.000000,601.000000,3.000000,
0.042165,0.001806,0.290242,0.012949,0.600674,-206002.779970,2.991857,2195607.000000,1874874.000000,3722527.000000,334752.000000,1282372.000000,1952.000000,539.000000,1146.000000,164.000000,144.000000,453.000000,125.000000,266.000000,38.000000,33.000000,2784.000000,769.000000,1633.000000,233.000000,205.000000,15.000000,8.000000,18.000000,3.000000,5.000000,0.000000,6.000000,12.000000,2.000000,4.000000,0.000000,7.000000,15.000000,2.000000,5.000000,8097.000000,2266.000000,4820.000000,695.000000,601.000000,3.000000,
0.041341,0.004086,0.324917,0.052657,0.425687,-207681.014429,2.998129,2195607.000000,1874874.000000,3722527.000000,334752.000000,1282372.000000,1952.000000,539.000000,1146.000000,164.000000,144.000000,453.000000,125.000000,266.000000,38.000000,33.000000,2784.000000,769.000000,1633.000000,233.000000,205.000000,15.000000,8.000000,18.000000,3.000000,5.000000,0.000000,6.000000,12.000000,2.000000,4.000000,0.000000,7.000000,15.000000,2.000000,5.000000,8097.000000,2266.000000,4820.000000,695.000000,601.000000,3.000000,
0.041570,0.008230,0.316885,0.080683,0.453326,-207285.701863,2.999625,2195607.000000,1874874.000000,3722527.000000,334752.000000,1282372.000000,1952.000000,539.000000,1146.000000,164.000000,144.000000,453.000000,125.000000,266.000000,38.000000,33.000000,2784.000000,769.000000,1633.000000,233.000000,205.000000,15.000000,8.000000,18.000000,3.000000,5.000000,0.000000,6.000000,12.000000,2.000000,4.000000,0.000000,7.000000,15.000000,2.000000,5.000000,8097.000000,2266.000000,4820.000000,695.000000,601.000000,3.000000,
0.041588,0.006506,0.314882,0.067204,0.542122,-207187.656182,2.997195,2195607.000000,1874874.000000,3722527.000000,334752.000000,1282372.000000,1952.000000,539.000000,1146.000000,164.000000,144.000000,453.000000,125.000000,266.000000,38.000000,33.000000,2784.000000,769.000000,1633.000000,233.000000,205.000000,15.000000,8.000000,18.000000,3.000000,5.000000,0.000000,6.000000,12.000000,2.000000,4.000000,0.000000,7.000000,15.000000,2.000000,5.000000,8097.000000,2266.000000,4820.000000,695.000000,601.000000,3.000000,
0.041492,0.011356,0.321915,0.083730,0.410403,-207532.884018,3.003442,2195607.000000,1874874.000000,3722527.000000,334752.000000,1282372.000000,1952.000000,539.000000,1146.000000,164.000000,144.000000,453.000000,125.000000,266.000000,38.000000,33.000000,2784.000000,769.000000,1633.000000,233.000000,205.000000,15.000000,8.000000,18.000000,3.000000,5.000000,0.000000,6.000000,12.000000,2.000000,4.000000,0.000000,7.000000,15.000000,2.000000,5.000000,8097.000000,2266.000000,4820.000000,695.000000,601.000000,3.000000,
0.041492,0.011356,0.321915,0.083730,0.410403,-207532.884018,3.003442,2195607.000000,1874874.000000,3722527.000000,334752.000000,1282372.000000,1952.000000,539.000000,1146.000000,164.000000,144.000000,453.000000,125.000000,266.000000,38.000000,33.000000,2784.000000,769.000000,1633.000000,233.000000,205.000000,15.000000,8.000000,18.000000,3.000000,5.000000,0.000000,6.000000,12.000000,2.000000,4.000000,0.000000,7.000000,15.000000,2.000000,5.000000,8097.000000,2266.000000,4820.000000,695.000000,601.000000,3.000000,
0.041492,0.011356,0.321915,0.083730,0.410403,-207532.884018,3.003442,2195607.000000,1874874.000000,3722527.000000,334752.000000,1282372.000000,1952.000000,539.000000,1146.000000,164.000000,144.000000,453.000000,125.000000,266.000000,38.000000,33.000000,2784.000000,769.000000,1633.000000,233.000000,205.000000,15.000000,8.000000,18.000000,3.000000,5.000000,0.000000,6.000000,12.000000,2.000000,4.000000,0.000000,7.000000,15.000000,2.000000,5.000000,8097.000000,2266.000000,4820.000000,695.000000,601.000000,3.000000,
0.041479,0.018906,0.323823,0.048114,0.562874,-207627.108396,3.006052,2195607.000000,1874874.000000,3722527.000000,334752.000000,1282372.000000,1952.000000,539.000000,1146.000000,164.000000,144.000000,453.000000,125.000000,266.000000,38.000000,33.000000,2784.000000,769.000000,1633.000000,233.000000,205.000000,15.000000,8.000000,18.000000,3.000000,5.000000,0.000000,6.000000,12.000000,2.000000,4.000000,0.000000,7.000000,15.000000,2.000000,5.000000,8097.000000,2266.000000,4820.000000,695.000000,601.000000,3.000000,
0.041362,0.012491,0.332140,0.046052,0.543029,-208040.441783,3.013156,2195607.000000,1874874.000000,3722527.000000,334752.000000,1282372.000000,1952.000000,539.000000,1146.000000,164.000000,144.000000,453.000000,125.000000,266.000000,38.000000,33.000000,2784.000000,769.000000,1633.000000,233.000000,205.000000,15.000000,8.000000,18.000000,3.000000,5.000000,0.000000,6.000000,12.000000,2.000000,4.000000,0.000000,7.000000,15.000000,2.000000,5.000000,8097.000000,2266.000000,4820.000000,695.000000,601.000000,3.000000,
0.041362,0.012491,0.332140,0.046052,0.543029,-208040.441783,3.013156,2195607.000000,1874874.000000,3722527.000000,334752.000000,1282372.000000,1952.000000,539.000000,1146.000000,164.000000,144.000000,453.000000,125.000000,266.000000,38.000000,33.000000,2784.000000,769.000000,1633.000000,233.000000,205.000000,15.000000,8.000000,18.000000,3.000000,5.000000,0.000000,6.000000,12.000000,2.000000,4.000000,0.000000,7.000000,15.000000,2.000000,5.000000,8097.000000,2266.000000,4820.000000,695.000000,601.000000,3.000000,
0.041362,0.012491,0.332140,0.046052,0.543029,-208040.441783,3.013156,2195607.000000,1874874.000000,3722527.000000,334752.000000,1282372.000000,1952.000000,539.000000,1146.000000,164.000000,144.000000,453.000000,125.000000,266.000000,38.000000,33.000000,2784.000000,769.000000,1633.000000,233.000000,205.000000,15.000000,8.000000,18.000000,3.000000,5.000000,0.000000,6.000000,12.000000,2.000000,4.000000,0.000000,7.000000,15.000000,2.000000,5.000000,8097.000000,2266.000000,4820.000000,695.000000,601.000000,3.000000,
0.041362,0.012491,0.332140,0.046052,0.543029,-208040.441783,3.013156,2195607.000000,1874874.000000,3722527.000000,334752.000000,1282372.000000,1952.000000,539.000000,1146.000000,164.000000,144.000000,453.000000,125.000000,266.000000,38.000000,33.000000,2784.000000,769.000000,1633.000000,233.000000,205.000000,15.000000,8.000000,18.000000,3.000000,5.000000,0.000000,6.000000,12.000000,2.000000,4.000000,0.000000,7.000000,15.000000,2.000000,5.000000,8097.000000,2266.000000,4820.000000,695.000000,601.000000,3.000000,
0.041362,0.012491,0.332140,0.046052,0.543029,-208040.441783,3.013156,2195607.000000,1874874.000000,3722527.000000,334752.000000,1282372.000000,1952.000000,539.000000,1146.000000,164.000000,144.000000,453.000000,125.000000,266.000000,38.000000,33.000000,2784.000000,769.000000,1633.000000,233.000000,205.000000,15.000000,8.000000,18.000000,3.000000,5.000000,0.000000,6.000000,12.000000,2.000000,4.000000,0.000000,7.000000,15.000000,2.000000,5.000000,8097.000000,2266.000000,4820.000000,695.000000,601.000000,3.000000,
0.040542,0.002878,0.363514,0.043784,0.424398,-209638.813942,3.010783,2195607.000000,1874874.000000,3722527.000000,334752.000000,1282372.000000,1952.000000,539.000000,1146.000000,164.000000,144.000000,453.000000,125.000000,266.000000,38.000000,33.000000,2784.000000,769.000000,1633.000000,233.000000,205.000000,15.000000,8.000000,18.000000,3.000000,5.000000,0.000000,6.000000,12.000000,2.000000,4.000000,0.000000,7.000000,15.000000,2.000000,5.000000,8097.000000,2266.000000,4820.000000,695.000000,601.000000,3.000000,
0.040542,0.002878,0.363514,0.043784,0.424398,-209638.813942,3.010783,2195607.000000,1874874.000000,3722527.000000,334752.000000,1282372.000000,1952.000000,539.000000,1146.000000,164.000000,144.000000,453.000000,125.000000,266.000000,38.000000,33.000000,2784.000000,769.000000,1633.000000,233.000000,205.000000,15.000000,8.000000,18.000000,3.000000,5.000000,0.000000,6.000000,12.000000,2.000000,4.000000,0.000000,7.000000,15.000000,2.000000,5.000000,8097.000000,2266.000000,4820.000000,695.000000,601.000000,3.000000,
0.040542,0.002878,0.363514,0.043784,0.424398,-209638.813942,3.010783,2195607.000000,1874874.000000,3722527.000000,334752.000000,1282372.000000,1952.000000,539.000000,1146.000000,164.000000,144.000000,453.000000,125.000000,266.000000,38.000000,33.000000,2784.000000,769.000000,1633.000000,233.000000,205.000000,15.000000,8.000000,18.000000,3.000000,5.000000,0.000000,6.000000,12.000000,2.000000,4.000000,0.000000,7.000000,15.000000,2.000000,5.000000,8097.000000,2266.000000,4820.000000,695.000000,601.000000,3.000000,
0.040542,0.002878,0.363514,0.043784,0.424398,-209638.813942,3.010783,2195607.000000,1874874.000000,3722527.000000,334752.000000,1282372.000000,1952.000000,539.000000,1146.000000,164.000000,144.000000,453.000000,125.000000,266.000000,38.000000,33.000000,2784.000000,769.000000,1633.000000,233.000000,205.000000,15.000000,8.000000,18.000000,3.000000,5.000000,0.000000,6.000000,12.000000,2.000000,4.000000,0.000000,7.000000,15.000000,2.000000,5.000000,8097.000000,2266.000000,4820.000000,695.000000,601.000000,3.000000,
0.040542,0.002878,0.363514,0.043784,0.424398,-209638.813942,3.010783,2195607.000000,1874874.000000,3722527.000000,334752.000000,1282372.000000,1952.000000,539.000000,1146.000000,164.000000,144.000000,453.000000,125.000000,266.000000,38.000000,33.000000,2784.000000,769.000000,1633.000000,233.000000,205.000000,15.000000,8.000000,18.000000,3.000000,5.000000,0.000000,6.000000,12.000000,2.000000,4.000000,0.000000,7.000000,15.000000,2.000000,5.000000,8097.000000,2266.000000,4820.000000,695.000000,601.000000,3.000000,
0.040542,0.002878,0.363514,0.043784,0.424398,-209638.813942,3.010783,2195607.000000,1874874.000000,3722527.000000,334752.000000,1282372.000000,1952.000000,539.000000,1146.000000,164.000000,144.000000,453.000000,125.000000,266.000000,38.000000,33.000000,2784.000000,769.000000,1633.000000,233.000000,205.000000,15.000000,8.000000,18.000000,3.000000,5.000000,0.000000,6.000000,12.000000,2.000000,4.000000,0.000000,7.000000,15.000000,2.000000,5.000000,8097.000000,2266.000000,4820.000000,695.000000,601.000000,3.000000,
0.040542,0.002878,0.363514,0.043784,0.424398,-209638.813942,3.010783,2195607.000000,1874874.000000,3722527.000000,334752.000000,1282372.000000,1952.000000,539.000000,1146.000000,164.000000,144.000000,453.000000,125.000000,266.000000,38.000000,33.000000,2784.000000,769.000000,1633.000000,233.000000,205.000000,15.000000,8.000000,18.000000,3.000000,5.000000,0.000000,6.000000,12.000000,2.000000,4.000000,0.000000,7.000000,15.000000,2.000000,5.000000,8097.000000,2266.000000,4820.000000,695.000000,601.000000,3.000000,
0.040542,0.002878,0.363514,0.043784,0.424398,-209638.813942,3.010783,2195607.000000,1874874.000000,3722527.000000,334752.000000,1282372.000000,1952.000000,539.000000,1146.000000,164.000000,144.000000,453.000000,125.000000,266.000000,38.000000,33.000000,2784.000000,769.000000,1633.000000,233.000000,205.000000,15.000000,8.000000,18.000000,3.000000,5.000000,0.000000,6.000000,12.000000,2.000000,4.000000,0.000000,7.000000,15.000000,2.000000,5.000000,8097.000000,2266.000000,4820.000000,695.000000,601.000000,3.000000,
0.040542,0.002878,0.363514,0.043784,0.424398,-209638.813942,3.010783,2195607.000000,1874874.000000,3722527.000000,334752.000000,1282372.000000,1952.000000,539.000000,1146.000000,164.000000,144.000000,453.000000,125.000000,266.000000,38.000000,33.000000,2784.000000,769.000000,1633.000000,233.000000,205.000000,15.000000,8.000000,18.000000,3.000000,5.000000,0.000000,6.000000,12.000000,2.000000,4.000000,0.000000,7.000000,15.000000,2.000000,5.000000,8097.000000,2266.000000,4820.000000,695.000000,601.000000,3.000000,
0.040575,0.002112,0.361172,0.021937,0.506873,-209517.262126,3.008992,2195607.000000,1874874.000000,3722527.000000,334752.000000,1282372.000000,1952.000000,539.000000,1146.000000,164.000000,144.000000,453.000000,125.000000,266.000000,38.000000,33.000000,2784.000000,769.000000,1633.000000,233.000000,205.000000,15.000000,8.000000,18.000000,3.000000,5.000000,0.000000,6.000000,12.000000,2.000000,4.000000,0.000000,7.000000,15.000000,2.000000,5.000000,8097.000000,2266.000000,4820.000000,695.000000,601.000000,3.000000,
0.040575,0.002112,0.361172,0.021937,0.506873,-209517.262126,3.008992,2195607.000000,1874874.000000,3722527.000000,334752.000000,1282372.000000,1952.000000,539.000000,1146.000000,164.000000,144.000000,453.000000,125.000000,266.000000,38.000000,33.000000,2784.000000,769.000000,1633.000000,233.000000,205.000000,15.000000,8.000000,18.000000,3.000000,5.000000,0.000000,6.000000,12.000000,2.000000,4.000000,0.000000,7.000000,15.000000,2.000000,5.000000,8097.000000,2266.000000,4820.000000,695.000000,601.000000,3.000000,
0.040575,0.002112,0.361172,0.021937,0.506873,-209517.262126,3.008992,2195607.000000,1874874.000000,3722527.000000,334752.000000,1282372.000000,1952.000000,539.000000,1146.000000,164.000000,144.000000,453.000000,125.000000,266.000000,38.000000,33.000000,2784.000000,769.000000,1633.000000,233.000000,205.000000,15.000000,8.000000,18.000000,3.000000,5.000000,0.000000,6.000000,12.000000,2.000000,4.000000,0.000000,7.000000,15.000000,2.000000,5.000000,8097.000000,2266.000000,4820.000000,695.000000,601.000000,3.000000,
0.040575,0.002112,0.361172,0.021937,0.506873,-209517.262126,3.008992,2195607.000000,1874874.000000,3722527.000000,334752.000000,1282372.000000,1952.000000,539.000000,1146.000000,164.000000,144.000000,453.000000,125.000000,266.000000,38.000000,33.000000,2784.000000,769.000000,1633.000000,233.000000,205.000000,15.000000,8.000000,18.000000,3.000000,5.000000,0.000000,6.000000,12.000000,2.000000,4.000000,0.000000,7.000000,15.000000,2.000000,5.000000,8097.000000,2266.000000,4820.000000,695.000000,601.000000,3.000000,
0.040575,0.002112,0.361172,0.021937,0.506873,-209517.262126,3.008992,2195607.000000,1874874.000000,3722527.000000,334752.000000,1282372.000000,1952.000000,539.000000,1146.000000,164.000000,144.000000,453.000000,125.000000,266.000000,38.000000,33.000000,2784.000000,769.000000,1633.000000,233.000000,205.000000,15.000000,8.000000,18.000000,3.000000,5.000000,0.000000,6.000000,12.000000,2.000000,4.000000,0.000000,7.000000,15.000000,2.000000,5.000000,8097.000000,2266.000000,4820.000000,695.000000,601.000000,3.000000,
0.040575,0.002112,0.361172,0.021937,0.506873,-209517.262126,3.008992,2195607.000000,1874874.000000,3722527.000000,334752.000000,1282372.000000,1952.000000,539.000000,1146.000000,164.000000,144.000000,453.000000,125.000000,266.000000,38.000000,33.000000,2784.000000,769.000000,1633.000000,233.000000,205.000000,15.000000,8.000000,18.000000,3.000000,5.000000,0.000000,6.000000,12.000000,2.000000,4.000000,0.000000,7.000000,15.000000,2.000000,5.000000,8097.000000,2266.000000,4820.000000,695.000000,601.000000,3.000000,
0.040575,0.002112,0.361172,0.021937,0.506873,-209517.262126,3.008992,2195607.000000,1874874.000000,3722527.000000,334752.000000,1282372.000000,1952.000000,539.000000,1146.000000,164.000000,144.000000,453.000000,125.000000,266.000000,38.000000,33.000000,2784.000000,769.000000,1633.000000,233.000000,205.000000,15.000000,8.000000,18.000000,3.000000,5.000000,0.000000,6.000000,12.000000,2.000000,4.000000,0.000000,7.000000,15.000000,2.000000,5.000000,8097.000000,2266.000000,4820.000000,695.000000,601.000000,3.000000,
0.040575,0.002112,0.361172,0.021937,0.506873,-209517.262126,3.008992,2195607.000000,1874874.000000,3722527.000000,334752.000000,1282372.000000,1952.000000,539.000000,1146.000000,164.000000,144.000000,453.000000,125.000000,266.000000,38.000000,33.000000,2784.000000,769.000000,1633.000000,233.000000,205.000000,15.000000,8.000000,18.000000,3.000000,5.000000,0.000000,6.000000,12.000000,2.000000,4.000000,0.000000,7.000000,15.000000,2.000000,5.000000,8097.000000,2266.000000,4820.000000,695.000000,601.000000,3.000000,
0.040575,0.002112,0.361172,0.021937,0.506873,-209517.262126,3.008992,2195607.000000,1874874.000000,3722527.000000,334752.000000,1282372.000000,1952.000000,539.000000,1146.000000,164.000000,144.000000,453.000000,125.000000,266.000000,38.000000,33.000000,2784.000000,769.000000,1633.000000,233.000000,205.000000,15.000000,8.000000,18.000000,3.000000,5.000000,0.000000,6.000000,12.000000,2.000000,4.000000,0.000000,7.000000,15.000000,2.000000,5.000000,8097.000000,2266.000000,4820.000000,695.000000,601.000000,3.000000,
0.040575,0.002112,0.361172,0.021937,0.506873,-209517.262126,3.008992,2195607.000000,1874874.000000,3722527.000000,334752.000000,1282372.000000,1952.000000,539.000000,1146.000000,164.000000,144.000000,453.000000,125.000000,266.000000,38.000000,33.000000,2784.000000,769.000000,1633.000000,233.000000,205.000000,15.000000,8.000000,18.000000,3.000000,5.000000,0.000000,6.000000,12.000000,2.000000,4.000000,0.000000,7.000000,15.000000,2.000000,5.000000,8097.000000,2266.000000,4820.000000,695.000000,601.000000,3.000000,
0.040575,0.002112,0.361172,0.021937,0.506873,-209517.262126,3.008992,2195607.000000,1874874.000000,3722527.000000,334752.000000,1282372.000000,1952.000000,539.000000,1146.000000,164.000000,144.000000,453.000000,125.000000,266.000000,38.000000,33.000000,2784.000000,769.000000,1633.000000,233.000000,205.000000,15.000000,8.000000,18.000000,3.000000,5.000000,0.000000,6.000000,12.000000,2.000000,4.000000,0.000000,7.000000,15.000000,2.000000,5.000000,8097.000000,2266.000000,4820.000000,695.000000,601.000000,3.000000,
0.040575,0.002112,0.361172,0.021937,0.506873,-209517.262126,3.008992,2195607.000000,1874874.000000,3722527.000000,334752.000000,1282372.000000,1952.000000,539.000000,1146.000000,164.000000,144.000000,453.000000,125.000000,266.000000,38.000000,33.000000,2784.000000,769.000000,1633.000000,233.000000,205.000000,15.000000,8.000000,18.000000,3.000000,5.000000,0.000000,6.000000,12.000000,2.000000,4.000000,0.000000,7.000000,15.000000,2.000000,5.000000,8097.000000,2266.000000,4820.000000,695.000000,601.000000,3.000000,
0.040628,0.002505,0.359745,0.021125,0.518544,-209443.408326,3.010287,2195607.000000,1874874.000000,3722527.000000,334752.000000,1282372.000000,1952.000000,539.000000,1146.000000,164.000000,144.000000,453.000000,125.000000,266.000000,38.000000,33.000000,2784.000000,769.000000,1633.000000,233.000000,205.000000,15.000000,8.000000,18.000000,3.000000,5.000000,0.000000,6.000000,12.000000,2.000000,4.000000,0.000000,7.000000,15.000000,2.000000,5.000000,8097.000000,2266.000000,4820.000000,695.000000,601.000000,3.000000,
0.040628,0.002505,0.359745,0.021125,0.518544,-209443.408326,3.010287,2195607.000000,1874874.000000,3722527.000000,334752.000000,1282372.000000,1952.000000,539.000000,1146.000000,164.000000,144.000000,453.000000,125.000000,266.000000,38.000000,33.000000,2784.000000,769.000000,1633.000000,233.000000,205.000000,15.000000,8.000000,18.000000,3.000000,5.000000,0.000000,6.000000,12.000000,2.000000,4.000000,0.000000,7.000000,15.000000,2.000000,5.000000,8097.000000,2266.000000,4820.000000,695.000000,601.000000,3.000000,
0.040718,0.001313,0.360375,0.031428,0.444283,-209476.215088,3.018124,2195607.000000,1874874.000000,3722527.000000,334752.000000,1282372.000000,1952.000000,539.000000,1146.000000,164.000000,144.000000,453.000000,125.000000,266.000000,38.000000,33.000000,2784.000000,769.000000,1633.000000,233.000000,205.000000,15.000000,8.000000,18.000000,3.000000,5.000000,0.000000,6.000000,12.000000,2.000000,4.000000,0.000000,7.000000,15.000000,2.000000,5.000000,8097.000000,2266.000000,4820.000000,695.000000,601.000000,3.000000,
0.040718,0.001313,0.360375,0.031428,0.444283,-209476.215088,3.018124,2195607.000000,1874874.000000,3722527.000000,334752.000000,1282372.000000,1952.000000,539.000000,1146.000000,164.000000,144.000000,453.000000,125.000000,266.000000,38.000000,33.000000,2784.000000,769.000000,1633.000000,233.000000,205.000000,15.000000,8.000000,18.000000,3.000000,5.000000,0.000000,6.000000,12.000000,2.000000,4.000000,0.000000,7.000000,15.000000,2.000000,5.000000,8097.000000,2266.000000,4820.000000,695.000000,601.000000,3.000000,
0.040718,0.001313,0.360375,0.031428,0.444283,-209476.215088,3.018124,2195607.000000,1874874.000000,3722527.000000,334752.000000,1282372.000000,1952.000000,539.000000,1146.000000,164.000000,144.000000,453.000000,125.000000,266.000000,38.000000,33.000000,2784.000000,769.000000,1633.000000,233.000000,205.000000,15.000000,8.000000,18.000000,3.000000,5.000000,0.000000,6.000000,12.000000,2.000000,4.000000,0.000000,7.000000,15.000000,2.000000,5.000000,8097.000000,2266.000000,4820.000000,695.000000,601.000000,3.000000,
0.040718,0.001313,0.360375,0.031428,0.444283,-209476.215088,3.018124,2195607.000000,1874874.000000,3722527.000000,334752.000000,1282372.000000,1952.000000,539.000000,1146.000000,164.000000,144.000000,453.000000,125.000000,266.000000,38.000000,33.000000,2784.000000,769.000000,1633.000000,233.000000,205.000000,15.000000,8.000000,18.000000,3.000000,5.000000,0.000000,6.000000,12.000000,2.000000,4.000000,0.000000,7.000000,15.000000,2.000000,5.000000,8097.000000,2266.000000,4820.000000,695.000000,601.000000,3.000000,
0.040718,0.001313,0.360375,0.031428,0.444283,-209476.215088,3.018124,2195607.000000,1874874.000000,3722527.000000,334752.000000,1282372.000000,1952.000000,539.000000,1146.000000,164.000000,144.000000,453.000000,125.000000,266.000000,38.000000,33.000000,2784.000000,769.000000,1633.000000,233.000000,205.000000,15.000000,8.000000,18.000000,3.000000,5.000000,0.000000,6.000000,12.000000,2.000000,4.000000,0.000000,7.000000,15.000000,2.000000,5.000000,8097.000000,2266.000000,4820.000000,695.000000,601.000000,3.000000,
0.040718,0.001313,0.360375,0.031428,0.444283,-209476.215088,3.018124,2195607.000000,1874874.000000,3722527.000000,334752.000000,1282372.000000,1952.000000,539.000000,1146.000000,164.000000,144.000000,453.000000,125.000000,266.000000,38.000000,33.000000,2784.000000,769.000000,1633.000000,233.000000,205.000000,15.000000,8.000000,18.000000,3.000000,5.000000,0.000000,6.000000,12.000000,2.000000,4.000000,0.000000,7.000000,15.000000,2.000000,5.000000,8097.000000,2266.000000,4820.000000,695.000000,601.000000,3.000000,
0.040718,0.001313,0.360375,0.031428,0.444283,-209476.215088,3.018124,2195607.000000,1874874.000000,3722527.000000,334752.000000,1282372.000000,1952.000000,539.000000,1146.000000,164.000000,144.000000,453.000000,125.000000,266.000000,38.000000,33.000000,2784.000000,769.000000,1633.000000,233.000000,205.000000,15.000000,8.000000,18.000000,3.000000,5.000000,0.000000,6.000000,12.000000,2.000000,4.000000,0.000000,7.000000,15.000000,2.000000,5.000000,8097.000000,2266.000000,4820.000000,695.000000,601.000000,3.000000,
0.040718,0.001313,0.360375,0.031428,0.444283,-209476.215088,3.018124,2195607.000000,1874874.000000,3722527.000000,334752.000000,1282372.000000,1952.000000,539.000000,1146.000000,164.000000,144.000000,453.000000,125.000000,266.000000,38.000000,33.000000,2784.000000,769.000000,1633.000000,233.000000,205.000000,15.000000,8.000000,18.000000,3.000000,5.000000,0.000000,6.000000,12.000000,2.000000,4.000000,0.000000,7.000000,15.000000,2.000000,5.000000,8097.000000,2266.000000,4820.000000,695.000000,601.000000,3.000000,
0.040666,0.001260,0.366969,0.031113,0.425925,-209819.239866,3.026325,2195607.000000,1874874.000000,3722527.000000,334752.000000,1282372.000000,1952.000000,539.000000,1146.000000,164.000000,144.000000,453.000000,125.000000,266.000000,38.000000,33.000000,2784.000000,769.000000,1633.000000,233.000000,205.000000,15.000000,8.000000,18.000000,3.000000,5.000000,0.000000,6.000000,12.000000,2.000000,4.000000,0.000000,7.000000,15.000000,2.000000,5.000000,8097.000000,2266.000000,4820.000000,695.000000,601.000000,3.000000,
0.040666,0.001260,0.366969,0.031113,0.425925,-209819.239866,3.026325,2195607.000000,1874874.000000,3722527.000000,334752.000000,1282372.000000,1952.000000,539.000000,1146.000000,164.000000,144.000000,453.000000,125.000000,266.000000,38.000000,33.000000,2784.000000,769.000000,1633.000000,233.000000,205.000000,15.000000,8.000000,18.000000,3.000000,5.000000,0.000000,6.000000,12.000000,2.000000,4.000000,0.000000,7.000000,15.000000,2.000000,5.000000,8097.000000,2266.000000,4820.000000,695.000000,601.000000,3.000000,
0.040587,0.001262,0.370896,0.036173,0.421891,-210024.806545,3.027654,2195607.000000,1874874.000000,3722527.000000,334752.000000,1282372.000000,1952.000000,539.000000,1146.000000,164.000000,144.000000,453.000000,125.000000,266.000000,38.000000,33.000000,2784.000000,769.000000,1633.000000,233.000000,205.000000,15.000000,8.000000,18.000000,3.000000,5.000000,0.000000,6.000000,12.000000,2.000000,4.000000,0.000000,7.000000,15.000000,2.000000,5.000000,8097.000000,2266.000000,4820.000000,695.000000,601.000000,3.000000,
0.040587,0.001262,0.370896,0.036173,0.421891,-210024.806545,3.027654,2195607.000000,1874874.000000,3722527.000000,334752.000000,1282372.000000,1952.000000,539.000000,1146.000000,164.000000,144.000000,453.000000,125.000000,266.000000,38.000000,33.000000,2784.000000,769.000000,1633.000000,233.000000,205.000000,15.000000,8.000000,18.000000,3.000000,5.000000,0.000000,6.000000,12.000000,2.000000,4.000000,0.000000,7.000000,15.000000,2.000000,5.000000,8097.000000,2266.000000,4820.000000,695.000000,601.000000,3.000000,
0.040587,0.001262,0.370896,0.036173,0.421891,-210024.806545,3.027654,2195607.000000,1874874.000000,3722527.000000,334752.000000,1282372.000000,1952.000000,539.000000,1146.000000,164.000000,144.000000,453.000000,125.000000,266.000000,38.000000,33.000000,2784.000000,769.000000,1633.000000,233.000000,205.000000,15.000000,8.000000,18.000000,3.000000,5.000000,0.000000,6.000000,12.000000,2.000000,4.000000,0.000000,7.000000,15.000000,2.000000,5.000000,8097.000000,2266.000000,4820.000000,695.000000,601.000000,3.000000,
0.040587,0.001262,0.370896,0.036173,0.421891,-210024.806545,3.027654,2195607.000000,1874874.000000,3722527.000000,334752.000000,1282372.000000,1952.000000,539.000000,1146.000000,164.000000,144.000000,453.000000,125.000000,266.000000,38.000000,33.000000,2784.000000,769.000000,1633.000000,233.000000,205.000000,15.000000,8.000000,18.000000,3.000000,5.000000,0.000000,6.000000,12.000000,2.000000,4.000000,0.000000,7.000000,15.000000,2.000000,5.000000,8097.000000,2266.000000,4820.000000,695.000000,601.000000,3.000000,
0.040813,0.001172,0.358655,0.044042,0.435464,-209387.379544,3.022000,2195607.000000,1874874.000000,3722527.000000,334752.000000,1282372.000000,1952.000000,539.000000,1146.000000,164.000000,144.000000,453.000000,125.000000,266.000000,38.000000,33.000000,2784.000000,769.000000,1633.000000,233.000000,205.000000,15.000000,8.000000,18.000000,3.000000,5.000000,0.000000,6.000000,12.000000,2.000000,4.000000,0.000000,7.000000,15.000000,2.000000,5.000000,8097.000000,2266.000000,4820.000000,695.000000,601.000000,3.000000,
0.040813,0.001172,0.358655,0.044042,0.435464,-209387.379544,3.022000,2195607.000000,1874874.000000,3722527.000000,334752.000000,1282372.000000,1952.000000,539.000000,1146.000000,164.000000,144.000000,453.000000,125.000000,266.000000,38.000000,33.000000,2784.000000,769.000000,1633.000000,233.000000,205.000000,15.000000,8.000000,18.000000,3.000000,5.000000,0.000000,6.000000,12.000000,2.000000,4.000000,0.000000,7.000000,15.000000,2.000000,5.000000,8097.000000,2266.000000,4820.000000,695.000000,601.000000,3.000000,
0.040813,0.001172,0.358655,0.044042,0.435464,-209387.379544,3.022000,2195607.000000,1874874.000000,3722527.000000,334752.000000,1282372.000000,1952.000000,539.000000,1146.000000,164.000000,144.000000,453.000000,125.000000,266.000000,38.000000,33.000000,2784.000000,769.000000,1633.000000,233.000000,205.000000,15.000000,8.000000,18.000000,3.000000,5.000000,0.000000,6.000000,12.000000,2.000000,4.000000,0.000000,7.000000,15.000000,2.000000,5.000000,8097.000000,2266.000000,4820.000000,695.000000,601.000000,3.000000,
0.041184,0.065475,0.349791,0.062276,0.390226,-208932.333060,3.032999,2195607.000000,1874874.000000,3722527.000000,334752.000000,1282372.000000,1952.000000,539.000000,1146.000000,164.000000,144.000000,453.000000,125.000000,266.000000,38.000000,33.000000,2784.000000,769.000000,1633.000000,233.000000,205.000000,15.000000,8.000000,18.000000,3.000000,5.000000,0.000000,6.000000,12.000000,2.000000,4.000000,0.000000,7.000000,15.000000,2.000000,5.000000,8097.000000,2266.000000,4820.000000,695.000000,601.000000,3.000000,
0.041184,0.065475,0.349791,0.062276,0.390226,-208932.333060,3.032999,2195607.000000,1874874.000000,3722527.000000,334752.000000,1282372.000000,1952.000000,539.000000,1146.000000,164.000000,144.000000,453.000000,125.000000,266.000000,38.000000,33.000000,2784.000000,769.000000,1633.000000,233.000000,205.000000,15.000000,8.000000,18.000000,3.000000,5.000000,0.000000,6.000000,12.000000,2.000000,4.000000,0.000000,7.000000,15.000000,2.000000,5.000000,8097.000000,2266.000000,4820.000000,695.000000,601.000000,3.000000,
0.040785,0.130355,0.366929,0.051509,0.317841,-209817.366788,3.035104,2195607.000000,1874874.000000,3722527.000000,334752.000000,1282372.000000,1952.000000,539.000000,1146.000000,164.000000,144.000000,453.000000,125.000000,266.000000,38.000000,33.000000,2784.000000,769.000000,1633.000000,233.000000,205.000000,15.000000,8.000000,18.000000,3.000000,5.000000,0.000000,6.000000,12.000000,2.000000,4.000000,0.000000,7.000000,15.000000,2.000000,5.000000,8097.000000,2266.000000,4820.000000,695.000000,601.000000,3.000000,
0.040785,0.130355,0.366929,0.051509,0.317841,-209817.366788,3.035104,2195607.000000,1874874.000000,3722527.000000,334752.000000,1282372.000000,1952.000000,539.000000,1146.000000,164.000000,144.000000,453.000000,125.000000,266.000000,38.000000,33.000000,2784.000000,769.000000,1633.000000,233.000000,205.000000,15.000000,8.000000,18.000000,3.000000,5.000000,0.000000,6.000000,12.000000,2.000000,4.000000,0.000000,7.000000,15.000000,2.000000,5.000000,8097.000000,2266.000000,4820.000000,695.000000,601.000000,3.000000,
0.040683,0.082571,0.372959,0.041242,0.350354,-210133.479823,3.038615,2195607.000000,1874874.000000,3722527.000000,334752.000000,1282372.000000,1952.000000,539.000000,1146.000000,164.000000,144.000000,453.000000,125.000000,266.000000,38.000000,33.000000,2784.000000,769.000000,1633.000000,233.000000,205.000000,15.000000,8.000000,18.000000,3.000000,5.000000,0.000000,6.000000,12.000000,2.000000,4.000000,0.000000,7.000000,15.000000,2.000000,5.000000,8097.000000,2266.000000,4820.000000,695.000000,601.000000,3.000000,
0.040373,0.153629,0.389459,0.044358,0.309221,-211010.828770,3.045516,2195607.000000,1874874.000000,3722527.000000,334752.000000,1282372.000000,1952.000000,539.000000,1146.000000,164.000000,144.000000,453.000000,125.000000,266.000000,38.000000,33.000000,2784.000000,769.000000,1633.000000,233.000000,205.000000,15.000000,8.000000,18.000000,3.000000,5.000000,0.000000,6.000000,12.000000,2.000000,4.000000,0.000000,7.000000,15.000000,2.000000,5.000000,8097.000000,2266.000000,4820.000000,695.000000,601.000000,3.000000,
0.040408,0.117398,0.391051,0.062147,0.282293,-211096.592081,3.051082,2195607.000000,1874874.000000,3722527.000000,334752.000000,1282372.000000,1952.000000,539.000000,1146.000000,164.000000,144.000000,453.000000,125.000000,266.000000,38.000000,33.000000,2784.000000,769.000000,1633.000000,233.000000,205.000000,15.000000,8.000000,18.000000,3.000000,5.000000,0.000000,6.000000,12.000000,2.000000,4.000000,0.000000,7.000000,15.000000,2.000000,5.000000,8097.000000,2266.000000,4820.000000,695.000000,601.000000,3.000000,
0.040408,0.117398,0.391051,0.062147,0.282293,-211096.592081,3.051082,2195607.000000,1874874.000000,3722527.000000,334752.000000,1282372.000000,1952.000000,539.000000,1146.000000,164.000000,144.000000,453.000000,125.000000,266.000000,38.000000,33.000000,2784.000000,769.000000,1633.000000,233.000000,205.000000,15.000000,8.000000,18.000000,3.000000,5.000000,0.000000,6.000000,12.000000,2.000000,4.000000,0.000000,7.000000,15.000000,2.000000,5.000000,8097.000000,2266.000000,4820.000000,695.000000,601.000000,3.000000,
0.040408,0.117398,0.391051,0.062147,0.282293,-211096.592081,3.051082,2195607.000000,1874874.000000,3722527.000000,334752.000000,1282372.000000,1952.000000,539.000000,1146.000000,164.000000,144.000000,453.000000,125.000000,266.000000,38.000000,33.000000,2784.000000,769.000000,1633.000000,233.000000,205.000000,15.000000,8.000000,18.000000,3.000000,5.000000,0.000000,6.000000,12.000000,2.000000,4.000000,0.000000,7.000000,15.000000,2.000000,5.000000,8097.000000,2266.000000,4820.000000,695.000000,601.000000,3.000000,
0.040408,0.117398,0.391051,0.062147,0.282293,-211096.592081,3.051082,2195607.000000,1874874.000000,3722527.000000,334752.000000,1282372.000000,1952.000000,539.000000,1146.000000,164.000000,144.000000,453.000000,125.000000,266.000000,38.000000,33.000000,2784.000000,769.000000,1633.000000,233.000000,205.000000,15.000000,8.000000,18.000000,3.000000,5.000000,0.000000,6.000000,12.000000,2.000000,4.000000,0.000000,7.000000,15.000000,2.000000,5.000000,8097.000000,2266.000000,4820.000000,695.000000,601.000000,3.000000,
0.040408,0.117398,0.391051,0.062147,0.282293,-211096.592081,3.051082,2195607.000000,1874874.000000,3722527.000000,334752.000000,1282372.000000,1952.000000,539.000000,1146.000000,164.000000,144.000000,453.000000,125.000000,266.000000,38.000000,33.000000,2784.000000,769.000000,1633.000000,233.000000,205.000000,15.000000,8.000000,18.000000,3.000000,5.000000,0.000000,6.000000,12.000000,2.000000,4.000000,0.000000,7.000000,15.000000,2.000000,5.000000,8097.000000,2266.000000,4820.000000,695.000000,601.000000,3.000000,
0.040408,0.117398,0.391051,0.062147,0.282293,-211096.592081,3.051082,2195607.000000,1874874.000000,3722527.000000,334752.000000,1282372.000000,1952.000000,539.000000,1146.000000,164.000000,144.000000,453.000000,125.000000,266.000000,38.000000,33.000000,2784.000000,769.000000,1633.000000,233.000000,205.000000,15.000000,8.000000,18.000000,3.000000,5.000000,0.000000,6.000000,12.000000,2.000000,4.000000,0.000000,7.000000,15.000000,2.000000,5.000000,8097.000000,2266.000000,4820.000000,695.000000,601.000000,3.000000,
0.040395,0.201637,0.394558,0.047489,0.351638,-211285.959138,3.056448,2195607.000000,1874874.000000,3722527.000000,334752.000000,1282372.000000,1952.000000,539.000000,1146.000000,164.000000,144.000000,453.000000,125.000000,266.000000,38.000000,33.000000,2784.000000,769.000000,1633.000000,233.000000,205.000000,15.000000,8.000000,18.000000,3.000000,5.000000,0.000000,6.000000,12.000000,2.000000,4.000000,0.000000,7.000000,15.000000,2.000000,5.000000,8097.000000,2266.000000,4820.000000,695.000000,601.000000,3.000000,
0.040395,0.201637,0.394558,0.047489,0.351638,-211285.959138,3.056448,2195607.000000,1874874.000000,3722527.000000,334752.000000,1282372.000000,1952.000000,539.000000,1146.000000,164.000000,144.000000,453.000000,125.000000,266.000000,38.000000,33.000000,2784.000000,769.000000,1633.000000,233.000000,205.000000,15.000000,8.000000,18.000000,3.000000,5.000000,0.000000,6.000000,12.000000,2.000000,4.000000,0.000000,7.000000,15.000000,2.000000,5.000000,8097.000000,2266.000000,4820.000000,695.000000,601.000000,3.000000,
0.040395,0.201637,0.394558,0.047489,0.351638,-211285.959138,3.056448,2195607.000000,1874874.000000,3722527.000000,334752.000000,1282372.000000,1952.000000,539.000000,1146.000000,164.000000,144.000000,453.000000,125.000000,266.000000,38.000000,33.000000,2784.000000,769.000000,1633.000000,233.000000,205.000000,15.000000,8.000000,18.000000,3.000000,5.000000,0.000000,6.000000,12.000000,2.000000,4.000000,0.000000,7.000000,15.000000,2.000000,5.000000,8097.000000,2266.000000,4820.000000,695.000000,601.000000,3.000000,
0.040427,0.378530,0.394756,0.057756,0.250731,-211296.761572,3.059270,2195607.000000,1874874.000000,3722527.000000,334752.000000,1282372.000000,1952.000000,539.000000,1146.000000,164.000000,144.000000,453.000000,125.000000,266.000000,38.000000,33.000000,2784.000000,769.000000,1633.000000,233.000000,205.000000,15.000000,8.000000,18.000000,3.000000,5.000000,0.000000,6.000000,12.000000,2.000000,4.000000,0.000000,7.000000,15.000000,2.000000,5.000000,8097.000000,2266.000000,4820.000000,695.000000,601.000000,3.000000,
0.040427,0.378530,0.394756,0.057756,0.250731,-211296.761572,3.059270,2195607.000000,1874874.000000,3722527.000000,334752.000000,1282372.000000,1952.000000,539.000000,1146.000000,164.000000,144.000000,453.000000,125.000000,266.000000,38.000000,33.000000,2784.000000,769.000000,1633.000000,233.000000,205.000000,15.000000,8.000000,18.000000,3.000000,5.000000,0.000000,6.000000,12.000000,2.000000,4.000000,0.000000,7.000000,15.000000,2.000000,5.000000,8097.000000,2266.000000,4820.000000,695.000000,601.000000,3.000000,
0.040427,0.378530,0.394756,0.057756,0.250731,-211296.761572,3.059270,2195607.000000,1874874.000000,3722527.000000,334752.000000,1282372.000000,1952.000000,539.000000,1146.000000,164.000000,144.000000,453.000000,125.000000,266.000000,38.000000,33.000000,2784.000000,769.000000,1633.000000,233.000000,205.000000,15.000000,8.000000,18.000000,3.000000,5.000000,0.000000,6.000000,12.000000,2.000000,4.000000,0.000000,7.000000,15.000000,2.000000,5.000000,8097.000000,2266.000000,4820.000000,695.000000,601.000000,3.000000,
0.040427,0.378530,0.394756,0.057756,0.250731,-211296.761572,3.059270,2195607.000000,1874874.000000,3722527.000000,334752.000000,1282372.000000,1952.000000,539.000000,1146.000000,164.000000,144.000000,453.000000,125.000000,266.000000,38.000000,33.000000,2784.000000,769.000000,1633.000000,233.000000,205.000000,15.000000,8.000000,18.000000,3.000000,5.000000,0.000000,6.000000,12.000000,2.000000,4.000000,0.000000,7.000000,15.000000,2.000000,5.000000,8097.000000,2266.000000,4820.000000,695.000000,601.000000,3.000000,
0.040689,0.502146,0.378988,0.039385,0.338141,-210452.164698,3.050165,2195607.000000,1874874.000000,3722527.000000,334752.000000,1282372.000000,1952.000000,539.000000,1146.000000,164.000000,144.000000,453.000000,125.000000,266.000000,38.000000,33.000000,2784.000000,769.000000,1633.000000,233.000000,205.000000,15.000000,8.000000,18.000000,3.000000,5.000000,0.000000,6.000000,12.000000,2.000000,4.000000,0.000000,7.000000,15.000000,2.000000,5.000000,8097.000000,2266.000000,4820.000000,695.000000,601.000000,3.000000,
0.040689,0.502146,0.378988,0.039385,0.338141,-210452.164698,3.050165,2195607.000000,1874874.000000,3722527.000000,334752.000000,1282372.000000,1952.000000,539.000000,1146.000000,164.000000,144.000000,453.000000,125.000000,266.000000,38.000000,33.000000,2784.000000,769.000000,1633.000000,233.000000,205.000000,15.000000,8.000000,18.000000,3.000000,5.000000,0.000000,6.000000,12.000000,2.000000,4.000000,0.000000,7.000000,15.000000,2.000000,5.000000,8097.000000,2266.000000,4820.000000,695.000000,601.000000,3.000000,
0.040500,0.574568,0.387338,0.056453,0.280349,-210897.200249,3.051253,2195607.000000,1874874.000000,3722527.000000,334752.000000,1282372.000000,1952.000000,539.000000,1146.000000,164.000000,144.000000,453.000000,125.000000,266.000000,38.000000,33.000000,2784.000000,769.000000,1633.000000,233.000000,205.000000,15.000000,8.000000,18.000000,3.000000,5.000000,0.000000,6.000000,12.000000,2.000000,4.000000,0.000000,7.000000,15.000000,2.000000,5.000000,8097.000000,2266.000000,4820.000000,695.000000,601.000000,3.000000,
0.040733,0.389880,0.374143,0.073285,0.292921,-210195.918800,3.044553,2195607.000000,1874874.000000,3722527.000000,334752.000000,1282372.000000,1952.000000,539.000000,1146.000000,164.000000,144.000000,453.000000,125.000000,266.000000,38.000000,33.000000,2784.000000,769.000000,1633.000000,233.000000,205.000000,15.000000,8.000000,18.000000,3.000000,5.000000,0.000000,6.000000,12.000000,2.000000,4.000000,0.000000,7.000000,15.000000,2.000000,5.000000,8097.000000,2266.000000,4820.000000,695.000000,601.000000,3.000000,
0.040733,0.389880,0.374143,0.073285,0.292921,-210195.918800,3.044553,2195607.000000,1874874.000000,3722527.000000,334752.000000,1282372.000000,1952.000000,539.000000,1146.000000,164.000000,144.000000,453.000000,125.000000,266.000000,38.000000,33.000000,2784.000000,769.000000,1633.000000,233.000000,205.000000,15.000000,8.000000,18.000000,3.000000,5.000000,0.000000,6.000000,12.000000,2.000000,4.000000,0.000000,7.000000,15.000000,2.000000,5.000000,8097.000000,2266.000000,4820.000000,695.000000,601.000000,3.000000,
0.040733,0.389880,0.374143,0.073285,0.292921,-210195.918800,3.044553,2195607.000000,1874874.000000,3722527.000000,334752.000000,1282372.000000,1952.000000,539.000000,1146.000000,164.000000,144.000000,453.000000,125.000000,266.000000,38.000000,33.000000,2784.000000,769.000000,1633.000000,233.000000,205.000000,15.000000,8.000000,18.000000,3.000000,5.000000,0.000000,6.000000,12.000000,2.000000,4.000000,0.000000,7.000000,15.000000,2.000000,5.000000,8097.000000,2266.000000,4820.000000,695.000000,601.000000,3.000000,
0.040733,0.389880,0.374143,0.073285,0.292921,-210195.918800,3.044553,2195607.000000,1874874.000000,3722527.000000,334752.000000,1282372.000000,1952.000000,539.000000,1146.000000,164.000000,144.000000,453.000000,125.000000,266.000000,38.000000,33.000000,2784.000000,769.000000,1633.000000,233.000000,205.000000,15.000000,8.000000,18.000000,3.000000,5.000000,0.000000,6.000000,12.000000,2.000000,4.000000,0.000000,7.000000,15.000000,2.000000,5.000000,8097.000000,2266.000000,4820.000000,695.000000,601.000000,3.000000,
0.040733,0.389880,0.374143,0.073285,0.292921,-210195.918800,3.044553,2195607.000000,1874874.000000,3722527.000000,334752.000000,1282372.000000,1952.000000,539.000000,1146.000000,164.000000,144.000000,453.000000,125.000000,266.000000,38.000000,33.000000,2784.000000,769.000000,1633.000000,233.000000,205.000000,15.000000,8.000000,18.000000,3.000000,5.000000,0.000000,6.000000,12.000000,2.000000,4.000000,0.000000,7.000000,15.000000,2.000000,5.000000,8097.000000,2266.000000,4820.000000,695.000000,601.000000,3.000000,
0.040733,0.389880,0.374143,0.073285,0.292921,-210195.918800,3.044553,2195607.000000,1874874.000000,3722527.000000,334752.000000,1282372.000000,1952.000000,539.000000,1146.000000,164.000000,144.000000,453.000000,125.000000,266.000000,38.000000,33.000000,2784.000000,769.000000,1633.000000,233.000000,205.000000,15.000000,8.000000,18.000000,3.000000,5.000000,0.000000,6.000000,12.000000,2.000000,4.000000,0.000000,7.000000,15.000000,2.000000,5.000000,8097.000000,2266.000000,4820.000000,695.000000,601.000000,3.000000,
0.040885,0.194973,0.361631,0.098280,0.259445,-209541.653763,3.032822,2195607.000000,1874874.000000,3722527.000000,334752.000000,1282372.000000,1952.000000,539.000000,1146.000000,164.000000,144.000000,453.000000,125.000000,266.000000,38.000000,33.000000,2784.000000,769.000000,1633.000000,233.000000,205.000000,15.000000,8.000000,18.000000,3.000000,5.000000,0.000000,6.000000,12.000000,2.000000,4.000000,0.000000,7.000000,15.000000,2.000000,5.000000,8097.000000,2266.000000,4820.000000,695.000000,601.000000,3.000000,
0.040885,0.194973,0.361631,0.098280,0.259445,-209541.653763,3.032822,2195607.000000,1874874.000000,3722527.000000,334752.000000,1282372.000000,1952.000000,539.000000,1146.000000,164.000000,144.000000,453.000000,125.000000,266.000000,38.000000,33.000000,2784.000000,769.000000,1633.000000,233.000000,205.000000,15.000000,8.000000,18.000000,3.000000,5.000000,0.000000,6.000000,12.000000,2.000000,4.000000,0.000000,7.000000,15.000000,2.000000,5.000000,8097.000000,2266.000000,4820.000000,695.000000,601.000000,3.000000,
0.040885,0.194973,0.361631,0.098280,0.259445,-209541.653763,3.032822,2195607.000000,1874874.000000,3722527.000000,334752.000000,1282372.000000,1952.000000,539.000000,1146.000000,164.000000,144.000000,453.000000,125.000000,266.000000,38.000000,33.000000,2784.000000,769.000000,1633.000000,233.000000,205.000000,15.000000,8.000000,18.000000,3.000000,5.000000,0.000000,6.000000,12.000000,2.000000,4.000000,0.000000,7.000000,15.000000,2.000000,5.000000,8097.000000,2266.000000,4820.000000,695.000000,601.000000,3.000000,
0.040457,0.403221,0.386639,0.126200,0.138199,-210859.617734,3.046700,2195607.000000,1874874.000000,3722527.000000,334752.000000,1282372.000000,1952.000000,539.000000,1146.000000,164.000000,144.000000,453.000000,125.000000,266.000000,38.000000,33.000000,2784.000000,769.000000,1633.000000,233.000000,205.000000,15.000000,8.000000,18.000000,3.000000,5.000000,0.000000,6.000000,12.000000,2.000000,4.000000,0.000000,7.000000,15.000000,2.000000,5.000000,8097.000000,2266.000000,4820.000000,695.000000,601.000000,3.000000,
0.040457,0.403221,0.386639,0.126200,0.138199,-210859.617734,3.046700,2195607.000000,1874874.000000,3722527.000000,334752.000000,1282372.000000,1952.000000,539.000000,1146.000000,164.000000,144.000000,453.000000,125.000000,266.000000,38.000000,33.000000,2784.000000,769.000000,1633.000000,233.000000,205.000000,15.000000,8.000000,18.000000,3.000000,5.000000,0.000000,6.000000,12.000000,2.000000,4.000000,0.000000,7.000000,15.000000,2.000000,5.000000,8097.000000,2266.000000,4820.000000,695.000000,601.000000,3.000000,
0.040457,0.403221,0.386639,0.126200,0.138199,-210859.617734,3.046700,2195607.000000,1874874.000000,3722527.000000,334752.000000,1282372.000000,1952.000000,539.000000,1146.000000,164.000000,144.000000,453.000000,125.000000,266.000000,38.000000,33.000000,2784.000000,769.000000,1633.000000,233.000000,205.000000,15.000000,8.000000,18.000000,3.000000,5.000000,0.000000,6.000000,12.000000,2.000000,4.000000,0.000000,7.000000,15.000000,2.000000,5.000000,8097.000000,2266.000000,4820.000000,695.000000,601.000000,3.000000,
0.041508,0.125769,0.328211,0.068115,0.450630,-207844.787924,3.016407,2195607.000000,1874874.000000,3722527.000000,334752.000000,1282372.000000,1952.000000,539.000000,1146.000000,164.000000,144.000000,453.000000,125.000000,266.000000,38.000000,33.000000,2784.000000,769.000000,1633.000000,233.000000,205.000000,15.000000,8.000000,18.000000,3.000000,5.000000,0.000000,6.000000,12.000000,2.000000,4.000000,0.000000,7.000000,15.000000,2.000000,5.000000,8097.000000,2266.000000,4820.000000,695.000000,601.000000,3.000000,
0.041508,0.125769,0.328211,0.068115,0.450630,-207844.787924,3.016407,2195607.000000,1874874.000000,3722527.000000,334752.000000,1282372.000000,1952.000000,539.000000,1146.000000,164.000000,144.000000,453.000000,125.000000,266.000000,38.000000,33.000000,2784.000000,769.000000,1633.000000,233.000000,205.000000,15.000000,8.000000,18.000000,3.000000,5.000000,0.000000,6.000000,12.000000,2.000000,4.000000,0.000000,7.000000,15.000000,2.000000,5.000000,8097.000000,2266.000000,4820.000000,695.000000,601.000000,3.000000,
0.041508,0.125769,0.328211,0.068115,0.450630,-207844.787924,3.016407,2195607.000000,1874874.000000,3722527.000000,334752.000000,1282372.000000,1952.000000,539.000000,1146.000000,164.000000,144.000000,453.000000,125.000000,266.000000,38.000000,33.000000,2784.000000,769.000000,1633.000000,233.000000,205.000000,15.000000,8.000000,18.000000,3.000000,5.000000,0.000000,6.000000,12.000000,2.000000,4.000000,0.000000,7.000000,15.000000,2.000000,5.000000,8097.000000,2266.000000,4820.000000,695.000000,601.000000,3.000000,
0.041508,0.125769,0.328211,0.068115,0.450630,-207844.787924,3.016407,2195607.000000,1874874.000000,3722527.000000,334752.000000,1282372.000000,1952.000000,539.000000,1146.000000,164.000000,144.000000,453.000000,125.000000,266.000000,38.000000,33.000000,2784.000000,769.000000,1633.000000,233.000000,205.000000,15.000000,8.000000,18.000000,3.000000,5.000000,0.000000,6.000000,12.000000,2.000000,4.000000,0.000000,7.000000,15.000000,2.000000,5.000000,8097.000000,2266.000000,4820.000000,695.000000,601.000000,3.000000,
0.041469,0.488409,0.331547,0.099232,0.346138,-208011.002260,3.019836,2195607.000000,1874874.000000,3722527.000000,334752.000000,1282372.000000,1952.000000,539.000000,1146.000000,164.000000,144.000000,453.000000,125.000000,266.000000,38.000000,33.000000,2784.000000,769.000000,1633.000000,233.000000,205.000000,15.000000,8.000000,18.000000,3.000000,5.000000,0.000000,6.000000,12.000000,2.000000,4.000000,0.000000,7.000000,15.000000,2.000000,5.000000,8097.000000,2266.000000,4820.000000,695.000000,601.000000,3.000000,
0.041469,0.488409,0.331547,0.099232,0.346138,-208011.002260,3.019836,2195607.000000,1874874.000000,3722527.000000,334752.000000,1282372.000000,1952.000000,539.000000,1146.000000,164.000000,144.000000,453.000000,125.000000,266.000000,38.000000,33.000000,2784.000000,769.000000,1633.000000,233.000000,205.000000,15.000000,8.000000,18.000000,3.000000,5.000000,0.000000,6.000000,12.000000,2.000000,4.000000,0.000000,7.000000,15.000000,2.000000,5.000000,8097.000000,2266.000000,4820.000000,695.000000,601.000000,3.000000,
0.041469,0.488409,0.331547,0.099232,0.346138,-208011.002260,3.019836,2195607.000000,1874874.000000,3722527.000000,334752.000000,1282372.000000,1952.000000,539.000000,1146.000000,164.000000,144.000000,453.000000,125.000000,266.000000,38.000000,33.000000,2784.000000,769.000000,1633.000000,233.000000,205.000000,15.000000,8.000000,18.000000,3.000000,5.000000,0.000000,6.000000,12.000000,2.000000,4.000000,0.000000,7.000000,15.000000,2.000000,5.000000,8097.000000,2266.000000,4820.000000,695.000000,601.000000,3.000000,
0.041591,0.306519,0.326073,0.080072,0.394252,-207738.787164,3.018431,2195607.000000,1874874.000000,3722527.000000,334752.000000,1282372.000000,1952.000000,539.000000,1146.000000,164.000000,144.000000,453.000000,125.000000,266.000000,38.000000,33.000000,2784.000000,769.000000,1633.000000,233.000000,205.000000,15.000000,8.000000,18.000000,3.000000,5.000000,0.000000,6.000000,12.000000,2.000000,4.000000,0.000000,7.000000,15.000000,2.000000,5.000000,8097.000000,2266.000000,4820.000000,695.000000,601.000000,3.000000,
0.041591,0.306519,0.326073,0.080072,0.394252,-207738.787164,3.018431,2195607.000000,1874874.000000,3722527.000000,334752.000000,1282372.000000,1952.000000,539.000000,1146.000000,164.000000,144.000000,453.000000,125.000000,266.000000,38.000000,33.000000,2784.000000,769.000000,1633.000000,233.000000,205.000000,15.000000,8.000000,18.000000,3.000000,5.000000,0.000000,6.000000,12.000000,2.000000,4.000000,0.000000,7.000000,15.000000,2.000000,5.000000,8097.000000,2266.000000,4820.000000,695.000000,601.000000,3.000000,
0.041503,0.413130,0.330510,0.067348,0.375478,-207959.312553,3.020308,2195607.000000,1874874.000000,3722527.000000,334752.000000,1282372.000000,1952.000000,539.000000,1146.000000,164.000000,144.000000,453.000000,125.000000,266.000000,38.000000,33.000000,2784.000000,769.000000,1633.000000,233.000000,205.000000,15.000000,8.000000,18.000000,3.000000,5.000000,0.000000,6.000000,12.000000,2.000000,4.000000,0.000000,7.000000,15.000000,2.000000,5.000000,8097.000000,2266.000000,4820.000000,695.000000,601.000000,3.000000,
0.041503,0.413130,0.330510,0.067348,0.375478,-207959.312553,3.020308,2195607.000000,1874874.000000,3722527.000000,334752.000000,1282372.000000,1952.000000,539.000000,1146.000000,164.000000,144.000000,453.000000,125.000000,266.000000,38.000000,33.000000,2784.000000,769.000000,1633.000000,233.000000,205.000000,15.000000,8.000000,18.000000,3.000000,5.000000,0.000000,6.000000,12.000000,2.000000,4.000000,0.000000,7.000000,15.000000,2.000000,5.000000,8097.000000,2266.000000,4820.000000,695.000000,601.000000,3.000000,
0.041503,0.413130,0.330510,0.067348,0.375478,-207959.312553,3.020308,2195607.000000,1874874.000000,3722527.000000,334752.000000,1282372.000000,1952.000000,539.000000,1146.000000,164.000000,144.000000,453.000000,125.000000,266.000000,38.000000,33.000000,2784.000000,769.000000,1633.000000,233.000000,205.000000,15.000000,8.000000,18.000000,3.000000,5.000000,0.000000,6.000000,12.000000,2.000000,4.000000,0.000000,7.000000,15.000000,2.000000,5.000000,8097.000000,2266.000000,4820.000000,695.000000,601.000000,3.000000,
0.041461,0.620529,0.334427,0.075170,0.369370,-208155.108654,3.024591,2195607.000000,1874874.000000,3722527.000000,334752.000000,1282372.000000,1952.000000,539.000000,1146.000000,164.000000,144.000000,453.000000,125.000000,266.000000,38.000000,33.000000,2784.000000,769.000000,1633.000000,233.000000,205.000000,15.000000,8.000000,18.000000,3.000000,5.000000,0.000000,6.000000,12.000000,2.000000,4.000000,0.000000,7.000000,15.000000,2.000000,5.000000,8097.000000,2266.000000,4820.000000,695.000000,601.000000,3.000000,
0.041268,0.336751,0.344678,0.063066,0.401143,-208671.963531,3.029651,2195607.000000,1874874.000000,3722527.000000,334752.000000,1282372.000000,1952.000000,539.000000,1146.000000,164.000000,144.000000,453.000000,125.000000,266.000000,38.000000,33.000000,2784.000000,769.000000,1633.000000,233.000000,205.000000,15.000000,8.000000,18.000000,3.000000,5.000000,0.000000,6.000000,12.000000,2.000000,4.000000,0.000000,7.000000,15.000000,2.000000,5.000000,8097.000000,2266.000000,4820.000000,695.000000,601.000000,3.000000,
0.041268,0.336751,0.344678,0.063066,0.401143,-208671.963531,3.029651,2195607.000000,1874874.000000,3722527.000000,334752.000000,1282372.000000,1952.000000,539.000000,1146.000000,164.000000,144.000000,453.000000,125.000000,266.000000,38.000000,33.000000,2784.000000,769.000000,1633.000000,233.000000,205.000000,15.000000,8.000000,18.000000,3.000000,5.000000,0.000000,6.000000,12.000000,2.000000,4.000000,0.000000,7.000000,15.000000,2.000000,5.000000,8097.000000,2266.000000,4820.000000,695.000000,601.000000,3.000000,
0.041343,0.495981,0.338275,0.070671,0.453389,-208348.232726,3.023207,2195607.000000,1874874.000000,3722527.000000,334752.000000,1282372.000000,1952.000000,539.000000,1146.000000,164.000000,144.000000,453.000000,125.000000,266.000000,38.000000,33.000000,2784.000000,769.000000,1633.000000,233.000000,205.000000,15.000000,8.000000,18.000000,3.000000,5.000000,0.000000,6.000000,12.000000,2.000000,4.000000,0.000000,7.000000,15.000000,2.000000,5.000000,8097.000000,2266.000000,4820.000000,695.000000,601.000000,3.000000,
0.041343,0.495981,0.338275,0.070671,0.453389,-208348.232726,3.023207,2195607.000000,1874874.000000,3722527.000000,334752.000000,1282372.000000,1952.000000,539.000000,1146.000000,164.000000,144.000000,453.000000,125.000000,266.000000,38.000000,33.000000,2784.000000,769.000000,1633.000000,233.000000,205.000000,15.000000,8.000000,18.000000,3.000000,5.000000,0.000000,6.000000,12.000000,2.000000,4.000000,0.000000,7.000000,15.000000,2.000000,5.000000,8097.000000,2266.000000,4820.000000,695.000000,601.000000,3.000000,
0.041343,0.495981,0.338275,0.070671,0.453389,-208348.232726,3.023207,2195607.000000,1874874.000000,3722527.000000,334752.000000,1282372.000000,1952.000000,539.000000,1146.000000,164.000000,144.000000,453.000000,125.000000,266.000000,38.000000,33.000000,2784.000000,769.000000,1633.000000,233.000000,205.000000,15.000000,8.000000,18.000000,3.000000,5.000000,0.000000,6.000000,12.000000,2.000000,4.000000,0.000000,7.000000,15.000000,2.000000,5.000000,8097.000000,2266.000000,4820.000000,695.000000,601.000000,3.000000,
0.041343,0.495981,0.338275,0.070671,0.453389,-208348.232726,3.023207,2195607.000000,1874874.000000,3722527.000000,334752.000000,1282372.000000,1952.000000,539.000000,1146.000000,164.000000,144.000000,453.000000,125.000000,266.000000,38.000000,33.000000,2784.000000,769.000000,1633.000000,233.000000,205.000000,15.000000,8.000000,18.000000,3.000000,5.000000,0.000000,6.000000,12.000000,2.000000,4.000000,0.000000,7.000000,15.000000,2.000000,5.000000,8097.000000,2266.000000,4820.000000,695.000000,601.000000,3.000000,
0.041343,0.495981,0.338275,0.070671,0.453389,-208348.232726,3.023207,2195607.000000,1874874.000000,3722527.000000,334752.000000,1282372.000000,1952.000000,539.000000,1146.000000,164.000000,144.000000,453.000000,125.000000,266.000000,38.000000,33.000000,2784.000000,769.000000,1633.000000,233.000000,205.000000,15.000000,8.000000,18.000000,3.000000,5.000000,0.000000,6.000000,12.000000,2.000000,4.000000,0.000000,7.000000,15.000000,2.000000,5.000000,8097.000000,2266.000000,4820.000000,695.000000,601.000000,3.000000,
0.041382,0.378270,0.337233,0.070427,0.455016,-208295.870397,3.024084,2195607.000000,1874874.000000,3722527.000000,334752.000000,1282372.000000,1952.000000,539.000000,1146.000000,164.000000,144.000000,453.000000,125.000000,266.000000,38.000000,33.000000,2784.000000,769.000000,1633.000000,233.000000,205.000000,15.000000,8.000000,18.000000,3.000000,5.000000,0.000000,6.000000,12.000000,2.000000,4.000000,0.000000,7.000000,15.000000,2.000000,5.000000,8097.000000,2266.000000,4820.000000,695.000000,601.000000,3.000000,
0.041382,0.378270,0.337233,0.070427,0.455016,-208295.870397,3.024084,2195607.000000,1874874.000000,3722527.000000,334752.000000,1282372.000000,1952.000000,539.000000,1146.000000,164.000000,144.000000,453.000000,125.000000,266.000000,38.000000,33.000000,2784.000000,769.000000,1633.000000,233.000000,205.000000,15.000000,8.000000,18.000000,3.000000,5.000000,0.000000,6.000000,12.000000,2.000000,4.000000,0.000000,7.000000,15.000000,2.000000,5.000000,8097.000000,2266.000000,4820.000000,695.000000,601.000000,3.000000,
0.041382,0.378270,0.337233,0.070427,0.455016,-208295.870397,3.024084,2195607.000000,1874874.000000,3722527.000000,334752.000000,1282372.000000,1952.000000,539.000000,1146.000000,164.000000,144.000000,453.000000,125.000000,266.000000,38.000000,33.000000,2784.000000,769.000000,1633.000000,233.000000,205.000000,15.000000,8.000000,18.000000,3.000000,5.000000,0.000000,6.000000,12.000000,2.000000,4.000000,0.000000,7.000000,15.000000,2.000000,5.000000,8097.000000,2266.000000,4820.000000,695.000000,601.000000,3.000000,
0.041382,0.378270,0.337233,0.070427,0.455016,-208295.870397,3.024084,2195607.000000,1874874.000000,3722527.000000,334752.000000,1282372.000000,1952.000000,539.000000,1146.000000,164.000000,144.000000,453.000000,125.000000,266.000000,38.000000,33.000000,2784.000000,769.000000,1633.000000,233.000000,205.000000,15.000000,8.000000,18.000000,3.000000,5.000000,0.000000,6.000000,12.000000,2.000000,4.000000,0.000000,7.000000,15.000000,2.000000,5.000000,8097.000000,2266.000000,4820.000000,695.000000,601.000000,3.000000,
0.041471,0.573608,0.333579,0.075989,0.440662,-208112.602414,3.023793,2195607.000000,1874874.000000,3722527.000000,334752.000000,1282372.000000,1952.000000,539.000000,1146.000000,164.000000,144.000000,453.000000,125.000000,266.000000,38.000000,33.000000,2784.000000,769.000000,1633.000000,233.000000,205.000000,15.000000,8.000000,18.000000,3.000000,5.000000,0.000000,6.000000,12.000000,2.000000,4.000000,0.000000,7.000000,15.000000,2.000000,5.000000,8097.000000,2266.000000,4820.000000,695.000000,601.000000,3.000000,
0.041471,0.573608,0.333579,0.075989,0.440662,-208112.602414,3.023793,2195607.000000,1874874.000000,3722527.000000,334752.000000,1282372.000000,1952.000000,539.000000,1146.000000,164.000000,144.000000,453.000000,125.000000,266.000000,38.000000,33.000000,2784.000000,769.000000,1633.000000,233.000000,205.000000,15.000000,8.000000,18.000000,3.000000,5.000000,0.000000,6.000000,12.000000,2.000000,4.000000,0.000000,7.000000,15.000000,2.000000,5.000000,8097.000000,2266.000000,4820.000000,695.000000,601.000000,3.000000,
0.041471,0.573608,0.333579,0.075989,0.440662,-208112.602414,3.023793,2195607.000000,1874874.000000,3722527.000000,334752.000000,1282372.000000,1952.000000,539.000000,1146.000000,164.000000,144.000000,453.000000,125.000000,266.000000,38.000000,33.000000,2784.000000,769.000000,1633.000000,233.000000,205.000000,15.000000,8.000000,18.000000,3.000000,5.000000,0.000000,6.000000,12.000000,2.000000,4.000000,0.000000,7.000000,15.000000,2.000000,5.000000,8097.000000,2266.000000,4820.000000,695.000000,601.000000,3.000000,
0.041471,0.573608,0.333579,0.075989,0.440662,-208112.602414,3.023793,2195607.000000,1874874.000000,3722527.000000,334752.000000,1282372.000000,1952.000000,539.000000,1146.000000,164.000000,144.000000,453.000000,125.000000,266.000000,38.000000,33.000000,2784.000000,769.000000,1633.000000,233.000000,205.000000,15.000000,8.000000,18.000000,3.000000,5.000000,0.000000,6.000000,12.000000,2.000000,4.000000,0.000000,7.000000,15.000000,2.000000,5.000000,8097.000000,2266.000000,4820.000000,695.000000,601.000000,3.000000,
0.041471,0.573608,0.333579,0.075989,0.440662,-208112.602414,3.023793,2195607.000000,1874874.000000,3722527.000000,334752.000000,1282372.000000,1952.000000,539.000000,1146.000000,164.000000,144.000000,453.000000,125.000000,266.000000,38.000000,33.000000,2784.000000,769.000000,1633.000000,233.000000,205.000000,15.000000,8.000000,18.000000,3.000000,5.000000,0.000000,6.000000,12.000000,2.000000,4.000000,0.000000,7.000000,15.000000,2.000000,5.000000,8097.000000,2266.000000,4820.000000,695.000000,601.000000,3.000000,
0.041471,0.573608,0.333579,0.075989,0.440662,-208112.602414,3.023793,2195607.000000,1874874.000000,3722527.000000,334752.000000,1282372.000000,1952.000000,539.000000,1146.000000,164.000000,144.000000,453.000000,125.000000,266.000000,38.000000,33.000000,2784.000000,769.000000,1633.000000,233.000000,205.000000,15.000000,8.000000,18.000000,3.000000,5.000000,0.000000,6.000000,12.000000,2.000000,4.000000,0.000000,7.000000,15.000000,2.000000,5.000000,8097.000000,2266.000000,4820.000000,695.000000,601.000000,3.000000,
0.041471,0.573608,0.333579,0.075989,0.440662,-208112.602414,3.023793,2195607.000000,1874874.000000,3722527.000000,334752.000000,1282372.000000,1952.000000,539.000000,1146.000000,164.000000,144.000000,453.000000,125.000000,266.000000,38.000000,33.000000,2784.000000,769.000000,1633.000000,233.000000,205.000000,15.000000,8.000000,18.000000,3.000000,5.000000,0.000000,6.000000,12.000000,2.000000,4.000000,0.000000,7.000000,15.000000,2.000000,5.000000,8097.000000,2266.000000,4820.000000,695.000000,601.000000,3.000000,
0.041471,0.573608,0.333579,0.075989,0.440662,-208112.602414,3.023793,2195607.000000,1874874.000000,3722527.000000,334752.000000,1282372.000000,1952.000000,539.000000,1146.000000,164.000000,144.000000,453.000000,125.000000,266.000000,38.000000,33.000000,2784.000000,769.000000,1633.000000,233.000000,205.000000,15.000000,8.000000,18.000000,3.000000,5.000000,0.000000,6.000000,12.000000,2.000000,4.000000,0.000000,7.000000,15.000000,2.000000,5.000000,8097.000000,2266.000000,4820.000000,695.000000,601.000000,3.000000,
0.041471,0.573608,0.333579,0.075989,0.440662,-208112.602414,3.023793,2195607.000000,1874874.000000,3722527.000000,334752.000000,1282372.000000,1952.000000,539.000000,1146.000000,164.000000,144.000000,453.000000,125.000000,266.000000,38.000000,33.000000,2784.000000,769.000000,1633.000000,233.000000,205.000000,15.000000,8.000000,18.000000,3.000000,5.000000,0.000000,6.000000,12.000000,2.000000,4.000000,0.000000,7.000000,15.000000,2.000000,5.000000,8097.000000,2266.000000,4820.000000,695.000000,601.000000,3.000000,
0.041471,0.573608,0.333579,0.075989,0.440662,-208112.602414,3.023793,2195607.000000,1874874.000000,3722527.000000,334752.000000,1282372.000000,1952.000000,539.000000,1146.000000,164.000000,144.000000,453.000000,125.000000,266.000000,38.000000,33.000000,2784.000000,769.000000,1633.000000,233.000000,205.000000,15.000000,8.000000,18.000000,3.000000,5.000000,0.000000,6.000000,12.000000,2.000000,4.000000,0.000000,7.000000,15.000000,2.000000,5.000000,8097.000000,2266.000000,4820.000000,695.000000,601.000000,3.000000,
0.041471,0.573608,0.333579,0.075989,0.440662,-208112.602414,3.023793,2195607.000000,1874874.000000,3722527.000000,334752.000000,1282372.000000,1952.000000,539.000000,1146.000000,164.000000,144.000000,453.000000,125.000000,266.000000,38.000000,33.000000,2784.000000,769.000000,1633.000000,233.000000,205.000000,15.000000,8.000000,18.000000,3.000000,5.000000,0.000000,6.000000,12.000000,2.000000,4.000000,0.000000,7.000000,15.000000,2.000000,5.000000,8097.000000,2266.000000,4820.000000,695.000000,601.000000,3.000000,
0.041434,0.860030,0.335551,0.104661,0.353428,-208211.416325,3.024760,2195607.000000,1874874.000000,3722527.000000,334752.000000,1282372.000000,1952.000000,539.000000,1146.000000,164.000000,144.000000,453.000000,125.000000,266.000000,38.000000,33.000000,2784.000000,769.000000,1633.000000,233.000000,205.000000,15.000000,8.000000,18.000000,3.000000,5.000000,0.000000,6.000000,12.000000,2.000000,4.000000,0.000000,7.000000,15.000000,2.000000,5.000000,8097.000000,2266.000000,4820.000000,695.000000,601.000000,3.000000,
0.041434,0.860030,0.335551,0.104661,0.353428,-208211.416325,3.024760,2195607.000000,1874874.000000,3722527.000000,334752.000000,1282372.000000,1952.000000,539.000000,1146.000000,164.000000,144.000000,453.000000,125.000000,266.000000,38.000000,33.000000,2784.000000,769.000000,1633.000000,233.000000,205.000000,15.000000,8.000000,18.000000,3.000000,5.000000,0.000000,6.000000,12.000000,2.000000,4.000000,0.000000,7.000000,15.000000,2.000000,5.000000,8097.000000,2266.000000,4820.000000,695.000000,601.000000,3.000000,
0.041434,0.860030,0.335551,0.104661,0.353428,-208211.416325,3.024760,2195607.000000,1874874.000000,3722527.000000,334752.000000,1282372.000000,1952.000000,539.000000,1146.000000,164.000000,144.000000,453.000000,125.000000,266.000000,38.000000,33.000000,2784.000000,769.000000,1633.000000,233.000000,205.000000,15.000000,8.000000,18.000000,3.000000,5.000000,0.000000,6.000000,12.000000,2.000000,4.000000,0.000000,7.000000,15.000000,2.000000,5.000000,8097.000000,2266.000000,4820.000000,695.000000,601.000000,3.000000,
0.041434,0.860030,0.335551,0.104661,0.353428,-208211.416325,3.024760,2195607.000000,1874874.000000,3722527.000000,334752.000000,1282372.000000,1952.000000,539.000000,1146.000000,164.000000,144.000000,453.000000,125.000000,266.000000,38.000000,33.000000,2784.000000,769.000000,1633.000000,233.000000,205.000000,15.000000,8.000000,18.000000,3.000000,5.000000,0.000000,6.000000,12.000000,2.000000,4.000000,0.000000,7.000000,15.000000,2.000000,5.000000,8097.000000,2266.000000,4820.000000,695.000000,601.000000,3.000000,
0.041434,0.860030,0.335551,0.104661,0.353428,-208211.416325,3.024760,2195607.000000,1874874.000000,3722527.000000,334752.000000,1282372.000000,1952.000000,539.000000,1146.000000,164.000000,144.000000,453.000000,125.000000,266.000000,38.000000,33.000000,2784.000000,769.000000,1633.000000,233.000000,205.000000,15.000000,8.000000,18.000000,3.000000,5.000000,0.000000,6.000000,12.000000,2.000000,4.000000,0.000000,7.000000,15.000000,2.000000,5.000000,8097.000000,2266.000000,4820.000000,695.000000,601.000000,3.000000,
0.041550,0.579317,0.334217,0.074347,0.348333,-208144.719162,3.030710,2195607.000000,1874874.000000,3722527.000000,334752.000000,1282372.000000,1952.000000,539.000000,1146.000000,164.000000,144.000000,453.000000,125.000000,266.000000,38.000000,33.000000,2784.000000,769.000000,1633.000000,233.000000,205.000000,15.000000,8.000000,18.000000,3.000000,5.000000,0.000000,6.000000,12.000000,2.000000,4.000000,0.000000,7.000000,15.000000,2.000000,5.000000,8097.000000,2266.000000,4820.000000,695.000000,601.000000,3.000000,
0.041550,0.579317,0.334217,0.074347,0.348333,-208144.719162,3.030710,2195607.000000,1874874.000000,3722527.000000,334752.000000,1282372.000000,1952.000000,539.000000,1146.000000,164.000000,144.000000,453.000000,125.000000,266.000000,38.000000,33.000000,2784.000000,769.000000,1633.000000,233.000000,205.000000,15.000000,8.000000,18.000000,3.000000,5.000000,0.000000,6.000000,12.000000,2.000000,4.000000,0.000000,7.000000,15.000000,2.000000,5.000000,8097.000000,2266.000000,4820.000000,695.000000,601.000000,3.000000,
0.041550,0.579317,0.334217,0.074347,0.348333,-208144.719162,3.030710,2195607.000000,1874874.000000,3722527.000000,334752.000000,1282372.000000,1952.000000,539.000000,1146.000000,164.000000,144.000000,453.000000,125.000000,266.000000,38.000000,33.000000,2784.000000,769.000000,1633.000000,233.000000,205.000000,15.000000,8.000000,18.000000,3.000000,5.000000,0.000000,6.000000,12.000000,2.000000,4.000000,0.000000,7.000000,15.000000,2.000000,5.000000,8097.000000,2266.000000,4820.000000,695.000000,601.000000,3.000000,
0.041435,0.254772,0.340625,0.106650,0.290346,-208467.000154,3.034292,2195607.000000,1874874.000000,3722527.000000,334752.000000,1282372.000000,1952.000000,539.000000,1146.000000,164.000000,144.000000,453.000000,125.000000,266.000000,38.000000,33.000000,2784.000000,769.000000,1633.000000,233.000000,205.000000,15.000000,8.000000,18.000000,3.000000,5.000000,0.000000,6.000000,12.000000,2.000000,4.000000,0.000000,7.000000,15.000000,2.000000,5.000000,8097.000000,2266.000000,4820.000000,695.000000,601.000000,3.000000,
0.041435,0.254772,0.340625,0.106650,0.290346,-208467.000154,3.034292,2195607.000000,1874874.000000,3722527.000000,334752.000000,1282372.000000,1952.000000,539.000000,1146.000000,164.000000,144.000000,453.000000,125.000000,266.000000,38.000000,33.000000,2784.000000,769.000000,1633.000000,233.000000,205.000000,15.000000,8.000000,18.000000,3.000000,5.000000,0.000000,6.000000,12.000000,2.000000,4.000000,0.000000,7.000000,15.000000,2.000000,5.000000,8097.000000,2266.000000,4820.000000,695.000000,601.000000,3.000000,
0.041435,0.254772,0.340625,0.106650,0.290346,-208467.000154,3.034292,2195607.000000,1874874.000000,3722527.000000,334752.000000,1282372.000000,1952.000000,539.000000,1146.000000,164.000000,144.000000,453.000000,125.000000,266.000000,38.000000,33.000000,2784.000000,769.000000,1633.000000,233.000000,205.000000,15.000000,8.000000,18.000000,3.000000,5.000000,0.000000,6.000000,12.000000,2.000000,4.000000,0.000000,7.000000,15.000000,2.000000,5.000000,8097.000000,2266.000000,4820.000000,695.000000,601.000000,3.000000,
0.041487,0.305414,0.336451,0.098865,0.363411,-208256.725293,3.030334,2195607.000000,1874874.000000,3722527.000000,334752.000000,1282372.000000,1952.000000,539.000000,1146.000000,164.000000,144.000000,453.000000,125.000000,266.000000,38.000000,33.000000,2784.000000,769.000000,1633.000000,233.000000,205.000000,15.000000,8.000000,18.000000,3.000000,5.000000,0.000000,6.000000,12.000000,2.000000,4.000000,0.000000,7.000000,15.000000,2.000000,5.000000,8097.000000,2266.000000,4820.000000,695.000000,601.000000,3.000000,
0.041421,0.418854,0.341675,0.130083,0.201835,-208520.042813,3.035274,2195607.000000,1874874.000000,3722527.000000,334752.000000,1282372.000000,1952.000000,539.000000,1146.000000,164.000000,144.000000,453.000000,125.000000,266.000000,38.000000,33.000000,2784.000000,769.000000,1633.000000,233.000000,205.000000,15.000000,8.000000,18.000000,3.000000,5.000000,0.000000,6.000000,12.000000,2.000000,4.000000,0.000000,7.000000,15.000000,2.000000,5.000000,8097.000000,2266.000000,4820.000000,695.000000,601.000000,3.000000,
0.041421,0.418854,0.341675,0.130083,0.201835,-208520.042813,3.035274,2195607.000000,1874874.000000,3722527.000000,334752.000000,1282372.000000,1952.000000,539.000000,1146.000000,164.000000,144.000000,453.000000,125.000000,266.000000,38.000000,33.000000,2784.000000,769.000000,1633.000000,233.000000,205.000000,15.000000,8.000000,18.000000,3.000000,5.000000,0.000000,6.000000,12.000000,2.000000,4.000000,0.000000,7.000000,15.000000,2.000000,5.000000,8097.000000,2266.000000,4820.000000,695.000000,601.000000,3.000000,
0.041245,0.395120,0.350927,0.149572,0.177819,-208990.611931,3.039595,2195607.000000,1874874.000000,3722527.000000,334752.000000,1282372.000000,1952.000000,539.000000,1146.000000,164.000000,144.000000,453.000000,125.000000,266.000000,38.000000,33.000000,2784.000000,769.000000,1633.000000,233.000000,205.000000,15.000000,8.000000,18.000000,3.000000,5.000000,0.000000,6.000000,12.000000,2.000000,4.000000,0.000000,7.000000,15.000000,2.000000,5.000000,8097.000000,2266.000000,4820.000000,695.000000,601.000000,3.000000,
0.041245,0.395120,0.350927,0.149572,0.177819,-208990.611931,3.039595,2195607.000000,1874874.000000,3722527.000000,334752.000000,1282372.000000,1952.000000,539.000000,1146.000000,164.000000,144.000000,453.000000,125.000000,266.000000,38.000000,33.000000,2784.000000,769.000000,1633.000000,233.000000,205.000000,15.000000,8.000000,18.000000,3.000000,5.000000,0.000000,6.000000,12.000000,2.000000,4.000000,0.000000,7.000000,15.000000,2.000000,5.000000,8097.000000,2266.000000,4820.000000,695.000000,601.000000,3.000000,
0.041341,0.365815,0.346159,0.108109,0.201030,-208747.412258,3.037750,2195607.000000,1874874.000000,3722527.000000,334752.000000,1282372.000000,1952.000000,539.000000,1146.000000,164.000000,144.000000,453.000000,125.000000,266.000000,38.000000,33.000000,2784.000000,769.000000,1633.000000,233.000000,205.000000,15.000000,8.000000,18.000000,3.000000,5.000000,0.000000,6.000000,12.000000,2.000000,4.000000,0.000000,7.000000,15.000000,2.000000,5.000000,8097.000000,2266.000000,4820.000000,695.000000,601.000000,3.000000,
0.040888,0.464435,0.372621,0.016018,0.449974,-210116.083896,3.053278,2195607.000000,1874874.000000,3722527.000000,334752.000000,1282372.000000,1952.000000,539.000000,1146.000000,164.000000,144.000000,453.000000,125.000000,266.000000,38.000000,33.000000,2784.000000,769.000000,1633.000000,233.000000,205.000000,15.000000,8.000000,18.000000,3.000000,5.000000,0.000000,6.000000,12.000000,2.000000,4.000000,0.000000,7.000000,15.000000,2.000000,5.000000,8097.000000,2266.000000,4820.000000,695.000000,601.000000,3.000000,
0.040888,0.464435,0.372621,0.016018,0.449974,-210116.083896,3.053278,2195607.000000,1874874.000000,3722527.000000,334752.000000,1282372.000000,1952.000000,539.000000,1146.000000,164.000000,144.000000,453.000000,125.000000,266.000000,38.000000,33.000000,2784.000000,769.000000,1633.000000,233.000000,205.000000,15.000000,8.000000,18.000000,3.000000,5.000000,0.000000,6.000000,12.000000,2.000000,4.000000,0.000000,7.000000,15.000000,2.000000,5.000000,8097.000000,2266.000000,4820.000000,695.000000,601.000000,3.000000,
0.040888,0.464435,0.372621,0.016018,0.449974,-210116.083896,3.053278,2195607.000000,1874874.000000,3722527.000000,334752.000000,1282372.000000,1952.000000,539.000000,1146.000000,164.000000,144.000000,453.000000,125.000000,266.000000,38.000000,33.000000,2784.000000,769.000000,1633.000000,233.000000,205.000000,15.000000,8.000000,18.000000,3.000000,5.000000,0.000000,6.000000,12.000000,2.000000,4.000000,0.000000,7.000000,15.000000,2.000000,5.000000,8097.000000,2266.000000,4820.000000,695.000000,601.000000,3.000000,
0.040888,0.464435,0.372621,0.016018,0.449974,-210116.083896,3.053278,2195607.000000,1874874.000000,3722527.000000,334752.000000,1282372.000000,1952.000000,539.000000,1146.000000,164.000000,144.000000,453.000000,125.000000,266.000000,38.000000,33.000000,2784.000000,769.000000,1633.000000,233.000000,205.000000,15.000000,8.000000,18.000000,3.000000,5.000000,0.000000,6.000000,12.000000,2.000000,4.000000,0.000000,7.000000,15.000000,2.000000,5.000000,8097.000000,2266.000000,4820.000000,695.000000,601.000000,3.000000,
0.040888,0.464435,0.372621,0.016018,0.449974,-210116.083896,3.053278,2195607.000000,1874874.000000,3722527.000000,334752.000000,1282372.000000,1952.000000,539.000000,1146.000000,164.000000,144.000000,453.000000,125.000000,266.000000,38.000000,33.000000,2784.000000,769.000000,1633.000000,233.000000,205.000000,15.000000,8.000000,18.000000,3.000000,5.000000,0.000000,6.000000,12.000000,2.000000,4.000000,0.000000,7.000000,15.000000,2.000000,5.000000,8097.000000,2266.000000,4820.000000,695.000000,601.000000,3.000000,
0.040888,0.464435,0.372621,0.016018,0.449974,-210116.083896,3.053278,2195607.000000,1874874.000000,3722527.000000,334752.000000,1282372.000000,1952.000000,539.000000,1146.000000,164.000000,144.000000,453.000000,125.000000,266.000000,38.000000,33.000000,2784.000000,769.000000,1633.000000,233.000000,205.000000,15.000000,8.000000,18.000000,3.000000,5.000000,0.000000,6.000000,12.000000,2.000000,4.000000,0.000000,7.000000,15.000000,2.000000,5.000000,8097.000000,2266.000000,4820.000000,695.000000,601.000000,3.000000,
0.040685,0.737506,0.379148,0.015274,0.365058,-210460.621648,3.050119,2195607.000000,1874874.000000,3722527.000000,334752.000000,1282372.000000,1952.000000,539.000000,1146.000000,164.000000,144.000000,453.000000,125.000000,266.000000,38.000000,33.000000,2784.000000,769.000000,1633.000000,233.000000,205.000000,15.000000,8.000000,18.000000,3.000000,5.000000,0.000000,6.000000,12.000000,2.000000,4.000000,0.000000,7.000000,15.000000,2.000000,5.000000,8097.000000,2266.000000,4820.000000,695.000000,601.000000,3.000000,
0.040685,0.737506,0.379148,0.015274,0.365058,-210460.621648,3.050119,2195607.000000,1874874.000000,3722527.000000,334752.000000,1282372.000000,1952.000000,539.000000,1146.000000,164.000000,144.000000,453.000000,125.000000,266.000000,38.000000,33.000000,2784.000000,769.000000,1633.000000,233.000000,205.000000,15.000000,8.000000,18.000000,3.000000,5.000000,0.000000,6.000000,12.000000,2.000000,4.000000,0.000000,7.000000,15.000000,2.000000,5.000000,8097.000000,2266.000000,4820.000000,695.000000,601.000000,3.000000,
0.040685,0.737506,0.379148,0.015274,0.365058,-210460.621648,3.050119,2195607.000000,1874874.000000,3722527.000000,334752.000000,1282372.000000,1952.000000,539.000000,1146.000000,164.000000,144.000000,453.000000,125.000000,266.000000,38.000000,33.000000,2784.000000,769.000000,1633.000000,233.000000,205.000000,15.000000,8.000000,18.000000,3.000000,5.000000,0.000000,6.000000,12.000000,2.000000,4.000000,0.000000,7.000000,15.000000,2.000000,5.000000,8097.000000,2266.000000,4820.000000,695.000000,601.000000,3.000000,
0.040685,0.737506,0.379148,0.015274,0.365058,-210460.621648,3.050119,2195607.000000,1874874.000000,3722527.000000,334752.000000,1282372.000000,1952.000000,539.000000,1146.000000,164.000000,144.000000,453.000000,125.000000,266.000000,38.000000,33.000000,2784.000000,769.000000,1633.000000,233.000000,205.000000,15.000000,8.000000,18.000000,3.000000,5.000000,0.000000,6.000000,12.000000,2.000000,4.000000,0.000000,7.000000,15.000000,2.000000,5.000000,8097.000000,2266.000000,4820.000000,695.000000,601.000000,3.000000,
0.040615,0.392721,0.382159,0.010354,0.409730,-210620.612986,3.050382,2195607.000000,1874874.000000,3722527.000000,334752.000000,1282372.000000,1952.000000,539.000000,1146.000000,164.000000,144.000000,453.000000,125.000000,266.000000,38.000000,33.000000,2784.000000,769.000000,1633.000000,233.000000,205.000000,15.000000,8.000000,18.000000,3.000000,5.000000,0.000000,6.000000,12.000000,2.000000,4.000000,0.000000,7.000000,15.000000,2.000000,5.000000,8097.000000,2266.000000,4820.000000,695.000000,601.000000,3.000000,
0.040615,0.392721,0.382159,0.010354,0.409730,-210620.612986,3.050382,2195607.000000,1874874.000000,3722527.000000,334752.000000,1282372.000000,1952.000000,539.000000,1146.000000,164.000000,144.000000,453.000000,125.000000,266.000000,38.000000,33.000000,2784.000000,769.000000,1633.000000,233.000000,205.000000,15.000000,8.000000,18.000000,3.000000,5.000000,0.000000,6.000000,12.000000,2.000000,4.000000,0.000000,7.000000,15.000000,2.000000,5.000000,8097.000000,2266.000000,4820.000000,695.000000,601.000000,3.000000,
0.040615,0.392721,0.382159,0.010354,0.409730,-210620.612986,3.050382,2195607.000000,1874874.000000,3722527.000000,334752.000000,1282372.000000,1952.000000,539.000000,1146.000000,164.000000,144.000000,453.000000,125.000000,266.000000,38.000000,33.000000,2784.000000,769.000000,1633.000000,233.000000,205.000000,15.000000,8.000000,18.000000,3.000000,5.000000,0.000000,6.000000,12.000000,2.000000,4.000000,0.000000,7.000000,15.000000,2.000000,5.000000,8097.000000,2266.000000,4820.000000,695.000000,601.000000,3.000000,
0.040615,0.392721,0.382159,0.010354,0.409730,-210620.612986,3.050382,2195607.000000,1874874.000000,3722527.000000,334752.000000,1282372.000000,1952.000000,539.000000,1146.000000,164.000000,144.000000,453.000000,125.000000,266.000000,38.000000,33.000000,2784.000000,769.000000,1633.000000,233.000000,205.000000,15.000000,8.000000,18.000000,3.000000,5.000000,0.000000,6.000000,12.000000,2.000000,4.000000,0.000000,7.000000,15.000000,2.000000,5.000000,8097.000000,2266.000000,4820.000000,695.000000,601.000000,3.000000,
0.040615,0.392721,0.382159,0.010354,0.409730,-210620.612986,3.050382,2195607.000000,1874874.000000,3722527.000000,334752.000000,1282372.000000,1952.000000,539.000000,1146.000000,164.000000,144.000000,453.000000,125.000000,266.000000,38.000000,33.000000,2784.000000,769.000000,1633.000000,233.000000,205.000000,15.000000,8.000000,18.000000,3.000000,5.000000,0.000000,6.000000,12.000000,2.000000,4.000000,0.000000,7.000000,15.000000,2.000000,5.000000,8097.000000,2266.000000,4820.000000,695.000000,601.000000,3.000000,
0.040615,0.392721,0.382159,0.010354,0.409730,-210620.612986,3.050382,2195607.000000,1874874.000000,3722527.000000,334752.000000,1282372.000000,1952.000000,539.000000,1146.000000,164.000000,144.000000,453.000000,125.000000,266.000000,38.000000,33.000000,2784.000000,769.000000,1633.000000,233.000000,205.000000,15.000000,8.000000,18.000000,3.000000,5.000000,0.000000,6.000000,12.000000,2.000000,4.000000,0.000000,7.000000,15.000000,2.000000,5.000000,8097.000000,2266.000000,4820.000000,695.000000,601.000000,3.000000,
0.040615,0.392721,0.382159,0.010354,0.409730,-210620.612986,3.050382,2195607.000000,1874874.000000,3722527.000000,334752.000000,1282372.000000,1952.000000,539.000000,1146.000000,164.000000,144.000000,453.000000,125.000000,266.000000,38.000000,33.000000,2784.000000,769.000000,1633.000000,233.000000,205.000000,15.000000,8.000000,18.000000,3.000000,5.000000,0.000000,6.000000,12.000000,2.000000,4.000000,0.000000,7.000000,15.000000,2.000000,5.000000,8097.000000,2266.000000,4820.000000,695.000000,601.000000,3.000000,
0.040481,0.230715,0.387578,0.006651,0.431414,-210910.049543,3.050201,2195607.000000,1874874.000000,3722527.000000,334752.000000,1282372.000000,1952.000000,539.000000,1146.000000,164.000000,144.000000,453.000000,125.000000,266.000000,38.000000,33.000000,2784.000000,769.000000,1633.000000,233.000000,205.000000,15.000000,8.000000,18.000000,3.000000,5.000000,0.000000,6.000000,12.000000,2.000000,4.000000,0.000000,7.000000,15.000000,2.000000,5.000000,8097.000000,2266.000000,4820.000000,695.000000,601.000000,3.000000,
0.040481,0.230715,0.387578,0.006651,0.431414,-210910.049543,3.050201,2195607.000000,1874874.000000,3722527.000000,334752.000000,1282372.000000,1952.000000,539.000000,1146.000000,164.000000,144.000000,453.000000,125.000000,266.000000,38.000000,33.000000,2784.000000,769.000000,1633.000000,233.000000,205.000000,15.000000,8.000000,18.000000,3.000000,5.000000,0.000000,6.000000,12.000000,2.000000,4.000000,0.000000,7.000000,15.000000,2.000000,5.000000,8097.000000,2266.000000,4820.000000,695.000000,601.000000,3.000000,
0.040481,0.230715,0.387578,0.006651,0.431414,-210910.049543,3.050201,2195607.000000,1874874.000000,3722527.000000,334752.000000,1282372.000000,1952.000000,539.000000,1146.000000,164.000000,144.000000,453.000000,125.000000,266.000000,38.000000,33.000000,2784.000000,769.000000,1633.000000,233.000000,205.000000,15.000000,8.000000,18.000000,3.000000,5.000000,0.000000,6.000000,12.000000,2.000000,4.000000,0.000000,7.000000,15.000000,2.000000,5.000000,8097.000000,2266.000000,4820.000000,695.000000,601.000000,3.000000,
0.040481,0.230715,0.387578,0.006651,0.431414,-210910.049543,3.050201,2195607.000000,1874874.000000,3722527.000000,334752.000000,1282372.000000,1952.000000,539.000000,1146.000000,164.000000,144.000000,453.000000,125.000000,266.000000,38.000000,33.000000,2784.000000,769.000000,1633.000000,233.000000,205.000000,15.000000,8.000000,18.000000,3.000000,5.000000,0.000000,6.000000,12.000000,2.000000,4.000000,0.000000,7.000000,15.000000,2.000000,5.000000,8097.000000,2266.000000,4820.000000,695.000000,601.000000,3.000000,
0.040481,0.230715,0.387578,0.006651,0.431414,-210910.049543,3.050201,2195607.000000,1874874.000000,3722527.000000,334752.000000,1282372.000000,1952.000000,539.000000,1146.000000,164.000000,144.000000,453.000000,125.000000,266.000000,38.000000,33.000000,2784.000000,769.000000,1633.000000,233.000000,205.000000,15.000000,8.000000,18.000000,3.000000,5.000000,0.000000,6.000000,12.000000,2.000000,4.000000,0.000000,7.000000,15.000000,2.000000,5.000000,8097.000000,2266.000000,4820.000000,695.000000,601.000000,3.000000,
0.040481,0.230715,0.387578,0.006651,0.431414,-210910.049543,3.050201,2195607.000000,1874874.000000,3722527.000000,334752.000000,1282372.000000,1952.000000,539.000000,1146.000000,164.000000,144.000000,453.000000,125.000000,266.000000,38.000000,33.000000,2784.000000,769.000000,1633.000000,233.000000,205.000000,15.000000,8.000000,18.000000,3.000000,5.000000,0.000000,6.000000,12.000000,2.000000,4.000000,0.000000,7.000000,15.000000,2.000000,5.000000,8097.000000,2266.000000,4820.000000,695.000000,601.000000,3.000000,
0.040481,0.230715,0.387578,0.006651,0.431414,-210910.049543,3.050201,2195607.000000,1874874.000000,3722527.000000,334752.000000,1282372.000000,1952.000000,539.000000,1146.000000,164.000000,144.000000,453.000000,125.000000,266.000000,38.000000,33.000000,2784.000000,769.000000,1633.000000,233.000000,205.000000,15.000000,8.000000,18.000000,3.000000,5.000000,0.000000,6.000000,12.000000,2.000000,4.000000,0.000000,7.000000,15.000000,2.000000,5.000000,8097.000000,2266.000000,4820.000000,695.000000,601.000000,3.000000,
0.040255,0.224348,0.399955,0.017516,0.351584,-211578.786830,3.055673,2195607.000000,1874874.000000,3722527.000000,334752.000000,1282372.000000,1952.000000,539.000000,1146.000000,164.000000,144.000000,453.000000,125.000000,266.000000,38.000000,33.000000,2784.000000,769.000000,1633.000000,233.000000,205.000000,15.000000,8.000000,18.000000,3.000000,5.000000,0.000000,6.000000,12.000000,2.000000,4.000000,0.000000,7.000000,15.000000,2.000000,5.000000,8097.000000,2266.000000,4820.000000,695.000000,601.000000,3.000000,
0.040255,0.224348,0.399955,0.017516,0.351584,-211578.786830,3.055673,2195607.000000,1874874.000000,3722527.000000,334752.000000,1282372.000000,1952.000000,539.000000,1146.000000,164.000000,144.000000,453.000000,125.000000,266.000000,38.000000,33.000000,2784.000000,769.000000,1633.000000,233.000000,205.000000,15.000000,8.000000,18.000000,3.000000,5.000000,0.000000,6.000000,12.000000,2.000000,4.000000,0.000000,7.000000,15.000000,2.000000,5.000000,8097.000000,2266.000000,4820.000000,695.000000,601.000000,3.000000,
0.040255,0.224348,0.399955,0.017516,0.351584,-211578.786830,3.055673,2195607.000000,1874874.000000,3722527.000000,334752.000000,1282372.000000,1952.000000,539.000000,1146.000000,164.000000,144.000000,453.000000,125.000000,266.000000,38.000000,33.000000,2784.000000,769.000000,1633.000000,233.000000,205.000000,15.000000,8.000000,18.000000,3.000000,5.000000,0.000000,6.000000,12.000000,2.000000,4.000000,0.000000,7.000000,15.000000,2.000000,5.000000,8097.000000,2266.000000,4820.000000,695.000000,601.000000,3.000000,
0.040255,0.224348,0.399955,0.017516,0.351584,-211578.786830,3.055673,2195607.000000,1874874.000000,3722527.000000,334752.000000,1282372.000000,1952.000000,539.000000,1146.000000,164.000000,144.000000,453.000000,125.000000,266.000000,38.000000,33.000000,2784.000000,769.000000,1633.000000,233.000000,205.000000,15.000000,8.000000,18.000000,3.000000,5.000000,0.000000,6.000000,12.000000,2.000000,4.000000,0.000000,7.000000,15.000000,2.000000,5.000000,8097.000000,2266.000000,4820.000000,695.000000,601.000000,3.000000,
0.040255,0.224348,0.399955,0.017516,0.351584,-211578.786830,3.055673,2195607.000000,1874874.000000,3722527.000000,334752.000000,1282372.000000,1952.000000,539.000000,1146.000000,164.000000,144.000000,453.000000,125.000000,266.000000,38.000000,33.000000,2784.000000,769.000000,1633.000000,233.000000,205.000000,15.000000,8.000000,18.000000,3.000000,5.000000,0.000000,6.000000,12.000000,2.000000,4.000000,0.000000,7.000000,15.000000,2.000000,5.000000,8097.000000,2266.000000,4820.000000,695.000000,601.000000,3.000000,
0.040253,0.383726,0.399314,0.013360,0.364230,-211543.891678,3.054347,2195607.000000,1874874.000000,3722527.000000,334752.000000,1282372.000000,1952.000000,539.000000,1146.000000,164.000000,144.000000,453.000000,125.000000,266.000000,38.000000,33.000000,2784.000000,769.000000,1633.000000,233.000000,205.000000,15.000000,8.000000,18.000000,3.000000,5.000000,0.000000,6.000000,12.000000,2.000000,4.000000,0.000000,7.000000,15.000000,2.000000,5.000000,8097.000000,2266.000000,4820.000000,695.000000,601.000000,3.000000,
0.040253,0.383726,0.399314,0.013360,0.364230,-211543.891678,3.054347,2195607.000000,1874874.000000,3722527.000000,334752.000000,1282372.000000,1952.000000,539.000000,1146.000000,164.000000,144.000000,453.000000,125.000000,266.000000,38.000000,33.000000,2784.000000,769.000000,1633.000000,233.000000,205.000000,15.000000,8.000000,18.000000,3.000000,5.000000,0.000000,6.000000,12.000000,2.000000,4.000000,0.000000,7.000000,15.000000,2.000000,5.000000,8097.000000,2266.000000,4820.000000,695.000000,601.000000,3.000000,
0.040253,0.383726,0.399314,0.013360,0.364230,-211543.891678,3.054347,2195607.000000,1874874.000000,3722527.000000,334752.000000,1282372.000000,1952.000000,539.000000,1146.000000,164.000000,144.000000,453.000000,125.000000,266.000000,38.000000,33.000000,2784.000000,769.000000,1633.000000,233.000000,205.000000,15.000000,8.000000,18.000000,3.000000,5.000000,0.000000,6.000000,12.000000,2.000000,4.000000,0.000000,7.000000,15.000000,2.000000,5.000000,8097.000000,2266.000000,4820.000000,695.000000,601.000000,3.000000,
0.040345,0.321550,0.398393,0.016926,0.342945,-211493.962243,3.059651,2195607.000000,1874874.000000,3722527.000000,334752.000000,1282372.000000,1952.000000,539.000000,1146.000000,164.000000,144.000000,453.000000,125.000000,266.000000,38.000000,33.000000,2784.000000,769.000000,1633.000000,233.000000,205.000000,15.000000,8.000000,18.000000,3.000000,5.000000,0.000000,6.000000,12.000000,2.000000,4.000000,0.000000,7.000000,15.000000,2.000000,5.000000,8097.000000,2266.000000,4820.000000,695.000000,601.000000,3.000000,
0.040345,0.321550,0.398393,0.016926,0.342945,-211493.962243,3.059651,2195607.000000,1874874.000000,3722527.000000,334752.000000,1282372.000000,1952.000000,539.000000,1146.000000,164.000000,144.000000,453.000000,125.000000,266.000000,38.000000,33.000000,2784.000000,769.000000,1633.000000,233.000000,205.000000,15.000000,8.000000,18.000000,3.000000,5.000000,0.000000,6.000000,12.000000,2.000000,4.000000,0.000000,7.000000,15.000000,2.000000,5.000000,8097.000000,2266.000000,4820.000000,695.000000,601.000000,3.000000,
0.040345,0.321550,0.398393,0.016926,0.342945,-211493.962243,3.059651,2195607.000000,1874874.000000,3722527.000000,334752.000000,1282372.000000,1952.000000,539.000000,1146.000000,164.000000,144.000000,453.000000,125.000000,266.000000,38.000000,33.000000,2784.000000,769.000000,1633.000000,233.000000,205.000000,15.000000,8.000000,18.000000,3.000000,5.000000,0.000000,6.000000,12.000000,2.000000,4.000000,0.000000,7.000000,15.000000,2.000000,5.000000,8097.000000,2266.000000,4820.000000,695.000000,601.000000,3.000000,
0.040345,0.321550,0.398393,0.016926,0.342945,-211493.962243,3.059651,2195607.000000,1874874.000000,3722527.000000,334752.000000,1282372.000000,1952.000000,539.000000,1146.000000,164.000000,144.000000,453.000000,125.000000,266.000000,38.000000,33.000000,2784.000000,769.000000,1633.000000,233.000000,205.000000,15.000000,8.000000,18.000000,3.000000,5.000000,0.000000,6.000000,12.000000,2.000000,4.000000,0.000000,7.000000,15.000000,2.000000,5.000000,8097.000000,2266.000000,4820.000000,695.000000,601.000000,3.000000,
0.040345,0.321550,0.398393,0.016926,0.342945,-211493.962243,3.059651,2195607.000000,1874874.000000,3722527.000000,334752.000000,1282372.000000,1952.000000,539.000000,1146.000000,164.000000,144.000000,453.000000,125.000000,266.000000,38.000000,33.000000,2784.000000,769.000000,1633.000000,233.000000,205.000000,15.000000,8.000000,18.000000,3.000000,5.000000,0.000000,6.000000,12.000000,2.000000,4.000000,0.000000,7.000000,15.000000,2.000000,5.000000,8097.000000,2266.000000,4820.000000,695.000000,601.000000,3.000000,
0.040586,0.357091,0.379985,0.016173,0.470203,-210504.856735,3.044222,2195607.000000,1874874.000000,3722527.000000,334752.000000,1282372.000000,1952.000000,539.000000,1146.000000,164.000000,144.000000,453.000000,125.000000,266.000000,38.000000,33.000000,2784.000000,769.000000,1633.000000,233.000000,205.000000,15.000000,8.000000,18.000000,3.000000,5.000000,0.000000,6.000000,12.000000,2.000000,4.000000,0.000000,7.000000,15.000000,2.000000,5.000000,8097.000000,2266.000000,4820.000000,695.000000,601.000000,3.000000,
0.040586,0.357091,0.379985,0.016173,0.470203,-210504.856735,3.044222,2195607.000000,1874874.000000,3722527.000000,334752.000000,1282372.000000,1952.000000,539.000000,1146.000000,164.000000,144.000000,453.000000,125.000000,266.000000,38.000000,33.000000,2784.000000,769.000000,1633.000000,233.000000,205.000000,15.000000,8.000000,18.000000,3.000000,5.000000,0.000000,6.000000,12.000000,2.000000,4.000000,0.000000,7.000000,15.000000,2.000000,5.000000,8097.000000,2266.000000,4820.000000,695.000000,601.000000,3.000000,
0.040586,0.357091,0.379985,0.016173,0.470203,-210504.856735,3.044222,2195607.000000,1874874.000000,3722527.000000,334752.000000,1282372.000000,1952.000000,539.000000,1146.000000,164.000000,144.000000,453.000000,125.000000,266.000000,38.000000,33.000000,2784.000000,769.000000,1633.000000,233.000000,205.000000,15.000000,8.000000,18.000000,3.000000,5.000000,0.000000,6.000000,12.000000,2.000000,4.000000,0.000000,7.000000,15.000000,2.000000,5.000000,8097.000000,2266.000000,4820.000000,695.000000,601.000000,3.000000,
0.040863,0.929699,0.343124,0.022105,0.575560,-208592.332826,2.997000,2195607.000000,1874874.000000,3722527.000000,334752.000000,1282372.000000,1952.000000,539.000000,1146.000000,164.000000,144.000000,453.000000,125.000000,266.000000,38.000000,33.000000,2784.000000,769.000000,1633.000000,233.000000,205.000000,15.000000,8.000000,18.000000,3.000000,5.000000,0.000000,6.000000,12.000000,2.000000,4.000000,0.000000,7.000000,15.000000,2.000000,5.000000,8097.000000,2266.000000,4820.000000,695.000000,601.000000,3.000000,
0.040863,0.929699,0.343124,0.022105,0.575560,-208592.332826,2.997000,2195607.000000,1874874.000000,3722527.000000,334752.000000,1282372.000000,1952.000000,539.000000,1146.000000,164.000000,144.000000,453.000000,125.000000,266.000000,38.000000,33.000000,2784.000000,769.000000,1633.000000,233.000000,205.000000,15.000000,8.000000,18.000000,3.000000,5.000000,0.000000,6.000000,12.000000,2.000000,4.000000,0.000000,7.000000,15.000000,2.000000,5.000000,8097.000000,2266.000000,4820.000000,695.000000,601.000000,3.000000,
0.040863,0.929699,0.343124,0.022105,0.575560,-208592.332826,2.997000,2195607.000000,1874874.000000,3722527.000000,334752.000000,1282372.000000,1952.000000,539.000000,1146.000000,164.000000,144.000000,453.000000,125.000000,266.000000,38.000000,33.000000,2784.000000,769.000000,1633.000000,233.000000,205.000000,15.000000,8.000000,18.000000,3.000000,5.000000,0.000000,6.000000,12.000000,2.000000,4.000000,0.000000,7.000000,15.000000,2.000000,5.000000,8097.000000,2266.000000,4820.000000,695.000000,601.000000,3.000000,
0.040863,0.929699,0.343124,0.022105,0.575560,-208592.332826,2.997000,2195607.000000,1874874.000000,3722527.000000,334752.000000,1282372.000000,1952.000000,539.000000,1146.000000,164.000000,144.000000,453.000000,125.000000,266.000000,38.000000,33.000000,2784.000000,769.000000,1633.000000,233.000000,205.000000,15.000000,8.000000,18.000000,3.000000,5.000000,0.000000,6.000000,12.000000,2.000000,4.000000,0.000000,7.000000,15.000000,2.000000,5.000000,8097.000000,2266.000000,4820.000000,695.000000,601.000000,3.000000,
0.040863,0.929699,0.343124,0.022105,0.575560,-208592.332826,2.997000,2195607.000000,1874874.000000,3722527.000000,334752.000000,1282372.000000,1952.000000,539.000000,1146.000000,164.000000,144.000000,453.000000,125.000000,266.000000,38.000000,33.000000,2784.000000,769.000000,1633.000000,233.000000,205.000000,15.000000,8.000000,18.000000,3.000000,5.000000,0.000000,6.000000,12.000000,2.000000,4.000000,0.000000,7.000000,15.000000,2.000000,5.000000,8097.000000,2266.000000,4820.000000,695.000000,601.000000,3.000000,
0.040863,0.929699,0.343124,0.022105,0.575560,-208592.332826,2.997000,2195607.000000,1874874.000000,3722527.000000,334752.000000,1282372.000000,1952.000000,539.000000,1146.000000,164.000000,144.000000,453.000000,125.000000,266.000000,38.000000,33.000000,2784.000000,769.000000,1633.000000,233.000000,205.000000,15.000000,8.000000,18.000000,3.000000,5.000000,0.000000,6.000000,12.000000,2.000000,4.000000,0.000000,7.000000,15.000000,2.000000,5.000000,8097.000000,2266.000000,4820.000000,695.000000,601.000000,3.000000,
0.040863,0.929699,0.343124,0.022105,0.575560,-208592.332826,2.997000,2195607.000000,1874874.000000,3722527.000000,334752.000000,1282372.000000,1952.000000,539.000000,1146.000000,164.000000,144.000000,453.000000,125.000000,266.000000,38.000000,33.000000,2784.000000,769.000000,1633.000000,233.000000,205.000000,15.000000,8.000000,18.000000,3.000000,5.000000,0.000000,6.000000,12.000000,2.000000,4.000000,0.000000,7.000000,15.000000,2.000000,5.000000,8097.000000,2266.000000,4820.000000,695.000000,601.000000,3.000000,
0.040863,0.929699,0.343124,0.022105,0.575560,-208592.332826,2.997000,2195607.000000,1874874.000000,3722527.000000,334752.000000,1282372.000000,1952.000000,539.000000,1146.000000,164.000000,144.000000,453.000000,125.000000,266.000000,38.000000,33.000000,2784.000000,769.000000,1633.000000,233.000000,205.000000,15.000000,8.000000,18.000000,3.000000,5.000000,0.000000,6.000000,12.000000,2.000000,4.000000,0.000000,7.000000,15.000000,2.000000,5.000000,8097.000000,2266.000000,4820.000000,695.000000,601.000000,3.000000,
0.040863,0.929699,0.343124,0.022105,0.575560,-208592.332826,2.997000,2195607.000000,1874874.000000,3722527.000000,334752.000000,1282372.000000,1952.000000,539.000000,1146.000000,164.000000,144.000000,453.000000,125.000000,266.000000,38.000000,33.000000,2784.000000,769.000000,1633.000000,233.000000,205.000000,15.000000,8.000000,18.000000,3.000000,5.000000,0.000000,6.000000,12.000000,2.000000,4.000000,0.000000,7.000000,15.000000,2.000000,5.000000,8097.000000,2266.000000,4820.000000,695.000000,601.000000,3.000000,
0.040863,0.929699,0.343124,0.022105,0.575560,-208592.332826,2.997000,2195607.000000,1874874.000000,3722527.000000,334752.000000,1282372.000000,1952.000000,539.000000,1146.000000,164.000000,144.000000,453.000000,125.000000,266.000000,38.000000,33.000000,2784.000000,769.000000,1633.000000,233.000000,205.000000,15.000000,8.000000,18.000000,3.000000,5.000000,0.000000,6.000000,12.000000,2.000000,4.000000,0.000000,7.000000,15.000000,2.000000,5.000000,8097.000000,2266.000000,4820.000000,695.000000,601.000000,3.000000,
0.040863,0.929699,0.343124,0.022105,0.575560,-208592.332826,2.997000,2195607.000000,1874874.000000,3722527.000000,334752.000000,1282372.000000,1952.000000,539.000000,1146.000000,164.000000,144.000000,453.000000,125.000000,266.000000,38.000000,33.000000,2784.000000,769.000000,1633.000000,233.000000,205.000000,15.000000,8.000000,18.000000,3.000000,5.000000,0.000000,6.000000,12.000000,2.000000,4.000000,0.000000,7.000000,15.000000,2.000000,5.000000,8097.000000,2266.000000,4820.000000,695.000000,601.000000,3.000000,
0.040863,0.929699,0.343124,0.022105,0.575560,-208592.332826,2.997000,2195607.000000,1874874.000000,3722527.000000,334752.000000,1282372.000000,1952.000000,539.000000,1146.000000,164.000000,144.000000,453.000000,125.000000,266.000000,38.000000,33.000000,2784.000000,769.000000,1633.000000,233.000000,205.000000,15.000000,8.000000,18.000000,3.000000,5.000000,0.000000,6.000000,12.000000,2.000000,4.000000,0.000000,7.000000,15.000000,2.000000,5.000000,8097.000000,2266.000000,4820.000000,695.000000,601.000000,3.000000,
0.040863,0.929699,0.343124,0.022105,0.575560,-208592.332826,2.997000,2195607.000000,1874874.000000,3722527.000000,334752.000000,1282372.000000,1952.000000,539.000000,1146.000000,164.000000,144.000000,453.000000,125.000000,266.000000,38.000000,33.000000,2784.000000,769.000000,1633.000000,233.000000,205.000000,15.000000,8.000000,18.000000,3.000000,5.000000,0.000000,6.000000,12.000000,2.000000,4.000000,0.000000,7.000000,15.000000,2.000000,5.000000,8097.000000,2266.000000,4820.000000,695.000000,601.000000,3.000000,
0.040863,0.929699,0.343124,0.022105,0.575560,-208592.332826,2.997000,2195607.000000,1874874.000000,3722527.000000,334752.000000,1282372.000000,1952.000000,539.000000,1146.000000,164.000000,144.000000,453.000000,125.000000,266.000000,38.000000,33.000000,2784.000000,769.000000,1633.000000,233.000000,205.000000,15.000000,8.000000,18.000000,3.000000,5.000000,0.000000,6.000000,12.000000,2.000000,4.000000,0.000000,7.000000,15.000000,2.000000,5.000000,8097.000000,2266.000000,4820.000000,695.000000,601.000000,3.000000,
0.040863,0.929699,0.343124,0.022105,0.575560,-208592.332826,2.997000,2195607.000000,1874874.000000,3722527.000000,334752.000000,1282372.000000,1952.000000,539.000000,1146.000000,164.000000,144.000000,453.000000,125.000000,266.000000,38.000000,33.000000,2784.000000,769.000000,1633.000000,233.000000,205.000000,15.000000,8.000000,18.000000,3.000000,5.000000,0.000000,6.000000,12.000000,2.000000,4.000000,0.000000,7.000000,15.000000,2.000000,5.000000,8097.000000,2266.000000,4820.000000,695.000000,601.000000,3.000000,
0.040859,0.400777,0.342349,0.020093,0.509827,-208553.088363,2.995277,2195607.000000,1874874.000000,3722527.000000,334752.000000,1282372.000000,1952.000000,539.000000,1146.000000,164.000000,144.000000,453.000000,125.000000,266.000000,38.000000,33.000000,2784.000000,769.000000,1633.000000,233.000000,205.000000,15.000000,8.000000,18.000000,3.000000,5.000000,0.000000,6.000000,12.000000,2.000000,4.000000,0.000000,7.000000,15.000000,2.000000,5.000000,8097.000000,2266.000000,4820.000000,695.000000,601.000000,3.000000,
0.040786,0.222201,0.347513,0.011843,0.496126,-208815.321100,2.999462,2195607.000000,1874874.000000,3722527.000000,334752.000000,1282372.000000,1952.000000,539.000000,1146.000000,164.000000,144.000000,453.000000,125.000000,266.000000,38.000000,33.000000,2784.000000,769.000000,1633.000000,233.000000,205.000000,15.000000,8.000000,18.000000,3.000000,5.000000,0.000000,6.000000,12.000000,2.000000,4.000000,0.000000,7.000000,15.000000,2.000000,5.000000,8097.000000,2266.000000,4820.000000,695.000000,601.000000,3.000000,
0.041170,0.004269,0.339515,0.031386,0.444364,-208410.435043,3.012832,2195607.000000,1874874.000000,3722527.000000,334752.000000,1282372.000000,1952.000000,539.000000,1146.000000,164.000000,144.000000,453.000000,125.000000,266.000000,38.000000,33.000000,2784.000000,769.000000,1633.000000,233.000000,205.000000,15.000000,8.000000,18.000000,3.000000,5.000000,0.000000,6.000000,12.000000,2.000000,4.000000,0.000000,7.000000,15.000000,2.000000,5.000000,8097.000000,2266.000000,4820.000000,695.000000,601.000000,3.000000,
0.041170,0.004269,0.339515,0.031386,0.444364,-208410.435043,3.012832,2195607.000000,1874874.000000,3722527.000000,334752.000000,1282372.000000,1952.000000,539.000000,1146.000000,164.000000,144.000000,453.000000,125.000000,266.000000,38.000000,33.000000,2784.000000,769.000000,1633.000000,233.000000,205.000000,15.000000,8.000000,18.000000,3.000000,5.000000,0.000000,6.000000,12.000000,2.000000,4.000000,0.000000,7.000000,15.000000,2.000000,5.000000,8097.000000,2266.000000,4820.000000,695.000000,601.000000,3.000000,
0.041170,0.004269,0.339515,0.031386,0.444364,-208410.435043,3.012832,2195607.000000,1874874.000000,3722527.000000,334752.000000,1282372.000000,1952.000000,539.000000,1146.000000,164.000000,144.000000,453.000000,125.000000,266.000000,38.000000,33.000000,2784.000000,769.000000,1633.000000,233.000000,205.000000,15.000000,8.000000,18.000000,3.000000,5.000000,0.000000,6.000000,12.000000,2.000000,4.000000,0.000000,7.000000,15.000000,2.000000,5.000000,8097.000000,2266.000000,4820.000000,695.000000,601.000000,3.000000,
0.041170,0.004269,0.339515,0.031386,0.444364,-208410.435043,3.012832,2195607.000000,1874874.000000,3722527.000000,334752.000000,1282372.000000,1952.000000,539.000000,1146.000000,164.000000,144.000000,453.000000,125.000000,266.000000,38.000000,33.000000,2784.000000,769.000000,1633.000000,233.000000,205.000000,15.000000,8.000000,18.000000,3.000000,5.000000,0.000000,6.000000,12.000000,2.000000,4.000000,0.000000,7.000000,15.000000,2.000000,5.000000,8097.000000,2266.000000,4820.000000,695.000000,601.000000,3.000000,
0.040940,0.095174,0.349186,0.013395,0.513089,-208900.952233,3.013851,2195607.000000,1874874.000000,3722527.000000,334752.000000,1282372.000000,1952.000000,539.000000,1146.000000,164.000000,144.000000,453.000000,125.000000,266.000000,38.000000,33.000000,2784.000000,769.000000,1633.000000,233.000000,205.000000,15.000000,8.000000,18.000000,3.000000,5.000000,0.000000,6.000000,12.000000,2.000000,4.000000,0.000000,7.000000,15.000000,2.000000,5.000000,8097.000000,2266.000000,4820.000000,695.000000,601.000000,3.000000,
0.040940,0.095174,0.349186,0.013395,0.513089,-208900.952233,3.013851,2195607.000000,1874874.000000,3722527.000000,334752.000000,1282372.000000,1952.000000,539.000000,1146.000000,164.000000,144.000000,453.000000,125.000000,266.000000,38.000000,33.000000,2784.000000,769.000000,1633.000000,233.000000,205.000000,15.000000,8.000000,18.000000,3.000000,5.000000,0.000000,6.000000,12.000000,2.000000,4.000000,0.000000,7.000000,15.000000,2.000000,5.000000,8097.000000,2266.000000,4820.000000,695.000000,601.000000,3.000000,
0.040827,0.139403,0.358268,0.015520,0.443667,-209367.377436,3.022293,2195607.000000,1874874.000000,3722527.000000,334752.000000,1282372.000000,1952.000000,539.000000,1146.000000,164.000000,144.000000,453.000000,125.000000,266.000000,38.000000,33.000000,2784.000000,769.000000,1633.000000,233.000000,205.000000,15.000000,8.000000,18.000000,3.000000,5.000000,0.000000,6.000000,12.000000,2.000000,4.000000,0.000000,7.000000,15.000000,2.000000,5.000000,8097.000000,2266.000000,4820.000000,695.000000,601.000000,3.000000,
0.040827,0.139403,0.358268,0.015520,0.443667,-209367.377436,3.022293,2195607.000000,1874874.000000,3722527.000000,334752.000000,1282372.000000,1952.000000,539.000000,1146.000000,164.000000,144.000000,453.000000,125.000000,266.000000,38.000000,33.000000,2784.000000,769.000000,1633.000000,233.000000,205.000000,15.000000,8.000000,18.000000,3.000000,5.000000,0.000000,6.000000,12.000000,2.000000,4.000000,0.000000,7.000000,15.000000,2.000000,5.000000,8097.000000,2266.000000,4820.000000,695.000000,601.000000,3.000000,
0.040827,0.139403,0.358268,0.015520,0.443667,-209367.377436,3.022293,2195607.000000,1874874.000000,3722527.000000,334752.000000,1282372.000000,1952.000000,539.000000,1146.000000,164.000000,144.000000,453.000000,125.000000,266.000000,38.000000,33.000000,2784.000000,769.000000,1633.000000,233.000000,205.000000,15.000000,8.000000,18.000000,3.000000,5.000000,0.000000,6.000000,12.000000,2.000000,4.000000,0.000000,7.000000,15.000000,2.000000,5.000000,8097.000000,2266.000000,4820.000000,695.000000,601.000000,3.000000,
0.040827,0.139403,0.358268,0.015520,0.443667,-209367.377436,3.022293,2195607.000000,1874874.000000,3722527.000000,334752.000000,1282372.000000,1952.000000,539.000000,1146.000000,164.000000,144.000000,453.000000,125.000000,266.000000,38.000000,33.000000,2784.000000,769.000000,1633.000000,233.000000,205.000000,15.000000,8.000000,18.000000,3.000000,5.000000,0.000000,6.000000,12.000000,2.000000,4.000000,0.000000,7.000000,15.000000,2.000000,5.000000,8097.000000,2266.000000,4820.000000,695.000000,601.000000,3.000000,
0.040827,0.139403,0.358268,0.015520,0.443667,-209367.377436,3.022293,2195607.000000,1874874.000000,3722527.000000,334752.000000,1282372.000000,1952.000000,539.000000,1146.000000,164.000000,144.000000,453.000000,125.000000,266.000000,38.000000,33.000000,2784.000000,769.000000,1633.000000,233.000000,205.000000,15.000000,8.000000,18.000000,3.000000,5.000000,0.000000,6.000000,12.000000,2.000000,4.000000,0.000000,7.000000,15.000000,2.000000,5.000000,8097.000000,2266.000000,4820.000000,695.000000,601.000000,3.000000,
0.040827,0.139403,0.358268,0.015520,0.443667,-209367.377436,3.022293,2195607.000000,1874874.000000,3722527.000000,334752.000000,1282372.000000,1952.000000,539.000000,1146.000000,164.000000,144.000000,453.000000,125.000000,266.000000,38.000000,33.000000,2784.000000,769.000000,1633.000000,233.000000,205.000000,15.000000,8.000000,18.000000,3.000000,5.000000,0.000000,6.000000,12.000000,2.000000,4.000000,0.000000,7.000000,15.000000,2.000000,5.000000,8097.000000,2266.000000,4820.000000,695.000000,601.000000,3.000000,
0.040827,0.139403,0.358268,0.015520,0.443667,-209367.377436,3.022293,2195607.000000,1874874.000000,3722527.000000,334752.000000,1282372.000000,1952.000000,539.000000,1146.000000,164.000000,144.000000,453.000000,125.000000,266.000000,38.000000,33.000000,2784.000000,769.000000,1633.000000,233.000000,205.000000,15.000000,8.000000,18.000000,3.000000,5.000000,0.000000,6.000000,12.000000,2.000000,4.000000,0.000000,7.000000,15.000000,2.000000,5.000000,8097.000000,2266.000000,4820.000000,695.000000,601.000000,3.000000,
0.040631,0.301595,0.366416,0.019735,0.526493,-209790.247304,3.022730,2195607.000000,1874874.000000,3722527.000000,334752.000000,1282372.000000,1952.000000,539.000000,1146.000000,164.000000,144.000000,453.000000,125.000000,266.000000,38.000000,33.000000,2784.000000,769.000000,1633.000000,233.000000,205.000000,15.000000,8.000000,18.000000,3.000000,5.000000,0.000000,6.000000,12.000000,2.000000,4.000000,0.000000,7.000000,15.000000,2.000000,5.000000,8097.000000,2266.000000,4820.000000,695.000000,601.000000,3.000000,
0.040758,0.180176,0.359078,0.021253,0.559263,-209409.129411,3.018711,2195607.000000,1874874.000000,3722527.000000,334752.000000,1282372.000000,1952.000000,539.000000,1146.000000,164.000000,144.000000,453.000000,125.000000,266.000000,38.000000,33.000000,2784.000000,769.000000,1633.000000,233.000000,205.000000,15.000000,8.000000,18.000000,3.000000,5.000000,0.000000,6.000000,12.000000,2.000000,4.000000,0.000000,7.000000,15.000000,2.000000,5.000000,8097.000000,2266.000000,4820.000000,695.000000,601.000000,3.000000,
0.040758,0.180176,0.359078,0.021253,0.559263,-209409.129411,3.018711,2195607.000000,1874874.000000,3722527.000000,334752.000000,1282372.000000,1952.000000,539.000000,1146.000000,164.000000,144.000000,453.000000,125.000000,266.000000,38.000000,33.000000,2784.000000,769.000000,1633.000000,233.000000,205.000000,15.000000,8.000000,18.000000,3.000000,5.000000,0.000000,6.000000,12.000000,2.000000,4.000000,0.000000,7.000000,15.000000,2.000000,5.000000,8097.000000,2266.000000,4820.000000,695.000000,601.000000,3.000000,
0.040758,0.180176,0.359078,0.021253,0.559263,-209409.129411,3.018711,2195607.000000,1874874.000000,3722527.000000,334752.000000,1282372.000000,1952.000000,539.000000,1146.000000,164.000000,144.000000,453.000000,125.000000,266.000000,38.000000,33.000000,2784.000000,769.000000,1633.000000,233.000000,205.000000,15.000000,8.000000,18.000000,3.000000,5.000000,0.000000,6.000000,12.000000,2.000000,4.000000,0.000000,7.000000,15.000000,2.000000,5.000000,8097.000000,2266.000000,4820.000000,695.000000,601.000000,3.000000,
0.040758,0.180176,0.359078,0.021253,0.559263,-209409.129411,3.018711,2195607.000000,1874874.000000,3722527.000000,334752.000000,1282372.000000,1952.000000,539.000000,1146.000000,164.000000,144.000000,453.000000,125.000000,266.000000,38.000000,33.000000,2784.000000,769.000000,1633.000000,233.000000,205.000000,15.000000,8.000000,18.000000,3.000000,5.000000,0.000000,6.000000,12.000000,2.000000,4.000000,0.000000,7.000000,15.000000,2.000000,5.000000,8097.000000,2266.000000,4820.000000,695.000000,601.000000,3.000000,
0.040924,0.391334,0.352387,0.025437,0.486676,-209064.792355,3.018585,2195607.000000,1874874.000000,3722527.000000,334752.000000,1282372.000000,1952.000000,539.000000,1146.000000,164.000000,144.000000,453.000000,125.000000,266.000000,38.000000,33.000000,2784.000000,769.000000,1633.000000,233.000000,205.000000,15.000000,8.000000,18.000000,3.000000,5.000000,0.000000,6.000000,12.000000,2.000000,4.000000,0.000000,7.000000,15.000000,2.000000,5.000000,8097.000000,2266.000000,4820.000000,695.000000,601.000000,3.000000,
0.040924,0.391334,0.352387,0.025437,0.486676,-209064.792355,3.018585,2195607.000000,1874874.000000,3722527.000000,334752.000000,1282372.000000,1952.000000,539.000000,1146.000000,164.000000,144.000000,453.000000,125.000000,266.000000,38.000000,33.000000,2784.000000,769.000000,1633.000000,233.000000,205.000000,15.000000,8.000000,18.000000,3.000000,5.000000,0.000000,6.000000,12.000000,2.000000,4.000000,0.000000,7.000000,15.000000,2.000000,5.000000,8097.000000,2266.000000,4820.000000,695.000000,601.000000,3.000000,
0.040924,0.391334,0.352387,0.025437,0.486676,-209064.792355,3.018585,2195607.000000,1874874.000000,3722527.000000,334752.000000,1282372.000000,1952.000000,539.000000,1146.000000,164.000000,144.000000,453.000000,125.000000,266.000000,38.000000,33.000000,2784.000000,769.000000,1633.000000,233.000000,205.000000,15.000000,8.000000,18.000000,3.000000,5.000000,0.000000,6.000000,12.000000,2.000000,4.000000,0.000000,7.000000,15.000000,2.000000,5.000000,8097.000000,2266.000000,4820.000000,695.000000,601.000000,3.000000,
0.040924,0.391334,0.352387,0.025437,0.486676,-209064.792355,3.018585,2195607.000000,1874874.000000,3722527.000000,334752.000000,1282372.000000,1952.000000,539.000000,1146.000000,164.000000,144.000000,453.000000,125.000000,266.000000,38.000000,33.000000,2784.000000,769.000000,1633.000000,233.000000,205.000000,15.000000,8.000000,18.000000,3.000000,5.000000,0.000000,6.000000,12.000000,2.000000,4.000000,0.000000,7.000000,15.000000,2.000000,5.000000,8097.000000,2266.000000,4820.000000,695.000000,601.000000,3.000000,
0.040924,0.391334,0.352387,0.025437,0.486676,-209064.792355,3.018585,2195607.000000,1874874.000000,3722527.000000,334752.000000,1282372.000000,1952.000000,539.000000,1146.000000,164.000000,144.000000,453.000000,125.000000,266.000000,38.000000,33.000000,2784.000000,769.000000,1633.000000,233.000000,205.000000,15.000000,8.000000,18.000000,3.000000,5.000000,0.000000,6.000000,12.000000,2.000000,4.000000,0.000000,7.000000,15.000000,2.000000,5.000000,8097.000000,2266.000000,4820.000000,695.000000,601.000000,3.000000,
0.040924,0.391334,0.352387,0.025437,0.486676,-209064.792355,3.018585,2195607.000000,1874874.000000,3722527.000000,334752.000000,1282372.000000,1952.000000,539.000000,1146.000000,164.000000,144.000000,453.000000,125.000000,266.000000,38.000000,33.000000,2784.000000,769.000000,1633.000000,233.000000,205.000000,15.000000,8.000000,18.000000,3.000000,5.000000,0.000000,6.000000,12.000000,2.000000,4.000000,0.000000,7.000000,15.000000,2.000000,5.000000,8097.000000,2266.000000,4820.000000,695.000000,601.000000,3.000000,
0.040924,0.391334,0.352387,0.025437,0.486676,-209064.792355,3.018585,2195607.000000,1874874.000000,3722527.000000,334752.000000,1282372.000000,1952.000000,539.000000,1146.000000,164.000000,144.000000,453.000000,125.000000,266.000000,38.000000,33.000000,2784.000000,769.000000,1633.000000,233.000000,205.000000,15.000000,8.000000,18.000000,3.000000,5.000000,0.000000,6.000000,12.000000,2.000000,4.000000,0.000000,7.000000,15.000000,2.000000,5.000000,8097.000000,2266.000000,4820.000000,695.000000,601.000000,3.000000,
0.040924,0.391334,0.352387,0.025437,0.486676,-209064.792355,3.018585,2195607.000000,1874874.000000,3722527.000000,334752.000000,1282372.000000,1952.000000,539.000000,1146.000000,164.000000,144.000000,453.000000,125.000000,266.000000,38.000000,33.000000,2784.000000,769.000000,1633.000000,233.000000,205.000000,15.000000,8.000000,18.000000,3.000000,5.000000,0.000000,6.000000,12.000000,2.000000,4.000000,0.000000,7.000000,15.000000,2.000000,5.000000,8097.000000,2266.000000,4820.000000,695.000000,601.000000,3.000000,
0.040924,0.391334,0.352387,0.025437,0.486676,-209064.792355,3.018585,2195607.000000,1874874.000000,3722527.000000,334752.000000,1282372.000000,1952.000000,539.000000,1146.000000,164.000000,144.000000,453.000000,125.000000,266.000000,38.000000,33.000000,2784.000000,769.000000,1633.000000,233.000000,205.000000,15.000000,8.000000,18.000000,3.000000,5.000000,0.000000,6.000000,12.000000,2.000000,4.000000,0.000000,7.000000,15.000000,2.000000,5.000000,8097.000000,2266.000000,4820.000000,695.000000,601.000000,3.000000,
0.041117,0.205263,0.340014,0.031254,0.473139,-208435.493953,3.009920,2195607.000000,1874874.000000,3722527.000000,334752.000000,1282372.000000,1952.000000,539.000000,1146.000000,164.000000,144.000000,453.000000,125.000000,266.000000,38.000000,33.000000,2784.000000,769.000000,1633.000000,233.000000,205.000000,15.000000,8.000000,18.000000,3.000000,5.000000,0.000000,6.000000,12.000000,2.000000,4.000000,0.000000,7.000000,15.000000,2.000000,5.000000,8097.000000,2266.000000,4820.000000,695.000000,601.000000,3.000000,
0.041117,0.205263,0.340014,0.031254,0.473139,-208435.493953,3.009920,2195607.000000,1874874.000000,3722527.000000,334752.000000,1282372.000000,1952.000000,539.000000,1146.000000,164.000000,144.000000,453.000000,125.000000,266.000000,38.000000,33.000000,2784.000000,769.000000,1633.000000,233.000000,205.000000,15.000000,8.000000,18.000000,3.000000,5.000000,0.000000,6.000000,12.000000,2.000000,4.000000,0.000000,7.000000,15.000000,2.000000,5.000000,8097.000000,2266.000000,4820.000000,695.000000,601.000000,3.000000,
0.041117,0.205263,0.340014,0.031254,0.473139,-208435.493953,3.009920,2195607.000000,1874874.000000,3722527.000000,334752.000000,1282372.000000,1952.000000,539.000000,1146.000000,164.000000,144.000000,453.000000,125.000000,266.000000,38.000000,33.000000,2784.000000,769.000000,1633.000000,233.000000,205.000000,15.000000,8.000000,18.000000,3.000000,5.000000,0.000000,6.000000,12.000000,2.000000,4.000000,0.000000,7.000000,15.000000,2.000000,5.000000,8097.000000,2266.000000,4820.000000,695.000000,601.000000,3.000000,
0.041117,0.205263,0.340014,0.031254,0.473139,-208435.493953,3.009920,2195607.000000,1874874.000000,3722527.000000,334752.000000,1282372.000000,1952.000000,539.000000,1146.000000,164.000000,144.000000,453.000000,125.000000,266.000000,38.000000,33.000000,2784.000000,769.000000,1633.000000,233.000000,205.000000,15.000000,8.000000,18.000000,3.000000,5.000000,0.000000,6.000000,12.000000,2.000000,4.000000,0.000000,7.000000,15.000000,2.000000,5.000000,8097.000000,2266.000000,4820.000000,695.000000,601.000000,3.000000,
0.041117,0.205263,0.340014,0.031254,0.473139,-208435.493953,3.009920,2195607.000000,1874874.000000,3722527.000000,334752.000000,1282372.000000,1952.000000,539.000000,1146.000000,164.000000,144.000000,453.000000,125.000000,266.000000,38.000000,33.000000,2784.000000,769.000000,1633.000000,233.000000,205.000000,15.000000,8.000000,18.000000,3.000000,5.000000,0.000000,6.000000,12.000000,2.000000,4.000000,0.000000,7.000000,15.000000,2.000000,5.000000,8097.000000,2266.000000,4820.000000,695.000000,601.000000,3.000000,
0.041117,0.205263,0.340014,0.031254,0.473139,-208435.493953,3.009920,2195607.000000,1874874.000000,3722527.000000,334752.000000,1282372.000000,1952.000000,539.000000,1146.000000,164.000000,144.000000,453.000000,125.000000,266.000000,38.000000,33.000000,2784.000000,769.000000,1633.000000,233.000000,205.000000,15.000000,8.000000,18.000000,3.000000,5.000000,0.000000,6.000000,12.000000,2.000000,4.000000,0.000000,7.000000,15.000000,2.000000,5.000000,8097.000000,2266.000000,4820.000000,695.000000,601.000000,3.000000,
0.041117,0.205263,0.340014,0.031254,0.473139,-208435.493953,3.009920,2195607.000000,1874874.000000,3722527.000000,334752.000000,1282372.000000,1952.000000,539.000000,1146.000000,164.000000,144.000000,453.000000,125.000000,266.000000,38.000000,33.000000,2784.000000,769.000000,1633.000000,233.000000,205.000000,15.000000,8.000000,18.000000,3.000000,5.000000,0.000000,6.000000,12.000000,2.000000,4.000000,0.000000,7.000000,15.000000,2.000000,5.000000,8097.000000,2266.000000,4820.000000,695.000000,601.000000,3.000000,
0.041380,0.216432,0.328268,0.032038,0.570767,-207847.376488,3.007177,2195607.000000,1874874.000000,3722527.000000,334752.000000,1282372.000000,1952.000000,539.000000,1146.000000,164.000000,144.000000,453.000000,125.000000,266.000000,38.000000,33.000000,2784.000000,769.000000,1633.000000,233.000000,205.000000,15.000000,8.000000,18.000000,3.000000,5.000000,0.000000,6.000000,12.000000,2.000000,4.000000,0.000000,7.000000,15.000000,2.000000,5.000000,8097.000000,2266.000000,4820.000000,695.000000,601.000000,3.000000,
0.041380,0.216432,0.328268,0.032038,0.570767,-207847.376488,3.007177,2195607.000000,1874874.000000,3722527.000000,334752.000000,1282372.000000,1952.000000,539.000000,1146.000000,164.000000,144.000000,453.000000,125.000000,266.000000,38.000000,33.000000,2784.000000,769.000000,1633.000000,233.000000,205.000000,15.000000,8.000000,18.000000,3.000000,5.000000,0.000000,6.000000,12.000000,2.000000,4.000000,0.000000,7.000000,15.000000,2.000000,5.000000,8097.000000,2266.000000,4820.000000,695.000000,601.000000,3.000000,
0.041327,0.242599,0.328654,0.044650,0.484966,-207866.505367,3.004071,2195607.000000,1874874.000000,3722527.000000,334752.000000,1282372.000000,1952.000000,539.000000,1146.000000,164.000000,144.000000,453.000000,125.000000,266.000000,38.000000,33.000000,2784.000000,769.000000,1633.000000,233.000000,205.000000,15.000000,8.000000,18.000000,3.000000,5.000000,0.000000,6.000000,12.000000,2.000000,4.000000,0.000000,7.000000,15.000000,2.000000,5.000000,8097.000000,2266.000000,4820.000000,695.000000,601.000000,3.000000,
0.041327,0.242599,0.328654,0.044650,0.484966,-207866.505367,3.004071,2195607.000000,1874874.000000,3722527.000000,334752.000000,1282372.000000,1952.000000,539.000000,1146.000000,164.000000,144.000000,453.000000,125.000000,266.000000,38.000000,33.000000,2784.000000,769.000000,1633.000000,233.000000,205.000000,15.000000,8.000000,18.000000,3.000000,5.000000,0.000000,6.000000,12.000000,2.000000,4.000000,0.000000,7.000000,15.000000,2.000000,5.000000,8097.000000,2266.000000,4820.000000,695.000000,601.000000,3.000000,
0.041327,0.242599,0.328654,0.044650,0.484966,-207866.505367,3.004071,2195607.000000,1874874.000000,3722527.000000,334752.000000,1282372.000000,1952.000000,539.000000,1146.000000,164.000000,144.000000,453.000000,125.000000,266.000000,38.000000,33.000000,2784.000000,769.000000,1633.000000,233.000000,205.000000,15.000000,8.000000,18.000000,3.000000,5.000000,0.000000,6.000000,12.000000,2.000000,4.000000,0.000000,7.000000,15.000000,2.000000,5.000000,8097.000000,2266.000000,4820.000000,695.000000,601.000000,3.000000,
0.041083,0.024875,0.339547,0.012547,0.588285,-208411.860919,3.006522,2195607.000000,1874874.000000,3722527.000000,334752.000000,1282372.000000,1952.000000,539.000000,1146.000000,164.000000,144.000000,453.000000,125.000000,266.000000,38.000000,33.000000,2784.000000,769.000000,1633.000000,233.000000,205.000000,15.000000,8.000000,18.000000,3.000000,5.000000,0.000000,6.000000,12.000000,2.000000,4.000000,0.000000,7.000000,15.000000,2.000000,5.000000,8097.000000,2266.000000,4820.000000,695.000000,601.000000,3.000000,
0.041083,0.024875,0.339547,0.012547,0.588285,-208411.860919,3.006522,2195607.000000,1874874.000000,3722527.000000,334752.000000,1282372.000000,1952.000000,539.000000,1146.000000,164.000000,144.000000,453.000000,125.000000,266.000000,38.000000,33.000000,2784.000000,769.000000,1633.000000,233.000000,205.000000,15.000000,8.000000,18.000000,3.000000,5.000000,0.000000,6.000000,12.000000,2.000000,4.000000,0.000000,7.000000,15.000000,2.000000,5.000000,8097.000000,2266.000000,4820.000000,695.000000,601.000000,3.000000,
0.041083,0.024875,0.339547,0.012547,0.588285,-208411.860919,3.006522,2195607.000000,1874874.000000,3722527.000000,334752.000000,1282372.000000,1952.000000,539.000000,1146.000000,164.000000,144.000000,453.000000,125.000000,266.000000,38.000000,33.000000,2784.000000,769.000000,1633.000000,233.000000,205.000000,15.000000,8.000000,18.000000,3.000000,5.000000,0.000000,6.000000,12.000000,2.000000,4.000000,0.000000,7.000000,15.000000,2.000000,5.000000,8097.000000,2266.000000,4820.000000,695.000000,601.000000,3.000000,
0.041083,0.024875,0.339547,0.012547,0.588285,-208411.860919,3.006522,2195607.000000,1874874.000000,3722527.000000,334752.000000,1282372.000000,1952.000000,539.000000,1146.000000,164.000000,144.000000,453.000000,125.000000,266.000000,38.000000,33.000000,2784.000000,769.000000,1633.000000,233.000000,205.000000,15.000000,8.000000,18.000000,3.000000,5.000000,0.000000,6.000000,12.000000,2.000000,4.000000,0.000000,7.000000,15.000000,2.000000,5.000000,8097.000000,2266.000000,4820.000000,695.000000,601.000000,3.000000,
0.041068,0.019416,0.340796,0.011062,0.563045,-208474.923102,3.007737,2195607.000000,1874874.000000,3722527.000000,334752.000000,1282372.000000,1952.000000,539.000000,1146.000000,164.000000,144.000000,453.000000,125.000000,266.000000,38.000000,33.000000,2784.000000,769.000000,1633.000000,233.000000,205.000000,15.000000,8.000000,18.000000,3.000000,5.000000,0.000000,6.000000,12.000000,2.000000,4.000000,0.000000,7.000000,15.000000,2.000000,5.000000,8097.000000,2266.000000,4820.000000,695.000000,601.000000,3.000000,
0.041068,0.019416,0.340796,0.011062,0.563045,-208474.923102,3.007737,2195607.000000,1874874.000000,3722527.000000,334752.000000,1282372.000000,1952.000000,539.000000,1146.000000,164.000000,144.000000,453.000000,125.000000,266.000000,38.000000,33.000000,2784.000000,769.000000,1633.000000,233.000000,205.000000,15.000000,8.000000,18.000000,3.000000,5.000000,0.000000,6.000000,12.000000,2.000000,4.000000,0.000000,7.000000,15.000000,2.000000,5.000000,8097.000000,2266.000000,4820.000000,695.000000,601.000000,3.000000,
0.041068,0.019416,0.340796,0.011062,0.563045,-208474.923102,3.007737,2195607.000000,1874874.000000,3722527.000000,334752.000000,1282372.000000,1952.000000,539.000000,1146.000000,164.000000,144.000000,453.000000,125.000000,266.000000,38.000000,33.000000,2784.000000,769.000000,1633.000000,233.000000,205.000000,15.000000,8.000000,18.000000,3.000000,5.000000,0.000000,6.000000,12.000000,2.000000,4.000000,0.000000,7.000000,15.000000,2.000000,5.000000,8097.000000,2266.000000,4820.000000,695.000000,601.000000,3.000000,
0.041068,0.019416,0.340796,0.011062,0.563045,-208474.923102,3.007737,2195607.000000,1874874.000000,3722527.000000,334752.000000,1282372.000000,1952.000000,539.000000,1146.000000,164.000000,144.000000,453.000000,125.000000,266.000000,38.000000,33.000000,2784.000000,769.000000,1633.000000,233.000000,205.000000,15.000000,8.000000,18.000000,3.000000,5.000000,0.000000,6.000000,12.000000,2.000000,4.000000,0.000000,7.000000,15.000000,2.000000,5.000000,8097.000000,2266.000000,4820.000000,695.000000,601.000000,3.000000,
0.041068,0.019416,0.340796,0.011062,0.563045,-208474.923102,3.007737,2195607.000000,1874874.000000,3722527.000000,334752.000000,1282372.000000,1952.000000,539.000000,1146.000000,164.000000,144.000000,453.000000,125.000000,266.000000,38.000000,33.000000,2784.000000,769.000000,1633.000000,233.000000,205.000000,15.000000,8.000000,18.000000,3.000000,5.000000,0.000000,6.000000,12.000000,2.000000,4.000000,0.000000,7.000000,15.000000,2.000000,5.000000,8097.000000,2266.000000,4820.000000,695.000000,601.000000,3.000000,
0.041068,0.019416,0.340796,0.011062,0.563045,-208474.923102,3.007737,2195607.000000,1874874.000000,3722527.000000,334752.000000,1282372.000000,1952.000000,539.000000,1146.000000,164.000000,144.000000,453.000000,125.000000,266.000000,38.000000,33.000000,2784.000000,769.000000,1633.000000,233.000000,205.000000,15.000000,8.000000,18.000000,3.000000,5.000000,0.000000,6.000000,12.000000,2.000000,4.000000,0.000000,7.000000,15.000000,2.000000,5.000000,8097.000000,2266.000000,4820.000000,695.000000,601.000000,3.000000,
0.041134,0.057680,0.337925,0.010737,0.576224,-208330.205742,3.007276,2195607.000000,1874874.000000,3722527.000000,334752.000000,1282372.000000,1952.000000,539.000000,1146.000000,164.000000,144.000000,453.000000,125.000000,266.000000,38.000000,33.000000,2784.000000,769.000000,1633.000000,233.000000,205.000000,15.000000,8.000000,18.000000,3.000000,5.000000,0.000000,6.000000,12.000000,2.000000,4.000000,0.000000,7.000000,15.000000,2.000000,5.000000,8097.000000,2266.000000,4820.000000,695.000000,601.000000,3.000000,
0.041134,0.057680,0.337925,0.010737,0.576224,-208330.205742,3.007276,2195607.000000,1874874.000000,3722527.000000,334752.000000,1282372.000000,1952.000000,539.000000,1146.000000,164.000000,144.000000,453.000000,125.000000,266.000000,38.000000,33.000000,2784.000000,769.000000,1633.000000,233.000000,205.000000,15.000000,8.000000,18.000000,3.000000,5.000000,0.000000,6.000000,12.000000,2.000000,4.000000,0.000000,7.000000,15.000000,2.000000,5.000000,8097.000000,2266.000000,4820.000000,695.000000,601.000000,3.000000,
0.041134,0.057680,0.337925,0.010737,0.576224,-208330.205742,3.007276,2195607.000000,1874874.000000,3722527.000000,334752.000000,1282372.000000,1952.000000,539.000000,1146.000000,164.000000,144.000000,453.000000,125.000000,266.000000,38.000000,33.000000,2784.000000,769.000000,1633.000000,233.000000,205.000000,15.000000,8.000000,18.000000,3.000000,5.000000,0.000000,6.000000,12.000000,2.000000,4.000000,0.000000,7.000000,15.000000,2.000000,5.000000,8097.000000,2266.000000,4820.000000,695.000000,601.000000,3.000000,
0.041134,0.057680,0.337925,0.010737,0.576224,-208330.205742,3.007276,2195607.000000,1874874.000000,3722527.000000,334752.000000,1282372.000000,1952.000000,539.000000,1146.000000,164.000000,144.000000,453.000000,125.000000,266.000000,38.000000,33.000000,2784.000000,769.000000,1633.000000,233.000000,205.000000,15.000000,8.000000,18.000000,3.000000,5.000000,0.000000,6.000000,12.000000,2.000000,4.000000,0.000000,7.000000,15.000000,2.000000,5.000000,8097.000000,2266.000000,4820.000000,695.000000,601.000000,3.000000,
0.041134,0.057680,0.337925,0.010737,0.576224,-208330.205742,3.007276,2195607.000000,1874874.000000,3722527.000000,334752.000000,1282372.000000,1952.000000,539.000000,1146.000000,164.000000,144.000000,453.000000,125.000000,266.000000,38.000000,33.000000,2784.000000,769.000000,1633.000000,233.000000,205.000000,15.000000,8.000000,18.000000,3.000000,5.000000,0.000000,6.000000,12.000000,2.000000,4.000000,0.000000,7.000000,15.000000,2.000000,5.000000,8097.000000,2266.000000,4820.000000,695.000000,601.000000,3.000000,
0.041134,0.057680,0.337925,0.010737,0.576224,-208330.205742,3.007276,2195607.000000,1874874.000000,3722527.000000,334752.000000,1282372.000000,1952.000000,539.000000,1146.000000,164.000000,144.000000,453.000000,125.000000,266.000000,38.000000,33.000000,2784.000000,769.000000,1633.000000,233.000000,205.000000,15.000000,8.000000,18.000000,3.000000,5.000000,0.000000,6.000000,12.000000,2.000000,4.000000,0.000000,7.000000,15.000000,2.000000,5.000000,8097.000000,2266.000000,4820.000000,695.000000,601.000000,3.000000,
0.041134,0.057680,0.337925,0.010737,0.576224,-208330.205742,3.007276,2195607.000000,1874874.000000,3722527.000000,334752.000000,1282372.000000,1952.000000,539.000000,1146.000000,164.000000,144.000000,453.000000,125.000000,266.000000,38.000000,33.000000,2784.000000,769.000000,1633.000000,233.000000,205.000000,15.000000,8.000000,18.000000,3.000000,5.000000,0.000000,6.000000,12.000000,2.000000,4.000000,0.000000,7.000000,15.000000,2.000000,5.000000,8097.000000,2266.000000,4820.000000,695.000000,601.000000,3.000000,
0.041134,0.057680,0.337925,0.010737,0.576224,-208330.205742,3.007276,2195607.000000,1874874.000000,3722527.000000,334752.000000,1282372.000000,1952.000000,539.000000,1146.000000,164.000000,144.000000,453.000000,125.000000,266.000000,38.000000,33.000000,2784.000000,769.000000,1633.000000,233.000000,205.000000,15.000000,8.000000,18.000000,3.000000,5.000000,0.000000,6.000000,12.000000,2.000000,4.000000,0.000000,7.000000,15.000000,2.000000,5.000000,8097.000000,2266.000000,4820.000000,695.000000,601.000000,3.000000,
0.041205,0.042902,0.329445,0.008586,0.587949,-207905.634372,2.996655,2195607.000000,1874874.000000,3722527.000000,334752.000000,1282372.000000,1952.000000,539.000000,1146.000000,164.000000,144.000000,453.000000,125.000000,266.000000,38.000000,33.000000,2784.000000,769.000000,1633.000000,233.000000,205.000000,15.000000,8.000000,18.000000,3.000000,5.000000,0.000000,6.000000,12.000000,2.000000,4.000000,0.000000,7.000000,15.000000,2.000000,5.000000,8097.000000,2266.000000,4820.000000,695.000000,601.000000,3.000000,
0.041205,0.042902,0.329445,0.008586,0.587949,-207905.634372,2.996655,2195607.000000,1874874.000000,3722527.000000,334752.000000,1282372.000000,1952.000000,539.000000,1146.000000,164.000000,144.000000,453.000000,125.000000,266.000000,38.000000,33.000000,2784.000000,769.000000,1633.000000,233.000000,205.000000,15.000000,8.000000,18.000000,3.000000,5.000000,0.000000,6.000000,12.000000,2.000000,4.000000,0.000000,7.000000,15.000000,2.000000,5.000000,8097.000000,2266.000000,4820.000000,695.000000,601.000000,3.000000,
0.041357,0.055817,0.326571,0.008768,0.605254,-207763.027414,3.002335,2195607.000000,1874874.000000,3722527.000000,334752.000000,1282372.000000,1952.000000,539.000000,1146.000000,164.000000,144.000000,453.000000,125.000000,266.000000,38.000000,33.000000,2784.000000,769.000000,1633.000000,233.000000,205.000000,15.000000,8.000000,18.000000,3.000000,5.000000,0.000000,6.000000,12.000000,2.000000,4.000000,0.000000,7.000000,15.000000,2.000000,5.000000,8097.000000,2266.000000,4820.000000,695.000000,601.000000,3.000000,
0.041357,0.055817,0.326571,0.008768,0.605254,-207763.027414,3.002335,2195607.000000,1874874.000000,3722527.000000,334752.000000,1282372.000000,1952.000000,539.000000,1146.000000,164.000000,144.000000,453.000000,125.000000,266.000000,38.000000,33.000000,2784.000000,769.000000,1633.000000,233.000000,205.000000,15.000000,8.000000,18.000000,3.000000,5.000000,0.000000,6.000000,12.000000,2.000000,4.000000,0.000000,7.000000,15.000000,2.000000,5.000000,8097.000000,2266.000000,4820.000000,695.000000,601.000000,3.000000,
0.041357,0.055817,0.326571,0.008768,0.605254,-207763.027414,3.002335,2195607.000000,1874874.000000,3722527.000000,334752.000000,1282372.000000,1952.000000,539.000000,1146.000000,164.000000,144.000000,453.000000,125.000000,266.000000,38.000000,33.000000,2784.000000,769.000000,1633.000000,233.000000,205.000000,15.000000,8.000000,18.000000,3.000000,5.000000,0.000000,6.000000,12.000000,2.000000,4.000000,0.000000,7.000000,15.000000,2.000000,5.000000,8097.000000,2266.000000,4820.000000,695.000000,601.000000,3.000000,
0.041357,0.055817,0.326571,0.008768,0.605254,-207763.027414,3.002335,2195607.000000,1874874.000000,3722527.000000,334752.000000,1282372.000000,1952.000000,539.000000,1146.000000,164.000000,144.000000,453.000000,125.000000,266.000000,38.000000,33.000000,2784.000000,769.000000,1633.000000,233.000000,205.000000,15.000000,8.000000,18.000000,3.000000,5.000000,0.000000,6.000000,12.000000,2.000000,4.000000,0.000000,7.000000,15.000000,2.000000,5.000000,8097.000000,2266.000000,4820.000000,695.000000,601.000000,3.000000,
0.041357,0.055817,0.326571,0.008768,0.605254,-207763.027414,3.002335,2195607.000000,1874874.000000,3722527.000000,334752.000000,1282372.000000,1952.000000,539.000000,1146.000000,164.000000,144.000000,453.000000,125.000000,266.000000,38.000000,33.000000,2784.000000,769.000000,1633.000000,233.000000,205.000000,15.000000,8.000000,18.000000,3.000000,5.000000,0.000000,6.000000,12.000000,2.000000,4.000000,0.000000,7.000000,15.000000,2.000000,5.000000,8097.000000,2266.000000,4820.000000,695.000000,601.000000,3.000000,
0.041357,0.055817,0.326571,0.008768,0.605254,-207763.027414,3.002335,2195607.000000,1874874.000000,3722527.000000,334752.000000,1282372.000000,1952.000000,539.000000,1146.000000,164.000000,144.000000,453.000000,125.000000,266.000000,38.000000,33.000000,2784.000000,769.000000,1633.000000,233.000000,205.000000,15.000000,8.000000,18.000000,3.000000,5.000000,0.000000,6.000000,12.000000,2.000000,4.000000,0.000000,7.000000,15.000000,2.000000,5.000000,8097.000000,2266.000000,4820.000000,695.000000,601.000000,3.000000,
0.041357,0.055817,0.326571,0.008768,0.605254,-207763.027414,3.002335,2195607.000000,1874874.000000,3722527.000000,334752.000000,1282372.000000,1952.000000,539.000000,1146.000000,164.000000,144.000000,453.000000,125.000000,266.000000,38.000000,33.000000,2784.000000,769.000000,1633.000000,233.000000,205.000000,15.000000,8.000000,18.000000,3.000000,5.000000,0.000000,6.000000,12.000000,2.000000,4.000000,0.000000,7.000000,15.000000,2.000000,5.000000,8097.000000,2266.000000,4820.000000,695.000000,601.000000,3.000000,
0.041357,0.055817,0.326571,0.008768,0.605254,-207763.027414,3.002335,2195607.000000,1874874.000000,3722527.000000,334752.000000,1282372.000000,1952.000000,539.000000,1146.000000,164.000000,144.000000,453.000000,125.000000,266.000000,38.000000,33.000000,2784.000000,769.000000,1633.000000,233.000000,205.000000,15.000000,8.000000,18.000000,3.000000,5.000000,0.000000,6.000000,12.000000,2.000000,4.000000,0.000000,7.000000,15.000000,2.000000,5.000000,8097.000000,2266.000000,4820.000000,695.000000,601.000000,3.000000,
0.041357,0.055817,0.326571,0.008768,0.605254,-207763.027414,3.002335,2195607.000000,1874874.000000,3722527.000000,334752.000000,1282372.000000,1952.000000,539.000000,1146.000000,164.000000,144.000000,453.000000,125.000000,266.000000,38.000000,33.000000,2784.000000,769.000000,1633.000000,233.000000,205.000000,15.000000,8.000000,18.000000,3.000000,5.000000,0.000000,6.000000,12.000000,2.000000,4.000000,0.000000,7.000000,15.000000,2.000000,5.000000,8097.000000,2266.000000,4820.000000,695.000000,601.000000,3.000000,
0.041357,0.055817,0.326571,0.008768,0.605254,-207763.027414,3.002335,2195607.000000,1874874.000000,3722527.000000,334752.000000,1282372.000000,1952.000000,539.000000,1146.000000,164.000000,144.000000,453.000000,125.000000,266.000000,38.000000,33.000000,2784.000000,769.000000,1633.000000,233.000000,205.000000,15.000000,8.000000,18.000000,3.000000,5.000000,0.000000,6.000000,12.000000,2.000000,4.000000,0.000000,7.000000,15.000000,2.000000,5.000000,8097.000000,2266.000000,4820.000000,695.000000,601.000000,3.000000,
0.041357,0.055817,0.326571,0.008768,0.605254,-207763.027414,3.002335,2195607.000000,1874874.000000,3722527.000000,334752.000000,1282372.000000,1952.000000,539.000000,1146.000000,164.000000,144.000000,453.000000,125.000000,266.000000,38.000000,33.000000,2784.000000,769.000000,1633.000000,233.000000,205.000000,15.000000,8.000000,18.000000,3.000000,5.000000,0.000000,6.000000,12.000000,2.000000,4.000000,0.000000,7.000000,15.000000,2.000000,5.000000,8097.000000,2266.000000,4820.000000,695.000000,601.000000,3.000000,
0.041357,0.055817,0.326571,0.008768,0.605254,-207763.027414,3.002335,2195607.000000,1874874.000000,3722527.000000,334752.000000,1282372.000000,1952.000000,539.000000,1146.000000,164.000000,144.000000,453.000000,125.000000,266.000000,38.000000,33.000000,2784.000000,769.000000,1633.000000,233.000000,205.000000,15.000000,8.000000,18.000000,3.000000,5.000000,0.000000,6.000000,12.000000,2.000000,4.000000,0.000000,7.000000,15.000000,2.000000,5.000000,8097.000000,2266.000000,4820.000000,695.000000,601.000000,3.000000,
0.041357,0.055817,0.326571,0.008768,0.605254,-207763.027414,3.002335,2195607.000000,1874874.000000,3722527.000000,334752.000000,1282372.000000,1952.000000,539.000000,1146.000000,164.000000,144.000000,453.000000,125.000000,266.000000,38.000000,33.000000,2784.000000,769.000000,1633.000000,233.000000,205.000000,15.000000,8.000000,18.000000,3.000000,5.000000,0.000000,6.000000,12.000000,2.000000,4.000000,0.000000,7.000000,15.000000,2.000000,5.000000,8097.000000,2266.000000,4820.000000,695.000000,601.000000,3.000000,
0.041357,0.055817,0.326571,0.008768,0.605254,-207763.027414,3.002335,2195607.000000,1874874.000000,3722527.000000,334752.000000,1282372.000000,1952.000000,539.000000,1146.000000,164.000000,144.000000,453.000000,125.000000,266.000000,38.000000,33.000000,2784.000000,769.000000,1633.000000,233.000000,205.000000,15.000000,8.000000,18.000000,3.000000,5.000000,0.000000,6.000000,12.000000,2.000000,4.000000,0.000000,7.000000,15.000000,2.000000,5.000000,8097.000000,2266.000000,4820.000000,695.000000,601.000000,3.000000,
0.041357,0.055817,0.326571,0.008768,0.605254,-207763.027414,3.002335,2195607.000000,1874874.000000,3722527.000000,334752.000000,1282372.000000,1952.000000,539.000000,1146.000000,164.000000,144.000000,453.000000,125.000000,266.000000,38.000000,33.000000,2784.000000,769.000000,1633.000000,233.000000,205.000000,15.000000,8.000000,18.000000,3.000000,5.000000,0.000000,6.000000,12.000000,2.000000,4.000000,0.000000,7.000000,15.000000,2.000000,5.000000,8097.000000,2266.000000,4820.000000,695.000000,601.000000,3.000000,
0.041353,0.103813,0.329508,0.007787,0.563062,-207909.043216,3.007549,2195607.000000,1874874.000000,3722527.000000,334752.000000,1282372.000000,1952.000000,539.000000,1146.000000,164.000000,144.000000,453.000000,125.000000,266.000000,38.000000,33.000000,2784.000000,769.000000,1633.000000,233.000000,205.000000,15.000000,8.000000,18.000000,3.000000,5.000000,0.000000,6.000000,12.000000,2.000000,4.000000,0.000000,7.000000,15.000000,2.000000,5.000000,8097.000000,2266.000000,4820.000000,695.000000,601.000000,3.000000,
0.041225,0.164415,0.334945,0.005639,0.578805,-208180.606651,3.008350,2195607.000000,1874874.000000,3722527.000000,334752.000000,1282372.000000,1952.000000,539.000000,1146.000000,164.000000,144.000000,453.000000,125.000000,266.000000,38.000000,33.000000,2784.000000,769.000000,1633.000000,233.000000,205.000000,15.000000,8.000000,18.000000,3.000000,5.000000,0.000000,6.000000,12.000000,2.000000,4.000000,0.000000,7.000000,15.000000,2.000000,5.000000,8097.000000,2266.000000,4820.000000,695.000000,601.000000,3.000000,
0.041225,0.164415,0.334945,0.005639,0.578805,-208180.606651,3.008350,2195607.000000,1874874.000000,3722527.000000,334752.000000,1282372.000000,1952.000000,539.000000,1146.000000,164.000000,144.000000,453.000000,125.000000,266.000000,38.000000,33.000000,2784.000000,769.000000,1633.000000,233.000000,205.000000,15.000000,8.000000,18.000000,3.000000,5.000000,0.000000,6.000000,12.000000,2.000000,4.000000,0.000000,7.000000,15.000000,2.000000,5.000000,8097.000000,2266.000000,4820.000000,695.000000,601.000000,3.000000,
0.041225,0.164415,0.334945,0.005639,0.578805,-208180.606651,3.008350,2195607.000000,1874874.000000,3722527.000000,334752.000000,1282372.000000,1952.000000,539.000000,1146.000000,164.000000,144.000000,453.000000,125.000000,266.000000,38.000000,33.000000,2784.000000,769.000000,1633.000000,233.000000,205.000000,15.000000,8.000000,18.000000,3.000000,5.000000,0.000000,6.000000,12.000000,2.000000,4.000000,0.000000,7.000000,15.000000,2.000000,5.000000,8097.000000,2266.000000,4820.000000,695.000000,601.000000,3.000000,
0.041225,0.164415,0.334945,0.005639,0.578805,-208180.606651,3.008350,2195607.000000,1874874.000000,3722527.000000,334752.000000,1282372.000000,1952.000000,539.000000,1146.000000,164.000000,144.000000,453.000000,125.000000,266.000000,38.000000,33.000000,2784.000000,769.000000,1633.000000,233.000000,205.000000,15.000000,8.000000,18.000000,3.000000,5.000000,0.000000,6.000000,12.000000,2.000000,4.000000,0.000000,7.000000,15.000000,2.000000,5.000000,8097.000000,2266.000000,4820.000000,695.000000,601.000000,3.000000,
0.041225,0.164415,0.334945,0.005639,0.578805,-208180.606651,3.008350,2195607.000000,1874874.000000,3722527.000000,334752.000000,1282372.000000,1952.000000,539.000000,1146.000000,164.000000,144.000000,453.000000,125.000000,266.000000,38.000000,33.000000,2784.000000,769.000000,1633.000000,233.000000,205.000000,15.000000,8.000000,18.000000,3.000000,5.000000,0.000000,6.000000,12.000000,2.000000,4.000000,0.000000,7.000000,15.000000,2.000000,5.000000,8097.000000,2266.000000,4820.000000,695.000000,601.000000,3.000000,
0.040984,0.278206,0.347436,0.002435,0.513053,-208811.751441,3.013870,2195607.000000,1874874.000000,3722527.000000,334752.000000,1282372.000000,1952.000000,539.000000,1146.000000,164.000000,144.000000,453.000000,125.000000,266.000000,38.000000,33.000000,2784.000000,769.000000,1633.000000,233.000000,205.000000,15.000000,8.000000,18.000000,3.000000,5.000000,0.000000,6.000000,12.000000,2.000000,4.000000,0.000000,7.000000,15.000000,2.000000,5.000000,8097.000000,2266.000000,4820.000000,695.000000,601.000000,3.000000,
0.040984,0.278206,0.347436,0.002435,0.513053,-208811.751441,3.013870,2195607.000000,1874874.000000,3722527.000000,334752.000000,1282372.000000,1952.000000,539.000000,1146.000000,164.000000,144.000000,453.000000,125.000000,266.000000,38.000000,33.000000,2784.000000,769.000000,1633.000000,233.000000,205.000000,15.000000,8.000000,18.000000,3.000000,5.000000,0.000000,6.000000,12.000000,2.000000,4.000000,0.000000,7.000000,15.000000,2.000000,5.000000,8097.000000,2266.000000,4820.000000,695.000000,601.000000,3.000000,
0.040984,0.278206,0.347436,0.002435,0.513053,-208811.751441,3.013870,2195607.000000,1874874.000000,3722527.000000,334752.000000,1282372.000000,1952.000000,539.000000,1146.000000,164.000000,144.000000,453.000000,125.000000,266.000000,38.000000,33.000000,2784.000000,769.000000,1633.000000,233.000000,205.000000,15.000000,8.000000,18.000000,3.000000,5.000000,0.000000,6.000000,12.000000,2.000000,4.000000,0.000000,7.000000,15.000000,2.000000,5.000000,8097.000000,2266.000000,4820.000000,695.000000,601.000000,3.000000,
0.040984,0.278206,0.347436,0.002435,0.513053,-208811.751441,3.013870,2195607.000000,1874874.000000,3722527.000000,334752.000000,1282372.000000,1952.000000,539.000000,1146.000000,164.000000,144.000000,453.000000,125.000000,266.000000,38.000000,33.000000,2784.000000,769.000000,1633.000000,233.000000,205.000000,15.000000,8.000000,18.000000,3.000000,5.000000,0.000000,6.000000,12.000000,2.000000,4.000000,0.000000,7.000000,15.000000,2.000000,5.000000,8097.000000,2266.000000,4820.000000,695.000000,601.000000,3.000000,
0.041093,0.202912,0.344334,0.002412,0.550622,-208654.196670,3.016170,2195607.000000,1874874.000000,3722527.000000,334752.000000,1282372.000000,1952.000000,539.000000,1146.000000,164.000000,144.000000,453.000000,125.000000,266.000000,38.000000,33.000000,2784.000000,769.000000,1633.000000,233.000000,205.000000,15.000000,8.000000,18.000000,3.000000,5.000000,0.000000,6.000000,12.000000,2.000000,4.000000,0.000000,7.000000,15.000000,2.000000,5.000000,8097.000000,2266.000000,4820.000000,695.000000,601.000000,3.000000,
0.041322,0.199232,0.335498,0.002787,0.568973,-208208.531319,3.016507,2195607.000000,1874874.000000,3722527.000000,334752.000000,1282372.000000,1952.000000,539.000000,1146.000000,164.000000,144.000000,453.000000,125.000000,266.000000,38.000000,33.000000,2784.000000,769.000000,1633.000000,233.000000,205.000000,15.000000,8.000000,18.000000,3.000000,5.000000,0.000000,6.000000,12.000000,2.000000,4.000000,0.000000,7.000000,15.000000,2.000000,5.000000,8097.000000,2266.000000,4820.000000,695.000000,601.000000,3.000000,
0.041205,0.243396,0.338998,0.004376,0.549625,-208384.410486,3.014465,2195607.000000,1874874.000000,3722527.000000,334752.000000,1282372.000000,1952.000000,539.000000,1146.000000,164.000000,144.000000,453.000000,125.000000,266.000000,38.000000,33.000000,2784.000000,769.000000,1633.000000,233.000000,205.000000,15.000000,8.000000,18.000000,3.000000,5.000000,0.000000,6.000000,12.000000,2.000000,4.000000,0.000000,7.000000,15.000000,2.000000,5.000000,8097.000000,2266.000000,4820.000000,695.000000,601.000000,3.000000,
0.041205,0.243396,0.338998,0.004376,0.549625,-208384.410486,3.014465,2195607.000000,1874874.000000,3722527.000000,334752.000000,1282372.000000,1952.000000,539.000000,1146.000000,164.000000,144.000000,453.000000,125.000000,266.000000,38.000000,33.000000,2784.000000,769.000000,1633.000000,233.000000,205.000000,15.000000,8.000000,18.000000,3.000000,5.000000,0.000000,6.000000,12.000000,2.000000,4.000000,0.000000,7.000000,15.000000,2.000000,5.000000,8097.000000,2266.000000,4820.000000,695.000000,601.000000,3.000000,
0.041205,0.243396,0.338998,0.004376,0.549625,-208384.410486,3.014465,2195607.000000,1874874.000000,3722527.000000,334752.000000,1282372.000000,1952.000000,539.000000,1146.000000,164.000000,144.000000,453.000000,125.000000,266.000000,38.000000,33.000000,2784.000000,769.000000,1633.000000,233.000000,205.000000,15.000000,8.000000,18.000000,3.000000,5.000000,0.000000,6.000000,12.000000,2.000000,4.000000,0.000000,7.000000,15.000000,2.000000,5.000000,8097.000000,2266.000000,4820.000000,695.000000,601.000000,3.000000,
0.041205,0.243396,0.338998,0.004376,0.549625,-208384.410486,3.014465,2195607.000000,1874874.000000,3722527.000000,334752.000000,1282372.000000,1952.000000,539.000000,1146.000000,164.000000,144.000000,453.000000,125.000000,266.000000,38.000000,33.000000,2784.000000,769.000000,1633.000000,233.000000,205.000000,15.000000,8.000000,18.000000,3.000000,5.000000,0.000000,6.000000,12.000000,2.000000,4.000000,0.000000,7.000000,15.000000,2.000000,5.000000,8097.000000,2266.000000,4820.000000,695.000000,601.000000,3.000000,
0.041205,0.243396,0.338998,0.004376,0.549625,-208384.410486,3.014465,2195607.000000,1874874.000000,3722527.000000,334752.000000,1282372.000000,1952.000000,539.000000,1146.000000,164.000000,144.000000,453.000000,125.000000,266.000000,38.000000,33.000000,2784.000000,769.000000,1633.000000,233.000000,205.000000,15.000000,8.000000,18.000000,3.000000,5.000000,0.000000,6.000000,12.000000,2.000000,4.000000,0.000000,7.000000,15.000000,2.000000,5.000000,8097.000000,2266.000000,4820.000000,695.000000,601.000000,3.000000,
0.041205,0.243396,0.338998,0.004376,0.549625,-208384.410486,3.014465,2195607.000000,1874874.000000,3722527.000000,334752.000000,1282372.000000,1952.000000,539.000000,1146.000000,164.000000,144.000000,453.000000,125.000000,266.000000,38.000000,33.000000,2784.000000,769.000000,1633.000000,233.000000,205.000000,15.000000,8.000000,18.000000,3.000000,5.000000,0.000000,6.000000,12.000000,2.000000,4.000000,0.000000,7.000000,15.000000,2.000000,5.000000,8097.000000,2266.000000,4820.000000,695.000000,601.000000,3.000000,
0.041205,0.243396,0.338998,0.004376,0.549625,-208384.410486,3.014465,2195607.000000,1874874.000000,3722527.000000,334752.000000,1282372.000000,1952.000000,539.000000,1146.000000,164.000000,144.000000,453.000000,125.000000,266.000000,38.000000,33.000000,2784.000000,769.000000,1633.000000,233.000000,205.000000,15.000000,8.000000,18.000000,3.000000,5.000000,0.000000,6.000000,12.000000,2.000000,4.000000,0.000000,7.000000,15.000000,2.000000,5.000000,8097.000000,2266.000000,4820.000000,695.000000,601.000000,3.000000,
0.041205,0.243396,0.338998,0.004376,0.549625,-208384.410486,3.014465,2195607.000000,1874874.000000,3722527.000000,334752.000000,1282372.000000,1952.000000,539.000000,1146.000000,164.000000,144.000000,453.000000,125.000000,266.000000,38.000000,33.000000,2784.000000,769.000000,1633.000000,233.000000,205.000000,15.000000,8.000000,18.000000,3.000000,5.000000,0.000000,6.000000,12.000000,2.000000,4.000000,0.000000,7.000000,15.000000,2.000000,5.000000,8097.000000,2266.000000,4820.000000,695.000000,601.000000,3.000000,
0.041205,0.243396,0.338998,0.004376,0.549625,-208384.410486,3.014465,2195607.000000,1874874.000000,3722527.000000,334752.000000,1282372.000000,1952.000000,539.000000,1146.000000,164.000000,144.000000,453.000000,125.000000,266.000000,38.000000,33.000000,2784.000000,769.000000,1633.000000,233.000000,205.000000,15.000000,8.000000,18.000000,3.000000,5.000000,0.000000,6.000000,12.000000,2.000000,4.000000,0.000000,7.000000,15.000000,2.000000,5.000000,8097.000000,2266.000000,4820.000000,695.000000,601.000000,3.000000,
0.041205,0.243396,0.338998,0.004376,0.549625,-208384.410486,3.014465,2195607.000000,1874874.000000,3722527.000000,334752.000000,1282372.000000,1952.000000,539.000000,1146.000000,164.000000,144.000000,453.000000,125.000000,266.000000,38.000000,33.000000,2784.000000,769.000000,1633.000000,233.000000,205.000000,15.000000,8.000000,18.000000,3.000000,5.000000,0.000000,6.000000,12.000000,2.000000,4.000000,0.000000,7.000000,15.000000,2.000000,5.000000,8097.000000,2266.000000,4820.000000,695.000000,601.000000,3.000000,
0.041205,0.243396,0.338998,0.004376,0.549625,-208384.410486,3.014465,2195607.000000,1874874.000000,3722527.000000,334752.000000,1282372.000000,1952.000000,539.000000,1146.000000,164.000000,144.000000,453.000000,125.000000,266.000000,38.000000,33.000000,2784.000000,769.000000,1633.000000,233.000000,205.000000,15.000000,8.000000,18.000000,3.000000,5.000000,0.000000,6.000000,12.000000,2.000000,4.000000,0.000000,7.000000,15.000000,2.000000,5.000000,8097.000000,2266.000000,4820.000000,695.000000,601.000000,3.000000,
0.041205,0.243396,0.338998,0.004376,0.549625,-208384.410486,3.014465,2195607.000000,1874874.000000,3722527.000000,334752.000000,1282372.000000,1952.000000,539.000000,1146.000000,164.000000,144.000000,453.000000,125.000000,266.000000,38.000000,33.000000,2784.000000,769.000000,1633.000000,233.000000,205.000000,15.000000,8.000000,18.000000,3.000000,5.000000,0.000000,6.000000,12.000000,2.000000,4.000000,0.000000,7.000000,15.000000,2.000000,5.000000,8097.000000,2266.000000,4820.000000,695.000000,601.000000,3.000000,
0.041205,0.243396,0.338998,0.004376,0.549625,-208384.410486,3.014465,2195607.000000,1874874.000000,3722527.000000,334752.000000,1282372.000000,1952.000000,539.000000,1146.000000,164.000000,144.000000,453.000000,125.000000,266.000000,38.000000,33.000000,2784.000000,769.000000,1633.000000,233.000000,205.000000,15.000000,8.000000,18.000000,3.000000,5.000000,0.000000,6.000000,12.000000,2.000000,4.000000,0.000000,7.000000,15.000000,2.000000,5.000000,8097.000000,2266.000000,4820.000000,695.000000,601.000000,3.000000,
0.041137,0.164499,0.339924,0.004302,0.564834,-208430.992419,3.011188,2195607.000000,1874874.000000,3722527.000000,334752.000000,1282372.000000,1952.000000,539.000000,1146.000000,164.000000,144.000000,453.000000,125.000000,266.000000,38.000000,33.000000,2784.000000,769.000000,1633.000000,233.000000,205.000000,15.000000,8.000000,18.000000,3.000000,5.000000,0.000000,6.000000,12.000000,2.000000,4.000000,0.000000,7.000000,15.000000,2.000000,5.000000,8097.000000,2266.000000,4820.000000,695.000000,601.000000,3.000000,
0.041137,0.164499,0.339924,0.004302,0.564834,-208430.992419,3.011188,2195607.000000,1874874.000000,3722527.000000,334752.000000,1282372.000000,1952.000000,539.000000,1146.000000,164.000000,144.000000,453.000000,125.000000,266.000000,38.000000,33.000000,2784.000000,769.000000,1633.000000,233.000000,205.000000,15.000000,8.000000,18.000000,3.000000,5.000000,0.000000,6.000000,12.000000,2.000000,4.000000,0.000000,7.000000,15.000000,2.000000,5.000000,8097.000000,2266.000000,4820.000000,695.000000,601.000000,3.000000,
0.041137,0.164499,0.339924,0.004302,0.564834,-208430.992419,3.011188,2195607.000000,1874874.000000,3722527.000000,334752.000000,1282372.000000,1952.000000,539.000000,1146.000000,164.000000,144.000000,453.000000,125.000000,266.000000,38.000000,33.000000,2784.000000,769.000000,1633.000000,233.000000,205.000000,15.000000,8.000000,18.000000,3.000000,5.000000,0.000000,6.000000,12.000000,2.000000,4.000000,0.000000,7.000000,15.000000,2.000000,5.000000,8097.000000,2266.000000,4820.000000,695.000000,601.000000,3.000000,
0.041137,0.164499,0.339924,0.004302,0.564834,-208430.992419,3.011188,2195607.000000,1874874.000000,3722527.000000,334752.000000,1282372.000000,1952.000000,539.000000,1146.000000,164.000000,144.000000,453.000000,125.000000,266.000000,38.000000,33.000000,2784.000000,769.000000,1633.000000,233.000000,205.000000,15.000000,8.000000,18.000000,3.000000,5.000000,0.000000,6.000000,12.000000,2.000000,4.000000,0.000000,7.000000,15.000000,2.000000,5.000000,8097.000000,2266.000000,4820.000000,695.000000,601.000000,3.000000,
0.041166,0.167793,0.338632,0.007495,0.544057,-208365.900803,3.010895,2195607.000000,1874874.000000,3722527.000000,334752.000000,1282372.000000,1952.000000,539.000000,1146.000000,164.000000,144.000000,453.000000,125.000000,266.000000,38.000000,33.000000,2784.000000,769.000000,1633.000000,233.000000,205.000000,15.000000,8.000000,18.000000,3.000000,5.000000,0.000000,6.000000,12.000000,2.000000,4.000000,0.000000,7.000000,15.000000,2.000000,5.000000,8097.000000,2266.000000,4820.000000,695.000000,601.000000,3.000000,
0.041149,0.126663,0.338971,0.005497,0.555563,-208382.950891,3.010301,2195607.000000,1874874.000000,3722527.000000,334752.000000,1282372.000000,1952.000000,539.000000,1146.000000,164.000000,144.000000,453.000000,125.000000,266.000000,38.000000,33.000000,2784.000000,769.000000,1633.000000,233.000000,205.000000,15.000000,8.000000,18.000000,3.000000,5.000000,0.000000,6.000000,12.000000,2.000000,4.000000,0.000000,7.000000,15.000000,2.000000,5.000000,8097.000000,2266.000000,4820.000000,695.000000,601.000000,3.000000,
0.041149,0.126663,0.338971,0.005497,0.555563,-208382.950891,3.010301,2195607.000000,1874874.000000,3722527.000000,334752.000000,1282372.000000,1952.000000,539.000000,1146.000000,164.000000,144.000000,453.000000,125.000000,266.000000,38.000000,33.000000,2784.000000,769.000000,1633.000000,233.000000,205.000000,15.000000,8.000000,18.000000,3.000000,5.000000,0.000000,6.000000,12.000000,2.000000,4.000000,0.000000,7.000000,15.000000,2.000000,5.000000,8097.000000,2266.000000,4820.000000,695.000000,601.000000,3.000000,
0.041149,0.126663,0.338971,0.005497,0.555563,-208382.950891,3.010301,2195607.000000,1874874.000000,3722527.000000,334752.000000,1282372.000000,1952.000000,539.000000,1146.000000,164.000000,144.000000,453.000000,125.000000,266.000000,38.000000,33.000000,2784.000000,769.000000,1633.000000,233.000000,205.000000,15.000000,8.000000,18.000000,3.000000,5.000000,0.000000,6.000000,12.000000,2.000000,4.000000,0.000000,7.000000,15.000000,2.000000,5.000000,8097.000000,2266.000000,4820.000000,695.000000,601.000000,3.000000,
0.041149,0.126663,0.338971,0.005497,0.555563,-208382.950891,3.010301,2195607.000000,1874874.000000,3722527.000000,334752.000000,1282372.000000,1952.000000,539.000000,1146.000000,164.000000,144.000000,453.000000,125.000000,266.000000,38.000000,33.000000,2784.000000,769.000000,1633.000000,233.000000,205.000000,15.000000,8.000000,18.000000,3.000000,5.000000,0.000000,6.000000,12.000000,2.000000,4.000000,0.000000,7.000000,15.000000,2.000000,5.000000,8097.000000,2266.000000,4820.000000,695.000000,601.000000,3.000000,
0.041149,0.126663,0.338971,0.005497,0.555563,-208382.950891,3.010301,2195607.000000,1874874.000000,3722527.000000,334752.000000,1282372.000000,1952.000000,539.000000,1146.000000,164.000000,144.000000,453.000000,125.000000,266.000000,38.000000,33.000000,2784.000000,769.000000,1633.000000,233.000000,205.000000,15.000000,8.000000,18.000000,3.000000,5.000000,0.000000,6.000000,12.000000,2.000000,4.000000,0.000000,7.000000,15.000000,2.000000,5.000000,8097.000000,2266.000000,4820.000000,695.000000,601.000000,3.000000,
0.041149,0.126663,0.338971,0.005497,0.555563,-208382.950891,3.010301,2195607.000000,1874874.000000,3722527.000000,334752.000000,1282372.000000,1952.000000,539.000000,1146.000000,164.000000,144.000000,453.000000,125.000000,266.000000,38.000000,33.000000,2784.000000,769.000000,1633.000000,233.000000,205.000000,15.000000,8.000000,18.000000,3.000000,5.000000,0.000000,6.000000,12.000000,2.000000,4.000000,0.000000,7.000000,15.000000,2.000000,5.000000,8097.000000,2266.000000,4820.000000,695.000000,601.000000,3.000000,
0.041149,0.126663,0.338971,0.005497,0.555563,-208382.950891,3.010301,2195607.000000,1874874.000000,3722527.000000,334752.000000,1282372.000000,1952.000000,539.000000,1146.000000,164.000000,144.000000,453.000000,125.000000,266.000000,38.000000,33.000000,2784.000000,769.000000,1633.000000,233.000000,205.000000,15.000000,8.000000,18.000000,3.000000,5.000000,0.000000,6.000000,12.000000,2.000000,4.000000,0.000000,7.000000,15.000000,2.000000,5.000000,8097.000000,2266.000000,4820.000000,695.000000,601.000000,3.000000,
0.041149,0.126663,0.338971,0.005497,0.555563,-208382.950891,3.010301,2195607.000000,1874874.000000,3722527.000000,334752.000000,1282372.000000,1952.000000,539.000000,1146.000000,164.000000,144.000000,453.000000,125.000000,266.000000,38.000000,33.000000,2784.000000,769.000000,1633.000000,233.000000,205.000000,15.000000,8.000000,18.000000,3.000000,5.000000,0.000000,6.000000,12.000000,2.000000,4.000000,0.000000,7.000000,15.000000,2.000000,5.000000,8097.000000,2266.000000,4820.000000,695.000000,601.000000,3.000000,
0.041149,0.126663,0.338971,0.005497,0.555563,-208382.950891,3.010301,2195607.000000,1874874.000000,3722527.000000,334752.000000,1282372.000000,1952.000000,539.000000,1146.000000,164.000000,144.000000,453.000000,125.000000,266.000000,38.000000,33.000000,2784.000000,769.000000,1633.000000,233.000000,205.000000,15.000000,8.000000,18.000000,3.000000,5.000000,0.000000,6.000000,12.000000,2.000000,4.000000,0.000000,7.000000,15.000000,2.000000,5.000000,8097.000000,2266.000000,4820.000000,695.000000,601.000000,3.000000,
0.041149,0.126663,0.338971,0.005497,0.555563,-208382.950891,3.010301,2195607.000000,1874874.000000,3722527.000000,334752.000000,1282372.000000,1952.000000,539.000000,1146.000000,164.000000,144.000000,453.000000,125.000000,266.000000,38.000000,33.000000,2784.000000,769.000000,1633.000000,233.000000,205.000000,15.000000,8.000000,18.000000,3.000000,5.000000,0.000000,6.000000,12.000000,2.000000,4.000000,0.000000,7.000000,15.000000,2.000000,5.000000,8097.000000,2266.000000,4820.000000,695.000000,601.000000,3.000000,
0.041149,0.126663,0.338971,0.005497,0.555563,-208382.950891,3.010301,2195607.000000,1874874.000000,3722527.000000,334752.000000,1282372.000000,1952.000000,539.000000,1146.000000,164.000000,144.000000,453.000000,125.000000,266.000000,38.000000,33.000000,2784.000000,769.000000,1633.000000,233.000000,205.000000,15.000000,8.000000,18.000000,3.000000,5.000000,0.000000,6.000000,12.000000,2.000000,4.000000,0.000000,7.000000,15.000000,2.000000,5.000000,8097.000000,2266.000000,4820.000000,695.000000,601.000000,3.000000,
0.041149,0.126663,0.338971,0.005497,0.555563,-208382.950891,3.010301,2195607.000000,1874874.000000,3722527.000000,334752.000000,1282372.000000,1952.000000,539.000000,1146.000000,164.000000,144.000000,453.000000,125.000000,266.000000,38.000000,33.000000,2784.000000,769.000000,1633.000000,233.000000,205.000000,15.000000,8.000000,18.000000,3.000000,5.000000,0.000000,6.000000,12.000000,2.000000,4.000000,0.000000,7.000000,15.000000,2.000000,5.000000,8097.000000,2266.000000,4820.000000,695.000000,601.000000,3.000000,
0.041149,0.126663,0.338971,0.005497,0.555563,-208382.950891,3.010301,2195607.000000,1874874.000000,3722527.000000,334752.000000,1282372.000000,1952.000000,539.000000,1146.000000,164.000000,144.000000,453.000000,125.000000,266.000000,38.000000,33.000000,2784.000000,769.000000,1633.000000,233.000000,205.000000,15.000000,8.000000,18.000000,3.000000,5.000000,0.000000,6.000000,12.000000,2.000000,4.000000,0.000000,7.000000,15.000000,2.000000,5.000000,8097.000000,2266.000000,4820.000000,695.000000,601.000000,3.000000,
0.041149,0.126663,0.338971,0.005497,0.555563,-208382.950891,3.010301,2195607.000000,1874874.000000,3722527.000000,334752.000000,1282372.000000,1952.000000,539.000000,1146.000000,164.000000,144.000000,453.000000,125.000000,266.000000,38.000000,33.000000,2784.000000,769.000000,1633.000000,233.000000,205.000000,15.000000,8.000000,18.000000,3.000000,5.000000,0.000000,6.000000,12.000000,2.000000,4.000000,0.000000,7.000000,15.000000,2.000000,5.000000,8097.000000,2266.000000,4820.000000,695.000000,601.000000,3.000000,
0.041149,0.126663,0.338971,0.005497,0.555563,-208382.950891,3.010301,2195607.000000,1874874.000000,3722527.000000,334752.000000,1282372.000000,1952.000000,539.000000,1146.000000,164.000000,144.000000,453.000000,125.000000,266.000000,38.000000,33.000000,2784.000000,769.000000,1633.000000,233.000000,205.000000,15.000000,8.000000,18.000000,3.000000,5.000000,0.000000,6.000000,12.000000,2.000000,4.000000,0.000000,7.000000,15.000000,2.000000,5.000000,8097.000000,2266.000000,4820.000000,695.000000,601.000000,3.000000,
0.041149,0.126663,0.338971,0.005497,0.555563,-208382.950891,3.010301,2195607.000000,1874874.000000,3722527.000000,334752.000000,1282372.000000,1952.000000,539.000000,1146.000000,164.000000,144.000000,453.000000,125.000000,266.000000,38.000000,33.000000,2784.000000,769.000000,1633.000000,233.000000,205.000000,15.000000,8.000000,18.000000,3.000000,5.000000,0.000000,6.000000,12.000000,2.000000,4.000000,0.000000,7.000000,15.000000,2.000000,5.000000,8097.000000,2266.000000,4820.000000,695.000000,601.000000,3.000000,
0.041131,0.155731,0.335479,0.005037,0.627337,-208207.230411,3.002491,2195607.000000,1874874.000000,3722527.000000,334752.000000,1282372.000000,1952.000000,539.000000,1146.000000,164.000000,144.000000,453.000000,125.000000,266.000000,38.000000,33.000000,2784.000000,769.000000,1633.000000,233.000000,205.000000,15.000000,8.000000,18.000000,3.000000,5.000000,0.000000,6.000000,12.000000,2.000000,4.000000,0.000000,7.000000,15.000000,2.000000,5.000000,8097.000000,2266.000000,4820.000000,695.000000,601.000000,3.000000,
0.041142,0.142783,0.333446,0.006639,0.583394,-208105.350404,2.999549,2195607.000000,1874874.000000,3722527.000000,334752.000000,1282372.000000,1952.000000,539.000000,1146.000000,164.000000,144.000000,453.000000,125.000000,266.000000,38.000000,33.000000,2784.000000,769.000000,1633.000000,233.000000,205.000000,15.000000,8.000000,18.000000,3.000000,5.000000,0.000000,6.000000,12.000000,2.000000,4.000000,0.000000,7.000000,15.000000,2.000000,5.000000,8097.000000,2266.000000,4820.000000,695.000000,601.000000,3.000000,
0.041142,0.142783,0.333446,0.006639,0.583394,-208105.350404,2.999549,2195607.000000,1874874.000000,3722527.000000,334752.000000,1282372.000000,1952.000000,539.000000,1146.000000,164.000000,144.000000,453.000000,125.000000,266.000000,38.000000,33.000000,2784.000000,769.000000,1633.000000,233.000000,205.000000,15.000000,8.000000,18.000000,3.000000,5.000000,0.000000,6.000000,12.000000,2.000000,4.000000,0.000000,7.000000,15.000000,2.000000,5.000000,8097.000000,2266.000000,4820.000000,695.000000,601.000000,3.000000,
0.041142,0.142783,0.333446,0.006639,0.583394,-208105.350404,2.999549,2195607.000000,1874874.000000,3722527.000000,334752.000000,1282372.000000,1952.000000,539.000000,1146.000000,164.000000,144.000000,453.000000,125.000000,266.000000,38.000000,33.000000,2784.000000,769.000000,1633.000000,233.000000,205.000000,15.000000,8.000000,18.000000,3.000000,5.000000,0.000000,6.000000,12.000000,2.000000,4.000000,0.000000,7.000000,15.000000,2.000000,5.000000,8097.000000,2266.000000,4820.000000,695.000000,601.000000,3.000000,
0.041142,0.142783,0.333446,0.006639,0.583394,-208105.350404,2.999549,2195607.000000,1874874.000000,3722527.000000,334752.000000,1282372.000000,1952.000000,539.000000,1146.000000,164.000000,144.000000,453.000000,125.000000,266.000000,38.000000,33.000000,2784.000000,769.000000,1633.000000,233.000000,205.000000,15.000000,8.000000,18.000000,3.000000,5.000000,0.000000,6.000000,12.000000,2.000000,4.000000,0.000000,7.000000,15.000000,2.000000,5.000000,8097.000000,2266.000000,4820.000000,695.000000,601.000000,3.000000,
0.041142,0.142783,0.333446,0.006639,0.583394,-208105.350404,2.999549,2195607.000000,1874874.000000,3722527.000000,334752.000000,1282372.000000,1952.000000,539.000000,1146.000000,164.000000,144.000000,453.000000,125.000000,266.000000,38.000000,33.000000,2784.000000,769.000000,1633.000000,233.000000,205.000000,15.000000,8.000000,18.000000,3.000000,5.000000,0.000000,6.000000,12.000000,2.000000,4.000000,0.000000,7.000000,15.000000,2.000000,5.000000,8097.000000,2266.000000,4820.000000,695.000000,601.000000,3.000000,
0.041142,0.142783,0.333446,0.006639,0.583394,-208105.350404,2.999549,2195607.000000,1874874.000000,3722527.000000,334752.000000,1282372.000000,1952.000000,539.000000,1146.000000,164.000000,144.000000,453.000000,125.000000,266.000000,38.000000,33.000000,2784.000000,769.000000,1633.000000,233.000000,205.000000,15.000000,8.000000,18.000000,3.000000,5.000000,0.000000,6.000000,12.000000,2.000000,4.000000,0.000000,7.000000,15.000000,2.000000,5.000000,8097.000000,2266.000000,4820.000000,695.000000,601.000000,3.000000,
0.041142,0.142783,0.333446,0.006639,0.583394,-208105.350404,2.999549,2195607.000000,1874874.000000,3722527.000000,334752.000000,1282372.000000,1952.000000,539.000000,1146.000000,164.000000,144.000000,453.000000,125.000000,266.000000,38.000000,33.000000,2784.000000,769.000000,1633.000000,233.000000,205.000000,15.000000,8.000000,18.000000,3.000000,5.000000,0.000000,6.000000,12.000000,2.000000,4.000000,0.000000,7.000000,15.000000,2.000000,5.000000,8097.000000,2266.000000,4820.000000,695.000000,601.000000,3.000000,
0.041142,0.142783,0.333446,0.006639,0.583394,-208105.350404,2.999549,2195607.000000,1874874.000000,3722527.000000,334752.000000,1282372.000000,1952.000000,539.000000,1146.000000,164.000000,144.000000,453.000000,125.000000,266.000000,38.000000,33.000000,2784.000000,769.000000,1633.000000,233.000000,205.000000,15.000000,8.000000,18.000000,3.000000,5.000000,0.000000,6.000000,12.000000,2.000000,4.000000,0.000000,7.000000,15.000000,2.000000,5.000000,8097.000000,2266.000000,4820.000000,695.000000,601.000000,3.000000,
0.041142,0.142783,0.333446,0.006639,0.583394,-208105.350404,2.999549,2195607.000000,1874874.000000,3722527.000000,334752.000000,1282372.000000,1952.000000,539.000000,1146.000000,164.000000,144.000000,453.000000,125.000000,266.000000,38.000000,33.000000,2784.000000,769.000000,1633.000000,233.000000,205.000000,15.000000,8.000000,18.000000,3.000000,5.000000,0.000000,6.000000,12.000000,2.000000,4.000000,0.000000,7.000000,15.000000,2.000000,5.000000,8097.000000,2266.000000,4820.000000,695.000000,601.000000,3.000000,
0.041142,0.142783,0.333446,0.006639,0.583394,-208105.350404,2.999549,2195607.000000,1874874.000000,3722527.000000,334752.000000,1282372.000000,1952.000000,539.000000,1146.000000,164.000000,144.000000,453.000000,125.000000,266.000000,38.000000,33.000000,2784.000000,769.000000,1633.000000,233.000000,205.000000,15.000000,8.000000,18.000000,3.000000,5.000000,0.000000,6.000000,12.000000,2.000000,4.000000,0.000000,7.000000,15.000000,2.000000,5.000000,8097.000000,2266.000000,4820.000000,695.000000,601.000000,3.000000,
0.041142,0.142783,0.333446,0.006639,0.583394,-208105.350404,2.999549,2195607.000000,1874874.000000,3722527.000000,334752.000000,1282372.000000,1952.000000,539.000000,1146.000000,164.000000,144.000000,453.000000,125.000000,266.000000,38.000000,33.000000,2784.000000,769.000000,1633.000000,233.000000,205.000000,15.000000,8.000000,18.000000,3.000000,5.000000,0.000000,6.000000,12.000000,2.000000,4.000000,0.000000,7.000000,15.000000,2.000000,5.000000,8097.000000,2266.000000,4820.000000,695.000000,601.000000,3.000000,
0.041323,0.087779,0.323617,0.007751,0.608932,-207616.667926,2.994420,2195607.000000,1874874.000000,3722527.000000,334752.000000,1282372.000000,1952.000000,539.000000,1146.000000,164.000000,144.000000,453.000000,125.000000,266.000000,38.000000,33.000000,2784.000000,769.000000,1633.000000,233.000000,205.000000,15.000000,8.000000,18.000000,3.000000,5.000000,0.000000,6.000000,12.000000,2.000000,4.000000,0.000000,7.000000,15.000000,2.000000,5.000000,8097.000000,2266.000000,4820.000000,695.000000,601.000000,3.000000,
0.041389,0.052124,0.318062,0.009037,0.600221,-207343.104965,2.988764,2195607.000000,1874874.000000,3722527.000000,334752.000000,1282372.000000,1952.000000,539.000000,1146.000000,164.000000,144.000000,453.000000,125.000000,266.000000,38.000000,33.000000,2784.000000,769.000000,1633.000000,233.000000,205.000000,15.000000,8.000000,18.000000,3.000000,5.000000,0.000000,6.000000,12.000000,2.000000,4.000000,0.000000,7.000000,15.000000,2.000000,5.000000,8097.000000,2266.000000,4820.000000,695.000000,601.000000,3.000000,
0.041389,0.052124,0.318062,0.009037,0.600221,-207343.104965,2.988764,2195607.000000,1874874.000000,3722527.000000,334752.000000,1282372.000000,1952.000000,539.000000,1146.000000,164.000000,144.000000,453.000000,125.000000,266.000000,38.000000,33.000000,2784.000000,769.000000,1633.000000,233.000000,205.000000,15.000000,8.000000,18.000000,3.000000,5.000000,0.000000,6.000000,12.000000,2.000000,4.000000,0.000000,7.000000,15.000000,2.000000,5.000000,8097.000000,2266.000000,4820.000000,695.000000,601.000000,3.000000,
0.041389,0.052124,0.318062,0.009037,0.600221,-207343.104965,2.988764,2195607.000000,1874874.000000,3722527.000000,334752.000000,1282372.000000,1952.000000,539.000000,1146.000000,164.000000,144.000000,453.000000,125.000000,266.000000,38.000000,33.000000,2784.000000,769.000000,1633.000000,233.000000,205.000000,15.000000,8.000000,18.000000,3.000000,5.000000,0.000000,6.000000,12.000000,2.000000,4.000000,0.000000,7.000000,15.000000,2.000000,5.000000,8097.000000,2266.000000,4820.000000,695.000000,601.000000,3.000000,
0.041389,0.052124,0.318062,0.009037,0.600221,-207343.104965,2.988764,2195607.000000,1874874.000000,3722527.000000,334752.000000,1282372.000000,1952.000000,539.000000,1146.000000,164.000000,144.000000,453.000000,125.000000,266.000000,38.000000,33.000000,2784.000000,769.000000,1633.000000,233.000000,205.000000,15.000000,8.000000,18.000000,3.000000,5.000000,0.000000,6.000000,12.000000,2.000000,4.000000,0.000000,7.000000,15.000000,2.000000,5.000000,8097.000000,2266.000000,4820.000000,695.000000,601.000000,3.000000,
0.041538,0.053619,0.313825,0.012321,0.660934,-207135.919369,2.991575,2195607.000000,1874874.000000,3722527.000000,334752.000000,1282372.000000,1952.000000,539.000000,1146.000000,164.000000,144.000000,453.000000,125.000000,266.000000,38.000000,33.000000,2784.000000,769.000000,1633.000000,233.000000,205.000000,15.000000,8.000000,18.000000,3.000000,5.000000,0.000000,6.000000,12.000000,2.000000,4.000000,0.000000,7.000000,15.000000,2.000000,5.000000,8097.000000,2266.000000,4820.000000,695.000000,601.000000,3.000000,
0.041538,0.053619,0.313825,0.012321,0.660934,-207135.919369,2.991575,2195607.000000,1874874.000000,3722527.000000,334752.000000,1282372.000000,1952.000000,539.000000,1146.000000,164.000000,144.000000,453.000000,125.000000,266.000000,38.000000,33.000000,2784.000000,769.000000,1633.000000,233.000000,205.000000,15.000000,8.000000,18.000000,3.000000,5.000000,0.000000,6.000000,12.000000,2.000000,4.000000,0.000000,7.000000,15.000000,2.000000,5.000000,8097.000000,2266.000000,4820.000000,695.000000,601.000000,3.000000,
0.041538,0.053619,0.313825,0.012321,0.660934,-207135.919369,2.991575,2195607.000000,1874874.000000,3722527.000000,334752.000000,1282372.000000,1952.000000,539.000000,1146.000000,164.000000,144.000000,453.000000,125.000000,266.000000,38.000000,33.000000,2784.000000,769.000000,1633.000000,233.000000,205.000000,15.000000,8.000000,18.000000,3.000000,5.000000,0.000000,6.000000,12.000000,2.000000,4.000000,0.000000,7.000000,15.000000,2.000000,5.000000,8097.000000,2266.000000,4820.000000,695.000000,601.000000,3.000000,
0.041538,0.053619,0.313825,0.012321,0.660934,-207135.919369,2.991575,2195607.000000,1874874.000000,3722527.000000,334752.000000,1282372.000000,1952.000000,539.000000,1146.000000,164.000000,144.000000,453.000000,125.000000,266.000000,38.000000,33.000000,2784.000000,769.000000,1633.000000,233.000000,205.000000,15.000000,8.000000,18.000000,3.000000,5.000000,0.000000,6.000000,12.000000,2.000000,4.000000,0.000000,7.000000,15.000000,2.000000,5.000000,8097.000000,2266.000000,4820.000000,695.000000,601.000000,3.000000,
0.041538,0.053619,0.313825,0.012321,0.660934,-207135.919369,2.991575,2195607.000000,1874874.000000,3722527.000000,334752.000000,1282372.000000,1952.000000,539.000000,1146.000000,164.000000,144.000000,453.000000,125.000000,266.000000,38.000000,33.000000,2784.000000,769.000000,1633.000000,233.000000,205.000000,15.000000,8.000000,18.000000,3.000000,5.000000,0.000000,6.000000,12.000000,2.000000,4.000000,0.000000,7.000000,15.000000,2.000000,5.000000,8097.000000,2266.000000,4820.000000,695.000000,601.000000,3.000000,
0.041569,0.056348,0.312990,0.014481,0.671735,-207095.232512,2.992277,2195607.000000,1874874.000000,3722527.000000,334752.000000,1282372.000000,1952.000000,539.000000,1146.000000,164.000000,144.000000,453.000000,125.000000,266.000000,38.000000,33.000000,2784.000000,769.000000,1633.000000,233.000000,205.000000,15.000000,8.000000,18.000000,3.000000,5.000000,0.000000,6.000000,12.000000,2.000000,4.000000,0.000000,7.000000,15.000000,2.000000,5.000000,8097.000000,2266.000000,4820.000000,695.000000,601.000000,3.000000,
0.041569,0.056348,0.312990,0.014481,0.671735,-207095.232512,2.992277,2195607.000000,1874874.000000,3722527.000000,334752.000000,1282372.000000,1952.000000,539.000000,1146.000000,164.000000,144.000000,453.000000,125.000000,266.000000,38.000000,33.000000,2784.000000,769.000000,1633.000000,233.000000,205.000000,15.000000,8.000000,18.000000,3.000000,5.000000,0.000000,6.000000,12.000000,2.000000,4.000000,0.000000,7.000000,15.000000,2.000000,5.000000,8097.000000,2266.000000,4820.000000,695.000000,601.000000,3.000000,
0.041569,0.056348,0.312990,0.014481,0.671735,-207095.232512,2.992277,2195607.000000,1874874.000000,3722527.000000,334752.000000,1282372.000000,1952.000000,539.000000,1146.000000,164.000000,144.000000,453.000000,125.000000,266.000000,38.000000,33.000000,2784.000000,769.000000,1633.000000,233.000000,205.000000,15.000000,8.000000,18.000000,3.000000,5.000000,0.000000,6.000000,12.000000,2.000000,4.000000,0.000000,7.000000,15.000000,2.000000,5.000000,8097.000000,2266.000000,4820.000000,695.000000,601.000000,3.000000,
0.041569,0.056348,0.312990,0.014481,0.671735,-207095.232512,2.992277,2195607.000000,1874874.000000,3722527.000000,334752.000000,1282372.000000,1952.000000,539.000000,1146.000000,164.000000,144.000000,453.000000,125.000000,266.000000,38.000000,33.000000,2784.000000,769.000000,1633.000000,233.000000,205.000000,15.000000,8.000000,18.000000,3.000000,5.000000,0.000000,6.000000,12.000000,2.000000,4.000000,0.000000,7.000000,15.000000,2.000000,5.000000,8097.000000,2266.000000,4820.000000,695.000000,601.000000,3.000000,
0.041569,0.056348,0.312990,0.014481,0.671735,-207095.232512,2.992277,2195607.000000,1874874.000000,3722527.000000,334752.000000,1282372.000000,1952.000000,539.000000,1146.000000,164.000000,144.000000,453.000000,125.000000,266.000000,38.000000,33.000000,2784.000000,769.000000,1633.000000,233.000000,205.000000,15.000000,8.000000,18.000000,3.000000,5.000000,0.000000,6.000000,12.000000,2.000000,4.000000,0.000000,7.000000,15.000000,2.000000,5.000000,8097.000000,2266.000000,4820.000000,695.000000,601.000000,3.000000,
0.041569,0.056348,0.312990,0.014481,0.671735,-207095.232512,2.992277,2195607.000000,1874874.000000,3722527.000000,334752.000000,1282372.000000,1952.000000,539.000000,1146.000000,164.000000,144.000000,453.000000,125.000000,266.000000,38.000000,33.000000,2784.000000,769.000000,1633.000000,233.000000,205.000000,15.000000,8.000000,18.000000,3.000000,5.000000,0.000000,6.000000,12.000000,2.000000,4.000000,0.000000,7.000000,15.000000,2.000000,5.000000,8097.000000,2266.000000,4820.000000,695.000000,601.000000,3.000000,
0.041569,0.056348,0.312990,0.014481,0.671735,-207095.232512,2.992277,2195607.000000,1874874.000000,3722527.000000,334752.000000,1282372.000000,1952.000000,539.000000,1146.000000,164.000000,144.000000,453.000000,125.000000,266.000000,38.000000,33.000000,2784.000000,769.000000,1633.000000,233.000000,205.000000,15.000000,8.000000,18.000000,3.000000,5.000000,0.000000,6.000000,12.000000,2.000000,4.000000,0.000000,7.000000,15.000000,2.000000,5.000000,8097.000000,2266.000000,4820.000000,695.000000,601.000000,3.000000,
0.041569,0.056348,0.312990,0.014481,0.671735,-207095.232512,2.992277,2195607.000000,1874874.000000,3722527.000000,334752.000000,1282372.000000,1952.000000,539.000000,1146.000000,164.000000,144.000000,453.000000,125.000000,266.000000,38.000000,33.000000,2784.000000,769.000000,1633.000000,233.000000,205.000000,15.000000,8.000000,18.000000,3.000000,5.000000,0.000000,6.000000,12.000000,2.000000,4.000000,0.000000,7.000000,15.000000,2.000000,5.000000,8097.000000,2266.000000,4820.000000,695.000000,601.000000,3.000000,
0.041569,0.056348,0.312990,0.014481,0.671735,-207095.232512,2.992277,2195607.000000,1874874.000000,3722527.000000,334752.000000,1282372.000000,1952.000000,539.000000,1146.000000,164.000000,144.000000,453.000000,125.000000,266.000000,38.000000,33.000000,2784.000000,769.000000,1633.000000,233.000000,205.000000,15.000000,8.000000,18.000000,3.000000,5.000000,0.000000,6.000000,12.000000,2.000000,4.000000,0.000000,7.000000,15.000000,2.000000,5.000000,8097.000000,2266.000000,4820.000000,695.000000,601.000000,3.000000,
0.041569,0.056348,0.312990,0.014481,0.671735,-207095.232512,2.992277,2195607.000000,1874874.000000,3722527.000000,334752.000000,1282372.000000,1952.000000,539.000000,1146.000000,164.000000,144.000000,453.000000,125.000000,266.000000,38.000000,33.000000,2784.000000,769.000000,1633.000000,233.000000,205.000000,15.000000,8.000000,18.000000,3.000000,5.000000,0.000000,6.000000,12.000000,2.000000,4.000000,0.000000,7.000000,15.000000,2.000000,5.000000,8097.000000,2266.000000,4820.000000,695.000000,601.000000,3.000000,
0.041530,0.038541,0.316565,0.022403,0.559330,-207269.944733,2.996192,2195607.000000,1874874.000000,3722527.000000,334752.000000,1282372.000000,1952.000000,539.000000,1146.000000,164.000000,144.000000,453.000000,125.000000,266.000000,38.000000,33.000000,2784.000000,769.000000,1633.000000,233.000000,205.000000,15.000000,8.000000,18.000000,3.000000,5.000000,0.000000,6.000000,12.000000,2.000000,4.000000,0.000000,7.000000,15.000000,2.000000,5.000000,8097.000000,2266.000000,4820.000000,695.000000,601.000000,3.000000,
0.041530,0.038541,0.316565,0.022403,0.559330,-207269.944733,2.996192,2195607.000000,1874874.000000,3722527.000000,334752.000000,1282372.000000,1952.000000,539.000000,1146.000000,164.000000,144.000000,453.000000,125.000000,266.000000,38.000000,33.000000,2784.000000,769.000000,1633.000000,233.000000,205.000000,15.000000,8.000000,18.000000,3.000000,5.000000,0.000000,6.000000,12.000000,2.000000,4.000000,0.000000,7.000000,15.000000,2.000000,5.000000,8097.000000,2266.000000,4820.000000,695.000000,601.000000,3.000000,
0.041530,0.038541,0.316565,0.022403,0.559330,-207269.944733,2.996192,2195607.000000,1874874.000000,3722527.000000,334752.000000,1282372.000000,1952.000000,539.000000,1146.000000,164.000000,144.000000,453.000000,125.000000,266.000000,38.000000,33.000000,2784.000000,769.000000,1633.000000,233.000000,205.000000,15.000000,8.000000,18.000000,3.000000,5.000000,0.000000,6.000000,12.000000,2.000000,4.000000,0.000000,7.000000,15.000000,2.000000,5.000000,8097.000000,2266.000000,4820.000000,695.000000,601.000000,3.000000,
0.041451,0.020912,0.321585,0.024876,0.559092,-207516.537317,2.999851,2195607.000000,1874874.000000,3722527.000000,334752.000000,1282372.000000,1952.000000,539.000000,1146.000000,164.000000,144.000000,453.000000,125.000000,266.000000,38.000000,33.000000,2784.000000,769.000000,1633.000000,233.000000,205.000000,15.000000,8.000000,18.000000,3.000000,5.000000,0.000000,6.000000,12.000000,2.000000,4.000000,0.000000,7.000000,15.000000,2.000000,5.000000,8097.000000,2266.000000,4820.000000,695.000000,601.000000,3.000000,
0.041451,0.020912,0.321585,0.024876,0.559092,-207516.537317,2.999851,2195607.000000,1874874.000000,3722527.000000,334752.000000,1282372.000000,1952.000000,539.000000,1146.000000,164.000000,144.000000,453.000000,125.000000,266.000000,38.000000,33.000000,2784.000000,769.000000,1633.000000,233.000000,205.000000,15.000000,8.000000,18.000000,3.000000,5.000000,0.000000,6.000000,12.000000,2.000000,4.000000,0.000000,7.000000,15.000000,2.000000,5.000000,8097.000000,2266.000000,4820.000000,695.000000,601.000000,3.000000,
0.041451,0.020912,0.321585,0.024876,0.559092,-207516.537317,2.999851,2195607.000000,1874874.000000,3722527.000000,334752.000000,1282372.000000,1952.000000,539.000000,1146.000000,164.000000,144.000000,453.000000,125.000000,266.000000,38.000000,33.000000,2784.000000,769.000000,1633.000000,233.000000,205.000000,15.000000,8.000000,18.000000,3.000000,5.000000,0.000000,6.000000,12.000000,2.000000,4.000000,0.000000,7.000000,15.000000,2.000000,5.000000,8097.000000,2266.000000,4820.000000,695.000000,601.000000,3.000000,
0.041451,0.020912,0.321585,0.024876,0.559092,-207516.537317,2.999851,2195607.000000,1874874.000000,3722527.000000,334752.000000,1282372.000000,1952.000000,539.000000,1146.000000,164.000000,144.000000,453.000000,125.000000,266.000000,38.000000,33.000000,2784.000000,769.000000,1633.000000,233.000000,205.000000,15.000000,8.000000,18.000000,3.000000,5.000000,0.000000,6.000000,12.000000,2.000000,4.000000,0.000000,7.000000,15.000000,2.000000,5.000000,8097.000000,2266.000000,4820.000000,695.000000,601.000000,3.000000,
0.041451,0.020912,0.321585,0.024876,0.559092,-207516.537317,2.999851,2195607.000000,1874874.000000,3722527.000000,334752.000000,1282372.000000,1952.000000,539.000000,1146.000000,164.000000,144.000000,453.000000,125.000000,266.000000,38.000000,33.000000,2784.000000,769.000000,1633.000000,233.000000,205.000000,15.000000,8.000000,18.000000,3.000000,5.000000,0.000000,6.000000,12.000000,2.000000,4.000000,0.000000,7.000000,15.000000,2.000000,5.000000,8097.000000,2266.000000,4820.000000,695.000000,601.000000,3.000000,
0.041361,0.031061,0.325152,0.017271,0.610005,-207692.692860,3.000016,2195607.000000,1874874.000000,3722527.000000,334752.000000,1282372.000000,1952.000000,539.000000,1146.000000,164.000000,144.000000,453.000000,125.000000,266.000000,38.000000,33.000000,2784.000000,769.000000,1633.000000,233.000000,205.000000,15.000000,8.000000,18.000000,3.000000,5.000000,0.000000,6.000000,12.000000,2.000000,4.000000,0.000000,7.000000,15.000000,2.000000,5.000000,8097.000000,2266.000000,4820.000000,695.000000,601.000000,3.000000,
0.041361,0.031061,0.325152,0.017271,0.610005,-207692.692860,3.000016,2195607.000000,1874874.000000,3722527.000000,334752.000000,1282372.000000,1952.000000,539.000000,1146.000000,164.000000,144.000000,453.000000,125.000000,266.000000,38.000000,33.000000,2784.000000,769.000000,1633.000000,233.000000,205.000000,15.000000,8.000000,18.000000,3.000000,5.000000,0.000000,6.000000,12.000000,2.000000,4.000000,0.000000,7.000000,15.000000,2.000000,5.000000,8097.000000,2266.000000,4820.000000,695.000000,601.000000,3.000000,
0.041361,0.031061,0.325152,0.017271,0.610005,-207692.692860,3.000016,2195607.000000,1874874.000000,3722527.000000,334752.000000,1282372.000000,1952.000000,539.000000,1146.000000,164.000000,144.000000,453.000000,125.000000,266.000000,38.000000,33.000000,2784.000000,769.000000,1633.000000,233.000000,205.000000,15.000000,8.000000,18.000000,3.000000,5.000000,0.000000,6.000000,12.000000,2.000000,4.000000,0.000000,7.000000,15.000000,2.000000,5.000000,8097.000000,2266.000000,4820.000000,695.000000,601.000000,3.000000,
0.041361,0.031061,0.325152,0.017271,0.610005,-207692.692860,3.000016,2195607.000000,1874874.000000,3722527.000000,334752.000000,1282372.000000,1952.000000,539.000000,1146.000000,164.000000,144.000000,453.000000,125.000000,266.000000,38.000000,33.000000,2784.000000,769.000000,1633.000000,233.000000,205.000000,15.000000,8.000000,18.000000,3.000000,5.000000,0.000000,6.000000,12.000000,2.000000,4.000000,0.000000,7.000000,15.000000,2.000000,5.000000,8097.000000,2266.000000,4820.000000,695.000000,601.000000,3.000000,
0.041379,0.032011,0.325865,0.020570,0.605441,-207728.038699,3.002618,2195607.000000,1874874.000000,3722527.000000,334752.000000,1282372.000000,1952.000000,539.000000,1146.000000,164.000000,144.000000,453.000000,125.000000,266.000000,38.000000,33.000000,2784.000000,769.000000,1633.000000,233.000000,205.000000,15.000000,8.000000,18.000000,3.000000,5.000000,0.000000,6.000000,12.000000,2.000000,4.000000,0.000000,7.000000,15.000000,2.000000,5.000000,8097.000000,2266.000000,4820.000000,695.000000,601.000000,3.000000,
0.041379,0.032011,0.325865,0.020570,0.605441,-207728.038699,3.002618,2195607.000000,1874874.000000,3722527.000000,334752.000000,1282372.000000,1952.000000,539.000000,1146.000000,164.000000,144.000000,453.000000,125.000000,266.000000,38.000000,33.000000,2784.000000,769.000000,1633.000000,233.000000,205.000000,15.000000,8.000000,18.000000,3.000000,5.000000,0.000000,6.000000,12.000000,2.000000,4.000000,0.000000,7.000000,15.000000,2.000000,5.000000,8097.000000,2266.000000,4820.000000,695.000000,601.000000,3.000000,
0.041536,0.037739,0.318387,0.021575,0.549570,-207359.352167,3.000041,2195607.000000,1874874.000000,3722527.000000,334752.000000,1282372.000000,1952.000000,539.000000,1146.000000,164.000000,144.000000,453.000000,125.000000,266.000000,38.000000,33.000000,2784.000000,769.000000,1633.000000,233.000000,205.000000,15.000000,8.000000,18.000000,3.000000,5.000000,0.000000,6.000000,12.000000,2.000000,4.000000,0.000000,7.000000,15.000000,2.000000,5.000000,8097.000000,2266.000000,4820.000000,695.000000,601.000000,3.000000,
0.041536,0.037739,0.318387,0.021575,0.549570,-207359.352167,3.000041,2195607.000000,1874874.000000,3722527.000000,334752.000000,1282372.000000,1952.000000,539.000000,1146.000000,164.000000,144.000000,453.000000,125.000000,266.000000,38.000000,33.000000,2784.000000,769.000000,1633.000000,233.000000,205.000000,15.000000,8.000000,18.000000,3.000000,5.000000,0.000000,6.000000,12.000000,2.000000,4.000000,0.000000,7.000000,15.000000,2.000000,5.000000,8097.000000,2266.000000,4820.000000,695.000000,601.000000,3.000000,
0.041536,0.037739,0.318387,0.021575,0.549570,-207359.352167,3.000041,2195607.000000,1874874.000000,3722527.000000,334752.000000,1282372.000000,1952.000000,539.000000,1146.000000,164.000000,144.000000,453.000000,125.000000,266.000000,38.000000,33.000000,2784.000000,769.000000,1633.000000,233.000000,205.000000,15.000000,8.000000,18.000000,3.000000,5.000000,0.000000,6.000000,12.000000,2.000000,4.000000,0.000000,7.000000,15.000000,2.000000,5.000000,8097.000000,2266.000000,4820.000000,695.000000,601.000000,3.000000,
0.041536,0.037739,0.318387,0.021575,0.549570,-207359.352167,3.000041,2195607.000000,1874874.000000,3722527.000000,334752.000000,1282372.000000,1952.000000,539.000000,1146.000000,164.000000,144.000000,453.000000,125.000000,266.000000,38.000000,33.000000,2784.000000,769.000000,1633.000000,233.000000,205.000000,15.000000,8.000000,18.000000,3.000000,5.000000,0.000000,6.000000,12.000000,2.000000,4.000000,0.000000,7.000000,15.000000,2.000000,5.000000,8097.000000,2266.000000,4820.000000,695.000000,601.000000,3.000000,
0.041536,0.037739,0.318387,0.021575,0.549570,-207359.352167,3.000041,2195607.000000,1874874.000000,3722527.000000,334752.000000,1282372.000000,1952.000000,539.000000,1146.000000,164.000000,144.000000,453.000000,125.000000,266.000000,38.000000,33.000000,2784.000000,769.000000,1633.000000,233.000000,205.000000,15.000000,8.000000,18.000000,3.000000,5.000000,0.000000,6.000000,12.000000,2.000000,4.000000,0.000000,7.000000,15.000000,2.000000,5.000000,8097.000000,2266.000000,4820.000000,695.000000,601.000000,3.000000,
0.041536,0.037739,0.318387,0.021575,0.549570,-207359.352167,3.000041,2195607.000000,1874874.000000,3722527.000000,334752.000000,1282372.000000,1952.000000,539.000000,1146.000000,164.000000,144.000000,453.000000,125.000000,266.000000,38.000000,33.000000,2784.000000,769.000000,1633.000000,233.000000,205.000000,15.000000,8.000000,18.000000,3.000000,5.000000,0.000000,6.000000,12.000000,2.000000,4.000000,0.000000,7.000000,15.000000,2.000000,5.000000,8097.000000,2266.000000,4820.000000,695.000000,601.000000,3.000000,
0.041536,0.037739,0.318387,0.021575,0.549570,-207359.352167,3.000041,2195607.000000,1874874.000000,3722527.000000,334752.000000,1282372.000000,1952.000000,539.000000,1146.000000,164.000000,144.000000,453.000000,125.000000,266.000000,38.000000,33.000000,2784.000000,769.000000,1633.000000,233.000000,205.000000,15.000000,8.000000,18.000000,3.000000,5.000000,0.000000,6.000000,12.000000,2.000000,4.000000,0.000000,7.000000,15.000000,2.000000,5.000000,8097.000000,2266.000000,4820.000000,695.000000,601.000000,3.000000,
0.041421,0.043821,0.324284,0.017891,0.615322,-207649.844739,3.002737,2195607.000000,1874874.000000,3722527.000000,334752.000000,1282372.000000,1952.000000,539.000000,1146.000000,164.000000,144.000000,453.000000,125.000000,266.000000,38.000000,33.000000,2784.000000,769.000000,1633.000000,233.000000,205.000000,15.000000,8.000000,18.000000,3.000000,5.000000,0.000000,6.000000,12.000000,2.000000,4.000000,0.000000,7.000000,15.000000,2.000000,5.000000,8097.000000,2266.000000,4820.000000,695.000000,601.000000,3.000000,
0.041421,0.043821,0.324284,0.017891,0.615322,-207649.844739,3.002737,2195607.000000,1874874.000000,3722527.000000,334752.000000,1282372.000000,1952.000000,539.000000,1146.000000,164.000000,144.000000,453.000000,125.000000,266.000000,38.000000,33.000000,2784.000000,769.000000,1633.000000,233.000000,205.000000,15.000000,8.000000,18.000000,3.000000,5.000000,0.000000,6.000000,12.000000,2.000000,4.000000,0.000000,7.000000,15.000000,2.000000,5.000000,8097.000000,2266.000000,4820.000000,695.000000,601.000000,3.000000,
0.041421,0.043821,0.324284,0.017891,0.615322,-207649.844739,3.002737,2195607.000000,1874874.000000,3722527.000000,334752.000000,1282372.000000,1952.000000,539.000000,1146.000000,164.000000,144.000000,453.000000,125.000000,266.000000,38.000000,33.000000,2784.000000,769.000000,1633.000000,233.000000,205.000000,15.000000,8.000000,18.000000,3.000000,5.000000,0.000000,6.000000,12.000000,2.000000,4.000000,0.000000,7.000000,15.000000,2.000000,5.000000,8097.000000,2266.000000,4820.000000,695.000000,601.000000,3.000000,
0.041421,0.043821,0.324284,0.017891,0.615322,-207649.844739,3.002737,2195607.000000,1874874.000000,3722527.000000,334752.000000,1282372.000000,1952.000000,539.000000,1146.000000,164.000000,144.000000,453.000000,125.000000,266.000000,38.000000,33.000000,2784.000000,769.000000,1633.000000,233.000000,205.000000,15.000000,8.000000,18.000000,3.000000,5.000000,0.000000,6.000000,12.000000,2.000000,4.000000,0.000000,7.000000,15.000000,2.000000,5.000000,8097.000000,2266.000000,4820.000000,695.000000,601.000000,3.000000,
0.041421,0.043821,0.324284,0.017891,0.615322,-207649.844739,3.002737,2195607.000000,1874874.000000,3722527.000000,334752.000000,1282372.000000,1952.000000,539.000000,1146.000000,164.000000,144.000000,453.000000,125.000000,266.000000,38.000000,33.000000,2784.000000,769.000000,1633.000000,233.000000,205.000000,15.000000,8.000000,18.000000,3.000000,5.000000,0.000000,6.000000,12.000000,2.000000,4.000000,0.000000,7.000000,15.000000,2.000000,5.000000,8097.000000,2266.000000,4820.000000,695.000000,601.000000,3.000000,
0.041421,0.043821,0.324284,0.017891,0.615322,-207649.844739,3.002737,2195607.000000,1874874.000000,3722527.000000,334752.000000,1282372.000000,1952.000000,539.000000,1146.000000,164.000000,144.000000,453.000000,125.000000,266.000000,38.000000,33.000000,2784.000000,769.000000,1633.000000,233.000000,205.000000,15.000000,8.000000,18.000000,3.000000,5.000000,0.000000,6.000000,12.000000,2.000000,4.000000,0.000000,7.000000,15.000000,2.000000,5.000000,8097.000000,2266.000000,4820.000000,695.000000,601.000000,3.000000,
0.041586,0.041782,0.314798,0.017124,0.587752,-207183.571737,2.996881,2195607.000000,1874874.000000,3722527.000000,334752.000000,1282372.000000,1952.000000,539.000000,1146.000000,164.000000,144.000000,453.000000,125.000000,266.000000,38.000000,33.000000,2784.000000,769.000000,1633.000000,233.000000,205.000000,15.000000,8.000000,18.000000,3.000000,5.000000,0.000000,6.000000,12.000000,2.000000,4.000000,0.000000,7.000000,15.000000,2.000000,5.000000,8097.000000,2266.000000,4820.000000,695.000000,601.000000,3.000000,
0.041586,0.041782,0.314798,0.017124,0.587752,-207183.571737,2.996881,2195607.000000,1874874.000000,3722527.000000,334752.000000,1282372.000000,1952.000000,539.000000,1146.000000,164.000000,144.000000,453.000000,125.000000,266.000000,38.000000,33.000000,2784.000000,769.000000,1633.000000,233.000000,205.000000,15.000000,8.000000,18.000000,3.000000,5.000000,0.000000,6.000000,12.000000,2.000000,4.000000,0.000000,7.000000,15.000000,2.000000,5.000000,8097.000000,2266.000000,4820.000000,695.000000,601.000000,3.000000,
0.041586,0.041782,0.314798,0.017124,0.587752,-207183.571737,2.996881,2195607.000000,1874874.000000,3722527.000000,334752.000000,1282372.000000,1952.000000,539.000000,1146.000000,164.000000,144.000000,453.000000,125.000000,266.000000,38.000000,33.000000,2784.000000,769.000000,1633.000000,233.000000,205.000000,15.000000,8.000000,18.000000,3.000000,5.000000,0.000000,6.000000,12.000000,2.000000,4.000000,0.000000,7.000000,15.000000,2.000000,5.000000,8097.000000,2266.000000,4820.000000,695.000000,601.000000,3.000000,
0.041659,0.027102,0.311649,0.016094,0.652587,-207030.076414,2.996236,2195607.000000,1874874.000000,3722527.000000,334752.000000,1282372.000000,1952.000000,539.000000,1146.000000,164.000000,144.000000,453.000000,125.000000,266.000000,38.000000,33.000000,2784.000000,769.000000,1633.000000,233.000000,205.000000,15.000000,8.000000,18.000000,3.000000,5.000000,0.000000,6.000000,12.000000,2.000000,4.000000,0.000000,7.000000,15.000000,2.000000,5.000000,8097.000000,2266.000000,4820.000000,695.000000,601.000000,3.000000,
0.041659,0.027102,0.311649,0.016094,0.652587,-207030.076414,2.996236,2195607.000000,1874874.000000,3722527.000000,334752.000000,1282372.000000,1952.000000,539.000000,1146.000000,164.000000,144.000000,453.000000,125.000000,266.000000,38.000000,33.000000,2784.000000,769.000000,1633.000000,233.000000,205.000000,15.000000,8.000000,18.000000,3.000000,5.000000,0.000000,6.000000,12.000000,2.000000,4.000000,0.000000,7.000000,15.000000,2.000000,5.000000,8097.000000,2266.000000,4820.000000,695.000000,601.000000,3.000000,
0.041659,0.027102,0.311649,0.016094,0.652587,-207030.076414,2.996236,2195607.000000,1874874.000000,3722527.000000,334752.000000,1282372.000000,1952.000000,539.000000,1146.000000,164.000000,144.000000,453.000000,125.000000,266.000000,38.000000,33.000000,2784.000000,769.000000,1633.000000,233.000000,205.000000,15.000000,8.000000,18.000000,3.000000,5.000000,0.000000,6.000000,12.000000,2.000000,4.000000,0.000000,7.000000,15.000000,2.000000,5.000000,8097.000000,2266.000000,4820.000000,695.000000,601.000000,3.000000,
0.041659,0.027102,0.311649,0.016094,0.652587,-207030.076414,2.996236,2195607.000000,1874874.000000,3722527.000000,334752.000000,1282372.000000,1952.000000,539.000000,1146.000000,164.000000,144.000000,453.000000,125.000000,266.000000,38.000000,33.000000,2784.000000,769.000000,1633.000000,233.000000,205.000000,15.000000,8.000000,18.000000,3.000000,5.000000,0.000000,6.000000,12.000000,2.000000,4.000000,0.000000,7.000000,15.000000,2.000000,5.000000,8097.000000,2266.000000,4820.000000,695.000000,601.000000,3.000000,
0.041659,0.027102,0.311649,0.016094,0.652587,-207030.076414,2.996236,2195607.000000,1874874.000000,3722527.000000,334752.000000,1282372.000000,1952.000000,539.000000,1146.000000,164.000000,144.000000,453.000000,125.000000,266.000000,38.000000,33.000000,2784.000000,769.000000,1633.000000,233.000000,205.000000,15.000000,8.000000,18.000000,3.000000,5.000000,0.000000,6.000000,12.000000,2.000000,4.000000,0.000000,7.000000,15.000000,2.000000,5.000000,8097.000000,2266.000000,4820.000000,695.000000,601.000000,3.000000,
0.041659,0.027102,0.311649,0.016094,0.652587,-207030.076414,2.996236,2195607.000000,1874874.000000,3722527.000000,334752.000000,1282372.000000,1952.000000,539.000000,1146.000000,164.000000,144.000000,453.000000,125.000000,266.000000,38.000000,33.000000,2784.000000,769.000000,1633.000000,233.000000,205.000000,15.000000,8.000000,18.000000,3.000000,5.000000,0.000000,6.000000,12.000000,2.000000,4.000000,0.000000,7.000000,15.000000,2.000000,5.000000,8097.000000,2266.000000,4820.000000,695.000000,601.000000,3.000000,
0.041659,0.027102,0.311649,0.016094,0.652587,-207030.076414,2.996236,2195607.000000,1874874.000000,3722527.000000,334752.000000,1282372.000000,1952.000000,539.000000,1146.000000,164.000000,144.000000,453.000000,125.000000,266.000000,38.000000,33.000000,2784.000000,769.000000,1633.000000,233.000000,205.000000,15.000000,8.000000,18.000000,3.000000,5.000000,0.000000,6.000000,12.000000,2.000000,4.000000,0.000000,7.000000,15.000000,2.000000,5.000000,8097.000000,2266.000000,4820.000000,695.000000,601.000000,3.000000,
0.041632,0.024521,0.313339,0.023439,0.545510,-207112.369685,2.997490,2195607.000000,1874874.000000,3722527.000000,334752.000000,1282372.000000,1952.000000,539.000000,1146.000000,164.000000,144.000000,453.000000,125.000000,266.000000,38.000000,33.000000,2784.000000,769.000000,1633.000000,233.000000,205.000000,15.000000,8.000000,18.000000,3.000000,5.000000,0.000000,6.000000,12.000000,2.000000,4.000000,0.000000,7.000000,15.000000,2.000000,5.000000,8097.000000,2266.000000,4820.000000,695.000000,601.000000,3.000000,
0.041632,0.024521,0.313339,0.023439,0.545510,-207112.369685,2.997490,2195607.000000,1874874.000000,3722527.000000,334752.000000,1282372.000000,1952.000000,539.000000,1146.000000,164.000000,144.000000,453.000000,125.000000,266.000000,38.000000,33.000000,2784.000000,769.000000,1633.000000,233.000000,205.000000,15.000000,8.000000,18.000000,3.000000,5.000000,0.000000,6.000000,12.000000,2.000000,4.000000,0.000000,7.000000,15.000000,2.000000,5.000000,8097.000000,2266.000000,4820.000000,695.000000,601.000000,3.000000,
0.041632,0.024521,0.313339,0.023439,0.545510,-207112.369685,2.997490,2195607.000000,1874874.000000,3722527.000000,334752.000000,1282372.000000,1952.000000,539.000000,1146.000000,164.000000,144.000000,453.000000,125.000000,266.000000,38.000000,33.000000,2784.000000,769.000000,1633.000000,233.000000,205.000000,15.000000,8.000000,18.000000,3.000000,5.000000,0.000000,6.000000,12.000000,2.000000,4.000000,0.000000,7.000000,15.000000,2.000000,5.000000,8097.000000,2266.000000,4820.000000,695.000000,601.000000,3.000000,
0.041691,0.020698,0.307503,0.035920,0.639615,-206828.785491,2.990708,2195607.000000,1874874.000000,3722527.000000,334752.000000,1282372.000000,1952.000000,539.000000,1146.000000,164.000000,144.000000,453.000000,125.000000,266.000000,38.000000,33.000000,2784.000000,769.000000,1633.000000,233.000000,205.000000,15.000000,8.000000,18.000000,3.000000,5.000000,0.000000,6.000000,12.000000,2.000000,4.000000,0.000000,7.000000,15.000000,2.000000,5.000000,8097.000000,2266.000000,4820.000000,695.000000,601.000000,3.000000,
0.041727,0.031694,0.304601,0.073379,0.446287,-206688.526928,2.987816,2195607.000000,1874874.000000,3722527.000000,334752.000000,1282372.000000,1952.000000,539.000000,1146.000000,164.000000,144.000000,453.000000,125.000000,266.000000,38.000000,33.000000,2784.000000,769.000000,1633.000000,233.000000,205.000000,15.000000,8.000000,18.000000,3.000000,5.000000,0.000000,6.000000,12.000000,2.000000,4.000000,0.000000,7.000000,15.000000,2.000000,5.000000,8097.000000,2266.000000,4820.000000,695.000000,601.000000,3.000000,
0.041727,0.031694,0.304601,0.073379,0.446287,-206688.526928,2.987816,2195607.000000,1874874.000000,3722527.000000,334752.000000,1282372.000000,1952.000000,539.000000,1146.000000,164.000000,144.000000,453.000000,125.000000,266.000000,38.000000,33.000000,2784.000000,769.000000,1633.000000,233.000000,205.000000,15.000000,8.000000,18.000000,3.000000,5.000000,0.000000,6.000000,12.000000,2.000000,4.000000,0.000000,7.000000,15.000000,2.000000,5.000000,8097.000000,2266.000000,4820.000000,695.000000,601.000000,3.000000,
0.041311,0.019108,0.316389,0.029390,0.563243,-207260.876591,2.980025,2195607.000000,1874874.000000,3722527.000000,334752.000000,1282372.000000,1952.000000,539.000000,1146.000000,164.000000,144.000000,453.000000,125.000000,266.000000,38.000000,33.000000,2784.000000,769.000000,1633.000000,233.000000,205.000000,15.000000,8.000000,18.000000,3.000000,5.000000,0.000000,6.000000,12.000000,2.000000,4.000000,0.000000,7.000000,15.000000,2.000000,5.000000,8097.000000,2266.000000,4820.000000,695.000000,601.000000,3.000000,
0.041133,0.022654,0.324047,0.015950,0.639574,-207637.529229,2.981406,2195607.000000,1874874.000000,3722527.000000,334752.000000,1282372.000000,1952.000000,539.000000,1146.000000,164.000000,144.000000,453.000000,125.000000,266.000000,38.000000,33.000000,2784.000000,769.000000,1633.000000,233.000000,205.000000,15.000000,8.000000,18.000000,3.000000,5.000000,0.000000,6.000000,12.000000,2.000000,4.000000,0.000000,7.000000,15.000000,2.000000,5.000000,8097.000000,2266.000000,4820.000000,695.000000,601.000000,3.000000,
0.041184,0.027170,0.321079,0.019369,0.659310,-207491.091953,2.979595,2195607.000000,1874874.000000,3722527.000000,334752.000000,1282372.000000,1952.000000,539.000000,1146.000000,164.000000,144.000000,453.000000,125.000000,266.000000,38.000000,33.000000,2784.000000,769.000000,1633.000000,233.000000,205.000000,15.000000,8.000000,18.000000,3.000000,5.000000,0.000000,6.000000,12.000000,2.000000,4.000000,0.000000,7.000000,15.000000,2.000000,5.000000,8097.000000,2266.000000,4820.000000,695.000000,601.000000,3.000000,
0.041325,0.019648,0.314488,0.019062,0.655954,-207167.913986,2.977523,2195607.000000,1874874.000000,3722527.000000,334752.000000,1282372.000000,1952.000000,539.000000,1146.000000,164.000000,144.000000,453.000000,125.000000,266.000000,38.000000,33.000000,2784.000000,769.000000,1633.000000,233.000000,205.000000,15.000000,8.000000,18.000000,3.000000,5.000000,0.000000,6.000000,12.000000,2.000000,4.000000,0.000000,7.000000,15.000000,2.000000,5.000000,8097.000000,2266.000000,4820.000000,695.000000,601.000000,3.000000,
0.041325,0.019648,0.314488,0.019062,0.655954,-207167.913986,2.977523,2195607.000000,1874874.000000,3722527.000000,334752.000000,1282372.000000,1952.000000,539.000000,1146.000000,164.000000,144.000000,453.000000,125.000000,266.000000,38.000000,33.000000,2784.000000,769.000000,1633.000000,233.000000,205.000000,15.000000,8.000000,18.000000,3.000000,5.000000,0.000000,6.000000,12.000000,2.000000,4.000000,0.000000,7.000000,15.000000,2.000000,5.000000,8097.000000,2266.000000,4820.000000,695.000000,601.000000,3.000000,
0.041325,0.019648,0.314488,0.019062,0.655954,-207167.913986,2.977523,2195607.000000,1874874.000000,3722527.000000,334752.000000,1282372.000000,1952.000000,539.000000,1146.000000,164.000000,144.000000,453.000000,125.000000,266.000000,38.000000,33.000000,2784.000000,769.000000,1633.000000,233.000000,205.000000,15.000000,8.000000,18.000000,3.000000,5.000000,0.000000,6.000000,12.000000,2.000000,4.000000,0.000000,7.000000,15.000000,2.000000,5.000000,8097.000000,2266.000000,4820.000000,695.000000,601.000000,3.000000,
0.041325,0.019648,0.314488,0.019062,0.655954,-207167.913986,2.977523,2195607.000000,1874874.000000,3722527.000000,334752.000000,1282372.000000,1952.000000,539.000000,1146.000000,164.000000,144.000000,453.000000,125.000000,266.000000,38.000000,33.000000,2784.000000,769.000000,1633.000000,233.000000,205.000000,15.000000,8.000000,18.000000,3.000000,5.000000,0.000000,6.000000,12.000000,2.000000,4.000000,0.000000,7.000000,15.000000,2.000000,5.000000,8097.000000,2266.000000,4820.000000,695.000000,601.000000,3.000000,
0.041325,0.019648,0.314488,0.019062,0.655954,-207167.913986,2.977523,2195607.000000,1874874.000000,3722527.000000,334752.000000,1282372.000000,1952.000000,539.000000,1146.000000,164.000000,144.000000,453.000000,125.000000,266.000000,38.000000,33.000000,2784.000000,769.000000,1633.000000,233.000000,205.000000,15.000000,8.000000,18.000000,3.000000,5.000000,0.000000,6.000000,12.000000,2.000000,4.000000,0.000000,7.000000,15.000000,2.000000,5.000000,8097.000000,2266.000000,4820.000000,695.000000,601.000000,3.000000,
0.041325,0.019648,0.314488,0.019062,0.655954,-207167.913986,2.977523,2195607.000000,1874874.000000,3722527.000000,334752.000000,1282372.000000,1952.000000,539.000000,1146.000000,164.000000,144.000000,453.000000,125.000000,266.000000,38.000000,33.000000,2784.000000,769.000000,1633.000000,233.000000,205.000000,15.000000,8.000000,18.000000,3.000000,5.000000,0.000000,6.000000,12.000000,2.000000,4.000000,0.000000,7.000000,15.000000,2.000000,5.000000,8097.000000,2266.000000,4820.000000,695.000000,601.000000,3.000000,
0.041325,0.019648,0.314488,0.019062,0.655954,-207167.913986,2.977523,2195607.000000,1874874.000000,3722527.000000,334752.000000,1282372.000000,1952.000000,539.000000,1146.000000,164.000000,144.000000,453.000000,125.000000,266.000000,38.000000,33.000000,2784.000000,769.000000,1633.000000,233.000000,205.000000,15.000000,8.000000,18.000000,3.000000,5.000000,0.000000,6.000000,12.000000,2.000000,4.000000,0.000000,7.000000,15.000000,2.000000,5.000000,8097.000000,2266.000000,4820.000000,695.000000,601.000000,3.000000,
0.041325,0.019648,0.314488,0.019062,0.655954,-207167.913986,2.977523,2195607.000000,1874874.000000,3722527.000000,334752.000000,1282372.000000,1952.000000,539.000000,1146.000000,164.000000,144.000000,453.000000,125.000000,266.000000,38.000000,33.000000,2784.000000,769.000000,1633.000000,233.000000,205.000000,15.000000,8.000000,18.000000,3.000000,5.000000,0.000000,6.000000,12.000000,2.000000,4.000000,0.000000,7.000000,15.000000,2.000000,5.000000,8097.000000,2266.000000,4820.000000,695.000000,601.000000,3.000000,
0.041325,0.019648,0.314488,0.019062,0.655954,-207167.913986,2.977523,2195607.000000,1874874.000000,3722527.000000,334752.000000,1282372.000000,1952.000000,539.000000,1146.000000,164.000000,144.000000,453.000000,125.000000,266.000000,38.000000,33.000000,2784.000000,769.000000,1633.000000,233.000000,205.000000,15.000000,8.000000,18.000000,3.000000,5.000000,0.000000,6.000000,12.000000,2.000000,4.000000,0.000000,7.000000,15.000000,2.000000,5.000000,8097.000000,2266.000000,4820.000000,695.000000,601.000000,3.000000,
0.041325,0.019648,0.314488,0.019062,0.655954,-207167.913986,2.977523,2195607.000000,1874874.000000,3722527.000000,334752.000000,1282372.000000,1952.000000,539.000000,1146.000000,164.000000,144.000000,453.000000,125.000000,266.000000,38.000000,33.000000,2784.000000,769.000000,1633.000000,233.000000,205.000000,15.000000,8.000000,18.000000,3.000000,5.000000,0.000000,6.000000,12.000000,2.000000,4.000000,0.000000,7.000000,15.000000,2.000000,5.000000,8097.000000,2266.000000,4820.000000,695.000000,601.000000,3.000000,
0.041325,0.019648,0.314488,0.019062,0.655954,-207167.913986,2.977523,2195607.000000,1874874.000000,3722527.000000,334752.000000,1282372.000000,1952.000000,539.000000,1146.000000,164.000000,144.000000,453.000000,125.000000,266.000000,38.000000,33.000000,2784.000000,769.000000,1633.000000,233.000000,205.000000,15.000000,8.000000,18.000000,3.000000,5.000000,0.000000,6.000000,12.000000,2.000000,4.000000,0.000000,7.000000,15.000000,2.000000,5.000000,8097.000000,2266.000000,4820.000000,695.000000,601.000000,3.000000,
0.041279,0.034510,0.319248,0.032479,0.649794,-207401.156713,2.983044,2195607.000000,1874874.000000,3722527.000000,334752.000000,1282372.000000,1952.000000,539.000000,1146.000000,164.000000,144.000000,453.000000,125.000000,266.000000,38.000000,33.000000,2784.000000,769.000000,1633.000000,233.000000,205.000000,15.000000,8.000000,18.000000,3.000000,5.000000,0.000000,6.000000,12.000000,2.000000,4.000000,0.000000,7.000000,15.000000,2.000000,5.000000,8097.000000,2266.000000,4820.000000,695.000000,601.000000,3.000000,
0.041279,0.034510,0.319248,0.032479,0.649794,-207401.156713,2.983044,2195607.000000,1874874.000000,3722527.000000,334752.000000,1282372.000000,1952.000000,539.000000,1146.000000,164.000000,144.000000,453.000000,125.000000,266.000000,38.000000,33.000000,2784.000000,769.000000,1633.000000,233.000000,205.000000,15.000000,8.000000,18.000000,3.000000,5.000000,0.000000,6.000000,12.000000,2.000000,4.000000,0.000000,7.000000,15.000000,2.000000,5.000000,8097.000000,2266.000000,4820.000000,695.000000,601.000000,3.000000,
0.041279,0.034510,0.319248,0.032479,0.649794,-207401.156713,2.983044,2195607.000000,1874874.000000,3722527.000000,334752.000000,1282372.000000,1952.000000,539.000000,1146.000000,164.000000,144.000000,453.000000,125.000000,266.000000,38.000000,33.000000,2784.000000,769.000000,1633.000000,233.000000,205.000000,15.000000,8.000000,18.000000,3.000000,5.000000,0.000000,6.000000,12.000000,2.000000,4.000000,0.000000,7.000000,15.000000,2.000000,5.000000,8097.000000,2266.000000,4820.000000,695.000000,601.000000,3.000000,
0.041279,0.034510,0.319248,0.032479,0.649794,-207401.156713,2.983044,2195607.000000,1874874.000000,3722527.000000,334752.000000,1282372.000000,1952.000000,539.000000,1146.000000,164.000000,144.000000,453.000000,125.000000,266.000000,38.000000,33.000000,2784.000000,769.000000,1633.000000,233.000000,205.000000,15.000000,8.000000,18.000000,3.000000,5.000000,0.000000,6.000000,12.000000,2.000000,4.000000,0.000000,7.000000,15.000000,2.000000,5.000000,8097.000000,2266.000000,4820.000000,695.000000,601.000000,3.000000,
0.041279,0.034510,0.319248,0.032479,0.649794,-207401.156713,2.983044,2195607.000000,1874874.000000,3722527.000000,334752.000000,1282372.000000,1952.000000,539.000000,1146.000000,164.000000,144.000000,453.000000,125.000000,266.000000,38.000000,33.000000,2784.000000,769.000000,1633.000000,233.000000,205.000000,15.000000,8.000000,18.000000,3.000000,5.000000,0.000000,6.000000,12.000000,2.000000,4.000000,0.000000,7.000000,15.000000,2.000000,5.000000,8097.000000,2266.000000,4820.000000,695.000000,601.000000,3.000000,
0.041279,0.034510,0.319248,0.032479,0.649794,-207401.156713,2.983044,2195607.000000,1874874.000000,3722527.000000,334752.000000,1282372.000000,1952.000000,539.000000,1146.000000,164.000000,144.000000,453.000000,125.000000,266.000000,38.000000,33.000000,2784.000000,769.000000,1633.000000,233.000000,205.000000,15.000000,8.000000,18.000000,3.000000,5.000000,0.000000,6.000000,12.000000,2.000000,4.000000,0.000000,7.000000,15.000000,2.000000,5.000000,8097.000000,2266.000000,4820.000000,695.000000,601.000000,3.000000,
0.041279,0.034510,0.319248,0.032479,0.649794,-207401.156713,2.983044,2195607.000000,1874874.000000,3722527.000000,334752.000000,1282372.000000,1952.000000,539.000000,1146.000000,164.000000,144.000000,453.000000,125.000000,266.000000,38.000000,33.000000,2784.000000,769.000000,1633.000000,233.000000,205.000000,15.000000,8.000000,18.000000,3.000000,5.000000,0.000000,6.000000,12.000000,2.000000,4.000000,0.000000,7.000000,15.000000,2.000000,5.000000,8097.000000,2266.000000,4820.000000,695.000000,601.000000,3.000000,
0.041213,0.043696,0.324260,0.027099,0.562072,-207648.219805,2.987629,2195607.000000,1874874.000000,3722527.000000,334752.000000,1282372.000000,1952.000000,539.000000,1146.000000,164.000000,144.000000,453.000000,125.000000,266.000000,38.000000,33.000000,2784.000000,769.000000,1633.000000,233.000000,205.000000,15.000000,8.000000,18.000000,3.000000,5.000000,0.000000,6.000000,12.000000,2.000000,4.000000,0.000000,7.000000,15.000000,2.000000,5.000000,8097.000000,2266.000000,4820.000000,695.000000,601.000000,3.000000,
0.041213,0.043696,0.324260,0.027099,0.562072,-207648.219805,2.987629,2195607.000000,1874874.000000,3722527.000000,334752.000000,1282372.000000,1952.000000,539.000000,1146.000000,164.000000,144.000000,453.000000,125.000000,266.000000,38.000000,33.000000,2784.000000,769.000000,1633.000000,233.000000,205.000000,15.000000,8.000000,18.000000,3.000000,5.000000,0.000000,6.000000,12.000000,2.000000,4.000000,0.000000,7.000000,15.000000,2.000000,5.000000,8097.000000,2266.000000,4820.000000,695.000000,601.000000,3.000000,
0.041213,0.043696,0.324260,0.027099,0.562072,-207648.219805,2.987629,2195607.000000,1874874.000000,3722527.000000,334752.000000,1282372.000000,1952.000000,539.000000,1146.000000,164.000000,144.000000,453.000000,125.000000,266.000000,38.000000,33.000000,2784.000000,769.000000,1633.000000,233.000000,205.000000,15.000000,8.000000,18.000000,3.000000,5.000000,0.000000,6.000000,12.000000,2.000000,4.000000,0.000000,7.000000,15.000000,2.000000,5.000000,8097.000000,2266.000000,4820.000000,695.000000,601.000000,3.000000,
0.041213,0.043696,0.324260,0.027099,0.562072,-207648.219805,2.987629,2195607.000000,1874874.000000,3722527.000000,334752.000000,1282372.000000,1952.000000,539.000000,1146.000000,164.000000,144.000000,453.000000,125.000000,266.000000,38.000000,33.000000,2784.000000,769.000000,1633.000000,233.000000,205.000000,15.000000,8.000000,18.000000,3.000000,5.000000,0.000000,6.000000,12.000000,2.000000,4.000000,0.000000,7.000000,15.000000,2.000000,5.000000,8097.000000,2266.000000,4820.000000,695.000000,601.000000,3.000000,
0.041213,0.043696,0.324260,0.027099,0.562072,-207648.219805,2.987629,2195607.000000,1874874.000000,3722527.000000,334752.000000,1282372.000000,1952.000000,539.000000,1146.000000,164.000000,144.000000,453.000000,125.000000,266.000000,38.000000,33.000000,2784.000000,769.000000,1633.000000,233.000000,205.000000,15.000000,8.000000,18.000000,3.000000,5.000000,0.000000,6.000000,12.000000,2.000000,4.000000,0.000000,7.000000,15.000000,2.000000,5.000000,8097.000000,2266.000000,4820.000000,695.000000,601.000000,3.000000,
0.041213,0.043696,0.324260,0.027099,0.562072,-207648.219805,2.987629,2195607.000000,1874874.000000,3722527.000000,334752.000000,1282372.000000,1952.000000,539.000000,1146.000000,164.000000,144.000000,453.000000,125.000000,266.000000,38.000000,33.000000,2784.000000,769.000000,1633.000000,233.000000,205.000000,15.000000,8.000000,18.000000,3.000000,5.000000,0.000000,6.000000,12.000000,2.000000,4.000000,0.000000,7.000000,15.000000,2.000000,5.000000,8097.000000,2266.000000,4820.000000,695.000000,601.000000,3.000000,
0.041231,0.021484,0.320760,0.031160,0.609976,-207475.449020,2.982400,2195607.000000,1874874.000000,3722527.000000,334752.000000,1282372.000000,1952.000000,539.000000,1146.000000,164.000000,144.000000,453.000000,125.000000,266.000000,38.000000,33.000000,2784.000000,769.000000,1633.000000,233.000000,205.000000,15.000000,8.000000,18.000000,3.000000,5.000000,0.000000,6.000000,12.000000,2.000000,4.000000,0.000000,7.000000,15.000000,2.000000,5.000000,8097.000000,2266.000000,4820.000000,695.000000,601.000000,3.000000,
0.041231,0.021484,0.320760,0.031160,0.609976,-207475.449020,2.982400,2195607.000000,1874874.000000,3722527.000000,334752.000000,1282372.000000,1952.000000,539.000000,1146.000000,164.000000,144.000000,453.000000,125.000000,266.000000,38.000000,33.000000,2784.000000,769.000000,1633.000000,233.000000,205.000000,15.000000,8.000000,18.000000,3.000000,5.000000,0.000000,6.000000,12.000000,2.000000,4.000000,0.000000,7.000000,15.000000,2.000000,5.000000,8097.000000,2266.000000,4820.000000,695.000000,601.000000,3.000000,
0.041231,0.021484,0.320760,0.031160,0.609976,-207475.449020,2.982400,2195607.000000,1874874.000000,3722527.000000,334752.000000,1282372.000000,1952.000000,539.000000,1146.000000,164.000000,144.000000,453.000000,125.000000,266.000000,38.000000,33.000000,2784.000000,769.000000,1633.000000,233.000000,205.000000,15.000000,8.000000,18.000000,3.000000,5.000000,0.000000,6.000000,12.000000,2.000000,4.000000,0.000000,7.000000,15.000000,2.000000,5.000000,8097.000000,2266.000000,4820.000000,695.000000,601.000000,3.000000,
0.041231,0.021484,0.320760,0.031160,0.609976,-207475.449020,2.982400,2195607.000000,1874874.000000,3722527.000000,334752.000000,1282372.000000,1952.000000,539.000000,1146.000000,164.000000,144.000000,453.000000,125.000000,266.000000,38.000000,33.000000,2784.000000,769.000000,1633.000000,233.000000,205.000000,15.000000,8.000000,18.000000,3.000000,5.000000,0.000000,6.000000,12.000000,2.000000,4.000000,0.000000,7.000000,15.000000,2.000000,5.000000,8097.000000,2266.000000,4820.000000,695.000000,601.000000,3.000000,
0.041522,0.302029,0.310377,0.092322,0.565102,-206967.890345,2.983972,2195607.000000,1874874.000000,3722527.000000,334752.000000,1282372.000000,1952.000000,539.000000,1146.000000,164.000000,144.000000,453.000000,125.000000,266.000000,38.000000,33.000000,2784.000000,769.000000,1633.000000,233.000000,205.000000,15.000000,8.000000,18.000000,3.000000,5.000000,0.000000,6.000000,12.000000,2.000000,4.000000,0.000000,7.000000,15.000000,2.000000,5.000000,8097.000000,2266.000000,4820.000000,695.000000,601.000000,3.000000,
0.041522,0.302029,0.310377,0.092322,0.565102,-206967.890345,2.983972,2195607.000000,1874874.000000,3722527.000000,334752.000000,1282372.000000,1952.000000,539.000000,1146.000000,164.000000,144.000000,453.000000,125.000000,266.000000,38.000000,33.000000,2784.000000,769.000000,1633.000000,233.000000,205.000000,15.000000,8.000000,18.000000,3.000000,5.000000,0.000000,6.000000,12.000000,2.000000,4.000000,0.000000,7.000000,15.000000,2.000000,5.000000,8097.000000,2266.000000,4820.000000,695.000000,601.000000,3.000000,
0.041522,0.302029,0.310377,0.092322,0.565102,-206967.890345,2.983972,2195607.000000,1874874.000000,3722527.000000,334752.000000,1282372.000000,1952.000000,539.000000,1146.000000,164.000000,144.000000,453.000000,125.000000,266.000000,38.000000,33.000000,2784.000000,769.000000,1633.000000,233.000000,205.000000,15.000000,8.000000,18.000000,3.000000,5.000000,0.000000,6.000000,12.000000,2.000000,4.000000,0.000000,7.000000,15.000000,2.000000,5.000000,8097.000000,2266.000000,4820.000000,695.000000,601.000000,3.000000,
0.041471,0.377881,0.313591,0.161064,0.397492,-207124.393746,2.986340,2195607.000000,1874874.000000,3722527.000000,334752.000000,1282372.000000,1952.000000,539.000000,1146.000000,164.000000,144.000000,453.000000,125.000000,266.000000,38.000000,33.000000,2784.000000,769.000000,1633.000000,233.000000,205.000000,15.000000,8.000000,18.000000,3.000000,5.000000,0.000000,6.000000,12.000000,2.000000,4.000000,0.000000,7.000000,15.000000,2.000000,5.000000,8097.000000,2266.000000,4820.000000,695.000000,601.000000,3.000000,
0.041476,0.568278,0.312980,0.127717,0.475667,-207094.551848,2.985536,2195607.000000,1874874.000000,3722527.000000,334752.000000,1282372.000000,1952.000000,539.000000,1146.000000,164.000000,144.000000,453.000000,125.000000,266.000000,38.000000,33.000000,2784.000000,769.000000,1633.000000,233.000000,205.000000,15.000000,8.000000,18.000000,3.000000,5.000000,0.000000,6.000000,12.000000,2.000000,4.000000,0.000000,7.000000,15.000000,2.000000,5.000000,8097.000000,2266.000000,4820.000000,695.000000,601.000000,3.000000,
0.041476,0.568278,0.312980,0.127717,0.475667,-207094.551848,2.985536,2195607.000000,1874874.000000,3722527.000000,334752.000000,1282372.000000,1952.000000,539.000000,1146.000000,164.000000,144.000000,453.000000,125.000000,266.000000,38.000000,33.000000,2784.000000,769.000000,1633.000000,233.000000,205.000000,15.000000,8.000000,18.000000,3.000000,5.000000,0.000000,6.000000,12.000000,2.000000,4.000000,0.000000,7.000000,15.000000,2.000000,5.000000,8097.000000,2266.000000,4820.000000,695.000000,601.000000,3.000000,
0.041476,0.568278,0.312980,0.127717,0.475667,-207094.551848,2.985536,2195607.000000,1874874.000000,3722527.000000,334752.000000,1282372.000000,1952.000000,539.000000,1146.000000,164.000000,144.000000,453.000000,125.000000,266.000000,38.000000,33.000000,2784.000000,769.000000,1633.000000,233.000000,205.000000,15.000000,8.000000,18.000000,3.000000,5.000000,0.000000,6.000000,12.000000,2.000000,4.000000,0.000000,7.000000,15.000000,2.000000,5.000000,8097.000000,2266.000000,4820.000000,695.000000,601.000000,3.000000,
0.041476,0.568278,0.312980,0.127717,0.475667,-207094.551848,2.985536,2195607.000000,1874874.000000,3722527.000000,334752.000000,1282372.000000,1952.000000,539.000000,1146.000000,164.000000,144.000000,453.000000,125.000000,266.000000,38.000000,33.000000,2784.000000,769.000000,1633.000000,233.000000,205.000000,15.000000,8.000000,18.000000,3.000000,5.000000,0.000000,6.000000,12.000000,2.000000,4.000000,0.000000,7.000000,15.000000,2.000000,5.000000,8097.000000,2266.000000,4820.000000,695.000000,601.000000,3.000000,
0.041476,0.568278,0.312980,0.127717,0.475667,-207094.551848,2.985536,2195607.000000,1874874.000000,3722527.000000,334752.000000,1282372.000000,1952.000000,539.000000,1146.000000,164.000000,144.000000,453.000000,125.000000,266.000000,38.000000,33.000000,2784.000000,769.000000,1633.000000,233.000000,205.000000,15.000000,8.000000,18.000000,3.000000,5.000000,0.000000,6.000000,12.000000,2.000000,4.000000,0.000000,7.000000,15.000000,2.000000,5.000000,8097.000000,2266.000000,4820.000000,695.000000,601.000000,3.000000,
0.041476,0.568278,0.312980,0.127717,0.475667,-207094.551848,2.985536,2195607.000000,1874874.000000,3722527.000000,334752.000000,1282372.000000,1952.000000,539.000000,1146.000000,164.000000,144.000000,453.000000,125.000000,266.000000,38.000000,33.000000,2784.000000,769.000000,1633.000000,233.000000,205.000000,15.000000,8.000000,18.000000,3.000000,5.000000,0.000000,6.000000,12.000000,2.000000,4.000000,0.000000,7.000000,15.000000,2.000000,5.000000,8097.000000,2266.000000,4820.000000,695.000000,601.000000,3.000000,
0.041476,0.568278,0.312980,0.127717,0.475667,-207094.551848,2.985536,2195607.000000,1874874.000000,3722527.000000,334752.000000,1282372.000000,1952.000000,539.000000,1146.000000,164.000000,144.000000,453.000000,125.000000,266.000000,38.000000,33.000000,2784.000000,769.000000,1633.000000,233.000000,205.000000,15.000000,8.000000,18.000000,3.000000,5.000000,0.000000,6.000000,12.000000,2.000000,4.000000,0.000000,7.000000,15.000000,2.000000,5.000000,8097.000000,2266.000000,4820.000000,695.000000,601.000000,3.000000,
0.041476,0.568278,0.312980,0.127717,0.475667,-207094.551848,2.985536,2195607.000000,1874874.000000,3722527.000000,334752.000000,1282372.000000,1952.000000,539.000000,1146.000000,164.000000,144.000000,453.000000,125.000000,266.000000,38.000000,33.000000,2784.000000,769.000000,1633.000000,233.000000,205.000000,15.000000,8.000000,18.000000,3.000000,5.000000,0.000000,6.000000,12.000000,2.000000,4.000000,0.000000,7.000000,15.000000,2.000000,5.000000,8097.000000,2266.000000,4820.000000,695.000000,601.000000,3.000000,
0.041476,0.568278,0.312980,0.127717,0.475667,-207094.551848,2.985536,2195607.000000,1874874.000000,3722527.000000,334752.000000,1282372.000000,1952.000000,539.000000,1146.000000,164.000000,144.000000,453.000000,125.000000,266.000000,38.000000,33.000000,2784.000000,769.000000,1633.000000,233.000000,205.000000,15.000000,8.000000,18.000000,3.000000,5.000000,0.000000,6.000000,12.000000,2.000000,4.000000,0.000000,7.000000,15.000000,2.000000,5.000000,8097.000000,2266.000000,4820.000000,695.000000,601.000000,3.000000,
0.041552,0.861679,0.307383,0.071058,0.615721,-206822.721882,2.980515,2195607.000000,1874874.000000,3722527.000000,334752.000000,1282372.000000,1952.000000,539.000000,1146.000000,164.000000,144.000000,453.000000,125.000000,266.000000,38.000000,33.000000,2784.000000,769.000000,1633.000000,233.000000,205.000000,15.000000,8.000000,18.000000,3.000000,5.000000,0.000000,6.000000,12.000000,2.000000,4.000000,0.000000,7.000000,15.000000,2.000000,5.000000,8097.000000,2266.000000,4820.000000,695.000000,601.000000,3.000000,
0.041552,0.861679,0.307383,0.071058,0.615721,-206822.721882,2.980515,2195607.000000,1874874.000000,3722527.000000,334752.000000,1282372.000000,1952.000000,539.000000,1146.000000,164.000000,144.000000,453.000000,125.000000,266.000000,38.000000,33.000000,2784.000000,769.000000,1633.000000,233.000000,205.000000,15.000000,8.000000,18.000000,3.000000,5.000000,0.000000,6.000000,12.000000,2.000000,4.000000,0.000000,7.000000,15.000000,2.000000,5.000000,8097.000000,2266.000000,4820.000000,695.000000,601.000000,3.000000,
0.041552,0.861679,0.307383,0.071058,0.615721,-206822.721882,2.980515,2195607.000000,1874874.000000,3722527.000000,334752.000000,1282372.000000,1952.000000,539.000000,1146.000000,164.000000,144.000000,453.000000,125.000000,266.000000,38.000000,33.000000,2784.000000,769.000000,1633.000000,233.000000,205.000000,15.000000,8.000000,18.000000,3.000000,5.000000,0.000000,6.000000,12.000000,2.000000,4.000000,0.000000,7.000000,15.000000,2.000000,5.000000,8097.000000,2266.000000,4820.000000,695.000000,601.000000,3.000000,
0.041659,0.761998,0.301032,0.107424,0.540317,-206516.588131,2.976250,2195607.000000,1874874.000000,3722527.000000,334752.000000,1282372.000000,1952.000000,539.000000,1146.000000,164.000000,144.000000,453.000000,125.000000,266.000000,38.000000,33.000000,2784.000000,769.000000,1633.000000,233.000000,205.000000,15.000000,8.000000,18.000000,3.000000,5.000000,0.000000,6.000000,12.000000,2.000000,4.000000,0.000000,7.000000,15.000000,2.000000,5.000000,8097.000000,2266.000000,4820.000000,695.000000,601.000000,3.000000,
0.041659,0.761998,0.301032,0.107424,0.540317,-206516.588131,2.976250,2195607.000000,1874874.000000,3722527.000000,334752.000000,1282372.000000,1952.000000,539.000000,1146.000000,164.000000,144.000000,453.000000,125.000000,266.000000,38.000000,33.000000,2784.000000,769.000000,1633.000000,233.000000,205.000000,15.000000,8.000000,18.000000,3.000000,5.000000,0.000000,6.000000,12.000000,2.000000,4.000000,0.000000,7.000000,15.000000,2.000000,5.000000,8097.000000,2266.000000,4820.000000,695.000000,601.000000,3.000000,
0.041533,0.699772,0.307564,0.121121,0.457739,-206831.452135,2.979491,2195607.000000,1874874.000000,3722527.000000,334752.000000,1282372.000000,1952.000000,539.000000,1146.000000,164.000000,144.000000,453.000000,125.000000,266.000000,38.000000,33.000000,2784.000000,769.000000,1633.000000,233.000000,205.000000,15.000000,8.000000,18.000000,3.000000,5.000000,0.000000,6.000000,12.000000,2.000000,4.000000,0.000000,7.000000,15.000000,2.000000,5.000000,8097.000000,2266.000000,4820.000000,695.000000,601.000000,3.000000,
0.041533,0.699772,0.307564,0.121121,0.457739,-206831.452135,2.979491,2195607.000000,1874874.000000,3722527.000000,334752.000000,1282372.000000,1952.000000,539.000000,1146.000000,164.000000,144.000000,453.000000,125.000000,266.000000,38.000000,33.000000,2784.000000,769.000000,1633.000000,233.000000,205.000000,15.000000,8.000000,18.000000,3.000000,5.000000,0.000000,6.000000,12.000000,2.000000,4.000000,0.000000,7.000000,15.000000,2.000000,5.000000,8097.000000,2266.000000,4820.000000,695.000000,601.000000,3.000000,
0.041533,0.699772,0.307564,0.121121,0.457739,-206831.452135,2.979491,2195607.000000,1874874.000000,3722527.000000,334752.000000,1282372.000000,1952.000000,539.000000,1146.000000,164.000000,144.000000,453.000000,125.000000,266.000000,38.000000,33.000000,2784.000000,769.000000,1633.000000,233.000000,205.000000,15.000000,8.000000,18.000000,3.000000,5.000000,0.000000,6.000000,12.000000,2.000000,4.000000,0.000000,7.000000,15.000000,2.000000,5.000000,8097.000000,2266.000000,4820.000000,695.000000,601.000000,3.000000,
0.041533,0.699772,0.307564,0.121121,0.457739,-206831.452135,2.979491,2195607.000000,1874874.000000,3722527.000000,334752.000000,1282372.000000,1952.000000,539.000000,1146.000000,164.000000,144.000000,453.000000,125.000000,266.000000,38.000000,33.000000,2784.000000,769.000000,1633.000000,233.000000,205.000000,15.000000,8.000000,18.000000,3.000000,5.000000,0.000000,6.000000,12.000000,2.000000,4.000000,0.000000,7.000000,15.000000,2.000000,5.000000,8097.000000,2266.000000,4820.000000,695.000000,601.000000,3.000000,
0.041138,0.983776,0.325807,0.145495,0.441062,-207724.708060,2.985032,2195607.000000,1874874.000000,3722527.000000,334752.000000,1282372.000000,1952.000000,539.000000,1146.000000,164.000000,144.000000,453.000000,125.000000,266.000000,38.000000,33.000000,2784.000000,769.000000,1633.000000,233.000000,205.000000,15.000000,8.000000,18.000000,3.000000,5.000000,0.000000,6.000000,12.000000,2.000000,4.000000,0.000000,7.000000,15.000000,2.000000,5.000000,8097.000000,2266.000000,4820.000000,695.000000,601.000000,3.000000,
0.041138,0.983776,0.325807,0.145495,0.441062,-207724.708060,2.985032,2195607.000000,1874874.000000,3722527.000000,334752.000000,1282372.000000,1952.000000,539.000000,1146.000000,164.000000,144.000000,453.000000,125.000000,266.000000,38.000000,33.000000,2784.000000,769.000000,1633.000000,233.000000,205.000000,15.000000,8.000000,18.000000,3.000000,5.000000,0.000000,6.000000,12.000000,2.000000,4.000000,0.000000,7.000000,15.000000,2.000000,5.000000,8097.000000,2266.000000,4820.000000,695.000000,601.000000,3.000000,
0.041138,0.983776,0.325807,0.145495,0.441062,-207724.708060,2.985032,2195607.000000,1874874.000000,3722527.000000,334752.000000,1282372.000000,1952.000000,539.000000,1146.000000,164.000000,144.000000,453.000000,125.000000,266.000000,38.000000,33.000000,2784.000000,769.000000,1633.000000,233.000000,205.000000,15.000000,8.000000,18.000000,3.000000,5.000000,0.000000,6.000000,12.000000,2.000000,4.000000,0.000000,7.000000,15.000000,2.000000,5.000000,8097.000000,2266.000000,4820.000000,695.000000,601.000000,3.000000,
0.041138,0.983776,0.325807,0.145495,0.441062,-207724.708060,2.985032,2195607.000000,1874874.000000,3722527.000000,334752.000000,1282372.000000,1952.000000,539.000000,1146.000000,164.000000,144.000000,453.000000,125.000000,266.000000,38.000000,33.000000,2784.000000,769.000000,1633.000000,233.000000,205.000000,15.000000,8.000000,18.000000,3.000000,5.000000,0.000000,6.000000,12.000000,2.000000,4.000000,0.000000,7.000000,15.000000,2.000000,5.000000,8097.000000,2266.000000,4820.000000,695.000000,601.000000,3.000000,
0.041138,0.983776,0.325807,0.145495,0.441062,-207724.708060,2.985032,2195607.000000,1874874.000000,3722527.000000,334752.000000,1282372.000000,1952.000000,539.000000,1146.000000,164.000000,144.000000,453.000000,125.000000,266.000000,38.000000,33.000000,2784.000000,769.000000,1633.000000,233.000000,205.000000,15.000000,8.000000,18.000000,3.000000,5.000000,0.000000,6.000000,12.000000,2.000000,4.000000,0.000000,7.000000,15.000000,2.000000,5.000000,8097.000000,2266.000000,4820.000000,695.000000,601.000000,3.000000,
0.041138,0.983776,0.325807,0.145495,0.441062,-207724.708060,2.985032,2195607.000000,1874874.000000,3722527.000000,334752.000000,1282372.000000,1952.000000,539.000000,1146.000000,164.000000,144.000000,453.000000,125.000000,266.000000,38.000000,33.000000,2784.000000,769.000000,1633.000000,233.000000,205.000000,15.000000,8.000000,18.000000,3.000000,5.000000,0.000000,6.000000,12.000000,2.000000,4.000000,0.000000,7.000000,15.000000,2.000000,5.000000,8097.000000,2266.000000,4820.000000,695.000000,601.000000,3.000000,
0.041138,0.983776,0.325807,0.145495,0.441062,-207724.708060,2.985032,2195607.000000,1874874.000000,3722527.000000,334752.000000,1282372.000000,1952.000000,539.000000,1146.000000,164.000000,144.000000,453.000000,125.000000,266.000000,38.000000,33.000000,2784.000000,769.000000,1633.000000,233.000000,205.000000,15.000000,8.000000,18.000000,3.000000,5.000000,0.000000,6.000000,12.000000,2.000000,4.000000,0.000000,7.000000,15.000000,2.000000,5.000000,8097.000000,2266.000000,4820.000000,695.000000,601.000000,3.000000,
0.041244,0.787339,0.319226,0.178130,0.364243,-207400.020434,2.980455,2195607.000000,1874874.000000,3722527.000000,334752.000000,1282372.000000,1952.000000,539.000000,1146.000000,164.000000,144.000000,453.000000,125.000000,266.000000,38.000000,33.000000,2784.000000,769.000000,1633.000000,233.000000,205.000000,15.000000,8.000000,18.000000,3.000000,5.000000,0.000000,6.000000,12.000000,2.000000,4.000000,0.000000,7.000000,15.000000,2.000000,5.000000,8097.000000,2266.000000,4820.000000,695.000000,601.000000,3.000000,
0.041244,0.787339,0.319226,0.178130,0.364243,-207400.020434,2.980455,2195607.000000,1874874.000000,3722527.000000,334752.000000,1282372.000000,1952.000000,539.000000,1146.000000,164.000000,144.000000,453.000000,125.000000,266.000000,38.000000,33.000000,2784.000000,769.000000,1633.000000,233.000000,205.000000,15.000000,8.000000,18.000000,3.000000,5.000000,0.000000,6.000000,12.000000,2.000000,4.000000,0.000000,7.000000,15.000000,2.000000,5.000000,8097.000000,2266.000000,4820.000000,695.000000,601.000000,3.000000,
0.041244,0.787339,0.319226,0.178130,0.364243,-207400.020434,2.980455,2195607.000000,1874874.000000,3722527.000000,334752.000000,1282372.000000,1952.000000,539.000000,1146.000000,164.000000,144.000000,453.000000,125.000000,266.000000,38.000000,33.000000,2784.000000,769.000000,1633.000000,233.000000,205.000000,15.000000,8.000000,18.000000,3.000000,5.000000,0.000000,6.000000,12.000000,2.000000,4.000000,0.000000,7.000000,15.000000,2.000000,5.000000,8097.000000,2266.000000,4820.000000,695.000000,601.000000,3.000000,
0.041244,0.787339,0.319226,0.178130,0.364243,-207400.020434,2.980455,2195607.000000,1874874.000000,3722527.000000,334752.000000,1282372.000000,1952.000000,539.000000,1146.000000,164.000000,144.000000,453.000000,125.000000,266.000000,38.000000,33.000000,2784.000000,769.000000,1633.000000,233.000000,205.000000,15.000000,8.000000,18.000000,3.000000,5.000000,0.000000,6.000000,12.000000,2.000000,4.000000,0.000000,7.000000,15.000000,2.000000,5.000000,8097.000000,2266.000000,4820.000000,695.000000,601.000000,3.000000,
0.041244,0.787339,0.319226,0.178130,0.364243,-207400.020434,2.980455,2195607.000000,1874874.000000,3722527.000000,334752.000000,1282372.000000,1952.000000,539.000000,1146.000000,164.000000,144.000000,453.000000,125.000000,266.000000,38.000000,33.000000,2784.000000,769.000000,1633.000000,233.000000,205.000000,15.000000,8.000000,18.000000,3.000000,5.000000,0.000000,6.000000,12.000000,2.000000,4.000000,0.000000,7.000000,15.000000,2.000000,5.000000,8097.000000,2266.000000,4820.000000,695.000000,601.000000,3.000000,
0.041244,0.787339,0.319226,0.178130,0.364243,-207400.020434,2.980455,2195607.000000,1874874.000000,3722527.000000,334752.000000,1282372.000000,1952.000000,539.000000,1146.000000,164.000000,144.000000,453.000000,125.000000,266.000000,38.000000,33.000000,2784.000000,769.000000,1633.000000,233.000000,205.000000,15.000000,8.000000,18.000000,3.000000,5.000000,0.000000,6.000000,12.000000,2.000000,4.000000,0.000000,7.000000,15.000000,2.000000,5.000000,8097.000000,2266.000000,4820.000000,695.000000,601.000000,3.000000,
0.041244,0.787339,0.319226,0.178130,0.364243,-207400.020434,2.980455,2195607.000000,1874874.000000,3722527.000000,334752.000000,1282372.000000,1952.000000,539.000000,1146.000000,164.000000,144.000000,453.000000,125.000000,266.000000,38.000000,33.000000,2784.000000,769.000000,1633.000000,233.000000,205.000000,15.000000,8.000000,18.000000,3.000000,5.000000,0.000000,6.000000,12.000000,2.000000,4.000000,0.000000,7.000000,15.000000,2.000000,5.000000,8097.000000,2266.000000,4820.000000,695.000000,601.000000,3.000000,
0.041244,0.787339,0.319226,0.178130,0.364243,-207400.020434,2.980455,2195607.000000,1874874.000000,3722527.000000,334752.000000,1282372.000000,1952.000000,539.000000,1146.000000,164.000000,144.000000,453.000000,125.000000,266.000000,38.000000,33.000000,2784.000000,769.000000,1633.000000,233.000000,205.000000,15.000000,8.000000,18.000000,3.000000,5.000000,0.000000,6.000000,12.000000,2.000000,4.000000,0.000000,7.000000,15.000000,2.000000,5.000000,8097.000000,2266.000000,4820.000000,695.000000,601.000000,3.000000,
0.041244,0.787339,0.319226,0.178130,0.364243,-207400.020434,2.980455,2195607.000000,1874874.000000,3722527.000000,334752.000000,1282372.000000,1952.000000,539.000000,1146.000000,164.000000,144.000000,453.000000,125.000000,266.000000,38.000000,33.000000,2784.000000,769.000000,1633.000000,233.000000,205.000000,15.000000,8.000000,18.000000,3.000000,5.000000,0.000000,6.000000,12.000000,2.000000,4.000000,0.000000,7.000000,15.000000,2.000000,5.000000,8097.000000,2266.000000,4820.000000,695.000000,601.000000,3.000000,
0.041244,0.787339,0.319226,0.178130,0.364243,-207400.020434,2.980455,2195607.000000,1874874.000000,3722527.000000,334752.000000,1282372.000000,1952.000000,539.000000,1146.000000,164.000000,144.000000,453.000000,125.000000,266.000000,38.000000,33.000000,2784.000000,769.000000,1633.000000,233.000000,205.000000,15.000000,8.000000,18.000000,3.000000,5.000000,0.000000,6.000000,12.000000,2.000000,4.000000,0.000000,7.000000,15.000000,2.000000,5.000000,8097.000000,2266.000000,4820.000000,695.000000,601.000000,3.000000,
0.041244,0.787339,0.319226,0.178130,0.364243,-207400.020434,2.980455,2195607.000000,1874874.000000,3722527.000000,334752.000000,1282372.000000,1952.000000,539.000000,1146.000000,164.000000,144.000000,453.000000,125.000000,266.000000,38.000000,33.000000,2784.000000,769.000000,1633.000000,233.000000,205.000000,15.000000,8.000000,18.000000,3.000000,5.000000,0.000000,6.000000,12.000000,2.000000,4.000000,0.000000,7.000000,15.000000,2.000000,5.000000,8097.000000,2266.000000,4820.000000,695.000000,601.000000,3.000000,
0.041244,0.787339,0.319226,0.178130,0.364243,-207400.020434,2.980455,2195607.000000,1874874.000000,3722527.000000,334752.000000,1282372.000000,1952.000000,539.000000,1146.000000,164.000000,144.000000,453.000000,125.000000,266.000000,38.000000,33.000000,2784.000000,769.000000,1633.000000,233.000000,205.000000,15.000000,8.000000,18.000000,3.000000,5.000000,0.000000,6.000000,12.000000,2.000000,4.000000,0.000000,7.000000,15.000000,2.000000,5.000000,8097.000000,2266.000000,4820.000000,695.000000,601.000000,3.000000,
0.041244,0.787339,0.319226,0.178130,0.364243,-207400.020434,2.980455,2195607.000000,1874874.000000,3722527.000000,334752.000000,1282372.000000,1952.000000,539.000000,1146.000000,164.000000,144.000000,453.000000,125.000000,266.000000,38.000000,33.000000,2784.000000,769.000000,1633.000000,233.000000,205.000000,15.000000,8.000000,18.000000,3.000000,5.000000,0.000000,6.000000,12.000000,2.000000,4.000000,0.000000,7.000000,15.000000,2.000000,5.000000,8097.000000,2266.000000,4820.000000,695.000000,601.000000,3.000000,
0.041244,0.787339,0.319226,0.178130,0.364243,-207400.020434,2.980455,2195607.000000,1874874.000000,3722527.000000,334752.000000,1282372.000000,1952.000000,539.000000,1146.000000,164.000000,144.000000,453.000000,125.000000,266.000000,38.000000,33.000000,2784.000000,769.000000,1633.000000,233.000000,205.000000,15.000000,8.000000,18.000000,3.000000,5.000000,0.000000,6.000000,12.000000,2.000000,4.000000,0.000000,7.000000,15.000000,2.000000,5.000000,8097.000000,2266.000000,4820.000000,695.000000,601.000000,3.000000,
0.041155,0.888051,0.324323,0.124083,0.407745,-207651.232910,2.983506,2195607.000000,1874874.000000,3722527.000000,334752.000000,1282372.000000,1952.000000,539.000000,1146.000000,164.000000,144.000000,453.000000,125.000000,266.000000,38.000000,33.000000,2784.000000,769.000000,1633.000000,233.000000,205.000000,15.000000,8.000000,18.000000,3.000000,5.000000,0.000000,6.000000,12.000000,2.000000,4.000000,0.000000,7.000000,15.000000,2.000000,5.000000,8097.000000,2266.000000,4820.000000,695.000000,601.000000,3.000000,
0.041155,0.888051,0.324323,0.124083,0.407745,-207651.232910,2.983506,2195607.000000,1874874.000000,3722527.000000,334752.000000,1282372.000000,1952.000000,539.000000,1146.000000,164.000000,144.000000,453.000000,125.000000,266.000000,38.000000,33.000000,2784.000000,769.000000,1633.000000,233.000000,205.000000,15.000000,8.000000,18.000000,3.000000,5.000000,0.000000,6.000000,12.000000,2.000000,4.000000,0.000000,7.000000,15.000000,2.000000,5.000000,8097.000000,2266.000000,4820.000000,695.000000,601.000000,3.000000,
0.041223,0.789130,0.324618,0.107488,0.371457,-207665.973779,2.988996,2195607.000000,1874874.000000,3722527.000000,334752.000000,1282372.000000,1952.000000,539.000000,1146.000000,164.000000,144.000000,453.000000,125.000000,266.000000,38.000000,33.000000,2784.000000,769.000000,1633.000000,233.000000,205.000000,15.000000,8.000000,18.000000,3.000000,5.000000,0.000000,6.000000,12.000000,2.000000,4.000000,0.000000,7.000000,15.000000,2.000000,5.000000,8097.000000,2266.000000,4820.000000,695.000000,601.000000,3.000000,
0.041223,0.789130,0.324618,0.107488,0.371457,-207665.973779,2.988996,2195607.000000,1874874.000000,3722527.000000,334752.000000,1282372.000000,1952.000000,539.000000,1146.000000,164.000000,144.000000,453.000000,125.000000,266.000000,38.000000,33.000000,2784.000000,769.000000,1633.000000,233.000000,205.000000,15.000000,8.000000,18.000000,3.000000,5.000000,0.000000,6.000000,12.000000,2.000000,4.000000,0.000000,7.000000,15.000000,2.000000,5.000000,8097.000000,2266.000000,4820.000000,695.000000,601.000000,3.000000,
0.041223,0.789130,0.324618,0.107488,0.371457,-207665.973779,2.988996,2195607.000000,1874874.000000,3722527.000000,334752.000000,1282372.000000,1952.000000,539.000000,1146.000000,164.000000,144.000000,453.000000,125.000000,266.000000,38.000000,33.000000,2784.000000,769.000000,1633.000000,233.000000,205.000000,15.000000,8.000000,18.000000,3.000000,5.000000,0.000000,6.000000,12.000000,2.000000,4.000000,0.000000,7.000000,15.000000,2.000000,5.000000,8097.000000,2266.000000,4820.000000,695.000000,601.000000,3.000000,
0.041223,0.789130,0.324618,0.107488,0.371457,-207665.973779,2.988996,2195607.000000,1874874.000000,3722527.000000,334752.000000,1282372.000000,1952.000000,539.000000,1146.000000,164.000000,144.000000,453.000000,125.000000,266.000000,38.000000,33.000000,2784.000000,769.000000,1633.000000,233.000000,205.000000,15.000000,8.000000,18.000000,3.000000,5.000000,0.000000,6.000000,12.000000,2.000000,4.000000,0.000000,7.000000,15.000000,2.000000,5.000000,8097.000000,2266.000000,4820.000000,695.000000,601.000000,3.000000,
0.041223,0.789130,0.324618,0.107488,0.371457,-207665.973779,2.988996,2195607.000000,1874874.000000,3722527.000000,334752.000000,1282372.000000,1952.000000,539.000000,1146.000000,164.000000,144.000000,453.000000,125.000000,266.000000,38.000000,33.000000,2784.000000,769.000000,1633.000000,233.000000,205.000000,15.000000,8.000000,18.000000,3.000000,5.000000,0.000000,6.000000,12.000000,2.000000,4.000000,0.000000,7.000000,15.000000,2.000000,5.000000,8097.000000,2266.000000,4820.000000,695.000000,601.000000,3.000000,
0.041223,0.789130,0.324618,0.107488,0.371457,-207665.973779,2.988996,2195607.000000,1874874.000000,3722527.000000,334752.000000,1282372.000000,1952.000000,539.000000,1146.000000,164.000000,144.000000,453.000000,125.000000,266.000000,38.000000,33.000000,2784.000000,769.000000,1633.000000,233.000000,205.000000,15.000000,8.000000,18.000000,3.000000,5.000000,0.000000,6.000000,12.000000,2.000000,4.000000,0.000000,7.000000,15.000000,2.000000,5.000000,8097.000000,2266.000000,4820.000000,695.000000,601.000000,3.000000,
0.041223,0.789130,0.324618,0.107488,0.371457,-207665.973779,2.988996,2195607.000000,1874874.000000,3722527.000000,334752.000000,1282372.000000,1952.000000,539.000000,1146.000000,164.000000,144.000000,453.000000,125.000000,266.000000,38.000000,33.000000,2784.000000,769.000000,1633.000000,233.000000,205.000000,15.000000,8.000000,18.000000,3.000000,5.000000,0.000000,6.000000,12.000000,2.000000,4.000000,0.000000,7.000000,15.000000,2.000000,5.000000,8097.000000,2266.000000,4820.000000,695.000000,601.000000,3.000000,
0.041223,0.789130,0.324618,0.107488,0.371457,-207665.973779,2.988996,2195607.000000,1874874.000000,3722527.000000,334752.000000,1282372.000000,1952.000000,539.000000,1146.000000,164.000000,144.000000,453.000000,125.000000,266.000000,38.000000,33.000000,2784.000000,769.000000,1633.000000,233.000000,205.000000,15.000000,8.000000,18.000000,3.000000,5.000000,0.000000,6.000000,12.000000,2.000000,4.000000,0.000000,7.000000,15.000000,2.000000,5.000000,8097.000000,2266.000000,4820.000000,695.000000,601.000000,3.000000,
0.041223,0.789130,0.324618,0.107488,0.371457,-207665.973779,2.988996,2195607.000000,1874874.000000,3722527.000000,334752.000000,1282372.000000,1952.000000,539.000000,1146.000000,164.000000,144.000000,453.000000,125.000000,266.000000,38.000000,33.000000,2784.000000,769.000000,1633.000000,233.000000,205.000000,15.000000,8.000000,18.000000,3.000000,5.000000,0.000000,6.000000,12.000000,2.000000,4.000000,0.000000,7.000000,15.000000,2.000000,5.000000,8097.000000,2266.000000,4820.000000,695.000000,601.000000,3.000000,
0.041223,0.789130,0.324618,0.107488,0.371457,-207665.973779,2.988996,2195607.000000,1874874.000000,3722527.000000,334752.000000,1282372.000000,1952.000000,539.000000,1146.000000,164.000000,144.000000,453.000000,125.000000,266.000000,38.000000,33.000000,2784.000000,769.000000,1633.000000,233.000000,205.000000,15.000000,8.000000,18.000000,3.000000,5.000000,0.000000,6.000000,12.000000,2.000000,4.000000,0.000000,7.000000,15.000000,2.000000,5.000000,8097.000000,2266.000000,4820.000000,695.000000,601.000000,3.000000,
0.041223,0.789130,0.324618,0.107488,0.371457,-207665.973779,2.988996,2195607.000000,1874874.000000,3722527.000000,334752.000000,1282372.000000,1952.000000,539.000000,1146.000000,164.000000,144.000000,453.000000,125.000000,266.000000,38.000000,33.000000,2784.000000,769.000000,1633.000000,233.000000,205.000000,15.000000,8.000000,18.000000,3.000000,5.000000,0.000000,6.000000,12.000000,2.000000,4.000000,0.000000,7.000000,15.000000,2.000000,5.000000,8097.000000,2266.000000,4820.000000,695.000000,601.000000,3.000000,
0.041223,0.789130,0.324618,0.107488,0.371457,-207665.973779,2.988996,2195607.000000,1874874.000000,3722527.000000,334752.000000,1282372.000000,1952.000000,539.000000,1146.000000,164.000000,144.000000,453.000000,125.000000,266.000000,38.000000,33.000000,2784.000000,769.000000,1633.000000,233.000000,205.000000,15.000000,8.000000,18.000000,3.000000,5.000000,0.000000,6.000000,12.000000,2.000000,4.000000,0.000000,7.000000,15.000000,2.000000,5.000000,8097.000000,2266.000000,4820.000000,695.000000,601.000000,3.000000,
0.041108,0.987082,0.330822,0.201596,0.315475,-207974.117457,2.992197,2195607.000000,1874874.000000,3722527.000000,334752.000000,1282372.000000,1952.000000,539.000000,1146.000000,164.000000,144.000000,453.000000,125.000000,266.000000,38.000000,33.000000,2784.000000,769.000000,1633.000000,233.000000,205.000000,15.000000,8.000000,18.000000,3.000000,5.000000,0.000000,6.000000,12.000000,2.000000,4.000000,0.000000,7.000000,15.000000,2.000000,5.000000,8097.000000,2266.000000,4820.000000,695.000000,601.000000,3.000000,
0.041108,0.987082,0.330822,0.201596,0.315475,-207974.117457,2.992197,2195607.000000,1874874.000000,3722527.000000,334752.000000,1282372.000000,1952.000000,539.000000,1146.000000,164.000000,144.000000,453.000000,125.000000,266.000000,38.000000,33.000000,2784.000000,769.000000,1633.000000,233.000000,205.000000,15.000000,8.000000,18.000000,3.000000,5.000000,0.000000,6.000000,12.000000,2.000000,4.000000,0.000000,7.000000,15.000000,2.000000,5.000000,8097.000000,2266.000000,4820.000000,695.000000,601.000000,3.000000,
0.041108,0.987082,0.330822,0.201596,0.315475,-207974.117457,2.992197,2195607.000000,1874874.000000,3722527.000000,334752.000000,1282372.000000,1952.000000,539.000000,1146.000000,164.000000,144.000000,453.000000,125.000000,266.000000,38.000000,33.000000,2784.000000,769.000000,1633.000000,233.000000,205.000000,15.000000,8.000000,18.000000,3.000000,5.000000,0.000000,6.000000,12.000000,2.000000,4.000000,0.000000,7.000000,15.000000,2.000000,5.000000,8097.000000,2266.000000,4820.000000,695.000000,601.000000,3.000000,
0.041108,0.987082,0.330822,0.201596,0.315475,-207974.117457,2.992197,2195607.000000,1874874.000000,3722527.000000,334752.000000,1282372.000000,1952.000000,539.000000,1146.000000,164.000000,144.000000,453.000000,125.000000,266.000000,38.000000,33.000000,2784.000000,769.000000,1633.000000,233.000000,205.000000,15.000000,8.000000,18.000000,3.000000,5.000000,0.000000,6.000000,12.000000,2.000000,4.000000,0.000000,7.000000,15.000000,2.000000,5.000000,8097.000000,2266.000000,4820.000000,695.000000,601.000000,3.000000,
0.041108,0.987082,0.330822,0.201596,0.315475,-207974.117457,2.992197,2195607.000000,1874874.000000,3722527.000000,334752.000000,1282372.000000,1952.000000,539.000000,1146.000000,164.000000,144.000000,453.000000,125.000000,266.000000,38.000000,33.000000,2784.000000,769.000000,1633.000000,233.000000,205.000000,15.000000,8.000000,18.000000,3.000000,5.000000,0.000000,6.000000,12.000000,2.000000,4.000000,0.000000,7.000000,15.000000,2.000000,5.000000,8097.000000,2266.000000,4820.000000,695.000000,601.000000,3.000000,
0.041108,0.987082,0.330822,0.201596,0.315475,-207974.117457,2.992197,2195607.000000,1874874.000000,3722527.000000,334752.000000,1282372.000000,1952.000000,539.000000,1146.000000,164.000000,144.000000,453.000000,125.000000,266.000000,38.000000,33.000000,2784.000000,769.000000,1633.000000,233.000000,205.000000,15.000000,8.000000,18.000000,3.000000,5.000000,0.000000,6.000000,12.000000,2.000000,4.000000,0.000000,7.000000,15.000000,2.000000,5.000000,8097.000000,2266.000000,4820.000000,695.000000,601.000000,3.000000,
0.041108,0.987082,0.330822,0.201596,0.315475,-207974.117457,2.992197,2195607.000000,1874874.000000,3722527.000000,334752.000000,1282372.000000,1952.000000,539.000000,1146.000000,164.000000,144.000000,453.000000,125.000000,266.000000,38.000000,33.000000,2784.000000,769.000000,1633.000000,233.000000,205.000000,15.000000,8.000000,18.000000,3.000000,5.000000,0.000000,6.000000,12.000000,2.000000,4.000000,0.000000,7.000000,15.000000,2.000000,5.000000,8097.000000,2266.000000,4820.000000,695.000000,601.000000,3.000000,
0.041108,0.987082,0.330822,0.201596,0.315475,-207974.117457,2.992197,2195607.000000,1874874.000000,3722527.000000,334752.000000,1282372.000000,1952.000000,539.000000,1146.000000,164.000000,144.000000,453.000000,125.000000,266.000000,38.000000,33.000000,2784.000000,769.000000,1633.000000,233.000000,205.000000,15.000000,8.000000,18.000000,3.000000,5.000000,0.000000,6.000000,12.000000,2.000000,4.000000,0.000000,7.000000,15.000000,2.000000,5.000000,8097.000000,2266.000000,4820.000000,695.000000,601.000000,3.000000,
0.041108,0.987082,0.330822,0.201596,0.315475,-207974.117457,2.992197,2195607.000000,1874874.000000,3722527.000000,334752.000000,1282372.000000,1952.000000,539.000000,1146.000000,164.000000,144.000000,453.000000,125.000000,266.000000,38.000000,33.000000,2784.000000,769.000000,1633.000000,233.000000,205.000000,15.000000,8.000000,18.000000,3.000000,5.000000,0.000000,6.000000,12.000000,2.000000,4.000000,0.000000,7.000000,15.000000,2.000000,5.000000,8097.000000,2266.000000,4820.000000,695.000000,601.000000,3.000000,
0.041108,0.987082,0.330822,0.201596,0.315475,-207974.117457,2.992197,2195607.000000,1874874.000000,3722527.000000,334752.000000,1282372.000000,1952.000000,539.000000,1146.000000,164.000000,144.000000,453.000000,125.000000,266.000000,38.000000,33.000000,2784.000000,769.000000,1633.000000,233.000000,205.000000,15.000000,8.000000,18.000000,3.000000,5.000000,0.000000,6.000000,12.000000,2.000000,4.000000,0.000000,7.000000,15.000000,2.000000,5.000000,8097.000000,2266.000000,4820.000000,695.000000,601.000000,3.000000,
0.041108,0.987082,0.330822,0.201596,0.315475,-207974.117457,2.992197,2195607.000000,1874874.000000,3722527.000000,334752.000000,1282372.000000,1952.000000,539.000000,1146.000000,164.000000,144.000000,453.000000,125.000000,266.000000,38.000000,33.000000,2784.000000,769.000000,1633.000000,233.000000,205.000000,15.000000,8.000000,18.000000,3.000000,5.000000,0.000000,6.000000,12.000000,2.000000,4.000000,0.000000,7.000000,15.000000,2.000000,5.000000,8097.000000,2266.000000,4820.000000,695.000000,601.000000,3.000000,
0.041108,0.987082,0.330822,0.201596,0.315475,-207974.117457,2.992197,2195607.000000,1874874.000000,3722527.000000,334752.000000,1282372.000000,1952.000000,539.000000,1146.000000,164.000000,144.000000,453.000000,125.000000,266.000000,38.000000,33.000000,2784.000000,769.000000,1633.000000,233.000000,205.000000,15.000000,8.000000,18.000000,3.000000,5.000000,0.000000,6.000000,12.000000,2.000000,4.000000,0.000000,7.000000,15.000000,2.000000,5.000000,8097.000000,2266.000000,4820.000000,695.000000,601.000000,3.000000,
0.041108,0.987082,0.330822,0.201596,0.315475,-207974.117457,2.992197,2195607.000000,1874874.000000,3722527.000000,334752.000000,1282372.000000,1952.000000,539.000000,1146.000000,164.000000,144.000000,453.000000,125.000000,266.000000,38.000000,33.000000,2784.000000,769.000000,1633.000000,233.000000,205.000000,15.000000,8.000000,18.000000,3.000000,5.000000,0.000000,6.000000,12.000000,2.000000,4.000000,0.000000,7.000000,15.000000,2.000000,5.000000,8097.000000,2266.000000,4820.000000,695.000000,601.000000,3.000000,
0.041108,0.987082,0.330822,0.201596,0.315475,-207974.117457,2.992197,2195607.000000,1874874.000000,3722527.000000,334752.000000,1282372.000000,1952.000000,539.000000,1146.000000,164.000000,144.000000,453.000000,125.000000,266.000000,38.000000,33.000000,2784.000000,769.000000,1633.000000,233.000000,205.000000,15.000000,8.000000,18.000000,3.000000,5.000000,0.000000,6.000000,12.000000,2.000000,4.000000,0.000000,7.000000,15.000000,2.000000,5.000000,8097.000000,2266.000000,4820.000000,695.000000,601.000000,3.000000,
0.041108,0.987082,0.330822,0.201596,0.315475,-207974.117457,2.992197,2195607.000000,1874874.000000,3722527.000000,334752.000000,1282372.000000,1952.000000,539.000000,1146.000000,164.000000,144.000000,453.000000,125.000000,266.000000,38.000000,33.000000,2784.000000,769.000000,1633.000000,233.000000,205.000000,15.000000,8.000000,18.000000,3.000000,5.000000,0.000000,6.000000,12.000000,2.000000,4.000000,0.000000,7.000000,15.000000,2.000000,5.000000,8097.000000,2266.000000,4820.000000,695.000000,601.000000,3.000000,
0.041108,0.987082,0.330822,0.201596,0.315475,-207974.117457,2.992197,2195607.000000,1874874.000000,3722527.000000,334752.000000,1282372.000000,1952.000000,539.000000,1146.000000,164.000000,144.000000,453.000000,125.000000,266.000000,38.000000,33.000000,2784.000000,769.000000,1633.000000,233.000000,205.000000,15.000000,8.000000,18.000000,3.000000,5.000000,0.000000,6.000000,12.000000,2.000000,4.000000,0.000000,7.000000,15.000000,2.000000,5.000000,8097.000000,2266.000000,4820.000000,695.000000,601.000000,3.000000,
0.041108,0.987082,0.330822,0.201596,0.315475,-207974.117457,2.992197,2195607.000000,1874874.000000,3722527.000000,334752.000000,1282372.000000,1952.000000,539.000000,1146.000000,164.000000,144.000000,453.000000,125.000000,266.000000,38.000000,33.000000,2784.000000,769.000000,1633.000000,233.000000,205.000000,15.000000,8.000000,18.000000,3.000000,5.000000,0.000000,6.000000,12.000000,2.000000,4.000000,0.000000,7.000000,15.000000,2.000000,5.000000,8097.000000,2266.000000,4820.000000,695.000000,601.000000,3.000000,
0.041108,0.987082,0.330822,0.201596,0.315475,-207974.117457,2.992197,2195607.000000,1874874.000000,3722527.000000,334752.000000,1282372.000000,1952.000000,539.000000,1146.000000,164.000000,144.000000,453.000000,125.000000,266.000000,38.000000,33.000000,2784.000000,769.000000,1633.000000,233.000000,205.000000,15.000000,8.000000,18.000000,3.000000,5.000000,0.000000,6.000000,12.000000,2.000000,4.000000,0.000000,7.000000,15.000000,2.000000,5.000000,8097.000000,2266.000000,4820.000000,695.000000,601.000000,3.000000,
0.041108,0.987082,0.330822,0.201596,0.315475,-207974.117457,2.992197,2195607.000000,1874874.000000,3722527.000000,334752.000000,1282372.000000,1952.000000,539.000000,1146.000000,164.000000,144.000000,453.000000,125.000000,266.000000,38.000000,33.000000,2784.000000,769.000000,1633.000000,233.000000,205.000000,15.000000,8.000000,18.000000,3.000000,5.000000,0.000000,6.000000,12.000000,2.000000,4.000000,0.000000,7.000000,15.000000,2.000000,5.000000,8097.000000,2266.000000,4820.000000,695.000000,601.000000,3.000000,
0.041108,0.987082,0.330822,0.201596,0.315475,-207974.117457,2.992197,2195607.000000,1874874.000000,3722527.000000,334752.000000,1282372.000000,1952.000000,539.000000,1146.000000,164.000000,144.000000,453.000000,125.000000,266.000000,38.000000,33.000000,2784.000000,769.000000,1633.000000,233.000000,205.000000,15.000000,8.000000,18.000000,3.000000,5.000000,0.000000,6.000000,12.000000,2.000000,4.000000,0.000000,7.000000,15.000000,2.000000,5.000000,8097.000000,2266.000000,4820.000000,695.000000,601.000000,3.000000,
0.040946,0.499158,0.337944,0.143178,0.311222,-208330.804762,2.993581,2195607.000000,1874874.000000,3722527.000000,334752.000000,1282372.000000,1952.000000,539.000000,1146.000000,164.000000,144.000000,453.000000,125.000000,266.000000,38.000000,33.000000,2784.000000,769.000000,1633.000000,233.000000,205.000000,15.000000,8.000000,18.000000,3.000000,5.000000,0.000000,6.000000,12.000000,2.000000,4.000000,0.000000,7.000000,15.000000,2.000000,5.000000,8097.000000,2266.000000,4820.000000,695.000000,601.000000,3.000000,
0.040946,0.499158,0.337944,0.143178,0.311222,-208330.804762,2.993581,2195607.000000,1874874.000000,3722527.000000,334752.000000,1282372.000000,1952.000000,539.000000,1146.000000,164.000000,144.000000,453.000000,125.000000,266.000000,38.000000,33.000000,2784.000000,769.000000,1633.000000,233.000000,205.000000,15.000000,8.000000,18.000000,3.000000,5.000000,0.000000,6.000000,12.000000,2.000000,4.000000,0.000000,7.000000,15.000000,2.000000,5.000000,8097.000000,2266.000000,4820.000000,695.000000,601.000000,3.000000,
0.040946,0.499158,0.337944,0.143178,0.311222,-208330.804762,2.993581,2195607.000000,1874874.000000,3722527.000000,334752.000000,1282372.000000,1952.000000,539.000000,1146.000000,164.000000,144.000000,453.000000,125.000000,266.000000,38.000000,33.000000,2784.000000,769.000000,1633.000000,233.000000,205.000000,15.000000,8.000000,18.000000,3.000000,5.000000,0.000000,6.000000,12.000000,2.000000,4.000000,0.000000,7.000000,15.000000,2.000000,5.000000,8097.000000,2266.000000,4820.000000,695.000000,601.000000,3.000000,
0.040946,0.499158,0.337944,0.143178,0.311222,-208330.804762,2.993581,2195607.000000,1874874.000000,3722527.000000,334752.000000,1282372.000000,1952.000000,539.000000,1146.000000,164.000000,144.000000,453.000000,125.000000,266.000000,38.000000,33.000000,2784.000000,769.000000,1633.000000,233.000000,205.000000,15.000000,8.000000,18.000000,3.000000,5.000000,0.000000,6.000000,12.000000,2.000000,4.000000,0.000000,7.000000,15.000000,2.000000,5.000000,8097.000000,2266.000000,4820.000000,695.000000,601.000000,3.000000,
0.040946,0.499158,0.337944,0.143178,0.311222,-208330.804762,2.993581,2195607.000000,1874874.000000,3722527.000000,334752.000000,1282372.000000,1952.000000,539.000000,1146.000000,164.000000,144.000000,453.000000,125.000000,266.000000,38.000000,33.000000,2784.000000,769.000000,1633.000000,233.000000,205.000000,15.000000,8.000000,18.000000,3.000000,5.000000,0.000000,6.000000,12.000000,2.000000,4.000000,0.000000,7.000000,15.000000,2.000000,5.000000,8097.000000,2266.000000,4820.000000,695.000000,601.000000,3.000000,
0.040946,0.499158,0.337944,0.143178,0.311222,-208330.804762,2.993581,2195607.000000,1874874.000000,3722527.000000,334752.000000,1282372.000000,1952.000000,539.000000,1146.000000,164.000000,144.000000,453.000000,125.000000,266.000000,38.000000,33.000000,2784.000000,769.000000,1633.000000,233.000000,205.000000,15.000000,8.000000,18.000000,3.000000,5.000000,0.000000,6.000000,12.000000,2.000000,4.000000,0.000000,7.000000,15.000000,2.000000,5.000000,8097.000000,2266.000000,4820.000000,695.000000,601.000000,3.000000,
0.040946,0.499158,0.337944,0.143178,0.311222,-208330.804762,2.993581,2195607.000000,1874874.000000,3722527.000000,334752.000000,1282372.000000,1952.000000,539.000000,1146.000000,164.000000,144.000000,453.000000,125.000000,266.000000,38.000000,33.000000,2784.000000,769.000000,1633.000000,233.000000,205.000000,15.000000,8.000000,18.000000,3.000000,5.000000,0.000000,6.000000,12.000000,2.000000,4.000000,0.000000,7.000000,15.000000,2.000000,5.000000,8097.000000,2266.000000,4820.000000,695.000000,601.000000,3.000000,
0.040946,0.499158,0.337944,0.143178,0.311222,-208330.804762,2.993581,2195607.000000,1874874.000000,3722527.000000,334752.000000,1282372.000000,1952.000000,539.000000,1146.000000,164.000000,144.000000,453.000000,125.000000,266.000000,38.000000,33.000000,2784.000000,769.000000,1633.000000,233.000000,205.000000,15.000000,8.000000,18.000000,3.000000,5.000000,0.000000,6.000000,12.000000,2.000000,4.000000,0.000000,7.000000,15.000000,2.000000,5.000000,8097.000000,2266.000000,4820.000000,695.000000,601.000000,3.000000,
0.040918,0.669691,0.338686,0.077780,0.423188,-208368.147222,2.992867,2195607.000000,1874874.000000,3722527.000000,334752.000000,1282372.000000,1952.000000,539.000000,1146.000000,164.000000,144.000000,453.000000,125.000000,266.000000,38.000000,33.000000,2784.000000,769.000000,1633.000000,233.000000,205.000000,15.000000,8.000000,18.000000,3.000000,5.000000,0.000000,6.000000,12.000000,2.000000,4.000000,0.000000,7.000000,15.000000,2.000000,5.000000,8097.000000,2266.000000,4820.000000,695.000000,601.000000,3.000000,
0.040956,0.890071,0.333936,0.098621,0.465024,-208129.529308,2.986847,2195607.000000,1874874.000000,3722527.000000,334752.000000,1282372.000000,1952.000000,539.000000,1146.000000,164.000000,144.000000,453.000000,125.000000,266.000000,38.000000,33.000000,2784.000000,769.000000,1633.000000,233.000000,205.000000,15.000000,8.000000,18.000000,3.000000,5.000000,0.000000,6.000000,12.000000,2.000000,4.000000,0.000000,7.000000,15.000000,2.000000,5.000000,8097.000000,2266.000000,4820.000000,695.000000,601.000000,3.000000,
0.040956,0.890071,0.333936,0.098621,0.465024,-208129.529308,2.986847,2195607.000000,1874874.000000,3722527.000000,334752.000000,1282372.000000,1952.000000,539.000000,1146.000000,164.000000,144.000000,453.000000,125.000000,266.000000,38.000000,33.000000,2784.000000,769.000000,1633.000000,233.000000,205.000000,15.000000,8.000000,18.000000,3.000000,5.000000,0.000000,6.000000,12.000000,2.000000,4.000000,0.000000,7.000000,15.000000,2.000000,5.000000,8097.000000,2266.000000,4820.000000,695.000000,601.000000,3.000000,
0.040956,0.890071,0.333936,0.098621,0.465024,-208129.529308,2.986847,2195607.000000,1874874.000000,3722527.000000,334752.000000,1282372.000000,1952.000000,539.000000,1146.000000,164.000000,144.000000,453.000000,125.000000,266.000000,38.000000,33.000000,2784.000000,769.000000,1633.000000,233.000000,205.000000,15.000000,8.000000,18.000000,3.000000,5.000000,0.000000,6.000000,12.000000,2.000000,4.000000,0.000000,7.000000,15.000000,2.000000,5.000000,8097.000000,2266.000000,4820.000000,695.000000,601.000000,3.000000,
0.040956,0.890071,0.333936,0.098621,0.465024,-208129.529308,2.986847,2195607.000000,1874874.000000,3722527.000000,334752.000000,1282372.000000,1952.000000,539.000000,1146.000000,164.000000,144.000000,453.000000,125.000000,266.000000,38.000000,33.000000,2784.000000,769.000000,1633.000000,233.000000,205.000000,15.000000,8.000000,18.000000,3.000000,5.000000,0.000000,6.000000,12.000000,2.000000,4.000000,0.000000,7.000000,15.000000,2.000000,5.000000,8097.000000,2266.000000,4820.000000,695.000000,601.000000,3.000000,
0.040956,0.890071,0.333936,0.098621,0.465024,-208129.529308,2.986847,2195607.000000,1874874.000000,3722527.000000,334752.000000,1282372.000000,1952.000000,539.000000,1146.000000,164.000000,144.000000,453.000000,125.000000,266.000000,38.000000,33.000000,2784.000000,769.000000,1633.000000,233.000000,205.000000,15.000000,8.000000,18.000000,3.000000,5.000000,0.000000,6.000000,12.000000,2.000000,4.000000,0.000000,7.000000,15.000000,2.000000,5.000000,8097.000000,2266.000000,4820.000000,695.000000,601.000000,3.000000,
0.040956,0.890071,0.333936,0.098621,0.465024,-208129.529308,2.986847,2195607.000000,1874874.000000,3722527.000000,334752.000000,1282372.000000,1952.000000,539.000000,1146.000000,164.000000,144.000000,453.000000,125.000000,266.000000,38.000000,33.000000,2784.000000,769.000000,1633.000000,233.000000,205.000000,15.000000,8.000000,18.000000,3.000000,5.000000,0.000000,6.000000,12.000000,2.000000,4.000000,0.000000,7.000000,15.000000,2.000000,5.000000,8097.000000,2266.000000,4820.000000,695.000000,601.000000,3.000000,
0.040956,0.890071,0.333936,0.098621,0.465024,-208129.529308,2.986847,2195607.000000,1874874.000000,3722527.000000,334752.000000,1282372.000000,1952.000000,539.000000,1146.000000,164.000000,144.000000,453.000000,125.000000,266.000000,38.000000,33.000000,2784.000000,769.000000,1633.000000,233.000000,205.000000,15.000000,8.000000,18.000000,3.000000,5.000000,0.000000,6.000000,12.000000,2.000000,4.000000,0.000000,7.000000,15.000000,2.000000,5.000000,8097.000000,2266.000000,4820.000000,695.000000,601.000000,3.000000,
0.040956,0.890071,0.333936,0.098621,0.465024,-208129.529308,2.986847,2195607.000000,1874874.000000,3722527.000000,334752.000000,1282372.000000,1952.000000,539.000000,1146.000000,164.000000,144.000000,453.000000,125.000000,266.000000,38.000000,33.000000,2784.000000,769.000000,1633.000000,233.000000,205.000000,15.000000,8.000000,18.000000,3.000000,5.000000,0.000000,6.000000,12.000000,2.000000,4.000000,0.000000,7.000000,15.000000,2.000000,5.000000,8097.000000,2266.000000,4820.000000,695.000000,601.000000,3.000000,
0.040956,0.890071,0.333936,0.098621,0.465024,-208129.529308,2.986847,2195607.000000,1874874.000000,3722527.000000,334752.000000,1282372.000000,1952.000000,539.000000,1146.000000,164.000000,144.000000,453.000000,125.000000,266.000000,38.000000,33.000000,2784.000000,769.000000,1633.000000,233.000000,205.000000,15.000000,8.000000,18.000000,3.000000,5.000000,0.000000,6.000000,12.000000,2.000000,4.000000,0.000000,7.000000,15.000000,2.000000,5.000000,8097.000000,2266.000000,4820.000000,695.000000,601.000000,3.000000,
0.040979,0.868239,0.332994,0.095830,0.554310,-208082.412927,2.986822,2195607.000000,1874874.000000,3722527.000000,334752.000000,1282372.000000,1952.000000,539.000000,1146.000000,164.000000,144.000000,453.000000,125.000000,266.000000,38.000000,33.000000,2784.000000,769.000000,1633.000000,233.000000,205.000000,15.000000,8.000000,18.000000,3.000000,5.000000,0.000000,6.000000,12.000000,2.000000,4.000000,0.000000,7.000000,15.000000,2.000000,5.000000,8097.000000,2266.000000,4820.000000,695.000000,601.000000,3.000000,
0.040979,0.868239,0.332994,0.095830,0.554310,-208082.412927,2.986822,2195607.000000,1874874.000000,3722527.000000,334752.000000,1282372.000000,1952.000000,539.000000,1146.000000,164.000000,144.000000,453.000000,125.000000,266.000000,38.000000,33.000000,2784.000000,769.000000,1633.000000,233.000000,205.000000,15.000000,8.000000,18.000000,3.000000,5.000000,0.000000,6.000000,12.000000,2.000000,4.000000,0.000000,7.000000,15.000000,2.000000,5.000000,8097.000000,2266.000000,4820.000000,695.000000,601.000000,3.000000,
0.040979,0.868239,0.332994,0.095830,0.554310,-208082.412927,2.986822,2195607.000000,1874874.000000,3722527.000000,334752.000000,1282372.000000,1952.000000,539.000000,1146.000000,164.000000,144.000000,453.000000,125.000000,266.000000,38.000000,33.000000,2784.000000,769.000000,1633.000000,233.000000,205.000000,15.000000,8.000000,18.000000,3.000000,5.000000,0.000000,6.000000,12.000000,2.000000,4.000000,0.000000,7.000000,15.000000,2.000000,5.000000,8097.000000,2266.000000,4820.000000,695.000000,601.000000,3.000000,
0.040979,0.868239,0.332994,0.095830,0.554310,-208082.412927,2.986822,2195607.000000,1874874.000000,3722527.000000,334752.000000,1282372.000000,1952.000000,539.000000,1146.000000,164.000000,144.000000,453.000000,125.000000,266.000000,38.000000,33.000000,2784.000000,769.000000,1633.000000,233.000000,205.000000,15.000000,8.000000,18.000000,3.000000,5.000000,0.000000,6.000000,12.000000,2.000000,4.000000,0.000000,7.000000,15.000000,2.000000,5.000000,8097.000000,2266.000000,4820.000000,695.000000,601.000000,3.000000,
0.040979,0.868239,0.332994,0.095830,0.554310,-208082.412927,2.986822,2195607.000000,1874874.000000,3722527.000000,334752.000000,1282372.000000,1952.000000,539.000000,1146.000000,164.000000,144.000000,453.000000,125.000000,266.000000,38.000000,33.000000,2784.000000,769.000000,1633.000000,233.000000,205.000000,15.000000,8.000000,18.000000,3.000000,5.000000,0.000000,6.000000,12.000000,2.000000,4.000000,0.000000,7.000000,15.000000,2.000000,5.000000,8097.000000,2266.000000,4820.000000,695.000000,601.000000,3.000000,
0.040979,0.868239,0.332994,0.095830,0.554310,-208082.412927,2.986822,2195607.000000,1874874.000000,3722527.000000,334752.000000,1282372.000000,1952.000000,539.000000,1146.000000,164.000000,144.000000,453.000000,125.000000,266.000000,38.000000,33.000000,2784.000000,769.000000,1633.000000,233.000000,205.000000,15.000000,8.000000,18.000000,3.000000,5.000000,0.000000,6.000000,12.000000,2.000000,4.000000,0.000000,7.000000,15.000000,2.000000,5.000000,8097.000000,2266.000000,4820.000000,695.000000,601.000000,3.000000,
0.041034,0.558045,0.328832,0.084923,0.528488,-207874.801938,2.983066,2195607.000000,1874874.000000,3722527.000000,334752.000000,1282372.000000,1952.000000,539.000000,1146.000000,164.000000,144.000000,453.000000,125.000000,266.000000,38.000000,33.000000,2784.000000,769.000000,1633.000000,233.000000,205.000000,15.000000,8.000000,18.000000,3.000000,5.000000,0.000000,6.000000,12.000000,2.000000,4.000000,0.000000,7.000000,15.000000,2.000000,5.000000,8097.000000,2266.000000,4820.000000,695.000000,601.000000,3.000000,
0.041034,0.558045,0.328832,0.084923,0.528488,-207874.801938,2.983066,2195607.000000,1874874.000000,3722527.000000,334752.000000,1282372.000000,1952.000000,539.000000,1146.000000,164.000000,144.000000,453.000000,125.000000,266.000000,38.000000,33.000000,2784.000000,769.000000,1633.000000,233.000000,205.000000,15.000000,8.000000,18.000000,3.000000,5.000000,0.000000,6.000000,12.000000,2.000000,4.000000,0.000000,7.000000,15.000000,2.000000,5.000000,8097.000000,2266.000000,4820.000000,695.000000,601.000000,3.000000,
0.041034,0.558045,0.328832,0.084923,0.528488,-207874.801938,2.983066,2195607.000000,1874874.000000,3722527.000000,334752.000000,1282372.000000,1952.000000,539.000000,1146.000000,164.000000,144.000000,453.000000,125.000000,266.000000,38.000000,33.000000,2784.000000,769.000000,1633.000000,233.000000,205.000000,15.000000,8.000000,18.000000,3.000000,5.000000,0.000000,6.000000,12.000000,2.000000,4.000000,0.000000,7.000000,15.000000,2.000000,5.000000,8097.000000,2266.000000,4820.000000,695.000000,601.000000,3.000000,
0.040940,0.409819,0.333417,0.060934,0.595560,-208103.500575,2.984736,2195607.000000,1874874.000000,3722527.000000,334752.000000,1282372.000000,1952.000000,539.000000,1146.000000,164.000000,144.000000,453.000000,125.000000,266.000000,38.000000,33.000000,2784.000000,769.000000,1633.000000,233.000000,205.000000,15.000000,8.000000,18.000000,3.000000,5.000000,0.000000,6.000000,12.000000,2.000000,4.000000,0.000000,7.000000,15.000000,2.000000,5.000000,8097.000000,2266.000000,4820.000000,695.000000,601.000000,3.000000,
0.040940,0.409819,0.333417,0.060934,0.595560,-208103.500575,2.984736,2195607.000000,1874874.000000,3722527.000000,334752.000000,1282372.000000,1952.000000,539.000000,1146.000000,164.000000,144.000000,453.000000,125.000000,266.000000,38.000000,33.000000,2784.000000,769.000000,1633.000000,233.000000,205.000000,15.000000,8.000000,18.000000,3.000000,5.000000,0.000000,6.000000,12.000000,2.000000,4.000000,0.000000,7.000000,15.000000,2.000000,5.000000,8097.000000,2266.000000,4820.000000,695.000000,601.000000,3.000000,
0.040940,0.409819,0.333417,0.060934,0.595560,-208103.500575,2.984736,2195607.000000,1874874.000000,3722527.000000,334752.000000,1282372.000000,1952.000000,539.000000,1146.000000,164.000000,144.000000,453.000000,125.000000,266.000000,38.000000,33.000000,2784.000000,769.000000,1633.000000,233.000000,205.000000,15.000000,8.000000,18.000000,3.000000,5.000000,0.000000,6.000000,12.000000,2.000000,4.000000,0.000000,7.000000,15.000000,2.000000,5.000000,8097.000000,2266.000000,4820.000000,695.000000,601.000000,3.000000,
0.040940,0.409819,0.333417,0.060934,0.595560,-208103.500575,2.984736,2195607.000000,1874874.000000,3722527.000000,334752.000000,1282372.000000,1952.000000,539.000000,1146.000000,164.000000,144.000000,453.000000,125.000000,266.000000,38.000000,33.000000,2784.000000,769.000000,1633.000000,233.000000,205.000000,15.000000,8.000000,18.000000,3.000000,5.000000,0.000000,6.000000,12.000000,2.000000,4.000000,0.000000,7.000000,15.000000,2.000000,5.000000,8097.000000,2266.000000,4820.000000,695.000000,601.000000,3.000000,
0.040965,0.477705,0.332343,0.118833,0.438864,-208049.829360,2.984604,2195607.000000,1874874.000000,3722527.000000,334752.000000,1282372.000000,1952.000000,539.000000,1146.000000,164.000000,144.000000,453.000000,125.000000,266.000000,38.000000,33.000000,2784.000000,769.000000,1633.000000,233.000000,205.000000,15.000000,8.000000,18.000000,3.000000,5.000000,0.000000,6.000000,12.000000,2.000000,4.000000,0.000000,7.000000,15.000000,2.000000,5.000000,8097.000000,2266.000000,4820.000000,695.000000,601.000000,3.000000,
0.040965,0.477705,0.332343,0.118833,0.438864,-208049.829360,2.984604,2195607.000000,1874874.000000,3722527.000000,334752.000000,1282372.000000,1952.000000,539.000000,1146.000000,164.000000,144.000000,453.000000,125.000000,266.000000,38.000000,33.000000,2784.000000,769.000000,1633.000000,233.000000,205.000000,15.000000,8.000000,18.000000,3.000000,5.000000,0.000000,6.000000,12.000000,2.000000,4.000000,0.000000,7.000000,15.000000,2.000000,5.000000,8097.000000,2266.000000,4820.000000,695.000000,601.000000,3.000000,
0.040965,0.477705,0.332343,0.118833,0.438864,-208049.829360,2.984604,2195607.000000,1874874.000000,3722527.000000,334752.000000,1282372.000000,1952.000000,539.000000,1146.000000,164.000000,144.000000,453.000000,125.000000,266.000000,38.000000,33.000000,2784.000000,769.000000,1633.000000,233.000000,205.000000,15.000000,8.000000,18.000000,3.000000,5.000000,0.000000,6.000000,12.000000,2.000000,4.000000,0.000000,7.000000,15.000000,2.000000,5.000000,8097.000000,2266.000000,4820.000000,695.000000,601.000000,3.000000,
0.040965,0.477705,0.332343,0.118833,0.438864,-208049.829360,2.984604,2195607.000000,1874874.000000,3722527.000000,334752.000000,1282372.000000,1952.000000,539.000000,1146.000000,164.000000,144.000000,453.000000,125.000000,266.000000,38.000000,33.000000,2784.000000,769.000000,1633.000000,233.000000,205.000000,15.000000,8.000000,18.000000,3.000000,5.000000,0.000000,6.000000,12.000000,2.000000,4.000000,0.000000,7.000000,15.000000,2.000000,5.000000,8097.000000,2266.000000,4820.000000,695.000000,601.000000,3.000000,
0.040965,0.477705,0.332343,0.118833,0.438864,-208049.829360,2.984604,2195607.000000,1874874.000000,3722527.000000,334752.000000,1282372.000000,1952.000000,539.000000,1146.000000,164.000000,144.000000,453.000000,125.000000,266.000000,38.000000,33.000000,2784.000000,769.000000,1633.000000,233.000000,205.000000,15.000000,8.000000,18.000000,3.000000,5.000000,0.000000,6.000000,12.000000,2.000000,4.000000,0.000000,7.000000,15.000000,2.000000,5.000000,8097.000000,2266.000000,4820.000000,695.000000,601.000000,3.000000,
0.041039,0.788333,0.328155,0.158591,0.494510,-207841.141759,2.982204,2195607.000000,1874874.000000,3722527.000000,334752.000000,1282372.000000,1952.000000,539.000000,1146.000000,164.000000,144.000000,453.000000,125.000000,266.000000,38.000000,33.000000,2784.000000,769.000000,1633.000000,233.000000,205.000000,15.000000,8.000000,18.000000,3.000000,5.000000,0.000000,6.000000,12.000000,2.000000,4.000000,0.000000,7.000000,15.000000,2.000000,5.000000,8097.000000,2266.000000,4820.000000,695.000000,601.000000,3.000000,
0.041089,0.973759,0.326737,0.172405,0.388697,-207770.760995,2.983186,2195607.000000,1874874.000000,3722527.000000,334752.000000,1282372.000000,1952.000000,539.000000,1146.000000,164.000000,144.000000,453.000000,125.000000,266.000000,38.000000,33.000000,2784.000000,769.000000,1633.000000,233.000000,205.000000,15.000000,8.000000,18.000000,3.000000,5.000000,0.000000,6.000000,12.000000,2.000000,4.000000,0.000000,7.000000,15.000000,2.000000,5.000000,8097.000000,2266.000000,4820.000000,695.000000,601.000000,3.000000,
0.041089,0.973759,0.326737,0.172405,0.388697,-207770.760995,2.983186,2195607.000000,1874874.000000,3722527.000000,334752.000000,1282372.000000,1952.000000,539.000000,1146.000000,164.000000,144.000000,453.000000,125.000000,266.000000,38.000000,33.000000,2784.000000,769.000000,1633.000000,233.000000,205.000000,15.000000,8.000000,18.000000,3.000000,5.000000,0.000000,6.000000,12.000000,2.000000,4.000000,0.000000,7.000000,15.000000,2.000000,5.000000,8097.000000,2266.000000,4820.000000,695.000000,601.000000,3.000000,
0.041089,0.973759,0.326737,0.172405,0.388697,-207770.760995,2.983186,2195607.000000,1874874.000000,3722527.000000,334752.000000,1282372.000000,1952.000000,539.000000,1146.000000,164.000000,144.000000,453.000000,125.000000,266.000000,38.000000,33.000000,2784.000000,769.000000,1633.000000,233.000000,205.000000,15.000000,8.000000,18.000000,3.000000,5.000000,0.000000,6.000000,12.000000,2.000000,4.000000,0.000000,7.000000,15.000000,2.000000,5.000000,8097.000000,2266.000000,4820.000000,695.000000,601.000000,3.000000,
0.041089,0.973759,0.326737,0.172405,0.388697,-207770.760995,2.983186,2195607.000000,1874874.000000,3722527.000000,334752.000000,1282372.000000,1952.000000,539.000000,1146.000000,164.000000,144.000000,453.000000,125.000000,266.000000,38.000000,33.000000,2784.000000,769.000000,1633.000000,233.000000,205.000000,15.000000,8.000000,18.000000,3.000000,5.000000,0.000000,6.000000,12.000000,2.000000,4.000000,0.000000,7.000000,15.000000,2.000000,5.000000,8097.000000,2266.000000,4820.000000,695.000000,601.000000,3.000000,
0.041089,0.973759,0.326737,0.172405,0.388697,-207770.760995,2.983186,2195607.000000,1874874.000000,3722527.000000,334752.000000,1282372.000000,1952.000000,539.000000,1146.000000,164.000000,144.000000,453.000000,125.000000,266.000000,38.000000,33.000000,2784.000000,769.000000,1633.000000,233.000000,205.000000,15.000000,8.000000,18.000000,3.000000,5.000000,0.000000,6.000000,12.000000,2.000000,4.000000,0.000000,7.000000,15.000000,2.000000,5.000000,8097.000000,2266.000000,4820.000000,695.000000,601.000000,3.000000,
0.041097,0.972345,0.327513,0.148004,0.351418,-207809.301940,2.985233,2195607.000000,1874874.000000,3722527.000000,334752.000000,1282372.000000,1952.000000,539.000000,1146.000000,164.000000,144.000000,453.000000,125.000000,266.000000,38.000000,33.000000,2784.000000,769.000000,1633.000000,233.000000,205.000000,15.000000,8.000000,18.000000,3.000000,5.000000,0.000000,6.000000,12.000000,2.000000,4.000000,0.000000,7.000000,15.000000,2.000000,5.000000,8097.000000,2266.000000,4820.000000,695.000000,601.000000,3.000000,
0.041097,0.972345,0.327513,0.148004,0.351418,-207809.301940,2.985233,2195607.000000,1874874.000000,3722527.000000,334752.000000,1282372.000000,1952.000000,539.000000,1146.000000,164.000000,144.000000,453.000000,125.000000,266.000000,38.000000,33.000000,2784.000000,769.000000,1633.000000,233.000000,205.000000,15.000000,8.000000,18.000000,3.000000,5.000000,0.000000,6.000000,12.000000,2.000000,4.000000,0.000000,7.000000,15.000000,2.000000,5.000000,8097.000000,2266.000000,4820.000000,695.000000,601.000000,3.000000,
0.041097,0.972345,0.327513,0.148004,0.351418,-207809.301940,2.985233,2195607.000000,1874874.000000,3722527.000000,334752.000000,1282372.000000,1952.000000,539.000000,1146.000000,164.000000,144.000000,453.000000,125.000000,266.000000,38.000000,33.000000,2784.000000,769.000000,1633.000000,233.000000,205.000000,15.000000,8.000000,18.000000,3.000000,5.000000,0.000000,6.000000,12.000000,2.000000,4.000000,0.000000,7.000000,15.000000,2.000000,5.000000,8097.000000,2266.000000,4820.000000,695.000000,601.000000,3.000000,
0.041097,0.972345,0.327513,0.148004,0.351418,-207809.301940,2.985233,2195607.000000,1874874.000000,3722527.000000,334752.000000,1282372.000000,1952.000000,539.000000,1146.000000,164.000000,144.000000,453.000000,125.000000,266.000000,38.000000,33.000000,2784.000000,769.000000,1633.000000,233.000000,205.000000,15.000000,8.000000,18.000000,3.000000,5.000000,0.000000,6.000000,12.000000,2.000000,4.000000,0.000000,7.000000,15.000000,2.000000,5.000000,8097.000000,2266.000000,4820.000000,695.000000,601.000000,3.000000,
0.041122,0.728838,0.327549,0.181602,0.335304,-207811.140222,2.987139,2195607.000000,1874874.000000,3722527.000000,334752.000000,1282372.000000,1952.000000,539.000000,1146.000000,164.000000,144.000000,453.000000,125.000000,266.000000,38.000000,33.000000,2784.000000,769.000000,1633.000000,233.000000,205.000000,15.000000,8.000000,18.000000,3.000000,5.000000,0.000000,6.000000,12.000000,2.000000,4.000000,0.000000,7.000000,15.000000,2.000000,5.000000,8097.000000,2266.000000,4820.000000,695.000000,601.000000,3.000000,
0.041122,0.728838,0.327549,0.181602,0.335304,-207811.140222,2.987139,2195607.000000,1874874.000000,3722527.000000,334752.000000,1282372.000000,1952.000000,539.000000,1146.000000,164.000000,144.000000,453.000000,125.000000,266.000000,38.000000,33.000000,2784.000000,769.000000,1633.000000,233.000000,205.000000,15.000000,8.000000,18.000000,3.000000,5.000000,0.000000,6.000000,12.000000,2.000000,4.000000,0.000000,7.000000,15.000000,2.000000,5.000000,8097.000000,2266.000000,4820.000000,695.000000,601.000000,3.000000,
0.041122,0.728838,0.327549,0.181602,0.335304,-207811.140222,2.987139,2195607.000000,1874874.000000,3722527.000000,334752.000000,1282372.000000,1952.000000,539.000000,1146.000000,164.000000,144.000000,453.000000,125.000000,266.000000,38.000000,33.000000,2784.000000,769.000000,1633.000000,233.000000,205.000000,15.000000,8.000000,18.000000,3.000000,5.000000,0.000000,6.000000,12.000000,2.000000,4.000000,0.000000,7.000000,15.000000,2.000000,5.000000,8097.000000,2266.000000,4820.000000,695.000000,601.000000,3.000000,
0.041122,0.728838,0.327549,0.181602,0.335304,-207811.140222,2.987139,2195607.000000,1874874.000000,3722527.000000,334752.000000,1282372.000000,1952.000000,539.000000,1146.000000,164.000000,144.000000,453.000000,125.000000,266.000000,38.000000,33.000000,2784.000000,769.000000,1633.000000,233.000000,205.000000,15.000000,8.000000,18.000000,3.000000,5.000000,0.000000,6.000000,12.000000,2.000000,4.000000,0.000000,7.000000,15.000000,2.000000,5.000000,8097.000000,2266.000000,4820.000000,695.000000,601.000000,3.000000,
0.041122,0.728838,0.327549,0.181602,0.335304,-207811.140222,2.987139,2195607.000000,1874874.000000,3722527.000000,334752.000000,1282372.000000,1952.000000,539.000000,1146.000000,164.000000,144.000000,453.000000,125.000000,266.000000,38.000000,33.000000,2784.000000,769.000000,1633.000000,233.000000,205.000000,15.000000,8.000000,18.000000,3.000000,5.000000,0.000000,6.000000,12.000000,2.000000,4.000000,0.000000,7.000000,15.000000,2.000000,5.000000,8097.000000,2266.000000,4820.000000,695.000000,601.000000,3.000000,
0.041122,0.728838,0.327549,0.181602,0.335304,-207811.140222,2.987139,2195607.000000,1874874.000000,3722527.000000,334752.000000,1282372.000000,1952.000000,539.000000,1146.000000,164.000000,144.000000,453.000000,125.000000,266.000000,38.000000,33.000000,2784.000000,769.000000,1633.000000,233.000000,205.000000,15.000000,8.000000,18.000000,3.000000,5.000000,0.000000,6.000000,12.000000,2.000000,4.000000,0.000000,7.000000,15.000000,2.000000,5.000000,8097.000000,2266.000000,4820.000000,695.000000,601.000000,3.000000,
0.041122,0.728838,0.327549,0.181602,0.335304,-207811.140222,2.987139,2195607.000000,1874874.000000,3722527.000000,334752.000000,1282372.000000,1952.000000,539.000000,1146.000000,164.000000,144.000000,453.000000,125.000000,266.000000,38.000000,33.000000,2784.000000,769.000000,1633.000000,233.000000,205.000000,15.000000,8.000000,18.000000,3.000000,5.000000,0.000000,6.000000,12.000000,2.000000,4.000000,0.000000,7.000000,15.000000,2.000000,5.000000,8097.000000,2266.000000,4820.000000,695.000000,601.000000,3.000000,
0.041122,0.728838,0.327549,0.181602,0.335304,-207811.140222,2.987139,2195607.000000,1874874.000000,3722527.000000,334752.000000,1282372.000000,1952.000000,539.000000,1146.000000,164.000000,144.000000,453.000000,125.000000,266.000000,38.000000,33.000000,2784.000000,769.000000,1633.000000,233.000000,205.000000,15.000000,8.000000,18.000000,3.000000,5.000000,0.000000,6.000000,12.000000,2.000000,4.000000,0.000000,7.000000,15.000000,2.000000,5.000000,8097.000000,2266.000000,4820.000000,695.000000,601.000000,3.000000,
0.041122,0.728838,0.327549,0.181602,0.335304,-207811.140222,2.987139,2195607.000000,1874874.000000,3722527.000000,334752.000000,1282372.000000,1952.000000,539.000000,1146.000000,164.000000,144.000000,453.000000,125.000000,266.000000,38.000000,33.000000,2784.000000,769.000000,1633.000000,233.000000,205.000000,15.000000,8.000000,18.000000,3.000000,5.000000,0.000000,6.000000,12.000000,2.000000,4.000000,0.000000,7.000000,15.000000,2.000000,5.000000,8097.000000,2266.000000,4820.000000,695.000000,601.000000,3.000000,
0.041122,0.728838,0.327549,0.181602,0.335304,-207811.140222,2.987139,2195607.000000,1874874.000000,3722527.000000,334752.000000,1282372.000000,1952.000000,539.000000,1146.000000,164.000000,144.000000,453.000000,125.000000,266.000000,38.000000,33.000000,2784.000000,769.000000,1633.000000,233.000000,205.000000,15.000000,8.000000,18.000000,3.000000,5.000000,0.000000,6.000000,12.000000,2.000000,4.000000,0.000000,7.000000,15.000000,2.000000,5.000000,8097.000000,2266.000000,4820.000000,695.000000,601.000000,3.000000,
0.041122,0.728838,0.327549,0.181602,0.335304,-207811.140222,2.987139,2195607.000000,1874874.000000,3722527.000000,334752.000000,1282372.000000,1952.000000,539.000000,1146.000000,164.000000,144.000000,453.000000,125.000000,266.000000,38.000000,33.000000,2784.000000,769.000000,1633.000000,233.000000,205.000000,15.000000,8.000000,18.000000,3.000000,5.000000,0.000000,6.000000,12.000000,2.000000,4.000000,0.000000,7.000000,15.000000,2.000000,5.000000,8097.000000,2266.000000,4820.000000,695.000000,601.000000,3.000000,
0.041122,0.728838,0.327549,0.181602,0.335304,-207811.140222,2.987139,2195607.000000,1874874.000000,3722527.000000,334752.000000,1282372.000000,1952.000000,539.000000,1146.000000,164.000000,144.000000,453.000000,125.000000,266.000000,38.000000,33.000000,2784.000000,769.000000,1633.000000,233.000000,205.000000,15.000000,8.000000,18.000000,3.000000,5.000000,0.000000,6.000000,12.000000,2.000000,4.000000,0.000000,7.000000,15.000000,2.000000,5.000000,8097.000000,2266.000000,4820.000000,695.000000,601.000000,3.000000,
0.041122,0.728838,0.327549,0.181602,0.335304,-207811.140222,2.987139,2195607.000000,1874874.000000,3722527.000000,334752.000000,1282372.000000,1952.000000,539.000000,1146.000000,164.000000,144.000000,453.000000,125.000000,266.000000,38.000000,33.000000,2784.000000,769.000000,1633.000000,233.000000,205.000000,15.000000,8.000000,18.000000,3.000000,5.000000,0.000000,6.000000,12.000000,2.000000,4.000000,0.000000,7.000000,15.000000,2.000000,5.000000,8097.000000,2266.000000,4820.000000,695.000000,601.000000,3.000000,
0.041122,0.728838,0.327549,0.181602,0.335304,-207811.140222,2.987139,2195607.000000,1874874.000000,3722527.000000,334752.000000,1282372.000000,1952.000000,539.000000,1146.000000,164.000000,144.000000,453.000000,125.000000,266.000000,38.000000,33.000000,2784.000000,769.000000,1633.000000,233.000000,205.000000,15.000000,8.000000,18.000000,3.000000,5.000000,0.000000,6.000000,12.000000,2.000000,4.000000,0.000000,7.000000,15.000000,2.000000,5.000000,8097.000000,2266.000000,4820.000000,695.000000,601.000000,3.000000,
0.041122,0.728838,0.327549,0.181602,0.335304,-207811.140222,2.987139,2195607.000000,1874874.000000,3722527.000000,334752.000000,1282372.000000,1952.000000,539.000000,1146.000000,164.000000,144.000000,453.000000,125.000000,266.000000,38.000000,33.000000,2784.000000,769.000000,1633.000000,233.000000,205.000000,15.000000,8.000000,18.000000,3.000000,5.000000,0.000000,6.000000,12.000000,2.000000,4.000000,0.000000,7.000000,15.000000,2.000000,5.000000,8097.000000,2266.000000,4820.000000,695.000000,601.000000,3.000000,
0.041122,0.728838,0.327549,0.181602,0.335304,-207811.140222,2.987139,2195607.000000,1874874.000000,3722527.000000,334752.000000,1282372.000000,1952.000000,539.000000,1146.000000,164.000000,144.000000,453.000000,125.000000,266.000000,38.000000,33.000000,2784.000000,769.000000,1633.000000,233.000000,205.000000,15.000000,8.000000,18.000000,3.000000,5.000000,0.000000,6.000000,12.000000,2.000000,4.000000,0.000000,7.000000,15.000000,2.000000,5.000000,8097.000000,2266.000000,4820.000000,695.000000,601.000000,3.000000,
0.041122,0.728838,0.327549,0.181602,0.335304,-207811.140222,2.987139,2195607.000000,1874874.000000,3722527.000000,334752.000000,1282372.000000,1952.000000,539.000000,1146.000000,164.000000,144.000000,453.000000,125.000000,266.000000,38.000000,33.000000,2784.000000,769.000000,1633.000000,233.000000,205.000000,15.000000,8.000000,18.000000,3.000000,5.000000,0.000000,6.000000,12.000000,2.000000,4.000000,0.000000,7.000000,15.000000,2.000000,5.000000,8097.000000,2266.000000,4820.000000,695.000000,601.000000,3.000000,
0.041122,0.728838,0.327549,0.181602,0.335304,-207811.140222,2.987139,2195607.000000,1874874.000000,3722527.000000,334752.000000,1282372.000000,1952.000000,539.000000,1146.000000,164.000000,144.000000,453.000000,125.000000,266.000000,38.000000,33.000000,2784.000000,769.000000,1633.000000,233.000000,205.000000,15.000000,8.000000,18.000000,3.000000,5.000000,0.000000,6.000000,12.000000,2.000000,4.000000,0.000000,7.000000,15.000000,2.000000,5.000000,8097.000000,2266.000000,4820.000000,695.000000,601.000000,3.000000,
0.041122,0.728838,0.327549,0.181602,0.335304,-207811.140222,2.987139,2195607.000000,1874874.000000,3722527.000000,334752.000000,1282372.000000,1952.000000,539.000000,1146.000000,164.000000,144.000000,453.000000,125.000000,266.000000,38.000000,33.000000,2784.000000,769.000000,1633.000000,233.000000,205.000000,15.000000,8.000000,18.000000,3.000000,5.000000,0.000000,6.000000,12.000000,2.000000,4.000000,0.000000,7.000000,15.000000,2.000000,5.000000,8097.000000,2266.000000,4820.000000,695.000000,601.000000,3.000000,
0.041397,0.852356,0.315409,0.180872,0.356618,-207213.104241,2.984434,2195607.000000,1874874.000000,3722527.000000,334752.000000,1282372.000000,1952.000000,539.000000,1146.000000,164.000000,144.000000,453.000000,125.000000,266.000000,38.000000,33.000000,2784.000000,769.000000,1633.000000,233.000000,205.000000,15.000000,8.000000,18.000000,3.000000,5.000000,0.000000,6.000000,12.000000,2.000000,4.000000,0.000000,7.000000,15.000000,2.000000,5.000000,8097.000000,2266.000000,4820.000000,695.000000,601.000000,3.000000,
0.041397,0.852356,0.315409,0.180872,0.356618,-207213.104241,2.984434,2195607.000000,1874874.000000,3722527.000000,334752.000000,1282372.000000,1952.000000,539.000000,1146.000000,164.000000,144.000000,453.000000,125.000000,266.000000,38.000000,33.000000,2784.000000,769.000000,1633.000000,233.000000,205.000000,15.000000,8.000000,18.000000,3.000000,5.000000,0.000000,6.000000,12.000000,2.000000,4.000000,0.000000,7.000000,15.000000,2.000000,5.000000,8097.000000,2266.000000,4820.000000,695.000000,601.000000,3.000000,
0.041397,0.852356,0.315409,0.180872,0.356618,-207213.104241,2.984434,2195607.000000,1874874.000000,3722527.000000,334752.000000,1282372.000000,1952.000000,539.000000,1146.000000,164.000000,144.000000,453.000000,125.000000,266.000000,38.000000,33.000000,2784.000000,769.000000,1633.000000,233.000000,205.000000,15.000000,8.000000,18.000000,3.000000,5.000000,0.000000,6.000000,12.000000,2.000000,4.000000,0.000000,7.000000,15.000000,2.000000,5.000000,8097.000000,2266.000000,4820.000000,695.000000,601.000000,3.000000,
0.041302,0.711454,0.319897,0.123076,0.437288,-207433.134517,2.985949,2195607.000000,1874874.000000,3722527.000000,334752.000000,1282372.000000,1952.000000,539.000000,1146.000000,164.000000,144.000000,453.000000,125.000000,266.000000,38.000000,33.000000,2784.000000,769.000000,1633.000000,233.000000,205.000000,15.000000,8.000000,18.000000,3.000000,5.000000,0.000000,6.000000,12.000000,2.000000,4.000000,0.000000,7.000000,15.000000,2.000000,5.000000,8097.000000,2266.000000,4820.000000,695.000000,601.000000,3.000000,
0.041302,0.711454,0.319897,0.123076,0.437288,-207433.134517,2.985949,2195607.000000,1874874.000000,3722527.000000,334752.000000,1282372.000000,1952.000000,539.000000,1146.000000,164.000000,144.000000,453.000000,125.000000,266.000000,38.000000,33.000000,2784.000000,769.000000,1633.000000,233.000000,205.000000,15.000000,8.000000,18.000000,3.000000,5.000000,0.000000,6.000000,12.000000,2.000000,4.000000,0.000000,7.000000,15.000000,2.000000,5.000000,8097.000000,2266.000000,4820.000000,695.000000,601.000000,3.000000,
0.041302,0.711454,0.319897,0.123076,0.437288,-207433.134517,2.985949,2195607.000000,1874874.000000,3722527.000000,334752.000000,1282372.000000,1952.000000,539.000000,1146.000000,164.000000,144.000000,453.000000,125.000000,266.000000,38.000000,33.000000,2784.000000,769.000000,1633.000000,233.000000,205.000000,15.000000,8.000000,18.000000,3.000000,5.000000,0.000000,6.000000,12.000000,2.000000,4.000000,0.000000,7.000000,15.000000,2.000000,5.000000,8097.000000,2266.000000,4820.000000,695.000000,601.000000,3.000000,
0.041302,0.711454,0.319897,0.123076,0.437288,-207433.134517,2.985949,2195607.000000,1874874.000000,3722527.000000,334752.000000,1282372.000000,1952.000000,539.000000,1146.000000,164.000000,144.000000,453.000000,125.000000,266.000000,38.000000,33.000000,2784.000000,769.000000,1633.000000,233.000000,205.000000,15.000000,8.000000,18.000000,3.000000,5.000000,0.000000,6.000000,12.000000,2.000000,4.000000,0.000000,7.000000,15.000000,2.000000,5.000000,8097.000000,2266.000000,4820.000000,695.000000,601.000000,3.000000,
0.041302,0.711454,0.319897,0.123076,0.437288,-207433.134517,2.985949,2195607.000000,1874874.000000,3722527.000000,334752.000000,1282372.000000,1952.000000,539.000000,1146.000000,164.000000,144.000000,453.000000,125.000000,266.000000,38.000000,33.000000,2784.000000,769.000000,1633.000000,233.000000,205.000000,15.000000,8.000000,18.000000,3.000000,5.000000,0.000000,6.000000,12.000000,2.000000,4.000000,0.000000,7.000000,15.000000,2.000000,5.000000,8097.000000,2266.000000,4820.000000,695.000000,601.000000,3.000000,
0.041302,0.711454,0.319897,0.123076,0.437288,-207433.134517,2.985949,2195607.000000,1874874.000000,3722527.000000,334752.000000,1282372.000000,1952.000000,539.000000,1146.000000,164.000000,144.000000,453.000000,125.000000,266.000000,38.000000,33.000000,2784.000000,769.000000,1633.000000,233.000000,205.000000,15.000000,8.000000,18.000000,3.000000,5.000000,0.000000,6.000000,12.000000,2.000000,4.000000,0.000000,7.000000,15.000000,2.000000,5.000000,8097.000000,2266.000000,4820.000000,695.000000,601.000000,3.000000,
0.041302,0.711454,0.319897,0.123076,0.437288,-207433.134517,2.985949,2195607.000000,1874874.000000,3722527.000000,334752.000000,1282372.000000,1952.000000,539.000000,1146.000000,164.000000,144.000000,453.000000,125.000000,266.000000,38.000000,33.000000,2784.000000,769.000000,1633.000000,233.000000,205.000000,15.000000,8.000000,18.000000,3.000000,5.000000,0.000000,6.000000,12.000000,2.000000,4.000000,0.000000,7.000000,15.000000,2.000000,5.000000,8097.000000,2266.000000,4820.000000,695.000000,601.000000,3.000000,
0.041302,0.711454,0.319897,0.123076,0.437288,-207433.134517,2.985949,2195607.000000,1874874.000000,3722527.000000,334752.000000,1282372.000000,1952.000000,539.000000,1146.000000,164.000000,144.000000,453.000000,125.000000,266.000000,38.000000,33.000000,2784.000000,769.000000,1633.000000,233.000000,205.000000,15.000000,8.000000,18.000000,3.000000,5.000000,0.000000,6.000000,12.000000,2.000000,4.000000,0.000000,7.000000,15.000000,2.000000,5.000000,8097.000000,2266.000000,4820.000000,695.000000,601.000000,3.000000,
0.041302,0.711454,0.319897,0.123076,0.437288,-207433.134517,2.985949,2195607.000000,1874874.000000,3722527.000000,334752.000000,1282372.000000,1952.000000,539.000000,1146.000000,164.000000,144.000000,453.000000,125.000000,266.000000,38.000000,33.000000,2784.000000,769.000000,1633.000000,233.000000,205.000000,15.000000,8.000000,18.000000,3.000000,5.000000,0.000000,6.000000,12.000000,2.000000,4.000000,0.000000,7.000000,15.000000,2.000000,5.000000,8097.000000,2266.000000,4820.000000,695.000000,601.000000,3.000000,
0.041302,0.711454,0.319897,0.123076,0.437288,-207433.134517,2.985949,2195607.000000,1874874.000000,3722527.000000,334752.000000,1282372.000000,1952.000000,539.000000,1146.000000,164.000000,144.000000,453.000000,125.000000,266.000000,38.000000,33.000000,2784.000000,769.000000,1633.000000,233.000000,205.000000,15.000000,8.000000,18.000000,3.000000,5.000000,0.000000,6.000000,12.000000,2.000000,4.000000,0.000000,7.000000,15.000000,2.000000,5.000000,8097.000000,2266.000000,4820.000000,695.000000,601.000000,3.000000,
0.041302,0.711454,0.319897,0.123076,0.437288,-207433.134517,2.985949,2195607.000000,1874874.000000,3722527.000000,334752.000000,1282372.000000,1952.000000,539.000000,1146.000000,164.000000,144.000000,453.000000,125.000000,266.000000,38.000000,33.000000,2784.000000,769.000000,1633.000000,233.000000,205.000000,15.000000,8.000000,18.000000,3.000000,5.000000,0.000000,6.000000,12.000000,2.000000,4.000000,0.000000,7.000000,15.000000,2.000000,5.000000,8097.000000,2266.000000,4820.000000,695.000000,601.000000,3.000000,
0.041302,0.711454,0.319897,0.123076,0.437288,-207433.134517,2.985949,2195607.000000,1874874.000000,3722527.000000,334752.000000,1282372.000000,1952.000000,539.000000,1146.000000,164.000000,144.000000,453.000000,125.000000,266.000000,38.000000,33.000000,2784.000000,769.000000,1633.000000,233.000000,205.000000,15.000000,8.000000,18.000000,3.000000,5.000000,0.000000,6.000000,12.000000,2.000000,4.000000,0.000000,7.000000,15.000000,2.000000,5.000000,8097.000000,2266.000000,4820.000000,695.000000,601.000000,3.000000,
0.041302,0.711454,0.319897,0.123076,0.437288,-207433.134517,2.985949,2195607.000000,1874874.000000,3722527.000000,334752.000000,1282372.000000,1952.000000,539.000000,1146.000000,164.000000,144.000000,453.000000,125.000000,266.000000,38.000000,33.000000,2784.000000,769.000000,1633.000000,233.000000,205.000000,15.000000,8.000000,18.000000,3.000000,5.000000,0.000000,6.000000,12.000000,2.000000,4.000000,0.000000,7.000000,15.000000,2.000000,5.000000,8097.000000,2266.000000,4820.000000,695.000000,601.000000,3.000000,
0.041302,0.711454,0.319897,0.123076,0.437288,-207433.134517,2.985949,2195607.000000,1874874.000000,3722527.000000,334752.000000,1282372.000000,1952.000000,539.000000,1146.000000,164.000000,144.000000,453.000000,125.000000,266.000000,38.000000,33.000000,2784.000000,769.000000,1633.000000,233.000000,205.000000,15.000000,8.000000,18.000000,3.000000,5.000000,0.000000,6.000000,12.000000,2.000000,4.000000,0.000000,7.000000,15.000000,2.000000,5.000000,8097.000000,2266.000000,4820.000000,695.000000,601.000000,3.000000,
0.041302,0.711454,0.319897,0.123076,0.437288,-207433.134517,2.985949,2195607.000000,1874874.000000,3722527.000000,334752.000000,1282372.000000,1952.000000,539.000000,1146.000000,164.000000,144.000000,453.000000,125.000000,266.000000,38.000000,33.000000,2784.000000,769.000000,1633.000000,233.000000,205.000000,15.000000,8.000000,18.000000,3.000000,5.000000,0.000000,6.000000,12.000000,2.000000,4.000000,0.000000,7.000000,15.000000,2.000000,5.000000,8097.000000,2266.000000,4820.000000,695.000000,601.000000,3.000000,
0.041302,0.711454,0.319897,0.123076,0.437288,-207433.134517,2.985949,2195607.000000,1874874.000000,3722527.000000,334752.000000,1282372.000000,1952.000000,539.000000,1146.000000,164.000000,144.000000,453.000000,125.000000,266.000000,38.000000,33.000000,2784.000000,769.000000,1633.000000,233.000000,205.000000,15.000000,8.000000,18.000000,3.000000,5.000000,0.000000,6.000000,12.000000,2.000000,4.000000,0.000000,7.000000,15.000000,2.000000,5.000000,8097.000000,2266.000000,4820.000000,695.000000,601.000000,3.000000,
0.041302,0.711454,0.319897,0.123076,0.437288,-207433.134517,2.985949,2195607.000000,1874874.000000,3722527.000000,334752.000000,1282372.000000,1952.000000,539.000000,1146.000000,164.000000,144.000000,453.000000,125.000000,266.000000,38.000000,33.000000,2784.000000,769.000000,1633.000000,233.000000,205.000000,15.000000,8.000000,18.000000,3.000000,5.000000,0.000000,6.000000,12.000000,2.000000,4.000000,0.000000,7.000000,15.000000,2.000000,5.000000,8097.000000,2266.000000,4820.000000,695.000000,601.000000,3.000000,
0.041259,0.710752,0.320716,0.078043,0.522264,-207473.378006,2.984324,2195607.000000,1874874.000000,3722527.000000,334752.000000,1282372.000000,1952.000000,539.000000,1146.000000,164.000000,144.000000,453.000000,125.000000,266.000000,38.000000,33.000000,2784.000000,769.000000,1633.000000,233.000000,205.000000,15.000000,8.000000,18.000000,3.000000,5.000000,0.000000,6.000000,12.000000,2.000000,4.000000,0.000000,7.000000,15.000000,2.000000,5.000000,8097.000000,2266.000000,4820.000000,695.000000,601.000000,3.000000,
0.041259,0.710752,0.320716,0.078043,0.522264,-207473.378006,2.984324,2195607.000000,1874874.000000,3722527.000000,334752.000000,1282372.000000,1952.000000,539.000000,1146.000000,164.000000,144.000000,453.000000,125.000000,266.000000,38.000000,33.000000,2784.000000,769.000000,1633.000000,233.000000,205.000000,15.000000,8.000000,18.000000,3.000000,5.000000,0.000000,6.000000,12.000000,2.000000,4.000000,0.000000,7.000000,15.000000,2.000000,5.000000,8097.000000,2266.000000,4820.000000,695.000000,601.000000,3.000000,
0.041259,0.710752,0.320716,0.078043,0.522264,-207473.378006,2.984324,2195607.000000,1874874.000000,3722527.000000,334752.000000,1282372.000000,1952.000000,539.000000,1146.000000,164.000000,144.000000,453.000000,125.000000,266.000000,38.000000,33.000000,2784.000000,769.000000,1633.000000,233.000000,205.000000,15.000000,8.000000,18.000000,3.000000,5.000000,0.000000,6.000000,12.000000,2.000000,4.000000,0.000000,7.000000,15.000000,2.000000,5.000000,8097.000000,2266.000000,4820.000000,695.000000,601.000000,3.000000,
0.041259,0.710752,0.320716,0.078043,0.522264,-207473.378006,2.984324,2195607.000000,1874874.000000,3722527.000000,334752.000000,1282372.000000,1952.000000,539.000000,1146.000000,164.000000,144.000000,453.000000,125.000000,266.000000,38.000000,33.000000,2784.000000,769.000000,1633.000000,233.000000,205.000000,15.000000,8.000000,18.000000,3.000000,5.000000,0.000000,6.000000,12.000000,2.000000,4.000000,0.000000,7.000000,15.000000,2.000000,5.000000,8097.000000,2266.000000,4820.000000,695.000000,601.000000,3.000000,
0.041259,0.710752,0.320716,0.078043,0.522264,-207473.378006,2.984324,2195607.000000,1874874.000000,3722527.000000,334752.000000,1282372.000000,1952.000000,539.000000,1146.000000,164.000000,144.000000,453.000000,125.000000,266.000000,38.000000,33.000000,2784.000000,769.000000,1633.000000,233.000000,205.000000,15.000000,8.000000,18.000000,3.000000,5.000000,0.000000,6.000000,12.000000,2.000000,4.000000,0.000000,7.000000,15.000000,2.000000,5.000000,8097.000000,2266.000000,4820.000000,695.000000,601.000000,3.000000,
0.041259,0.710752,0.320716,0.078043,0.522264,-207473.378006,2.984324,2195607.000000,1874874.000000,3722527.000000,334752.000000,1282372.000000,1952.000000,539.000000,1146.000000,164.000000,144.000000,453.000000,125.000000,266.000000,38.000000,33.000000,2784.000000,769.000000,1633.000000,233.000000,205.000000,15.000000,8.000000,18.000000,3.000000,5.000000,0.000000,6.000000,12.000000,2.000000,4.000000,0.000000,7.000000,15.000000,2.000000,5.000000,8097.000000,2266.000000,4820.000000,695.000000,601.000000,3.000000,
0.041259,0.710752,0.320716,0.078043,0.522264,-207473.378006,2.984324,2195607.000000,1874874.000000,3722527.000000,334752.000000,1282372.000000,1952.000000,539.000000,1146.000000,164.000000,144.000000,453.000000,125.000000,266.000000,38.000000,33.000000,2784.000000,769.000000,1633.000000,233.000000,205.000000,15.000000,8.000000,18.000000,3.000000,5.000000,0.000000,6.000000,12.000000,2.000000,4.000000,0.000000,7.000000,15.000000,2.000000,5.000000,8097.000000,2266.000000,4820.000000,695.000000,601.000000,3.000000,
0.041259,0.710752,0.320716,0.078043,0.522264,-207473.378006,2.984324,2195607.000000,1874874.000000,3722527.000000,334752.000000,1282372.000000,1952.000000,539.000000,1146.000000,164.000000,144.000000,453.000000,125.000000,266.000000,38.000000,33.000000,2784.000000,769.000000,1633.000000,233.000000,205.000000,15.000000,8.000000,18.000000,3.000000,5.000000,0.000000,6.000000,12.000000,2.000000,4.000000,0.000000,7.000000,15.000000,2.000000,5.000000,8097.000000,2266.000000,4820.000000,695.000000,601.000000,3.000000,
0.041259,0.710752,0.320716,0.078043,0.522264,-207473.378006,2.984324,2195607.000000,1874874.000000,3722527.000000,334752.000000,1282372.000000,1952.000000,539.000000,1146.000000,164.000000,144.000000,453.000000,125.000000,266.000000,38.000000,33.000000,2784.000000,769.000000,1633.000000,233.000000,205.000000,15.000000,8.000000,18.000000,3.000000,5.000000,0.000000,6.000000,12.000000,2.000000,4.000000,0.000000,7.000000,15.000000,2.000000,5.000000,8097.000000,2266.000000,4820.000000,695.000000,601.000000,3.000000,
0.041259,0.710752,0.320716,0.078043,0.522264,-207473.378006,2.984324,2195607.000000,1874874.000000,3722527.000000,334752.000000,1282372.000000,1952.000000,539.000000,1146.000000,164.000000,144.000000,453.000000,125.000000,266.000000,38.000000,33.000000,2784.000000,769.000000,1633.000000,233.000000,205.000000,15.000000,8.000000,18.000000,3.000000,5.000000,0.000000,6.000000,12.000000,2.000000,4.000000,0.000000,7.000000,15.000000,2.000000,5.000000,8097.000000,2266.000000,4820.000000,695.000000,601.000000,3.000000,
0.041259,0.710752,0.320716,0.078043,0.522264,-207473.378006,2.984324,2195607.000000,1874874.000000,3722527.000000,334752.000000,1282372.000000,1952.000000,539.000000,1146.000000,164.000000,144.000000,453.000000,125.000000,266.000000,38.000000,33.000000,2784.000000,769.000000,1633.000000,233.000000,205.000000,15.000000,8.000000,18.000000,3.000000,5.000000,0.000000,6.000000,12.000000,2.000000,4.000000,0.000000,7.000000,15.000000,2.000000,5.000000,8097.000000,2266.000000,4820.000000,695.000000,601.000000,3.000000,
0.041259,0.710752,0.320716,0.078043,0.522264,-207473.378006,2.984324,2195607.000000,1874874.000000,3722527.000000,334752.000000,1282372.000000,1952.000000,539.000000,1146.000000,164.000000,144.000000,453.000000,125.000000,266.000000,38.000000,33.000000,2784.000000,769.000000,1633.000000,233.000000,205.000000,15.000000,8.000000,18.000000,3.000000,5.000000,0.000000,6.000000,12.000000,2.000000,4.000000,0.000000,7.000000,15.000000,2.000000,5.000000,8097.000000,2266.000000,4820.000000,695.000000,601.000000,3.000000,
0.041259,0.710752,0.320716,0.078043,0.522264,-207473.378006,2.984324,2195607.000000,1874874.000000,3722527.000000,334752.000000,1282372.000000,1952.000000,539.000000,1146.000000,164.000000,144.000000,453.000000,125.000000,266.000000,38.000000,33.000000,2784.000000,769.000000,1633.000000,233.000000,205.000000,15.000000,8.000000,18.000000,3.000000,5.000000,0.000000,6.000000,12.000000,2.000000,4.000000,0.000000,7.000000,15.000000,2.000000,5.000000,8097.000000,2266.000000,4820.000000,695.000000,601.000000,3.000000,
0.041259,0.710752,0.320716,0.078043,0.522264,-207473.378006,2.984324,2195607.000000,1874874.000000,3722527.000000,334752.000000,1282372.000000,1952.000000,539.000000,1146.000000,164.000000,144.000000,453.000000,125.000000,266.000000,38.000000,33.000000,2784.000000,769.000000,1633.000000,233.000000,205.000000,15.000000,8.000000,18.000000,3.000000,5.000000,0.000000,6.000000,12.000000,2.000000,4.000000,0.000000,7.000000,15.000000,2.000000,5.000000,8097.000000,2266.000000,4820.000000,695.000000,601.000000,3.000000,
0.041259,0.710752,0.320716,0.078043,0.522264,-207473.378006,2.984324,2195607.000000,1874874.000000,3722527.000000,334752.000000,1282372.000000,1952.000000,539.000000,1146.000000,164.000000,144.000000,453.000000,125.000000,266.000000,38.000000,33.000000,2784.000000,769.000000,1633.000000,233.000000,205.000000,15.000000,8.000000,18.000000,3.000000,5.000000,0.000000,6.000000,12.000000,2.000000,4.000000,0.000000,7.000000,15.000000,2.000000,5.000000,8097.000000,2266.000000,4820.000000,695.000000,601.000000,3.000000,
0.041259,0.710752,0.320716,0.078043,0.522264,-207473.378006,2.984324,2195607.000000,1874874.000000,3722527.000000,334752.000000,1282372.000000,1952.000000,539.000000,1146.000000,164.000000,144.000000,453.000000,125.000000,266.000000,38.000000,33.000000,2784.000000,769.000000,1633.000000,233.000000,205.000000,15.000000,8.000000,18.000000,3.000000,5.000000,0.000000,6.000000,12.000000,2.000000,4.000000,0.000000,7.000000,15.000000,2.000000,5.000000,8097.000000,2266.000000,4820.000000,695.000000,601.000000,3.000000,
0.041252,0.900403,0.320948,0.088104,0.506380,-207484.793648,2.984278,2195607.000000,1874874.000000,3722527.000000,334752.000000,1282372.000000,1952.000000,539.000000,1146.000000,164.000000,144.000000,453.000000,125.000000,266.000000,38.000000,33.000000,2784.000000,769.000000,1633.000000,233.000000,205.000000,15.000000,8.000000,18.000000,3.000000,5.000000,0.000000,6.000000,12.000000,2.000000,4.000000,0.000000,7.000000,15.000000,2.000000,5.000000,8097.000000,2266.000000,4820.000000,695.000000,601.000000,3.000000,
0.041296,0.780932,0.322053,0.178283,0.327847,-207539.351292,2.989487,2195607.000000,1874874.000000,3722527.000000,334752.000000,1282372.000000,1952.000000,539.000000,1146.000000,164.000000,144.000000,453.000000,125.000000,266.000000,38.000000,33.000000,2784.000000,769.000000,1633.000000,233.000000,205.000000,15.000000,8.000000,18.000000,3.000000,5.000000,0.000000,6.000000,12.000000,2.000000,4.000000,0.000000,7.000000,15.000000,2.000000,5.000000,8097.000000,2266.000000,4820.000000,695.000000,601.000000,3.000000,
0.041296,0.780932,0.322053,0.178283,0.327847,-207539.351292,2.989487,2195607.000000,1874874.000000,3722527.000000,334752.000000,1282372.000000,1952.000000,539.000000,1146.000000,164.000000,144.000000,453.000000,125.000000,266.000000,38.000000,33.000000,2784.000000,769.000000,1633.000000,233.000000,205.000000,15.000000,8.000000,18.000000,3.000000,5.000000,0.000000,6.000000,12.000000,2.000000,4.000000,0.000000,7.000000,15.000000,2.000000,5.000000,8097.000000,2266.000000,4820.000000,695.000000,601.000000,3.000000,
0.041298,0.674266,0.322199,0.115341,0.504573,-207546.574969,2.989951,2195607.000000,1874874.000000,3722527.000000,334752.000000,1282372.000000,1952.000000,539.000000,1146.000000,164.000000,144.000000,453.000000,125.000000,266.000000,38.000000,33.000000,2784.000000,769.000000,1633.000000,233.000000,205.000000,15.000000,8.000000,18.000000,3.000000,5.000000,0.000000,6.000000,12.000000,2.000000,4.000000,0.000000,7.000000,15.000000,2.000000,5.000000,8097.000000,2266.000000,4820.000000,695.000000,601.000000,3.000000,
0.041230,0.734385,0.324912,0.070523,0.435163,-207680.571944,2.990058,2195607.000000,1874874.000000,3722527.000000,334752.000000,1282372.000000,1952.000000,539.000000,1146.000000,164.000000,144.000000,453.000000,125.000000,266.000000,38.000000,33.000000,2784.000000,769.000000,1633.000000,233.000000,205.000000,15.000000,8.000000,18.000000,3.000000,5.000000,0.000000,6.000000,12.000000,2.000000,4.000000,0.000000,7.000000,15.000000,2.000000,5.000000,8097.000000,2266.000000,4820.000000,695.000000,601.000000,3.000000,
0.041230,0.734385,0.324912,0.070523,0.435163,-207680.571944,2.990058,2195607.000000,1874874.000000,3722527.000000,334752.000000,1282372.000000,1952.000000,539.000000,1146.000000,164.000000,144.000000,453.000000,125.000000,266.000000,38.000000,33.000000,2784.000000,769.000000,1633.000000,233.000000,205.000000,15.000000,8.000000,18.000000,3.000000,5.000000,0.000000,6.000000,12.000000,2.000000,4.000000,0.000000,7.000000,15.000000,2.000000,5.000000,8097.000000,2266.000000,4820.000000,695.000000,601.000000,3.000000,
0.041230,0.734385,0.324912,0.070523,0.435163,-207680.571944,2.990058,2195607.000000,1874874.000000,3722527.000000,334752.000000,1282372.000000,1952.000000,539.000000,1146.000000,164.000000,144.000000,453.000000,125.000000,266.000000,38.000000,33.000000,2784.000000,769.000000,1633.000000,233.000000,205.000000,15.000000,8.000000,18.000000,3.000000,5.000000,0.000000,6.000000,12.000000,2.000000,4.000000,0.000000,7.000000,15.000000,2.000000,5.000000,8097.000000,2266.000000,4820.000000,695.000000,601.000000,3.000000,
0.041230,0.734385,0.324912,0.070523,0.435163,-207680.571944,2.990058,2195607.000000,1874874.000000,3722527.000000,334752.000000,1282372.000000,1952.000000,539.000000,1146.000000,164.000000,144.000000,453.000000,125.000000,266.000000,38.000000,33.000000,2784.000000,769.000000,1633.000000,233.000000,205.000000,15.000000,8.000000,18.000000,3.000000,5.000000,0.000000,6.000000,12.000000,2.000000,4.000000,0.000000,7.000000,15.000000,2.000000,5.000000,8097.000000,2266.000000,4820.000000,695.000000,601.000000,3.000000,
0.041354,0.454808,0.321199,0.134702,0.429517,-207497.343732,2.992111,2195607.000000,1874874.000000,3722527.000000,334752.000000,1282372.000000,1952.000000,539.000000,1146.000000,164.000000,144.000000,453.000000,125.000000,266.000000,38.000000,33.000000,2784.000000,769.000000,1633.000000,233.000000,205.000000,15.000000,8.000000,18.000000,3.000000,5.000000,0.000000,6.000000,12.000000,2.000000,4.000000,0.000000,7.000000,15.000000,2.000000,5.000000,8097.000000,2266.000000,4820.000000,695.000000,601.000000,3.000000,
0.041381,0.959168,0.320421,0.167916,0.324993,-207459.082207,2.992594,2195607.000000,1874874.000000,3722527.000000,334752.000000,1282372.000000,1952.000000,539.000000,1146.000000,164.000000,144.000000,453.000000,125.000000,266.000000,38.000000,33.000000,2784.000000,769.000000,1633.000000,233.000000,205.000000,15.000000,8.000000,18.000000,3.000000,5.000000,0.000000,6.000000,12.000000,2.000000,4.000000,0.000000,7.000000,15.000000,2.000000,5.000000,8097.000000,2266.000000,4820.000000,695.000000,601.000000,3.000000,
0.041381,0.959168,0.320421,0.167916,0.324993,-207459.082207,2.992594,2195607.000000,1874874.000000,3722527.000000,334752.000000,1282372.000000,1952.000000,539.000000,1146.000000,164.000000,144.000000,453.000000,125.000000,266.000000,38.000000,33.000000,2784.000000,769.000000,1633.000000,233.000000,205.000000,15.000000,8.000000,18.000000,3.000000,5.000000,0.000000,6.000000,12.000000,2.000000,4.000000,0.000000,7.000000,15.000000,2.000000,5.000000,8097.000000,2266.000000,4820.000000,695.000000,601.000000,3.000000,
0.041291,0.851242,0.323569,0.205548,0.232620,-207614.186501,2.991966,2195607.000000,1874874.000000,3722527.000000,334752.000000,1282372.000000,1952.000000,539.000000,1146.000000,164.000000,144.000000,453.000000,125.000000,266.000000,38.000000,33.000000,2784.000000,769.000000,1633.000000,233.000000,205.000000,15.000000,8.000000,18.000000,3.000000,5.000000,0.000000,6.000000,12.000000,2.000000,4.000000,0.000000,7.000000,15.000000,2.000000,5.000000,8097.000000,2266.000000,4820.000000,695.000000,601.000000,3.000000,
0.041291,0.851242,0.323569,0.205548,0.232620,-207614.186501,2.991966,2195607.000000,1874874.000000,3722527.000000,334752.000000,1282372.000000,1952.000000,539.000000,1146.000000,164.000000,144.000000,453.000000,125.000000,266.000000,38.000000,33.000000,2784.000000,769.000000,1633.000000,233.000000,205.000000,15.000000,8.000000,18.000000,3.000000,5.000000,0.000000,6.000000,12.000000,2.000000,4.000000,0.000000,7.000000,15.000000,2.000000,5.000000,8097.000000,2266.000000,4820.000000,695.000000,601.000000,3.000000,
0.041291,0.851242,0.323569,0.205548,0.232620,-207614.186501,2.991966,2195607.000000,1874874.000000,3722527.000000,334752.000000,1282372.000000,1952.000000,539.000000,1146.000000,164.000000,144.000000,453.000000,125.000000,266.000000,38.000000,33.000000,2784.000000,769.000000,1633.000000,233.000000,205.000000,15.000000,8.000000,18.000000,3.000000,5.000000,0.000000,6.000000,12.000000,2.000000,4.000000,0.000000,7.000000,15.000000,2.000000,5.000000,8097.000000,2266.000000,4820.000000,695.000000,601.000000,3.000000,
0.041291,0.851242,0.323569,0.205548,0.232620,-207614.186501,2.991966,2195607.000000,1874874.000000,3722527.000000,334752.000000,1282372.000000,1952.000000,539.000000,1146.000000,164.000000,144.000000,453.000000,125.000000,266.000000,38.000000,33.000000,2784.000000,769.000000,1633.000000,233.000000,205.000000,15.000000,8.000000,18.000000,3.000000,5.000000,0.000000,6.000000,12.000000,2.000000,4.000000,0.000000,7.000000,15.000000,2.000000,5.000000,8097.000000,2266.000000,4820.000000,695.000000,601.000000,3.000000,
0.041291,0.851242,0.323569,0.205548,0.232620,-207614.186501,2.991966,2195607.000000,1874874.000000,3722527.000000,334752.000000,1282372.000000,1952.000000,539.000000,1146.000000,164.000000,144.000000,453.000000,125.000000,266.000000,38.000000,33.000000,2784.000000,769.000000,1633.000000,233.000000,205.000000,15.000000,8.000000,18.000000,3.000000,5.000000,0.000000,6.000000,12.000000,2.000000,4.000000,0.000000,7.000000,15.000000,2.000000,5.000000,8097.000000,2266.000000,4820.000000,695.000000,601.000000,3.000000,
0.041291,0.851242,0.323569,0.205548,0.232620,-207614.186501,2.991966,2195607.000000,1874874.000000,3722527.000000,334752.000000,1282372.000000,1952.000000,539.000000,1146.000000,164.000000,144.000000,453.000000,125.000000,266.000000,38.000000,33.000000,2784.000000,769.000000,1633.000000,233.000000,205.000000,15.000000,8.000000,18.000000,3.000000,5.000000,0.000000,6.000000,12.000000,2.000000,4.000000,0.000000,7.000000,15.000000,2.000000,5.000000,8097.000000,2266.000000,4820.000000,695.000000,601.000000,3.000000,
0.041291,0.851242,0.323569,0.205548,0.232620,-207614.186501,2.991966,2195607.000000,1874874.000000,3722527.000000,334752.000000,1282372.000000,1952.000000,539.000000,1146.000000,164.000000,144.000000,453.000000,125.000000,266.000000,38.000000,33.000000,2784.000000,769.000000,1633.000000,233.000000,205.000000,15.000000,8.000000,18.000000,3.000000,5.000000,0.000000,6.000000,12.000000,2.000000,4.000000,0.000000,7.000000,15.000000,2.000000,5.000000,8097.000000,2266.000000,4820.000000,695.000000,601.000000,3.000000,
0.041291,0.851242,0.323569,0.205548,0.232620,-207614.186501,2.991966,2195607.000000,1874874.000000,3722527.000000,334752.000000,1282372.000000,1952.000000,539.000000,1146.000000,164.000000,144.000000,453.000000,125.000000,266.000000,38.000000,33.000000,2784.000000,769.000000,1633.000000,233.000000,205.000000,15.000000,8.000000,18.000000,3.000000,5.000000,0.000000,6.000000,12.000000,2.000000,4.000000,0.000000,7.000000,15.000000,2.000000,5.000000,8097.000000,2266.000000,4820.000000,695.000000,601.000000,3.000000,
0.041291,0.851242,0.323569,0.205548,0.232620,-207614.186501,2.991966,2195607.000000,1874874.000000,3722527.000000,334752.000000,1282372.000000,1952.000000,539.000000,1146.000000,164.000000,144.000000,453.000000,125.000000,266.000000,38.000000,33.000000,2784.000000,769.000000,1633.000000,233.000000,205.000000,15.000000,8.000000,18.000000,3.000000,5.000000,0.000000,6.000000,12.000000,2.000000,4.000000,0.000000,7.000000,15.000000,2.000000,5.000000,8097.000000,2266.000000,4820.000000,695.000000,601.000000,3.000000,
0.041291,0.851242,0.323569,0.205548,0.232620,-207614.186501,2.991966,2195607.000000,1874874.000000,3722527.000000,334752.000000,1282372.000000,1952.000000,539.000000,1146.000000,164.000000,144.000000,453.000000,125.000000,266.000000,38.000000,33.000000,2784.000000,769.000000,1633.000000,233.000000,205.000000,15.000000,8.000000,18.000000,3.000000,5.000000,0.000000,6.000000,12.000000,2.000000,4.000000,0.000000,7.000000,15.000000,2.000000,5.000000,8097.000000,2266.000000,4820.000000,695.000000,601.000000,3.000000,
0.041291,0.851242,0.323569,0.205548,0.232620,-207614.186501,2.991966,2195607.000000,1874874.000000,3722527.000000,334752.000000,1282372.000000,1952.000000,539.000000,1146.000000,164.000000,144.000000,453.000000,125.000000,266.000000,38.000000,33.000000,2784.000000,769.000000,1633.000000,233.000000,205.000000,15.000000,8.000000,18.000000,3.000000,5.000000,0.000000,6.000000,12.000000,2.000000,4.000000,0.000000,7.000000,15.000000,2.000000,5.000000,8097.000000,2266.000000,4820.000000,695.000000,601.000000,3.000000,
0.041141,0.640986,0.329464,0.155803,0.238271,-207906.476227,2.992034,2195607.000000,1874874.000000,3722527.000000,334752.000000,1282372.000000,1952.000000,539.000000,1146.000000,164.000000,144.000000,453.000000,125.000000,266.000000,38.000000,33.000000,2784.000000,769.000000,1633.000000,233.000000,205.000000,15.000000,8.000000,18.000000,3.000000,5.000000,0.000000,6.000000,12.000000,2.000000,4.000000,0.000000,7.000000,15.000000,2.000000,5.000000,8097.000000,2266.000000,4820.000000,695.000000,601.000000,3.000000,
0.041332,0.911010,0.317425,0.172679,0.287773,-207311.745713,2.983516,2195607.000000,1874874.000000,3722527.000000,334752.000000,1282372.000000,1952.000000,539.000000,1146.000000,164.000000,144.000000,453.000000,125.000000,266.000000,38.000000,33.000000,2784.000000,769.000000,1633.000000,233.000000,205.000000,15.000000,8.000000,18.000000,3.000000,5.000000,0.000000,6.000000,12.000000,2.000000,4.000000,0.000000,7.000000,15.000000,2.000000,5.000000,8097.000000,2266.000000,4820.000000,695.000000,601.000000,3.000000,
0.041469,0.964900,0.313919,0.167201,0.322235,-207140.394503,2.986827,2195607.000000,1874874.000000,3722527.000000,334752.000000,1282372.000000,1952.000000,539.000000,1146.000000,164.000000,144.000000,453.000000,125.000000,266.000000,38.000000,33.000000,2784.000000,769.000000,1633.000000,233.000000,205.000000,15.000000,8.000000,18.000000,3.000000,5.000000,0.000000,6.000000,12.000000,2.000000,4.000000,0.000000,7.000000,15.000000,2.000000,5.000000,8097.000000,2266.000000,4820.000000,695.000000,601.000000,3.000000,
0.041469,0.964900,0.313919,0.167201,0.322235,-207140.394503,2.986827,2195607.000000,1874874.000000,3722527.000000,334752.000000,1282372.000000,1952.000000,539.000000,1146.000000,164.000000,144.000000,453.000000,125.000000,266.000000,38.000000,33.000000,2784.000000,769.000000,1633.000000,233.000000,205.000000,15.000000,8.000000,18.000000,3.000000,5.000000,0.000000,6.000000,12.000000,2.000000,4.000000,0.000000,7.000000,15.000000,2.000000,5.000000,8097.000000,2266.000000,4820.000000,695.000000,601.000000,3.000000,
0.041469,0.964900,0.313919,0.167201,0.322235,-207140.394503,2.986827,2195607.000000,1874874.000000,3722527.000000,334752.000000,1282372.000000,1952.000000,539.000000,1146.000000,164.000000,144.000000,453.000000,125.000000,266.000000,38.000000,33.000000,2784.000000,769.000000,1633.000000,233.000000,205.000000,15.000000,8.000000,18.000000,3.000000,5.000000,0.000000,6.000000,12.000000,2.000000,4.000000,0.000000,7.000000,15.000000,2.000000,5.000000,8097.000000,2266.000000,4820.000000,695.000000,601.000000,3.000000,
0.041469,0.964900,0.313919,0.167201,0.322235,-207140.394503,2.986827,2195607.000000,1874874.000000,3722527.000000,334752.000000,1282372.000000,1952.000000,539.000000,1146.000000,164.000000,144.000000,453.000000,125.000000,266.000000,38.000000,33.000000,2784.000000,769.000000,1633.000000,233.000000,205.000000,15.000000,8.000000,18.000000,3.000000,5.000000,0.000000,6.000000,12.000000,2.000000,4.000000,0.000000,7.000000,15.000000,2.000000,5.000000,8097.000000,2266.000000,4820.000000,695.000000,601.000000,3.000000,
0.041469,0.964900,0.313919,0.167201,0.322235,-207140.394503,2.986827,2195607.000000,1874874.000000,3722527.000000,334752.000000,1282372.000000,1952.000000,539.000000,1146.000000,164.000000,144.000000,453.000000,125.000000,266.000000,38.000000,33.000000,2784.000000,769.000000,1633.000000,233.000000,205.000000,15.000000,8.000000,18.000000,3.000000,5.000000,0.000000,6.000000,12.000000,2.000000,4.000000,0.000000,7.000000,15.000000,2.000000,5.000000,8097.000000,2266.000000,4820.000000,695.000000,601.000000,3.000000,
0.041469,0.964900,0.313919,0.167201,0.322235,-207140.394503,2.986827,2195607.000000,1874874.000000,3722527.000000,334752.000000,1282372.000000,1952.000000,539.000000,1146.000000,164.000000,144.000000,453.000000,125.000000,266.000000,38.000000,33.000000,2784.000000,769.000000,1633.000000,233.000000,205.000000,15.000000,8.000000,18.000000,3.000000,5.000000,0.000000,6.000000,12.000000,2.000000,4.000000,0.000000,7.000000,15.000000,2.000000,5.000000,8097.000000,2266.000000,4820.000000,695.000000,601.000000,3.000000,
0.041469,0.964900,0.313919,0.167201,0.322235,-207140.394503,2.986827,2195607.000000,1874874.000000,3722527.000000,334752.000000,1282372.000000,1952.000000,539.000000,1146.000000,164.000000,144.000000,453.000000,125.000000,266.000000,38.000000,33.000000,2784.000000,769.000000,1633.000000,233.000000,205.000000,15.000000,8.000000,18.000000,3.000000,5.000000,0.000000,6.000000,12.000000,2.000000,4.000000,0.000000,7.000000,15.000000,2.000000,5.000000,8097.000000,2266.000000,4820.000000,695.000000,601.000000,3.000000,
