q,c,symptomatic_fraction,socialDistancing_other,p_reduced,Initial_Condition_Scale,LogLikelihood,R0,S_c,S_a,S_rc,S_fc,S_e,E_c,E_a,E_rc,E_fc,E_e,Isym_c,Isym_a,Isym_rc,Isym_fc,Isym_e,Iasym_c,Iasym_a,Iasym_rc,Iasym_fc,Iasym_e,Hsub_c,Hsub_a,Hsub_rc,Hsub_fc,Hsub_e,Hcri_c,Hcri_a,Hcri_rc,Hcri_fc,Hcri_e,D_c,D_a,D_rc,D_fc,D_e,R_c,R_a,R_rc,R_fc,R_e,i_chain,
0.049651,0.994294,0.141416,0.107668,0.480260,0.002272,-206.278171,3.189362,1396042.792084,1161964.407134,2307282.737036,207665.818279,1090450.784206,366.831376,98.222609,209.474747,30.068146,36.081775,85.193079,23.052245,49.111304,7.015901,8.018172,522.183461,140.318013,298.676912,43.097675,51.115847,3.000000,2.000000,3.000000,0.000000,1.000000,0.000000,1.000000,2.000000,0.000000,1.000000,0.000000,1.000000,3.000000,0.000000,1.000000,1553.000000,438.000000,932.000000,136.000000,161.000000,5.000000,
0.049598,0.995486,0.142089,0.133684,0.426020,0.002569,-205.918249,3.187493,1396042.502547,1161964.329388,2307282.571416,207665.794448,1090450.755907,366.940399,98.251801,209.537004,30.077082,36.092498,85.218399,23.059096,49.125900,7.017986,8.020555,522.338656,140.359715,298.765680,43.110484,51.131039,3.000000,2.000000,3.000000,0.000000,1.000000,0.000000,1.000000,2.000000,0.000000,1.000000,0.000000,1.000000,3.000000,0.000000,1.000000,1553.000000,438.000000,932.000000,136.000000,161.000000,5.000000,
0.049598,0.995486,0.142089,0.133684,0.426020,0.002569,-205.918249,3.187493,1396042.502547,1161964.329388,2307282.571416,207665.794448,1090450.755907,366.940399,98.251801,209.537004,30.077082,36.092498,85.218399,23.059096,49.125900,7.017986,8.020555,522.338656,140.359715,298.765680,43.110484,51.131039,3.000000,2.000000,3.000000,0.000000,1.000000,0.000000,1.000000,2.000000,0.000000,1.000000,0.000000,1.000000,3.000000,0.000000,1.000000,1553.000000,438.000000,932.000000,136.000000,161.000000,5.000000,
0.049598,0.995486,0.142089,0.133684,0.426020,0.002569,-205.918249,3.187493,1396042.502547,1161964.329388,2307282.571416,207665.794448,1090450.755907,366.940399,98.251801,209.537004,30.077082,36.092498,85.218399,23.059096,49.125900,7.017986,8.020555,522.338656,140.359715,298.765680,43.110484,51.131039,3.000000,2.000000,3.000000,0.000000,1.000000,0.000000,1.000000,2.000000,0.000000,1.000000,0.000000,1.000000,3.000000,0.000000,1.000000,1553.000000,438.000000,932.000000,136.000000,161.000000,5.000000,
0.049598,0.995486,0.142089,0.133684,0.426020,0.002569,-205.918249,3.187493,1396042.502547,1161964.329388,2307282.571416,207665.794448,1090450.755907,366.940399,98.251801,209.537004,30.077082,36.092498,85.218399,23.059096,49.125900,7.017986,8.020555,522.338656,140.359715,298.765680,43.110484,51.131039,3.000000,2.000000,3.000000,0.000000,1.000000,0.000000,1.000000,2.000000,0.000000,1.000000,0.000000,1.000000,3.000000,0.000000,1.000000,1553.000000,438.000000,932.000000,136.000000,161.000000,5.000000,
0.049598,0.995486,0.142089,0.133684,0.426020,0.002569,-205.918249,3.187493,1396042.502547,1161964.329388,2307282.571416,207665.794448,1090450.755907,366.940399,98.251801,209.537004,30.077082,36.092498,85.218399,23.059096,49.125900,7.017986,8.020555,522.338656,140.359715,298.765680,43.110484,51.131039,3.000000,2.000000,3.000000,0.000000,1.000000,0.000000,1.000000,2.000000,0.000000,1.000000,0.000000,1.000000,3.000000,0.000000,1.000000,1553.000000,438.000000,932.000000,136.000000,161.000000,5.000000,
0.049598,0.995486,0.142089,0.133684,0.426020,0.002569,-205.918249,3.187493,1396042.502547,1161964.329388,2307282.571416,207665.794448,1090450.755907,366.940399,98.251801,209.537004,30.077082,36.092498,85.218399,23.059096,49.125900,7.017986,8.020555,522.338656,140.359715,298.765680,43.110484,51.131039,3.000000,2.000000,3.000000,0.000000,1.000000,0.000000,1.000000,2.000000,0.000000,1.000000,0.000000,1.000000,3.000000,0.000000,1.000000,1553.000000,438.000000,932.000000,136.000000,161.000000,5.000000,
0.049598,0.995486,0.142089,0.133684,0.426020,0.002569,-205.918249,3.187493,1396042.502547,1161964.329388,2307282.571416,207665.794448,1090450.755907,366.940399,98.251801,209.537004,30.077082,36.092498,85.218399,23.059096,49.125900,7.017986,8.020555,522.338656,140.359715,298.765680,43.110484,51.131039,3.000000,2.000000,3.000000,0.000000,1.000000,0.000000,1.000000,2.000000,0.000000,1.000000,0.000000,1.000000,3.000000,0.000000,1.000000,1553.000000,438.000000,932.000000,136.000000,161.000000,5.000000,
0.049598,0.995486,0.142089,0.133684,0.426020,0.002569,-205.918249,3.187493,1396042.502547,1161964.329388,2307282.571416,207665.794448,1090450.755907,366.940399,98.251801,209.537004,30.077082,36.092498,85.218399,23.059096,49.125900,7.017986,8.020555,522.338656,140.359715,298.765680,43.110484,51.131039,3.000000,2.000000,3.000000,0.000000,1.000000,0.000000,1.000000,2.000000,0.000000,1.000000,0.000000,1.000000,3.000000,0.000000,1.000000,1553.000000,438.000000,932.000000,136.000000,161.000000,5.000000,
0.049598,0.995486,0.142089,0.133684,0.426020,0.002569,-205.918249,3.187493,1396042.502547,1161964.329388,2307282.571416,207665.794448,1090450.755907,366.940399,98.251801,209.537004,30.077082,36.092498,85.218399,23.059096,49.125900,7.017986,8.020555,522.338656,140.359715,298.765680,43.110484,51.131039,3.000000,2.000000,3.000000,0.000000,1.000000,0.000000,1.000000,2.000000,0.000000,1.000000,0.000000,1.000000,3.000000,0.000000,1.000000,1553.000000,438.000000,932.000000,136.000000,161.000000,5.000000,
0.049598,0.995486,0.142089,0.133684,0.426020,0.002569,-205.918249,3.187493,1396042.502547,1161964.329388,2307282.571416,207665.794448,1090450.755907,366.940399,98.251801,209.537004,30.077082,36.092498,85.218399,23.059096,49.125900,7.017986,8.020555,522.338656,140.359715,298.765680,43.110484,51.131039,3.000000,2.000000,3.000000,0.000000,1.000000,0.000000,1.000000,2.000000,0.000000,1.000000,0.000000,1.000000,3.000000,0.000000,1.000000,1553.000000,438.000000,932.000000,136.000000,161.000000,5.000000,
0.049598,0.995486,0.142089,0.133684,0.426020,0.002569,-205.918249,3.187493,1396042.502547,1161964.329388,2307282.571416,207665.794448,1090450.755907,366.940399,98.251801,209.537004,30.077082,36.092498,85.218399,23.059096,49.125900,7.017986,8.020555,522.338656,140.359715,298.765680,43.110484,51.131039,3.000000,2.000000,3.000000,0.000000,1.000000,0.000000,1.000000,2.000000,0.000000,1.000000,0.000000,1.000000,3.000000,0.000000,1.000000,1553.000000,438.000000,932.000000,136.000000,161.000000,5.000000,
0.049598,0.995486,0.142089,0.133684,0.426020,0.002569,-205.918249,3.187493,1396042.502547,1161964.329388,2307282.571416,207665.794448,1090450.755907,366.940399,98.251801,209.537004,30.077082,36.092498,85.218399,23.059096,49.125900,7.017986,8.020555,522.338656,140.359715,298.765680,43.110484,51.131039,3.000000,2.000000,3.000000,0.000000,1.000000,0.000000,1.000000,2.000000,0.000000,1.000000,0.000000,1.000000,3.000000,0.000000,1.000000,1553.000000,438.000000,932.000000,136.000000,161.000000,5.000000,
0.049598,0.995486,0.142089,0.133684,0.426020,0.002569,-205.918249,3.187493,1396042.502547,1161964.329388,2307282.571416,207665.794448,1090450.755907,366.940399,98.251801,209.537004,30.077082,36.092498,85.218399,23.059096,49.125900,7.017986,8.020555,522.338656,140.359715,298.765680,43.110484,51.131039,3.000000,2.000000,3.000000,0.000000,1.000000,0.000000,1.000000,2.000000,0.000000,1.000000,0.000000,1.000000,3.000000,0.000000,1.000000,1553.000000,438.000000,932.000000,136.000000,161.000000,5.000000,
0.049598,0.995486,0.142089,0.133684,0.426020,0.002569,-205.918249,3.187493,1396042.502547,1161964.329388,2307282.571416,207665.794448,1090450.755907,366.940399,98.251801,209.537004,30.077082,36.092498,85.218399,23.059096,49.125900,7.017986,8.020555,522.338656,140.359715,298.765680,43.110484,51.131039,3.000000,2.000000,3.000000,0.000000,1.000000,0.000000,1.000000,2.000000,0.000000,1.000000,0.000000,1.000000,3.000000,0.000000,1.000000,1553.000000,438.000000,932.000000,136.000000,161.000000,5.000000,
0.049598,0.995486,0.142089,0.133684,0.426020,0.002569,-205.918249,3.187493,1396042.502547,1161964.329388,2307282.571416,207665.794448,1090450.755907,366.940399,98.251801,209.537004,30.077082,36.092498,85.218399,23.059096,49.125900,7.017986,8.020555,522.338656,140.359715,298.765680,43.110484,51.131039,3.000000,2.000000,3.000000,0.000000,1.000000,0.000000,1.000000,2.000000,0.000000,1.000000,0.000000,1.000000,3.000000,0.000000,1.000000,1553.000000,438.000000,932.000000,136.000000,161.000000,5.000000,
0.049598,0.995486,0.142089,0.133684,0.426020,0.002569,-205.918249,3.187493,1396042.502547,1161964.329388,2307282.571416,207665.794448,1090450.755907,366.940399,98.251801,209.537004,30.077082,36.092498,85.218399,23.059096,49.125900,7.017986,8.020555,522.338656,140.359715,298.765680,43.110484,51.131039,3.000000,2.000000,3.000000,0.000000,1.000000,0.000000,1.000000,2.000000,0.000000,1.000000,0.000000,1.000000,3.000000,0.000000,1.000000,1553.000000,438.000000,932.000000,136.000000,161.000000,5.000000,
0.049598,0.995486,0.142089,0.133684,0.426020,0.002569,-205.918249,3.187493,1396042.502547,1161964.329388,2307282.571416,207665.794448,1090450.755907,366.940399,98.251801,209.537004,30.077082,36.092498,85.218399,23.059096,49.125900,7.017986,8.020555,522.338656,140.359715,298.765680,43.110484,51.131039,3.000000,2.000000,3.000000,0.000000,1.000000,0.000000,1.000000,2.000000,0.000000,1.000000,0.000000,1.000000,3.000000,0.000000,1.000000,1553.000000,438.000000,932.000000,136.000000,161.000000,5.000000,
0.049598,0.995486,0.142089,0.133684,0.426020,0.002569,-205.918249,3.187493,1396042.502547,1161964.329388,2307282.571416,207665.794448,1090450.755907,366.940399,98.251801,209.537004,30.077082,36.092498,85.218399,23.059096,49.125900,7.017986,8.020555,522.338656,140.359715,298.765680,43.110484,51.131039,3.000000,2.000000,3.000000,0.000000,1.000000,0.000000,1.000000,2.000000,0.000000,1.000000,0.000000,1.000000,3.000000,0.000000,1.000000,1553.000000,438.000000,932.000000,136.000000,161.000000,5.000000,
0.049598,0.995486,0.142089,0.133684,0.426020,0.002569,-205.918249,3.187493,1396042.502547,1161964.329388,2307282.571416,207665.794448,1090450.755907,366.940399,98.251801,209.537004,30.077082,36.092498,85.218399,23.059096,49.125900,7.017986,8.020555,522.338656,140.359715,298.765680,43.110484,51.131039,3.000000,2.000000,3.000000,0.000000,1.000000,0.000000,1.000000,2.000000,0.000000,1.000000,0.000000,1.000000,3.000000,0.000000,1.000000,1553.000000,438.000000,932.000000,136.000000,161.000000,5.000000,
0.049598,0.995486,0.142089,0.133684,0.426020,0.002569,-205.918249,3.187493,1396042.502547,1161964.329388,2307282.571416,207665.794448,1090450.755907,366.940399,98.251801,209.537004,30.077082,36.092498,85.218399,23.059096,49.125900,7.017986,8.020555,522.338656,140.359715,298.765680,43.110484,51.131039,3.000000,2.000000,3.000000,0.000000,1.000000,0.000000,1.000000,2.000000,0.000000,1.000000,0.000000,1.000000,3.000000,0.000000,1.000000,1553.000000,438.000000,932.000000,136.000000,161.000000,5.000000,
0.049598,0.995486,0.142089,0.133684,0.426020,0.002569,-205.918249,3.187493,1396042.502547,1161964.329388,2307282.571416,207665.794448,1090450.755907,366.940399,98.251801,209.537004,30.077082,36.092498,85.218399,23.059096,49.125900,7.017986,8.020555,522.338656,140.359715,298.765680,43.110484,51.131039,3.000000,2.000000,3.000000,0.000000,1.000000,0.000000,1.000000,2.000000,0.000000,1.000000,0.000000,1.000000,3.000000,0.000000,1.000000,1553.000000,438.000000,932.000000,136.000000,161.000000,5.000000,
0.049598,0.995486,0.142089,0.133684,0.426020,0.002569,-205.918249,3.187493,1396042.502547,1161964.329388,2307282.571416,207665.794448,1090450.755907,366.940399,98.251801,209.537004,30.077082,36.092498,85.218399,23.059096,49.125900,7.017986,8.020555,522.338656,140.359715,298.765680,43.110484,51.131039,3.000000,2.000000,3.000000,0.000000,1.000000,0.000000,1.000000,2.000000,0.000000,1.000000,0.000000,1.000000,3.000000,0.000000,1.000000,1553.000000,438.000000,932.000000,136.000000,161.000000,5.000000,
0.049598,0.995486,0.142089,0.133684,0.426020,0.002569,-205.918249,3.187493,1396042.502547,1161964.329388,2307282.571416,207665.794448,1090450.755907,366.940399,98.251801,209.537004,30.077082,36.092498,85.218399,23.059096,49.125900,7.017986,8.020555,522.338656,140.359715,298.765680,43.110484,51.131039,3.000000,2.000000,3.000000,0.000000,1.000000,0.000000,1.000000,2.000000,0.000000,1.000000,0.000000,1.000000,3.000000,0.000000,1.000000,1553.000000,438.000000,932.000000,136.000000,161.000000,5.000000,
0.049598,0.995486,0.142089,0.133684,0.426020,0.002569,-205.918249,3.187493,1396042.502547,1161964.329388,2307282.571416,207665.794448,1090450.755907,366.940399,98.251801,209.537004,30.077082,36.092498,85.218399,23.059096,49.125900,7.017986,8.020555,522.338656,140.359715,298.765680,43.110484,51.131039,3.000000,2.000000,3.000000,0.000000,1.000000,0.000000,1.000000,2.000000,0.000000,1.000000,0.000000,1.000000,3.000000,0.000000,1.000000,1553.000000,438.000000,932.000000,136.000000,161.000000,5.000000,
0.049598,0.995486,0.142089,0.133684,0.426020,0.002569,-205.918249,3.187493,1396042.502547,1161964.329388,2307282.571416,207665.794448,1090450.755907,366.940399,98.251801,209.537004,30.077082,36.092498,85.218399,23.059096,49.125900,7.017986,8.020555,522.338656,140.359715,298.765680,43.110484,51.131039,3.000000,2.000000,3.000000,0.000000,1.000000,0.000000,1.000000,2.000000,0.000000,1.000000,0.000000,1.000000,3.000000,0.000000,1.000000,1553.000000,438.000000,932.000000,136.000000,161.000000,5.000000,
0.049598,0.995486,0.142089,0.133684,0.426020,0.002569,-205.918249,3.187493,1396042.502547,1161964.329388,2307282.571416,207665.794448,1090450.755907,366.940399,98.251801,209.537004,30.077082,36.092498,85.218399,23.059096,49.125900,7.017986,8.020555,522.338656,140.359715,298.765680,43.110484,51.131039,3.000000,2.000000,3.000000,0.000000,1.000000,0.000000,1.000000,2.000000,0.000000,1.000000,0.000000,1.000000,3.000000,0.000000,1.000000,1553.000000,438.000000,932.000000,136.000000,161.000000,5.000000,
0.049598,0.995486,0.142089,0.133684,0.426020,0.002569,-205.918249,3.187493,1396042.502547,1161964.329388,2307282.571416,207665.794448,1090450.755907,366.940399,98.251801,209.537004,30.077082,36.092498,85.218399,23.059096,49.125900,7.017986,8.020555,522.338656,140.359715,298.765680,43.110484,51.131039,3.000000,2.000000,3.000000,0.000000,1.000000,0.000000,1.000000,2.000000,0.000000,1.000000,0.000000,1.000000,3.000000,0.000000,1.000000,1553.000000,438.000000,932.000000,136.000000,161.000000,5.000000,
0.049598,0.995486,0.142089,0.133684,0.426020,0.002569,-205.918249,3.187493,1396042.502547,1161964.329388,2307282.571416,207665.794448,1090450.755907,366.940399,98.251801,209.537004,30.077082,36.092498,85.218399,23.059096,49.125900,7.017986,8.020555,522.338656,140.359715,298.765680,43.110484,51.131039,3.000000,2.000000,3.000000,0.000000,1.000000,0.000000,1.000000,2.000000,0.000000,1.000000,0.000000,1.000000,3.000000,0.000000,1.000000,1553.000000,438.000000,932.000000,136.000000,161.000000,5.000000,
0.049598,0.995486,0.142089,0.133684,0.426020,0.002569,-205.918249,3.187493,1396042.502547,1161964.329388,2307282.571416,207665.794448,1090450.755907,366.940399,98.251801,209.537004,30.077082,36.092498,85.218399,23.059096,49.125900,7.017986,8.020555,522.338656,140.359715,298.765680,43.110484,51.131039,3.000000,2.000000,3.000000,0.000000,1.000000,0.000000,1.000000,2.000000,0.000000,1.000000,0.000000,1.000000,3.000000,0.000000,1.000000,1553.000000,438.000000,932.000000,136.000000,161.000000,5.000000,
0.049598,0.995486,0.142089,0.133684,0.426020,0.002569,-205.918249,3.187493,1396042.502547,1161964.329388,2307282.571416,207665.794448,1090450.755907,366.940399,98.251801,209.537004,30.077082,36.092498,85.218399,23.059096,49.125900,7.017986,8.020555,522.338656,140.359715,298.765680,43.110484,51.131039,3.000000,2.000000,3.000000,0.000000,1.000000,0.000000,1.000000,2.000000,0.000000,1.000000,0.000000,1.000000,3.000000,0.000000,1.000000,1553.000000,438.000000,932.000000,136.000000,161.000000,5.000000,
0.049598,0.995486,0.142089,0.133684,0.426020,0.002569,-205.918249,3.187493,1396042.502547,1161964.329388,2307282.571416,207665.794448,1090450.755907,366.940399,98.251801,209.537004,30.077082,36.092498,85.218399,23.059096,49.125900,7.017986,8.020555,522.338656,140.359715,298.765680,43.110484,51.131039,3.000000,2.000000,3.000000,0.000000,1.000000,0.000000,1.000000,2.000000,0.000000,1.000000,0.000000,1.000000,3.000000,0.000000,1.000000,1553.000000,438.000000,932.000000,136.000000,161.000000,5.000000,
0.049598,0.995486,0.142089,0.133684,0.426020,0.002569,-205.918249,3.187493,1396042.502547,1161964.329388,2307282.571416,207665.794448,1090450.755907,366.940399,98.251801,209.537004,30.077082,36.092498,85.218399,23.059096,49.125900,7.017986,8.020555,522.338656,140.359715,298.765680,43.110484,51.131039,3.000000,2.000000,3.000000,0.000000,1.000000,0.000000,1.000000,2.000000,0.000000,1.000000,0.000000,1.000000,3.000000,0.000000,1.000000,1553.000000,438.000000,932.000000,136.000000,161.000000,5.000000,
0.049598,0.995486,0.142089,0.133684,0.426020,0.002569,-205.918249,3.187493,1396042.502547,1161964.329388,2307282.571416,207665.794448,1090450.755907,366.940399,98.251801,209.537004,30.077082,36.092498,85.218399,23.059096,49.125900,7.017986,8.020555,522.338656,140.359715,298.765680,43.110484,51.131039,3.000000,2.000000,3.000000,0.000000,1.000000,0.000000,1.000000,2.000000,0.000000,1.000000,0.000000,1.000000,3.000000,0.000000,1.000000,1553.000000,438.000000,932.000000,136.000000,161.000000,5.000000,
0.049598,0.995486,0.142089,0.133684,0.426020,0.002569,-205.918249,3.187493,1396042.502547,1161964.329388,2307282.571416,207665.794448,1090450.755907,366.940399,98.251801,209.537004,30.077082,36.092498,85.218399,23.059096,49.125900,7.017986,8.020555,522.338656,140.359715,298.765680,43.110484,51.131039,3.000000,2.000000,3.000000,0.000000,1.000000,0.000000,1.000000,2.000000,0.000000,1.000000,0.000000,1.000000,3.000000,0.000000,1.000000,1553.000000,438.000000,932.000000,136.000000,161.000000,5.000000,
0.049598,0.995486,0.142089,0.133684,0.426020,0.002569,-205.918249,3.187493,1396042.502547,1161964.329388,2307282.571416,207665.794448,1090450.755907,366.940399,98.251801,209.537004,30.077082,36.092498,85.218399,23.059096,49.125900,7.017986,8.020555,522.338656,140.359715,298.765680,43.110484,51.131039,3.000000,2.000000,3.000000,0.000000,1.000000,0.000000,1.000000,2.000000,0.000000,1.000000,0.000000,1.000000,3.000000,0.000000,1.000000,1553.000000,438.000000,932.000000,136.000000,161.000000,5.000000,
0.049598,0.995486,0.142089,0.133684,0.426020,0.002569,-205.918249,3.187493,1396042.502547,1161964.329388,2307282.571416,207665.794448,1090450.755907,366.940399,98.251801,209.537004,30.077082,36.092498,85.218399,23.059096,49.125900,7.017986,8.020555,522.338656,140.359715,298.765680,43.110484,51.131039,3.000000,2.000000,3.000000,0.000000,1.000000,0.000000,1.000000,2.000000,0.000000,1.000000,0.000000,1.000000,3.000000,0.000000,1.000000,1553.000000,438.000000,932.000000,136.000000,161.000000,5.000000,
0.049601,0.995815,0.142647,0.127241,0.439767,0.002158,-205.331225,3.188939,1396042.902826,1161964.436870,2307282.800382,207665.827393,1090450.795029,366.789676,98.211443,209.450935,30.064728,36.077673,85.183395,23.049624,49.105722,7.015103,8.017261,522.124102,140.302062,298.642961,43.092776,51.110037,3.000000,2.000000,3.000000,0.000000,1.000000,0.000000,1.000000,2.000000,0.000000,1.000000,0.000000,1.000000,3.000000,0.000000,1.000000,1553.000000,438.000000,932.000000,136.000000,161.000000,5.000000,
0.049601,0.995815,0.142647,0.127241,0.439767,0.002158,-205.331225,3.188939,1396042.902826,1161964.436870,2307282.800382,207665.827393,1090450.795029,366.789676,98.211443,209.450935,30.064728,36.077673,85.183395,23.049624,49.105722,7.015103,8.017261,522.124102,140.302062,298.642961,43.092776,51.110037,3.000000,2.000000,3.000000,0.000000,1.000000,0.000000,1.000000,2.000000,0.000000,1.000000,0.000000,1.000000,3.000000,0.000000,1.000000,1553.000000,438.000000,932.000000,136.000000,161.000000,5.000000,
0.049601,0.995815,0.142647,0.127241,0.439767,0.002158,-205.331225,3.188939,1396042.902826,1161964.436870,2307282.800382,207665.827393,1090450.795029,366.789676,98.211443,209.450935,30.064728,36.077673,85.183395,23.049624,49.105722,7.015103,8.017261,522.124102,140.302062,298.642961,43.092776,51.110037,3.000000,2.000000,3.000000,0.000000,1.000000,0.000000,1.000000,2.000000,0.000000,1.000000,0.000000,1.000000,3.000000,0.000000,1.000000,1553.000000,438.000000,932.000000,136.000000,161.000000,5.000000,
0.049601,0.995815,0.142647,0.127241,0.439767,0.002158,-205.331225,3.188939,1396042.902826,1161964.436870,2307282.800382,207665.827393,1090450.795029,366.789676,98.211443,209.450935,30.064728,36.077673,85.183395,23.049624,49.105722,7.015103,8.017261,522.124102,140.302062,298.642961,43.092776,51.110037,3.000000,2.000000,3.000000,0.000000,1.000000,0.000000,1.000000,2.000000,0.000000,1.000000,0.000000,1.000000,3.000000,0.000000,1.000000,1553.000000,438.000000,932.000000,136.000000,161.000000,5.000000,
0.049556,0.999638,0.142017,0.138505,0.423667,0.002877,-204.708029,3.184609,1396042.203286,1161964.249030,2307282.400233,207665.769818,1090450.726659,367.053084,98.281973,209.601351,30.086318,36.103582,85.244569,23.066177,49.140987,7.020141,8.023018,522.499062,140.402819,298.857429,43.123723,51.146741,3.000000,2.000000,3.000000,0.000000,1.000000,0.000000,1.000000,2.000000,0.000000,1.000000,0.000000,1.000000,3.000000,0.000000,1.000000,1553.000000,438.000000,932.000000,136.000000,161.000000,5.000000,
0.049556,0.999638,0.142017,0.138505,0.423667,0.002877,-204.708029,3.184609,1396042.203286,1161964.249030,2307282.400233,207665.769818,1090450.726659,367.053084,98.281973,209.601351,30.086318,36.103582,85.244569,23.066177,49.140987,7.020141,8.023018,522.499062,140.402819,298.857429,43.123723,51.146741,3.000000,2.000000,3.000000,0.000000,1.000000,0.000000,1.000000,2.000000,0.000000,1.000000,0.000000,1.000000,3.000000,0.000000,1.000000,1553.000000,438.000000,932.000000,136.000000,161.000000,5.000000,
0.049556,0.999638,0.142017,0.138505,0.423667,0.002877,-204.708029,3.184609,1396042.203286,1161964.249030,2307282.400233,207665.769818,1090450.726659,367.053084,98.281973,209.601351,30.086318,36.103582,85.244569,23.066177,49.140987,7.020141,8.023018,522.499062,140.402819,298.857429,43.123723,51.146741,3.000000,2.000000,3.000000,0.000000,1.000000,0.000000,1.000000,2.000000,0.000000,1.000000,0.000000,1.000000,3.000000,0.000000,1.000000,1553.000000,438.000000,932.000000,136.000000,161.000000,5.000000,
0.049556,0.999638,0.142017,0.138505,0.423667,0.002877,-204.708029,3.184609,1396042.203286,1161964.249030,2307282.400233,207665.769818,1090450.726659,367.053084,98.281973,209.601351,30.086318,36.103582,85.244569,23.066177,49.140987,7.020141,8.023018,522.499062,140.402819,298.857429,43.123723,51.146741,3.000000,2.000000,3.000000,0.000000,1.000000,0.000000,1.000000,2.000000,0.000000,1.000000,0.000000,1.000000,3.000000,0.000000,1.000000,1553.000000,438.000000,932.000000,136.000000,161.000000,5.000000,
0.049556,0.999638,0.142017,0.138505,0.423667,0.002877,-204.708029,3.184609,1396042.203286,1161964.249030,2307282.400233,207665.769818,1090450.726659,367.053084,98.281973,209.601351,30.086318,36.103582,85.244569,23.066177,49.140987,7.020141,8.023018,522.499062,140.402819,298.857429,43.123723,51.146741,3.000000,2.000000,3.000000,0.000000,1.000000,0.000000,1.000000,2.000000,0.000000,1.000000,0.000000,1.000000,3.000000,0.000000,1.000000,1553.000000,438.000000,932.000000,136.000000,161.000000,5.000000,
0.049556,0.999638,0.142017,0.138505,0.423667,0.002877,-204.708029,3.184609,1396042.203286,1161964.249030,2307282.400233,207665.769818,1090450.726659,367.053084,98.281973,209.601351,30.086318,36.103582,85.244569,23.066177,49.140987,7.020141,8.023018,522.499062,140.402819,298.857429,43.123723,51.146741,3.000000,2.000000,3.000000,0.000000,1.000000,0.000000,1.000000,2.000000,0.000000,1.000000,0.000000,1.000000,3.000000,0.000000,1.000000,1553.000000,438.000000,932.000000,136.000000,161.000000,5.000000,
0.049556,0.999638,0.142017,0.138505,0.423667,0.002877,-204.708029,3.184609,1396042.203286,1161964.249030,2307282.400233,207665.769818,1090450.726659,367.053084,98.281973,209.601351,30.086318,36.103582,85.244569,23.066177,49.140987,7.020141,8.023018,522.499062,140.402819,298.857429,43.123723,51.146741,3.000000,2.000000,3.000000,0.000000,1.000000,0.000000,1.000000,2.000000,0.000000,1.000000,0.000000,1.000000,3.000000,0.000000,1.000000,1553.000000,438.000000,932.000000,136.000000,161.000000,5.000000,
0.049556,0.999638,0.142017,0.138505,0.423667,0.002877,-204.708029,3.184609,1396042.203286,1161964.249030,2307282.400233,207665.769818,1090450.726659,367.053084,98.281973,209.601351,30.086318,36.103582,85.244569,23.066177,49.140987,7.020141,8.023018,522.499062,140.402819,298.857429,43.123723,51.146741,3.000000,2.000000,3.000000,0.000000,1.000000,0.000000,1.000000,2.000000,0.000000,1.000000,0.000000,1.000000,3.000000,0.000000,1.000000,1553.000000,438.000000,932.000000,136.000000,161.000000,5.000000,
0.049556,0.999638,0.142017,0.138505,0.423667,0.002877,-204.708029,3.184609,1396042.203286,1161964.249030,2307282.400233,207665.769818,1090450.726659,367.053084,98.281973,209.601351,30.086318,36.103582,85.244569,23.066177,49.140987,7.020141,8.023018,522.499062,140.402819,298.857429,43.123723,51.146741,3.000000,2.000000,3.000000,0.000000,1.000000,0.000000,1.000000,2.000000,0.000000,1.000000,0.000000,1.000000,3.000000,0.000000,1.000000,1553.000000,438.000000,932.000000,136.000000,161.000000,5.000000,
0.049556,0.999638,0.142017,0.138505,0.423667,0.002877,-204.708029,3.184609,1396042.203286,1161964.249030,2307282.400233,207665.769818,1090450.726659,367.053084,98.281973,209.601351,30.086318,36.103582,85.244569,23.066177,49.140987,7.020141,8.023018,522.499062,140.402819,298.857429,43.123723,51.146741,3.000000,2.000000,3.000000,0.000000,1.000000,0.000000,1.000000,2.000000,0.000000,1.000000,0.000000,1.000000,3.000000,0.000000,1.000000,1553.000000,438.000000,932.000000,136.000000,161.000000,5.000000,
0.049556,0.999638,0.142017,0.138505,0.423667,0.002877,-204.708029,3.184609,1396042.203286,1161964.249030,2307282.400233,207665.769818,1090450.726659,367.053084,98.281973,209.601351,30.086318,36.103582,85.244569,23.066177,49.140987,7.020141,8.023018,522.499062,140.402819,298.857429,43.123723,51.146741,3.000000,2.000000,3.000000,0.000000,1.000000,0.000000,1.000000,2.000000,0.000000,1.000000,0.000000,1.000000,3.000000,0.000000,1.000000,1553.000000,438.000000,932.000000,136.000000,161.000000,5.000000,
0.049556,0.999638,0.142017,0.138505,0.423667,0.002877,-204.708029,3.184609,1396042.203286,1161964.249030,2307282.400233,207665.769818,1090450.726659,367.053084,98.281973,209.601351,30.086318,36.103582,85.244569,23.066177,49.140987,7.020141,8.023018,522.499062,140.402819,298.857429,43.123723,51.146741,3.000000,2.000000,3.000000,0.000000,1.000000,0.000000,1.000000,2.000000,0.000000,1.000000,0.000000,1.000000,3.000000,0.000000,1.000000,1553.000000,438.000000,932.000000,136.000000,161.000000,5.000000,
0.049556,0.999638,0.142017,0.138505,0.423667,0.002877,-204.708029,3.184609,1396042.203286,1161964.249030,2307282.400233,207665.769818,1090450.726659,367.053084,98.281973,209.601351,30.086318,36.103582,85.244569,23.066177,49.140987,7.020141,8.023018,522.499062,140.402819,298.857429,43.123723,51.146741,3.000000,2.000000,3.000000,0.000000,1.000000,0.000000,1.000000,2.000000,0.000000,1.000000,0.000000,1.000000,3.000000,0.000000,1.000000,1553.000000,438.000000,932.000000,136.000000,161.000000,5.000000,
0.049596,0.990931,0.139115,0.129309,0.455072,0.003252,-207.006070,3.180680,1396041.839372,1161964.151313,2307282.192069,207665.739866,1090450.691091,367.190113,98.318664,209.679600,30.097550,36.117060,85.276392,23.074789,49.159332,7.022762,8.026013,522.694123,140.455234,298.968999,43.139822,51.165835,3.000000,2.000000,3.000000,0.000000,1.000000,0.000000,1.000000,2.000000,0.000000,1.000000,0.000000,1.000000,3.000000,0.000000,1.000000,1553.000000,438.000000,932.000000,136.000000,161.000000,5.000000,
0.049596,0.990931,0.139115,0.129309,0.455072,0.003252,-207.006070,3.180680,1396041.839372,1161964.151313,2307282.192069,207665.739866,1090450.691091,367.190113,98.318664,209.679600,30.097550,36.117060,85.276392,23.074789,49.159332,7.022762,8.026013,522.694123,140.455234,298.968999,43.139822,51.165835,3.000000,2.000000,3.000000,0.000000,1.000000,0.000000,1.000000,2.000000,0.000000,1.000000,0.000000,1.000000,3.000000,0.000000,1.000000,1553.000000,438.000000,932.000000,136.000000,161.000000,5.000000,
0.049596,0.990931,0.139115,0.129309,0.455072,0.003252,-207.006070,3.180680,1396041.839372,1161964.151313,2307282.192069,207665.739866,1090450.691091,367.190113,98.318664,209.679600,30.097550,36.117060,85.276392,23.074789,49.159332,7.022762,8.026013,522.694123,140.455234,298.968999,43.139822,51.165835,3.000000,2.000000,3.000000,0.000000,1.000000,0.000000,1.000000,2.000000,0.000000,1.000000,0.000000,1.000000,3.000000,0.000000,1.000000,1553.000000,438.000000,932.000000,136.000000,161.000000,5.000000,
0.049596,0.990931,0.139115,0.129309,0.455072,0.003252,-207.006070,3.180680,1396041.839372,1161964.151313,2307282.192069,207665.739866,1090450.691091,367.190113,98.318664,209.679600,30.097550,36.117060,85.276392,23.074789,49.159332,7.022762,8.026013,522.694123,140.455234,298.968999,43.139822,51.165835,3.000000,2.000000,3.000000,0.000000,1.000000,0.000000,1.000000,2.000000,0.000000,1.000000,0.000000,1.000000,3.000000,0.000000,1.000000,1553.000000,438.000000,932.000000,136.000000,161.000000,5.000000,
0.049596,0.990931,0.139115,0.129309,0.455072,0.003252,-207.006070,3.180680,1396041.839372,1161964.151313,2307282.192069,207665.739866,1090450.691091,367.190113,98.318664,209.679600,30.097550,36.117060,85.276392,23.074789,49.159332,7.022762,8.026013,522.694123,140.455234,298.968999,43.139822,51.165835,3.000000,2.000000,3.000000,0.000000,1.000000,0.000000,1.000000,2.000000,0.000000,1.000000,0.000000,1.000000,3.000000,0.000000,1.000000,1553.000000,438.000000,932.000000,136.000000,161.000000,5.000000,
0.049596,0.990931,0.139115,0.129309,0.455072,0.003252,-207.006070,3.180680,1396041.839372,1161964.151313,2307282.192069,207665.739866,1090450.691091,367.190113,98.318664,209.679600,30.097550,36.117060,85.276392,23.074789,49.159332,7.022762,8.026013,522.694123,140.455234,298.968999,43.139822,51.165835,3.000000,2.000000,3.000000,0.000000,1.000000,0.000000,1.000000,2.000000,0.000000,1.000000,0.000000,1.000000,3.000000,0.000000,1.000000,1553.000000,438.000000,932.000000,136.000000,161.000000,5.000000,
0.049596,0.990931,0.139115,0.129309,0.455072,0.003252,-207.006070,3.180680,1396041.839372,1161964.151313,2307282.192069,207665.739866,1090450.691091,367.190113,98.318664,209.679600,30.097550,36.117060,85.276392,23.074789,49.159332,7.022762,8.026013,522.694123,140.455234,298.968999,43.139822,51.165835,3.000000,2.000000,3.000000,0.000000,1.000000,0.000000,1.000000,2.000000,0.000000,1.000000,0.000000,1.000000,3.000000,0.000000,1.000000,1553.000000,438.000000,932.000000,136.000000,161.000000,5.000000,
0.049596,0.990931,0.139115,0.129309,0.455072,0.003252,-207.006070,3.180680,1396041.839372,1161964.151313,2307282.192069,207665.739866,1090450.691091,367.190113,98.318664,209.679600,30.097550,36.117060,85.276392,23.074789,49.159332,7.022762,8.026013,522.694123,140.455234,298.968999,43.139822,51.165835,3.000000,2.000000,3.000000,0.000000,1.000000,0.000000,1.000000,2.000000,0.000000,1.000000,0.000000,1.000000,3.000000,0.000000,1.000000,1553.000000,438.000000,932.000000,136.000000,161.000000,5.000000,
0.049596,0.990931,0.139115,0.129309,0.455072,0.003252,-207.006070,3.180680,1396041.839372,1161964.151313,2307282.192069,207665.739866,1090450.691091,367.190113,98.318664,209.679600,30.097550,36.117060,85.276392,23.074789,49.159332,7.022762,8.026013,522.694123,140.455234,298.968999,43.139822,51.165835,3.000000,2.000000,3.000000,0.000000,1.000000,0.000000,1.000000,2.000000,0.000000,1.000000,0.000000,1.000000,3.000000,0.000000,1.000000,1553.000000,438.000000,932.000000,136.000000,161.000000,5.000000,
0.049669,0.985806,0.137973,0.108895,0.500714,0.002163,-208.165769,3.182809,1396042.897991,1161964.435572,2307282.797616,207665.826995,1090450.794557,366.791497,98.211931,209.451975,30.064877,36.077852,85.183818,23.049739,49.105965,7.015138,8.017300,522.126694,140.302759,298.644443,43.092990,51.110291,3.000000,2.000000,3.000000,0.000000,1.000000,0.000000,1.000000,2.000000,0.000000,1.000000,0.000000,1.000000,3.000000,0.000000,1.000000,1553.000000,438.000000,932.000000,136.000000,161.000000,5.000000,
0.049669,0.985806,0.137973,0.108895,0.500714,0.002163,-208.165769,3.182809,1396042.897991,1161964.435572,2307282.797616,207665.826995,1090450.794557,366.791497,98.211931,209.451975,30.064877,36.077852,85.183818,23.049739,49.105965,7.015138,8.017300,522.126694,140.302759,298.644443,43.092990,51.110291,3.000000,2.000000,3.000000,0.000000,1.000000,0.000000,1.000000,2.000000,0.000000,1.000000,0.000000,1.000000,3.000000,0.000000,1.000000,1553.000000,438.000000,932.000000,136.000000,161.000000,5.000000,
0.049669,0.985806,0.137973,0.108895,0.500714,0.002163,-208.165769,3.182809,1396042.897991,1161964.435572,2307282.797616,207665.826995,1090450.794557,366.791497,98.211931,209.451975,30.064877,36.077852,85.183818,23.049739,49.105965,7.015138,8.017300,522.126694,140.302759,298.644443,43.092990,51.110291,3.000000,2.000000,3.000000,0.000000,1.000000,0.000000,1.000000,2.000000,0.000000,1.000000,0.000000,1.000000,3.000000,0.000000,1.000000,1553.000000,438.000000,932.000000,136.000000,161.000000,5.000000,
0.049669,0.985806,0.137973,0.108895,0.500714,0.002163,-208.165769,3.182809,1396042.897991,1161964.435572,2307282.797616,207665.826995,1090450.794557,366.791497,98.211931,209.451975,30.064877,36.077852,85.183818,23.049739,49.105965,7.015138,8.017300,522.126694,140.302759,298.644443,43.092990,51.110291,3.000000,2.000000,3.000000,0.000000,1.000000,0.000000,1.000000,2.000000,0.000000,1.000000,0.000000,1.000000,3.000000,0.000000,1.000000,1553.000000,438.000000,932.000000,136.000000,161.000000,5.000000,
0.049694,0.995242,0.135384,0.112588,0.508993,0.002346,-207.187687,3.178615,1396042.719865,1161964.387742,2307282.695725,207665.812335,1090450.777147,366.858569,98.229890,209.490276,30.070375,36.084449,85.199395,23.053954,49.114945,7.016421,8.018767,522.222171,140.328414,298.699054,43.100870,51.119637,3.000000,2.000000,3.000000,0.000000,1.000000,0.000000,1.000000,2.000000,0.000000,1.000000,0.000000,1.000000,3.000000,0.000000,1.000000,1553.000000,438.000000,932.000000,136.000000,161.000000,5.000000,
0.049694,0.995242,0.135384,0.112588,0.508993,0.002346,-207.187687,3.178615,1396042.719865,1161964.387742,2307282.695725,207665.812335,1090450.777147,366.858569,98.229890,209.490276,30.070375,36.084449,85.199395,23.053954,49.114945,7.016421,8.018767,522.222171,140.328414,298.699054,43.100870,51.119637,3.000000,2.000000,3.000000,0.000000,1.000000,0.000000,1.000000,2.000000,0.000000,1.000000,0.000000,1.000000,3.000000,0.000000,1.000000,1553.000000,438.000000,932.000000,136.000000,161.000000,5.000000,
0.049694,0.995242,0.135384,0.112588,0.508993,0.002346,-207.187687,3.178615,1396042.719865,1161964.387742,2307282.695725,207665.812335,1090450.777147,366.858569,98.229890,209.490276,30.070375,36.084449,85.199395,23.053954,49.114945,7.016421,8.018767,522.222171,140.328414,298.699054,43.100870,51.119637,3.000000,2.000000,3.000000,0.000000,1.000000,0.000000,1.000000,2.000000,0.000000,1.000000,0.000000,1.000000,3.000000,0.000000,1.000000,1553.000000,438.000000,932.000000,136.000000,161.000000,5.000000,
0.049694,0.995242,0.135384,0.112588,0.508993,0.002346,-207.187687,3.178615,1396042.719865,1161964.387742,2307282.695725,207665.812335,1090450.777147,366.858569,98.229890,209.490276,30.070375,36.084449,85.199395,23.053954,49.114945,7.016421,8.018767,522.222171,140.328414,298.699054,43.100870,51.119637,3.000000,2.000000,3.000000,0.000000,1.000000,0.000000,1.000000,2.000000,0.000000,1.000000,0.000000,1.000000,3.000000,0.000000,1.000000,1553.000000,438.000000,932.000000,136.000000,161.000000,5.000000,
0.049694,0.995242,0.135384,0.112588,0.508993,0.002346,-207.187687,3.178615,1396042.719865,1161964.387742,2307282.695725,207665.812335,1090450.777147,366.858569,98.229890,209.490276,30.070375,36.084449,85.199395,23.053954,49.114945,7.016421,8.018767,522.222171,140.328414,298.699054,43.100870,51.119637,3.000000,2.000000,3.000000,0.000000,1.000000,0.000000,1.000000,2.000000,0.000000,1.000000,0.000000,1.000000,3.000000,0.000000,1.000000,1553.000000,438.000000,932.000000,136.000000,161.000000,5.000000,
0.049694,0.995242,0.135384,0.112588,0.508993,0.002346,-207.187687,3.178615,1396042.719865,1161964.387742,2307282.695725,207665.812335,1090450.777147,366.858569,98.229890,209.490276,30.070375,36.084449,85.199395,23.053954,49.114945,7.016421,8.018767,522.222171,140.328414,298.699054,43.100870,51.119637,3.000000,2.000000,3.000000,0.000000,1.000000,0.000000,1.000000,2.000000,0.000000,1.000000,0.000000,1.000000,3.000000,0.000000,1.000000,1553.000000,438.000000,932.000000,136.000000,161.000000,5.000000,
0.049694,0.995242,0.135384,0.112588,0.508993,0.002346,-207.187687,3.178615,1396042.719865,1161964.387742,2307282.695725,207665.812335,1090450.777147,366.858569,98.229890,209.490276,30.070375,36.084449,85.199395,23.053954,49.114945,7.016421,8.018767,522.222171,140.328414,298.699054,43.100870,51.119637,3.000000,2.000000,3.000000,0.000000,1.000000,0.000000,1.000000,2.000000,0.000000,1.000000,0.000000,1.000000,3.000000,0.000000,1.000000,1553.000000,438.000000,932.000000,136.000000,161.000000,5.000000,
0.049694,0.995242,0.135384,0.112588,0.508993,0.002346,-207.187687,3.178615,1396042.719865,1161964.387742,2307282.695725,207665.812335,1090450.777147,366.858569,98.229890,209.490276,30.070375,36.084449,85.199395,23.053954,49.114945,7.016421,8.018767,522.222171,140.328414,298.699054,43.100870,51.119637,3.000000,2.000000,3.000000,0.000000,1.000000,0.000000,1.000000,2.000000,0.000000,1.000000,0.000000,1.000000,3.000000,0.000000,1.000000,1553.000000,438.000000,932.000000,136.000000,161.000000,5.000000,
0.049694,0.995242,0.135384,0.112588,0.508993,0.002346,-207.187687,3.178615,1396042.719865,1161964.387742,2307282.695725,207665.812335,1090450.777147,366.858569,98.229890,209.490276,30.070375,36.084449,85.199395,23.053954,49.114945,7.016421,8.018767,522.222171,140.328414,298.699054,43.100870,51.119637,3.000000,2.000000,3.000000,0.000000,1.000000,0.000000,1.000000,2.000000,0.000000,1.000000,0.000000,1.000000,3.000000,0.000000,1.000000,1553.000000,438.000000,932.000000,136.000000,161.000000,5.000000,
0.049694,0.995242,0.135384,0.112588,0.508993,0.002346,-207.187687,3.178615,1396042.719865,1161964.387742,2307282.695725,207665.812335,1090450.777147,366.858569,98.229890,209.490276,30.070375,36.084449,85.199395,23.053954,49.114945,7.016421,8.018767,522.222171,140.328414,298.699054,43.100870,51.119637,3.000000,2.000000,3.000000,0.000000,1.000000,0.000000,1.000000,2.000000,0.000000,1.000000,0.000000,1.000000,3.000000,0.000000,1.000000,1553.000000,438.000000,932.000000,136.000000,161.000000,5.000000,
0.049694,0.995242,0.135384,0.112588,0.508993,0.002346,-207.187687,3.178615,1396042.719865,1161964.387742,2307282.695725,207665.812335,1090450.777147,366.858569,98.229890,209.490276,30.070375,36.084449,85.199395,23.053954,49.114945,7.016421,8.018767,522.222171,140.328414,298.699054,43.100870,51.119637,3.000000,2.000000,3.000000,0.000000,1.000000,0.000000,1.000000,2.000000,0.000000,1.000000,0.000000,1.000000,3.000000,0.000000,1.000000,1553.000000,438.000000,932.000000,136.000000,161.000000,5.000000,
0.049694,0.995242,0.135384,0.112588,0.508993,0.002346,-207.187687,3.178615,1396042.719865,1161964.387742,2307282.695725,207665.812335,1090450.777147,366.858569,98.229890,209.490276,30.070375,36.084449,85.199395,23.053954,49.114945,7.016421,8.018767,522.222171,140.328414,298.699054,43.100870,51.119637,3.000000,2.000000,3.000000,0.000000,1.000000,0.000000,1.000000,2.000000,0.000000,1.000000,0.000000,1.000000,3.000000,0.000000,1.000000,1553.000000,438.000000,932.000000,136.000000,161.000000,5.000000,
0.049634,0.996808,0.139612,0.117672,0.477372,0.003034,-205.470274,3.184216,1396042.050772,1161964.208078,2307282.312993,207665.757265,1090450.711752,367.110512,98.297350,209.634145,30.091026,36.109231,85.257906,23.069786,49.148675,7.021239,8.024273,522.580810,140.424786,298.904187,43.130470,51.154743,3.000000,2.000000,3.000000,0.000000,1.000000,0.000000,1.000000,2.000000,0.000000,1.000000,0.000000,1.000000,3.000000,0.000000,1.000000,1553.000000,438.000000,932.000000,136.000000,161.000000,5.000000,
0.049642,0.999104,0.140748,0.103188,0.502785,0.003142,-204.595513,3.187283,1396041.945899,1161964.179917,2307282.253004,207665.748634,1090450.701502,367.150001,98.307924,209.656695,30.094262,36.113115,85.267077,23.072268,49.153962,7.021995,8.025137,522.637023,140.439891,298.936340,43.135109,51.160246,3.000000,2.000000,3.000000,0.000000,1.000000,0.000000,1.000000,2.000000,0.000000,1.000000,0.000000,1.000000,3.000000,0.000000,1.000000,1553.000000,438.000000,932.000000,136.000000,161.000000,5.000000,
0.049642,0.999104,0.140748,0.103188,0.502785,0.003142,-204.595513,3.187283,1396041.945899,1161964.179917,2307282.253004,207665.748634,1090450.701502,367.150001,98.307924,209.656695,30.094262,36.113115,85.267077,23.072268,49.153962,7.021995,8.025137,522.637023,140.439891,298.936340,43.135109,51.160246,3.000000,2.000000,3.000000,0.000000,1.000000,0.000000,1.000000,2.000000,0.000000,1.000000,0.000000,1.000000,3.000000,0.000000,1.000000,1553.000000,438.000000,932.000000,136.000000,161.000000,5.000000,
0.049642,0.999104,0.140748,0.103188,0.502785,0.003142,-204.595513,3.187283,1396041.945899,1161964.179917,2307282.253004,207665.748634,1090450.701502,367.150001,98.307924,209.656695,30.094262,36.113115,85.267077,23.072268,49.153962,7.021995,8.025137,522.637023,140.439891,298.936340,43.135109,51.160246,3.000000,2.000000,3.000000,0.000000,1.000000,0.000000,1.000000,2.000000,0.000000,1.000000,0.000000,1.000000,3.000000,0.000000,1.000000,1553.000000,438.000000,932.000000,136.000000,161.000000,5.000000,
0.049642,0.999104,0.140748,0.103188,0.502785,0.003142,-204.595513,3.187283,1396041.945899,1161964.179917,2307282.253004,207665.748634,1090450.701502,367.150001,98.307924,209.656695,30.094262,36.113115,85.267077,23.072268,49.153962,7.021995,8.025137,522.637023,140.439891,298.936340,43.135109,51.160246,3.000000,2.000000,3.000000,0.000000,1.000000,0.000000,1.000000,2.000000,0.000000,1.000000,0.000000,1.000000,3.000000,0.000000,1.000000,1553.000000,438.000000,932.000000,136.000000,161.000000,5.000000,
0.049642,0.999104,0.140748,0.103188,0.502785,0.003142,-204.595513,3.187283,1396041.945899,1161964.179917,2307282.253004,207665.748634,1090450.701502,367.150001,98.307924,209.656695,30.094262,36.113115,85.267077,23.072268,49.153962,7.021995,8.025137,522.637023,140.439891,298.936340,43.135109,51.160246,3.000000,2.000000,3.000000,0.000000,1.000000,0.000000,1.000000,2.000000,0.000000,1.000000,0.000000,1.000000,3.000000,0.000000,1.000000,1553.000000,438.000000,932.000000,136.000000,161.000000,5.000000,
0.049642,0.999104,0.140748,0.103188,0.502785,0.003142,-204.595513,3.187283,1396041.945899,1161964.179917,2307282.253004,207665.748634,1090450.701502,367.150001,98.307924,209.656695,30.094262,36.113115,85.267077,23.072268,49.153962,7.021995,8.025137,522.637023,140.439891,298.936340,43.135109,51.160246,3.000000,2.000000,3.000000,0.000000,1.000000,0.000000,1.000000,2.000000,0.000000,1.000000,0.000000,1.000000,3.000000,0.000000,1.000000,1553.000000,438.000000,932.000000,136.000000,161.000000,5.000000,
0.049642,0.999104,0.140748,0.103188,0.502785,0.003142,-204.595513,3.187283,1396041.945899,1161964.179917,2307282.253004,207665.748634,1090450.701502,367.150001,98.307924,209.656695,30.094262,36.113115,85.267077,23.072268,49.153962,7.021995,8.025137,522.637023,140.439891,298.936340,43.135109,51.160246,3.000000,2.000000,3.000000,0.000000,1.000000,0.000000,1.000000,2.000000,0.000000,1.000000,0.000000,1.000000,3.000000,0.000000,1.000000,1553.000000,438.000000,932.000000,136.000000,161.000000,5.000000,
0.049642,0.999104,0.140748,0.103188,0.502785,0.003142,-204.595513,3.187283,1396041.945899,1161964.179917,2307282.253004,207665.748634,1090450.701502,367.150001,98.307924,209.656695,30.094262,36.113115,85.267077,23.072268,49.153962,7.021995,8.025137,522.637023,140.439891,298.936340,43.135109,51.160246,3.000000,2.000000,3.000000,0.000000,1.000000,0.000000,1.000000,2.000000,0.000000,1.000000,0.000000,1.000000,3.000000,0.000000,1.000000,1553.000000,438.000000,932.000000,136.000000,161.000000,5.000000,
0.049642,0.999104,0.140748,0.103188,0.502785,0.003142,-204.595513,3.187283,1396041.945899,1161964.179917,2307282.253004,207665.748634,1090450.701502,367.150001,98.307924,209.656695,30.094262,36.113115,85.267077,23.072268,49.153962,7.021995,8.025137,522.637023,140.439891,298.936340,43.135109,51.160246,3.000000,2.000000,3.000000,0.000000,1.000000,0.000000,1.000000,2.000000,0.000000,1.000000,0.000000,1.000000,3.000000,0.000000,1.000000,1553.000000,438.000000,932.000000,136.000000,161.000000,5.000000,
0.049642,0.999104,0.140748,0.103188,0.502785,0.003142,-204.595513,3.187283,1396041.945899,1161964.179917,2307282.253004,207665.748634,1090450.701502,367.150001,98.307924,209.656695,30.094262,36.113115,85.267077,23.072268,49.153962,7.021995,8.025137,522.637023,140.439891,298.936340,43.135109,51.160246,3.000000,2.000000,3.000000,0.000000,1.000000,0.000000,1.000000,2.000000,0.000000,1.000000,0.000000,1.000000,3.000000,0.000000,1.000000,1553.000000,438.000000,932.000000,136.000000,161.000000,5.000000,
0.049642,0.999104,0.140748,0.103188,0.502785,0.003142,-204.595513,3.187283,1396041.945899,1161964.179917,2307282.253004,207665.748634,1090450.701502,367.150001,98.307924,209.656695,30.094262,36.113115,85.267077,23.072268,49.153962,7.021995,8.025137,522.637023,140.439891,298.936340,43.135109,51.160246,3.000000,2.000000,3.000000,0.000000,1.000000,0.000000,1.000000,2.000000,0.000000,1.000000,0.000000,1.000000,3.000000,0.000000,1.000000,1553.000000,438.000000,932.000000,136.000000,161.000000,5.000000,
0.049642,0.999104,0.140748,0.103188,0.502785,0.003142,-204.595513,3.187283,1396041.945899,1161964.179917,2307282.253004,207665.748634,1090450.701502,367.150001,98.307924,209.656695,30.094262,36.113115,85.267077,23.072268,49.153962,7.021995,8.025137,522.637023,140.439891,298.936340,43.135109,51.160246,3.000000,2.000000,3.000000,0.000000,1.000000,0.000000,1.000000,2.000000,0.000000,1.000000,0.000000,1.000000,3.000000,0.000000,1.000000,1553.000000,438.000000,932.000000,136.000000,161.000000,5.000000,
0.049642,0.999104,0.140748,0.103188,0.502785,0.003142,-204.595513,3.187283,1396041.945899,1161964.179917,2307282.253004,207665.748634,1090450.701502,367.150001,98.307924,209.656695,30.094262,36.113115,85.267077,23.072268,49.153962,7.021995,8.025137,522.637023,140.439891,298.936340,43.135109,51.160246,3.000000,2.000000,3.000000,0.000000,1.000000,0.000000,1.000000,2.000000,0.000000,1.000000,0.000000,1.000000,3.000000,0.000000,1.000000,1553.000000,438.000000,932.000000,136.000000,161.000000,5.000000,
0.049642,0.999104,0.140748,0.103188,0.502785,0.003142,-204.595513,3.187283,1396041.945899,1161964.179917,2307282.253004,207665.748634,1090450.701502,367.150001,98.307924,209.656695,30.094262,36.113115,85.267077,23.072268,49.153962,7.021995,8.025137,522.637023,140.439891,298.936340,43.135109,51.160246,3.000000,2.000000,3.000000,0.000000,1.000000,0.000000,1.000000,2.000000,0.000000,1.000000,0.000000,1.000000,3.000000,0.000000,1.000000,1553.000000,438.000000,932.000000,136.000000,161.000000,5.000000,
0.049638,0.996382,0.139257,0.123098,0.465512,0.003579,-205.938927,3.183706,1396041.521510,1161964.065961,2307282.010247,207665.713705,1090450.660024,367.309802,98.350712,209.747947,30.107361,36.128833,85.304189,23.082310,49.175356,7.025051,8.028630,522.864499,140.501017,299.066451,43.153884,51.182513,3.000000,2.000000,3.000000,0.000000,1.000000,0.000000,1.000000,2.000000,0.000000,1.000000,0.000000,1.000000,3.000000,0.000000,1.000000,1553.000000,438.000000,932.000000,136.000000,161.000000,5.000000,
0.049568,0.996169,0.140466,0.147742,0.410180,0.004622,-206.122209,3.181933,1396040.507001,1161963.793547,2307281.429931,207665.630206,1090450.560869,367.691808,98.452998,209.966087,30.138673,36.166407,85.392906,23.106316,49.226499,7.032357,8.036979,523.408284,140.647140,299.377483,43.198764,51.235744,3.000000,2.000000,3.000000,0.000000,1.000000,0.000000,1.000000,2.000000,0.000000,1.000000,0.000000,1.000000,3.000000,0.000000,1.000000,1553.000000,438.000000,932.000000,136.000000,161.000000,5.000000,
0.049537,0.997878,0.141254,0.140397,0.423841,0.005437,-205.519109,3.181672,1396039.715715,1161963.581072,2307280.977302,207665.565079,1090450.483532,367.989762,98.532778,210.136230,30.163095,36.195714,85.462103,23.125040,49.266389,7.038056,8.043492,523.832420,140.761111,299.620079,43.233770,51.277262,3.000000,2.000000,3.000000,0.000000,1.000000,0.000000,1.000000,2.000000,0.000000,1.000000,0.000000,1.000000,3.000000,0.000000,1.000000,1553.000000,438.000000,932.000000,136.000000,161.000000,5.000000,
0.049537,0.997878,0.141254,0.140397,0.423841,0.005437,-205.519109,3.181672,1396039.715715,1161963.581072,2307280.977302,207665.565079,1090450.483532,367.989762,98.532778,210.136230,30.163095,36.195714,85.462103,23.125040,49.266389,7.038056,8.043492,523.832420,140.761111,299.620079,43.233770,51.277262,3.000000,2.000000,3.000000,0.000000,1.000000,0.000000,1.000000,2.000000,0.000000,1.000000,0.000000,1.000000,3.000000,0.000000,1.000000,1553.000000,438.000000,932.000000,136.000000,161.000000,5.000000,
0.049537,0.997878,0.141254,0.140397,0.423841,0.005437,-205.519109,3.181672,1396039.715715,1161963.581072,2307280.977302,207665.565079,1090450.483532,367.989762,98.532778,210.136230,30.163095,36.195714,85.462103,23.125040,49.266389,7.038056,8.043492,523.832420,140.761111,299.620079,43.233770,51.277262,3.000000,2.000000,3.000000,0.000000,1.000000,0.000000,1.000000,2.000000,0.000000,1.000000,0.000000,1.000000,3.000000,0.000000,1.000000,1553.000000,438.000000,932.000000,136.000000,161.000000,5.000000,
0.049537,0.997878,0.141254,0.140397,0.423841,0.005437,-205.519109,3.181672,1396039.715715,1161963.581072,2307280.977302,207665.565079,1090450.483532,367.989762,98.532778,210.136230,30.163095,36.195714,85.462103,23.125040,49.266389,7.038056,8.043492,523.832420,140.761111,299.620079,43.233770,51.277262,3.000000,2.000000,3.000000,0.000000,1.000000,0.000000,1.000000,2.000000,0.000000,1.000000,0.000000,1.000000,3.000000,0.000000,1.000000,1553.000000,438.000000,932.000000,136.000000,161.000000,5.000000,
0.049537,0.997878,0.141254,0.140397,0.423841,0.005437,-205.519109,3.181672,1396039.715715,1161963.581072,2307280.977302,207665.565079,1090450.483532,367.989762,98.532778,210.136230,30.163095,36.195714,85.462103,23.125040,49.266389,7.038056,8.043492,523.832420,140.761111,299.620079,43.233770,51.277262,3.000000,2.000000,3.000000,0.000000,1.000000,0.000000,1.000000,2.000000,0.000000,1.000000,0.000000,1.000000,3.000000,0.000000,1.000000,1553.000000,438.000000,932.000000,136.000000,161.000000,5.000000,
0.049537,0.997878,0.141254,0.140397,0.423841,0.005437,-205.519109,3.181672,1396039.715715,1161963.581072,2307280.977302,207665.565079,1090450.483532,367.989762,98.532778,210.136230,30.163095,36.195714,85.462103,23.125040,49.266389,7.038056,8.043492,523.832420,140.761111,299.620079,43.233770,51.277262,3.000000,2.000000,3.000000,0.000000,1.000000,0.000000,1.000000,2.000000,0.000000,1.000000,0.000000,1.000000,3.000000,0.000000,1.000000,1553.000000,438.000000,932.000000,136.000000,161.000000,5.000000,
0.049537,0.997878,0.141254,0.140397,0.423841,0.005437,-205.519109,3.181672,1396039.715715,1161963.581072,2307280.977302,207665.565079,1090450.483532,367.989762,98.532778,210.136230,30.163095,36.195714,85.462103,23.125040,49.266389,7.038056,8.043492,523.832420,140.761111,299.620079,43.233770,51.277262,3.000000,2.000000,3.000000,0.000000,1.000000,0.000000,1.000000,2.000000,0.000000,1.000000,0.000000,1.000000,3.000000,0.000000,1.000000,1553.000000,438.000000,932.000000,136.000000,161.000000,5.000000,
0.049537,0.997878,0.141254,0.140397,0.423841,0.005437,-205.519109,3.181672,1396039.715715,1161963.581072,2307280.977302,207665.565079,1090450.483532,367.989762,98.532778,210.136230,30.163095,36.195714,85.462103,23.125040,49.266389,7.038056,8.043492,523.832420,140.761111,299.620079,43.233770,51.277262,3.000000,2.000000,3.000000,0.000000,1.000000,0.000000,1.000000,2.000000,0.000000,1.000000,0.000000,1.000000,3.000000,0.000000,1.000000,1553.000000,438.000000,932.000000,136.000000,161.000000,5.000000,
0.049537,0.997878,0.141254,0.140397,0.423841,0.005437,-205.519109,3.181672,1396039.715715,1161963.581072,2307280.977302,207665.565079,1090450.483532,367.989762,98.532778,210.136230,30.163095,36.195714,85.462103,23.125040,49.266389,7.038056,8.043492,523.832420,140.761111,299.620079,43.233770,51.277262,3.000000,2.000000,3.000000,0.000000,1.000000,0.000000,1.000000,2.000000,0.000000,1.000000,0.000000,1.000000,3.000000,0.000000,1.000000,1553.000000,438.000000,932.000000,136.000000,161.000000,5.000000,
0.049537,0.997878,0.141254,0.140397,0.423841,0.005437,-205.519109,3.181672,1396039.715715,1161963.581072,2307280.977302,207665.565079,1090450.483532,367.989762,98.532778,210.136230,30.163095,36.195714,85.462103,23.125040,49.266389,7.038056,8.043492,523.832420,140.761111,299.620079,43.233770,51.277262,3.000000,2.000000,3.000000,0.000000,1.000000,0.000000,1.000000,2.000000,0.000000,1.000000,0.000000,1.000000,3.000000,0.000000,1.000000,1553.000000,438.000000,932.000000,136.000000,161.000000,5.000000,
0.049537,0.997878,0.141254,0.140397,0.423841,0.005437,-205.519109,3.181672,1396039.715715,1161963.581072,2307280.977302,207665.565079,1090450.483532,367.989762,98.532778,210.136230,30.163095,36.195714,85.462103,23.125040,49.266389,7.038056,8.043492,523.832420,140.761111,299.620079,43.233770,51.277262,3.000000,2.000000,3.000000,0.000000,1.000000,0.000000,1.000000,2.000000,0.000000,1.000000,0.000000,1.000000,3.000000,0.000000,1.000000,1553.000000,438.000000,932.000000,136.000000,161.000000,5.000000,
0.049537,0.997878,0.141254,0.140397,0.423841,0.005437,-205.519109,3.181672,1396039.715715,1161963.581072,2307280.977302,207665.565079,1090450.483532,367.989762,98.532778,210.136230,30.163095,36.195714,85.462103,23.125040,49.266389,7.038056,8.043492,523.832420,140.761111,299.620079,43.233770,51.277262,3.000000,2.000000,3.000000,0.000000,1.000000,0.000000,1.000000,2.000000,0.000000,1.000000,0.000000,1.000000,3.000000,0.000000,1.000000,1553.000000,438.000000,932.000000,136.000000,161.000000,5.000000,
0.049537,0.997878,0.141254,0.140397,0.423841,0.005437,-205.519109,3.181672,1396039.715715,1161963.581072,2307280.977302,207665.565079,1090450.483532,367.989762,98.532778,210.136230,30.163095,36.195714,85.462103,23.125040,49.266389,7.038056,8.043492,523.832420,140.761111,299.620079,43.233770,51.277262,3.000000,2.000000,3.000000,0.000000,1.000000,0.000000,1.000000,2.000000,0.000000,1.000000,0.000000,1.000000,3.000000,0.000000,1.000000,1553.000000,438.000000,932.000000,136.000000,161.000000,5.000000,
0.049537,0.997878,0.141254,0.140397,0.423841,0.005437,-205.519109,3.181672,1396039.715715,1161963.581072,2307280.977302,207665.565079,1090450.483532,367.989762,98.532778,210.136230,30.163095,36.195714,85.462103,23.125040,49.266389,7.038056,8.043492,523.832420,140.761111,299.620079,43.233770,51.277262,3.000000,2.000000,3.000000,0.000000,1.000000,0.000000,1.000000,2.000000,0.000000,1.000000,0.000000,1.000000,3.000000,0.000000,1.000000,1553.000000,438.000000,932.000000,136.000000,161.000000,5.000000,
0.049537,0.997878,0.141254,0.140397,0.423841,0.005437,-205.519109,3.181672,1396039.715715,1161963.581072,2307280.977302,207665.565079,1090450.483532,367.989762,98.532778,210.136230,30.163095,36.195714,85.462103,23.125040,49.266389,7.038056,8.043492,523.832420,140.761111,299.620079,43.233770,51.277262,3.000000,2.000000,3.000000,0.000000,1.000000,0.000000,1.000000,2.000000,0.000000,1.000000,0.000000,1.000000,3.000000,0.000000,1.000000,1553.000000,438.000000,932.000000,136.000000,161.000000,5.000000,
0.049504,0.999937,0.141020,0.155110,0.398274,0.006398,-205.313239,3.179058,1396038.781378,1161963.330185,2307280.442846,207665.488179,1090450.392213,368.341580,98.626980,210.337132,30.191933,36.230319,85.543809,23.147148,49.313490,7.044784,8.051182,524.333232,140.895686,299.906532,43.275104,51.326286,3.000000,2.000000,3.000000,0.000000,1.000000,0.000000,1.000000,2.000000,0.000000,1.000000,0.000000,1.000000,3.000000,0.000000,1.000000,1553.000000,438.000000,932.000000,136.000000,161.000000,5.000000,
0.049504,0.999937,0.141020,0.155110,0.398274,0.006398,-205.313239,3.179058,1396038.781378,1161963.330185,2307280.442846,207665.488179,1090450.392213,368.341580,98.626980,210.337132,30.191933,36.230319,85.543809,23.147148,49.313490,7.044784,8.051182,524.333232,140.895686,299.906532,43.275104,51.326286,3.000000,2.000000,3.000000,0.000000,1.000000,0.000000,1.000000,2.000000,0.000000,1.000000,0.000000,1.000000,3.000000,0.000000,1.000000,1553.000000,438.000000,932.000000,136.000000,161.000000,5.000000,
0.049504,0.999937,0.141020,0.155110,0.398274,0.006398,-205.313239,3.179058,1396038.781378,1161963.330185,2307280.442846,207665.488179,1090450.392213,368.341580,98.626980,210.337132,30.191933,36.230319,85.543809,23.147148,49.313490,7.044784,8.051182,524.333232,140.895686,299.906532,43.275104,51.326286,3.000000,2.000000,3.000000,0.000000,1.000000,0.000000,1.000000,2.000000,0.000000,1.000000,0.000000,1.000000,3.000000,0.000000,1.000000,1553.000000,438.000000,932.000000,136.000000,161.000000,5.000000,
0.049504,0.999937,0.141020,0.155110,0.398274,0.006398,-205.313239,3.179058,1396038.781378,1161963.330185,2307280.442846,207665.488179,1090450.392213,368.341580,98.626980,210.337132,30.191933,36.230319,85.543809,23.147148,49.313490,7.044784,8.051182,524.333232,140.895686,299.906532,43.275104,51.326286,3.000000,2.000000,3.000000,0.000000,1.000000,0.000000,1.000000,2.000000,0.000000,1.000000,0.000000,1.000000,3.000000,0.000000,1.000000,1553.000000,438.000000,932.000000,136.000000,161.000000,5.000000,
0.049504,0.999937,0.141020,0.155110,0.398274,0.006398,-205.313239,3.179058,1396038.781378,1161963.330185,2307280.442846,207665.488179,1090450.392213,368.341580,98.626980,210.337132,30.191933,36.230319,85.543809,23.147148,49.313490,7.044784,8.051182,524.333232,140.895686,299.906532,43.275104,51.326286,3.000000,2.000000,3.000000,0.000000,1.000000,0.000000,1.000000,2.000000,0.000000,1.000000,0.000000,1.000000,3.000000,0.000000,1.000000,1553.000000,438.000000,932.000000,136.000000,161.000000,5.000000,
0.049504,0.999937,0.141020,0.155110,0.398274,0.006398,-205.313239,3.179058,1396038.781378,1161963.330185,2307280.442846,207665.488179,1090450.392213,368.341580,98.626980,210.337132,30.191933,36.230319,85.543809,23.147148,49.313490,7.044784,8.051182,524.333232,140.895686,299.906532,43.275104,51.326286,3.000000,2.000000,3.000000,0.000000,1.000000,0.000000,1.000000,2.000000,0.000000,1.000000,0.000000,1.000000,3.000000,0.000000,1.000000,1553.000000,438.000000,932.000000,136.000000,161.000000,5.000000,
0.049504,0.999937,0.141020,0.155110,0.398274,0.006398,-205.313239,3.179058,1396038.781378,1161963.330185,2307280.442846,207665.488179,1090450.392213,368.341580,98.626980,210.337132,30.191933,36.230319,85.543809,23.147148,49.313490,7.044784,8.051182,524.333232,140.895686,299.906532,43.275104,51.326286,3.000000,2.000000,3.000000,0.000000,1.000000,0.000000,1.000000,2.000000,0.000000,1.000000,0.000000,1.000000,3.000000,0.000000,1.000000,1553.000000,438.000000,932.000000,136.000000,161.000000,5.000000,
0.049504,0.999937,0.141020,0.155110,0.398274,0.006398,-205.313239,3.179058,1396038.781378,1161963.330185,2307280.442846,207665.488179,1090450.392213,368.341580,98.626980,210.337132,30.191933,36.230319,85.543809,23.147148,49.313490,7.044784,8.051182,524.333232,140.895686,299.906532,43.275104,51.326286,3.000000,2.000000,3.000000,0.000000,1.000000,0.000000,1.000000,2.000000,0.000000,1.000000,0.000000,1.000000,3.000000,0.000000,1.000000,1553.000000,438.000000,932.000000,136.000000,161.000000,5.000000,
0.049504,0.999937,0.141020,0.155110,0.398274,0.006398,-205.313239,3.179058,1396038.781378,1161963.330185,2307280.442846,207665.488179,1090450.392213,368.341580,98.626980,210.337132,30.191933,36.230319,85.543809,23.147148,49.313490,7.044784,8.051182,524.333232,140.895686,299.906532,43.275104,51.326286,3.000000,2.000000,3.000000,0.000000,1.000000,0.000000,1.000000,2.000000,0.000000,1.000000,0.000000,1.000000,3.000000,0.000000,1.000000,1553.000000,438.000000,932.000000,136.000000,161.000000,5.000000,
0.049504,0.999937,0.141020,0.155110,0.398274,0.006398,-205.313239,3.179058,1396038.781378,1161963.330185,2307280.442846,207665.488179,1090450.392213,368.341580,98.626980,210.337132,30.191933,36.230319,85.543809,23.147148,49.313490,7.044784,8.051182,524.333232,140.895686,299.906532,43.275104,51.326286,3.000000,2.000000,3.000000,0.000000,1.000000,0.000000,1.000000,2.000000,0.000000,1.000000,0.000000,1.000000,3.000000,0.000000,1.000000,1553.000000,438.000000,932.000000,136.000000,161.000000,5.000000,
0.049504,0.999937,0.141020,0.155110,0.398274,0.006398,-205.313239,3.179058,1396038.781378,1161963.330185,2307280.442846,207665.488179,1090450.392213,368.341580,98.626980,210.337132,30.191933,36.230319,85.543809,23.147148,49.313490,7.044784,8.051182,524.333232,140.895686,299.906532,43.275104,51.326286,3.000000,2.000000,3.000000,0.000000,1.000000,0.000000,1.000000,2.000000,0.000000,1.000000,0.000000,1.000000,3.000000,0.000000,1.000000,1553.000000,438.000000,932.000000,136.000000,161.000000,5.000000,
0.049504,0.999937,0.141020,0.155110,0.398274,0.006398,-205.313239,3.179058,1396038.781378,1161963.330185,2307280.442846,207665.488179,1090450.392213,368.341580,98.626980,210.337132,30.191933,36.230319,85.543809,23.147148,49.313490,7.044784,8.051182,524.333232,140.895686,299.906532,43.275104,51.326286,3.000000,2.000000,3.000000,0.000000,1.000000,0.000000,1.000000,2.000000,0.000000,1.000000,0.000000,1.000000,3.000000,0.000000,1.000000,1553.000000,438.000000,932.000000,136.000000,161.000000,5.000000,
0.049504,0.999937,0.141020,0.155110,0.398274,0.006398,-205.313239,3.179058,1396038.781378,1161963.330185,2307280.442846,207665.488179,1090450.392213,368.341580,98.626980,210.337132,30.191933,36.230319,85.543809,23.147148,49.313490,7.044784,8.051182,524.333232,140.895686,299.906532,43.275104,51.326286,3.000000,2.000000,3.000000,0.000000,1.000000,0.000000,1.000000,2.000000,0.000000,1.000000,0.000000,1.000000,3.000000,0.000000,1.000000,1553.000000,438.000000,932.000000,136.000000,161.000000,5.000000,
0.049504,0.999937,0.141020,0.155110,0.398274,0.006398,-205.313239,3.179058,1396038.781378,1161963.330185,2307280.442846,207665.488179,1090450.392213,368.341580,98.626980,210.337132,30.191933,36.230319,85.543809,23.147148,49.313490,7.044784,8.051182,524.333232,140.895686,299.906532,43.275104,51.326286,3.000000,2.000000,3.000000,0.000000,1.000000,0.000000,1.000000,2.000000,0.000000,1.000000,0.000000,1.000000,3.000000,0.000000,1.000000,1553.000000,438.000000,932.000000,136.000000,161.000000,5.000000,
0.049504,0.999937,0.141020,0.155110,0.398274,0.006398,-205.313239,3.179058,1396038.781378,1161963.330185,2307280.442846,207665.488179,1090450.392213,368.341580,98.626980,210.337132,30.191933,36.230319,85.543809,23.147148,49.313490,7.044784,8.051182,524.333232,140.895686,299.906532,43.275104,51.326286,3.000000,2.000000,3.000000,0.000000,1.000000,0.000000,1.000000,2.000000,0.000000,1.000000,0.000000,1.000000,3.000000,0.000000,1.000000,1553.000000,438.000000,932.000000,136.000000,161.000000,5.000000,
0.049504,0.999937,0.141020,0.155110,0.398274,0.006398,-205.313239,3.179058,1396038.781378,1161963.330185,2307280.442846,207665.488179,1090450.392213,368.341580,98.626980,210.337132,30.191933,36.230319,85.543809,23.147148,49.313490,7.044784,8.051182,524.333232,140.895686,299.906532,43.275104,51.326286,3.000000,2.000000,3.000000,0.000000,1.000000,0.000000,1.000000,2.000000,0.000000,1.000000,0.000000,1.000000,3.000000,0.000000,1.000000,1553.000000,438.000000,932.000000,136.000000,161.000000,5.000000,
0.049504,0.999937,0.141020,0.155110,0.398274,0.006398,-205.313239,3.179058,1396038.781378,1161963.330185,2307280.442846,207665.488179,1090450.392213,368.341580,98.626980,210.337132,30.191933,36.230319,85.543809,23.147148,49.313490,7.044784,8.051182,524.333232,140.895686,299.906532,43.275104,51.326286,3.000000,2.000000,3.000000,0.000000,1.000000,0.000000,1.000000,2.000000,0.000000,1.000000,0.000000,1.000000,3.000000,0.000000,1.000000,1553.000000,438.000000,932.000000,136.000000,161.000000,5.000000,
0.049504,0.999937,0.141020,0.155110,0.398274,0.006398,-205.313239,3.179058,1396038.781378,1161963.330185,2307280.442846,207665.488179,1090450.392213,368.341580,98.626980,210.337132,30.191933,36.230319,85.543809,23.147148,49.313490,7.044784,8.051182,524.333232,140.895686,299.906532,43.275104,51.326286,3.000000,2.000000,3.000000,0.000000,1.000000,0.000000,1.000000,2.000000,0.000000,1.000000,0.000000,1.000000,3.000000,0.000000,1.000000,1553.000000,438.000000,932.000000,136.000000,161.000000,5.000000,
0.049514,0.997127,0.137635,0.157488,0.411210,0.006556,-206.863512,3.172107,1396038.627927,1161963.288980,2307280.355069,207665.475550,1090450.377215,368.399361,98.642452,210.370127,30.196669,36.236003,85.557229,23.150780,49.321226,7.045889,8.052445,524.415484,140.917788,299.953578,43.281892,51.334337,3.000000,2.000000,3.000000,0.000000,1.000000,0.000000,1.000000,2.000000,0.000000,1.000000,0.000000,1.000000,3.000000,0.000000,1.000000,1553.000000,438.000000,932.000000,136.000000,161.000000,5.000000,
0.049508,0.996544,0.140143,0.132582,0.455752,0.006462,-205.700488,3.177374,1396038.719125,1161963.313469,2307280.407236,207665.483056,1090450.386129,368.365021,98.633257,210.350517,30.193854,36.232625,85.549253,23.148622,49.316628,7.045233,8.051694,524.366600,140.904653,299.925618,43.277858,51.329552,3.000000,2.000000,3.000000,0.000000,1.000000,0.000000,1.000000,2.000000,0.000000,1.000000,0.000000,1.000000,3.000000,0.000000,1.000000,1553.000000,438.000000,932.000000,136.000000,161.000000,5.000000,
0.049536,0.988582,0.141325,0.142029,0.421067,0.006861,-207.554463,3.181819,1396038.330734,1161963.209179,2307280.185070,207665.451089,1090450.348168,368.511267,98.672416,210.434029,30.205842,36.247010,85.583218,23.157812,49.336208,7.048030,8.054891,524.574781,140.960594,300.044693,43.295040,51.349931,3.000000,2.000000,3.000000,0.000000,1.000000,0.000000,1.000000,2.000000,0.000000,1.000000,0.000000,1.000000,3.000000,0.000000,1.000000,1553.000000,438.000000,932.000000,136.000000,161.000000,5.000000,
0.049536,0.988582,0.141325,0.142029,0.421067,0.006861,-207.554463,3.181819,1396038.330734,1161963.209179,2307280.185070,207665.451089,1090450.348168,368.511267,98.672416,210.434029,30.205842,36.247010,85.583218,23.157812,49.336208,7.048030,8.054891,524.574781,140.960594,300.044693,43.295040,51.349931,3.000000,2.000000,3.000000,0.000000,1.000000,0.000000,1.000000,2.000000,0.000000,1.000000,0.000000,1.000000,3.000000,0.000000,1.000000,1553.000000,438.000000,932.000000,136.000000,161.000000,5.000000,
0.049536,0.988582,0.141325,0.142029,0.421067,0.006861,-207.554463,3.181819,1396038.330734,1161963.209179,2307280.185070,207665.451089,1090450.348168,368.511267,98.672416,210.434029,30.205842,36.247010,85.583218,23.157812,49.336208,7.048030,8.054891,524.574781,140.960594,300.044693,43.295040,51.349931,3.000000,2.000000,3.000000,0.000000,1.000000,0.000000,1.000000,2.000000,0.000000,1.000000,0.000000,1.000000,3.000000,0.000000,1.000000,1553.000000,438.000000,932.000000,136.000000,161.000000,5.000000,
0.049536,0.988582,0.141325,0.142029,0.421067,0.006861,-207.554463,3.181819,1396038.330734,1161963.209179,2307280.185070,207665.451089,1090450.348168,368.511267,98.672416,210.434029,30.205842,36.247010,85.583218,23.157812,49.336208,7.048030,8.054891,524.574781,140.960594,300.044693,43.295040,51.349931,3.000000,2.000000,3.000000,0.000000,1.000000,0.000000,1.000000,2.000000,0.000000,1.000000,0.000000,1.000000,3.000000,0.000000,1.000000,1553.000000,438.000000,932.000000,136.000000,161.000000,5.000000,
0.049536,0.988582,0.141325,0.142029,0.421067,0.006861,-207.554463,3.181819,1396038.330734,1161963.209179,2307280.185070,207665.451089,1090450.348168,368.511267,98.672416,210.434029,30.205842,36.247010,85.583218,23.157812,49.336208,7.048030,8.054891,524.574781,140.960594,300.044693,43.295040,51.349931,3.000000,2.000000,3.000000,0.000000,1.000000,0.000000,1.000000,2.000000,0.000000,1.000000,0.000000,1.000000,3.000000,0.000000,1.000000,1553.000000,438.000000,932.000000,136.000000,161.000000,5.000000,
0.049536,0.988582,0.141325,0.142029,0.421067,0.006861,-207.554463,3.181819,1396038.330734,1161963.209179,2307280.185070,207665.451089,1090450.348168,368.511267,98.672416,210.434029,30.205842,36.247010,85.583218,23.157812,49.336208,7.048030,8.054891,524.574781,140.960594,300.044693,43.295040,51.349931,3.000000,2.000000,3.000000,0.000000,1.000000,0.000000,1.000000,2.000000,0.000000,1.000000,0.000000,1.000000,3.000000,0.000000,1.000000,1553.000000,438.000000,932.000000,136.000000,161.000000,5.000000,
0.049536,0.988582,0.141325,0.142029,0.421067,0.006861,-207.554463,3.181819,1396038.330734,1161963.209179,2307280.185070,207665.451089,1090450.348168,368.511267,98.672416,210.434029,30.205842,36.247010,85.583218,23.157812,49.336208,7.048030,8.054891,524.574781,140.960594,300.044693,43.295040,51.349931,3.000000,2.000000,3.000000,0.000000,1.000000,0.000000,1.000000,2.000000,0.000000,1.000000,0.000000,1.000000,3.000000,0.000000,1.000000,1553.000000,438.000000,932.000000,136.000000,161.000000,5.000000,
0.049536,0.988582,0.141325,0.142029,0.421067,0.006861,-207.554463,3.181819,1396038.330734,1161963.209179,2307280.185070,207665.451089,1090450.348168,368.511267,98.672416,210.434029,30.205842,36.247010,85.583218,23.157812,49.336208,7.048030,8.054891,524.574781,140.960594,300.044693,43.295040,51.349931,3.000000,2.000000,3.000000,0.000000,1.000000,0.000000,1.000000,2.000000,0.000000,1.000000,0.000000,1.000000,3.000000,0.000000,1.000000,1553.000000,438.000000,932.000000,136.000000,161.000000,5.000000,
0.049536,0.988582,0.141325,0.142029,0.421067,0.006861,-207.554463,3.181819,1396038.330734,1161963.209179,2307280.185070,207665.451089,1090450.348168,368.511267,98.672416,210.434029,30.205842,36.247010,85.583218,23.157812,49.336208,7.048030,8.054891,524.574781,140.960594,300.044693,43.295040,51.349931,3.000000,2.000000,3.000000,0.000000,1.000000,0.000000,1.000000,2.000000,0.000000,1.000000,0.000000,1.000000,3.000000,0.000000,1.000000,1553.000000,438.000000,932.000000,136.000000,161.000000,5.000000,
0.049536,0.988582,0.141325,0.142029,0.421067,0.006861,-207.554463,3.181819,1396038.330734,1161963.209179,2307280.185070,207665.451089,1090450.348168,368.511267,98.672416,210.434029,30.205842,36.247010,85.583218,23.157812,49.336208,7.048030,8.054891,524.574781,140.960594,300.044693,43.295040,51.349931,3.000000,2.000000,3.000000,0.000000,1.000000,0.000000,1.000000,2.000000,0.000000,1.000000,0.000000,1.000000,3.000000,0.000000,1.000000,1553.000000,438.000000,932.000000,136.000000,161.000000,5.000000,
0.049536,0.988582,0.141325,0.142029,0.421067,0.006861,-207.554463,3.181819,1396038.330734,1161963.209179,2307280.185070,207665.451089,1090450.348168,368.511267,98.672416,210.434029,30.205842,36.247010,85.583218,23.157812,49.336208,7.048030,8.054891,524.574781,140.960594,300.044693,43.295040,51.349931,3.000000,2.000000,3.000000,0.000000,1.000000,0.000000,1.000000,2.000000,0.000000,1.000000,0.000000,1.000000,3.000000,0.000000,1.000000,1553.000000,438.000000,932.000000,136.000000,161.000000,5.000000,
0.049536,0.988582,0.141325,0.142029,0.421067,0.006861,-207.554463,3.181819,1396038.330734,1161963.209179,2307280.185070,207665.451089,1090450.348168,368.511267,98.672416,210.434029,30.205842,36.247010,85.583218,23.157812,49.336208,7.048030,8.054891,524.574781,140.960594,300.044693,43.295040,51.349931,3.000000,2.000000,3.000000,0.000000,1.000000,0.000000,1.000000,2.000000,0.000000,1.000000,0.000000,1.000000,3.000000,0.000000,1.000000,1553.000000,438.000000,932.000000,136.000000,161.000000,5.000000,
0.049536,0.988582,0.141325,0.142029,0.421067,0.006861,-207.554463,3.181819,1396038.330734,1161963.209179,2307280.185070,207665.451089,1090450.348168,368.511267,98.672416,210.434029,30.205842,36.247010,85.583218,23.157812,49.336208,7.048030,8.054891,524.574781,140.960594,300.044693,43.295040,51.349931,3.000000,2.000000,3.000000,0.000000,1.000000,0.000000,1.000000,2.000000,0.000000,1.000000,0.000000,1.000000,3.000000,0.000000,1.000000,1553.000000,438.000000,932.000000,136.000000,161.000000,5.000000,
0.049536,0.988582,0.141325,0.142029,0.421067,0.006861,-207.554463,3.181819,1396038.330734,1161963.209179,2307280.185070,207665.451089,1090450.348168,368.511267,98.672416,210.434029,30.205842,36.247010,85.583218,23.157812,49.336208,7.048030,8.054891,524.574781,140.960594,300.044693,43.295040,51.349931,3.000000,2.000000,3.000000,0.000000,1.000000,0.000000,1.000000,2.000000,0.000000,1.000000,0.000000,1.000000,3.000000,0.000000,1.000000,1553.000000,438.000000,932.000000,136.000000,161.000000,5.000000,
0.049536,0.988582,0.141325,0.142029,0.421067,0.006861,-207.554463,3.181819,1396038.330734,1161963.209179,2307280.185070,207665.451089,1090450.348168,368.511267,98.672416,210.434029,30.205842,36.247010,85.583218,23.157812,49.336208,7.048030,8.054891,524.574781,140.960594,300.044693,43.295040,51.349931,3.000000,2.000000,3.000000,0.000000,1.000000,0.000000,1.000000,2.000000,0.000000,1.000000,0.000000,1.000000,3.000000,0.000000,1.000000,1553.000000,438.000000,932.000000,136.000000,161.000000,5.000000,
0.049536,0.988582,0.141325,0.142029,0.421067,0.006861,-207.554463,3.181819,1396038.330734,1161963.209179,2307280.185070,207665.451089,1090450.348168,368.511267,98.672416,210.434029,30.205842,36.247010,85.583218,23.157812,49.336208,7.048030,8.054891,524.574781,140.960594,300.044693,43.295040,51.349931,3.000000,2.000000,3.000000,0.000000,1.000000,0.000000,1.000000,2.000000,0.000000,1.000000,0.000000,1.000000,3.000000,0.000000,1.000000,1553.000000,438.000000,932.000000,136.000000,161.000000,5.000000,
0.049536,0.988582,0.141325,0.142029,0.421067,0.006861,-207.554463,3.181819,1396038.330734,1161963.209179,2307280.185070,207665.451089,1090450.348168,368.511267,98.672416,210.434029,30.205842,36.247010,85.583218,23.157812,49.336208,7.048030,8.054891,524.574781,140.960594,300.044693,43.295040,51.349931,3.000000,2.000000,3.000000,0.000000,1.000000,0.000000,1.000000,2.000000,0.000000,1.000000,0.000000,1.000000,3.000000,0.000000,1.000000,1553.000000,438.000000,932.000000,136.000000,161.000000,5.000000,
0.049536,0.988582,0.141325,0.142029,0.421067,0.006861,-207.554463,3.181819,1396038.330734,1161963.209179,2307280.185070,207665.451089,1090450.348168,368.511267,98.672416,210.434029,30.205842,36.247010,85.583218,23.157812,49.336208,7.048030,8.054891,524.574781,140.960594,300.044693,43.295040,51.349931,3.000000,2.000000,3.000000,0.000000,1.000000,0.000000,1.000000,2.000000,0.000000,1.000000,0.000000,1.000000,3.000000,0.000000,1.000000,1553.000000,438.000000,932.000000,136.000000,161.000000,5.000000,
0.049536,0.988582,0.141325,0.142029,0.421067,0.006861,-207.554463,3.181819,1396038.330734,1161963.209179,2307280.185070,207665.451089,1090450.348168,368.511267,98.672416,210.434029,30.205842,36.247010,85.583218,23.157812,49.336208,7.048030,8.054891,524.574781,140.960594,300.044693,43.295040,51.349931,3.000000,2.000000,3.000000,0.000000,1.000000,0.000000,1.000000,2.000000,0.000000,1.000000,0.000000,1.000000,3.000000,0.000000,1.000000,1553.000000,438.000000,932.000000,136.000000,161.000000,5.000000,
0.049536,0.988582,0.141325,0.142029,0.421067,0.006861,-207.554463,3.181819,1396038.330734,1161963.209179,2307280.185070,207665.451089,1090450.348168,368.511267,98.672416,210.434029,30.205842,36.247010,85.583218,23.157812,49.336208,7.048030,8.054891,524.574781,140.960594,300.044693,43.295040,51.349931,3.000000,2.000000,3.000000,0.000000,1.000000,0.000000,1.000000,2.000000,0.000000,1.000000,0.000000,1.000000,3.000000,0.000000,1.000000,1553.000000,438.000000,932.000000,136.000000,161.000000,5.000000,
0.049536,0.988582,0.141325,0.142029,0.421067,0.006861,-207.554463,3.181819,1396038.330734,1161963.209179,2307280.185070,207665.451089,1090450.348168,368.511267,98.672416,210.434029,30.205842,36.247010,85.583218,23.157812,49.336208,7.048030,8.054891,524.574781,140.960594,300.044693,43.295040,51.349931,3.000000,2.000000,3.000000,0.000000,1.000000,0.000000,1.000000,2.000000,0.000000,1.000000,0.000000,1.000000,3.000000,0.000000,1.000000,1553.000000,438.000000,932.000000,136.000000,161.000000,5.000000,
0.049536,0.988582,0.141325,0.142029,0.421067,0.006861,-207.554463,3.181819,1396038.330734,1161963.209179,2307280.185070,207665.451089,1090450.348168,368.511267,98.672416,210.434029,30.205842,36.247010,85.583218,23.157812,49.336208,7.048030,8.054891,524.574781,140.960594,300.044693,43.295040,51.349931,3.000000,2.000000,3.000000,0.000000,1.000000,0.000000,1.000000,2.000000,0.000000,1.000000,0.000000,1.000000,3.000000,0.000000,1.000000,1553.000000,438.000000,932.000000,136.000000,161.000000,5.000000,
0.049536,0.988582,0.141325,0.142029,0.421067,0.006861,-207.554463,3.181819,1396038.330734,1161963.209179,2307280.185070,207665.451089,1090450.348168,368.511267,98.672416,210.434029,30.205842,36.247010,85.583218,23.157812,49.336208,7.048030,8.054891,524.574781,140.960594,300.044693,43.295040,51.349931,3.000000,2.000000,3.000000,0.000000,1.000000,0.000000,1.000000,2.000000,0.000000,1.000000,0.000000,1.000000,3.000000,0.000000,1.000000,1553.000000,438.000000,932.000000,136.000000,161.000000,5.000000,
0.049536,0.988582,0.141325,0.142029,0.421067,0.006861,-207.554463,3.181819,1396038.330734,1161963.209179,2307280.185070,207665.451089,1090450.348168,368.511267,98.672416,210.434029,30.205842,36.247010,85.583218,23.157812,49.336208,7.048030,8.054891,524.574781,140.960594,300.044693,43.295040,51.349931,3.000000,2.000000,3.000000,0.000000,1.000000,0.000000,1.000000,2.000000,0.000000,1.000000,0.000000,1.000000,3.000000,0.000000,1.000000,1553.000000,438.000000,932.000000,136.000000,161.000000,5.000000,
0.049536,0.988582,0.141325,0.142029,0.421067,0.006861,-207.554463,3.181819,1396038.330734,1161963.209179,2307280.185070,207665.451089,1090450.348168,368.511267,98.672416,210.434029,30.205842,36.247010,85.583218,23.157812,49.336208,7.048030,8.054891,524.574781,140.960594,300.044693,43.295040,51.349931,3.000000,2.000000,3.000000,0.000000,1.000000,0.000000,1.000000,2.000000,0.000000,1.000000,0.000000,1.000000,3.000000,0.000000,1.000000,1553.000000,438.000000,932.000000,136.000000,161.000000,5.000000,
0.049536,0.988582,0.141325,0.142029,0.421067,0.006861,-207.554463,3.181819,1396038.330734,1161963.209179,2307280.185070,207665.451089,1090450.348168,368.511267,98.672416,210.434029,30.205842,36.247010,85.583218,23.157812,49.336208,7.048030,8.054891,524.574781,140.960594,300.044693,43.295040,51.349931,3.000000,2.000000,3.000000,0.000000,1.000000,0.000000,1.000000,2.000000,0.000000,1.000000,0.000000,1.000000,3.000000,0.000000,1.000000,1553.000000,438.000000,932.000000,136.000000,161.000000,5.000000,
0.049536,0.988582,0.141325,0.142029,0.421067,0.006861,-207.554463,3.181819,1396038.330734,1161963.209179,2307280.185070,207665.451089,1090450.348168,368.511267,98.672416,210.434029,30.205842,36.247010,85.583218,23.157812,49.336208,7.048030,8.054891,524.574781,140.960594,300.044693,43.295040,51.349931,3.000000,2.000000,3.000000,0.000000,1.000000,0.000000,1.000000,2.000000,0.000000,1.000000,0.000000,1.000000,3.000000,0.000000,1.000000,1553.000000,438.000000,932.000000,136.000000,161.000000,5.000000,
0.049536,0.988582,0.141325,0.142029,0.421067,0.006861,-207.554463,3.181819,1396038.330734,1161963.209179,2307280.185070,207665.451089,1090450.348168,368.511267,98.672416,210.434029,30.205842,36.247010,85.583218,23.157812,49.336208,7.048030,8.054891,524.574781,140.960594,300.044693,43.295040,51.349931,3.000000,2.000000,3.000000,0.000000,1.000000,0.000000,1.000000,2.000000,0.000000,1.000000,0.000000,1.000000,3.000000,0.000000,1.000000,1553.000000,438.000000,932.000000,136.000000,161.000000,5.000000,
0.049536,0.988582,0.141325,0.142029,0.421067,0.006861,-207.554463,3.181819,1396038.330734,1161963.209179,2307280.185070,207665.451089,1090450.348168,368.511267,98.672416,210.434029,30.205842,36.247010,85.583218,23.157812,49.336208,7.048030,8.054891,524.574781,140.960594,300.044693,43.295040,51.349931,3.000000,2.000000,3.000000,0.000000,1.000000,0.000000,1.000000,2.000000,0.000000,1.000000,0.000000,1.000000,3.000000,0.000000,1.000000,1553.000000,438.000000,932.000000,136.000000,161.000000,5.000000,
0.049536,0.988582,0.141325,0.142029,0.421067,0.006861,-207.554463,3.181819,1396038.330734,1161963.209179,2307280.185070,207665.451089,1090450.348168,368.511267,98.672416,210.434029,30.205842,36.247010,85.583218,23.157812,49.336208,7.048030,8.054891,524.574781,140.960594,300.044693,43.295040,51.349931,3.000000,2.000000,3.000000,0.000000,1.000000,0.000000,1.000000,2.000000,0.000000,1.000000,0.000000,1.000000,3.000000,0.000000,1.000000,1553.000000,438.000000,932.000000,136.000000,161.000000,5.000000,
0.049536,0.988582,0.141325,0.142029,0.421067,0.006861,-207.554463,3.181819,1396038.330734,1161963.209179,2307280.185070,207665.451089,1090450.348168,368.511267,98.672416,210.434029,30.205842,36.247010,85.583218,23.157812,49.336208,7.048030,8.054891,524.574781,140.960594,300.044693,43.295040,51.349931,3.000000,2.000000,3.000000,0.000000,1.000000,0.000000,1.000000,2.000000,0.000000,1.000000,0.000000,1.000000,3.000000,0.000000,1.000000,1553.000000,438.000000,932.000000,136.000000,161.000000,5.000000,
0.049536,0.988582,0.141325,0.142029,0.421067,0.006861,-207.554463,3.181819,1396038.330734,1161963.209179,2307280.185070,207665.451089,1090450.348168,368.511267,98.672416,210.434029,30.205842,36.247010,85.583218,23.157812,49.336208,7.048030,8.054891,524.574781,140.960594,300.044693,43.295040,51.349931,3.000000,2.000000,3.000000,0.000000,1.000000,0.000000,1.000000,2.000000,0.000000,1.000000,0.000000,1.000000,3.000000,0.000000,1.000000,1553.000000,438.000000,932.000000,136.000000,161.000000,5.000000,
0.049536,0.988582,0.141325,0.142029,0.421067,0.006861,-207.554463,3.181819,1396038.330734,1161963.209179,2307280.185070,207665.451089,1090450.348168,368.511267,98.672416,210.434029,30.205842,36.247010,85.583218,23.157812,49.336208,7.048030,8.054891,524.574781,140.960594,300.044693,43.295040,51.349931,3.000000,2.000000,3.000000,0.000000,1.000000,0.000000,1.000000,2.000000,0.000000,1.000000,0.000000,1.000000,3.000000,0.000000,1.000000,1553.000000,438.000000,932.000000,136.000000,161.000000,5.000000,
0.049536,0.988582,0.141325,0.142029,0.421067,0.006861,-207.554463,3.181819,1396038.330734,1161963.209179,2307280.185070,207665.451089,1090450.348168,368.511267,98.672416,210.434029,30.205842,36.247010,85.583218,23.157812,49.336208,7.048030,8.054891,524.574781,140.960594,300.044693,43.295040,51.349931,3.000000,2.000000,3.000000,0.000000,1.000000,0.000000,1.000000,2.000000,0.000000,1.000000,0.000000,1.000000,3.000000,0.000000,1.000000,1553.000000,438.000000,932.000000,136.000000,161.000000,5.000000,
0.049536,0.988582,0.141325,0.142029,0.421067,0.006861,-207.554463,3.181819,1396038.330734,1161963.209179,2307280.185070,207665.451089,1090450.348168,368.511267,98.672416,210.434029,30.205842,36.247010,85.583218,23.157812,49.336208,7.048030,8.054891,524.574781,140.960594,300.044693,43.295040,51.349931,3.000000,2.000000,3.000000,0.000000,1.000000,0.000000,1.000000,2.000000,0.000000,1.000000,0.000000,1.000000,3.000000,0.000000,1.000000,1553.000000,438.000000,932.000000,136.000000,161.000000,5.000000,
0.049536,0.988582,0.141325,0.142029,0.421067,0.006861,-207.554463,3.181819,1396038.330734,1161963.209179,2307280.185070,207665.451089,1090450.348168,368.511267,98.672416,210.434029,30.205842,36.247010,85.583218,23.157812,49.336208,7.048030,8.054891,524.574781,140.960594,300.044693,43.295040,51.349931,3.000000,2.000000,3.000000,0.000000,1.000000,0.000000,1.000000,2.000000,0.000000,1.000000,0.000000,1.000000,3.000000,0.000000,1.000000,1553.000000,438.000000,932.000000,136.000000,161.000000,5.000000,
0.049536,0.988582,0.141325,0.142029,0.421067,0.006861,-207.554463,3.181819,1396038.330734,1161963.209179,2307280.185070,207665.451089,1090450.348168,368.511267,98.672416,210.434029,30.205842,36.247010,85.583218,23.157812,49.336208,7.048030,8.054891,524.574781,140.960594,300.044693,43.295040,51.349931,3.000000,2.000000,3.000000,0.000000,1.000000,0.000000,1.000000,2.000000,0.000000,1.000000,0.000000,1.000000,3.000000,0.000000,1.000000,1553.000000,438.000000,932.000000,136.000000,161.000000,5.000000,
0.049536,0.988582,0.141325,0.142029,0.421067,0.006861,-207.554463,3.181819,1396038.330734,1161963.209179,2307280.185070,207665.451089,1090450.348168,368.511267,98.672416,210.434029,30.205842,36.247010,85.583218,23.157812,49.336208,7.048030,8.054891,524.574781,140.960594,300.044693,43.295040,51.349931,3.000000,2.000000,3.000000,0.000000,1.000000,0.000000,1.000000,2.000000,0.000000,1.000000,0.000000,1.000000,3.000000,0.000000,1.000000,1553.000000,438.000000,932.000000,136.000000,161.000000,5.000000,
0.049536,0.988582,0.141325,0.142029,0.421067,0.006861,-207.554463,3.181819,1396038.330734,1161963.209179,2307280.185070,207665.451089,1090450.348168,368.511267,98.672416,210.434029,30.205842,36.247010,85.583218,23.157812,49.336208,7.048030,8.054891,524.574781,140.960594,300.044693,43.295040,51.349931,3.000000,2.000000,3.000000,0.000000,1.000000,0.000000,1.000000,2.000000,0.000000,1.000000,0.000000,1.000000,3.000000,0.000000,1.000000,1553.000000,438.000000,932.000000,136.000000,161.000000,5.000000,
0.049536,0.988582,0.141325,0.142029,0.421067,0.006861,-207.554463,3.181819,1396038.330734,1161963.209179,2307280.185070,207665.451089,1090450.348168,368.511267,98.672416,210.434029,30.205842,36.247010,85.583218,23.157812,49.336208,7.048030,8.054891,524.574781,140.960594,300.044693,43.295040,51.349931,3.000000,2.000000,3.000000,0.000000,1.000000,0.000000,1.000000,2.000000,0.000000,1.000000,0.000000,1.000000,3.000000,0.000000,1.000000,1553.000000,438.000000,932.000000,136.000000,161.000000,5.000000,
0.049536,0.988582,0.141325,0.142029,0.421067,0.006861,-207.554463,3.181819,1396038.330734,1161963.209179,2307280.185070,207665.451089,1090450.348168,368.511267,98.672416,210.434029,30.205842,36.247010,85.583218,23.157812,49.336208,7.048030,8.054891,524.574781,140.960594,300.044693,43.295040,51.349931,3.000000,2.000000,3.000000,0.000000,1.000000,0.000000,1.000000,2.000000,0.000000,1.000000,0.000000,1.000000,3.000000,0.000000,1.000000,1553.000000,438.000000,932.000000,136.000000,161.000000,5.000000,
0.049536,0.988582,0.141325,0.142029,0.421067,0.006861,-207.554463,3.181819,1396038.330734,1161963.209179,2307280.185070,207665.451089,1090450.348168,368.511267,98.672416,210.434029,30.205842,36.247010,85.583218,23.157812,49.336208,7.048030,8.054891,524.574781,140.960594,300.044693,43.295040,51.349931,3.000000,2.000000,3.000000,0.000000,1.000000,0.000000,1.000000,2.000000,0.000000,1.000000,0.000000,1.000000,3.000000,0.000000,1.000000,1553.000000,438.000000,932.000000,136.000000,161.000000,5.000000,
0.049536,0.988582,0.141325,0.142029,0.421067,0.006861,-207.554463,3.181819,1396038.330734,1161963.209179,2307280.185070,207665.451089,1090450.348168,368.511267,98.672416,210.434029,30.205842,36.247010,85.583218,23.157812,49.336208,7.048030,8.054891,524.574781,140.960594,300.044693,43.295040,51.349931,3.000000,2.000000,3.000000,0.000000,1.000000,0.000000,1.000000,2.000000,0.000000,1.000000,0.000000,1.000000,3.000000,0.000000,1.000000,1553.000000,438.000000,932.000000,136.000000,161.000000,5.000000,
0.049536,0.988582,0.141325,0.142029,0.421067,0.006861,-207.554463,3.181819,1396038.330734,1161963.209179,2307280.185070,207665.451089,1090450.348168,368.511267,98.672416,210.434029,30.205842,36.247010,85.583218,23.157812,49.336208,7.048030,8.054891,524.574781,140.960594,300.044693,43.295040,51.349931,3.000000,2.000000,3.000000,0.000000,1.000000,0.000000,1.000000,2.000000,0.000000,1.000000,0.000000,1.000000,3.000000,0.000000,1.000000,1553.000000,438.000000,932.000000,136.000000,161.000000,5.000000,
0.049536,0.988582,0.141325,0.142029,0.421067,0.006861,-207.554463,3.181819,1396038.330734,1161963.209179,2307280.185070,207665.451089,1090450.348168,368.511267,98.672416,210.434029,30.205842,36.247010,85.583218,23.157812,49.336208,7.048030,8.054891,524.574781,140.960594,300.044693,43.295040,51.349931,3.000000,2.000000,3.000000,0.000000,1.000000,0.000000,1.000000,2.000000,0.000000,1.000000,0.000000,1.000000,3.000000,0.000000,1.000000,1553.000000,438.000000,932.000000,136.000000,161.000000,5.000000,
0.049536,0.988582,0.141325,0.142029,0.421067,0.006861,-207.554463,3.181819,1396038.330734,1161963.209179,2307280.185070,207665.451089,1090450.348168,368.511267,98.672416,210.434029,30.205842,36.247010,85.583218,23.157812,49.336208,7.048030,8.054891,524.574781,140.960594,300.044693,43.295040,51.349931,3.000000,2.000000,3.000000,0.000000,1.000000,0.000000,1.000000,2.000000,0.000000,1.000000,0.000000,1.000000,3.000000,0.000000,1.000000,1553.000000,438.000000,932.000000,136.000000,161.000000,5.000000,
0.049570,0.997610,0.137052,0.126580,0.481993,0.005928,-206.267764,3.174393,1396039.238332,1161963.452886,2307280.704231,207665.525789,1090450.436874,368.169517,98.580909,210.238877,30.177829,36.213395,85.503850,23.136336,49.290454,7.041493,8.047421,524.088301,140.829870,299.766437,43.254889,51.302310,3.000000,2.000000,3.000000,0.000000,1.000000,0.000000,1.000000,2.000000,0.000000,1.000000,0.000000,1.000000,3.000000,0.000000,1.000000,1553.000000,438.000000,932.000000,136.000000,161.000000,5.000000,
0.049570,0.997610,0.137052,0.126580,0.481993,0.005928,-206.267764,3.174393,1396039.238332,1161963.452886,2307280.704231,207665.525789,1090450.436874,368.169517,98.580909,210.238877,30.177829,36.213395,85.503850,23.136336,49.290454,7.041493,8.047421,524.088301,140.829870,299.766437,43.254889,51.302310,3.000000,2.000000,3.000000,0.000000,1.000000,0.000000,1.000000,2.000000,0.000000,1.000000,0.000000,1.000000,3.000000,0.000000,1.000000,1553.000000,438.000000,932.000000,136.000000,161.000000,5.000000,
0.049570,0.997610,0.137052,0.126580,0.481993,0.005928,-206.267764,3.174393,1396039.238332,1161963.452886,2307280.704231,207665.525789,1090450.436874,368.169517,98.580909,210.238877,30.177829,36.213395,85.503850,23.136336,49.290454,7.041493,8.047421,524.088301,140.829870,299.766437,43.254889,51.302310,3.000000,2.000000,3.000000,0.000000,1.000000,0.000000,1.000000,2.000000,0.000000,1.000000,0.000000,1.000000,3.000000,0.000000,1.000000,1553.000000,438.000000,932.000000,136.000000,161.000000,5.000000,
0.049570,0.997610,0.137052,0.126580,0.481993,0.005928,-206.267764,3.174393,1396039.238332,1161963.452886,2307280.704231,207665.525789,1090450.436874,368.169517,98.580909,210.238877,30.177829,36.213395,85.503850,23.136336,49.290454,7.041493,8.047421,524.088301,140.829870,299.766437,43.254889,51.302310,3.000000,2.000000,3.000000,0.000000,1.000000,0.000000,1.000000,2.000000,0.000000,1.000000,0.000000,1.000000,3.000000,0.000000,1.000000,1553.000000,438.000000,932.000000,136.000000,161.000000,5.000000,
0.049570,0.997610,0.137052,0.126580,0.481993,0.005928,-206.267764,3.174393,1396039.238332,1161963.452886,2307280.704231,207665.525789,1090450.436874,368.169517,98.580909,210.238877,30.177829,36.213395,85.503850,23.136336,49.290454,7.041493,8.047421,524.088301,140.829870,299.766437,43.254889,51.302310,3.000000,2.000000,3.000000,0.000000,1.000000,0.000000,1.000000,2.000000,0.000000,1.000000,0.000000,1.000000,3.000000,0.000000,1.000000,1553.000000,438.000000,932.000000,136.000000,161.000000,5.000000,
0.049570,0.997610,0.137052,0.126580,0.481993,0.005928,-206.267764,3.174393,1396039.238332,1161963.452886,2307280.704231,207665.525789,1090450.436874,368.169517,98.580909,210.238877,30.177829,36.213395,85.503850,23.136336,49.290454,7.041493,8.047421,524.088301,140.829870,299.766437,43.254889,51.302310,3.000000,2.000000,3.000000,0.000000,1.000000,0.000000,1.000000,2.000000,0.000000,1.000000,0.000000,1.000000,3.000000,0.000000,1.000000,1553.000000,438.000000,932.000000,136.000000,161.000000,5.000000,
0.049570,0.997610,0.137052,0.126580,0.481993,0.005928,-206.267764,3.174393,1396039.238332,1161963.452886,2307280.704231,207665.525789,1090450.436874,368.169517,98.580909,210.238877,30.177829,36.213395,85.503850,23.136336,49.290454,7.041493,8.047421,524.088301,140.829870,299.766437,43.254889,51.302310,3.000000,2.000000,3.000000,0.000000,1.000000,0.000000,1.000000,2.000000,0.000000,1.000000,0.000000,1.000000,3.000000,0.000000,1.000000,1553.000000,438.000000,932.000000,136.000000,161.000000,5.000000,
0.049570,0.997610,0.137052,0.126580,0.481993,0.005928,-206.267764,3.174393,1396039.238332,1161963.452886,2307280.704231,207665.525789,1090450.436874,368.169517,98.580909,210.238877,30.177829,36.213395,85.503850,23.136336,49.290454,7.041493,8.047421,524.088301,140.829870,299.766437,43.254889,51.302310,3.000000,2.000000,3.000000,0.000000,1.000000,0.000000,1.000000,2.000000,0.000000,1.000000,0.000000,1.000000,3.000000,0.000000,1.000000,1553.000000,438.000000,932.000000,136.000000,161.000000,5.000000,
0.049570,0.997610,0.137052,0.126580,0.481993,0.005928,-206.267764,3.174393,1396039.238332,1161963.452886,2307280.704231,207665.525789,1090450.436874,368.169517,98.580909,210.238877,30.177829,36.213395,85.503850,23.136336,49.290454,7.041493,8.047421,524.088301,140.829870,299.766437,43.254889,51.302310,3.000000,2.000000,3.000000,0.000000,1.000000,0.000000,1.000000,2.000000,0.000000,1.000000,0.000000,1.000000,3.000000,0.000000,1.000000,1553.000000,438.000000,932.000000,136.000000,161.000000,5.000000,
0.049570,0.997610,0.137052,0.126580,0.481993,0.005928,-206.267764,3.174393,1396039.238332,1161963.452886,2307280.704231,207665.525789,1090450.436874,368.169517,98.580909,210.238877,30.177829,36.213395,85.503850,23.136336,49.290454,7.041493,8.047421,524.088301,140.829870,299.766437,43.254889,51.302310,3.000000,2.000000,3.000000,0.000000,1.000000,0.000000,1.000000,2.000000,0.000000,1.000000,0.000000,1.000000,3.000000,0.000000,1.000000,1553.000000,438.000000,932.000000,136.000000,161.000000,5.000000,
0.049570,0.997610,0.137052,0.126580,0.481993,0.005928,-206.267764,3.174393,1396039.238332,1161963.452886,2307280.704231,207665.525789,1090450.436874,368.169517,98.580909,210.238877,30.177829,36.213395,85.503850,23.136336,49.290454,7.041493,8.047421,524.088301,140.829870,299.766437,43.254889,51.302310,3.000000,2.000000,3.000000,0.000000,1.000000,0.000000,1.000000,2.000000,0.000000,1.000000,0.000000,1.000000,3.000000,0.000000,1.000000,1553.000000,438.000000,932.000000,136.000000,161.000000,5.000000,
0.049570,0.997610,0.137052,0.126580,0.481993,0.005928,-206.267764,3.174393,1396039.238332,1161963.452886,2307280.704231,207665.525789,1090450.436874,368.169517,98.580909,210.238877,30.177829,36.213395,85.503850,23.136336,49.290454,7.041493,8.047421,524.088301,140.829870,299.766437,43.254889,51.302310,3.000000,2.000000,3.000000,0.000000,1.000000,0.000000,1.000000,2.000000,0.000000,1.000000,0.000000,1.000000,3.000000,0.000000,1.000000,1553.000000,438.000000,932.000000,136.000000,161.000000,5.000000,
0.049570,0.997610,0.137052,0.126580,0.481993,0.005928,-206.267764,3.174393,1396039.238332,1161963.452886,2307280.704231,207665.525789,1090450.436874,368.169517,98.580909,210.238877,30.177829,36.213395,85.503850,23.136336,49.290454,7.041493,8.047421,524.088301,140.829870,299.766437,43.254889,51.302310,3.000000,2.000000,3.000000,0.000000,1.000000,0.000000,1.000000,2.000000,0.000000,1.000000,0.000000,1.000000,3.000000,0.000000,1.000000,1553.000000,438.000000,932.000000,136.000000,161.000000,5.000000,
0.049570,0.997610,0.137052,0.126580,0.481993,0.005928,-206.267764,3.174393,1396039.238332,1161963.452886,2307280.704231,207665.525789,1090450.436874,368.169517,98.580909,210.238877,30.177829,36.213395,85.503850,23.136336,49.290454,7.041493,8.047421,524.088301,140.829870,299.766437,43.254889,51.302310,3.000000,2.000000,3.000000,0.000000,1.000000,0.000000,1.000000,2.000000,0.000000,1.000000,0.000000,1.000000,3.000000,0.000000,1.000000,1553.000000,438.000000,932.000000,136.000000,161.000000,5.000000,
0.049570,0.997610,0.137052,0.126580,0.481993,0.005928,-206.267764,3.174393,1396039.238332,1161963.452886,2307280.704231,207665.525789,1090450.436874,368.169517,98.580909,210.238877,30.177829,36.213395,85.503850,23.136336,49.290454,7.041493,8.047421,524.088301,140.829870,299.766437,43.254889,51.302310,3.000000,2.000000,3.000000,0.000000,1.000000,0.000000,1.000000,2.000000,0.000000,1.000000,0.000000,1.000000,3.000000,0.000000,1.000000,1553.000000,438.000000,932.000000,136.000000,161.000000,5.000000,
0.049570,0.997610,0.137052,0.126580,0.481993,0.005928,-206.267764,3.174393,1396039.238332,1161963.452886,2307280.704231,207665.525789,1090450.436874,368.169517,98.580909,210.238877,30.177829,36.213395,85.503850,23.136336,49.290454,7.041493,8.047421,524.088301,140.829870,299.766437,43.254889,51.302310,3.000000,2.000000,3.000000,0.000000,1.000000,0.000000,1.000000,2.000000,0.000000,1.000000,0.000000,1.000000,3.000000,0.000000,1.000000,1553.000000,438.000000,932.000000,136.000000,161.000000,5.000000,
0.049570,0.997610,0.137052,0.126580,0.481993,0.005928,-206.267764,3.174393,1396039.238332,1161963.452886,2307280.704231,207665.525789,1090450.436874,368.169517,98.580909,210.238877,30.177829,36.213395,85.503850,23.136336,49.290454,7.041493,8.047421,524.088301,140.829870,299.766437,43.254889,51.302310,3.000000,2.000000,3.000000,0.000000,1.000000,0.000000,1.000000,2.000000,0.000000,1.000000,0.000000,1.000000,3.000000,0.000000,1.000000,1553.000000,438.000000,932.000000,136.000000,161.000000,5.000000,
0.049570,0.997610,0.137052,0.126580,0.481993,0.005928,-206.267764,3.174393,1396039.238332,1161963.452886,2307280.704231,207665.525789,1090450.436874,368.169517,98.580909,210.238877,30.177829,36.213395,85.503850,23.136336,49.290454,7.041493,8.047421,524.088301,140.829870,299.766437,43.254889,51.302310,3.000000,2.000000,3.000000,0.000000,1.000000,0.000000,1.000000,2.000000,0.000000,1.000000,0.000000,1.000000,3.000000,0.000000,1.000000,1553.000000,438.000000,932.000000,136.000000,161.000000,5.000000,
0.049574,0.998619,0.138280,0.120489,0.491303,0.005630,-205.811284,3.177396,1396039.527358,1161963.530494,2307280.869559,207665.549577,1090450.465122,368.060686,98.551768,210.176731,30.168909,36.202690,85.478575,23.129497,49.275884,7.039412,8.045042,523.933381,140.788241,299.677826,43.242102,51.287145,3.000000,2.000000,3.000000,0.000000,1.000000,0.000000,1.000000,2.000000,0.000000,1.000000,0.000000,1.000000,3.000000,0.000000,1.000000,1553.000000,438.000000,932.000000,136.000000,161.000000,5.000000,
0.049574,0.998619,0.138280,0.120489,0.491303,0.005630,-205.811284,3.177396,1396039.527358,1161963.530494,2307280.869559,207665.549577,1090450.465122,368.060686,98.551768,210.176731,30.168909,36.202690,85.478575,23.129497,49.275884,7.039412,8.045042,523.933381,140.788241,299.677826,43.242102,51.287145,3.000000,2.000000,3.000000,0.000000,1.000000,0.000000,1.000000,2.000000,0.000000,1.000000,0.000000,1.000000,3.000000,0.000000,1.000000,1553.000000,438.000000,932.000000,136.000000,161.000000,5.000000,
0.049574,0.998619,0.138280,0.120489,0.491303,0.005630,-205.811284,3.177396,1396039.527358,1161963.530494,2307280.869559,207665.549577,1090450.465122,368.060686,98.551768,210.176731,30.168909,36.202690,85.478575,23.129497,49.275884,7.039412,8.045042,523.933381,140.788241,299.677826,43.242102,51.287145,3.000000,2.000000,3.000000,0.000000,1.000000,0.000000,1.000000,2.000000,0.000000,1.000000,0.000000,1.000000,3.000000,0.000000,1.000000,1553.000000,438.000000,932.000000,136.000000,161.000000,5.000000,
0.049574,0.998619,0.138280,0.120489,0.491303,0.005630,-205.811284,3.177396,1396039.527358,1161963.530494,2307280.869559,207665.549577,1090450.465122,368.060686,98.551768,210.176731,30.168909,36.202690,85.478575,23.129497,49.275884,7.039412,8.045042,523.933381,140.788241,299.677826,43.242102,51.287145,3.000000,2.000000,3.000000,0.000000,1.000000,0.000000,1.000000,2.000000,0.000000,1.000000,0.000000,1.000000,3.000000,0.000000,1.000000,1553.000000,438.000000,932.000000,136.000000,161.000000,5.000000,
0.049574,0.998619,0.138280,0.120489,0.491303,0.005630,-205.811284,3.177396,1396039.527358,1161963.530494,2307280.869559,207665.549577,1090450.465122,368.060686,98.551768,210.176731,30.168909,36.202690,85.478575,23.129497,49.275884,7.039412,8.045042,523.933381,140.788241,299.677826,43.242102,51.287145,3.000000,2.000000,3.000000,0.000000,1.000000,0.000000,1.000000,2.000000,0.000000,1.000000,0.000000,1.000000,3.000000,0.000000,1.000000,1553.000000,438.000000,932.000000,136.000000,161.000000,5.000000,
0.049574,0.998619,0.138280,0.120489,0.491303,0.005630,-205.811284,3.177396,1396039.527358,1161963.530494,2307280.869559,207665.549577,1090450.465122,368.060686,98.551768,210.176731,30.168909,36.202690,85.478575,23.129497,49.275884,7.039412,8.045042,523.933381,140.788241,299.677826,43.242102,51.287145,3.000000,2.000000,3.000000,0.000000,1.000000,0.000000,1.000000,2.000000,0.000000,1.000000,0.000000,1.000000,3.000000,0.000000,1.000000,1553.000000,438.000000,932.000000,136.000000,161.000000,5.000000,
0.049574,0.998619,0.138280,0.120489,0.491303,0.005630,-205.811284,3.177396,1396039.527358,1161963.530494,2307280.869559,207665.549577,1090450.465122,368.060686,98.551768,210.176731,30.168909,36.202690,85.478575,23.129497,49.275884,7.039412,8.045042,523.933381,140.788241,299.677826,43.242102,51.287145,3.000000,2.000000,3.000000,0.000000,1.000000,0.000000,1.000000,2.000000,0.000000,1.000000,0.000000,1.000000,3.000000,0.000000,1.000000,1553.000000,438.000000,932.000000,136.000000,161.000000,5.000000,
0.049574,0.998619,0.138280,0.120489,0.491303,0.005630,-205.811284,3.177396,1396039.527358,1161963.530494,2307280.869559,207665.549577,1090450.465122,368.060686,98.551768,210.176731,30.168909,36.202690,85.478575,23.129497,49.275884,7.039412,8.045042,523.933381,140.788241,299.677826,43.242102,51.287145,3.000000,2.000000,3.000000,0.000000,1.000000,0.000000,1.000000,2.000000,0.000000,1.000000,0.000000,1.000000,3.000000,0.000000,1.000000,1553.000000,438.000000,932.000000,136.000000,161.000000,5.000000,
0.049574,0.998619,0.138280,0.120489,0.491303,0.005630,-205.811284,3.177396,1396039.527358,1161963.530494,2307280.869559,207665.549577,1090450.465122,368.060686,98.551768,210.176731,30.168909,36.202690,85.478575,23.129497,49.275884,7.039412,8.045042,523.933381,140.788241,299.677826,43.242102,51.287145,3.000000,2.000000,3.000000,0.000000,1.000000,0.000000,1.000000,2.000000,0.000000,1.000000,0.000000,1.000000,3.000000,0.000000,1.000000,1553.000000,438.000000,932.000000,136.000000,161.000000,5.000000,
0.049574,0.998619,0.138280,0.120489,0.491303,0.005630,-205.811284,3.177396,1396039.527358,1161963.530494,2307280.869559,207665.549577,1090450.465122,368.060686,98.551768,210.176731,30.168909,36.202690,85.478575,23.129497,49.275884,7.039412,8.045042,523.933381,140.788241,299.677826,43.242102,51.287145,3.000000,2.000000,3.000000,0.000000,1.000000,0.000000,1.000000,2.000000,0.000000,1.000000,0.000000,1.000000,3.000000,0.000000,1.000000,1553.000000,438.000000,932.000000,136.000000,161.000000,5.000000,
0.049574,0.998619,0.138280,0.120489,0.491303,0.005630,-205.811284,3.177396,1396039.527358,1161963.530494,2307280.869559,207665.549577,1090450.465122,368.060686,98.551768,210.176731,30.168909,36.202690,85.478575,23.129497,49.275884,7.039412,8.045042,523.933381,140.788241,299.677826,43.242102,51.287145,3.000000,2.000000,3.000000,0.000000,1.000000,0.000000,1.000000,2.000000,0.000000,1.000000,0.000000,1.000000,3.000000,0.000000,1.000000,1553.000000,438.000000,932.000000,136.000000,161.000000,5.000000,
0.049574,0.998619,0.138280,0.120489,0.491303,0.005630,-205.811284,3.177396,1396039.527358,1161963.530494,2307280.869559,207665.549577,1090450.465122,368.060686,98.551768,210.176731,30.168909,36.202690,85.478575,23.129497,49.275884,7.039412,8.045042,523.933381,140.788241,299.677826,43.242102,51.287145,3.000000,2.000000,3.000000,0.000000,1.000000,0.000000,1.000000,2.000000,0.000000,1.000000,0.000000,1.000000,3.000000,0.000000,1.000000,1553.000000,438.000000,932.000000,136.000000,161.000000,5.000000,
0.049629,0.998615,0.136810,0.094227,0.553767,0.004411,-206.015318,3.177668,1396040.712839,1161963.848818,2307281.547673,207665.647147,1090450.580987,367.614301,98.432245,209.921828,30.132320,36.158784,85.374906,23.101445,49.216122,7.030875,8.035285,523.297954,140.617492,299.314377,43.189658,51.224944,3.000000,2.000000,3.000000,0.000000,1.000000,0.000000,1.000000,2.000000,0.000000,1.000000,0.000000,1.000000,3.000000,0.000000,1.000000,1553.000000,438.000000,932.000000,136.000000,161.000000,5.000000,
0.049629,0.998615,0.136810,0.094227,0.553767,0.004411,-206.015318,3.177668,1396040.712839,1161963.848818,2307281.547673,207665.647147,1090450.580987,367.614301,98.432245,209.921828,30.132320,36.158784,85.374906,23.101445,49.216122,7.030875,8.035285,523.297954,140.617492,299.314377,43.189658,51.224944,3.000000,2.000000,3.000000,0.000000,1.000000,0.000000,1.000000,2.000000,0.000000,1.000000,0.000000,1.000000,3.000000,0.000000,1.000000,1553.000000,438.000000,932.000000,136.000000,161.000000,5.000000,
0.049629,0.998615,0.136810,0.094227,0.553767,0.004411,-206.015318,3.177668,1396040.712839,1161963.848818,2307281.547673,207665.647147,1090450.580987,367.614301,98.432245,209.921828,30.132320,36.158784,85.374906,23.101445,49.216122,7.030875,8.035285,523.297954,140.617492,299.314377,43.189658,51.224944,3.000000,2.000000,3.000000,0.000000,1.000000,0.000000,1.000000,2.000000,0.000000,1.000000,0.000000,1.000000,3.000000,0.000000,1.000000,1553.000000,438.000000,932.000000,136.000000,161.000000,5.000000,
0.049629,0.998615,0.136810,0.094227,0.553767,0.004411,-206.015318,3.177668,1396040.712839,1161963.848818,2307281.547673,207665.647147,1090450.580987,367.614301,98.432245,209.921828,30.132320,36.158784,85.374906,23.101445,49.216122,7.030875,8.035285,523.297954,140.617492,299.314377,43.189658,51.224944,3.000000,2.000000,3.000000,0.000000,1.000000,0.000000,1.000000,2.000000,0.000000,1.000000,0.000000,1.000000,3.000000,0.000000,1.000000,1553.000000,438.000000,932.000000,136.000000,161.000000,5.000000,
0.049629,0.998615,0.136810,0.094227,0.553767,0.004411,-206.015318,3.177668,1396040.712839,1161963.848818,2307281.547673,207665.647147,1090450.580987,367.614301,98.432245,209.921828,30.132320,36.158784,85.374906,23.101445,49.216122,7.030875,8.035285,523.297954,140.617492,299.314377,43.189658,51.224944,3.000000,2.000000,3.000000,0.000000,1.000000,0.000000,1.000000,2.000000,0.000000,1.000000,0.000000,1.000000,3.000000,0.000000,1.000000,1553.000000,438.000000,932.000000,136.000000,161.000000,5.000000,
0.049629,0.998615,0.136810,0.094227,0.553767,0.004411,-206.015318,3.177668,1396040.712839,1161963.848818,2307281.547673,207665.647147,1090450.580987,367.614301,98.432245,209.921828,30.132320,36.158784,85.374906,23.101445,49.216122,7.030875,8.035285,523.297954,140.617492,299.314377,43.189658,51.224944,3.000000,2.000000,3.000000,0.000000,1.000000,0.000000,1.000000,2.000000,0.000000,1.000000,0.000000,1.000000,3.000000,0.000000,1.000000,1553.000000,438.000000,932.000000,136.000000,161.000000,5.000000,
0.049629,0.998615,0.136810,0.094227,0.553767,0.004411,-206.015318,3.177668,1396040.712839,1161963.848818,2307281.547673,207665.647147,1090450.580987,367.614301,98.432245,209.921828,30.132320,36.158784,85.374906,23.101445,49.216122,7.030875,8.035285,523.297954,140.617492,299.314377,43.189658,51.224944,3.000000,2.000000,3.000000,0.000000,1.000000,0.000000,1.000000,2.000000,0.000000,1.000000,0.000000,1.000000,3.000000,0.000000,1.000000,1553.000000,438.000000,932.000000,136.000000,161.000000,5.000000,
0.049611,0.996655,0.138323,0.105332,0.520892,0.004520,-205.930211,3.179869,1396040.606746,1161963.820330,2307281.486986,207665.638415,1090450.570618,367.654250,98.442941,209.944640,30.135594,36.162713,85.384184,23.103956,49.221471,7.031639,8.036158,523.354821,140.632773,299.346903,43.194352,51.230510,3.000000,2.000000,3.000000,0.000000,1.000000,0.000000,1.000000,2.000000,0.000000,1.000000,0.000000,1.000000,3.000000,0.000000,1.000000,1553.000000,438.000000,932.000000,136.000000,161.000000,5.000000,
0.049611,0.996655,0.138323,0.105332,0.520892,0.004520,-205.930211,3.179869,1396040.606746,1161963.820330,2307281.486986,207665.638415,1090450.570618,367.654250,98.442941,209.944640,30.135594,36.162713,85.384184,23.103956,49.221471,7.031639,8.036158,523.354821,140.632773,299.346903,43.194352,51.230510,3.000000,2.000000,3.000000,0.000000,1.000000,0.000000,1.000000,2.000000,0.000000,1.000000,0.000000,1.000000,3.000000,0.000000,1.000000,1553.000000,438.000000,932.000000,136.000000,161.000000,5.000000,
0.049611,0.996655,0.138323,0.105332,0.520892,0.004520,-205.930211,3.179869,1396040.606746,1161963.820330,2307281.486986,207665.638415,1090450.570618,367.654250,98.442941,209.944640,30.135594,36.162713,85.384184,23.103956,49.221471,7.031639,8.036158,523.354821,140.632773,299.346903,43.194352,51.230510,3.000000,2.000000,3.000000,0.000000,1.000000,0.000000,1.000000,2.000000,0.000000,1.000000,0.000000,1.000000,3.000000,0.000000,1.000000,1553.000000,438.000000,932.000000,136.000000,161.000000,5.000000,
0.049611,0.996655,0.138323,0.105332,0.520892,0.004520,-205.930211,3.179869,1396040.606746,1161963.820330,2307281.486986,207665.638415,1090450.570618,367.654250,98.442941,209.944640,30.135594,36.162713,85.384184,23.103956,49.221471,7.031639,8.036158,523.354821,140.632773,299.346903,43.194352,51.230510,3.000000,2.000000,3.000000,0.000000,1.000000,0.000000,1.000000,2.000000,0.000000,1.000000,0.000000,1.000000,3.000000,0.000000,1.000000,1553.000000,438.000000,932.000000,136.000000,161.000000,5.000000,
0.049611,0.996655,0.138323,0.105332,0.520892,0.004520,-205.930211,3.179869,1396040.606746,1161963.820330,2307281.486986,207665.638415,1090450.570618,367.654250,98.442941,209.944640,30.135594,36.162713,85.384184,23.103956,49.221471,7.031639,8.036158,523.354821,140.632773,299.346903,43.194352,51.230510,3.000000,2.000000,3.000000,0.000000,1.000000,0.000000,1.000000,2.000000,0.000000,1.000000,0.000000,1.000000,3.000000,0.000000,1.000000,1553.000000,438.000000,932.000000,136.000000,161.000000,5.000000,
0.049611,0.996655,0.138323,0.105332,0.520892,0.004520,-205.930211,3.179869,1396040.606746,1161963.820330,2307281.486986,207665.638415,1090450.570618,367.654250,98.442941,209.944640,30.135594,36.162713,85.384184,23.103956,49.221471,7.031639,8.036158,523.354821,140.632773,299.346903,43.194352,51.230510,3.000000,2.000000,3.000000,0.000000,1.000000,0.000000,1.000000,2.000000,0.000000,1.000000,0.000000,1.000000,3.000000,0.000000,1.000000,1553.000000,438.000000,932.000000,136.000000,161.000000,5.000000,
0.049627,0.992350,0.134155,0.120559,0.506717,0.004896,-208.670957,3.171554,1396040.241373,1161963.722221,2307281.277987,207665.608343,1090450.534908,367.791829,98.479779,210.023203,30.146871,36.176245,85.416135,23.112601,49.239890,7.034270,8.039166,523.550663,140.685399,299.458920,43.210515,51.249681,3.000000,2.000000,3.000000,0.000000,1.000000,0.000000,1.000000,2.000000,0.000000,1.000000,0.000000,1.000000,3.000000,0.000000,1.000000,1553.000000,438.000000,932.000000,136.000000,161.000000,5.000000,
0.049627,0.992350,0.134155,0.120559,0.506717,0.004896,-208.670957,3.171554,1396040.241373,1161963.722221,2307281.277987,207665.608343,1090450.534908,367.791829,98.479779,210.023203,30.146871,36.176245,85.416135,23.112601,49.239890,7.034270,8.039166,523.550663,140.685399,299.458920,43.210515,51.249681,3.000000,2.000000,3.000000,0.000000,1.000000,0.000000,1.000000,2.000000,0.000000,1.000000,0.000000,1.000000,3.000000,0.000000,1.000000,1553.000000,438.000000,932.000000,136.000000,161.000000,5.000000,
0.049627,0.992350,0.134155,0.120559,0.506717,0.004896,-208.670957,3.171554,1396040.241373,1161963.722221,2307281.277987,207665.608343,1090450.534908,367.791829,98.479779,210.023203,30.146871,36.176245,85.416135,23.112601,49.239890,7.034270,8.039166,523.550663,140.685399,299.458920,43.210515,51.249681,3.000000,2.000000,3.000000,0.000000,1.000000,0.000000,1.000000,2.000000,0.000000,1.000000,0.000000,1.000000,3.000000,0.000000,1.000000,1553.000000,438.000000,932.000000,136.000000,161.000000,5.000000,
0.049627,0.992350,0.134155,0.120559,0.506717,0.004896,-208.670957,3.171554,1396040.241373,1161963.722221,2307281.277987,207665.608343,1090450.534908,367.791829,98.479779,210.023203,30.146871,36.176245,85.416135,23.112601,49.239890,7.034270,8.039166,523.550663,140.685399,299.458920,43.210515,51.249681,3.000000,2.000000,3.000000,0.000000,1.000000,0.000000,1.000000,2.000000,0.000000,1.000000,0.000000,1.000000,3.000000,0.000000,1.000000,1553.000000,438.000000,932.000000,136.000000,161.000000,5.000000,
0.049627,0.992350,0.134155,0.120559,0.506717,0.004896,-208.670957,3.171554,1396040.241373,1161963.722221,2307281.277987,207665.608343,1090450.534908,367.791829,98.479779,210.023203,30.146871,36.176245,85.416135,23.112601,49.239890,7.034270,8.039166,523.550663,140.685399,299.458920,43.210515,51.249681,3.000000,2.000000,3.000000,0.000000,1.000000,0.000000,1.000000,2.000000,0.000000,1.000000,0.000000,1.000000,3.000000,0.000000,1.000000,1553.000000,438.000000,932.000000,136.000000,161.000000,5.000000,
0.049627,0.992350,0.134155,0.120559,0.506717,0.004896,-208.670957,3.171554,1396040.241373,1161963.722221,2307281.277987,207665.608343,1090450.534908,367.791829,98.479779,210.023203,30.146871,36.176245,85.416135,23.112601,49.239890,7.034270,8.039166,523.550663,140.685399,299.458920,43.210515,51.249681,3.000000,2.000000,3.000000,0.000000,1.000000,0.000000,1.000000,2.000000,0.000000,1.000000,0.000000,1.000000,3.000000,0.000000,1.000000,1553.000000,438.000000,932.000000,136.000000,161.000000,5.000000,
0.049627,0.992350,0.134155,0.120559,0.506717,0.004896,-208.670957,3.171554,1396040.241373,1161963.722221,2307281.277987,207665.608343,1090450.534908,367.791829,98.479779,210.023203,30.146871,36.176245,85.416135,23.112601,49.239890,7.034270,8.039166,523.550663,140.685399,299.458920,43.210515,51.249681,3.000000,2.000000,3.000000,0.000000,1.000000,0.000000,1.000000,2.000000,0.000000,1.000000,0.000000,1.000000,3.000000,0.000000,1.000000,1553.000000,438.000000,932.000000,136.000000,161.000000,5.000000,
0.049627,0.992350,0.134155,0.120559,0.506717,0.004896,-208.670957,3.171554,1396040.241373,1161963.722221,2307281.277987,207665.608343,1090450.534908,367.791829,98.479779,210.023203,30.146871,36.176245,85.416135,23.112601,49.239890,7.034270,8.039166,523.550663,140.685399,299.458920,43.210515,51.249681,3.000000,2.000000,3.000000,0.000000,1.000000,0.000000,1.000000,2.000000,0.000000,1.000000,0.000000,1.000000,3.000000,0.000000,1.000000,1553.000000,438.000000,932.000000,136.000000,161.000000,5.000000,
0.049627,0.992350,0.134155,0.120559,0.506717,0.004896,-208.670957,3.171554,1396040.241373,1161963.722221,2307281.277987,207665.608343,1090450.534908,367.791829,98.479779,210.023203,30.146871,36.176245,85.416135,23.112601,49.239890,7.034270,8.039166,523.550663,140.685399,299.458920,43.210515,51.249681,3.000000,2.000000,3.000000,0.000000,1.000000,0.000000,1.000000,2.000000,0.000000,1.000000,0.000000,1.000000,3.000000,0.000000,1.000000,1553.000000,438.000000,932.000000,136.000000,161.000000,5.000000,
0.049627,0.992350,0.134155,0.120559,0.506717,0.004896,-208.670957,3.171554,1396040.241373,1161963.722221,2307281.277987,207665.608343,1090450.534908,367.791829,98.479779,210.023203,30.146871,36.176245,85.416135,23.112601,49.239890,7.034270,8.039166,523.550663,140.685399,299.458920,43.210515,51.249681,3.000000,2.000000,3.000000,0.000000,1.000000,0.000000,1.000000,2.000000,0.000000,1.000000,0.000000,1.000000,3.000000,0.000000,1.000000,1553.000000,438.000000,932.000000,136.000000,161.000000,5.000000,
0.049627,0.992350,0.134155,0.120559,0.506717,0.004896,-208.670957,3.171554,1396040.241373,1161963.722221,2307281.277987,207665.608343,1090450.534908,367.791829,98.479779,210.023203,30.146871,36.176245,85.416135,23.112601,49.239890,7.034270,8.039166,523.550663,140.685399,299.458920,43.210515,51.249681,3.000000,2.000000,3.000000,0.000000,1.000000,0.000000,1.000000,2.000000,0.000000,1.000000,0.000000,1.000000,3.000000,0.000000,1.000000,1553.000000,438.000000,932.000000,136.000000,161.000000,5.000000,
0.049627,0.992350,0.134155,0.120559,0.506717,0.004896,-208.670957,3.171554,1396040.241373,1161963.722221,2307281.277987,207665.608343,1090450.534908,367.791829,98.479779,210.023203,30.146871,36.176245,85.416135,23.112601,49.239890,7.034270,8.039166,523.550663,140.685399,299.458920,43.210515,51.249681,3.000000,2.000000,3.000000,0.000000,1.000000,0.000000,1.000000,2.000000,0.000000,1.000000,0.000000,1.000000,3.000000,0.000000,1.000000,1553.000000,438.000000,932.000000,136.000000,161.000000,5.000000,
0.049627,0.992350,0.134155,0.120559,0.506717,0.004896,-208.670957,3.171554,1396040.241373,1161963.722221,2307281.277987,207665.608343,1090450.534908,367.791829,98.479779,210.023203,30.146871,36.176245,85.416135,23.112601,49.239890,7.034270,8.039166,523.550663,140.685399,299.458920,43.210515,51.249681,3.000000,2.000000,3.000000,0.000000,1.000000,0.000000,1.000000,2.000000,0.000000,1.000000,0.000000,1.000000,3.000000,0.000000,1.000000,1553.000000,438.000000,932.000000,136.000000,161.000000,5.000000,
0.049627,0.992350,0.134155,0.120559,0.506717,0.004896,-208.670957,3.171554,1396040.241373,1161963.722221,2307281.277987,207665.608343,1090450.534908,367.791829,98.479779,210.023203,30.146871,36.176245,85.416135,23.112601,49.239890,7.034270,8.039166,523.550663,140.685399,299.458920,43.210515,51.249681,3.000000,2.000000,3.000000,0.000000,1.000000,0.000000,1.000000,2.000000,0.000000,1.000000,0.000000,1.000000,3.000000,0.000000,1.000000,1553.000000,438.000000,932.000000,136.000000,161.000000,5.000000,
0.049627,0.992350,0.134155,0.120559,0.506717,0.004896,-208.670957,3.171554,1396040.241373,1161963.722221,2307281.277987,207665.608343,1090450.534908,367.791829,98.479779,210.023203,30.146871,36.176245,85.416135,23.112601,49.239890,7.034270,8.039166,523.550663,140.685399,299.458920,43.210515,51.249681,3.000000,2.000000,3.000000,0.000000,1.000000,0.000000,1.000000,2.000000,0.000000,1.000000,0.000000,1.000000,3.000000,0.000000,1.000000,1553.000000,438.000000,932.000000,136.000000,161.000000,5.000000,
0.049571,0.996354,0.135628,0.134491,0.478337,0.005683,-207.937785,3.171300,1396039.476059,1161963.516720,2307280.840215,207665.545355,1090450.460109,368.080002,98.556941,210.187761,30.170492,36.204590,85.483061,23.130711,49.278470,7.039781,8.045465,523.960878,140.795629,299.693554,43.244372,51.289836,3.000000,2.000000,3.000000,0.000000,1.000000,0.000000,1.000000,2.000000,0.000000,1.000000,0.000000,1.000000,3.000000,0.000000,1.000000,1553.000000,438.000000,932.000000,136.000000,161.000000,5.000000,
0.049571,0.996354,0.135628,0.134491,0.478337,0.005683,-207.937785,3.171300,1396039.476059,1161963.516720,2307280.840215,207665.545355,1090450.460109,368.080002,98.556941,210.187761,30.170492,36.204590,85.483061,23.130711,49.278470,7.039781,8.045465,523.960878,140.795629,299.693554,43.244372,51.289836,3.000000,2.000000,3.000000,0.000000,1.000000,0.000000,1.000000,2.000000,0.000000,1.000000,0.000000,1.000000,3.000000,0.000000,1.000000,1553.000000,438.000000,932.000000,136.000000,161.000000,5.000000,
0.049571,0.996354,0.135628,0.134491,0.478337,0.005683,-207.937785,3.171300,1396039.476059,1161963.516720,2307280.840215,207665.545355,1090450.460109,368.080002,98.556941,210.187761,30.170492,36.204590,85.483061,23.130711,49.278470,7.039781,8.045465,523.960878,140.795629,299.693554,43.244372,51.289836,3.000000,2.000000,3.000000,0.000000,1.000000,0.000000,1.000000,2.000000,0.000000,1.000000,0.000000,1.000000,3.000000,0.000000,1.000000,1553.000000,438.000000,932.000000,136.000000,161.000000,5.000000,
0.049571,0.996354,0.135628,0.134491,0.478337,0.005683,-207.937785,3.171300,1396039.476059,1161963.516720,2307280.840215,207665.545355,1090450.460109,368.080002,98.556941,210.187761,30.170492,36.204590,85.483061,23.130711,49.278470,7.039781,8.045465,523.960878,140.795629,299.693554,43.244372,51.289836,3.000000,2.000000,3.000000,0.000000,1.000000,0.000000,1.000000,2.000000,0.000000,1.000000,0.000000,1.000000,3.000000,0.000000,1.000000,1553.000000,438.000000,932.000000,136.000000,161.000000,5.000000,
0.049570,0.998253,0.136975,0.122815,0.498533,0.005471,-207.115560,3.174224,1396039.682155,1161963.572060,2307280.958105,207665.562317,1090450.480252,368.002398,98.536161,210.143446,30.164131,36.196957,85.465038,23.125834,49.268081,7.038297,8.043768,523.850409,140.765945,299.630368,43.235254,51.279023,3.000000,2.000000,3.000000,0.000000,1.000000,0.000000,1.000000,2.000000,0.000000,1.000000,0.000000,1.000000,3.000000,0.000000,1.000000,1553.000000,438.000000,932.000000,136.000000,161.000000,5.000000,
0.049570,0.998253,0.136975,0.122815,0.498533,0.005471,-207.115560,3.174224,1396039.682155,1161963.572060,2307280.958105,207665.562317,1090450.480252,368.002398,98.536161,210.143446,30.164131,36.196957,85.465038,23.125834,49.268081,7.038297,8.043768,523.850409,140.765945,299.630368,43.235254,51.279023,3.000000,2.000000,3.000000,0.000000,1.000000,0.000000,1.000000,2.000000,0.000000,1.000000,0.000000,1.000000,3.000000,0.000000,1.000000,1553.000000,438.000000,932.000000,136.000000,161.000000,5.000000,
0.049570,0.998253,0.136975,0.122815,0.498533,0.005471,-207.115560,3.174224,1396039.682155,1161963.572060,2307280.958105,207665.562317,1090450.480252,368.002398,98.536161,210.143446,30.164131,36.196957,85.465038,23.125834,49.268081,7.038297,8.043768,523.850409,140.765945,299.630368,43.235254,51.279023,3.000000,2.000000,3.000000,0.000000,1.000000,0.000000,1.000000,2.000000,0.000000,1.000000,0.000000,1.000000,3.000000,0.000000,1.000000,1553.000000,438.000000,932.000000,136.000000,161.000000,5.000000,
0.049570,0.998253,0.136975,0.122815,0.498533,0.005471,-207.115560,3.174224,1396039.682155,1161963.572060,2307280.958105,207665.562317,1090450.480252,368.002398,98.536161,210.143446,30.164131,36.196957,85.465038,23.125834,49.268081,7.038297,8.043768,523.850409,140.765945,299.630368,43.235254,51.279023,3.000000,2.000000,3.000000,0.000000,1.000000,0.000000,1.000000,2.000000,0.000000,1.000000,0.000000,1.000000,3.000000,0.000000,1.000000,1553.000000,438.000000,932.000000,136.000000,161.000000,5.000000,
0.049536,0.999369,0.139662,0.136577,0.453938,0.005658,-206.081388,3.178092,1396039.500008,1161963.523150,2307280.853914,207665.547326,1090450.462449,368.070985,98.554526,210.182611,30.169753,36.203703,85.480966,23.130144,49.277263,7.039609,8.045267,523.948041,140.792180,299.686212,43.243312,51.288580,3.000000,2.000000,3.000000,0.000000,1.000000,0.000000,1.000000,2.000000,0.000000,1.000000,0.000000,1.000000,3.000000,0.000000,1.000000,1553.000000,438.000000,932.000000,136.000000,161.000000,5.000000,
0.049536,0.999369,0.139662,0.136577,0.453938,0.005658,-206.081388,3.178092,1396039.500008,1161963.523150,2307280.853914,207665.547326,1090450.462449,368.070985,98.554526,210.182611,30.169753,36.203703,85.480966,23.130144,49.277263,7.039609,8.045267,523.948041,140.792180,299.686212,43.243312,51.288580,3.000000,2.000000,3.000000,0.000000,1.000000,0.000000,1.000000,2.000000,0.000000,1.000000,0.000000,1.000000,3.000000,0.000000,1.000000,1553.000000,438.000000,932.000000,136.000000,161.000000,5.000000,
0.049536,0.999369,0.139662,0.136577,0.453938,0.005658,-206.081388,3.178092,1396039.500008,1161963.523150,2307280.853914,207665.547326,1090450.462449,368.070985,98.554526,210.182611,30.169753,36.203703,85.480966,23.130144,49.277263,7.039609,8.045267,523.948041,140.792180,299.686212,43.243312,51.288580,3.000000,2.000000,3.000000,0.000000,1.000000,0.000000,1.000000,2.000000,0.000000,1.000000,0.000000,1.000000,3.000000,0.000000,1.000000,1553.000000,438.000000,932.000000,136.000000,161.000000,5.000000,
0.049536,0.999369,0.139662,0.136577,0.453938,0.005658,-206.081388,3.178092,1396039.500008,1161963.523150,2307280.853914,207665.547326,1090450.462449,368.070985,98.554526,210.182611,30.169753,36.203703,85.480966,23.130144,49.277263,7.039609,8.045267,523.948041,140.792180,299.686212,43.243312,51.288580,3.000000,2.000000,3.000000,0.000000,1.000000,0.000000,1.000000,2.000000,0.000000,1.000000,0.000000,1.000000,3.000000,0.000000,1.000000,1553.000000,438.000000,932.000000,136.000000,161.000000,5.000000,
0.049536,0.999369,0.139662,0.136577,0.453938,0.005658,-206.081388,3.178092,1396039.500008,1161963.523150,2307280.853914,207665.547326,1090450.462449,368.070985,98.554526,210.182611,30.169753,36.203703,85.480966,23.130144,49.277263,7.039609,8.045267,523.948041,140.792180,299.686212,43.243312,51.288580,3.000000,2.000000,3.000000,0.000000,1.000000,0.000000,1.000000,2.000000,0.000000,1.000000,0.000000,1.000000,3.000000,0.000000,1.000000,1553.000000,438.000000,932.000000,136.000000,161.000000,5.000000,
0.049536,0.999369,0.139662,0.136577,0.453938,0.005658,-206.081388,3.178092,1396039.500008,1161963.523150,2307280.853914,207665.547326,1090450.462449,368.070985,98.554526,210.182611,30.169753,36.203703,85.480966,23.130144,49.277263,7.039609,8.045267,523.948041,140.792180,299.686212,43.243312,51.288580,3.000000,2.000000,3.000000,0.000000,1.000000,0.000000,1.000000,2.000000,0.000000,1.000000,0.000000,1.000000,3.000000,0.000000,1.000000,1553.000000,438.000000,932.000000,136.000000,161.000000,5.000000,
0.049536,0.999369,0.139662,0.136577,0.453938,0.005658,-206.081388,3.178092,1396039.500008,1161963.523150,2307280.853914,207665.547326,1090450.462449,368.070985,98.554526,210.182611,30.169753,36.203703,85.480966,23.130144,49.277263,7.039609,8.045267,523.948041,140.792180,299.686212,43.243312,51.288580,3.000000,2.000000,3.000000,0.000000,1.000000,0.000000,1.000000,2.000000,0.000000,1.000000,0.000000,1.000000,3.000000,0.000000,1.000000,1553.000000,438.000000,932.000000,136.000000,161.000000,5.000000,
0.049526,0.999082,0.139458,0.122170,0.487818,0.005947,-205.731815,3.176944,1396039.219221,1161963.447754,2307280.693299,207665.524216,1090450.435006,368.176713,98.582836,210.242986,30.178419,36.214103,85.505521,23.136788,49.291418,7.041631,8.047578,524.098545,140.832623,299.772296,43.255734,51.303312,3.000000,2.000000,3.000000,0.000000,1.000000,0.000000,1.000000,2.000000,0.000000,1.000000,0.000000,1.000000,3.000000,0.000000,1.000000,1553.000000,438.000000,932.000000,136.000000,161.000000,5.000000,
0.049526,0.999082,0.139458,0.122170,0.487818,0.005947,-205.731815,3.176944,1396039.219221,1161963.447754,2307280.693299,207665.524216,1090450.435006,368.176713,98.582836,210.242986,30.178419,36.214103,85.505521,23.136788,49.291418,7.041631,8.047578,524.098545,140.832623,299.772296,43.255734,51.303312,3.000000,2.000000,3.000000,0.000000,1.000000,0.000000,1.000000,2.000000,0.000000,1.000000,0.000000,1.000000,3.000000,0.000000,1.000000,1553.000000,438.000000,932.000000,136.000000,161.000000,5.000000,
0.049526,0.999082,0.139458,0.122170,0.487818,0.005947,-205.731815,3.176944,1396039.219221,1161963.447754,2307280.693299,207665.524216,1090450.435006,368.176713,98.582836,210.242986,30.178419,36.214103,85.505521,23.136788,49.291418,7.041631,8.047578,524.098545,140.832623,299.772296,43.255734,51.303312,3.000000,2.000000,3.000000,0.000000,1.000000,0.000000,1.000000,2.000000,0.000000,1.000000,0.000000,1.000000,3.000000,0.000000,1.000000,1553.000000,438.000000,932.000000,136.000000,161.000000,5.000000,
0.049526,0.999082,0.139458,0.122170,0.487818,0.005947,-205.731815,3.176944,1396039.219221,1161963.447754,2307280.693299,207665.524216,1090450.435006,368.176713,98.582836,210.242986,30.178419,36.214103,85.505521,23.136788,49.291418,7.041631,8.047578,524.098545,140.832623,299.772296,43.255734,51.303312,3.000000,2.000000,3.000000,0.000000,1.000000,0.000000,1.000000,2.000000,0.000000,1.000000,0.000000,1.000000,3.000000,0.000000,1.000000,1553.000000,438.000000,932.000000,136.000000,161.000000,5.000000,
0.049526,0.999082,0.139458,0.122170,0.487818,0.005947,-205.731815,3.176944,1396039.219221,1161963.447754,2307280.693299,207665.524216,1090450.435006,368.176713,98.582836,210.242986,30.178419,36.214103,85.505521,23.136788,49.291418,7.041631,8.047578,524.098545,140.832623,299.772296,43.255734,51.303312,3.000000,2.000000,3.000000,0.000000,1.000000,0.000000,1.000000,2.000000,0.000000,1.000000,0.000000,1.000000,3.000000,0.000000,1.000000,1553.000000,438.000000,932.000000,136.000000,161.000000,5.000000,
0.049526,0.999082,0.139458,0.122170,0.487818,0.005947,-205.731815,3.176944,1396039.219221,1161963.447754,2307280.693299,207665.524216,1090450.435006,368.176713,98.582836,210.242986,30.178419,36.214103,85.505521,23.136788,49.291418,7.041631,8.047578,524.098545,140.832623,299.772296,43.255734,51.303312,3.000000,2.000000,3.000000,0.000000,1.000000,0.000000,1.000000,2.000000,0.000000,1.000000,0.000000,1.000000,3.000000,0.000000,1.000000,1553.000000,438.000000,932.000000,136.000000,161.000000,5.000000,
0.049526,0.999082,0.139458,0.122170,0.487818,0.005947,-205.731815,3.176944,1396039.219221,1161963.447754,2307280.693299,207665.524216,1090450.435006,368.176713,98.582836,210.242986,30.178419,36.214103,85.505521,23.136788,49.291418,7.041631,8.047578,524.098545,140.832623,299.772296,43.255734,51.303312,3.000000,2.000000,3.000000,0.000000,1.000000,0.000000,1.000000,2.000000,0.000000,1.000000,0.000000,1.000000,3.000000,0.000000,1.000000,1553.000000,438.000000,932.000000,136.000000,161.000000,5.000000,
0.049526,0.999082,0.139458,0.122170,0.487818,0.005947,-205.731815,3.176944,1396039.219221,1161963.447754,2307280.693299,207665.524216,1090450.435006,368.176713,98.582836,210.242986,30.178419,36.214103,85.505521,23.136788,49.291418,7.041631,8.047578,524.098545,140.832623,299.772296,43.255734,51.303312,3.000000,2.000000,3.000000,0.000000,1.000000,0.000000,1.000000,2.000000,0.000000,1.000000,0.000000,1.000000,3.000000,0.000000,1.000000,1553.000000,438.000000,932.000000,136.000000,161.000000,5.000000,
0.049526,0.999082,0.139458,0.122170,0.487818,0.005947,-205.731815,3.176944,1396039.219221,1161963.447754,2307280.693299,207665.524216,1090450.435006,368.176713,98.582836,210.242986,30.178419,36.214103,85.505521,23.136788,49.291418,7.041631,8.047578,524.098545,140.832623,299.772296,43.255734,51.303312,3.000000,2.000000,3.000000,0.000000,1.000000,0.000000,1.000000,2.000000,0.000000,1.000000,0.000000,1.000000,3.000000,0.000000,1.000000,1553.000000,438.000000,932.000000,136.000000,161.000000,5.000000,
0.049526,0.999082,0.139458,0.122170,0.487818,0.005947,-205.731815,3.176944,1396039.219221,1161963.447754,2307280.693299,207665.524216,1090450.435006,368.176713,98.582836,210.242986,30.178419,36.214103,85.505521,23.136788,49.291418,7.041631,8.047578,524.098545,140.832623,299.772296,43.255734,51.303312,3.000000,2.000000,3.000000,0.000000,1.000000,0.000000,1.000000,2.000000,0.000000,1.000000,0.000000,1.000000,3.000000,0.000000,1.000000,1553.000000,438.000000,932.000000,136.000000,161.000000,5.000000,
0.049526,0.999082,0.139458,0.122170,0.487818,0.005947,-205.731815,3.176944,1396039.219221,1161963.447754,2307280.693299,207665.524216,1090450.435006,368.176713,98.582836,210.242986,30.178419,36.214103,85.505521,23.136788,49.291418,7.041631,8.047578,524.098545,140.832623,299.772296,43.255734,51.303312,3.000000,2.000000,3.000000,0.000000,1.000000,0.000000,1.000000,2.000000,0.000000,1.000000,0.000000,1.000000,3.000000,0.000000,1.000000,1553.000000,438.000000,932.000000,136.000000,161.000000,5.000000,
0.049526,0.999082,0.139458,0.122170,0.487818,0.005947,-205.731815,3.176944,1396039.219221,1161963.447754,2307280.693299,207665.524216,1090450.435006,368.176713,98.582836,210.242986,30.178419,36.214103,85.505521,23.136788,49.291418,7.041631,8.047578,524.098545,140.832623,299.772296,43.255734,51.303312,3.000000,2.000000,3.000000,0.000000,1.000000,0.000000,1.000000,2.000000,0.000000,1.000000,0.000000,1.000000,3.000000,0.000000,1.000000,1553.000000,438.000000,932.000000,136.000000,161.000000,5.000000,
0.049526,0.999082,0.139458,0.122170,0.487818,0.005947,-205.731815,3.176944,1396039.219221,1161963.447754,2307280.693299,207665.524216,1090450.435006,368.176713,98.582836,210.242986,30.178419,36.214103,85.505521,23.136788,49.291418,7.041631,8.047578,524.098545,140.832623,299.772296,43.255734,51.303312,3.000000,2.000000,3.000000,0.000000,1.000000,0.000000,1.000000,2.000000,0.000000,1.000000,0.000000,1.000000,3.000000,0.000000,1.000000,1553.000000,438.000000,932.000000,136.000000,161.000000,5.000000,
0.049526,0.999082,0.139458,0.122170,0.487818,0.005947,-205.731815,3.176944,1396039.219221,1161963.447754,2307280.693299,207665.524216,1090450.435006,368.176713,98.582836,210.242986,30.178419,36.214103,85.505521,23.136788,49.291418,7.041631,8.047578,524.098545,140.832623,299.772296,43.255734,51.303312,3.000000,2.000000,3.000000,0.000000,1.000000,0.000000,1.000000,2.000000,0.000000,1.000000,0.000000,1.000000,3.000000,0.000000,1.000000,1553.000000,438.000000,932.000000,136.000000,161.000000,5.000000,
0.049526,0.999082,0.139458,0.122170,0.487818,0.005947,-205.731815,3.176944,1396039.219221,1161963.447754,2307280.693299,207665.524216,1090450.435006,368.176713,98.582836,210.242986,30.178419,36.214103,85.505521,23.136788,49.291418,7.041631,8.047578,524.098545,140.832623,299.772296,43.255734,51.303312,3.000000,2.000000,3.000000,0.000000,1.000000,0.000000,1.000000,2.000000,0.000000,1.000000,0.000000,1.000000,3.000000,0.000000,1.000000,1553.000000,438.000000,932.000000,136.000000,161.000000,5.000000,
0.049526,0.999082,0.139458,0.122170,0.487818,0.005947,-205.731815,3.176944,1396039.219221,1161963.447754,2307280.693299,207665.524216,1090450.435006,368.176713,98.582836,210.242986,30.178419,36.214103,85.505521,23.136788,49.291418,7.041631,8.047578,524.098545,140.832623,299.772296,43.255734,51.303312,3.000000,2.000000,3.000000,0.000000,1.000000,0.000000,1.000000,2.000000,0.000000,1.000000,0.000000,1.000000,3.000000,0.000000,1.000000,1553.000000,438.000000,932.000000,136.000000,161.000000,5.000000,
0.049526,0.999082,0.139458,0.122170,0.487818,0.005947,-205.731815,3.176944,1396039.219221,1161963.447754,2307280.693299,207665.524216,1090450.435006,368.176713,98.582836,210.242986,30.178419,36.214103,85.505521,23.136788,49.291418,7.041631,8.047578,524.098545,140.832623,299.772296,43.255734,51.303312,3.000000,2.000000,3.000000,0.000000,1.000000,0.000000,1.000000,2.000000,0.000000,1.000000,0.000000,1.000000,3.000000,0.000000,1.000000,1553.000000,438.000000,932.000000,136.000000,161.000000,5.000000,
0.049526,0.999082,0.139458,0.122170,0.487818,0.005947,-205.731815,3.176944,1396039.219221,1161963.447754,2307280.693299,207665.524216,1090450.435006,368.176713,98.582836,210.242986,30.178419,36.214103,85.505521,23.136788,49.291418,7.041631,8.047578,524.098545,140.832623,299.772296,43.255734,51.303312,3.000000,2.000000,3.000000,0.000000,1.000000,0.000000,1.000000,2.000000,0.000000,1.000000,0.000000,1.000000,3.000000,0.000000,1.000000,1553.000000,438.000000,932.000000,136.000000,161.000000,5.000000,
0.049526,0.999082,0.139458,0.122170,0.487818,0.005947,-205.731815,3.176944,1396039.219221,1161963.447754,2307280.693299,207665.524216,1090450.435006,368.176713,98.582836,210.242986,30.178419,36.214103,85.505521,23.136788,49.291418,7.041631,8.047578,524.098545,140.832623,299.772296,43.255734,51.303312,3.000000,2.000000,3.000000,0.000000,1.000000,0.000000,1.000000,2.000000,0.000000,1.000000,0.000000,1.000000,3.000000,0.000000,1.000000,1553.000000,438.000000,932.000000,136.000000,161.000000,5.000000,
0.049526,0.999082,0.139458,0.122170,0.487818,0.005947,-205.731815,3.176944,1396039.219221,1161963.447754,2307280.693299,207665.524216,1090450.435006,368.176713,98.582836,210.242986,30.178419,36.214103,85.505521,23.136788,49.291418,7.041631,8.047578,524.098545,140.832623,299.772296,43.255734,51.303312,3.000000,2.000000,3.000000,0.000000,1.000000,0.000000,1.000000,2.000000,0.000000,1.000000,0.000000,1.000000,3.000000,0.000000,1.000000,1553.000000,438.000000,932.000000,136.000000,161.000000,5.000000,
0.049526,0.999082,0.139458,0.122170,0.487818,0.005947,-205.731815,3.176944,1396039.219221,1161963.447754,2307280.693299,207665.524216,1090450.435006,368.176713,98.582836,210.242986,30.178419,36.214103,85.505521,23.136788,49.291418,7.041631,8.047578,524.098545,140.832623,299.772296,43.255734,51.303312,3.000000,2.000000,3.000000,0.000000,1.000000,0.000000,1.000000,2.000000,0.000000,1.000000,0.000000,1.000000,3.000000,0.000000,1.000000,1553.000000,438.000000,932.000000,136.000000,161.000000,5.000000,
0.049526,0.999082,0.139458,0.122170,0.487818,0.005947,-205.731815,3.176944,1396039.219221,1161963.447754,2307280.693299,207665.524216,1090450.435006,368.176713,98.582836,210.242986,30.178419,36.214103,85.505521,23.136788,49.291418,7.041631,8.047578,524.098545,140.832623,299.772296,43.255734,51.303312,3.000000,2.000000,3.000000,0.000000,1.000000,0.000000,1.000000,2.000000,0.000000,1.000000,0.000000,1.000000,3.000000,0.000000,1.000000,1553.000000,438.000000,932.000000,136.000000,161.000000,5.000000,
0.049526,0.999082,0.139458,0.122170,0.487818,0.005947,-205.731815,3.176944,1396039.219221,1161963.447754,2307280.693299,207665.524216,1090450.435006,368.176713,98.582836,210.242986,30.178419,36.214103,85.505521,23.136788,49.291418,7.041631,8.047578,524.098545,140.832623,299.772296,43.255734,51.303312,3.000000,2.000000,3.000000,0.000000,1.000000,0.000000,1.000000,2.000000,0.000000,1.000000,0.000000,1.000000,3.000000,0.000000,1.000000,1553.000000,438.000000,932.000000,136.000000,161.000000,5.000000,
0.049526,0.999082,0.139458,0.122170,0.487818,0.005947,-205.731815,3.176944,1396039.219221,1161963.447754,2307280.693299,207665.524216,1090450.435006,368.176713,98.582836,210.242986,30.178419,36.214103,85.505521,23.136788,49.291418,7.041631,8.047578,524.098545,140.832623,299.772296,43.255734,51.303312,3.000000,2.000000,3.000000,0.000000,1.000000,0.000000,1.000000,2.000000,0.000000,1.000000,0.000000,1.000000,3.000000,0.000000,1.000000,1553.000000,438.000000,932.000000,136.000000,161.000000,5.000000,
0.049526,0.999082,0.139458,0.122170,0.487818,0.005947,-205.731815,3.176944,1396039.219221,1161963.447754,2307280.693299,207665.524216,1090450.435006,368.176713,98.582836,210.242986,30.178419,36.214103,85.505521,23.136788,49.291418,7.041631,8.047578,524.098545,140.832623,299.772296,43.255734,51.303312,3.000000,2.000000,3.000000,0.000000,1.000000,0.000000,1.000000,2.000000,0.000000,1.000000,0.000000,1.000000,3.000000,0.000000,1.000000,1553.000000,438.000000,932.000000,136.000000,161.000000,5.000000,
0.049526,0.999082,0.139458,0.122170,0.487818,0.005947,-205.731815,3.176944,1396039.219221,1161963.447754,2307280.693299,207665.524216,1090450.435006,368.176713,98.582836,210.242986,30.178419,36.214103,85.505521,23.136788,49.291418,7.041631,8.047578,524.098545,140.832623,299.772296,43.255734,51.303312,3.000000,2.000000,3.000000,0.000000,1.000000,0.000000,1.000000,2.000000,0.000000,1.000000,0.000000,1.000000,3.000000,0.000000,1.000000,1553.000000,438.000000,932.000000,136.000000,161.000000,5.000000,
0.049515,0.996379,0.138249,0.127458,0.480857,0.006739,-206.380928,3.173586,1396038.449415,1161963.241047,2307280.252957,207665.460857,1090450.359768,368.466578,98.660450,210.408511,30.202179,36.242614,85.572839,23.155004,49.330225,7.047175,8.053914,524.511168,140.943500,300.008307,43.289789,51.343704,3.000000,2.000000,3.000000,0.000000,1.000000,0.000000,1.000000,2.000000,0.000000,1.000000,0.000000,1.000000,3.000000,0.000000,1.000000,1553.000000,438.000000,932.000000,136.000000,161.000000,5.000000,
0.049515,0.996379,0.138249,0.127458,0.480857,0.006739,-206.380928,3.173586,1396038.449415,1161963.241047,2307280.252957,207665.460857,1090450.359768,368.466578,98.660450,210.408511,30.202179,36.242614,85.572839,23.155004,49.330225,7.047175,8.053914,524.511168,140.943500,300.008307,43.289789,51.343704,3.000000,2.000000,3.000000,0.000000,1.000000,0.000000,1.000000,2.000000,0.000000,1.000000,0.000000,1.000000,3.000000,0.000000,1.000000,1553.000000,438.000000,932.000000,136.000000,161.000000,5.000000,
0.049515,0.996379,0.138249,0.127458,0.480857,0.006739,-206.380928,3.173586,1396038.449415,1161963.241047,2307280.252957,207665.460857,1090450.359768,368.466578,98.660450,210.408511,30.202179,36.242614,85.572839,23.155004,49.330225,7.047175,8.053914,524.511168,140.943500,300.008307,43.289789,51.343704,3.000000,2.000000,3.000000,0.000000,1.000000,0.000000,1.000000,2.000000,0.000000,1.000000,0.000000,1.000000,3.000000,0.000000,1.000000,1553.000000,438.000000,932.000000,136.000000,161.000000,5.000000,
0.049515,0.996379,0.138249,0.127458,0.480857,0.006739,-206.380928,3.173586,1396038.449415,1161963.241047,2307280.252957,207665.460857,1090450.359768,368.466578,98.660450,210.408511,30.202179,36.242614,85.572839,23.155004,49.330225,7.047175,8.053914,524.511168,140.943500,300.008307,43.289789,51.343704,3.000000,2.000000,3.000000,0.000000,1.000000,0.000000,1.000000,2.000000,0.000000,1.000000,0.000000,1.000000,3.000000,0.000000,1.000000,1553.000000,438.000000,932.000000,136.000000,161.000000,5.000000,
0.049515,0.996379,0.138249,0.127458,0.480857,0.006739,-206.380928,3.173586,1396038.449415,1161963.241047,2307280.252957,207665.460857,1090450.359768,368.466578,98.660450,210.408511,30.202179,36.242614,85.572839,23.155004,49.330225,7.047175,8.053914,524.511168,140.943500,300.008307,43.289789,51.343704,3.000000,2.000000,3.000000,0.000000,1.000000,0.000000,1.000000,2.000000,0.000000,1.000000,0.000000,1.000000,3.000000,0.000000,1.000000,1553.000000,438.000000,932.000000,136.000000,161.000000,5.000000,
0.049515,0.996379,0.138249,0.127458,0.480857,0.006739,-206.380928,3.173586,1396038.449415,1161963.241047,2307280.252957,207665.460857,1090450.359768,368.466578,98.660450,210.408511,30.202179,36.242614,85.572839,23.155004,49.330225,7.047175,8.053914,524.511168,140.943500,300.008307,43.289789,51.343704,3.000000,2.000000,3.000000,0.000000,1.000000,0.000000,1.000000,2.000000,0.000000,1.000000,0.000000,1.000000,3.000000,0.000000,1.000000,1553.000000,438.000000,932.000000,136.000000,161.000000,5.000000,
0.049517,0.997694,0.141236,0.110822,0.503115,0.005576,-205.492183,3.180387,1396039.580386,1161963.544733,2307280.899892,207665.553941,1090450.470305,368.040719,98.546422,210.165329,30.167272,36.200726,85.473937,23.128242,49.273211,7.039030,8.044606,523.904958,140.780603,299.661569,43.239757,51.284362,3.000000,2.000000,3.000000,0.000000,1.000000,0.000000,1.000000,2.000000,0.000000,1.000000,0.000000,1.000000,3.000000,0.000000,1.000000,1553.000000,438.000000,932.000000,136.000000,161.000000,5.000000,
0.049517,0.997694,0.141236,0.110822,0.503115,0.005576,-205.492183,3.180387,1396039.580386,1161963.544733,2307280.899892,207665.553941,1090450.470305,368.040719,98.546422,210.165329,30.167272,36.200726,85.473937,23.128242,49.273211,7.039030,8.044606,523.904958,140.780603,299.661569,43.239757,51.284362,3.000000,2.000000,3.000000,0.000000,1.000000,0.000000,1.000000,2.000000,0.000000,1.000000,0.000000,1.000000,3.000000,0.000000,1.000000,1553.000000,438.000000,932.000000,136.000000,161.000000,5.000000,
0.049517,0.997694,0.141236,0.110822,0.503115,0.005576,-205.492183,3.180387,1396039.580386,1161963.544733,2307280.899892,207665.553941,1090450.470305,368.040719,98.546422,210.165329,30.167272,36.200726,85.473937,23.128242,49.273211,7.039030,8.044606,523.904958,140.780603,299.661569,43.239757,51.284362,3.000000,2.000000,3.000000,0.000000,1.000000,0.000000,1.000000,2.000000,0.000000,1.000000,0.000000,1.000000,3.000000,0.000000,1.000000,1553.000000,438.000000,932.000000,136.000000,161.000000,5.000000,
0.049537,0.990505,0.142250,0.107671,0.497230,0.005444,-206.480592,3.183930,1396039.708690,1161963.579185,2307280.973284,207665.564501,1090450.482845,367.992407,98.533486,210.137740,30.163312,36.195974,85.462717,23.125206,49.266743,7.038106,8.043550,523.836186,140.762123,299.622233,43.234081,51.277630,3.000000,2.000000,3.000000,0.000000,1.000000,0.000000,1.000000,2.000000,0.000000,1.000000,0.000000,1.000000,3.000000,0.000000,1.000000,1553.000000,438.000000,932.000000,136.000000,161.000000,5.000000,
0.049537,0.990505,0.142250,0.107671,0.497230,0.005444,-206.480592,3.183930,1396039.708690,1161963.579185,2307280.973284,207665.564501,1090450.482845,367.992407,98.533486,210.137740,30.163312,36.195974,85.462717,23.125206,49.266743,7.038106,8.043550,523.836186,140.762123,299.622233,43.234081,51.277630,3.000000,2.000000,3.000000,0.000000,1.000000,0.000000,1.000000,2.000000,0.000000,1.000000,0.000000,1.000000,3.000000,0.000000,1.000000,1553.000000,438.000000,932.000000,136.000000,161.000000,5.000000,
0.049537,0.990505,0.142250,0.107671,0.497230,0.005444,-206.480592,3.183930,1396039.708690,1161963.579185,2307280.973284,207665.564501,1090450.482845,367.992407,98.533486,210.137740,30.163312,36.195974,85.462717,23.125206,49.266743,7.038106,8.043550,523.836186,140.762123,299.622233,43.234081,51.277630,3.000000,2.000000,3.000000,0.000000,1.000000,0.000000,1.000000,2.000000,0.000000,1.000000,0.000000,1.000000,3.000000,0.000000,1.000000,1553.000000,438.000000,932.000000,136.000000,161.000000,5.000000,
0.049537,0.990505,0.142250,0.107671,0.497230,0.005444,-206.480592,3.183930,1396039.708690,1161963.579185,2307280.973284,207665.564501,1090450.482845,367.992407,98.533486,210.137740,30.163312,36.195974,85.462717,23.125206,49.266743,7.038106,8.043550,523.836186,140.762123,299.622233,43.234081,51.277630,3.000000,2.000000,3.000000,0.000000,1.000000,0.000000,1.000000,2.000000,0.000000,1.000000,0.000000,1.000000,3.000000,0.000000,1.000000,1553.000000,438.000000,932.000000,136.000000,161.000000,5.000000,
0.049537,0.990505,0.142250,0.107671,0.497230,0.005444,-206.480592,3.183930,1396039.708690,1161963.579185,2307280.973284,207665.564501,1090450.482845,367.992407,98.533486,210.137740,30.163312,36.195974,85.462717,23.125206,49.266743,7.038106,8.043550,523.836186,140.762123,299.622233,43.234081,51.277630,3.000000,2.000000,3.000000,0.000000,1.000000,0.000000,1.000000,2.000000,0.000000,1.000000,0.000000,1.000000,3.000000,0.000000,1.000000,1553.000000,438.000000,932.000000,136.000000,161.000000,5.000000,
0.049537,0.990505,0.142250,0.107671,0.497230,0.005444,-206.480592,3.183930,1396039.708690,1161963.579185,2307280.973284,207665.564501,1090450.482845,367.992407,98.533486,210.137740,30.163312,36.195974,85.462717,23.125206,49.266743,7.038106,8.043550,523.836186,140.762123,299.622233,43.234081,51.277630,3.000000,2.000000,3.000000,0.000000,1.000000,0.000000,1.000000,2.000000,0.000000,1.000000,0.000000,1.000000,3.000000,0.000000,1.000000,1553.000000,438.000000,932.000000,136.000000,161.000000,5.000000,
0.049537,0.990505,0.142250,0.107671,0.497230,0.005444,-206.480592,3.183930,1396039.708690,1161963.579185,2307280.973284,207665.564501,1090450.482845,367.992407,98.533486,210.137740,30.163312,36.195974,85.462717,23.125206,49.266743,7.038106,8.043550,523.836186,140.762123,299.622233,43.234081,51.277630,3.000000,2.000000,3.000000,0.000000,1.000000,0.000000,1.000000,2.000000,0.000000,1.000000,0.000000,1.000000,3.000000,0.000000,1.000000,1553.000000,438.000000,932.000000,136.000000,161.000000,5.000000,
0.049537,0.990505,0.142250,0.107671,0.497230,0.005444,-206.480592,3.183930,1396039.708690,1161963.579185,2307280.973284,207665.564501,1090450.482845,367.992407,98.533486,210.137740,30.163312,36.195974,85.462717,23.125206,49.266743,7.038106,8.043550,523.836186,140.762123,299.622233,43.234081,51.277630,3.000000,2.000000,3.000000,0.000000,1.000000,0.000000,1.000000,2.000000,0.000000,1.000000,0.000000,1.000000,3.000000,0.000000,1.000000,1553.000000,438.000000,932.000000,136.000000,161.000000,5.000000,
0.049537,0.990505,0.142250,0.107671,0.497230,0.005444,-206.480592,3.183930,1396039.708690,1161963.579185,2307280.973284,207665.564501,1090450.482845,367.992407,98.533486,210.137740,30.163312,36.195974,85.462717,23.125206,49.266743,7.038106,8.043550,523.836186,140.762123,299.622233,43.234081,51.277630,3.000000,2.000000,3.000000,0.000000,1.000000,0.000000,1.000000,2.000000,0.000000,1.000000,0.000000,1.000000,3.000000,0.000000,1.000000,1553.000000,438.000000,932.000000,136.000000,161.000000,5.000000,
0.049537,0.990505,0.142250,0.107671,0.497230,0.005444,-206.480592,3.183930,1396039.708690,1161963.579185,2307280.973284,207665.564501,1090450.482845,367.992407,98.533486,210.137740,30.163312,36.195974,85.462717,23.125206,49.266743,7.038106,8.043550,523.836186,140.762123,299.622233,43.234081,51.277630,3.000000,2.000000,3.000000,0.000000,1.000000,0.000000,1.000000,2.000000,0.000000,1.000000,0.000000,1.000000,3.000000,0.000000,1.000000,1553.000000,438.000000,932.000000,136.000000,161.000000,5.000000,
0.049526,0.988011,0.142894,0.117527,0.470504,0.005768,-206.896204,3.184656,1396039.393756,1161963.494620,2307280.793136,207665.538581,1090450.452065,368.110993,98.565239,210.205458,30.173032,36.207639,85.490258,23.132658,49.282619,7.040374,8.046142,524.004993,140.807484,299.718787,43.248013,51.294155,3.000000,2.000000,3.000000,0.000000,1.000000,0.000000,1.000000,2.000000,0.000000,1.000000,0.000000,1.000000,3.000000,0.000000,1.000000,1553.000000,438.000000,932.000000,136.000000,161.000000,5.000000,
0.049526,0.988011,0.142894,0.117527,0.470504,0.005768,-206.896204,3.184656,1396039.393756,1161963.494620,2307280.793136,207665.538581,1090450.452065,368.110993,98.565239,210.205458,30.173032,36.207639,85.490258,23.132658,49.282619,7.040374,8.046142,524.004993,140.807484,299.718787,43.248013,51.294155,3.000000,2.000000,3.000000,0.000000,1.000000,0.000000,1.000000,2.000000,0.000000,1.000000,0.000000,1.000000,3.000000,0.000000,1.000000,1553.000000,438.000000,932.000000,136.000000,161.000000,5.000000,
0.049526,0.988011,0.142894,0.117527,0.470504,0.005768,-206.896204,3.184656,1396039.393756,1161963.494620,2307280.793136,207665.538581,1090450.452065,368.110993,98.565239,210.205458,30.173032,36.207639,85.490258,23.132658,49.282619,7.040374,8.046142,524.004993,140.807484,299.718787,43.248013,51.294155,3.000000,2.000000,3.000000,0.000000,1.000000,0.000000,1.000000,2.000000,0.000000,1.000000,0.000000,1.000000,3.000000,0.000000,1.000000,1553.000000,438.000000,932.000000,136.000000,161.000000,5.000000,
0.049526,0.988011,0.142894,0.117527,0.470504,0.005768,-206.896204,3.184656,1396039.393756,1161963.494620,2307280.793136,207665.538581,1090450.452065,368.110993,98.565239,210.205458,30.173032,36.207639,85.490258,23.132658,49.282619,7.040374,8.046142,524.004993,140.807484,299.718787,43.248013,51.294155,3.000000,2.000000,3.000000,0.000000,1.000000,0.000000,1.000000,2.000000,0.000000,1.000000,0.000000,1.000000,3.000000,0.000000,1.000000,1553.000000,438.000000,932.000000,136.000000,161.000000,5.000000,
0.049526,0.988011,0.142894,0.117527,0.470504,0.005768,-206.896204,3.184656,1396039.393756,1161963.494620,2307280.793136,207665.538581,1090450.452065,368.110993,98.565239,210.205458,30.173032,36.207639,85.490258,23.132658,49.282619,7.040374,8.046142,524.004993,140.807484,299.718787,43.248013,51.294155,3.000000,2.000000,3.000000,0.000000,1.000000,0.000000,1.000000,2.000000,0.000000,1.000000,0.000000,1.000000,3.000000,0.000000,1.000000,1553.000000,438.000000,932.000000,136.000000,161.000000,5.000000,
0.049474,0.996042,0.142997,0.118384,0.476854,0.006009,-205.396960,3.181533,1396039.159189,1161963.431634,2307280.658960,207665.519275,1090450.429139,368.199318,98.588888,210.255895,30.180272,36.216326,85.510771,23.138208,49.294444,7.042063,8.048073,524.130723,140.841269,299.790701,43.258390,51.306462,3.000000,2.000000,3.000000,0.000000,1.000000,0.000000,1.000000,2.000000,0.000000,1.000000,0.000000,1.000000,3.000000,0.000000,1.000000,1553.000000,438.000000,932.000000,136.000000,161.000000,5.000000,
0.049474,0.996042,0.142997,0.118384,0.476854,0.006009,-205.396960,3.181533,1396039.159189,1161963.431634,2307280.658960,207665.519275,1090450.429139,368.199318,98.588888,210.255895,30.180272,36.216326,85.510771,23.138208,49.294444,7.042063,8.048073,524.130723,140.841269,299.790701,43.258390,51.306462,3.000000,2.000000,3.000000,0.000000,1.000000,0.000000,1.000000,2.000000,0.000000,1.000000,0.000000,1.000000,3.000000,0.000000,1.000000,1553.000000,438.000000,932.000000,136.000000,161.000000,5.000000,
0.049474,0.996042,0.142997,0.118384,0.476854,0.006009,-205.396960,3.181533,1396039.159189,1161963.431634,2307280.658960,207665.519275,1090450.429139,368.199318,98.588888,210.255895,30.180272,36.216326,85.510771,23.138208,49.294444,7.042063,8.048073,524.130723,140.841269,299.790701,43.258390,51.306462,3.000000,2.000000,3.000000,0.000000,1.000000,0.000000,1.000000,2.000000,0.000000,1.000000,0.000000,1.000000,3.000000,0.000000,1.000000,1553.000000,438.000000,932.000000,136.000000,161.000000,5.000000,
0.049474,0.996042,0.142997,0.118384,0.476854,0.006009,-205.396960,3.181533,1396039.159189,1161963.431634,2307280.658960,207665.519275,1090450.429139,368.199318,98.588888,210.255895,30.180272,36.216326,85.510771,23.138208,49.294444,7.042063,8.048073,524.130723,140.841269,299.790701,43.258390,51.306462,3.000000,2.000000,3.000000,0.000000,1.000000,0.000000,1.000000,2.000000,0.000000,1.000000,0.000000,1.000000,3.000000,0.000000,1.000000,1553.000000,438.000000,932.000000,136.000000,161.000000,5.000000,
0.049474,0.996042,0.142997,0.118384,0.476854,0.006009,-205.396960,3.181533,1396039.159189,1161963.431634,2307280.658960,207665.519275,1090450.429139,368.199318,98.588888,210.255895,30.180272,36.216326,85.510771,23.138208,49.294444,7.042063,8.048073,524.130723,140.841269,299.790701,43.258390,51.306462,3.000000,2.000000,3.000000,0.000000,1.000000,0.000000,1.000000,2.000000,0.000000,1.000000,0.000000,1.000000,3.000000,0.000000,1.000000,1553.000000,438.000000,932.000000,136.000000,161.000000,5.000000,
0.049474,0.996042,0.142997,0.118384,0.476854,0.006009,-205.396960,3.181533,1396039.159189,1161963.431634,2307280.658960,207665.519275,1090450.429139,368.199318,98.588888,210.255895,30.180272,36.216326,85.510771,23.138208,49.294444,7.042063,8.048073,524.130723,140.841269,299.790701,43.258390,51.306462,3.000000,2.000000,3.000000,0.000000,1.000000,0.000000,1.000000,2.000000,0.000000,1.000000,0.000000,1.000000,3.000000,0.000000,1.000000,1553.000000,438.000000,932.000000,136.000000,161.000000,5.000000,
0.049474,0.996042,0.142997,0.118384,0.476854,0.006009,-205.396960,3.181533,1396039.159189,1161963.431634,2307280.658960,207665.519275,1090450.429139,368.199318,98.588888,210.255895,30.180272,36.216326,85.510771,23.138208,49.294444,7.042063,8.048073,524.130723,140.841269,299.790701,43.258390,51.306462,3.000000,2.000000,3.000000,0.000000,1.000000,0.000000,1.000000,2.000000,0.000000,1.000000,0.000000,1.000000,3.000000,0.000000,1.000000,1553.000000,438.000000,932.000000,136.000000,161.000000,5.000000,
0.049474,0.996042,0.142997,0.118384,0.476854,0.006009,-205.396960,3.181533,1396039.159189,1161963.431634,2307280.658960,207665.519275,1090450.429139,368.199318,98.588888,210.255895,30.180272,36.216326,85.510771,23.138208,49.294444,7.042063,8.048073,524.130723,140.841269,299.790701,43.258390,51.306462,3.000000,2.000000,3.000000,0.000000,1.000000,0.000000,1.000000,2.000000,0.000000,1.000000,0.000000,1.000000,3.000000,0.000000,1.000000,1553.000000,438.000000,932.000000,136.000000,161.000000,5.000000,
0.049474,0.996042,0.142997,0.118384,0.476854,0.006009,-205.396960,3.181533,1396039.159189,1161963.431634,2307280.658960,207665.519275,1090450.429139,368.199318,98.588888,210.255895,30.180272,36.216326,85.510771,23.138208,49.294444,7.042063,8.048073,524.130723,140.841269,299.790701,43.258390,51.306462,3.000000,2.000000,3.000000,0.000000,1.000000,0.000000,1.000000,2.000000,0.000000,1.000000,0.000000,1.000000,3.000000,0.000000,1.000000,1553.000000,438.000000,932.000000,136.000000,161.000000,5.000000,
0.049474,0.996042,0.142997,0.118384,0.476854,0.006009,-205.396960,3.181533,1396039.159189,1161963.431634,2307280.658960,207665.519275,1090450.429139,368.199318,98.588888,210.255895,30.180272,36.216326,85.510771,23.138208,49.294444,7.042063,8.048073,524.130723,140.841269,299.790701,43.258390,51.306462,3.000000,2.000000,3.000000,0.000000,1.000000,0.000000,1.000000,2.000000,0.000000,1.000000,0.000000,1.000000,3.000000,0.000000,1.000000,1553.000000,438.000000,932.000000,136.000000,161.000000,5.000000,
0.049474,0.996042,0.142997,0.118384,0.476854,0.006009,-205.396960,3.181533,1396039.159189,1161963.431634,2307280.658960,207665.519275,1090450.429139,368.199318,98.588888,210.255895,30.180272,36.216326,85.510771,23.138208,49.294444,7.042063,8.048073,524.130723,140.841269,299.790701,43.258390,51.306462,3.000000,2.000000,3.000000,0.000000,1.000000,0.000000,1.000000,2.000000,0.000000,1.000000,0.000000,1.000000,3.000000,0.000000,1.000000,1553.000000,438.000000,932.000000,136.000000,161.000000,5.000000,
0.049474,0.996042,0.142997,0.118384,0.476854,0.006009,-205.396960,3.181533,1396039.159189,1161963.431634,2307280.658960,207665.519275,1090450.429139,368.199318,98.588888,210.255895,30.180272,36.216326,85.510771,23.138208,49.294444,7.042063,8.048073,524.130723,140.841269,299.790701,43.258390,51.306462,3.000000,2.000000,3.000000,0.000000,1.000000,0.000000,1.000000,2.000000,0.000000,1.000000,0.000000,1.000000,3.000000,0.000000,1.000000,1553.000000,438.000000,932.000000,136.000000,161.000000,5.000000,
0.049474,0.996042,0.142997,0.118384,0.476854,0.006009,-205.396960,3.181533,1396039.159189,1161963.431634,2307280.658960,207665.519275,1090450.429139,368.199318,98.588888,210.255895,30.180272,36.216326,85.510771,23.138208,49.294444,7.042063,8.048073,524.130723,140.841269,299.790701,43.258390,51.306462,3.000000,2.000000,3.000000,0.000000,1.000000,0.000000,1.000000,2.000000,0.000000,1.000000,0.000000,1.000000,3.000000,0.000000,1.000000,1553.000000,438.000000,932.000000,136.000000,161.000000,5.000000,
0.049474,0.996042,0.142997,0.118384,0.476854,0.006009,-205.396960,3.181533,1396039.159189,1161963.431634,2307280.658960,207665.519275,1090450.429139,368.199318,98.588888,210.255895,30.180272,36.216326,85.510771,23.138208,49.294444,7.042063,8.048073,524.130723,140.841269,299.790701,43.258390,51.306462,3.000000,2.000000,3.000000,0.000000,1.000000,0.000000,1.000000,2.000000,0.000000,1.000000,0.000000,1.000000,3.000000,0.000000,1.000000,1553.000000,438.000000,932.000000,136.000000,161.000000,5.000000,
0.049474,0.996042,0.142997,0.118384,0.476854,0.006009,-205.396960,3.181533,1396039.159189,1161963.431634,2307280.658960,207665.519275,1090450.429139,368.199318,98.588888,210.255895,30.180272,36.216326,85.510771,23.138208,49.294444,7.042063,8.048073,524.130723,140.841269,299.790701,43.258390,51.306462,3.000000,2.000000,3.000000,0.000000,1.000000,0.000000,1.000000,2.000000,0.000000,1.000000,0.000000,1.000000,3.000000,0.000000,1.000000,1553.000000,438.000000,932.000000,136.000000,161.000000,5.000000,
0.049474,0.996042,0.142997,0.118384,0.476854,0.006009,-205.396960,3.181533,1396039.159189,1161963.431634,2307280.658960,207665.519275,1090450.429139,368.199318,98.588888,210.255895,30.180272,36.216326,85.510771,23.138208,49.294444,7.042063,8.048073,524.130723,140.841269,299.790701,43.258390,51.306462,3.000000,2.000000,3.000000,0.000000,1.000000,0.000000,1.000000,2.000000,0.000000,1.000000,0.000000,1.000000,3.000000,0.000000,1.000000,1553.000000,438.000000,932.000000,136.000000,161.000000,5.000000,
0.049474,0.996042,0.142997,0.118384,0.476854,0.006009,-205.396960,3.181533,1396039.159189,1161963.431634,2307280.658960,207665.519275,1090450.429139,368.199318,98.588888,210.255895,30.180272,36.216326,85.510771,23.138208,49.294444,7.042063,8.048073,524.130723,140.841269,299.790701,43.258390,51.306462,3.000000,2.000000,3.000000,0.000000,1.000000,0.000000,1.000000,2.000000,0.000000,1.000000,0.000000,1.000000,3.000000,0.000000,1.000000,1553.000000,438.000000,932.000000,136.000000,161.000000,5.000000,
0.049474,0.996042,0.142997,0.118384,0.476854,0.006009,-205.396960,3.181533,1396039.159189,1161963.431634,2307280.658960,207665.519275,1090450.429139,368.199318,98.588888,210.255895,30.180272,36.216326,85.510771,23.138208,49.294444,7.042063,8.048073,524.130723,140.841269,299.790701,43.258390,51.306462,3.000000,2.000000,3.000000,0.000000,1.000000,0.000000,1.000000,2.000000,0.000000,1.000000,0.000000,1.000000,3.000000,0.000000,1.000000,1553.000000,438.000000,932.000000,136.000000,161.000000,5.000000,
0.049474,0.996042,0.142997,0.118384,0.476854,0.006009,-205.396960,3.181533,1396039.159189,1161963.431634,2307280.658960,207665.519275,1090450.429139,368.199318,98.588888,210.255895,30.180272,36.216326,85.510771,23.138208,49.294444,7.042063,8.048073,524.130723,140.841269,299.790701,43.258390,51.306462,3.000000,2.000000,3.000000,0.000000,1.000000,0.000000,1.000000,2.000000,0.000000,1.000000,0.000000,1.000000,3.000000,0.000000,1.000000,1553.000000,438.000000,932.000000,136.000000,161.000000,5.000000,
0.049474,0.996042,0.142997,0.118384,0.476854,0.006009,-205.396960,3.181533,1396039.159189,1161963.431634,2307280.658960,207665.519275,1090450.429139,368.199318,98.588888,210.255895,30.180272,36.216326,85.510771,23.138208,49.294444,7.042063,8.048073,524.130723,140.841269,299.790701,43.258390,51.306462,3.000000,2.000000,3.000000,0.000000,1.000000,0.000000,1.000000,2.000000,0.000000,1.000000,0.000000,1.000000,3.000000,0.000000,1.000000,1553.000000,438.000000,932.000000,136.000000,161.000000,5.000000,
0.049474,0.996042,0.142997,0.118384,0.476854,0.006009,-205.396960,3.181533,1396039.159189,1161963.431634,2307280.658960,207665.519275,1090450.429139,368.199318,98.588888,210.255895,30.180272,36.216326,85.510771,23.138208,49.294444,7.042063,8.048073,524.130723,140.841269,299.790701,43.258390,51.306462,3.000000,2.000000,3.000000,0.000000,1.000000,0.000000,1.000000,2.000000,0.000000,1.000000,0.000000,1.000000,3.000000,0.000000,1.000000,1553.000000,438.000000,932.000000,136.000000,161.000000,5.000000,
0.049474,0.996042,0.142997,0.118384,0.476854,0.006009,-205.396960,3.181533,1396039.159189,1161963.431634,2307280.658960,207665.519275,1090450.429139,368.199318,98.588888,210.255895,30.180272,36.216326,85.510771,23.138208,49.294444,7.042063,8.048073,524.130723,140.841269,299.790701,43.258390,51.306462,3.000000,2.000000,3.000000,0.000000,1.000000,0.000000,1.000000,2.000000,0.000000,1.000000,0.000000,1.000000,3.000000,0.000000,1.000000,1553.000000,438.000000,932.000000,136.000000,161.000000,5.000000,
0.049474,0.996042,0.142997,0.118384,0.476854,0.006009,-205.396960,3.181533,1396039.159189,1161963.431634,2307280.658960,207665.519275,1090450.429139,368.199318,98.588888,210.255895,30.180272,36.216326,85.510771,23.138208,49.294444,7.042063,8.048073,524.130723,140.841269,299.790701,43.258390,51.306462,3.000000,2.000000,3.000000,0.000000,1.000000,0.000000,1.000000,2.000000,0.000000,1.000000,0.000000,1.000000,3.000000,0.000000,1.000000,1553.000000,438.000000,932.000000,136.000000,161.000000,5.000000,
0.049474,0.996042,0.142997,0.118384,0.476854,0.006009,-205.396960,3.181533,1396039.159189,1161963.431634,2307280.658960,207665.519275,1090450.429139,368.199318,98.588888,210.255895,30.180272,36.216326,85.510771,23.138208,49.294444,7.042063,8.048073,524.130723,140.841269,299.790701,43.258390,51.306462,3.000000,2.000000,3.000000,0.000000,1.000000,0.000000,1.000000,2.000000,0.000000,1.000000,0.000000,1.000000,3.000000,0.000000,1.000000,1553.000000,438.000000,932.000000,136.000000,161.000000,5.000000,
0.049474,0.996042,0.142997,0.118384,0.476854,0.006009,-205.396960,3.181533,1396039.159189,1161963.431634,2307280.658960,207665.519275,1090450.429139,368.199318,98.588888,210.255895,30.180272,36.216326,85.510771,23.138208,49.294444,7.042063,8.048073,524.130723,140.841269,299.790701,43.258390,51.306462,3.000000,2.000000,3.000000,0.000000,1.000000,0.000000,1.000000,2.000000,0.000000,1.000000,0.000000,1.000000,3.000000,0.000000,1.000000,1553.000000,438.000000,932.000000,136.000000,161.000000,5.000000,
0.049474,0.996042,0.142997,0.118384,0.476854,0.006009,-205.396960,3.181533,1396039.159189,1161963.431634,2307280.658960,207665.519275,1090450.429139,368.199318,98.588888,210.255895,30.180272,36.216326,85.510771,23.138208,49.294444,7.042063,8.048073,524.130723,140.841269,299.790701,43.258390,51.306462,3.000000,2.000000,3.000000,0.000000,1.000000,0.000000,1.000000,2.000000,0.000000,1.000000,0.000000,1.000000,3.000000,0.000000,1.000000,1553.000000,438.000000,932.000000,136.000000,161.000000,5.000000,
0.049474,0.996042,0.142997,0.118384,0.476854,0.006009,-205.396960,3.181533,1396039.159189,1161963.431634,2307280.658960,207665.519275,1090450.429139,368.199318,98.588888,210.255895,30.180272,36.216326,85.510771,23.138208,49.294444,7.042063,8.048073,524.130723,140.841269,299.790701,43.258390,51.306462,3.000000,2.000000,3.000000,0.000000,1.000000,0.000000,1.000000,2.000000,0.000000,1.000000,0.000000,1.000000,3.000000,0.000000,1.000000,1553.000000,438.000000,932.000000,136.000000,161.000000,5.000000,
0.049465,0.994571,0.142727,0.117523,0.478161,0.006384,-205.667267,3.180373,1396038.794521,1161963.333714,2307280.450364,207665.489261,1090450.393497,368.336631,98.625655,210.334306,30.191527,36.229833,85.542660,23.146837,49.312828,7.044690,8.051074,524.326188,140.893793,299.902503,43.274522,51.325596,3.000000,2.000000,3.000000,0.000000,1.000000,0.000000,1.000000,2.000000,0.000000,1.000000,0.000000,1.000000,3.000000,0.000000,1.000000,1553.000000,438.000000,932.000000,136.000000,161.000000,5.000000,
0.049465,0.994571,0.142727,0.117523,0.478161,0.006384,-205.667267,3.180373,1396038.794521,1161963.333714,2307280.450364,207665.489261,1090450.393497,368.336631,98.625655,210.334306,30.191527,36.229833,85.542660,23.146837,49.312828,7.044690,8.051074,524.326188,140.893793,299.902503,43.274522,51.325596,3.000000,2.000000,3.000000,0.000000,1.000000,0.000000,1.000000,2.000000,0.000000,1.000000,0.000000,1.000000,3.000000,0.000000,1.000000,1553.000000,438.000000,932.000000,136.000000,161.000000,5.000000,
0.049465,0.994571,0.142727,0.117523,0.478161,0.006384,-205.667267,3.180373,1396038.794521,1161963.333714,2307280.450364,207665.489261,1090450.393497,368.336631,98.625655,210.334306,30.191527,36.229833,85.542660,23.146837,49.312828,7.044690,8.051074,524.326188,140.893793,299.902503,43.274522,51.325596,3.000000,2.000000,3.000000,0.000000,1.000000,0.000000,1.000000,2.000000,0.000000,1.000000,0.000000,1.000000,3.000000,0.000000,1.000000,1553.000000,438.000000,932.000000,136.000000,161.000000,5.000000,
0.049465,0.994571,0.142727,0.117523,0.478161,0.006384,-205.667267,3.180373,1396038.794521,1161963.333714,2307280.450364,207665.489261,1090450.393497,368.336631,98.625655,210.334306,30.191527,36.229833,85.542660,23.146837,49.312828,7.044690,8.051074,524.326188,140.893793,299.902503,43.274522,51.325596,3.000000,2.000000,3.000000,0.000000,1.000000,0.000000,1.000000,2.000000,0.000000,1.000000,0.000000,1.000000,3.000000,0.000000,1.000000,1553.000000,438.000000,932.000000,136.000000,161.000000,5.000000,
0.049465,0.994571,0.142727,0.117523,0.478161,0.006384,-205.667267,3.180373,1396038.794521,1161963.333714,2307280.450364,207665.489261,1090450.393497,368.336631,98.625655,210.334306,30.191527,36.229833,85.542660,23.146837,49.312828,7.044690,8.051074,524.326188,140.893793,299.902503,43.274522,51.325596,3.000000,2.000000,3.000000,0.000000,1.000000,0.000000,1.000000,2.000000,0.000000,1.000000,0.000000,1.000000,3.000000,0.000000,1.000000,1553.000000,438.000000,932.000000,136.000000,161.000000,5.000000,
0.049465,0.994571,0.142727,0.117523,0.478161,0.006384,-205.667267,3.180373,1396038.794521,1161963.333714,2307280.450364,207665.489261,1090450.393497,368.336631,98.625655,210.334306,30.191527,36.229833,85.542660,23.146837,49.312828,7.044690,8.051074,524.326188,140.893793,299.902503,43.274522,51.325596,3.000000,2.000000,3.000000,0.000000,1.000000,0.000000,1.000000,2.000000,0.000000,1.000000,0.000000,1.000000,3.000000,0.000000,1.000000,1553.000000,438.000000,932.000000,136.000000,161.000000,5.000000,
0.049465,0.994571,0.142727,0.117523,0.478161,0.006384,-205.667267,3.180373,1396038.794521,1161963.333714,2307280.450364,207665.489261,1090450.393497,368.336631,98.625655,210.334306,30.191527,36.229833,85.542660,23.146837,49.312828,7.044690,8.051074,524.326188,140.893793,299.902503,43.274522,51.325596,3.000000,2.000000,3.000000,0.000000,1.000000,0.000000,1.000000,2.000000,0.000000,1.000000,0.000000,1.000000,3.000000,0.000000,1.000000,1553.000000,438.000000,932.000000,136.000000,161.000000,5.000000,
0.049465,0.994571,0.142727,0.117523,0.478161,0.006384,-205.667267,3.180373,1396038.794521,1161963.333714,2307280.450364,207665.489261,1090450.393497,368.336631,98.625655,210.334306,30.191527,36.229833,85.542660,23.146837,49.312828,7.044690,8.051074,524.326188,140.893793,299.902503,43.274522,51.325596,3.000000,2.000000,3.000000,0.000000,1.000000,0.000000,1.000000,2.000000,0.000000,1.000000,0.000000,1.000000,3.000000,0.000000,1.000000,1553.000000,438.000000,932.000000,136.000000,161.000000,5.000000,
0.049465,0.994571,0.142727,0.117523,0.478161,0.006384,-205.667267,3.180373,1396038.794521,1161963.333714,2307280.450364,207665.489261,1090450.393497,368.336631,98.625655,210.334306,30.191527,36.229833,85.542660,23.146837,49.312828,7.044690,8.051074,524.326188,140.893793,299.902503,43.274522,51.325596,3.000000,2.000000,3.000000,0.000000,1.000000,0.000000,1.000000,2.000000,0.000000,1.000000,0.000000,1.000000,3.000000,0.000000,1.000000,1553.000000,438.000000,932.000000,136.000000,161.000000,5.000000,
0.049465,0.994571,0.142727,0.117523,0.478161,0.006384,-205.667267,3.180373,1396038.794521,1161963.333714,2307280.450364,207665.489261,1090450.393497,368.336631,98.625655,210.334306,30.191527,36.229833,85.542660,23.146837,49.312828,7.044690,8.051074,524.326188,140.893793,299.902503,43.274522,51.325596,3.000000,2.000000,3.000000,0.000000,1.000000,0.000000,1.000000,2.000000,0.000000,1.000000,0.000000,1.000000,3.000000,0.000000,1.000000,1553.000000,438.000000,932.000000,136.000000,161.000000,5.000000,
0.049465,0.994571,0.142727,0.117523,0.478161,0.006384,-205.667267,3.180373,1396038.794521,1161963.333714,2307280.450364,207665.489261,1090450.393497,368.336631,98.625655,210.334306,30.191527,36.229833,85.542660,23.146837,49.312828,7.044690,8.051074,524.326188,140.893793,299.902503,43.274522,51.325596,3.000000,2.000000,3.000000,0.000000,1.000000,0.000000,1.000000,2.000000,0.000000,1.000000,0.000000,1.000000,3.000000,0.000000,1.000000,1553.000000,438.000000,932.000000,136.000000,161.000000,5.000000,
0.049465,0.994571,0.142727,0.117523,0.478161,0.006384,-205.667267,3.180373,1396038.794521,1161963.333714,2307280.450364,207665.489261,1090450.393497,368.336631,98.625655,210.334306,30.191527,36.229833,85.542660,23.146837,49.312828,7.044690,8.051074,524.326188,140.893793,299.902503,43.274522,51.325596,3.000000,2.000000,3.000000,0.000000,1.000000,0.000000,1.000000,2.000000,0.000000,1.000000,0.000000,1.000000,3.000000,0.000000,1.000000,1553.000000,438.000000,932.000000,136.000000,161.000000,5.000000,
0.049465,0.994571,0.142727,0.117523,0.478161,0.006384,-205.667267,3.180373,1396038.794521,1161963.333714,2307280.450364,207665.489261,1090450.393497,368.336631,98.625655,210.334306,30.191527,36.229833,85.542660,23.146837,49.312828,7.044690,8.051074,524.326188,140.893793,299.902503,43.274522,51.325596,3.000000,2.000000,3.000000,0.000000,1.000000,0.000000,1.000000,2.000000,0.000000,1.000000,0.000000,1.000000,3.000000,0.000000,1.000000,1553.000000,438.000000,932.000000,136.000000,161.000000,5.000000,
0.049465,0.994571,0.142727,0.117523,0.478161,0.006384,-205.667267,3.180373,1396038.794521,1161963.333714,2307280.450364,207665.489261,1090450.393497,368.336631,98.625655,210.334306,30.191527,36.229833,85.542660,23.146837,49.312828,7.044690,8.051074,524.326188,140.893793,299.902503,43.274522,51.325596,3.000000,2.000000,3.000000,0.000000,1.000000,0.000000,1.000000,2.000000,0.000000,1.000000,0.000000,1.000000,3.000000,0.000000,1.000000,1553.000000,438.000000,932.000000,136.000000,161.000000,5.000000,
0.049465,0.994571,0.142727,0.117523,0.478161,0.006384,-205.667267,3.180373,1396038.794521,1161963.333714,2307280.450364,207665.489261,1090450.393497,368.336631,98.625655,210.334306,30.191527,36.229833,85.542660,23.146837,49.312828,7.044690,8.051074,524.326188,140.893793,299.902503,43.274522,51.325596,3.000000,2.000000,3.000000,0.000000,1.000000,0.000000,1.000000,2.000000,0.000000,1.000000,0.000000,1.000000,3.000000,0.000000,1.000000,1553.000000,438.000000,932.000000,136.000000,161.000000,5.000000,
0.049465,0.994571,0.142727,0.117523,0.478161,0.006384,-205.667267,3.180373,1396038.794521,1161963.333714,2307280.450364,207665.489261,1090450.393497,368.336631,98.625655,210.334306,30.191527,36.229833,85.542660,23.146837,49.312828,7.044690,8.051074,524.326188,140.893793,299.902503,43.274522,51.325596,3.000000,2.000000,3.000000,0.000000,1.000000,0.000000,1.000000,2.000000,0.000000,1.000000,0.000000,1.000000,3.000000,0.000000,1.000000,1553.000000,438.000000,932.000000,136.000000,161.000000,5.000000,
0.049465,0.994571,0.142727,0.117523,0.478161,0.006384,-205.667267,3.180373,1396038.794521,1161963.333714,2307280.450364,207665.489261,1090450.393497,368.336631,98.625655,210.334306,30.191527,36.229833,85.542660,23.146837,49.312828,7.044690,8.051074,524.326188,140.893793,299.902503,43.274522,51.325596,3.000000,2.000000,3.000000,0.000000,1.000000,0.000000,1.000000,2.000000,0.000000,1.000000,0.000000,1.000000,3.000000,0.000000,1.000000,1553.000000,438.000000,932.000000,136.000000,161.000000,5.000000,
0.049465,0.994571,0.142727,0.117523,0.478161,0.006384,-205.667267,3.180373,1396038.794521,1161963.333714,2307280.450364,207665.489261,1090450.393497,368.336631,98.625655,210.334306,30.191527,36.229833,85.542660,23.146837,49.312828,7.044690,8.051074,524.326188,140.893793,299.902503,43.274522,51.325596,3.000000,2.000000,3.000000,0.000000,1.000000,0.000000,1.000000,2.000000,0.000000,1.000000,0.000000,1.000000,3.000000,0.000000,1.000000,1553.000000,438.000000,932.000000,136.000000,161.000000,5.000000,
0.049465,0.994571,0.142727,0.117523,0.478161,0.006384,-205.667267,3.180373,1396038.794521,1161963.333714,2307280.450364,207665.489261,1090450.393497,368.336631,98.625655,210.334306,30.191527,36.229833,85.542660,23.146837,49.312828,7.044690,8.051074,524.326188,140.893793,299.902503,43.274522,51.325596,3.000000,2.000000,3.000000,0.000000,1.000000,0.000000,1.000000,2.000000,0.000000,1.000000,0.000000,1.000000,3.000000,0.000000,1.000000,1553.000000,438.000000,932.000000,136.000000,161.000000,5.000000,
0.049465,0.994571,0.142727,0.117523,0.478161,0.006384,-205.667267,3.180373,1396038.794521,1161963.333714,2307280.450364,207665.489261,1090450.393497,368.336631,98.625655,210.334306,30.191527,36.229833,85.542660,23.146837,49.312828,7.044690,8.051074,524.326188,140.893793,299.902503,43.274522,51.325596,3.000000,2.000000,3.000000,0.000000,1.000000,0.000000,1.000000,2.000000,0.000000,1.000000,0.000000,1.000000,3.000000,0.000000,1.000000,1553.000000,438.000000,932.000000,136.000000,161.000000,5.000000,
0.049465,0.994571,0.142727,0.117523,0.478161,0.006384,-205.667267,3.180373,1396038.794521,1161963.333714,2307280.450364,207665.489261,1090450.393497,368.336631,98.625655,210.334306,30.191527,36.229833,85.542660,23.146837,49.312828,7.044690,8.051074,524.326188,140.893793,299.902503,43.274522,51.325596,3.000000,2.000000,3.000000,0.000000,1.000000,0.000000,1.000000,2.000000,0.000000,1.000000,0.000000,1.000000,3.000000,0.000000,1.000000,1553.000000,438.000000,932.000000,136.000000,161.000000,5.000000,
0.049465,0.994571,0.142727,0.117523,0.478161,0.006384,-205.667267,3.180373,1396038.794521,1161963.333714,2307280.450364,207665.489261,1090450.393497,368.336631,98.625655,210.334306,30.191527,36.229833,85.542660,23.146837,49.312828,7.044690,8.051074,524.326188,140.893793,299.902503,43.274522,51.325596,3.000000,2.000000,3.000000,0.000000,1.000000,0.000000,1.000000,2.000000,0.000000,1.000000,0.000000,1.000000,3.000000,0.000000,1.000000,1553.000000,438.000000,932.000000,136.000000,161.000000,5.000000,
0.049465,0.994571,0.142727,0.117523,0.478161,0.006384,-205.667267,3.180373,1396038.794521,1161963.333714,2307280.450364,207665.489261,1090450.393497,368.336631,98.625655,210.334306,30.191527,36.229833,85.542660,23.146837,49.312828,7.044690,8.051074,524.326188,140.893793,299.902503,43.274522,51.325596,3.000000,2.000000,3.000000,0.000000,1.000000,0.000000,1.000000,2.000000,0.000000,1.000000,0.000000,1.000000,3.000000,0.000000,1.000000,1553.000000,438.000000,932.000000,136.000000,161.000000,5.000000,
0.049465,0.994571,0.142727,0.117523,0.478161,0.006384,-205.667267,3.180373,1396038.794521,1161963.333714,2307280.450364,207665.489261,1090450.393497,368.336631,98.625655,210.334306,30.191527,36.229833,85.542660,23.146837,49.312828,7.044690,8.051074,524.326188,140.893793,299.902503,43.274522,51.325596,3.000000,2.000000,3.000000,0.000000,1.000000,0.000000,1.000000,2.000000,0.000000,1.000000,0.000000,1.000000,3.000000,0.000000,1.000000,1553.000000,438.000000,932.000000,136.000000,161.000000,5.000000,
0.049465,0.994571,0.142727,0.117523,0.478161,0.006384,-205.667267,3.180373,1396038.794521,1161963.333714,2307280.450364,207665.489261,1090450.393497,368.336631,98.625655,210.334306,30.191527,36.229833,85.542660,23.146837,49.312828,7.044690,8.051074,524.326188,140.893793,299.902503,43.274522,51.325596,3.000000,2.000000,3.000000,0.000000,1.000000,0.000000,1.000000,2.000000,0.000000,1.000000,0.000000,1.000000,3.000000,0.000000,1.000000,1553.000000,438.000000,932.000000,136.000000,161.000000,5.000000,
0.049465,0.994571,0.142727,0.117523,0.478161,0.006384,-205.667267,3.180373,1396038.794521,1161963.333714,2307280.450364,207665.489261,1090450.393497,368.336631,98.625655,210.334306,30.191527,36.229833,85.542660,23.146837,49.312828,7.044690,8.051074,524.326188,140.893793,299.902503,43.274522,51.325596,3.000000,2.000000,3.000000,0.000000,1.000000,0.000000,1.000000,2.000000,0.000000,1.000000,0.000000,1.000000,3.000000,0.000000,1.000000,1553.000000,438.000000,932.000000,136.000000,161.000000,5.000000,
0.049465,0.994571,0.142727,0.117523,0.478161,0.006384,-205.667267,3.180373,1396038.794521,1161963.333714,2307280.450364,207665.489261,1090450.393497,368.336631,98.625655,210.334306,30.191527,36.229833,85.542660,23.146837,49.312828,7.044690,8.051074,524.326188,140.893793,299.902503,43.274522,51.325596,3.000000,2.000000,3.000000,0.000000,1.000000,0.000000,1.000000,2.000000,0.000000,1.000000,0.000000,1.000000,3.000000,0.000000,1.000000,1553.000000,438.000000,932.000000,136.000000,161.000000,5.000000,
0.049465,0.994571,0.142727,0.117523,0.478161,0.006384,-205.667267,3.180373,1396038.794521,1161963.333714,2307280.450364,207665.489261,1090450.393497,368.336631,98.625655,210.334306,30.191527,36.229833,85.542660,23.146837,49.312828,7.044690,8.051074,524.326188,140.893793,299.902503,43.274522,51.325596,3.000000,2.000000,3.000000,0.000000,1.000000,0.000000,1.000000,2.000000,0.000000,1.000000,0.000000,1.000000,3.000000,0.000000,1.000000,1553.000000,438.000000,932.000000,136.000000,161.000000,5.000000,
0.049465,0.994571,0.142727,0.117523,0.478161,0.006384,-205.667267,3.180373,1396038.794521,1161963.333714,2307280.450364,207665.489261,1090450.393497,368.336631,98.625655,210.334306,30.191527,36.229833,85.542660,23.146837,49.312828,7.044690,8.051074,524.326188,140.893793,299.902503,43.274522,51.325596,3.000000,2.000000,3.000000,0.000000,1.000000,0.000000,1.000000,2.000000,0.000000,1.000000,0.000000,1.000000,3.000000,0.000000,1.000000,1553.000000,438.000000,932.000000,136.000000,161.000000,5.000000,
0.049465,0.994571,0.142727,0.117523,0.478161,0.006384,-205.667267,3.180373,1396038.794521,1161963.333714,2307280.450364,207665.489261,1090450.393497,368.336631,98.625655,210.334306,30.191527,36.229833,85.542660,23.146837,49.312828,7.044690,8.051074,524.326188,140.893793,299.902503,43.274522,51.325596,3.000000,2.000000,3.000000,0.000000,1.000000,0.000000,1.000000,2.000000,0.000000,1.000000,0.000000,1.000000,3.000000,0.000000,1.000000,1553.000000,438.000000,932.000000,136.000000,161.000000,5.000000,
0.049465,0.994571,0.142727,0.117523,0.478161,0.006384,-205.667267,3.180373,1396038.794521,1161963.333714,2307280.450364,207665.489261,1090450.393497,368.336631,98.625655,210.334306,30.191527,36.229833,85.542660,23.146837,49.312828,7.044690,8.051074,524.326188,140.893793,299.902503,43.274522,51.325596,3.000000,2.000000,3.000000,0.000000,1.000000,0.000000,1.000000,2.000000,0.000000,1.000000,0.000000,1.000000,3.000000,0.000000,1.000000,1553.000000,438.000000,932.000000,136.000000,161.000000,5.000000,
0.049465,0.994571,0.142727,0.117523,0.478161,0.006384,-205.667267,3.180373,1396038.794521,1161963.333714,2307280.450364,207665.489261,1090450.393497,368.336631,98.625655,210.334306,30.191527,36.229833,85.542660,23.146837,49.312828,7.044690,8.051074,524.326188,140.893793,299.902503,43.274522,51.325596,3.000000,2.000000,3.000000,0.000000,1.000000,0.000000,1.000000,2.000000,0.000000,1.000000,0.000000,1.000000,3.000000,0.000000,1.000000,1553.000000,438.000000,932.000000,136.000000,161.000000,5.000000,
0.049465,0.994571,0.142727,0.117523,0.478161,0.006384,-205.667267,3.180373,1396038.794521,1161963.333714,2307280.450364,207665.489261,1090450.393497,368.336631,98.625655,210.334306,30.191527,36.229833,85.542660,23.146837,49.312828,7.044690,8.051074,524.326188,140.893793,299.902503,43.274522,51.325596,3.000000,2.000000,3.000000,0.000000,1.000000,0.000000,1.000000,2.000000,0.000000,1.000000,0.000000,1.000000,3.000000,0.000000,1.000000,1553.000000,438.000000,932.000000,136.000000,161.000000,5.000000,
0.049465,0.994571,0.142727,0.117523,0.478161,0.006384,-205.667267,3.180373,1396038.794521,1161963.333714,2307280.450364,207665.489261,1090450.393497,368.336631,98.625655,210.334306,30.191527,36.229833,85.542660,23.146837,49.312828,7.044690,8.051074,524.326188,140.893793,299.902503,43.274522,51.325596,3.000000,2.000000,3.000000,0.000000,1.000000,0.000000,1.000000,2.000000,0.000000,1.000000,0.000000,1.000000,3.000000,0.000000,1.000000,1553.000000,438.000000,932.000000,136.000000,161.000000,5.000000,
0.049465,0.994571,0.142727,0.117523,0.478161,0.006384,-205.667267,3.180373,1396038.794521,1161963.333714,2307280.450364,207665.489261,1090450.393497,368.336631,98.625655,210.334306,30.191527,36.229833,85.542660,23.146837,49.312828,7.044690,8.051074,524.326188,140.893793,299.902503,43.274522,51.325596,3.000000,2.000000,3.000000,0.000000,1.000000,0.000000,1.000000,2.000000,0.000000,1.000000,0.000000,1.000000,3.000000,0.000000,1.000000,1553.000000,438.000000,932.000000,136.000000,161.000000,5.000000,
0.049465,0.994571,0.142727,0.117523,0.478161,0.006384,-205.667267,3.180373,1396038.794521,1161963.333714,2307280.450364,207665.489261,1090450.393497,368.336631,98.625655,210.334306,30.191527,36.229833,85.542660,23.146837,49.312828,7.044690,8.051074,524.326188,140.893793,299.902503,43.274522,51.325596,3.000000,2.000000,3.000000,0.000000,1.000000,0.000000,1.000000,2.000000,0.000000,1.000000,0.000000,1.000000,3.000000,0.000000,1.000000,1553.000000,438.000000,932.000000,136.000000,161.000000,5.000000,
0.049465,0.994571,0.142727,0.117523,0.478161,0.006384,-205.667267,3.180373,1396038.794521,1161963.333714,2307280.450364,207665.489261,1090450.393497,368.336631,98.625655,210.334306,30.191527,36.229833,85.542660,23.146837,49.312828,7.044690,8.051074,524.326188,140.893793,299.902503,43.274522,51.325596,3.000000,2.000000,3.000000,0.000000,1.000000,0.000000,1.000000,2.000000,0.000000,1.000000,0.000000,1.000000,3.000000,0.000000,1.000000,1553.000000,438.000000,932.000000,136.000000,161.000000,5.000000,
0.049465,0.994571,0.142727,0.117523,0.478161,0.006384,-205.667267,3.180373,1396038.794521,1161963.333714,2307280.450364,207665.489261,1090450.393497,368.336631,98.625655,210.334306,30.191527,36.229833,85.542660,23.146837,49.312828,7.044690,8.051074,524.326188,140.893793,299.902503,43.274522,51.325596,3.000000,2.000000,3.000000,0.000000,1.000000,0.000000,1.000000,2.000000,0.000000,1.000000,0.000000,1.000000,3.000000,0.000000,1.000000,1553.000000,438.000000,932.000000,136.000000,161.000000,5.000000,
0.049465,0.994571,0.142727,0.117523,0.478161,0.006384,-205.667267,3.180373,1396038.794521,1161963.333714,2307280.450364,207665.489261,1090450.393497,368.336631,98.625655,210.334306,30.191527,36.229833,85.542660,23.146837,49.312828,7.044690,8.051074,524.326188,140.893793,299.902503,43.274522,51.325596,3.000000,2.000000,3.000000,0.000000,1.000000,0.000000,1.000000,2.000000,0.000000,1.000000,0.000000,1.000000,3.000000,0.000000,1.000000,1553.000000,438.000000,932.000000,136.000000,161.000000,5.000000,
0.049465,0.994571,0.142727,0.117523,0.478161,0.006384,-205.667267,3.180373,1396038.794521,1161963.333714,2307280.450364,207665.489261,1090450.393497,368.336631,98.625655,210.334306,30.191527,36.229833,85.542660,23.146837,49.312828,7.044690,8.051074,524.326188,140.893793,299.902503,43.274522,51.325596,3.000000,2.000000,3.000000,0.000000,1.000000,0.000000,1.000000,2.000000,0.000000,1.000000,0.000000,1.000000,3.000000,0.000000,1.000000,1553.000000,438.000000,932.000000,136.000000,161.000000,5.000000,
0.049465,0.994571,0.142727,0.117523,0.478161,0.006384,-205.667267,3.180373,1396038.794521,1161963.333714,2307280.450364,207665.489261,1090450.393497,368.336631,98.625655,210.334306,30.191527,36.229833,85.542660,23.146837,49.312828,7.044690,8.051074,524.326188,140.893793,299.902503,43.274522,51.325596,3.000000,2.000000,3.000000,0.000000,1.000000,0.000000,1.000000,2.000000,0.000000,1.000000,0.000000,1.000000,3.000000,0.000000,1.000000,1553.000000,438.000000,932.000000,136.000000,161.000000,5.000000,
0.049465,0.994571,0.142727,0.117523,0.478161,0.006384,-205.667267,3.180373,1396038.794521,1161963.333714,2307280.450364,207665.489261,1090450.393497,368.336631,98.625655,210.334306,30.191527,36.229833,85.542660,23.146837,49.312828,7.044690,8.051074,524.326188,140.893793,299.902503,43.274522,51.325596,3.000000,2.000000,3.000000,0.000000,1.000000,0.000000,1.000000,2.000000,0.000000,1.000000,0.000000,1.000000,3.000000,0.000000,1.000000,1553.000000,438.000000,932.000000,136.000000,161.000000,5.000000,
0.049465,0.994571,0.142727,0.117523,0.478161,0.006384,-205.667267,3.180373,1396038.794521,1161963.333714,2307280.450364,207665.489261,1090450.393497,368.336631,98.625655,210.334306,30.191527,36.229833,85.542660,23.146837,49.312828,7.044690,8.051074,524.326188,140.893793,299.902503,43.274522,51.325596,3.000000,2.000000,3.000000,0.000000,1.000000,0.000000,1.000000,2.000000,0.000000,1.000000,0.000000,1.000000,3.000000,0.000000,1.000000,1553.000000,438.000000,932.000000,136.000000,161.000000,5.000000,
0.049465,0.994571,0.142727,0.117523,0.478161,0.006384,-205.667267,3.180373,1396038.794521,1161963.333714,2307280.450364,207665.489261,1090450.393497,368.336631,98.625655,210.334306,30.191527,36.229833,85.542660,23.146837,49.312828,7.044690,8.051074,524.326188,140.893793,299.902503,43.274522,51.325596,3.000000,2.000000,3.000000,0.000000,1.000000,0.000000,1.000000,2.000000,0.000000,1.000000,0.000000,1.000000,3.000000,0.000000,1.000000,1553.000000,438.000000,932.000000,136.000000,161.000000,5.000000,
0.049465,0.994571,0.142727,0.117523,0.478161,0.006384,-205.667267,3.180373,1396038.794521,1161963.333714,2307280.450364,207665.489261,1090450.393497,368.336631,98.625655,210.334306,30.191527,36.229833,85.542660,23.146837,49.312828,7.044690,8.051074,524.326188,140.893793,299.902503,43.274522,51.325596,3.000000,2.000000,3.000000,0.000000,1.000000,0.000000,1.000000,2.000000,0.000000,1.000000,0.000000,1.000000,3.000000,0.000000,1.000000,1553.000000,438.000000,932.000000,136.000000,161.000000,5.000000,
0.049465,0.994571,0.142727,0.117523,0.478161,0.006384,-205.667267,3.180373,1396038.794521,1161963.333714,2307280.450364,207665.489261,1090450.393497,368.336631,98.625655,210.334306,30.191527,36.229833,85.542660,23.146837,49.312828,7.044690,8.051074,524.326188,140.893793,299.902503,43.274522,51.325596,3.000000,2.000000,3.000000,0.000000,1.000000,0.000000,1.000000,2.000000,0.000000,1.000000,0.000000,1.000000,3.000000,0.000000,1.000000,1553.000000,438.000000,932.000000,136.000000,161.000000,5.000000,
0.049431,0.996412,0.142090,0.129507,0.455353,0.007198,-205.863638,3.176762,1396038.003076,1161963.121196,2307279.997644,207665.424121,1090450.316144,368.634644,98.705451,210.504483,30.215954,36.259145,85.611871,23.165565,49.352726,7.050389,8.057588,524.750409,141.007787,300.145148,43.309535,51.367123,3.000000,2.000000,3.000000,0.000000,1.000000,0.000000,1.000000,2.000000,0.000000,1.000000,0.000000,1.000000,3.000000,0.000000,1.000000,1553.000000,438.000000,932.000000,136.000000,161.000000,5.000000,
0.049431,0.996412,0.142090,0.129507,0.455353,0.007198,-205.863638,3.176762,1396038.003076,1161963.121196,2307279.997644,207665.424121,1090450.316144,368.634644,98.705451,210.504483,30.215954,36.259145,85.611871,23.165565,49.352726,7.050389,8.057588,524.750409,141.007787,300.145148,43.309535,51.367123,3.000000,2.000000,3.000000,0.000000,1.000000,0.000000,1.000000,2.000000,0.000000,1.000000,0.000000,1.000000,3.000000,0.000000,1.000000,1553.000000,438.000000,932.000000,136.000000,161.000000,5.000000,
0.049457,0.992626,0.139788,0.134670,0.453059,0.008174,-207.271582,3.173285,1396037.054424,1161962.866466,2307279.455000,207665.346043,1090450.223426,368.991853,98.801097,210.708462,30.245234,36.294281,85.694829,23.188013,49.400549,7.057221,8.065396,525.258894,141.144425,300.435989,43.351502,51.416898,3.000000,2.000000,3.000000,0.000000,1.000000,0.000000,1.000000,2.000000,0.000000,1.000000,0.000000,1.000000,3.000000,0.000000,1.000000,1553.000000,438.000000,932.000000,136.000000,161.000000,5.000000,
0.049457,0.992626,0.139788,0.134670,0.453059,0.008174,-207.271582,3.173285,1396037.054424,1161962.866466,2307279.455000,207665.346043,1090450.223426,368.991853,98.801097,210.708462,30.245234,36.294281,85.694829,23.188013,49.400549,7.057221,8.065396,525.258894,141.144425,300.435989,43.351502,51.416898,3.000000,2.000000,3.000000,0.000000,1.000000,0.000000,1.000000,2.000000,0.000000,1.000000,0.000000,1.000000,3.000000,0.000000,1.000000,1553.000000,438.000000,932.000000,136.000000,161.000000,5.000000,
0.049457,0.992626,0.139788,0.134670,0.453059,0.008174,-207.271582,3.173285,1396037.054424,1161962.866466,2307279.455000,207665.346043,1090450.223426,368.991853,98.801097,210.708462,30.245234,36.294281,85.694829,23.188013,49.400549,7.057221,8.065396,525.258894,141.144425,300.435989,43.351502,51.416898,3.000000,2.000000,3.000000,0.000000,1.000000,0.000000,1.000000,2.000000,0.000000,1.000000,0.000000,1.000000,3.000000,0.000000,1.000000,1553.000000,438.000000,932.000000,136.000000,161.000000,5.000000,
0.049457,0.992626,0.139788,0.134670,0.453059,0.008174,-207.271582,3.173285,1396037.054424,1161962.866466,2307279.455000,207665.346043,1090450.223426,368.991853,98.801097,210.708462,30.245234,36.294281,85.694829,23.188013,49.400549,7.057221,8.065396,525.258894,141.144425,300.435989,43.351502,51.416898,3.000000,2.000000,3.000000,0.000000,1.000000,0.000000,1.000000,2.000000,0.000000,1.000000,0.000000,1.000000,3.000000,0.000000,1.000000,1553.000000,438.000000,932.000000,136.000000,161.000000,5.000000,
0.049457,0.992626,0.139788,0.134670,0.453059,0.008174,-207.271582,3.173285,1396037.054424,1161962.866466,2307279.455000,207665.346043,1090450.223426,368.991853,98.801097,210.708462,30.245234,36.294281,85.694829,23.188013,49.400549,7.057221,8.065396,525.258894,141.144425,300.435989,43.351502,51.416898,3.000000,2.000000,3.000000,0.000000,1.000000,0.000000,1.000000,2.000000,0.000000,1.000000,0.000000,1.000000,3.000000,0.000000,1.000000,1553.000000,438.000000,932.000000,136.000000,161.000000,5.000000,
0.049457,0.992626,0.139788,0.134670,0.453059,0.008174,-207.271582,3.173285,1396037.054424,1161962.866466,2307279.455000,207665.346043,1090450.223426,368.991853,98.801097,210.708462,30.245234,36.294281,85.694829,23.188013,49.400549,7.057221,8.065396,525.258894,141.144425,300.435989,43.351502,51.416898,3.000000,2.000000,3.000000,0.000000,1.000000,0.000000,1.000000,2.000000,0.000000,1.000000,0.000000,1.000000,3.000000,0.000000,1.000000,1553.000000,438.000000,932.000000,136.000000,161.000000,5.000000,
0.049457,0.992626,0.139788,0.134670,0.453059,0.008174,-207.271582,3.173285,1396037.054424,1161962.866466,2307279.455000,207665.346043,1090450.223426,368.991853,98.801097,210.708462,30.245234,36.294281,85.694829,23.188013,49.400549,7.057221,8.065396,525.258894,141.144425,300.435989,43.351502,51.416898,3.000000,2.000000,3.000000,0.000000,1.000000,0.000000,1.000000,2.000000,0.000000,1.000000,0.000000,1.000000,3.000000,0.000000,1.000000,1553.000000,438.000000,932.000000,136.000000,161.000000,5.000000,
0.049457,0.992626,0.139788,0.134670,0.453059,0.008174,-207.271582,3.173285,1396037.054424,1161962.866466,2307279.455000,207665.346043,1090450.223426,368.991853,98.801097,210.708462,30.245234,36.294281,85.694829,23.188013,49.400549,7.057221,8.065396,525.258894,141.144425,300.435989,43.351502,51.416898,3.000000,2.000000,3.000000,0.000000,1.000000,0.000000,1.000000,2.000000,0.000000,1.000000,0.000000,1.000000,3.000000,0.000000,1.000000,1553.000000,438.000000,932.000000,136.000000,161.000000,5.000000,
0.049457,0.992626,0.139788,0.134670,0.453059,0.008174,-207.271582,3.173285,1396037.054424,1161962.866466,2307279.455000,207665.346043,1090450.223426,368.991853,98.801097,210.708462,30.245234,36.294281,85.694829,23.188013,49.400549,7.057221,8.065396,525.258894,141.144425,300.435989,43.351502,51.416898,3.000000,2.000000,3.000000,0.000000,1.000000,0.000000,1.000000,2.000000,0.000000,1.000000,0.000000,1.000000,3.000000,0.000000,1.000000,1553.000000,438.000000,932.000000,136.000000,161.000000,5.000000,
0.049457,0.992626,0.139788,0.134670,0.453059,0.008174,-207.271582,3.173285,1396037.054424,1161962.866466,2307279.455000,207665.346043,1090450.223426,368.991853,98.801097,210.708462,30.245234,36.294281,85.694829,23.188013,49.400549,7.057221,8.065396,525.258894,141.144425,300.435989,43.351502,51.416898,3.000000,2.000000,3.000000,0.000000,1.000000,0.000000,1.000000,2.000000,0.000000,1.000000,0.000000,1.000000,3.000000,0.000000,1.000000,1553.000000,438.000000,932.000000,136.000000,161.000000,5.000000,
0.049457,0.992626,0.139788,0.134670,0.453059,0.008174,-207.271582,3.173285,1396037.054424,1161962.866466,2307279.455000,207665.346043,1090450.223426,368.991853,98.801097,210.708462,30.245234,36.294281,85.694829,23.188013,49.400549,7.057221,8.065396,525.258894,141.144425,300.435989,43.351502,51.416898,3.000000,2.000000,3.000000,0.000000,1.000000,0.000000,1.000000,2.000000,0.000000,1.000000,0.000000,1.000000,3.000000,0.000000,1.000000,1553.000000,438.000000,932.000000,136.000000,161.000000,5.000000,
0.049457,0.992626,0.139788,0.134670,0.453059,0.008174,-207.271582,3.173285,1396037.054424,1161962.866466,2307279.455000,207665.346043,1090450.223426,368.991853,98.801097,210.708462,30.245234,36.294281,85.694829,23.188013,49.400549,7.057221,8.065396,525.258894,141.144425,300.435989,43.351502,51.416898,3.000000,2.000000,3.000000,0.000000,1.000000,0.000000,1.000000,2.000000,0.000000,1.000000,0.000000,1.000000,3.000000,0.000000,1.000000,1553.000000,438.000000,932.000000,136.000000,161.000000,5.000000,
0.049409,0.999514,0.141687,0.134756,0.448532,0.008681,-205.454230,3.174420,1396036.562342,1161962.734333,2307279.173521,207665.305543,1090450.175332,369.177143,98.850710,210.814270,30.260422,36.312506,85.737861,23.199657,49.425355,7.060765,8.069446,525.522654,141.215301,300.586854,43.373271,51.442717,3.000000,2.000000,3.000000,0.000000,1.000000,0.000000,1.000000,2.000000,0.000000,1.000000,0.000000,1.000000,3.000000,0.000000,1.000000,1553.000000,438.000000,932.000000,136.000000,161.000000,5.000000,
0.049409,0.999514,0.141687,0.134756,0.448532,0.008681,-205.454230,3.174420,1396036.562342,1161962.734333,2307279.173521,207665.305543,1090450.175332,369.177143,98.850710,210.814270,30.260422,36.312506,85.737861,23.199657,49.425355,7.060765,8.069446,525.522654,141.215301,300.586854,43.373271,51.442717,3.000000,2.000000,3.000000,0.000000,1.000000,0.000000,1.000000,2.000000,0.000000,1.000000,0.000000,1.000000,3.000000,0.000000,1.000000,1553.000000,438.000000,932.000000,136.000000,161.000000,5.000000,
0.049409,0.999514,0.141687,0.134756,0.448532,0.008681,-205.454230,3.174420,1396036.562342,1161962.734333,2307279.173521,207665.305543,1090450.175332,369.177143,98.850710,210.814270,30.260422,36.312506,85.737861,23.199657,49.425355,7.060765,8.069446,525.522654,141.215301,300.586854,43.373271,51.442717,3.000000,2.000000,3.000000,0.000000,1.000000,0.000000,1.000000,2.000000,0.000000,1.000000,0.000000,1.000000,3.000000,0.000000,1.000000,1553.000000,438.000000,932.000000,136.000000,161.000000,5.000000,
0.049409,0.999514,0.141687,0.134756,0.448532,0.008681,-205.454230,3.174420,1396036.562342,1161962.734333,2307279.173521,207665.305543,1090450.175332,369.177143,98.850710,210.814270,30.260422,36.312506,85.737861,23.199657,49.425355,7.060765,8.069446,525.522654,141.215301,300.586854,43.373271,51.442717,3.000000,2.000000,3.000000,0.000000,1.000000,0.000000,1.000000,2.000000,0.000000,1.000000,0.000000,1.000000,3.000000,0.000000,1.000000,1553.000000,438.000000,932.000000,136.000000,161.000000,5.000000,
0.049409,0.999514,0.141687,0.134756,0.448532,0.008681,-205.454230,3.174420,1396036.562342,1161962.734333,2307279.173521,207665.305543,1090450.175332,369.177143,98.850710,210.814270,30.260422,36.312506,85.737861,23.199657,49.425355,7.060765,8.069446,525.522654,141.215301,300.586854,43.373271,51.442717,3.000000,2.000000,3.000000,0.000000,1.000000,0.000000,1.000000,2.000000,0.000000,1.000000,0.000000,1.000000,3.000000,0.000000,1.000000,1553.000000,438.000000,932.000000,136.000000,161.000000,5.000000,
0.049409,0.999514,0.141687,0.134756,0.448532,0.008681,-205.454230,3.174420,1396036.562342,1161962.734333,2307279.173521,207665.305543,1090450.175332,369.177143,98.850710,210.814270,30.260422,36.312506,85.737861,23.199657,49.425355,7.060765,8.069446,525.522654,141.215301,300.586854,43.373271,51.442717,3.000000,2.000000,3.000000,0.000000,1.000000,0.000000,1.000000,2.000000,0.000000,1.000000,0.000000,1.000000,3.000000,0.000000,1.000000,1553.000000,438.000000,932.000000,136.000000,161.000000,5.000000,
0.049409,0.999514,0.141687,0.134756,0.448532,0.008681,-205.454230,3.174420,1396036.562342,1161962.734333,2307279.173521,207665.305543,1090450.175332,369.177143,98.850710,210.814270,30.260422,36.312506,85.737861,23.199657,49.425355,7.060765,8.069446,525.522654,141.215301,300.586854,43.373271,51.442717,3.000000,2.000000,3.000000,0.000000,1.000000,0.000000,1.000000,2.000000,0.000000,1.000000,0.000000,1.000000,3.000000,0.000000,1.000000,1553.000000,438.000000,932.000000,136.000000,161.000000,5.000000,
0.049409,0.999514,0.141687,0.134756,0.448532,0.008681,-205.454230,3.174420,1396036.562342,1161962.734333,2307279.173521,207665.305543,1090450.175332,369.177143,98.850710,210.814270,30.260422,36.312506,85.737861,23.199657,49.425355,7.060765,8.069446,525.522654,141.215301,300.586854,43.373271,51.442717,3.000000,2.000000,3.000000,0.000000,1.000000,0.000000,1.000000,2.000000,0.000000,1.000000,0.000000,1.000000,3.000000,0.000000,1.000000,1553.000000,438.000000,932.000000,136.000000,161.000000,5.000000,
0.049409,0.999514,0.141687,0.134756,0.448532,0.008681,-205.454230,3.174420,1396036.562342,1161962.734333,2307279.173521,207665.305543,1090450.175332,369.177143,98.850710,210.814270,30.260422,36.312506,85.737861,23.199657,49.425355,7.060765,8.069446,525.522654,141.215301,300.586854,43.373271,51.442717,3.000000,2.000000,3.000000,0.000000,1.000000,0.000000,1.000000,2.000000,0.000000,1.000000,0.000000,1.000000,3.000000,0.000000,1.000000,1553.000000,438.000000,932.000000,136.000000,161.000000,5.000000,
0.049409,0.999514,0.141687,0.134756,0.448532,0.008681,-205.454230,3.174420,1396036.562342,1161962.734333,2307279.173521,207665.305543,1090450.175332,369.177143,98.850710,210.814270,30.260422,36.312506,85.737861,23.199657,49.425355,7.060765,8.069446,525.522654,141.215301,300.586854,43.373271,51.442717,3.000000,2.000000,3.000000,0.000000,1.000000,0.000000,1.000000,2.000000,0.000000,1.000000,0.000000,1.000000,3.000000,0.000000,1.000000,1553.000000,438.000000,932.000000,136.000000,161.000000,5.000000,
0.049409,0.999514,0.141687,0.134756,0.448532,0.008681,-205.454230,3.174420,1396036.562342,1161962.734333,2307279.173521,207665.305543,1090450.175332,369.177143,98.850710,210.814270,30.260422,36.312506,85.737861,23.199657,49.425355,7.060765,8.069446,525.522654,141.215301,300.586854,43.373271,51.442717,3.000000,2.000000,3.000000,0.000000,1.000000,0.000000,1.000000,2.000000,0.000000,1.000000,0.000000,1.000000,3.000000,0.000000,1.000000,1553.000000,438.000000,932.000000,136.000000,161.000000,5.000000,
0.049409,0.999514,0.141687,0.134756,0.448532,0.008681,-205.454230,3.174420,1396036.562342,1161962.734333,2307279.173521,207665.305543,1090450.175332,369.177143,98.850710,210.814270,30.260422,36.312506,85.737861,23.199657,49.425355,7.060765,8.069446,525.522654,141.215301,300.586854,43.373271,51.442717,3.000000,2.000000,3.000000,0.000000,1.000000,0.000000,1.000000,2.000000,0.000000,1.000000,0.000000,1.000000,3.000000,0.000000,1.000000,1553.000000,438.000000,932.000000,136.000000,161.000000,5.000000,
0.049409,0.999514,0.141687,0.134756,0.448532,0.008681,-205.454230,3.174420,1396036.562342,1161962.734333,2307279.173521,207665.305543,1090450.175332,369.177143,98.850710,210.814270,30.260422,36.312506,85.737861,23.199657,49.425355,7.060765,8.069446,525.522654,141.215301,300.586854,43.373271,51.442717,3.000000,2.000000,3.000000,0.000000,1.000000,0.000000,1.000000,2.000000,0.000000,1.000000,0.000000,1.000000,3.000000,0.000000,1.000000,1553.000000,438.000000,932.000000,136.000000,161.000000,5.000000,
0.049409,0.999514,0.141687,0.134756,0.448532,0.008681,-205.454230,3.174420,1396036.562342,1161962.734333,2307279.173521,207665.305543,1090450.175332,369.177143,98.850710,210.814270,30.260422,36.312506,85.737861,23.199657,49.425355,7.060765,8.069446,525.522654,141.215301,300.586854,43.373271,51.442717,3.000000,2.000000,3.000000,0.000000,1.000000,0.000000,1.000000,2.000000,0.000000,1.000000,0.000000,1.000000,3.000000,0.000000,1.000000,1553.000000,438.000000,932.000000,136.000000,161.000000,5.000000,
0.049409,0.999514,0.141687,0.134756,0.448532,0.008681,-205.454230,3.174420,1396036.562342,1161962.734333,2307279.173521,207665.305543,1090450.175332,369.177143,98.850710,210.814270,30.260422,36.312506,85.737861,23.199657,49.425355,7.060765,8.069446,525.522654,141.215301,300.586854,43.373271,51.442717,3.000000,2.000000,3.000000,0.000000,1.000000,0.000000,1.000000,2.000000,0.000000,1.000000,0.000000,1.000000,3.000000,0.000000,1.000000,1553.000000,438.000000,932.000000,136.000000,161.000000,5.000000,
0.049409,0.999514,0.141687,0.134756,0.448532,0.008681,-205.454230,3.174420,1396036.562342,1161962.734333,2307279.173521,207665.305543,1090450.175332,369.177143,98.850710,210.814270,30.260422,36.312506,85.737861,23.199657,49.425355,7.060765,8.069446,525.522654,141.215301,300.586854,43.373271,51.442717,3.000000,2.000000,3.000000,0.000000,1.000000,0.000000,1.000000,2.000000,0.000000,1.000000,0.000000,1.000000,3.000000,0.000000,1.000000,1553.000000,438.000000,932.000000,136.000000,161.000000,5.000000,
0.049409,0.999514,0.141687,0.134756,0.448532,0.008681,-205.454230,3.174420,1396036.562342,1161962.734333,2307279.173521,207665.305543,1090450.175332,369.177143,98.850710,210.814270,30.260422,36.312506,85.737861,23.199657,49.425355,7.060765,8.069446,525.522654,141.215301,300.586854,43.373271,51.442717,3.000000,2.000000,3.000000,0.000000,1.000000,0.000000,1.000000,2.000000,0.000000,1.000000,0.000000,1.000000,3.000000,0.000000,1.000000,1553.000000,438.000000,932.000000,136.000000,161.000000,5.000000,
0.049409,0.999514,0.141687,0.134756,0.448532,0.008681,-205.454230,3.174420,1396036.562342,1161962.734333,2307279.173521,207665.305543,1090450.175332,369.177143,98.850710,210.814270,30.260422,36.312506,85.737861,23.199657,49.425355,7.060765,8.069446,525.522654,141.215301,300.586854,43.373271,51.442717,3.000000,2.000000,3.000000,0.000000,1.000000,0.000000,1.000000,2.000000,0.000000,1.000000,0.000000,1.000000,3.000000,0.000000,1.000000,1553.000000,438.000000,932.000000,136.000000,161.000000,5.000000,
0.049409,0.999514,0.141687,0.134756,0.448532,0.008681,-205.454230,3.174420,1396036.562342,1161962.734333,2307279.173521,207665.305543,1090450.175332,369.177143,98.850710,210.814270,30.260422,36.312506,85.737861,23.199657,49.425355,7.060765,8.069446,525.522654,141.215301,300.586854,43.373271,51.442717,3.000000,2.000000,3.000000,0.000000,1.000000,0.000000,1.000000,2.000000,0.000000,1.000000,0.000000,1.000000,3.000000,0.000000,1.000000,1553.000000,438.000000,932.000000,136.000000,161.000000,5.000000,
0.049409,0.999514,0.141687,0.134756,0.448532,0.008681,-205.454230,3.174420,1396036.562342,1161962.734333,2307279.173521,207665.305543,1090450.175332,369.177143,98.850710,210.814270,30.260422,36.312506,85.737861,23.199657,49.425355,7.060765,8.069446,525.522654,141.215301,300.586854,43.373271,51.442717,3.000000,2.000000,3.000000,0.000000,1.000000,0.000000,1.000000,2.000000,0.000000,1.000000,0.000000,1.000000,3.000000,0.000000,1.000000,1553.000000,438.000000,932.000000,136.000000,161.000000,5.000000,
0.049409,0.999514,0.141687,0.134756,0.448532,0.008681,-205.454230,3.174420,1396036.562342,1161962.734333,2307279.173521,207665.305543,1090450.175332,369.177143,98.850710,210.814270,30.260422,36.312506,85.737861,23.199657,49.425355,7.060765,8.069446,525.522654,141.215301,300.586854,43.373271,51.442717,3.000000,2.000000,3.000000,0.000000,1.000000,0.000000,1.000000,2.000000,0.000000,1.000000,0.000000,1.000000,3.000000,0.000000,1.000000,1553.000000,438.000000,932.000000,136.000000,161.000000,5.000000,
0.049409,0.999514,0.141687,0.134756,0.448532,0.008681,-205.454230,3.174420,1396036.562342,1161962.734333,2307279.173521,207665.305543,1090450.175332,369.177143,98.850710,210.814270,30.260422,36.312506,85.737861,23.199657,49.425355,7.060765,8.069446,525.522654,141.215301,300.586854,43.373271,51.442717,3.000000,2.000000,3.000000,0.000000,1.000000,0.000000,1.000000,2.000000,0.000000,1.000000,0.000000,1.000000,3.000000,0.000000,1.000000,1553.000000,438.000000,932.000000,136.000000,161.000000,5.000000,
0.049409,0.999514,0.141687,0.134756,0.448532,0.008681,-205.454230,3.174420,1396036.562342,1161962.734333,2307279.173521,207665.305543,1090450.175332,369.177143,98.850710,210.814270,30.260422,36.312506,85.737861,23.199657,49.425355,7.060765,8.069446,525.522654,141.215301,300.586854,43.373271,51.442717,3.000000,2.000000,3.000000,0.000000,1.000000,0.000000,1.000000,2.000000,0.000000,1.000000,0.000000,1.000000,3.000000,0.000000,1.000000,1553.000000,438.000000,932.000000,136.000000,161.000000,5.000000,
0.049409,0.999514,0.141687,0.134756,0.448532,0.008681,-205.454230,3.174420,1396036.562342,1161962.734333,2307279.173521,207665.305543,1090450.175332,369.177143,98.850710,210.814270,30.260422,36.312506,85.737861,23.199657,49.425355,7.060765,8.069446,525.522654,141.215301,300.586854,43.373271,51.442717,3.000000,2.000000,3.000000,0.000000,1.000000,0.000000,1.000000,2.000000,0.000000,1.000000,0.000000,1.000000,3.000000,0.000000,1.000000,1553.000000,438.000000,932.000000,136.000000,161.000000,5.000000,
0.049371,0.998136,0.143425,0.139248,0.435301,0.008237,-205.611388,3.175859,1396036.993677,1161962.850154,2307279.420252,207665.341043,1090450.217489,369.014727,98.807222,210.721524,30.247109,36.296530,85.700141,23.189450,49.403611,7.057659,8.065896,525.291455,141.153174,300.454613,43.354189,51.420085,3.000000,2.000000,3.000000,0.000000,1.000000,0.000000,1.000000,2.000000,0.000000,1.000000,0.000000,1.000000,3.000000,0.000000,1.000000,1553.000000,438.000000,932.000000,136.000000,161.000000,5.000000,
0.049371,0.998136,0.143425,0.139248,0.435301,0.008237,-205.611388,3.175859,1396036.993677,1161962.850154,2307279.420252,207665.341043,1090450.217489,369.014727,98.807222,210.721524,30.247109,36.296530,85.700141,23.189450,49.403611,7.057659,8.065896,525.291455,141.153174,300.454613,43.354189,51.420085,3.000000,2.000000,3.000000,0.000000,1.000000,0.000000,1.000000,2.000000,0.000000,1.000000,0.000000,1.000000,3.000000,0.000000,1.000000,1553.000000,438.000000,932.000000,136.000000,161.000000,5.000000,
0.049371,0.998136,0.143425,0.139248,0.435301,0.008237,-205.611388,3.175859,1396036.993677,1161962.850154,2307279.420252,207665.341043,1090450.217489,369.014727,98.807222,210.721524,30.247109,36.296530,85.700141,23.189450,49.403611,7.057659,8.065896,525.291455,141.153174,300.454613,43.354189,51.420085,3.000000,2.000000,3.000000,0.000000,1.000000,0.000000,1.000000,2.000000,0.000000,1.000000,0.000000,1.000000,3.000000,0.000000,1.000000,1553.000000,438.000000,932.000000,136.000000,161.000000,5.000000,
0.049371,0.998136,0.143425,0.139248,0.435301,0.008237,-205.611388,3.175859,1396036.993677,1161962.850154,2307279.420252,207665.341043,1090450.217489,369.014727,98.807222,210.721524,30.247109,36.296530,85.700141,23.189450,49.403611,7.057659,8.065896,525.291455,141.153174,300.454613,43.354189,51.420085,3.000000,2.000000,3.000000,0.000000,1.000000,0.000000,1.000000,2.000000,0.000000,1.000000,0.000000,1.000000,3.000000,0.000000,1.000000,1553.000000,438.000000,932.000000,136.000000,161.000000,5.000000,
0.049371,0.998136,0.143425,0.139248,0.435301,0.008237,-205.611388,3.175859,1396036.993677,1161962.850154,2307279.420252,207665.341043,1090450.217489,369.014727,98.807222,210.721524,30.247109,36.296530,85.700141,23.189450,49.403611,7.057659,8.065896,525.291455,141.153174,300.454613,43.354189,51.420085,3.000000,2.000000,3.000000,0.000000,1.000000,0.000000,1.000000,2.000000,0.000000,1.000000,0.000000,1.000000,3.000000,0.000000,1.000000,1553.000000,438.000000,932.000000,136.000000,161.000000,5.000000,
0.049371,0.998136,0.143425,0.139248,0.435301,0.008237,-205.611388,3.175859,1396036.993677,1161962.850154,2307279.420252,207665.341043,1090450.217489,369.014727,98.807222,210.721524,30.247109,36.296530,85.700141,23.189450,49.403611,7.057659,8.065896,525.291455,141.153174,300.454613,43.354189,51.420085,3.000000,2.000000,3.000000,0.000000,1.000000,0.000000,1.000000,2.000000,0.000000,1.000000,0.000000,1.000000,3.000000,0.000000,1.000000,1553.000000,438.000000,932.000000,136.000000,161.000000,5.000000,
0.049371,0.998136,0.143425,0.139248,0.435301,0.008237,-205.611388,3.175859,1396036.993677,1161962.850154,2307279.420252,207665.341043,1090450.217489,369.014727,98.807222,210.721524,30.247109,36.296530,85.700141,23.189450,49.403611,7.057659,8.065896,525.291455,141.153174,300.454613,43.354189,51.420085,3.000000,2.000000,3.000000,0.000000,1.000000,0.000000,1.000000,2.000000,0.000000,1.000000,0.000000,1.000000,3.000000,0.000000,1.000000,1553.000000,438.000000,932.000000,136.000000,161.000000,5.000000,
0.049371,0.998136,0.143425,0.139248,0.435301,0.008237,-205.611388,3.175859,1396036.993677,1161962.850154,2307279.420252,207665.341043,1090450.217489,369.014727,98.807222,210.721524,30.247109,36.296530,85.700141,23.189450,49.403611,7.057659,8.065896,525.291455,141.153174,300.454613,43.354189,51.420085,3.000000,2.000000,3.000000,0.000000,1.000000,0.000000,1.000000,2.000000,0.000000,1.000000,0.000000,1.000000,3.000000,0.000000,1.000000,1553.000000,438.000000,932.000000,136.000000,161.000000,5.000000,
0.049371,0.998136,0.143425,0.139248,0.435301,0.008237,-205.611388,3.175859,1396036.993677,1161962.850154,2307279.420252,207665.341043,1090450.217489,369.014727,98.807222,210.721524,30.247109,36.296530,85.700141,23.189450,49.403611,7.057659,8.065896,525.291455,141.153174,300.454613,43.354189,51.420085,3.000000,2.000000,3.000000,0.000000,1.000000,0.000000,1.000000,2.000000,0.000000,1.000000,0.000000,1.000000,3.000000,0.000000,1.000000,1553.000000,438.000000,932.000000,136.000000,161.000000,5.000000,
0.049371,0.998136,0.143425,0.139248,0.435301,0.008237,-205.611388,3.175859,1396036.993677,1161962.850154,2307279.420252,207665.341043,1090450.217489,369.014727,98.807222,210.721524,30.247109,36.296530,85.700141,23.189450,49.403611,7.057659,8.065896,525.291455,141.153174,300.454613,43.354189,51.420085,3.000000,2.000000,3.000000,0.000000,1.000000,0.000000,1.000000,2.000000,0.000000,1.000000,0.000000,1.000000,3.000000,0.000000,1.000000,1553.000000,438.000000,932.000000,136.000000,161.000000,5.000000,
0.049371,0.998136,0.143425,0.139248,0.435301,0.008237,-205.611388,3.175859,1396036.993677,1161962.850154,2307279.420252,207665.341043,1090450.217489,369.014727,98.807222,210.721524,30.247109,36.296530,85.700141,23.189450,49.403611,7.057659,8.065896,525.291455,141.153174,300.454613,43.354189,51.420085,3.000000,2.000000,3.000000,0.000000,1.000000,0.000000,1.000000,2.000000,0.000000,1.000000,0.000000,1.000000,3.000000,0.000000,1.000000,1553.000000,438.000000,932.000000,136.000000,161.000000,5.000000,
0.049371,0.998136,0.143425,0.139248,0.435301,0.008237,-205.611388,3.175859,1396036.993677,1161962.850154,2307279.420252,207665.341043,1090450.217489,369.014727,98.807222,210.721524,30.247109,36.296530,85.700141,23.189450,49.403611,7.057659,8.065896,525.291455,141.153174,300.454613,43.354189,51.420085,3.000000,2.000000,3.000000,0.000000,1.000000,0.000000,1.000000,2.000000,0.000000,1.000000,0.000000,1.000000,3.000000,0.000000,1.000000,1553.000000,438.000000,932.000000,136.000000,161.000000,5.000000,
0.049371,0.998136,0.143425,0.139248,0.435301,0.008237,-205.611388,3.175859,1396036.993677,1161962.850154,2307279.420252,207665.341043,1090450.217489,369.014727,98.807222,210.721524,30.247109,36.296530,85.700141,23.189450,49.403611,7.057659,8.065896,525.291455,141.153174,300.454613,43.354189,51.420085,3.000000,2.000000,3.000000,0.000000,1.000000,0.000000,1.000000,2.000000,0.000000,1.000000,0.000000,1.000000,3.000000,0.000000,1.000000,1553.000000,438.000000,932.000000,136.000000,161.000000,5.000000,
0.049371,0.998136,0.143425,0.139248,0.435301,0.008237,-205.611388,3.175859,1396036.993677,1161962.850154,2307279.420252,207665.341043,1090450.217489,369.014727,98.807222,210.721524,30.247109,36.296530,85.700141,23.189450,49.403611,7.057659,8.065896,525.291455,141.153174,300.454613,43.354189,51.420085,3.000000,2.000000,3.000000,0.000000,1.000000,0.000000,1.000000,2.000000,0.000000,1.000000,0.000000,1.000000,3.000000,0.000000,1.000000,1553.000000,438.000000,932.000000,136.000000,161.000000,5.000000,
0.049371,0.998136,0.143425,0.139248,0.435301,0.008237,-205.611388,3.175859,1396036.993677,1161962.850154,2307279.420252,207665.341043,1090450.217489,369.014727,98.807222,210.721524,30.247109,36.296530,85.700141,23.189450,49.403611,7.057659,8.065896,525.291455,141.153174,300.454613,43.354189,51.420085,3.000000,2.000000,3.000000,0.000000,1.000000,0.000000,1.000000,2.000000,0.000000,1.000000,0.000000,1.000000,3.000000,0.000000,1.000000,1553.000000,438.000000,932.000000,136.000000,161.000000,5.000000,
0.049371,0.998136,0.143425,0.139248,0.435301,0.008237,-205.611388,3.175859,1396036.993677,1161962.850154,2307279.420252,207665.341043,1090450.217489,369.014727,98.807222,210.721524,30.247109,36.296530,85.700141,23.189450,49.403611,7.057659,8.065896,525.291455,141.153174,300.454613,43.354189,51.420085,3.000000,2.000000,3.000000,0.000000,1.000000,0.000000,1.000000,2.000000,0.000000,1.000000,0.000000,1.000000,3.000000,0.000000,1.000000,1553.000000,438.000000,932.000000,136.000000,161.000000,5.000000,
0.049371,0.998136,0.143425,0.139248,0.435301,0.008237,-205.611388,3.175859,1396036.993677,1161962.850154,2307279.420252,207665.341043,1090450.217489,369.014727,98.807222,210.721524,30.247109,36.296530,85.700141,23.189450,49.403611,7.057659,8.065896,525.291455,141.153174,300.454613,43.354189,51.420085,3.000000,2.000000,3.000000,0.000000,1.000000,0.000000,1.000000,2.000000,0.000000,1.000000,0.000000,1.000000,3.000000,0.000000,1.000000,1553.000000,438.000000,932.000000,136.000000,161.000000,5.000000,
0.049371,0.998136,0.143425,0.139248,0.435301,0.008237,-205.611388,3.175859,1396036.993677,1161962.850154,2307279.420252,207665.341043,1090450.217489,369.014727,98.807222,210.721524,30.247109,36.296530,85.700141,23.189450,49.403611,7.057659,8.065896,525.291455,141.153174,300.454613,43.354189,51.420085,3.000000,2.000000,3.000000,0.000000,1.000000,0.000000,1.000000,2.000000,0.000000,1.000000,0.000000,1.000000,3.000000,0.000000,1.000000,1553.000000,438.000000,932.000000,136.000000,161.000000,5.000000,
0.049371,0.998136,0.143425,0.139248,0.435301,0.008237,-205.611388,3.175859,1396036.993677,1161962.850154,2307279.420252,207665.341043,1090450.217489,369.014727,98.807222,210.721524,30.247109,36.296530,85.700141,23.189450,49.403611,7.057659,8.065896,525.291455,141.153174,300.454613,43.354189,51.420085,3.000000,2.000000,3.000000,0.000000,1.000000,0.000000,1.000000,2.000000,0.000000,1.000000,0.000000,1.000000,3.000000,0.000000,1.000000,1553.000000,438.000000,932.000000,136.000000,161.000000,5.000000,
0.049371,0.998136,0.143425,0.139248,0.435301,0.008237,-205.611388,3.175859,1396036.993677,1161962.850154,2307279.420252,207665.341043,1090450.217489,369.014727,98.807222,210.721524,30.247109,36.296530,85.700141,23.189450,49.403611,7.057659,8.065896,525.291455,141.153174,300.454613,43.354189,51.420085,3.000000,2.000000,3.000000,0.000000,1.000000,0.000000,1.000000,2.000000,0.000000,1.000000,0.000000,1.000000,3.000000,0.000000,1.000000,1553.000000,438.000000,932.000000,136.000000,161.000000,5.000000,
0.049371,0.998136,0.143425,0.139248,0.435301,0.008237,-205.611388,3.175859,1396036.993677,1161962.850154,2307279.420252,207665.341043,1090450.217489,369.014727,98.807222,210.721524,30.247109,36.296530,85.700141,23.189450,49.403611,7.057659,8.065896,525.291455,141.153174,300.454613,43.354189,51.420085,3.000000,2.000000,3.000000,0.000000,1.000000,0.000000,1.000000,2.000000,0.000000,1.000000,0.000000,1.000000,3.000000,0.000000,1.000000,1553.000000,438.000000,932.000000,136.000000,161.000000,5.000000,
0.049371,0.998136,0.143425,0.139248,0.435301,0.008237,-205.611388,3.175859,1396036.993677,1161962.850154,2307279.420252,207665.341043,1090450.217489,369.014727,98.807222,210.721524,30.247109,36.296530,85.700141,23.189450,49.403611,7.057659,8.065896,525.291455,141.153174,300.454613,43.354189,51.420085,3.000000,2.000000,3.000000,0.000000,1.000000,0.000000,1.000000,2.000000,0.000000,1.000000,0.000000,1.000000,3.000000,0.000000,1.000000,1553.000000,438.000000,932.000000,136.000000,161.000000,5.000000,
0.049371,0.998136,0.143425,0.139248,0.435301,0.008237,-205.611388,3.175859,1396036.993677,1161962.850154,2307279.420252,207665.341043,1090450.217489,369.014727,98.807222,210.721524,30.247109,36.296530,85.700141,23.189450,49.403611,7.057659,8.065896,525.291455,141.153174,300.454613,43.354189,51.420085,3.000000,2.000000,3.000000,0.000000,1.000000,0.000000,1.000000,2.000000,0.000000,1.000000,0.000000,1.000000,3.000000,0.000000,1.000000,1553.000000,438.000000,932.000000,136.000000,161.000000,5.000000,
0.049371,0.998136,0.143425,0.139248,0.435301,0.008237,-205.611388,3.175859,1396036.993677,1161962.850154,2307279.420252,207665.341043,1090450.217489,369.014727,98.807222,210.721524,30.247109,36.296530,85.700141,23.189450,49.403611,7.057659,8.065896,525.291455,141.153174,300.454613,43.354189,51.420085,3.000000,2.000000,3.000000,0.000000,1.000000,0.000000,1.000000,2.000000,0.000000,1.000000,0.000000,1.000000,3.000000,0.000000,1.000000,1553.000000,438.000000,932.000000,136.000000,161.000000,5.000000,
0.049371,0.998136,0.143425,0.139248,0.435301,0.008237,-205.611388,3.175859,1396036.993677,1161962.850154,2307279.420252,207665.341043,1090450.217489,369.014727,98.807222,210.721524,30.247109,36.296530,85.700141,23.189450,49.403611,7.057659,8.065896,525.291455,141.153174,300.454613,43.354189,51.420085,3.000000,2.000000,3.000000,0.000000,1.000000,0.000000,1.000000,2.000000,0.000000,1.000000,0.000000,1.000000,3.000000,0.000000,1.000000,1553.000000,438.000000,932.000000,136.000000,161.000000,5.000000,
0.049389,0.994818,0.143835,0.140414,0.427768,0.008480,-206.204935,3.177976,1396036.757088,1161962.786626,2307279.284919,207665.321571,1090450.194366,369.103812,98.831075,210.772396,30.254411,36.305293,85.720831,23.195048,49.415538,7.059363,8.067843,525.418269,141.187251,300.527148,43.364656,51.432498,3.000000,2.000000,3.000000,0.000000,1.000000,0.000000,1.000000,2.000000,0.000000,1.000000,0.000000,1.000000,3.000000,0.000000,1.000000,1553.000000,438.000000,932.000000,136.000000,161.000000,5.000000,
0.049389,0.994818,0.143835,0.140414,0.427768,0.008480,-206.204935,3.177976,1396036.757088,1161962.786626,2307279.284919,207665.321571,1090450.194366,369.103812,98.831075,210.772396,30.254411,36.305293,85.720831,23.195048,49.415538,7.059363,8.067843,525.418269,141.187251,300.527148,43.364656,51.432498,3.000000,2.000000,3.000000,0.000000,1.000000,0.000000,1.000000,2.000000,0.000000,1.000000,0.000000,1.000000,3.000000,0.000000,1.000000,1553.000000,438.000000,932.000000,136.000000,161.000000,5.000000,
0.049389,0.994818,0.143835,0.140414,0.427768,0.008480,-206.204935,3.177976,1396036.757088,1161962.786626,2307279.284919,207665.321571,1090450.194366,369.103812,98.831075,210.772396,30.254411,36.305293,85.720831,23.195048,49.415538,7.059363,8.067843,525.418269,141.187251,300.527148,43.364656,51.432498,3.000000,2.000000,3.000000,0.000000,1.000000,0.000000,1.000000,2.000000,0.000000,1.000000,0.000000,1.000000,3.000000,0.000000,1.000000,1553.000000,438.000000,932.000000,136.000000,161.000000,5.000000,
0.049461,0.983180,0.144289,0.129267,0.435697,0.007170,-208.543163,3.183585,1396038.031069,1161963.128713,2307280.013657,207665.426425,1090450.318880,368.624104,98.702629,210.498464,30.215090,36.258109,85.609423,23.164903,49.351314,7.050188,8.057357,524.735405,141.003756,300.136565,43.308296,51.365654,3.000000,2.000000,3.000000,0.000000,1.000000,0.000000,1.000000,2.000000,0.000000,1.000000,0.000000,1.000000,3.000000,0.000000,1.000000,1553.000000,438.000000,932.000000,136.000000,161.000000,5.000000,
0.049461,0.983180,0.144289,0.129267,0.435697,0.007170,-208.543163,3.183585,1396038.031069,1161963.128713,2307280.013657,207665.426425,1090450.318880,368.624104,98.702629,210.498464,30.215090,36.258109,85.609423,23.164903,49.351314,7.050188,8.057357,524.735405,141.003756,300.136565,43.308296,51.365654,3.000000,2.000000,3.000000,0.000000,1.000000,0.000000,1.000000,2.000000,0.000000,1.000000,0.000000,1.000000,3.000000,0.000000,1.000000,1553.000000,438.000000,932.000000,136.000000,161.000000,5.000000,
0.049461,0.983180,0.144289,0.129267,0.435697,0.007170,-208.543163,3.183585,1396038.031069,1161963.128713,2307280.013657,207665.426425,1090450.318880,368.624104,98.702629,210.498464,30.215090,36.258109,85.609423,23.164903,49.351314,7.050188,8.057357,524.735405,141.003756,300.136565,43.308296,51.365654,3.000000,2.000000,3.000000,0.000000,1.000000,0.000000,1.000000,2.000000,0.000000,1.000000,0.000000,1.000000,3.000000,0.000000,1.000000,1553.000000,438.000000,932.000000,136.000000,161.000000,5.000000,
0.049469,0.990189,0.145219,0.109078,0.479459,0.006099,-206.494237,3.186159,1396039.071635,1161963.408124,2307280.608878,207665.512069,1090450.420582,368.232285,98.597716,210.274720,30.182974,36.219569,85.518427,23.140280,49.298858,7.042694,8.048793,524.177652,140.853880,299.817544,43.262263,51.311056,3.000000,2.000000,3.000000,0.000000,1.000000,0.000000,1.000000,2.000000,0.000000,1.000000,0.000000,1.000000,3.000000,0.000000,1.000000,1553.000000,438.000000,932.000000,136.000000,161.000000,5.000000,
0.049469,0.990189,0.145219,0.109078,0.479459,0.006099,-206.494237,3.186159,1396039.071635,1161963.408124,2307280.608878,207665.512069,1090450.420582,368.232285,98.597716,210.274720,30.182974,36.219569,85.518427,23.140280,49.298858,7.042694,8.048793,524.177652,140.853880,299.817544,43.262263,51.311056,3.000000,2.000000,3.000000,0.000000,1.000000,0.000000,1.000000,2.000000,0.000000,1.000000,0.000000,1.000000,3.000000,0.000000,1.000000,1553.000000,438.000000,932.000000,136.000000,161.000000,5.000000,
0.049469,0.990189,0.145219,0.109078,0.479459,0.006099,-206.494237,3.186159,1396039.071635,1161963.408124,2307280.608878,207665.512069,1090450.420582,368.232285,98.597716,210.274720,30.182974,36.219569,85.518427,23.140280,49.298858,7.042694,8.048793,524.177652,140.853880,299.817544,43.262263,51.311056,3.000000,2.000000,3.000000,0.000000,1.000000,0.000000,1.000000,2.000000,0.000000,1.000000,0.000000,1.000000,3.000000,0.000000,1.000000,1553.000000,438.000000,932.000000,136.000000,161.000000,5.000000,
0.049469,0.990189,0.145219,0.109078,0.479459,0.006099,-206.494237,3.186159,1396039.071635,1161963.408124,2307280.608878,207665.512069,1090450.420582,368.232285,98.597716,210.274720,30.182974,36.219569,85.518427,23.140280,49.298858,7.042694,8.048793,524.177652,140.853880,299.817544,43.262263,51.311056,3.000000,2.000000,3.000000,0.000000,1.000000,0.000000,1.000000,2.000000,0.000000,1.000000,0.000000,1.000000,3.000000,0.000000,1.000000,1553.000000,438.000000,932.000000,136.000000,161.000000,5.000000,
0.049469,0.990189,0.145219,0.109078,0.479459,0.006099,-206.494237,3.186159,1396039.071635,1161963.408124,2307280.608878,207665.512069,1090450.420582,368.232285,98.597716,210.274720,30.182974,36.219569,85.518427,23.140280,49.298858,7.042694,8.048793,524.177652,140.853880,299.817544,43.262263,51.311056,3.000000,2.000000,3.000000,0.000000,1.000000,0.000000,1.000000,2.000000,0.000000,1.000000,0.000000,1.000000,3.000000,0.000000,1.000000,1553.000000,438.000000,932.000000,136.000000,161.000000,5.000000,
0.049469,0.990189,0.145219,0.109078,0.479459,0.006099,-206.494237,3.186159,1396039.071635,1161963.408124,2307280.608878,207665.512069,1090450.420582,368.232285,98.597716,210.274720,30.182974,36.219569,85.518427,23.140280,49.298858,7.042694,8.048793,524.177652,140.853880,299.817544,43.262263,51.311056,3.000000,2.000000,3.000000,0.000000,1.000000,0.000000,1.000000,2.000000,0.000000,1.000000,0.000000,1.000000,3.000000,0.000000,1.000000,1553.000000,438.000000,932.000000,136.000000,161.000000,5.000000,
0.049469,0.990189,0.145219,0.109078,0.479459,0.006099,-206.494237,3.186159,1396039.071635,1161963.408124,2307280.608878,207665.512069,1090450.420582,368.232285,98.597716,210.274720,30.182974,36.219569,85.518427,23.140280,49.298858,7.042694,8.048793,524.177652,140.853880,299.817544,43.262263,51.311056,3.000000,2.000000,3.000000,0.000000,1.000000,0.000000,1.000000,2.000000,0.000000,1.000000,0.000000,1.000000,3.000000,0.000000,1.000000,1553.000000,438.000000,932.000000,136.000000,161.000000,5.000000,
0.049469,0.990189,0.145219,0.109078,0.479459,0.006099,-206.494237,3.186159,1396039.071635,1161963.408124,2307280.608878,207665.512069,1090450.420582,368.232285,98.597716,210.274720,30.182974,36.219569,85.518427,23.140280,49.298858,7.042694,8.048793,524.177652,140.853880,299.817544,43.262263,51.311056,3.000000,2.000000,3.000000,0.000000,1.000000,0.000000,1.000000,2.000000,0.000000,1.000000,0.000000,1.000000,3.000000,0.000000,1.000000,1553.000000,438.000000,932.000000,136.000000,161.000000,5.000000,
0.049469,0.990189,0.145219,0.109078,0.479459,0.006099,-206.494237,3.186159,1396039.071635,1161963.408124,2307280.608878,207665.512069,1090450.420582,368.232285,98.597716,210.274720,30.182974,36.219569,85.518427,23.140280,49.298858,7.042694,8.048793,524.177652,140.853880,299.817544,43.262263,51.311056,3.000000,2.000000,3.000000,0.000000,1.000000,0.000000,1.000000,2.000000,0.000000,1.000000,0.000000,1.000000,3.000000,0.000000,1.000000,1553.000000,438.000000,932.000000,136.000000,161.000000,5.000000,
0.049469,0.990189,0.145219,0.109078,0.479459,0.006099,-206.494237,3.186159,1396039.071635,1161963.408124,2307280.608878,207665.512069,1090450.420582,368.232285,98.597716,210.274720,30.182974,36.219569,85.518427,23.140280,49.298858,7.042694,8.048793,524.177652,140.853880,299.817544,43.262263,51.311056,3.000000,2.000000,3.000000,0.000000,1.000000,0.000000,1.000000,2.000000,0.000000,1.000000,0.000000,1.000000,3.000000,0.000000,1.000000,1553.000000,438.000000,932.000000,136.000000,161.000000,5.000000,
0.049469,0.990189,0.145219,0.109078,0.479459,0.006099,-206.494237,3.186159,1396039.071635,1161963.408124,2307280.608878,207665.512069,1090450.420582,368.232285,98.597716,210.274720,30.182974,36.219569,85.518427,23.140280,49.298858,7.042694,8.048793,524.177652,140.853880,299.817544,43.262263,51.311056,3.000000,2.000000,3.000000,0.000000,1.000000,0.000000,1.000000,2.000000,0.000000,1.000000,0.000000,1.000000,3.000000,0.000000,1.000000,1553.000000,438.000000,932.000000,136.000000,161.000000,5.000000,
0.049469,0.990189,0.145219,0.109078,0.479459,0.006099,-206.494237,3.186159,1396039.071635,1161963.408124,2307280.608878,207665.512069,1090450.420582,368.232285,98.597716,210.274720,30.182974,36.219569,85.518427,23.140280,49.298858,7.042694,8.048793,524.177652,140.853880,299.817544,43.262263,51.311056,3.000000,2.000000,3.000000,0.000000,1.000000,0.000000,1.000000,2.000000,0.000000,1.000000,0.000000,1.000000,3.000000,0.000000,1.000000,1553.000000,438.000000,932.000000,136.000000,161.000000,5.000000,
0.049469,0.990189,0.145219,0.109078,0.479459,0.006099,-206.494237,3.186159,1396039.071635,1161963.408124,2307280.608878,207665.512069,1090450.420582,368.232285,98.597716,210.274720,30.182974,36.219569,85.518427,23.140280,49.298858,7.042694,8.048793,524.177652,140.853880,299.817544,43.262263,51.311056,3.000000,2.000000,3.000000,0.000000,1.000000,0.000000,1.000000,2.000000,0.000000,1.000000,0.000000,1.000000,3.000000,0.000000,1.000000,1553.000000,438.000000,932.000000,136.000000,161.000000,5.000000,
0.049469,0.990189,0.145219,0.109078,0.479459,0.006099,-206.494237,3.186159,1396039.071635,1161963.408124,2307280.608878,207665.512069,1090450.420582,368.232285,98.597716,210.274720,30.182974,36.219569,85.518427,23.140280,49.298858,7.042694,8.048793,524.177652,140.853880,299.817544,43.262263,51.311056,3.000000,2.000000,3.000000,0.000000,1.000000,0.000000,1.000000,2.000000,0.000000,1.000000,0.000000,1.000000,3.000000,0.000000,1.000000,1553.000000,438.000000,932.000000,136.000000,161.000000,5.000000,
0.049496,0.988809,0.144932,0.110749,0.471408,0.005621,-206.730049,3.187284,1396039.536500,1161963.532949,2307280.874788,207665.550329,1090450.466016,368.057244,98.550847,210.174765,30.168627,36.202352,85.477775,23.129280,49.275423,7.039346,8.044967,523.928481,140.786924,299.675024,43.241698,51.286665,3.000000,2.000000,3.000000,0.000000,1.000000,0.000000,1.000000,2.000000,0.000000,1.000000,0.000000,1.000000,3.000000,0.000000,1.000000,1553.000000,438.000000,932.000000,136.000000,161.000000,5.000000,
0.049496,0.988809,0.144932,0.110749,0.471408,0.005621,-206.730049,3.187284,1396039.536500,1161963.532949,2307280.874788,207665.550329,1090450.466016,368.057244,98.550847,210.174765,30.168627,36.202352,85.477775,23.129280,49.275423,7.039346,8.044967,523.928481,140.786924,299.675024,43.241698,51.286665,3.000000,2.000000,3.000000,0.000000,1.000000,0.000000,1.000000,2.000000,0.000000,1.000000,0.000000,1.000000,3.000000,0.000000,1.000000,1553.000000,438.000000,932.000000,136.000000,161.000000,5.000000,
0.049496,0.988809,0.144932,0.110749,0.471408,0.005621,-206.730049,3.187284,1396039.536500,1161963.532949,2307280.874788,207665.550329,1090450.466016,368.057244,98.550847,210.174765,30.168627,36.202352,85.477775,23.129280,49.275423,7.039346,8.044967,523.928481,140.786924,299.675024,43.241698,51.286665,3.000000,2.000000,3.000000,0.000000,1.000000,0.000000,1.000000,2.000000,0.000000,1.000000,0.000000,1.000000,3.000000,0.000000,1.000000,1553.000000,438.000000,932.000000,136.000000,161.000000,5.000000,
0.049496,0.988809,0.144932,0.110749,0.471408,0.005621,-206.730049,3.187284,1396039.536500,1161963.532949,2307280.874788,207665.550329,1090450.466016,368.057244,98.550847,210.174765,30.168627,36.202352,85.477775,23.129280,49.275423,7.039346,8.044967,523.928481,140.786924,299.675024,43.241698,51.286665,3.000000,2.000000,3.000000,0.000000,1.000000,0.000000,1.000000,2.000000,0.000000,1.000000,0.000000,1.000000,3.000000,0.000000,1.000000,1553.000000,438.000000,932.000000,136.000000,161.000000,5.000000,
0.049520,0.996311,0.143287,0.103155,0.500479,0.004633,-204.795826,3.185155,1396040.497076,1161963.790882,2307281.424254,207665.629389,1090450.559899,367.695545,98.453998,209.968221,30.138979,36.166775,85.393774,23.106551,49.226999,7.032428,8.037061,523.413604,140.648569,299.380526,43.199203,51.236265,3.000000,2.000000,3.000000,0.000000,1.000000,0.000000,1.000000,2.000000,0.000000,1.000000,0.000000,1.000000,3.000000,0.000000,1.000000,1553.000000,438.000000,932.000000,136.000000,161.000000,5.000000,
0.049520,0.996311,0.143287,0.103155,0.500479,0.004633,-204.795826,3.185155,1396040.497076,1161963.790882,2307281.424254,207665.629389,1090450.559899,367.695545,98.453998,209.968221,30.138979,36.166775,85.393774,23.106551,49.226999,7.032428,8.037061,523.413604,140.648569,299.380526,43.199203,51.236265,3.000000,2.000000,3.000000,0.000000,1.000000,0.000000,1.000000,2.000000,0.000000,1.000000,0.000000,1.000000,3.000000,0.000000,1.000000,1553.000000,438.000000,932.000000,136.000000,161.000000,5.000000,
0.049499,0.998902,0.142912,0.103511,0.505075,0.005213,-204.398584,3.182986,1396039.932677,1161963.639330,2307281.101408,207665.582936,1090450.504737,367.908066,98.510903,210.089579,30.156399,36.187679,85.443130,23.119906,49.255451,7.036493,8.041706,523.716127,140.729861,299.553562,43.224172,51.265878,3.000000,2.000000,3.000000,0.000000,1.000000,0.000000,1.000000,2.000000,0.000000,1.000000,0.000000,1.000000,3.000000,0.000000,1.000000,1553.000000,438.000000,932.000000,136.000000,161.000000,5.000000,
0.049499,0.998902,0.142912,0.103511,0.505075,0.005213,-204.398584,3.182986,1396039.932677,1161963.639330,2307281.101408,207665.582936,1090450.504737,367.908066,98.510903,210.089579,30.156399,36.187679,85.443130,23.119906,49.255451,7.036493,8.041706,523.716127,140.729861,299.553562,43.224172,51.265878,3.000000,2.000000,3.000000,0.000000,1.000000,0.000000,1.000000,2.000000,0.000000,1.000000,0.000000,1.000000,3.000000,0.000000,1.000000,1553.000000,438.000000,932.000000,136.000000,161.000000,5.000000,
0.049499,0.998902,0.142912,0.103511,0.505075,0.005213,-204.398584,3.182986,1396039.932677,1161963.639330,2307281.101408,207665.582936,1090450.504737,367.908066,98.510903,210.089579,30.156399,36.187679,85.443130,23.119906,49.255451,7.036493,8.041706,523.716127,140.729861,299.553562,43.224172,51.265878,3.000000,2.000000,3.000000,0.000000,1.000000,0.000000,1.000000,2.000000,0.000000,1.000000,0.000000,1.000000,3.000000,0.000000,1.000000,1553.000000,438.000000,932.000000,136.000000,161.000000,5.000000,
0.049499,0.998902,0.142912,0.103511,0.505075,0.005213,-204.398584,3.182986,1396039.932677,1161963.639330,2307281.101408,207665.582936,1090450.504737,367.908066,98.510903,210.089579,30.156399,36.187679,85.443130,23.119906,49.255451,7.036493,8.041706,523.716127,140.729861,299.553562,43.224172,51.265878,3.000000,2.000000,3.000000,0.000000,1.000000,0.000000,1.000000,2.000000,0.000000,1.000000,0.000000,1.000000,3.000000,0.000000,1.000000,1553.000000,438.000000,932.000000,136.000000,161.000000,5.000000,
0.049499,0.998902,0.142912,0.103511,0.505075,0.005213,-204.398584,3.182986,1396039.932677,1161963.639330,2307281.101408,207665.582936,1090450.504737,367.908066,98.510903,210.089579,30.156399,36.187679,85.443130,23.119906,49.255451,7.036493,8.041706,523.716127,140.729861,299.553562,43.224172,51.265878,3.000000,2.000000,3.000000,0.000000,1.000000,0.000000,1.000000,2.000000,0.000000,1.000000,0.000000,1.000000,3.000000,0.000000,1.000000,1553.000000,438.000000,932.000000,136.000000,161.000000,5.000000,
0.049499,0.998902,0.142912,0.103511,0.505075,0.005213,-204.398584,3.182986,1396039.932677,1161963.639330,2307281.101408,207665.582936,1090450.504737,367.908066,98.510903,210.089579,30.156399,36.187679,85.443130,23.119906,49.255451,7.036493,8.041706,523.716127,140.729861,299.553562,43.224172,51.265878,3.000000,2.000000,3.000000,0.000000,1.000000,0.000000,1.000000,2.000000,0.000000,1.000000,0.000000,1.000000,3.000000,0.000000,1.000000,1553.000000,438.000000,932.000000,136.000000,161.000000,5.000000,
0.049499,0.998902,0.142912,0.103511,0.505075,0.005213,-204.398584,3.182986,1396039.932677,1161963.639330,2307281.101408,207665.582936,1090450.504737,367.908066,98.510903,210.089579,30.156399,36.187679,85.443130,23.119906,49.255451,7.036493,8.041706,523.716127,140.729861,299.553562,43.224172,51.265878,3.000000,2.000000,3.000000,0.000000,1.000000,0.000000,1.000000,2.000000,0.000000,1.000000,0.000000,1.000000,3.000000,0.000000,1.000000,1553.000000,438.000000,932.000000,136.000000,161.000000,5.000000,
0.049499,0.998902,0.142912,0.103511,0.505075,0.005213,-204.398584,3.182986,1396039.932677,1161963.639330,2307281.101408,207665.582936,1090450.504737,367.908066,98.510903,210.089579,30.156399,36.187679,85.443130,23.119906,49.255451,7.036493,8.041706,523.716127,140.729861,299.553562,43.224172,51.265878,3.000000,2.000000,3.000000,0.000000,1.000000,0.000000,1.000000,2.000000,0.000000,1.000000,0.000000,1.000000,3.000000,0.000000,1.000000,1553.000000,438.000000,932.000000,136.000000,161.000000,5.000000,
0.049499,0.998902,0.142912,0.103511,0.505075,0.005213,-204.398584,3.182986,1396039.932677,1161963.639330,2307281.101408,207665.582936,1090450.504737,367.908066,98.510903,210.089579,30.156399,36.187679,85.443130,23.119906,49.255451,7.036493,8.041706,523.716127,140.729861,299.553562,43.224172,51.265878,3.000000,2.000000,3.000000,0.000000,1.000000,0.000000,1.000000,2.000000,0.000000,1.000000,0.000000,1.000000,3.000000,0.000000,1.000000,1553.000000,438.000000,932.000000,136.000000,161.000000,5.000000,
0.049499,0.998902,0.142912,0.103511,0.505075,0.005213,-204.398584,3.182986,1396039.932677,1161963.639330,2307281.101408,207665.582936,1090450.504737,367.908066,98.510903,210.089579,30.156399,36.187679,85.443130,23.119906,49.255451,7.036493,8.041706,523.716127,140.729861,299.553562,43.224172,51.265878,3.000000,2.000000,3.000000,0.000000,1.000000,0.000000,1.000000,2.000000,0.000000,1.000000,0.000000,1.000000,3.000000,0.000000,1.000000,1553.000000,438.000000,932.000000,136.000000,161.000000,5.000000,
0.049499,0.998902,0.142912,0.103511,0.505075,0.005213,-204.398584,3.182986,1396039.932677,1161963.639330,2307281.101408,207665.582936,1090450.504737,367.908066,98.510903,210.089579,30.156399,36.187679,85.443130,23.119906,49.255451,7.036493,8.041706,523.716127,140.729861,299.553562,43.224172,51.265878,3.000000,2.000000,3.000000,0.000000,1.000000,0.000000,1.000000,2.000000,0.000000,1.000000,0.000000,1.000000,3.000000,0.000000,1.000000,1553.000000,438.000000,932.000000,136.000000,161.000000,5.000000,
0.049499,0.998902,0.142912,0.103511,0.505075,0.005213,-204.398584,3.182986,1396039.932677,1161963.639330,2307281.101408,207665.582936,1090450.504737,367.908066,98.510903,210.089579,30.156399,36.187679,85.443130,23.119906,49.255451,7.036493,8.041706,523.716127,140.729861,299.553562,43.224172,51.265878,3.000000,2.000000,3.000000,0.000000,1.000000,0.000000,1.000000,2.000000,0.000000,1.000000,0.000000,1.000000,3.000000,0.000000,1.000000,1553.000000,438.000000,932.000000,136.000000,161.000000,5.000000,
0.049499,0.998902,0.142912,0.103511,0.505075,0.005213,-204.398584,3.182986,1396039.932677,1161963.639330,2307281.101408,207665.582936,1090450.504737,367.908066,98.510903,210.089579,30.156399,36.187679,85.443130,23.119906,49.255451,7.036493,8.041706,523.716127,140.729861,299.553562,43.224172,51.265878,3.000000,2.000000,3.000000,0.000000,1.000000,0.000000,1.000000,2.000000,0.000000,1.000000,0.000000,1.000000,3.000000,0.000000,1.000000,1553.000000,438.000000,932.000000,136.000000,161.000000,5.000000,
0.049499,0.998902,0.142912,0.103511,0.505075,0.005213,-204.398584,3.182986,1396039.932677,1161963.639330,2307281.101408,207665.582936,1090450.504737,367.908066,98.510903,210.089579,30.156399,36.187679,85.443130,23.119906,49.255451,7.036493,8.041706,523.716127,140.729861,299.553562,43.224172,51.265878,3.000000,2.000000,3.000000,0.000000,1.000000,0.000000,1.000000,2.000000,0.000000,1.000000,0.000000,1.000000,3.000000,0.000000,1.000000,1553.000000,438.000000,932.000000,136.000000,161.000000,5.000000,
0.049503,0.999381,0.142302,0.105466,0.505152,0.005347,-204.379418,3.181848,1396039.802478,1161963.604369,2307281.026932,207665.572220,1090450.492012,367.957092,98.524030,210.117574,30.160417,36.192501,85.454516,23.122987,49.262015,7.037431,8.042778,523.785915,140.748614,299.593479,43.229932,51.272710,3.000000,2.000000,3.000000,0.000000,1.000000,0.000000,1.000000,2.000000,0.000000,1.000000,0.000000,1.000000,3.000000,0.000000,1.000000,1553.000000,438.000000,932.000000,136.000000,161.000000,5.000000,
0.049503,0.999381,0.142302,0.105466,0.505152,0.005347,-204.379418,3.181848,1396039.802478,1161963.604369,2307281.026932,207665.572220,1090450.492012,367.957092,98.524030,210.117574,30.160417,36.192501,85.454516,23.122987,49.262015,7.037431,8.042778,523.785915,140.748614,299.593479,43.229932,51.272710,3.000000,2.000000,3.000000,0.000000,1.000000,0.000000,1.000000,2.000000,0.000000,1.000000,0.000000,1.000000,3.000000,0.000000,1.000000,1553.000000,438.000000,932.000000,136.000000,161.000000,5.000000,
0.049482,0.996614,0.144270,0.119514,0.459504,0.006606,-205.162393,3.184907,1396038.579401,1161963.275950,2307280.327311,207665.471556,1090450.372472,368.417633,98.647344,210.380561,30.198167,36.237800,85.561472,23.151928,49.323672,7.046239,8.052844,524.441494,140.924778,299.968455,43.284039,51.336883,3.000000,2.000000,3.000000,0.000000,1.000000,0.000000,1.000000,2.000000,0.000000,1.000000,0.000000,1.000000,3.000000,0.000000,1.000000,1553.000000,438.000000,932.000000,136.000000,161.000000,5.000000,
0.049482,0.996614,0.144270,0.119514,0.459504,0.006606,-205.162393,3.184907,1396038.579401,1161963.275950,2307280.327311,207665.471556,1090450.372472,368.417633,98.647344,210.380561,30.198167,36.237800,85.561472,23.151928,49.323672,7.046239,8.052844,524.441494,140.924778,299.968455,43.284039,51.336883,3.000000,2.000000,3.000000,0.000000,1.000000,0.000000,1.000000,2.000000,0.000000,1.000000,0.000000,1.000000,3.000000,0.000000,1.000000,1553.000000,438.000000,932.000000,136.000000,161.000000,5.000000,
0.049482,0.996614,0.144270,0.119514,0.459504,0.006606,-205.162393,3.184907,1396038.579401,1161963.275950,2307280.327311,207665.471556,1090450.372472,368.417633,98.647344,210.380561,30.198167,36.237800,85.561472,23.151928,49.323672,7.046239,8.052844,524.441494,140.924778,299.968455,43.284039,51.336883,3.000000,2.000000,3.000000,0.000000,1.000000,0.000000,1.000000,2.000000,0.000000,1.000000,0.000000,1.000000,3.000000,0.000000,1.000000,1553.000000,438.000000,932.000000,136.000000,161.000000,5.000000,
0.049482,0.996614,0.144270,0.119514,0.459504,0.006606,-205.162393,3.184907,1396038.579401,1161963.275950,2307280.327311,207665.471556,1090450.372472,368.417633,98.647344,210.380561,30.198167,36.237800,85.561472,23.151928,49.323672,7.046239,8.052844,524.441494,140.924778,299.968455,43.284039,51.336883,3.000000,2.000000,3.000000,0.000000,1.000000,0.000000,1.000000,2.000000,0.000000,1.000000,0.000000,1.000000,3.000000,0.000000,1.000000,1553.000000,438.000000,932.000000,136.000000,161.000000,5.000000,
0.049482,0.996614,0.144270,0.119514,0.459504,0.006606,-205.162393,3.184907,1396038.579401,1161963.275950,2307280.327311,207665.471556,1090450.372472,368.417633,98.647344,210.380561,30.198167,36.237800,85.561472,23.151928,49.323672,7.046239,8.052844,524.441494,140.924778,299.968455,43.284039,51.336883,3.000000,2.000000,3.000000,0.000000,1.000000,0.000000,1.000000,2.000000,0.000000,1.000000,0.000000,1.000000,3.000000,0.000000,1.000000,1553.000000,438.000000,932.000000,136.000000,161.000000,5.000000,
0.049482,0.996614,0.144270,0.119514,0.459504,0.006606,-205.162393,3.184907,1396038.579401,1161963.275950,2307280.327311,207665.471556,1090450.372472,368.417633,98.647344,210.380561,30.198167,36.237800,85.561472,23.151928,49.323672,7.046239,8.052844,524.441494,140.924778,299.968455,43.284039,51.336883,3.000000,2.000000,3.000000,0.000000,1.000000,0.000000,1.000000,2.000000,0.000000,1.000000,0.000000,1.000000,3.000000,0.000000,1.000000,1553.000000,438.000000,932.000000,136.000000,161.000000,5.000000,
0.049482,0.996614,0.144270,0.119514,0.459504,0.006606,-205.162393,3.184907,1396038.579401,1161963.275950,2307280.327311,207665.471556,1090450.372472,368.417633,98.647344,210.380561,30.198167,36.237800,85.561472,23.151928,49.323672,7.046239,8.052844,524.441494,140.924778,299.968455,43.284039,51.336883,3.000000,2.000000,3.000000,0.000000,1.000000,0.000000,1.000000,2.000000,0.000000,1.000000,0.000000,1.000000,3.000000,0.000000,1.000000,1553.000000,438.000000,932.000000,136.000000,161.000000,5.000000,
0.049482,0.996614,0.144270,0.119514,0.459504,0.006606,-205.162393,3.184907,1396038.579401,1161963.275950,2307280.327311,207665.471556,1090450.372472,368.417633,98.647344,210.380561,30.198167,36.237800,85.561472,23.151928,49.323672,7.046239,8.052844,524.441494,140.924778,299.968455,43.284039,51.336883,3.000000,2.000000,3.000000,0.000000,1.000000,0.000000,1.000000,2.000000,0.000000,1.000000,0.000000,1.000000,3.000000,0.000000,1.000000,1553.000000,438.000000,932.000000,136.000000,161.000000,5.000000,
0.049482,0.996614,0.144270,0.119514,0.459504,0.006606,-205.162393,3.184907,1396038.579401,1161963.275950,2307280.327311,207665.471556,1090450.372472,368.417633,98.647344,210.380561,30.198167,36.237800,85.561472,23.151928,49.323672,7.046239,8.052844,524.441494,140.924778,299.968455,43.284039,51.336883,3.000000,2.000000,3.000000,0.000000,1.000000,0.000000,1.000000,2.000000,0.000000,1.000000,0.000000,1.000000,3.000000,0.000000,1.000000,1553.000000,438.000000,932.000000,136.000000,161.000000,5.000000,
0.049516,0.997191,0.142630,0.095351,0.523506,0.006047,-204.821882,3.183402,1396039.122598,1161963.421809,2307280.638029,207665.516263,1090450.425563,368.213096,98.592578,210.263762,30.181401,36.217682,85.513970,23.139074,49.296289,7.042327,8.048374,524.150336,140.846539,299.801920,43.260009,51.308382,3.000000,2.000000,3.000000,0.000000,1.000000,0.000000,1.000000,2.000000,0.000000,1.000000,0.000000,1.000000,3.000000,0.000000,1.000000,1553.000000,438.000000,932.000000,136.000000,161.000000,5.000000,
0.049516,0.997191,0.142630,0.095351,0.523506,0.006047,-204.821882,3.183402,1396039.122598,1161963.421809,2307280.638029,207665.516263,1090450.425563,368.213096,98.592578,210.263762,30.181401,36.217682,85.513970,23.139074,49.296289,7.042327,8.048374,524.150336,140.846539,299.801920,43.260009,51.308382,3.000000,2.000000,3.000000,0.000000,1.000000,0.000000,1.000000,2.000000,0.000000,1.000000,0.000000,1.000000,3.000000,0.000000,1.000000,1553.000000,438.000000,932.000000,136.000000,161.000000,5.000000,
0.049516,0.997191,0.142630,0.095351,0.523506,0.006047,-204.821882,3.183402,1396039.122598,1161963.421809,2307280.638029,207665.516263,1090450.425563,368.213096,98.592578,210.263762,30.181401,36.217682,85.513970,23.139074,49.296289,7.042327,8.048374,524.150336,140.846539,299.801920,43.260009,51.308382,3.000000,2.000000,3.000000,0.000000,1.000000,0.000000,1.000000,2.000000,0.000000,1.000000,0.000000,1.000000,3.000000,0.000000,1.000000,1553.000000,438.000000,932.000000,136.000000,161.000000,5.000000,
0.049516,0.997191,0.142630,0.095351,0.523506,0.006047,-204.821882,3.183402,1396039.122598,1161963.421809,2307280.638029,207665.516263,1090450.425563,368.213096,98.592578,210.263762,30.181401,36.217682,85.513970,23.139074,49.296289,7.042327,8.048374,524.150336,140.846539,299.801920,43.260009,51.308382,3.000000,2.000000,3.000000,0.000000,1.000000,0.000000,1.000000,2.000000,0.000000,1.000000,0.000000,1.000000,3.000000,0.000000,1.000000,1553.000000,438.000000,932.000000,136.000000,161.000000,5.000000,
0.049516,0.997191,0.142630,0.095351,0.523506,0.006047,-204.821882,3.183402,1396039.122598,1161963.421809,2307280.638029,207665.516263,1090450.425563,368.213096,98.592578,210.263762,30.181401,36.217682,85.513970,23.139074,49.296289,7.042327,8.048374,524.150336,140.846539,299.801920,43.260009,51.308382,3.000000,2.000000,3.000000,0.000000,1.000000,0.000000,1.000000,2.000000,0.000000,1.000000,0.000000,1.000000,3.000000,0.000000,1.000000,1553.000000,438.000000,932.000000,136.000000,161.000000,5.000000,
0.049516,0.997191,0.142630,0.095351,0.523506,0.006047,-204.821882,3.183402,1396039.122598,1161963.421809,2307280.638029,207665.516263,1090450.425563,368.213096,98.592578,210.263762,30.181401,36.217682,85.513970,23.139074,49.296289,7.042327,8.048374,524.150336,140.846539,299.801920,43.260009,51.308382,3.000000,2.000000,3.000000,0.000000,1.000000,0.000000,1.000000,2.000000,0.000000,1.000000,0.000000,1.000000,3.000000,0.000000,1.000000,1553.000000,438.000000,932.000000,136.000000,161.000000,5.000000,
0.049516,0.997191,0.142630,0.095351,0.523506,0.006047,-204.821882,3.183402,1396039.122598,1161963.421809,2307280.638029,207665.516263,1090450.425563,368.213096,98.592578,210.263762,30.181401,36.217682,85.513970,23.139074,49.296289,7.042327,8.048374,524.150336,140.846539,299.801920,43.260009,51.308382,3.000000,2.000000,3.000000,0.000000,1.000000,0.000000,1.000000,2.000000,0.000000,1.000000,0.000000,1.000000,3.000000,0.000000,1.000000,1553.000000,438.000000,932.000000,136.000000,161.000000,5.000000,
0.049516,0.997191,0.142630,0.095351,0.523506,0.006047,-204.821882,3.183402,1396039.122598,1161963.421809,2307280.638029,207665.516263,1090450.425563,368.213096,98.592578,210.263762,30.181401,36.217682,85.513970,23.139074,49.296289,7.042327,8.048374,524.150336,140.846539,299.801920,43.260009,51.308382,3.000000,2.000000,3.000000,0.000000,1.000000,0.000000,1.000000,2.000000,0.000000,1.000000,0.000000,1.000000,3.000000,0.000000,1.000000,1553.000000,438.000000,932.000000,136.000000,161.000000,5.000000,
0.049516,0.997191,0.142630,0.095351,0.523506,0.006047,-204.821882,3.183402,1396039.122598,1161963.421809,2307280.638029,207665.516263,1090450.425563,368.213096,98.592578,210.263762,30.181401,36.217682,85.513970,23.139074,49.296289,7.042327,8.048374,524.150336,140.846539,299.801920,43.260009,51.308382,3.000000,2.000000,3.000000,0.000000,1.000000,0.000000,1.000000,2.000000,0.000000,1.000000,0.000000,1.000000,3.000000,0.000000,1.000000,1553.000000,438.000000,932.000000,136.000000,161.000000,5.000000,
0.049516,0.997191,0.142630,0.095351,0.523506,0.006047,-204.821882,3.183402,1396039.122598,1161963.421809,2307280.638029,207665.516263,1090450.425563,368.213096,98.592578,210.263762,30.181401,36.217682,85.513970,23.139074,49.296289,7.042327,8.048374,524.150336,140.846539,299.801920,43.260009,51.308382,3.000000,2.000000,3.000000,0.000000,1.000000,0.000000,1.000000,2.000000,0.000000,1.000000,0.000000,1.000000,3.000000,0.000000,1.000000,1553.000000,438.000000,932.000000,136.000000,161.000000,5.000000,
0.049516,0.997191,0.142630,0.095351,0.523506,0.006047,-204.821882,3.183402,1396039.122598,1161963.421809,2307280.638029,207665.516263,1090450.425563,368.213096,98.592578,210.263762,30.181401,36.217682,85.513970,23.139074,49.296289,7.042327,8.048374,524.150336,140.846539,299.801920,43.260009,51.308382,3.000000,2.000000,3.000000,0.000000,1.000000,0.000000,1.000000,2.000000,0.000000,1.000000,0.000000,1.000000,3.000000,0.000000,1.000000,1553.000000,438.000000,932.000000,136.000000,161.000000,5.000000,
0.049516,0.997191,0.142630,0.095351,0.523506,0.006047,-204.821882,3.183402,1396039.122598,1161963.421809,2307280.638029,207665.516263,1090450.425563,368.213096,98.592578,210.263762,30.181401,36.217682,85.513970,23.139074,49.296289,7.042327,8.048374,524.150336,140.846539,299.801920,43.260009,51.308382,3.000000,2.000000,3.000000,0.000000,1.000000,0.000000,1.000000,2.000000,0.000000,1.000000,0.000000,1.000000,3.000000,0.000000,1.000000,1553.000000,438.000000,932.000000,136.000000,161.000000,5.000000,
0.049516,0.997191,0.142630,0.095351,0.523506,0.006047,-204.821882,3.183402,1396039.122598,1161963.421809,2307280.638029,207665.516263,1090450.425563,368.213096,98.592578,210.263762,30.181401,36.217682,85.513970,23.139074,49.296289,7.042327,8.048374,524.150336,140.846539,299.801920,43.260009,51.308382,3.000000,2.000000,3.000000,0.000000,1.000000,0.000000,1.000000,2.000000,0.000000,1.000000,0.000000,1.000000,3.000000,0.000000,1.000000,1553.000000,438.000000,932.000000,136.000000,161.000000,5.000000,
0.049516,0.997191,0.142630,0.095351,0.523506,0.006047,-204.821882,3.183402,1396039.122598,1161963.421809,2307280.638029,207665.516263,1090450.425563,368.213096,98.592578,210.263762,30.181401,36.217682,85.513970,23.139074,49.296289,7.042327,8.048374,524.150336,140.846539,299.801920,43.260009,51.308382,3.000000,2.000000,3.000000,0.000000,1.000000,0.000000,1.000000,2.000000,0.000000,1.000000,0.000000,1.000000,3.000000,0.000000,1.000000,1553.000000,438.000000,932.000000,136.000000,161.000000,5.000000,
0.049516,0.997191,0.142630,0.095351,0.523506,0.006047,-204.821882,3.183402,1396039.122598,1161963.421809,2307280.638029,207665.516263,1090450.425563,368.213096,98.592578,210.263762,30.181401,36.217682,85.513970,23.139074,49.296289,7.042327,8.048374,524.150336,140.846539,299.801920,43.260009,51.308382,3.000000,2.000000,3.000000,0.000000,1.000000,0.000000,1.000000,2.000000,0.000000,1.000000,0.000000,1.000000,3.000000,0.000000,1.000000,1553.000000,438.000000,932.000000,136.000000,161.000000,5.000000,
0.049516,0.997191,0.142630,0.095351,0.523506,0.006047,-204.821882,3.183402,1396039.122598,1161963.421809,2307280.638029,207665.516263,1090450.425563,368.213096,98.592578,210.263762,30.181401,36.217682,85.513970,23.139074,49.296289,7.042327,8.048374,524.150336,140.846539,299.801920,43.260009,51.308382,3.000000,2.000000,3.000000,0.000000,1.000000,0.000000,1.000000,2.000000,0.000000,1.000000,0.000000,1.000000,3.000000,0.000000,1.000000,1553.000000,438.000000,932.000000,136.000000,161.000000,5.000000,
0.049516,0.997191,0.142630,0.095351,0.523506,0.006047,-204.821882,3.183402,1396039.122598,1161963.421809,2307280.638029,207665.516263,1090450.425563,368.213096,98.592578,210.263762,30.181401,36.217682,85.513970,23.139074,49.296289,7.042327,8.048374,524.150336,140.846539,299.801920,43.260009,51.308382,3.000000,2.000000,3.000000,0.000000,1.000000,0.000000,1.000000,2.000000,0.000000,1.000000,0.000000,1.000000,3.000000,0.000000,1.000000,1553.000000,438.000000,932.000000,136.000000,161.000000,5.000000,
0.049516,0.997191,0.142630,0.095351,0.523506,0.006047,-204.821882,3.183402,1396039.122598,1161963.421809,2307280.638029,207665.516263,1090450.425563,368.213096,98.592578,210.263762,30.181401,36.217682,85.513970,23.139074,49.296289,7.042327,8.048374,524.150336,140.846539,299.801920,43.260009,51.308382,3.000000,2.000000,3.000000,0.000000,1.000000,0.000000,1.000000,2.000000,0.000000,1.000000,0.000000,1.000000,3.000000,0.000000,1.000000,1553.000000,438.000000,932.000000,136.000000,161.000000,5.000000,
0.049516,0.997191,0.142630,0.095351,0.523506,0.006047,-204.821882,3.183402,1396039.122598,1161963.421809,2307280.638029,207665.516263,1090450.425563,368.213096,98.592578,210.263762,30.181401,36.217682,85.513970,23.139074,49.296289,7.042327,8.048374,524.150336,140.846539,299.801920,43.260009,51.308382,3.000000,2.000000,3.000000,0.000000,1.000000,0.000000,1.000000,2.000000,0.000000,1.000000,0.000000,1.000000,3.000000,0.000000,1.000000,1553.000000,438.000000,932.000000,136.000000,161.000000,5.000000,
0.049516,0.997191,0.142630,0.095351,0.523506,0.006047,-204.821882,3.183402,1396039.122598,1161963.421809,2307280.638029,207665.516263,1090450.425563,368.213096,98.592578,210.263762,30.181401,36.217682,85.513970,23.139074,49.296289,7.042327,8.048374,524.150336,140.846539,299.801920,43.260009,51.308382,3.000000,2.000000,3.000000,0.000000,1.000000,0.000000,1.000000,2.000000,0.000000,1.000000,0.000000,1.000000,3.000000,0.000000,1.000000,1553.000000,438.000000,932.000000,136.000000,161.000000,5.000000,
0.049516,0.997191,0.142630,0.095351,0.523506,0.006047,-204.821882,3.183402,1396039.122598,1161963.421809,2307280.638029,207665.516263,1090450.425563,368.213096,98.592578,210.263762,30.181401,36.217682,85.513970,23.139074,49.296289,7.042327,8.048374,524.150336,140.846539,299.801920,43.260009,51.308382,3.000000,2.000000,3.000000,0.000000,1.000000,0.000000,1.000000,2.000000,0.000000,1.000000,0.000000,1.000000,3.000000,0.000000,1.000000,1553.000000,438.000000,932.000000,136.000000,161.000000,5.000000,
0.049516,0.997191,0.142630,0.095351,0.523506,0.006047,-204.821882,3.183402,1396039.122598,1161963.421809,2307280.638029,207665.516263,1090450.425563,368.213096,98.592578,210.263762,30.181401,36.217682,85.513970,23.139074,49.296289,7.042327,8.048374,524.150336,140.846539,299.801920,43.260009,51.308382,3.000000,2.000000,3.000000,0.000000,1.000000,0.000000,1.000000,2.000000,0.000000,1.000000,0.000000,1.000000,3.000000,0.000000,1.000000,1553.000000,438.000000,932.000000,136.000000,161.000000,5.000000,
0.049516,0.997191,0.142630,0.095351,0.523506,0.006047,-204.821882,3.183402,1396039.122598,1161963.421809,2307280.638029,207665.516263,1090450.425563,368.213096,98.592578,210.263762,30.181401,36.217682,85.513970,23.139074,49.296289,7.042327,8.048374,524.150336,140.846539,299.801920,43.260009,51.308382,3.000000,2.000000,3.000000,0.000000,1.000000,0.000000,1.000000,2.000000,0.000000,1.000000,0.000000,1.000000,3.000000,0.000000,1.000000,1553.000000,438.000000,932.000000,136.000000,161.000000,5.000000,
0.049516,0.997191,0.142630,0.095351,0.523506,0.006047,-204.821882,3.183402,1396039.122598,1161963.421809,2307280.638029,207665.516263,1090450.425563,368.213096,98.592578,210.263762,30.181401,36.217682,85.513970,23.139074,49.296289,7.042327,8.048374,524.150336,140.846539,299.801920,43.260009,51.308382,3.000000,2.000000,3.000000,0.000000,1.000000,0.000000,1.000000,2.000000,0.000000,1.000000,0.000000,1.000000,3.000000,0.000000,1.000000,1553.000000,438.000000,932.000000,136.000000,161.000000,5.000000,
0.049516,0.997191,0.142630,0.095351,0.523506,0.006047,-204.821882,3.183402,1396039.122598,1161963.421809,2307280.638029,207665.516263,1090450.425563,368.213096,98.592578,210.263762,30.181401,36.217682,85.513970,23.139074,49.296289,7.042327,8.048374,524.150336,140.846539,299.801920,43.260009,51.308382,3.000000,2.000000,3.000000,0.000000,1.000000,0.000000,1.000000,2.000000,0.000000,1.000000,0.000000,1.000000,3.000000,0.000000,1.000000,1553.000000,438.000000,932.000000,136.000000,161.000000,5.000000,
0.049516,0.997191,0.142630,0.095351,0.523506,0.006047,-204.821882,3.183402,1396039.122598,1161963.421809,2307280.638029,207665.516263,1090450.425563,368.213096,98.592578,210.263762,30.181401,36.217682,85.513970,23.139074,49.296289,7.042327,8.048374,524.150336,140.846539,299.801920,43.260009,51.308382,3.000000,2.000000,3.000000,0.000000,1.000000,0.000000,1.000000,2.000000,0.000000,1.000000,0.000000,1.000000,3.000000,0.000000,1.000000,1553.000000,438.000000,932.000000,136.000000,161.000000,5.000000,
0.049516,0.997191,0.142630,0.095351,0.523506,0.006047,-204.821882,3.183402,1396039.122598,1161963.421809,2307280.638029,207665.516263,1090450.425563,368.213096,98.592578,210.263762,30.181401,36.217682,85.513970,23.139074,49.296289,7.042327,8.048374,524.150336,140.846539,299.801920,43.260009,51.308382,3.000000,2.000000,3.000000,0.000000,1.000000,0.000000,1.000000,2.000000,0.000000,1.000000,0.000000,1.000000,3.000000,0.000000,1.000000,1553.000000,438.000000,932.000000,136.000000,161.000000,5.000000,
0.049516,0.997191,0.142630,0.095351,0.523506,0.006047,-204.821882,3.183402,1396039.122598,1161963.421809,2307280.638029,207665.516263,1090450.425563,368.213096,98.592578,210.263762,30.181401,36.217682,85.513970,23.139074,49.296289,7.042327,8.048374,524.150336,140.846539,299.801920,43.260009,51.308382,3.000000,2.000000,3.000000,0.000000,1.000000,0.000000,1.000000,2.000000,0.000000,1.000000,0.000000,1.000000,3.000000,0.000000,1.000000,1553.000000,438.000000,932.000000,136.000000,161.000000,5.000000,
0.049516,0.997191,0.142630,0.095351,0.523506,0.006047,-204.821882,3.183402,1396039.122598,1161963.421809,2307280.638029,207665.516263,1090450.425563,368.213096,98.592578,210.263762,30.181401,36.217682,85.513970,23.139074,49.296289,7.042327,8.048374,524.150336,140.846539,299.801920,43.260009,51.308382,3.000000,2.000000,3.000000,0.000000,1.000000,0.000000,1.000000,2.000000,0.000000,1.000000,0.000000,1.000000,3.000000,0.000000,1.000000,1553.000000,438.000000,932.000000,136.000000,161.000000,5.000000,
0.049516,0.997191,0.142630,0.095351,0.523506,0.006047,-204.821882,3.183402,1396039.122598,1161963.421809,2307280.638029,207665.516263,1090450.425563,368.213096,98.592578,210.263762,30.181401,36.217682,85.513970,23.139074,49.296289,7.042327,8.048374,524.150336,140.846539,299.801920,43.260009,51.308382,3.000000,2.000000,3.000000,0.000000,1.000000,0.000000,1.000000,2.000000,0.000000,1.000000,0.000000,1.000000,3.000000,0.000000,1.000000,1553.000000,438.000000,932.000000,136.000000,161.000000,5.000000,
0.049516,0.997191,0.142630,0.095351,0.523506,0.006047,-204.821882,3.183402,1396039.122598,1161963.421809,2307280.638029,207665.516263,1090450.425563,368.213096,98.592578,210.263762,30.181401,36.217682,85.513970,23.139074,49.296289,7.042327,8.048374,524.150336,140.846539,299.801920,43.260009,51.308382,3.000000,2.000000,3.000000,0.000000,1.000000,0.000000,1.000000,2.000000,0.000000,1.000000,0.000000,1.000000,3.000000,0.000000,1.000000,1553.000000,438.000000,932.000000,136.000000,161.000000,5.000000,
0.049516,0.997191,0.142630,0.095351,0.523506,0.006047,-204.821882,3.183402,1396039.122598,1161963.421809,2307280.638029,207665.516263,1090450.425563,368.213096,98.592578,210.263762,30.181401,36.217682,85.513970,23.139074,49.296289,7.042327,8.048374,524.150336,140.846539,299.801920,43.260009,51.308382,3.000000,2.000000,3.000000,0.000000,1.000000,0.000000,1.000000,2.000000,0.000000,1.000000,0.000000,1.000000,3.000000,0.000000,1.000000,1553.000000,438.000000,932.000000,136.000000,161.000000,5.000000,
0.049529,0.996545,0.142446,0.088273,0.539942,0.005404,-204.887065,3.183840,1396039.746864,1161963.589436,2307280.995120,207665.567643,1090450.486576,367.978033,98.529637,210.129532,30.162134,36.194561,85.459379,23.124303,49.264819,7.037831,8.043236,523.815724,140.756625,299.610529,43.232392,51.275628,3.000000,2.000000,3.000000,0.000000,1.000000,0.000000,1.000000,2.000000,0.000000,1.000000,0.000000,1.000000,3.000000,0.000000,1.000000,1553.000000,438.000000,932.000000,136.000000,161.000000,5.000000,
0.049529,0.996545,0.142446,0.088273,0.539942,0.005404,-204.887065,3.183840,1396039.746864,1161963.589436,2307280.995120,207665.567643,1090450.486576,367.978033,98.529637,210.129532,30.162134,36.194561,85.459379,23.124303,49.264819,7.037831,8.043236,523.815724,140.756625,299.610529,43.232392,51.275628,3.000000,2.000000,3.000000,0.000000,1.000000,0.000000,1.000000,2.000000,0.000000,1.000000,0.000000,1.000000,3.000000,0.000000,1.000000,1553.000000,438.000000,932.000000,136.000000,161.000000,5.000000,
0.049529,0.996545,0.142446,0.088273,0.539942,0.005404,-204.887065,3.183840,1396039.746864,1161963.589436,2307280.995120,207665.567643,1090450.486576,367.978033,98.529637,210.129532,30.162134,36.194561,85.459379,23.124303,49.264819,7.037831,8.043236,523.815724,140.756625,299.610529,43.232392,51.275628,3.000000,2.000000,3.000000,0.000000,1.000000,0.000000,1.000000,2.000000,0.000000,1.000000,0.000000,1.000000,3.000000,0.000000,1.000000,1553.000000,438.000000,932.000000,136.000000,161.000000,5.000000,
0.049549,0.990352,0.139273,0.098639,0.532634,0.005256,-206.865652,3.178049,1396039.891111,1161963.628169,2307281.077631,207665.579515,1090450.500674,367.923718,98.515094,210.098516,30.157682,36.189218,85.446765,23.120889,49.257547,7.036792,8.042048,523.738407,140.735848,299.566306,43.226011,51.268059,3.000000,2.000000,3.000000,0.000000,1.000000,0.000000,1.000000,2.000000,0.000000,1.000000,0.000000,1.000000,3.000000,0.000000,1.000000,1553.000000,438.000000,932.000000,136.000000,161.000000,5.000000,
0.049549,0.990352,0.139273,0.098639,0.532634,0.005256,-206.865652,3.178049,1396039.891111,1161963.628169,2307281.077631,207665.579515,1090450.500674,367.923718,98.515094,210.098516,30.157682,36.189218,85.446765,23.120889,49.257547,7.036792,8.042048,523.738407,140.735848,299.566306,43.226011,51.268059,3.000000,2.000000,3.000000,0.000000,1.000000,0.000000,1.000000,2.000000,0.000000,1.000000,0.000000,1.000000,3.000000,0.000000,1.000000,1553.000000,438.000000,932.000000,136.000000,161.000000,5.000000,
0.049549,0.990352,0.139273,0.098639,0.532634,0.005256,-206.865652,3.178049,1396039.891111,1161963.628169,2307281.077631,207665.579515,1090450.500674,367.923718,98.515094,210.098516,30.157682,36.189218,85.446765,23.120889,49.257547,7.036792,8.042048,523.738407,140.735848,299.566306,43.226011,51.268059,3.000000,2.000000,3.000000,0.000000,1.000000,0.000000,1.000000,2.000000,0.000000,1.000000,0.000000,1.000000,3.000000,0.000000,1.000000,1553.000000,438.000000,932.000000,136.000000,161.000000,5.000000,
0.049549,0.990352,0.139273,0.098639,0.532634,0.005256,-206.865652,3.178049,1396039.891111,1161963.628169,2307281.077631,207665.579515,1090450.500674,367.923718,98.515094,210.098516,30.157682,36.189218,85.446765,23.120889,49.257547,7.036792,8.042048,523.738407,140.735848,299.566306,43.226011,51.268059,3.000000,2.000000,3.000000,0.000000,1.000000,0.000000,1.000000,2.000000,0.000000,1.000000,0.000000,1.000000,3.000000,0.000000,1.000000,1553.000000,438.000000,932.000000,136.000000,161.000000,5.000000,
0.049452,0.997899,0.142097,0.118094,0.484893,0.005303,-205.112908,3.178148,1396039.845497,1161963.615920,2307281.051539,207665.575761,1090450.496216,367.940893,98.519693,210.108324,30.159090,36.190908,85.450754,23.121969,49.259846,7.037121,8.042424,523.762856,140.742418,299.580290,43.228028,51.270452,3.000000,2.000000,3.000000,0.000000,1.000000,0.000000,1.000000,2.000000,0.000000,1.000000,0.000000,1.000000,3.000000,0.000000,1.000000,1553.000000,438.000000,932.000000,136.000000,161.000000,5.000000,
0.049513,0.995196,0.139655,0.105361,0.521232,0.004762,-205.881455,3.176568,1396040.371740,1161963.757226,2307281.352559,207665.619073,1090450.547649,367.742740,98.466635,209.995171,30.142848,36.171417,85.404735,23.109516,49.233318,7.033331,8.038093,523.480786,140.666622,299.418952,43.204748,51.242841,3.000000,2.000000,3.000000,0.000000,1.000000,0.000000,1.000000,2.000000,0.000000,1.000000,0.000000,1.000000,3.000000,0.000000,1.000000,1553.000000,438.000000,932.000000,136.000000,161.000000,5.000000,
0.049513,0.995196,0.139655,0.105361,0.521232,0.004762,-205.881455,3.176568,1396040.371740,1161963.757226,2307281.352559,207665.619073,1090450.547649,367.742740,98.466635,209.995171,30.142848,36.171417,85.404735,23.109516,49.233318,7.033331,8.038093,523.480786,140.666622,299.418952,43.204748,51.242841,3.000000,2.000000,3.000000,0.000000,1.000000,0.000000,1.000000,2.000000,0.000000,1.000000,0.000000,1.000000,3.000000,0.000000,1.000000,1553.000000,438.000000,932.000000,136.000000,161.000000,5.000000,
0.049513,0.995196,0.139655,0.105361,0.521232,0.004762,-205.881455,3.176568,1396040.371740,1161963.757226,2307281.352559,207665.619073,1090450.547649,367.742740,98.466635,209.995171,30.142848,36.171417,85.404735,23.109516,49.233318,7.033331,8.038093,523.480786,140.666622,299.418952,43.204748,51.242841,3.000000,2.000000,3.000000,0.000000,1.000000,0.000000,1.000000,2.000000,0.000000,1.000000,0.000000,1.000000,3.000000,0.000000,1.000000,1553.000000,438.000000,932.000000,136.000000,161.000000,5.000000,
0.049513,0.995196,0.139655,0.105361,0.521232,0.004762,-205.881455,3.176568,1396040.371740,1161963.757226,2307281.352559,207665.619073,1090450.547649,367.742740,98.466635,209.995171,30.142848,36.171417,85.404735,23.109516,49.233318,7.033331,8.038093,523.480786,140.666622,299.418952,43.204748,51.242841,3.000000,2.000000,3.000000,0.000000,1.000000,0.000000,1.000000,2.000000,0.000000,1.000000,0.000000,1.000000,3.000000,0.000000,1.000000,1553.000000,438.000000,932.000000,136.000000,161.000000,5.000000,
0.049513,0.995196,0.139655,0.105361,0.521232,0.004762,-205.881455,3.176568,1396040.371740,1161963.757226,2307281.352559,207665.619073,1090450.547649,367.742740,98.466635,209.995171,30.142848,36.171417,85.404735,23.109516,49.233318,7.033331,8.038093,523.480786,140.666622,299.418952,43.204748,51.242841,3.000000,2.000000,3.000000,0.000000,1.000000,0.000000,1.000000,2.000000,0.000000,1.000000,0.000000,1.000000,3.000000,0.000000,1.000000,1553.000000,438.000000,932.000000,136.000000,161.000000,5.000000,
0.049513,0.995196,0.139655,0.105361,0.521232,0.004762,-205.881455,3.176568,1396040.371740,1161963.757226,2307281.352559,207665.619073,1090450.547649,367.742740,98.466635,209.995171,30.142848,36.171417,85.404735,23.109516,49.233318,7.033331,8.038093,523.480786,140.666622,299.418952,43.204748,51.242841,3.000000,2.000000,3.000000,0.000000,1.000000,0.000000,1.000000,2.000000,0.000000,1.000000,0.000000,1.000000,3.000000,0.000000,1.000000,1553.000000,438.000000,932.000000,136.000000,161.000000,5.000000,
0.049513,0.995196,0.139655,0.105361,0.521232,0.004762,-205.881455,3.176568,1396040.371740,1161963.757226,2307281.352559,207665.619073,1090450.547649,367.742740,98.466635,209.995171,30.142848,36.171417,85.404735,23.109516,49.233318,7.033331,8.038093,523.480786,140.666622,299.418952,43.204748,51.242841,3.000000,2.000000,3.000000,0.000000,1.000000,0.000000,1.000000,2.000000,0.000000,1.000000,0.000000,1.000000,3.000000,0.000000,1.000000,1553.000000,438.000000,932.000000,136.000000,161.000000,5.000000,
0.049513,0.995196,0.139655,0.105361,0.521232,0.004762,-205.881455,3.176568,1396040.371740,1161963.757226,2307281.352559,207665.619073,1090450.547649,367.742740,98.466635,209.995171,30.142848,36.171417,85.404735,23.109516,49.233318,7.033331,8.038093,523.480786,140.666622,299.418952,43.204748,51.242841,3.000000,2.000000,3.000000,0.000000,1.000000,0.000000,1.000000,2.000000,0.000000,1.000000,0.000000,1.000000,3.000000,0.000000,1.000000,1553.000000,438.000000,932.000000,136.000000,161.000000,5.000000,
0.049513,0.995196,0.139655,0.105361,0.521232,0.004762,-205.881455,3.176568,1396040.371740,1161963.757226,2307281.352559,207665.619073,1090450.547649,367.742740,98.466635,209.995171,30.142848,36.171417,85.404735,23.109516,49.233318,7.033331,8.038093,523.480786,140.666622,299.418952,43.204748,51.242841,3.000000,2.000000,3.000000,0.000000,1.000000,0.000000,1.000000,2.000000,0.000000,1.000000,0.000000,1.000000,3.000000,0.000000,1.000000,1553.000000,438.000000,932.000000,136.000000,161.000000,5.000000,
0.049513,0.995196,0.139655,0.105361,0.521232,0.004762,-205.881455,3.176568,1396040.371740,1161963.757226,2307281.352559,207665.619073,1090450.547649,367.742740,98.466635,209.995171,30.142848,36.171417,85.404735,23.109516,49.233318,7.033331,8.038093,523.480786,140.666622,299.418952,43.204748,51.242841,3.000000,2.000000,3.000000,0.000000,1.000000,0.000000,1.000000,2.000000,0.000000,1.000000,0.000000,1.000000,3.000000,0.000000,1.000000,1553.000000,438.000000,932.000000,136.000000,161.000000,5.000000,
0.049513,0.995196,0.139655,0.105361,0.521232,0.004762,-205.881455,3.176568,1396040.371740,1161963.757226,2307281.352559,207665.619073,1090450.547649,367.742740,98.466635,209.995171,30.142848,36.171417,85.404735,23.109516,49.233318,7.033331,8.038093,523.480786,140.666622,299.418952,43.204748,51.242841,3.000000,2.000000,3.000000,0.000000,1.000000,0.000000,1.000000,2.000000,0.000000,1.000000,0.000000,1.000000,3.000000,0.000000,1.000000,1553.000000,438.000000,932.000000,136.000000,161.000000,5.000000,
0.049513,0.995196,0.139655,0.105361,0.521232,0.004762,-205.881455,3.176568,1396040.371740,1161963.757226,2307281.352559,207665.619073,1090450.547649,367.742740,98.466635,209.995171,30.142848,36.171417,85.404735,23.109516,49.233318,7.033331,8.038093,523.480786,140.666622,299.418952,43.204748,51.242841,3.000000,2.000000,3.000000,0.000000,1.000000,0.000000,1.000000,2.000000,0.000000,1.000000,0.000000,1.000000,3.000000,0.000000,1.000000,1553.000000,438.000000,932.000000,136.000000,161.000000,5.000000,
0.049513,0.995196,0.139655,0.105361,0.521232,0.004762,-205.881455,3.176568,1396040.371740,1161963.757226,2307281.352559,207665.619073,1090450.547649,367.742740,98.466635,209.995171,30.142848,36.171417,85.404735,23.109516,49.233318,7.033331,8.038093,523.480786,140.666622,299.418952,43.204748,51.242841,3.000000,2.000000,3.000000,0.000000,1.000000,0.000000,1.000000,2.000000,0.000000,1.000000,0.000000,1.000000,3.000000,0.000000,1.000000,1553.000000,438.000000,932.000000,136.000000,161.000000,5.000000,
0.049513,0.995196,0.139655,0.105361,0.521232,0.004762,-205.881455,3.176568,1396040.371740,1161963.757226,2307281.352559,207665.619073,1090450.547649,367.742740,98.466635,209.995171,30.142848,36.171417,85.404735,23.109516,49.233318,7.033331,8.038093,523.480786,140.666622,299.418952,43.204748,51.242841,3.000000,2.000000,3.000000,0.000000,1.000000,0.000000,1.000000,2.000000,0.000000,1.000000,0.000000,1.000000,3.000000,0.000000,1.000000,1553.000000,438.000000,932.000000,136.000000,161.000000,5.000000,
0.049513,0.995196,0.139655,0.105361,0.521232,0.004762,-205.881455,3.176568,1396040.371740,1161963.757226,2307281.352559,207665.619073,1090450.547649,367.742740,98.466635,209.995171,30.142848,36.171417,85.404735,23.109516,49.233318,7.033331,8.038093,523.480786,140.666622,299.418952,43.204748,51.242841,3.000000,2.000000,3.000000,0.000000,1.000000,0.000000,1.000000,2.000000,0.000000,1.000000,0.000000,1.000000,3.000000,0.000000,1.000000,1553.000000,438.000000,932.000000,136.000000,161.000000,5.000000,
0.049513,0.995196,0.139655,0.105361,0.521232,0.004762,-205.881455,3.176568,1396040.371740,1161963.757226,2307281.352559,207665.619073,1090450.547649,367.742740,98.466635,209.995171,30.142848,36.171417,85.404735,23.109516,49.233318,7.033331,8.038093,523.480786,140.666622,299.418952,43.204748,51.242841,3.000000,2.000000,3.000000,0.000000,1.000000,0.000000,1.000000,2.000000,0.000000,1.000000,0.000000,1.000000,3.000000,0.000000,1.000000,1553.000000,438.000000,932.000000,136.000000,161.000000,5.000000,
0.049513,0.995196,0.139655,0.105361,0.521232,0.004762,-205.881455,3.176568,1396040.371740,1161963.757226,2307281.352559,207665.619073,1090450.547649,367.742740,98.466635,209.995171,30.142848,36.171417,85.404735,23.109516,49.233318,7.033331,8.038093,523.480786,140.666622,299.418952,43.204748,51.242841,3.000000,2.000000,3.000000,0.000000,1.000000,0.000000,1.000000,2.000000,0.000000,1.000000,0.000000,1.000000,3.000000,0.000000,1.000000,1553.000000,438.000000,932.000000,136.000000,161.000000,5.000000,
0.049513,0.995196,0.139655,0.105361,0.521232,0.004762,-205.881455,3.176568,1396040.371740,1161963.757226,2307281.352559,207665.619073,1090450.547649,367.742740,98.466635,209.995171,30.142848,36.171417,85.404735,23.109516,49.233318,7.033331,8.038093,523.480786,140.666622,299.418952,43.204748,51.242841,3.000000,2.000000,3.000000,0.000000,1.000000,0.000000,1.000000,2.000000,0.000000,1.000000,0.000000,1.000000,3.000000,0.000000,1.000000,1553.000000,438.000000,932.000000,136.000000,161.000000,5.000000,
0.049491,0.994487,0.140431,0.124991,0.470266,0.006204,-206.086975,3.176875,1396038.969524,1161963.380706,2307280.550469,207665.503665,1090450.410602,368.270735,98.608011,210.296676,30.186126,36.223351,85.527356,23.142696,49.304005,7.043429,8.049634,524.232385,140.868587,299.848850,43.266780,51.316414,3.000000,2.000000,3.000000,0.000000,1.000000,0.000000,1.000000,2.000000,0.000000,1.000000,0.000000,1.000000,3.000000,0.000000,1.000000,1553.000000,438.000000,932.000000,136.000000,161.000000,5.000000,
0.049491,0.994487,0.140431,0.124991,0.470266,0.006204,-206.086975,3.176875,1396038.969524,1161963.380706,2307280.550469,207665.503665,1090450.410602,368.270735,98.608011,210.296676,30.186126,36.223351,85.527356,23.142696,49.304005,7.043429,8.049634,524.232385,140.868587,299.848850,43.266780,51.316414,3.000000,2.000000,3.000000,0.000000,1.000000,0.000000,1.000000,2.000000,0.000000,1.000000,0.000000,1.000000,3.000000,0.000000,1.000000,1553.000000,438.000000,932.000000,136.000000,161.000000,5.000000,
0.049491,0.994487,0.140431,0.124991,0.470266,0.006204,-206.086975,3.176875,1396038.969524,1161963.380706,2307280.550469,207665.503665,1090450.410602,368.270735,98.608011,210.296676,30.186126,36.223351,85.527356,23.142696,49.304005,7.043429,8.049634,524.232385,140.868587,299.848850,43.266780,51.316414,3.000000,2.000000,3.000000,0.000000,1.000000,0.000000,1.000000,2.000000,0.000000,1.000000,0.000000,1.000000,3.000000,0.000000,1.000000,1553.000000,438.000000,932.000000,136.000000,161.000000,5.000000,
0.049468,0.999414,0.140022,0.114410,0.501397,0.006735,-205.172374,3.174536,1396038.453260,1161963.242079,2307280.255157,207665.461174,1090450.360144,368.465130,98.660062,210.407684,30.202060,36.242472,85.572503,23.154913,49.330031,7.047147,8.053883,524.509107,140.942946,300.007128,43.289619,51.343502,3.000000,2.000000,3.000000,0.000000,1.000000,0.000000,1.000000,2.000000,0.000000,1.000000,0.000000,1.000000,3.000000,0.000000,1.000000,1553.000000,438.000000,932.000000,136.000000,161.000000,5.000000,
0.049468,0.999414,0.140022,0.114410,0.501397,0.006735,-205.172374,3.174536,1396038.453260,1161963.242079,2307280.255157,207665.461174,1090450.360144,368.465130,98.660062,210.407684,30.202060,36.242472,85.572503,23.154913,49.330031,7.047147,8.053883,524.509107,140.942946,300.007128,43.289619,51.343502,3.000000,2.000000,3.000000,0.000000,1.000000,0.000000,1.000000,2.000000,0.000000,1.000000,0.000000,1.000000,3.000000,0.000000,1.000000,1553.000000,438.000000,932.000000,136.000000,161.000000,5.000000,
0.049468,0.999414,0.140022,0.114410,0.501397,0.006735,-205.172374,3.174536,1396038.453260,1161963.242079,2307280.255157,207665.461174,1090450.360144,368.465130,98.660062,210.407684,30.202060,36.242472,85.572503,23.154913,49.330031,7.047147,8.053883,524.509107,140.942946,300.007128,43.289619,51.343502,3.000000,2.000000,3.000000,0.000000,1.000000,0.000000,1.000000,2.000000,0.000000,1.000000,0.000000,1.000000,3.000000,0.000000,1.000000,1553.000000,438.000000,932.000000,136.000000,161.000000,5.000000,
0.049468,0.999414,0.140022,0.114410,0.501397,0.006735,-205.172374,3.174536,1396038.453260,1161963.242079,2307280.255157,207665.461174,1090450.360144,368.465130,98.660062,210.407684,30.202060,36.242472,85.572503,23.154913,49.330031,7.047147,8.053883,524.509107,140.942946,300.007128,43.289619,51.343502,3.000000,2.000000,3.000000,0.000000,1.000000,0.000000,1.000000,2.000000,0.000000,1.000000,0.000000,1.000000,3.000000,0.000000,1.000000,1553.000000,438.000000,932.000000,136.000000,161.000000,5.000000,
0.049468,0.999414,0.140022,0.114410,0.501397,0.006735,-205.172374,3.174536,1396038.453260,1161963.242079,2307280.255157,207665.461174,1090450.360144,368.465130,98.660062,210.407684,30.202060,36.242472,85.572503,23.154913,49.330031,7.047147,8.053883,524.509107,140.942946,300.007128,43.289619,51.343502,3.000000,2.000000,3.000000,0.000000,1.000000,0.000000,1.000000,2.000000,0.000000,1.000000,0.000000,1.000000,3.000000,0.000000,1.000000,1553.000000,438.000000,932.000000,136.000000,161.000000,5.000000,
0.049471,0.998821,0.140564,0.104154,0.519742,0.006670,-205.195718,3.175932,1396038.516580,1161963.259082,2307280.291377,207665.466385,1090450.366332,368.441288,98.653678,210.394069,30.200106,36.240127,85.566966,23.153414,49.326839,7.046691,8.053361,524.475167,140.933826,299.987715,43.286818,51.340179,3.000000,2.000000,3.000000,0.000000,1.000000,0.000000,1.000000,2.000000,0.000000,1.000000,0.000000,1.000000,3.000000,0.000000,1.000000,1553.000000,438.000000,932.000000,136.000000,161.000000,5.000000,
0.049471,0.998821,0.140564,0.104154,0.519742,0.006670,-205.195718,3.175932,1396038.516580,1161963.259082,2307280.291377,207665.466385,1090450.366332,368.441288,98.653678,210.394069,30.200106,36.240127,85.566966,23.153414,49.326839,7.046691,8.053361,524.475167,140.933826,299.987715,43.286818,51.340179,3.000000,2.000000,3.000000,0.000000,1.000000,0.000000,1.000000,2.000000,0.000000,1.000000,0.000000,1.000000,3.000000,0.000000,1.000000,1553.000000,438.000000,932.000000,136.000000,161.000000,5.000000,
0.049471,0.998821,0.140564,0.104154,0.519742,0.006670,-205.195718,3.175932,1396038.516580,1161963.259082,2307280.291377,207665.466385,1090450.366332,368.441288,98.653678,210.394069,30.200106,36.240127,85.566966,23.153414,49.326839,7.046691,8.053361,524.475167,140.933826,299.987715,43.286818,51.340179,3.000000,2.000000,3.000000,0.000000,1.000000,0.000000,1.000000,2.000000,0.000000,1.000000,0.000000,1.000000,3.000000,0.000000,1.000000,1553.000000,438.000000,932.000000,136.000000,161.000000,5.000000,
0.049471,0.998821,0.140564,0.104154,0.519742,0.006670,-205.195718,3.175932,1396038.516580,1161963.259082,2307280.291377,207665.466385,1090450.366332,368.441288,98.653678,210.394069,30.200106,36.240127,85.566966,23.153414,49.326839,7.046691,8.053361,524.475167,140.933826,299.987715,43.286818,51.340179,3.000000,2.000000,3.000000,0.000000,1.000000,0.000000,1.000000,2.000000,0.000000,1.000000,0.000000,1.000000,3.000000,0.000000,1.000000,1553.000000,438.000000,932.000000,136.000000,161.000000,5.000000,
0.049471,0.998821,0.140564,0.104154,0.519742,0.006670,-205.195718,3.175932,1396038.516580,1161963.259082,2307280.291377,207665.466385,1090450.366332,368.441288,98.653678,210.394069,30.200106,36.240127,85.566966,23.153414,49.326839,7.046691,8.053361,524.475167,140.933826,299.987715,43.286818,51.340179,3.000000,2.000000,3.000000,0.000000,1.000000,0.000000,1.000000,2.000000,0.000000,1.000000,0.000000,1.000000,3.000000,0.000000,1.000000,1553.000000,438.000000,932.000000,136.000000,161.000000,5.000000,
0.049471,0.998821,0.140564,0.104154,0.519742,0.006670,-205.195718,3.175932,1396038.516580,1161963.259082,2307280.291377,207665.466385,1090450.366332,368.441288,98.653678,210.394069,30.200106,36.240127,85.566966,23.153414,49.326839,7.046691,8.053361,524.475167,140.933826,299.987715,43.286818,51.340179,3.000000,2.000000,3.000000,0.000000,1.000000,0.000000,1.000000,2.000000,0.000000,1.000000,0.000000,1.000000,3.000000,0.000000,1.000000,1553.000000,438.000000,932.000000,136.000000,161.000000,5.000000,
0.049471,0.998821,0.140564,0.104154,0.519742,0.006670,-205.195718,3.175932,1396038.516580,1161963.259082,2307280.291377,207665.466385,1090450.366332,368.441288,98.653678,210.394069,30.200106,36.240127,85.566966,23.153414,49.326839,7.046691,8.053361,524.475167,140.933826,299.987715,43.286818,51.340179,3.000000,2.000000,3.000000,0.000000,1.000000,0.000000,1.000000,2.000000,0.000000,1.000000,0.000000,1.000000,3.000000,0.000000,1.000000,1553.000000,438.000000,932.000000,136.000000,161.000000,5.000000,
0.049471,0.998821,0.140564,0.104154,0.519742,0.006670,-205.195718,3.175932,1396038.516580,1161963.259082,2307280.291377,207665.466385,1090450.366332,368.441288,98.653678,210.394069,30.200106,36.240127,85.566966,23.153414,49.326839,7.046691,8.053361,524.475167,140.933826,299.987715,43.286818,51.340179,3.000000,2.000000,3.000000,0.000000,1.000000,0.000000,1.000000,2.000000,0.000000,1.000000,0.000000,1.000000,3.000000,0.000000,1.000000,1553.000000,438.000000,932.000000,136.000000,161.000000,5.000000,
0.049471,0.998821,0.140564,0.104154,0.519742,0.006670,-205.195718,3.175932,1396038.516580,1161963.259082,2307280.291377,207665.466385,1090450.366332,368.441288,98.653678,210.394069,30.200106,36.240127,85.566966,23.153414,49.326839,7.046691,8.053361,524.475167,140.933826,299.987715,43.286818,51.340179,3.000000,2.000000,3.000000,0.000000,1.000000,0.000000,1.000000,2.000000,0.000000,1.000000,0.000000,1.000000,3.000000,0.000000,1.000000,1553.000000,438.000000,932.000000,136.000000,161.000000,5.000000,
0.049471,0.998821,0.140564,0.104154,0.519742,0.006670,-205.195718,3.175932,1396038.516580,1161963.259082,2307280.291377,207665.466385,1090450.366332,368.441288,98.653678,210.394069,30.200106,36.240127,85.566966,23.153414,49.326839,7.046691,8.053361,524.475167,140.933826,299.987715,43.286818,51.340179,3.000000,2.000000,3.000000,0.000000,1.000000,0.000000,1.000000,2.000000,0.000000,1.000000,0.000000,1.000000,3.000000,0.000000,1.000000,1553.000000,438.000000,932.000000,136.000000,161.000000,5.000000,
0.049471,0.998821,0.140564,0.104154,0.519742,0.006670,-205.195718,3.175932,1396038.516580,1161963.259082,2307280.291377,207665.466385,1090450.366332,368.441288,98.653678,210.394069,30.200106,36.240127,85.566966,23.153414,49.326839,7.046691,8.053361,524.475167,140.933826,299.987715,43.286818,51.340179,3.000000,2.000000,3.000000,0.000000,1.000000,0.000000,1.000000,2.000000,0.000000,1.000000,0.000000,1.000000,3.000000,0.000000,1.000000,1553.000000,438.000000,932.000000,136.000000,161.000000,5.000000,
0.049471,0.998821,0.140564,0.104154,0.519742,0.006670,-205.195718,3.175932,1396038.516580,1161963.259082,2307280.291377,207665.466385,1090450.366332,368.441288,98.653678,210.394069,30.200106,36.240127,85.566966,23.153414,49.326839,7.046691,8.053361,524.475167,140.933826,299.987715,43.286818,51.340179,3.000000,2.000000,3.000000,0.000000,1.000000,0.000000,1.000000,2.000000,0.000000,1.000000,0.000000,1.000000,3.000000,0.000000,1.000000,1553.000000,438.000000,932.000000,136.000000,161.000000,5.000000,
0.049471,0.998821,0.140564,0.104154,0.519742,0.006670,-205.195718,3.175932,1396038.516580,1161963.259082,2307280.291377,207665.466385,1090450.366332,368.441288,98.653678,210.394069,30.200106,36.240127,85.566966,23.153414,49.326839,7.046691,8.053361,524.475167,140.933826,299.987715,43.286818,51.340179,3.000000,2.000000,3.000000,0.000000,1.000000,0.000000,1.000000,2.000000,0.000000,1.000000,0.000000,1.000000,3.000000,0.000000,1.000000,1553.000000,438.000000,932.000000,136.000000,161.000000,5.000000,
0.049471,0.998821,0.140564,0.104154,0.519742,0.006670,-205.195718,3.175932,1396038.516580,1161963.259082,2307280.291377,207665.466385,1090450.366332,368.441288,98.653678,210.394069,30.200106,36.240127,85.566966,23.153414,49.326839,7.046691,8.053361,524.475167,140.933826,299.987715,43.286818,51.340179,3.000000,2.000000,3.000000,0.000000,1.000000,0.000000,1.000000,2.000000,0.000000,1.000000,0.000000,1.000000,3.000000,0.000000,1.000000,1553.000000,438.000000,932.000000,136.000000,161.000000,5.000000,
0.049455,0.998048,0.143277,0.119682,0.471351,0.006874,-204.942467,3.180959,1396038.318610,1161963.205923,2307280.178135,207665.450091,1090450.346984,368.515832,98.673638,210.436636,30.206216,36.247459,85.584278,23.158099,49.336819,7.048117,8.054991,524.581280,140.962340,300.048410,43.295576,51.350567,3.000000,2.000000,3.000000,0.000000,1.000000,0.000000,1.000000,2.000000,0.000000,1.000000,0.000000,1.000000,3.000000,0.000000,1.000000,1553.000000,438.000000,932.000000,136.000000,161.000000,5.000000,
0.049455,0.998048,0.143277,0.119682,0.471351,0.006874,-204.942467,3.180959,1396038.318610,1161963.205923,2307280.178135,207665.450091,1090450.346984,368.515832,98.673638,210.436636,30.206216,36.247459,85.584278,23.158099,49.336819,7.048117,8.054991,524.581280,140.962340,300.048410,43.295576,51.350567,3.000000,2.000000,3.000000,0.000000,1.000000,0.000000,1.000000,2.000000,0.000000,1.000000,0.000000,1.000000,3.000000,0.000000,1.000000,1553.000000,438.000000,932.000000,136.000000,161.000000,5.000000,
0.049455,0.998048,0.143277,0.119682,0.471351,0.006874,-204.942467,3.180959,1396038.318610,1161963.205923,2307280.178135,207665.450091,1090450.346984,368.515832,98.673638,210.436636,30.206216,36.247459,85.584278,23.158099,49.336819,7.048117,8.054991,524.581280,140.962340,300.048410,43.295576,51.350567,3.000000,2.000000,3.000000,0.000000,1.000000,0.000000,1.000000,2.000000,0.000000,1.000000,0.000000,1.000000,3.000000,0.000000,1.000000,1553.000000,438.000000,932.000000,136.000000,161.000000,5.000000,
0.049455,0.998048,0.143277,0.119682,0.471351,0.006874,-204.942467,3.180959,1396038.318610,1161963.205923,2307280.178135,207665.450091,1090450.346984,368.515832,98.673638,210.436636,30.206216,36.247459,85.584278,23.158099,49.336819,7.048117,8.054991,524.581280,140.962340,300.048410,43.295576,51.350567,3.000000,2.000000,3.000000,0.000000,1.000000,0.000000,1.000000,2.000000,0.000000,1.000000,0.000000,1.000000,3.000000,0.000000,1.000000,1553.000000,438.000000,932.000000,136.000000,161.000000,5.000000,
0.049455,0.998048,0.143277,0.119682,0.471351,0.006874,-204.942467,3.180959,1396038.318610,1161963.205923,2307280.178135,207665.450091,1090450.346984,368.515832,98.673638,210.436636,30.206216,36.247459,85.584278,23.158099,49.336819,7.048117,8.054991,524.581280,140.962340,300.048410,43.295576,51.350567,3.000000,2.000000,3.000000,0.000000,1.000000,0.000000,1.000000,2.000000,0.000000,1.000000,0.000000,1.000000,3.000000,0.000000,1.000000,1553.000000,438.000000,932.000000,136.000000,161.000000,5.000000,
0.049455,0.998048,0.143277,0.119682,0.471351,0.006874,-204.942467,3.180959,1396038.318610,1161963.205923,2307280.178135,207665.450091,1090450.346984,368.515832,98.673638,210.436636,30.206216,36.247459,85.584278,23.158099,49.336819,7.048117,8.054991,524.581280,140.962340,300.048410,43.295576,51.350567,3.000000,2.000000,3.000000,0.000000,1.000000,0.000000,1.000000,2.000000,0.000000,1.000000,0.000000,1.000000,3.000000,0.000000,1.000000,1553.000000,438.000000,932.000000,136.000000,161.000000,5.000000,
0.049455,0.998048,0.143277,0.119682,0.471351,0.006874,-204.942467,3.180959,1396038.318610,1161963.205923,2307280.178135,207665.450091,1090450.346984,368.515832,98.673638,210.436636,30.206216,36.247459,85.584278,23.158099,49.336819,7.048117,8.054991,524.581280,140.962340,300.048410,43.295576,51.350567,3.000000,2.000000,3.000000,0.000000,1.000000,0.000000,1.000000,2.000000,0.000000,1.000000,0.000000,1.000000,3.000000,0.000000,1.000000,1553.000000,438.000000,932.000000,136.000000,161.000000,5.000000,
0.049455,0.998048,0.143277,0.119682,0.471351,0.006874,-204.942467,3.180959,1396038.318610,1161963.205923,2307280.178135,207665.450091,1090450.346984,368.515832,98.673638,210.436636,30.206216,36.247459,85.584278,23.158099,49.336819,7.048117,8.054991,524.581280,140.962340,300.048410,43.295576,51.350567,3.000000,2.000000,3.000000,0.000000,1.000000,0.000000,1.000000,2.000000,0.000000,1.000000,0.000000,1.000000,3.000000,0.000000,1.000000,1553.000000,438.000000,932.000000,136.000000,161.000000,5.000000,
0.049455,0.998048,0.143277,0.119682,0.471351,0.006874,-204.942467,3.180959,1396038.318610,1161963.205923,2307280.178135,207665.450091,1090450.346984,368.515832,98.673638,210.436636,30.206216,36.247459,85.584278,23.158099,49.336819,7.048117,8.054991,524.581280,140.962340,300.048410,43.295576,51.350567,3.000000,2.000000,3.000000,0.000000,1.000000,0.000000,1.000000,2.000000,0.000000,1.000000,0.000000,1.000000,3.000000,0.000000,1.000000,1553.000000,438.000000,932.000000,136.000000,161.000000,5.000000,
0.049455,0.998048,0.143277,0.119682,0.471351,0.006874,-204.942467,3.180959,1396038.318610,1161963.205923,2307280.178135,207665.450091,1090450.346984,368.515832,98.673638,210.436636,30.206216,36.247459,85.584278,23.158099,49.336819,7.048117,8.054991,524.581280,140.962340,300.048410,43.295576,51.350567,3.000000,2.000000,3.000000,0.000000,1.000000,0.000000,1.000000,2.000000,0.000000,1.000000,0.000000,1.000000,3.000000,0.000000,1.000000,1553.000000,438.000000,932.000000,136.000000,161.000000,5.000000,
0.049455,0.998048,0.143277,0.119682,0.471351,0.006874,-204.942467,3.180959,1396038.318610,1161963.205923,2307280.178135,207665.450091,1090450.346984,368.515832,98.673638,210.436636,30.206216,36.247459,85.584278,23.158099,49.336819,7.048117,8.054991,524.581280,140.962340,300.048410,43.295576,51.350567,3.000000,2.000000,3.000000,0.000000,1.000000,0.000000,1.000000,2.000000,0.000000,1.000000,0.000000,1.000000,3.000000,0.000000,1.000000,1553.000000,438.000000,932.000000,136.000000,161.000000,5.000000,
0.049455,0.998048,0.143277,0.119682,0.471351,0.006874,-204.942467,3.180959,1396038.318610,1161963.205923,2307280.178135,207665.450091,1090450.346984,368.515832,98.673638,210.436636,30.206216,36.247459,85.584278,23.158099,49.336819,7.048117,8.054991,524.581280,140.962340,300.048410,43.295576,51.350567,3.000000,2.000000,3.000000,0.000000,1.000000,0.000000,1.000000,2.000000,0.000000,1.000000,0.000000,1.000000,3.000000,0.000000,1.000000,1553.000000,438.000000,932.000000,136.000000,161.000000,5.000000,
0.049455,0.998048,0.143277,0.119682,0.471351,0.006874,-204.942467,3.180959,1396038.318610,1161963.205923,2307280.178135,207665.450091,1090450.346984,368.515832,98.673638,210.436636,30.206216,36.247459,85.584278,23.158099,49.336819,7.048117,8.054991,524.581280,140.962340,300.048410,43.295576,51.350567,3.000000,2.000000,3.000000,0.000000,1.000000,0.000000,1.000000,2.000000,0.000000,1.000000,0.000000,1.000000,3.000000,0.000000,1.000000,1553.000000,438.000000,932.000000,136.000000,161.000000,5.000000,
0.049455,0.998048,0.143277,0.119682,0.471351,0.006874,-204.942467,3.180959,1396038.318610,1161963.205923,2307280.178135,207665.450091,1090450.346984,368.515832,98.673638,210.436636,30.206216,36.247459,85.584278,23.158099,49.336819,7.048117,8.054991,524.581280,140.962340,300.048410,43.295576,51.350567,3.000000,2.000000,3.000000,0.000000,1.000000,0.000000,1.000000,2.000000,0.000000,1.000000,0.000000,1.000000,3.000000,0.000000,1.000000,1553.000000,438.000000,932.000000,136.000000,161.000000,5.000000,
0.049455,0.998048,0.143277,0.119682,0.471351,0.006874,-204.942467,3.180959,1396038.318610,1161963.205923,2307280.178135,207665.450091,1090450.346984,368.515832,98.673638,210.436636,30.206216,36.247459,85.584278,23.158099,49.336819,7.048117,8.054991,524.581280,140.962340,300.048410,43.295576,51.350567,3.000000,2.000000,3.000000,0.000000,1.000000,0.000000,1.000000,2.000000,0.000000,1.000000,0.000000,1.000000,3.000000,0.000000,1.000000,1553.000000,438.000000,932.000000,136.000000,161.000000,5.000000,
0.049455,0.998048,0.143277,0.119682,0.471351,0.006874,-204.942467,3.180959,1396038.318610,1161963.205923,2307280.178135,207665.450091,1090450.346984,368.515832,98.673638,210.436636,30.206216,36.247459,85.584278,23.158099,49.336819,7.048117,8.054991,524.581280,140.962340,300.048410,43.295576,51.350567,3.000000,2.000000,3.000000,0.000000,1.000000,0.000000,1.000000,2.000000,0.000000,1.000000,0.000000,1.000000,3.000000,0.000000,1.000000,1553.000000,438.000000,932.000000,136.000000,161.000000,5.000000,
0.049455,0.998048,0.143277,0.119682,0.471351,0.006874,-204.942467,3.180959,1396038.318610,1161963.205923,2307280.178135,207665.450091,1090450.346984,368.515832,98.673638,210.436636,30.206216,36.247459,85.584278,23.158099,49.336819,7.048117,8.054991,524.581280,140.962340,300.048410,43.295576,51.350567,3.000000,2.000000,3.000000,0.000000,1.000000,0.000000,1.000000,2.000000,0.000000,1.000000,0.000000,1.000000,3.000000,0.000000,1.000000,1553.000000,438.000000,932.000000,136.000000,161.000000,5.000000,
0.049455,0.998048,0.143277,0.119682,0.471351,0.006874,-204.942467,3.180959,1396038.318610,1161963.205923,2307280.178135,207665.450091,1090450.346984,368.515832,98.673638,210.436636,30.206216,36.247459,85.584278,23.158099,49.336819,7.048117,8.054991,524.581280,140.962340,300.048410,43.295576,51.350567,3.000000,2.000000,3.000000,0.000000,1.000000,0.000000,1.000000,2.000000,0.000000,1.000000,0.000000,1.000000,3.000000,0.000000,1.000000,1553.000000,438.000000,932.000000,136.000000,161.000000,5.000000,
0.049455,0.998048,0.143277,0.119682,0.471351,0.006874,-204.942467,3.180959,1396038.318610,1161963.205923,2307280.178135,207665.450091,1090450.346984,368.515832,98.673638,210.436636,30.206216,36.247459,85.584278,23.158099,49.336819,7.048117,8.054991,524.581280,140.962340,300.048410,43.295576,51.350567,3.000000,2.000000,3.000000,0.000000,1.000000,0.000000,1.000000,2.000000,0.000000,1.000000,0.000000,1.000000,3.000000,0.000000,1.000000,1553.000000,438.000000,932.000000,136.000000,161.000000,5.000000,
0.049455,0.998048,0.143277,0.119682,0.471351,0.006874,-204.942467,3.180959,1396038.318610,1161963.205923,2307280.178135,207665.450091,1090450.346984,368.515832,98.673638,210.436636,30.206216,36.247459,85.584278,23.158099,49.336819,7.048117,8.054991,524.581280,140.962340,300.048410,43.295576,51.350567,3.000000,2.000000,3.000000,0.000000,1.000000,0.000000,1.000000,2.000000,0.000000,1.000000,0.000000,1.000000,3.000000,0.000000,1.000000,1553.000000,438.000000,932.000000,136.000000,161.000000,5.000000,
0.049455,0.998048,0.143277,0.119682,0.471351,0.006874,-204.942467,3.180959,1396038.318610,1161963.205923,2307280.178135,207665.450091,1090450.346984,368.515832,98.673638,210.436636,30.206216,36.247459,85.584278,23.158099,49.336819,7.048117,8.054991,524.581280,140.962340,300.048410,43.295576,51.350567,3.000000,2.000000,3.000000,0.000000,1.000000,0.000000,1.000000,2.000000,0.000000,1.000000,0.000000,1.000000,3.000000,0.000000,1.000000,1553.000000,438.000000,932.000000,136.000000,161.000000,5.000000,
0.049455,0.998048,0.143277,0.119682,0.471351,0.006874,-204.942467,3.180959,1396038.318610,1161963.205923,2307280.178135,207665.450091,1090450.346984,368.515832,98.673638,210.436636,30.206216,36.247459,85.584278,23.158099,49.336819,7.048117,8.054991,524.581280,140.962340,300.048410,43.295576,51.350567,3.000000,2.000000,3.000000,0.000000,1.000000,0.000000,1.000000,2.000000,0.000000,1.000000,0.000000,1.000000,3.000000,0.000000,1.000000,1553.000000,438.000000,932.000000,136.000000,161.000000,5.000000,
0.049455,0.998048,0.143277,0.119682,0.471351,0.006874,-204.942467,3.180959,1396038.318610,1161963.205923,2307280.178135,207665.450091,1090450.346984,368.515832,98.673638,210.436636,30.206216,36.247459,85.584278,23.158099,49.336819,7.048117,8.054991,524.581280,140.962340,300.048410,43.295576,51.350567,3.000000,2.000000,3.000000,0.000000,1.000000,0.000000,1.000000,2.000000,0.000000,1.000000,0.000000,1.000000,3.000000,0.000000,1.000000,1553.000000,438.000000,932.000000,136.000000,161.000000,5.000000,
0.049455,0.998048,0.143277,0.119682,0.471351,0.006874,-204.942467,3.180959,1396038.318610,1161963.205923,2307280.178135,207665.450091,1090450.346984,368.515832,98.673638,210.436636,30.206216,36.247459,85.584278,23.158099,49.336819,7.048117,8.054991,524.581280,140.962340,300.048410,43.295576,51.350567,3.000000,2.000000,3.000000,0.000000,1.000000,0.000000,1.000000,2.000000,0.000000,1.000000,0.000000,1.000000,3.000000,0.000000,1.000000,1553.000000,438.000000,932.000000,136.000000,161.000000,5.000000,
0.049455,0.998048,0.143277,0.119682,0.471351,0.006874,-204.942467,3.180959,1396038.318610,1161963.205923,2307280.178135,207665.450091,1090450.346984,368.515832,98.673638,210.436636,30.206216,36.247459,85.584278,23.158099,49.336819,7.048117,8.054991,524.581280,140.962340,300.048410,43.295576,51.350567,3.000000,2.000000,3.000000,0.000000,1.000000,0.000000,1.000000,2.000000,0.000000,1.000000,0.000000,1.000000,3.000000,0.000000,1.000000,1553.000000,438.000000,932.000000,136.000000,161.000000,5.000000,
0.049455,0.998048,0.143277,0.119682,0.471351,0.006874,-204.942467,3.180959,1396038.318610,1161963.205923,2307280.178135,207665.450091,1090450.346984,368.515832,98.673638,210.436636,30.206216,36.247459,85.584278,23.158099,49.336819,7.048117,8.054991,524.581280,140.962340,300.048410,43.295576,51.350567,3.000000,2.000000,3.000000,0.000000,1.000000,0.000000,1.000000,2.000000,0.000000,1.000000,0.000000,1.000000,3.000000,0.000000,1.000000,1553.000000,438.000000,932.000000,136.000000,161.000000,5.000000,
0.049455,0.998048,0.143277,0.119682,0.471351,0.006874,-204.942467,3.180959,1396038.318610,1161963.205923,2307280.178135,207665.450091,1090450.346984,368.515832,98.673638,210.436636,30.206216,36.247459,85.584278,23.158099,49.336819,7.048117,8.054991,524.581280,140.962340,300.048410,43.295576,51.350567,3.000000,2.000000,3.000000,0.000000,1.000000,0.000000,1.000000,2.000000,0.000000,1.000000,0.000000,1.000000,3.000000,0.000000,1.000000,1553.000000,438.000000,932.000000,136.000000,161.000000,5.000000,
0.049455,0.998048,0.143277,0.119682,0.471351,0.006874,-204.942467,3.180959,1396038.318610,1161963.205923,2307280.178135,207665.450091,1090450.346984,368.515832,98.673638,210.436636,30.206216,36.247459,85.584278,23.158099,49.336819,7.048117,8.054991,524.581280,140.962340,300.048410,43.295576,51.350567,3.000000,2.000000,3.000000,0.000000,1.000000,0.000000,1.000000,2.000000,0.000000,1.000000,0.000000,1.000000,3.000000,0.000000,1.000000,1553.000000,438.000000,932.000000,136.000000,161.000000,5.000000,
0.049455,0.998048,0.143277,0.119682,0.471351,0.006874,-204.942467,3.180959,1396038.318610,1161963.205923,2307280.178135,207665.450091,1090450.346984,368.515832,98.673638,210.436636,30.206216,36.247459,85.584278,23.158099,49.336819,7.048117,8.054991,524.581280,140.962340,300.048410,43.295576,51.350567,3.000000,2.000000,3.000000,0.000000,1.000000,0.000000,1.000000,2.000000,0.000000,1.000000,0.000000,1.000000,3.000000,0.000000,1.000000,1553.000000,438.000000,932.000000,136.000000,161.000000,5.000000,
0.049455,0.998048,0.143277,0.119682,0.471351,0.006874,-204.942467,3.180959,1396038.318610,1161963.205923,2307280.178135,207665.450091,1090450.346984,368.515832,98.673638,210.436636,30.206216,36.247459,85.584278,23.158099,49.336819,7.048117,8.054991,524.581280,140.962340,300.048410,43.295576,51.350567,3.000000,2.000000,3.000000,0.000000,1.000000,0.000000,1.000000,2.000000,0.000000,1.000000,0.000000,1.000000,3.000000,0.000000,1.000000,1553.000000,438.000000,932.000000,136.000000,161.000000,5.000000,
0.049455,0.998048,0.143277,0.119682,0.471351,0.006874,-204.942467,3.180959,1396038.318610,1161963.205923,2307280.178135,207665.450091,1090450.346984,368.515832,98.673638,210.436636,30.206216,36.247459,85.584278,23.158099,49.336819,7.048117,8.054991,524.581280,140.962340,300.048410,43.295576,51.350567,3.000000,2.000000,3.000000,0.000000,1.000000,0.000000,1.000000,2.000000,0.000000,1.000000,0.000000,1.000000,3.000000,0.000000,1.000000,1553.000000,438.000000,932.000000,136.000000,161.000000,5.000000,
0.049455,0.998048,0.143277,0.119682,0.471351,0.006874,-204.942467,3.180959,1396038.318610,1161963.205923,2307280.178135,207665.450091,1090450.346984,368.515832,98.673638,210.436636,30.206216,36.247459,85.584278,23.158099,49.336819,7.048117,8.054991,524.581280,140.962340,300.048410,43.295576,51.350567,3.000000,2.000000,3.000000,0.000000,1.000000,0.000000,1.000000,2.000000,0.000000,1.000000,0.000000,1.000000,3.000000,0.000000,1.000000,1553.000000,438.000000,932.000000,136.000000,161.000000,5.000000,
0.049455,0.998048,0.143277,0.119682,0.471351,0.006874,-204.942467,3.180959,1396038.318610,1161963.205923,2307280.178135,207665.450091,1090450.346984,368.515832,98.673638,210.436636,30.206216,36.247459,85.584278,23.158099,49.336819,7.048117,8.054991,524.581280,140.962340,300.048410,43.295576,51.350567,3.000000,2.000000,3.000000,0.000000,1.000000,0.000000,1.000000,2.000000,0.000000,1.000000,0.000000,1.000000,3.000000,0.000000,1.000000,1553.000000,438.000000,932.000000,136.000000,161.000000,5.000000,
0.049455,0.998048,0.143277,0.119682,0.471351,0.006874,-204.942467,3.180959,1396038.318610,1161963.205923,2307280.178135,207665.450091,1090450.346984,368.515832,98.673638,210.436636,30.206216,36.247459,85.584278,23.158099,49.336819,7.048117,8.054991,524.581280,140.962340,300.048410,43.295576,51.350567,3.000000,2.000000,3.000000,0.000000,1.000000,0.000000,1.000000,2.000000,0.000000,1.000000,0.000000,1.000000,3.000000,0.000000,1.000000,1553.000000,438.000000,932.000000,136.000000,161.000000,5.000000,
0.049455,0.998048,0.143277,0.119682,0.471351,0.006874,-204.942467,3.180959,1396038.318610,1161963.205923,2307280.178135,207665.450091,1090450.346984,368.515832,98.673638,210.436636,30.206216,36.247459,85.584278,23.158099,49.336819,7.048117,8.054991,524.581280,140.962340,300.048410,43.295576,51.350567,3.000000,2.000000,3.000000,0.000000,1.000000,0.000000,1.000000,2.000000,0.000000,1.000000,0.000000,1.000000,3.000000,0.000000,1.000000,1553.000000,438.000000,932.000000,136.000000,161.000000,5.000000,
0.049455,0.998048,0.143277,0.119682,0.471351,0.006874,-204.942467,3.180959,1396038.318610,1161963.205923,2307280.178135,207665.450091,1090450.346984,368.515832,98.673638,210.436636,30.206216,36.247459,85.584278,23.158099,49.336819,7.048117,8.054991,524.581280,140.962340,300.048410,43.295576,51.350567,3.000000,2.000000,3.000000,0.000000,1.000000,0.000000,1.000000,2.000000,0.000000,1.000000,0.000000,1.000000,3.000000,0.000000,1.000000,1553.000000,438.000000,932.000000,136.000000,161.000000,5.000000,
0.049455,0.998048,0.143277,0.119682,0.471351,0.006874,-204.942467,3.180959,1396038.318610,1161963.205923,2307280.178135,207665.450091,1090450.346984,368.515832,98.673638,210.436636,30.206216,36.247459,85.584278,23.158099,49.336819,7.048117,8.054991,524.581280,140.962340,300.048410,43.295576,51.350567,3.000000,2.000000,3.000000,0.000000,1.000000,0.000000,1.000000,2.000000,0.000000,1.000000,0.000000,1.000000,3.000000,0.000000,1.000000,1553.000000,438.000000,932.000000,136.000000,161.000000,5.000000,
0.049457,0.996973,0.141952,0.117128,0.485947,0.006226,-205.329881,3.178101,1396038.948692,1161963.375112,2307280.538552,207665.501950,1090450.408566,368.278579,98.610111,210.301156,30.186769,36.224123,85.529178,23.143189,49.305056,7.043579,8.049805,524.243551,140.871588,299.855236,43.267702,51.317507,3.000000,2.000000,3.000000,0.000000,1.000000,0.000000,1.000000,2.000000,0.000000,1.000000,0.000000,1.000000,3.000000,0.000000,1.000000,1553.000000,438.000000,932.000000,136.000000,161.000000,5.000000,
0.049457,0.996973,0.141952,0.117128,0.485947,0.006226,-205.329881,3.178101,1396038.948692,1161963.375112,2307280.538552,207665.501950,1090450.408566,368.278579,98.610111,210.301156,30.186769,36.224123,85.529178,23.143189,49.305056,7.043579,8.049805,524.243551,140.871588,299.855236,43.267702,51.317507,3.000000,2.000000,3.000000,0.000000,1.000000,0.000000,1.000000,2.000000,0.000000,1.000000,0.000000,1.000000,3.000000,0.000000,1.000000,1553.000000,438.000000,932.000000,136.000000,161.000000,5.000000,
0.049457,0.996973,0.141952,0.117128,0.485947,0.006226,-205.329881,3.178101,1396038.948692,1161963.375112,2307280.538552,207665.501950,1090450.408566,368.278579,98.610111,210.301156,30.186769,36.224123,85.529178,23.143189,49.305056,7.043579,8.049805,524.243551,140.871588,299.855236,43.267702,51.317507,3.000000,2.000000,3.000000,0.000000,1.000000,0.000000,1.000000,2.000000,0.000000,1.000000,0.000000,1.000000,3.000000,0.000000,1.000000,1553.000000,438.000000,932.000000,136.000000,161.000000,5.000000,
0.049457,0.996973,0.141952,0.117128,0.485947,0.006226,-205.329881,3.178101,1396038.948692,1161963.375112,2307280.538552,207665.501950,1090450.408566,368.278579,98.610111,210.301156,30.186769,36.224123,85.529178,23.143189,49.305056,7.043579,8.049805,524.243551,140.871588,299.855236,43.267702,51.317507,3.000000,2.000000,3.000000,0.000000,1.000000,0.000000,1.000000,2.000000,0.000000,1.000000,0.000000,1.000000,3.000000,0.000000,1.000000,1553.000000,438.000000,932.000000,136.000000,161.000000,5.000000,
0.049457,0.996973,0.141952,0.117128,0.485947,0.006226,-205.329881,3.178101,1396038.948692,1161963.375112,2307280.538552,207665.501950,1090450.408566,368.278579,98.610111,210.301156,30.186769,36.224123,85.529178,23.143189,49.305056,7.043579,8.049805,524.243551,140.871588,299.855236,43.267702,51.317507,3.000000,2.000000,3.000000,0.000000,1.000000,0.000000,1.000000,2.000000,0.000000,1.000000,0.000000,1.000000,3.000000,0.000000,1.000000,1553.000000,438.000000,932.000000,136.000000,161.000000,5.000000,
0.049457,0.996973,0.141952,0.117128,0.485947,0.006226,-205.329881,3.178101,1396038.948692,1161963.375112,2307280.538552,207665.501950,1090450.408566,368.278579,98.610111,210.301156,30.186769,36.224123,85.529178,23.143189,49.305056,7.043579,8.049805,524.243551,140.871588,299.855236,43.267702,51.317507,3.000000,2.000000,3.000000,0.000000,1.000000,0.000000,1.000000,2.000000,0.000000,1.000000,0.000000,1.000000,3.000000,0.000000,1.000000,1553.000000,438.000000,932.000000,136.000000,161.000000,5.000000,
0.049457,0.996973,0.141952,0.117128,0.485947,0.006226,-205.329881,3.178101,1396038.948692,1161963.375112,2307280.538552,207665.501950,1090450.408566,368.278579,98.610111,210.301156,30.186769,36.224123,85.529178,23.143189,49.305056,7.043579,8.049805,524.243551,140.871588,299.855236,43.267702,51.317507,3.000000,2.000000,3.000000,0.000000,1.000000,0.000000,1.000000,2.000000,0.000000,1.000000,0.000000,1.000000,3.000000,0.000000,1.000000,1553.000000,438.000000,932.000000,136.000000,161.000000,5.000000,
0.049457,0.996973,0.141952,0.117128,0.485947,0.006226,-205.329881,3.178101,1396038.948692,1161963.375112,2307280.538552,207665.501950,1090450.408566,368.278579,98.610111,210.301156,30.186769,36.224123,85.529178,23.143189,49.305056,7.043579,8.049805,524.243551,140.871588,299.855236,43.267702,51.317507,3.000000,2.000000,3.000000,0.000000,1.000000,0.000000,1.000000,2.000000,0.000000,1.000000,0.000000,1.000000,3.000000,0.000000,1.000000,1553.000000,438.000000,932.000000,136.000000,161.000000,5.000000,
0.049457,0.996973,0.141952,0.117128,0.485947,0.006226,-205.329881,3.178101,1396038.948692,1161963.375112,2307280.538552,207665.501950,1090450.408566,368.278579,98.610111,210.301156,30.186769,36.224123,85.529178,23.143189,49.305056,7.043579,8.049805,524.243551,140.871588,299.855236,43.267702,51.317507,3.000000,2.000000,3.000000,0.000000,1.000000,0.000000,1.000000,2.000000,0.000000,1.000000,0.000000,1.000000,3.000000,0.000000,1.000000,1553.000000,438.000000,932.000000,136.000000,161.000000,5.000000,
0.049457,0.996973,0.141952,0.117128,0.485947,0.006226,-205.329881,3.178101,1396038.948692,1161963.375112,2307280.538552,207665.501950,1090450.408566,368.278579,98.610111,210.301156,30.186769,36.224123,85.529178,23.143189,49.305056,7.043579,8.049805,524.243551,140.871588,299.855236,43.267702,51.317507,3.000000,2.000000,3.000000,0.000000,1.000000,0.000000,1.000000,2.000000,0.000000,1.000000,0.000000,1.000000,3.000000,0.000000,1.000000,1553.000000,438.000000,932.000000,136.000000,161.000000,5.000000,
0.049457,0.996973,0.141952,0.117128,0.485947,0.006226,-205.329881,3.178101,1396038.948692,1161963.375112,2307280.538552,207665.501950,1090450.408566,368.278579,98.610111,210.301156,30.186769,36.224123,85.529178,23.143189,49.305056,7.043579,8.049805,524.243551,140.871588,299.855236,43.267702,51.317507,3.000000,2.000000,3.000000,0.000000,1.000000,0.000000,1.000000,2.000000,0.000000,1.000000,0.000000,1.000000,3.000000,0.000000,1.000000,1553.000000,438.000000,932.000000,136.000000,161.000000,5.000000,
0.049457,0.996973,0.141952,0.117128,0.485947,0.006226,-205.329881,3.178101,1396038.948692,1161963.375112,2307280.538552,207665.501950,1090450.408566,368.278579,98.610111,210.301156,30.186769,36.224123,85.529178,23.143189,49.305056,7.043579,8.049805,524.243551,140.871588,299.855236,43.267702,51.317507,3.000000,2.000000,3.000000,0.000000,1.000000,0.000000,1.000000,2.000000,0.000000,1.000000,0.000000,1.000000,3.000000,0.000000,1.000000,1553.000000,438.000000,932.000000,136.000000,161.000000,5.000000,
0.049457,0.996973,0.141952,0.117128,0.485947,0.006226,-205.329881,3.178101,1396038.948692,1161963.375112,2307280.538552,207665.501950,1090450.408566,368.278579,98.610111,210.301156,30.186769,36.224123,85.529178,23.143189,49.305056,7.043579,8.049805,524.243551,140.871588,299.855236,43.267702,51.317507,3.000000,2.000000,3.000000,0.000000,1.000000,0.000000,1.000000,2.000000,0.000000,1.000000,0.000000,1.000000,3.000000,0.000000,1.000000,1553.000000,438.000000,932.000000,136.000000,161.000000,5.000000,
0.049457,0.996973,0.141952,0.117128,0.485947,0.006226,-205.329881,3.178101,1396038.948692,1161963.375112,2307280.538552,207665.501950,1090450.408566,368.278579,98.610111,210.301156,30.186769,36.224123,85.529178,23.143189,49.305056,7.043579,8.049805,524.243551,140.871588,299.855236,43.267702,51.317507,3.000000,2.000000,3.000000,0.000000,1.000000,0.000000,1.000000,2.000000,0.000000,1.000000,0.000000,1.000000,3.000000,0.000000,1.000000,1553.000000,438.000000,932.000000,136.000000,161.000000,5.000000,
0.049457,0.996973,0.141952,0.117128,0.485947,0.006226,-205.329881,3.178101,1396038.948692,1161963.375112,2307280.538552,207665.501950,1090450.408566,368.278579,98.610111,210.301156,30.186769,36.224123,85.529178,23.143189,49.305056,7.043579,8.049805,524.243551,140.871588,299.855236,43.267702,51.317507,3.000000,2.000000,3.000000,0.000000,1.000000,0.000000,1.000000,2.000000,0.000000,1.000000,0.000000,1.000000,3.000000,0.000000,1.000000,1553.000000,438.000000,932.000000,136.000000,161.000000,5.000000,
0.049457,0.996973,0.141952,0.117128,0.485947,0.006226,-205.329881,3.178101,1396038.948692,1161963.375112,2307280.538552,207665.501950,1090450.408566,368.278579,98.610111,210.301156,30.186769,36.224123,85.529178,23.143189,49.305056,7.043579,8.049805,524.243551,140.871588,299.855236,43.267702,51.317507,3.000000,2.000000,3.000000,0.000000,1.000000,0.000000,1.000000,2.000000,0.000000,1.000000,0.000000,1.000000,3.000000,0.000000,1.000000,1553.000000,438.000000,932.000000,136.000000,161.000000,5.000000,
0.049457,0.996973,0.141952,0.117128,0.485947,0.006226,-205.329881,3.178101,1396038.948692,1161963.375112,2307280.538552,207665.501950,1090450.408566,368.278579,98.610111,210.301156,30.186769,36.224123,85.529178,23.143189,49.305056,7.043579,8.049805,524.243551,140.871588,299.855236,43.267702,51.317507,3.000000,2.000000,3.000000,0.000000,1.000000,0.000000,1.000000,2.000000,0.000000,1.000000,0.000000,1.000000,3.000000,0.000000,1.000000,1553.000000,438.000000,932.000000,136.000000,161.000000,5.000000,
0.049485,0.997448,0.138237,0.102652,0.536227,0.006421,-206.242179,3.171598,1396038.759181,1161963.324225,2307280.430149,207665.486352,1090450.390043,368.349938,98.629218,210.341904,30.192618,36.231141,85.545751,23.147674,49.314609,7.044944,8.051365,524.345130,140.898883,299.913338,43.276086,51.327450,3.000000,2.000000,3.000000,0.000000,1.000000,0.000000,1.000000,2.000000,0.000000,1.000000,0.000000,1.000000,3.000000,0.000000,1.000000,1553.000000,438.000000,932.000000,136.000000,161.000000,5.000000,
0.049485,0.997448,0.138237,0.102652,0.536227,0.006421,-206.242179,3.171598,1396038.759181,1161963.324225,2307280.430149,207665.486352,1090450.390043,368.349938,98.629218,210.341904,30.192618,36.231141,85.545751,23.147674,49.314609,7.044944,8.051365,524.345130,140.898883,299.913338,43.276086,51.327450,3.000000,2.000000,3.000000,0.000000,1.000000,0.000000,1.000000,2.000000,0.000000,1.000000,0.000000,1.000000,3.000000,0.000000,1.000000,1553.000000,438.000000,932.000000,136.000000,161.000000,5.000000,
0.049485,0.997448,0.138237,0.102652,0.536227,0.006421,-206.242179,3.171598,1396038.759181,1161963.324225,2307280.430149,207665.486352,1090450.390043,368.349938,98.629218,210.341904,30.192618,36.231141,85.545751,23.147674,49.314609,7.044944,8.051365,524.345130,140.898883,299.913338,43.276086,51.327450,3.000000,2.000000,3.000000,0.000000,1.000000,0.000000,1.000000,2.000000,0.000000,1.000000,0.000000,1.000000,3.000000,0.000000,1.000000,1553.000000,438.000000,932.000000,136.000000,161.000000,5.000000,
0.049485,0.997448,0.138237,0.102652,0.536227,0.006421,-206.242179,3.171598,1396038.759181,1161963.324225,2307280.430149,207665.486352,1090450.390043,368.349938,98.629218,210.341904,30.192618,36.231141,85.545751,23.147674,49.314609,7.044944,8.051365,524.345130,140.898883,299.913338,43.276086,51.327450,3.000000,2.000000,3.000000,0.000000,1.000000,0.000000,1.000000,2.000000,0.000000,1.000000,0.000000,1.000000,3.000000,0.000000,1.000000,1553.000000,438.000000,932.000000,136.000000,161.000000,5.000000,
0.049547,0.997425,0.135876,0.083011,0.588821,0.005673,-206.980742,3.170332,1396039.485408,1161963.519230,2307280.845563,207665.546124,1090450.461022,368.076482,98.555998,210.185751,30.170203,36.204244,85.482243,23.130489,49.277999,7.039714,8.045388,523.955867,140.794283,299.690688,43.243958,51.289346,3.000000,2.000000,3.000000,0.000000,1.000000,0.000000,1.000000,2.000000,0.000000,1.000000,0.000000,1.000000,3.000000,0.000000,1.000000,1553.000000,438.000000,932.000000,136.000000,161.000000,5.000000,
0.049547,0.997425,0.135876,0.083011,0.588821,0.005673,-206.980742,3.170332,1396039.485408,1161963.519230,2307280.845563,207665.546124,1090450.461022,368.076482,98.555998,210.185751,30.170203,36.204244,85.482243,23.130489,49.277999,7.039714,8.045388,523.955867,140.794283,299.690688,43.243958,51.289346,3.000000,2.000000,3.000000,0.000000,1.000000,0.000000,1.000000,2.000000,0.000000,1.000000,0.000000,1.000000,3.000000,0.000000,1.000000,1553.000000,438.000000,932.000000,136.000000,161.000000,5.000000,
0.049547,0.997425,0.135876,0.083011,0.588821,0.005673,-206.980742,3.170332,1396039.485408,1161963.519230,2307280.845563,207665.546124,1090450.461022,368.076482,98.555998,210.185751,30.170203,36.204244,85.482243,23.130489,49.277999,7.039714,8.045388,523.955867,140.794283,299.690688,43.243958,51.289346,3.000000,2.000000,3.000000,0.000000,1.000000,0.000000,1.000000,2.000000,0.000000,1.000000,0.000000,1.000000,3.000000,0.000000,1.000000,1553.000000,438.000000,932.000000,136.000000,161.000000,5.000000,
0.049547,0.997425,0.135876,0.083011,0.588821,0.005673,-206.980742,3.170332,1396039.485408,1161963.519230,2307280.845563,207665.546124,1090450.461022,368.076482,98.555998,210.185751,30.170203,36.204244,85.482243,23.130489,49.277999,7.039714,8.045388,523.955867,140.794283,299.690688,43.243958,51.289346,3.000000,2.000000,3.000000,0.000000,1.000000,0.000000,1.000000,2.000000,0.000000,1.000000,0.000000,1.000000,3.000000,0.000000,1.000000,1553.000000,438.000000,932.000000,136.000000,161.000000,5.000000,
0.049547,0.997425,0.135876,0.083011,0.588821,0.005673,-206.980742,3.170332,1396039.485408,1161963.519230,2307280.845563,207665.546124,1090450.461022,368.076482,98.555998,210.185751,30.170203,36.204244,85.482243,23.130489,49.277999,7.039714,8.045388,523.955867,140.794283,299.690688,43.243958,51.289346,3.000000,2.000000,3.000000,0.000000,1.000000,0.000000,1.000000,2.000000,0.000000,1.000000,0.000000,1.000000,3.000000,0.000000,1.000000,1553.000000,438.000000,932.000000,136.000000,161.000000,5.000000,
0.049547,0.997425,0.135876,0.083011,0.588821,0.005673,-206.980742,3.170332,1396039.485408,1161963.519230,2307280.845563,207665.546124,1090450.461022,368.076482,98.555998,210.185751,30.170203,36.204244,85.482243,23.130489,49.277999,7.039714,8.045388,523.955867,140.794283,299.690688,43.243958,51.289346,3.000000,2.000000,3.000000,0.000000,1.000000,0.000000,1.000000,2.000000,0.000000,1.000000,0.000000,1.000000,3.000000,0.000000,1.000000,1553.000000,438.000000,932.000000,136.000000,161.000000,5.000000,
0.049547,0.997425,0.135876,0.083011,0.588821,0.005673,-206.980742,3.170332,1396039.485408,1161963.519230,2307280.845563,207665.546124,1090450.461022,368.076482,98.555998,210.185751,30.170203,36.204244,85.482243,23.130489,49.277999,7.039714,8.045388,523.955867,140.794283,299.690688,43.243958,51.289346,3.000000,2.000000,3.000000,0.000000,1.000000,0.000000,1.000000,2.000000,0.000000,1.000000,0.000000,1.000000,3.000000,0.000000,1.000000,1553.000000,438.000000,932.000000,136.000000,161.000000,5.000000,
0.049547,0.997425,0.135876,0.083011,0.588821,0.005673,-206.980742,3.170332,1396039.485408,1161963.519230,2307280.845563,207665.546124,1090450.461022,368.076482,98.555998,210.185751,30.170203,36.204244,85.482243,23.130489,49.277999,7.039714,8.045388,523.955867,140.794283,299.690688,43.243958,51.289346,3.000000,2.000000,3.000000,0.000000,1.000000,0.000000,1.000000,2.000000,0.000000,1.000000,0.000000,1.000000,3.000000,0.000000,1.000000,1553.000000,438.000000,932.000000,136.000000,161.000000,5.000000,
0.049547,0.997425,0.135876,0.083011,0.588821,0.005673,-206.980742,3.170332,1396039.485408,1161963.519230,2307280.845563,207665.546124,1090450.461022,368.076482,98.555998,210.185751,30.170203,36.204244,85.482243,23.130489,49.277999,7.039714,8.045388,523.955867,140.794283,299.690688,43.243958,51.289346,3.000000,2.000000,3.000000,0.000000,1.000000,0.000000,1.000000,2.000000,0.000000,1.000000,0.000000,1.000000,3.000000,0.000000,1.000000,1553.000000,438.000000,932.000000,136.000000,161.000000,5.000000,
0.049547,0.997425,0.135876,0.083011,0.588821,0.005673,-206.980742,3.170332,1396039.485408,1161963.519230,2307280.845563,207665.546124,1090450.461022,368.076482,98.555998,210.185751,30.170203,36.204244,85.482243,23.130489,49.277999,7.039714,8.045388,523.955867,140.794283,299.690688,43.243958,51.289346,3.000000,2.000000,3.000000,0.000000,1.000000,0.000000,1.000000,2.000000,0.000000,1.000000,0.000000,1.000000,3.000000,0.000000,1.000000,1553.000000,438.000000,932.000000,136.000000,161.000000,5.000000,
0.049547,0.997425,0.135876,0.083011,0.588821,0.005673,-206.980742,3.170332,1396039.485408,1161963.519230,2307280.845563,207665.546124,1090450.461022,368.076482,98.555998,210.185751,30.170203,36.204244,85.482243,23.130489,49.277999,7.039714,8.045388,523.955867,140.794283,299.690688,43.243958,51.289346,3.000000,2.000000,3.000000,0.000000,1.000000,0.000000,1.000000,2.000000,0.000000,1.000000,0.000000,1.000000,3.000000,0.000000,1.000000,1553.000000,438.000000,932.000000,136.000000,161.000000,5.000000,
0.049547,0.997425,0.135876,0.083011,0.588821,0.005673,-206.980742,3.170332,1396039.485408,1161963.519230,2307280.845563,207665.546124,1090450.461022,368.076482,98.555998,210.185751,30.170203,36.204244,85.482243,23.130489,49.277999,7.039714,8.045388,523.955867,140.794283,299.690688,43.243958,51.289346,3.000000,2.000000,3.000000,0.000000,1.000000,0.000000,1.000000,2.000000,0.000000,1.000000,0.000000,1.000000,3.000000,0.000000,1.000000,1553.000000,438.000000,932.000000,136.000000,161.000000,5.000000,
0.049547,0.997425,0.135876,0.083011,0.588821,0.005673,-206.980742,3.170332,1396039.485408,1161963.519230,2307280.845563,207665.546124,1090450.461022,368.076482,98.555998,210.185751,30.170203,36.204244,85.482243,23.130489,49.277999,7.039714,8.045388,523.955867,140.794283,299.690688,43.243958,51.289346,3.000000,2.000000,3.000000,0.000000,1.000000,0.000000,1.000000,2.000000,0.000000,1.000000,0.000000,1.000000,3.000000,0.000000,1.000000,1553.000000,438.000000,932.000000,136.000000,161.000000,5.000000,
0.049547,0.997425,0.135876,0.083011,0.588821,0.005673,-206.980742,3.170332,1396039.485408,1161963.519230,2307280.845563,207665.546124,1090450.461022,368.076482,98.555998,210.185751,30.170203,36.204244,85.482243,23.130489,49.277999,7.039714,8.045388,523.955867,140.794283,299.690688,43.243958,51.289346,3.000000,2.000000,3.000000,0.000000,1.000000,0.000000,1.000000,2.000000,0.000000,1.000000,0.000000,1.000000,3.000000,0.000000,1.000000,1553.000000,438.000000,932.000000,136.000000,161.000000,5.000000,
0.049547,0.997425,0.135876,0.083011,0.588821,0.005673,-206.980742,3.170332,1396039.485408,1161963.519230,2307280.845563,207665.546124,1090450.461022,368.076482,98.555998,210.185751,30.170203,36.204244,85.482243,23.130489,49.277999,7.039714,8.045388,523.955867,140.794283,299.690688,43.243958,51.289346,3.000000,2.000000,3.000000,0.000000,1.000000,0.000000,1.000000,2.000000,0.000000,1.000000,0.000000,1.000000,3.000000,0.000000,1.000000,1553.000000,438.000000,932.000000,136.000000,161.000000,5.000000,
0.049547,0.997425,0.135876,0.083011,0.588821,0.005673,-206.980742,3.170332,1396039.485408,1161963.519230,2307280.845563,207665.546124,1090450.461022,368.076482,98.555998,210.185751,30.170203,36.204244,85.482243,23.130489,49.277999,7.039714,8.045388,523.955867,140.794283,299.690688,43.243958,51.289346,3.000000,2.000000,3.000000,0.000000,1.000000,0.000000,1.000000,2.000000,0.000000,1.000000,0.000000,1.000000,3.000000,0.000000,1.000000,1553.000000,438.000000,932.000000,136.000000,161.000000,5.000000,
0.049547,0.997425,0.135876,0.083011,0.588821,0.005673,-206.980742,3.170332,1396039.485408,1161963.519230,2307280.845563,207665.546124,1090450.461022,368.076482,98.555998,210.185751,30.170203,36.204244,85.482243,23.130489,49.277999,7.039714,8.045388,523.955867,140.794283,299.690688,43.243958,51.289346,3.000000,2.000000,3.000000,0.000000,1.000000,0.000000,1.000000,2.000000,0.000000,1.000000,0.000000,1.000000,3.000000,0.000000,1.000000,1553.000000,438.000000,932.000000,136.000000,161.000000,5.000000,
0.049547,0.997425,0.135876,0.083011,0.588821,0.005673,-206.980742,3.170332,1396039.485408,1161963.519230,2307280.845563,207665.546124,1090450.461022,368.076482,98.555998,210.185751,30.170203,36.204244,85.482243,23.130489,49.277999,7.039714,8.045388,523.955867,140.794283,299.690688,43.243958,51.289346,3.000000,2.000000,3.000000,0.000000,1.000000,0.000000,1.000000,2.000000,0.000000,1.000000,0.000000,1.000000,3.000000,0.000000,1.000000,1553.000000,438.000000,932.000000,136.000000,161.000000,5.000000,
0.049547,0.997425,0.135876,0.083011,0.588821,0.005673,-206.980742,3.170332,1396039.485408,1161963.519230,2307280.845563,207665.546124,1090450.461022,368.076482,98.555998,210.185751,30.170203,36.204244,85.482243,23.130489,49.277999,7.039714,8.045388,523.955867,140.794283,299.690688,43.243958,51.289346,3.000000,2.000000,3.000000,0.000000,1.000000,0.000000,1.000000,2.000000,0.000000,1.000000,0.000000,1.000000,3.000000,0.000000,1.000000,1553.000000,438.000000,932.000000,136.000000,161.000000,5.000000,
0.049547,0.997425,0.135876,0.083011,0.588821,0.005673,-206.980742,3.170332,1396039.485408,1161963.519230,2307280.845563,207665.546124,1090450.461022,368.076482,98.555998,210.185751,30.170203,36.204244,85.482243,23.130489,49.277999,7.039714,8.045388,523.955867,140.794283,299.690688,43.243958,51.289346,3.000000,2.000000,3.000000,0.000000,1.000000,0.000000,1.000000,2.000000,0.000000,1.000000,0.000000,1.000000,3.000000,0.000000,1.000000,1553.000000,438.000000,932.000000,136.000000,161.000000,5.000000,
0.049547,0.997425,0.135876,0.083011,0.588821,0.005673,-206.980742,3.170332,1396039.485408,1161963.519230,2307280.845563,207665.546124,1090450.461022,368.076482,98.555998,210.185751,30.170203,36.204244,85.482243,23.130489,49.277999,7.039714,8.045388,523.955867,140.794283,299.690688,43.243958,51.289346,3.000000,2.000000,3.000000,0.000000,1.000000,0.000000,1.000000,2.000000,0.000000,1.000000,0.000000,1.000000,3.000000,0.000000,1.000000,1553.000000,438.000000,932.000000,136.000000,161.000000,5.000000,
0.049340,0.995072,0.143234,0.128237,0.461030,0.010258,-206.982430,3.173439,1396035.028747,1161962.322534,2307278.296279,207665.179321,1090450.025443,369.754608,99.005332,211.144025,30.307755,36.369306,85.871972,23.235945,49.502666,7.071809,8.082068,526.344674,141.436189,301.057030,43.441115,51.523183,3.000000,2.000000,3.000000,0.000000,1.000000,0.000000,1.000000,2.000000,0.000000,1.000000,0.000000,1.000000,3.000000,0.000000,1.000000,1553.000000,438.000000,932.000000,136.000000,161.000000,5.000000,
0.049340,0.995072,0.143234,0.128237,0.461030,0.010258,-206.982430,3.173439,1396035.028747,1161962.322534,2307278.296279,207665.179321,1090450.025443,369.754608,99.005332,211.144025,30.307755,36.369306,85.871972,23.235945,49.502666,7.071809,8.082068,526.344674,141.436189,301.057030,43.441115,51.523183,3.000000,2.000000,3.000000,0.000000,1.000000,0.000000,1.000000,2.000000,0.000000,1.000000,0.000000,1.000000,3.000000,0.000000,1.000000,1553.000000,438.000000,932.000000,136.000000,161.000000,5.000000,
0.049353,0.993287,0.140643,0.115491,0.507582,0.010577,-208.166136,3.168500,1396034.719026,1161962.239368,2307278.119114,207665.153829,1090449.995172,369.871231,99.036559,211.210621,30.317314,36.380777,85.899056,23.243274,49.518280,7.074040,8.084617,526.510686,141.480799,301.151986,43.454817,51.539434,3.000000,2.000000,3.000000,0.000000,1.000000,0.000000,1.000000,2.000000,0.000000,1.000000,0.000000,1.000000,3.000000,0.000000,1.000000,1553.000000,438.000000,932.000000,136.000000,161.000000,5.000000,
0.049353,0.993287,0.140643,0.115491,0.507582,0.010577,-208.166136,3.168500,1396034.719026,1161962.239368,2307278.119114,207665.153829,1090449.995172,369.871231,99.036559,211.210621,30.317314,36.380777,85.899056,23.243274,49.518280,7.074040,8.084617,526.510686,141.480799,301.151986,43.454817,51.539434,3.000000,2.000000,3.000000,0.000000,1.000000,0.000000,1.000000,2.000000,0.000000,1.000000,0.000000,1.000000,3.000000,0.000000,1.000000,1553.000000,438.000000,932.000000,136.000000,161.000000,5.000000,
0.049353,0.993287,0.140643,0.115491,0.507582,0.010577,-208.166136,3.168500,1396034.719026,1161962.239368,2307278.119114,207665.153829,1090449.995172,369.871231,99.036559,211.210621,30.317314,36.380777,85.899056,23.243274,49.518280,7.074040,8.084617,526.510686,141.480799,301.151986,43.454817,51.539434,3.000000,2.000000,3.000000,0.000000,1.000000,0.000000,1.000000,2.000000,0.000000,1.000000,0.000000,1.000000,3.000000,0.000000,1.000000,1553.000000,438.000000,932.000000,136.000000,161.000000,5.000000,
0.049353,0.993287,0.140643,0.115491,0.507582,0.010577,-208.166136,3.168500,1396034.719026,1161962.239368,2307278.119114,207665.153829,1090449.995172,369.871231,99.036559,211.210621,30.317314,36.380777,85.899056,23.243274,49.518280,7.074040,8.084617,526.510686,141.480799,301.151986,43.454817,51.539434,3.000000,2.000000,3.000000,0.000000,1.000000,0.000000,1.000000,2.000000,0.000000,1.000000,0.000000,1.000000,3.000000,0.000000,1.000000,1553.000000,438.000000,932.000000,136.000000,161.000000,5.000000,
0.049353,0.993287,0.140643,0.115491,0.507582,0.010577,-208.166136,3.168500,1396034.719026,1161962.239368,2307278.119114,207665.153829,1090449.995172,369.871231,99.036559,211.210621,30.317314,36.380777,85.899056,23.243274,49.518280,7.074040,8.084617,526.510686,141.480799,301.151986,43.454817,51.539434,3.000000,2.000000,3.000000,0.000000,1.000000,0.000000,1.000000,2.000000,0.000000,1.000000,0.000000,1.000000,3.000000,0.000000,1.000000,1553.000000,438.000000,932.000000,136.000000,161.000000,5.000000,
0.049353,0.993287,0.140643,0.115491,0.507582,0.010577,-208.166136,3.168500,1396034.719026,1161962.239368,2307278.119114,207665.153829,1090449.995172,369.871231,99.036559,211.210621,30.317314,36.380777,85.899056,23.243274,49.518280,7.074040,8.084617,526.510686,141.480799,301.151986,43.454817,51.539434,3.000000,2.000000,3.000000,0.000000,1.000000,0.000000,1.000000,2.000000,0.000000,1.000000,0.000000,1.000000,3.000000,0.000000,1.000000,1553.000000,438.000000,932.000000,136.000000,161.000000,5.000000,
0.049353,0.993287,0.140643,0.115491,0.507582,0.010577,-208.166136,3.168500,1396034.719026,1161962.239368,2307278.119114,207665.153829,1090449.995172,369.871231,99.036559,211.210621,30.317314,36.380777,85.899056,23.243274,49.518280,7.074040,8.084617,526.510686,141.480799,301.151986,43.454817,51.539434,3.000000,2.000000,3.000000,0.000000,1.000000,0.000000,1.000000,2.000000,0.000000,1.000000,0.000000,1.000000,3.000000,0.000000,1.000000,1553.000000,438.000000,932.000000,136.000000,161.000000,5.000000,
0.049353,0.993287,0.140643,0.115491,0.507582,0.010577,-208.166136,3.168500,1396034.719026,1161962.239368,2307278.119114,207665.153829,1090449.995172,369.871231,99.036559,211.210621,30.317314,36.380777,85.899056,23.243274,49.518280,7.074040,8.084617,526.510686,141.480799,301.151986,43.454817,51.539434,3.000000,2.000000,3.000000,0.000000,1.000000,0.000000,1.000000,2.000000,0.000000,1.000000,0.000000,1.000000,3.000000,0.000000,1.000000,1553.000000,438.000000,932.000000,136.000000,161.000000,5.000000,
0.049353,0.993287,0.140643,0.115491,0.507582,0.010577,-208.166136,3.168500,1396034.719026,1161962.239368,2307278.119114,207665.153829,1090449.995172,369.871231,99.036559,211.210621,30.317314,36.380777,85.899056,23.243274,49.518280,7.074040,8.084617,526.510686,141.480799,301.151986,43.454817,51.539434,3.000000,2.000000,3.000000,0.000000,1.000000,0.000000,1.000000,2.000000,0.000000,1.000000,0.000000,1.000000,3.000000,0.000000,1.000000,1553.000000,438.000000,932.000000,136.000000,161.000000,5.000000,
0.049343,0.997463,0.142776,0.124151,0.477376,0.009851,-206.442001,3.172613,1396035.424989,1161962.428932,2307278.522936,207665.211933,1090450.064171,369.605405,98.965382,211.058824,30.295525,36.354630,85.837321,23.226569,49.482691,7.068956,8.078807,526.132285,141.379117,300.935549,43.423586,51.502393,3.000000,2.000000,3.000000,0.000000,1.000000,0.000000,1.000000,2.000000,0.000000,1.000000,0.000000,1.000000,3.000000,0.000000,1.000000,1553.000000,438.000000,932.000000,136.000000,161.000000,5.000000,
0.049343,0.997463,0.142776,0.124151,0.477376,0.009851,-206.442001,3.172613,1396035.424989,1161962.428932,2307278.522936,207665.211933,1090450.064171,369.605405,98.965382,211.058824,30.295525,36.354630,85.837321,23.226569,49.482691,7.068956,8.078807,526.132285,141.379117,300.935549,43.423586,51.502393,3.000000,2.000000,3.000000,0.000000,1.000000,0.000000,1.000000,2.000000,0.000000,1.000000,0.000000,1.000000,3.000000,0.000000,1.000000,1553.000000,438.000000,932.000000,136.000000,161.000000,5.000000,
0.049343,0.997463,0.142776,0.124151,0.477376,0.009851,-206.442001,3.172613,1396035.424989,1161962.428932,2307278.522936,207665.211933,1090450.064171,369.605405,98.965382,211.058824,30.295525,36.354630,85.837321,23.226569,49.482691,7.068956,8.078807,526.132285,141.379117,300.935549,43.423586,51.502393,3.000000,2.000000,3.000000,0.000000,1.000000,0.000000,1.000000,2.000000,0.000000,1.000000,0.000000,1.000000,3.000000,0.000000,1.000000,1553.000000,438.000000,932.000000,136.000000,161.000000,5.000000,
0.049343,0.997463,0.142776,0.124151,0.477376,0.009851,-206.442001,3.172613,1396035.424989,1161962.428932,2307278.522936,207665.211933,1090450.064171,369.605405,98.965382,211.058824,30.295525,36.354630,85.837321,23.226569,49.482691,7.068956,8.078807,526.132285,141.379117,300.935549,43.423586,51.502393,3.000000,2.000000,3.000000,0.000000,1.000000,0.000000,1.000000,2.000000,0.000000,1.000000,0.000000,1.000000,3.000000,0.000000,1.000000,1553.000000,438.000000,932.000000,136.000000,161.000000,5.000000,
0.049343,0.997463,0.142776,0.124151,0.477376,0.009851,-206.442001,3.172613,1396035.424989,1161962.428932,2307278.522936,207665.211933,1090450.064171,369.605405,98.965382,211.058824,30.295525,36.354630,85.837321,23.226569,49.482691,7.068956,8.078807,526.132285,141.379117,300.935549,43.423586,51.502393,3.000000,2.000000,3.000000,0.000000,1.000000,0.000000,1.000000,2.000000,0.000000,1.000000,0.000000,1.000000,3.000000,0.000000,1.000000,1553.000000,438.000000,932.000000,136.000000,161.000000,5.000000,
0.049343,0.997463,0.142776,0.124151,0.477376,0.009851,-206.442001,3.172613,1396035.424989,1161962.428932,2307278.522936,207665.211933,1090450.064171,369.605405,98.965382,211.058824,30.295525,36.354630,85.837321,23.226569,49.482691,7.068956,8.078807,526.132285,141.379117,300.935549,43.423586,51.502393,3.000000,2.000000,3.000000,0.000000,1.000000,0.000000,1.000000,2.000000,0.000000,1.000000,0.000000,1.000000,3.000000,0.000000,1.000000,1553.000000,438.000000,932.000000,136.000000,161.000000,5.000000,
0.049343,0.997463,0.142776,0.124151,0.477376,0.009851,-206.442001,3.172613,1396035.424989,1161962.428932,2307278.522936,207665.211933,1090450.064171,369.605405,98.965382,211.058824,30.295525,36.354630,85.837321,23.226569,49.482691,7.068956,8.078807,526.132285,141.379117,300.935549,43.423586,51.502393,3.000000,2.000000,3.000000,0.000000,1.000000,0.000000,1.000000,2.000000,0.000000,1.000000,0.000000,1.000000,3.000000,0.000000,1.000000,1553.000000,438.000000,932.000000,136.000000,161.000000,5.000000,
0.049343,0.997463,0.142776,0.124151,0.477376,0.009851,-206.442001,3.172613,1396035.424989,1161962.428932,2307278.522936,207665.211933,1090450.064171,369.605405,98.965382,211.058824,30.295525,36.354630,85.837321,23.226569,49.482691,7.068956,8.078807,526.132285,141.379117,300.935549,43.423586,51.502393,3.000000,2.000000,3.000000,0.000000,1.000000,0.000000,1.000000,2.000000,0.000000,1.000000,0.000000,1.000000,3.000000,0.000000,1.000000,1553.000000,438.000000,932.000000,136.000000,161.000000,5.000000,
0.049377,0.995260,0.141699,0.119954,0.487115,0.009034,-206.853866,3.172387,1396036.219356,1161962.642234,2307278.977327,207665.277313,1090450.141809,369.306292,98.885291,210.888019,30.271008,36.325209,85.767855,23.207772,49.442646,7.063235,8.072269,525.706498,141.264702,300.692008,43.388444,51.460713,3.000000,2.000000,3.000000,0.000000,1.000000,0.000000,1.000000,2.000000,0.000000,1.000000,0.000000,1.000000,3.000000,0.000000,1.000000,1553.000000,438.000000,932.000000,136.000000,161.000000,5.000000,
0.049377,0.995260,0.141699,0.119954,0.487115,0.009034,-206.853866,3.172387,1396036.219356,1161962.642234,2307278.977327,207665.277313,1090450.141809,369.306292,98.885291,210.888019,30.271008,36.325209,85.767855,23.207772,49.442646,7.063235,8.072269,525.706498,141.264702,300.692008,43.388444,51.460713,3.000000,2.000000,3.000000,0.000000,1.000000,0.000000,1.000000,2.000000,0.000000,1.000000,0.000000,1.000000,3.000000,0.000000,1.000000,1553.000000,438.000000,932.000000,136.000000,161.000000,5.000000,
0.049377,0.995260,0.141699,0.119954,0.487115,0.009034,-206.853866,3.172387,1396036.219356,1161962.642234,2307278.977327,207665.277313,1090450.141809,369.306292,98.885291,210.888019,30.271008,36.325209,85.767855,23.207772,49.442646,7.063235,8.072269,525.706498,141.264702,300.692008,43.388444,51.460713,3.000000,2.000000,3.000000,0.000000,1.000000,0.000000,1.000000,2.000000,0.000000,1.000000,0.000000,1.000000,3.000000,0.000000,1.000000,1553.000000,438.000000,932.000000,136.000000,161.000000,5.000000,
0.049365,0.991629,0.146183,0.130508,0.427372,0.008733,-208.431358,3.181668,1396036.511474,1161962.720674,2307279.144424,207665.301356,1090450.170360,369.196297,98.855839,210.825208,30.261992,36.314390,85.742309,23.200860,49.427919,7.061131,8.069864,525.549920,141.222627,300.602449,43.375521,51.445386,3.000000,2.000000,3.000000,0.000000,1.000000,0.000000,1.000000,2.000000,0.000000,1.000000,0.000000,1.000000,3.000000,0.000000,1.000000,1553.000000,438.000000,932.000000,136.000000,161.000000,5.000000,
0.049365,0.991629,0.146183,0.130508,0.427372,0.008733,-208.431358,3.181668,1396036.511474,1161962.720674,2307279.144424,207665.301356,1090450.170360,369.196297,98.855839,210.825208,30.261992,36.314390,85.742309,23.200860,49.427919,7.061131,8.069864,525.549920,141.222627,300.602449,43.375521,51.445386,3.000000,2.000000,3.000000,0.000000,1.000000,0.000000,1.000000,2.000000,0.000000,1.000000,0.000000,1.000000,3.000000,0.000000,1.000000,1553.000000,438.000000,932.000000,136.000000,161.000000,5.000000,
0.049365,0.991629,0.146183,0.130508,0.427372,0.008733,-208.431358,3.181668,1396036.511474,1161962.720674,2307279.144424,207665.301356,1090450.170360,369.196297,98.855839,210.825208,30.261992,36.314390,85.742309,23.200860,49.427919,7.061131,8.069864,525.549920,141.222627,300.602449,43.375521,51.445386,3.000000,2.000000,3.000000,0.000000,1.000000,0.000000,1.000000,2.000000,0.000000,1.000000,0.000000,1.000000,3.000000,0.000000,1.000000,1553.000000,438.000000,932.000000,136.000000,161.000000,5.000000,
0.049365,0.991629,0.146183,0.130508,0.427372,0.008733,-208.431358,3.181668,1396036.511474,1161962.720674,2307279.144424,207665.301356,1090450.170360,369.196297,98.855839,210.825208,30.261992,36.314390,85.742309,23.200860,49.427919,7.061131,8.069864,525.549920,141.222627,300.602449,43.375521,51.445386,3.000000,2.000000,3.000000,0.000000,1.000000,0.000000,1.000000,2.000000,0.000000,1.000000,0.000000,1.000000,3.000000,0.000000,1.000000,1553.000000,438.000000,932.000000,136.000000,161.000000,5.000000,
0.049365,0.991629,0.146183,0.130508,0.427372,0.008733,-208.431358,3.181668,1396036.511474,1161962.720674,2307279.144424,207665.301356,1090450.170360,369.196297,98.855839,210.825208,30.261992,36.314390,85.742309,23.200860,49.427919,7.061131,8.069864,525.549920,141.222627,300.602449,43.375521,51.445386,3.000000,2.000000,3.000000,0.000000,1.000000,0.000000,1.000000,2.000000,0.000000,1.000000,0.000000,1.000000,3.000000,0.000000,1.000000,1553.000000,438.000000,932.000000,136.000000,161.000000,5.000000,
0.049365,0.991629,0.146183,0.130508,0.427372,0.008733,-208.431358,3.181668,1396036.511474,1161962.720674,2307279.144424,207665.301356,1090450.170360,369.196297,98.855839,210.825208,30.261992,36.314390,85.742309,23.200860,49.427919,7.061131,8.069864,525.549920,141.222627,300.602449,43.375521,51.445386,3.000000,2.000000,3.000000,0.000000,1.000000,0.000000,1.000000,2.000000,0.000000,1.000000,0.000000,1.000000,3.000000,0.000000,1.000000,1553.000000,438.000000,932.000000,136.000000,161.000000,5.000000,
0.049365,0.991629,0.146183,0.130508,0.427372,0.008733,-208.431358,3.181668,1396036.511474,1161962.720674,2307279.144424,207665.301356,1090450.170360,369.196297,98.855839,210.825208,30.261992,36.314390,85.742309,23.200860,49.427919,7.061131,8.069864,525.549920,141.222627,300.602449,43.375521,51.445386,3.000000,2.000000,3.000000,0.000000,1.000000,0.000000,1.000000,2.000000,0.000000,1.000000,0.000000,1.000000,3.000000,0.000000,1.000000,1553.000000,438.000000,932.000000,136.000000,161.000000,5.000000,
0.049365,0.991629,0.146183,0.130508,0.427372,0.008733,-208.431358,3.181668,1396036.511474,1161962.720674,2307279.144424,207665.301356,1090450.170360,369.196297,98.855839,210.825208,30.261992,36.314390,85.742309,23.200860,49.427919,7.061131,8.069864,525.549920,141.222627,300.602449,43.375521,51.445386,3.000000,2.000000,3.000000,0.000000,1.000000,0.000000,1.000000,2.000000,0.000000,1.000000,0.000000,1.000000,3.000000,0.000000,1.000000,1553.000000,438.000000,932.000000,136.000000,161.000000,5.000000,
0.049365,0.991629,0.146183,0.130508,0.427372,0.008733,-208.431358,3.181668,1396036.511474,1161962.720674,2307279.144424,207665.301356,1090450.170360,369.196297,98.855839,210.825208,30.261992,36.314390,85.742309,23.200860,49.427919,7.061131,8.069864,525.549920,141.222627,300.602449,43.375521,51.445386,3.000000,2.000000,3.000000,0.000000,1.000000,0.000000,1.000000,2.000000,0.000000,1.000000,0.000000,1.000000,3.000000,0.000000,1.000000,1553.000000,438.000000,932.000000,136.000000,161.000000,5.000000,
0.049365,0.991629,0.146183,0.130508,0.427372,0.008733,-208.431358,3.181668,1396036.511474,1161962.720674,2307279.144424,207665.301356,1090450.170360,369.196297,98.855839,210.825208,30.261992,36.314390,85.742309,23.200860,49.427919,7.061131,8.069864,525.549920,141.222627,300.602449,43.375521,51.445386,3.000000,2.000000,3.000000,0.000000,1.000000,0.000000,1.000000,2.000000,0.000000,1.000000,0.000000,1.000000,3.000000,0.000000,1.000000,1553.000000,438.000000,932.000000,136.000000,161.000000,5.000000,
0.049365,0.991629,0.146183,0.130508,0.427372,0.008733,-208.431358,3.181668,1396036.511474,1161962.720674,2307279.144424,207665.301356,1090450.170360,369.196297,98.855839,210.825208,30.261992,36.314390,85.742309,23.200860,49.427919,7.061131,8.069864,525.549920,141.222627,300.602449,43.375521,51.445386,3.000000,2.000000,3.000000,0.000000,1.000000,0.000000,1.000000,2.000000,0.000000,1.000000,0.000000,1.000000,3.000000,0.000000,1.000000,1553.000000,438.000000,932.000000,136.000000,161.000000,5.000000,
0.049365,0.991629,0.146183,0.130508,0.427372,0.008733,-208.431358,3.181668,1396036.511474,1161962.720674,2307279.144424,207665.301356,1090450.170360,369.196297,98.855839,210.825208,30.261992,36.314390,85.742309,23.200860,49.427919,7.061131,8.069864,525.549920,141.222627,300.602449,43.375521,51.445386,3.000000,2.000000,3.000000,0.000000,1.000000,0.000000,1.000000,2.000000,0.000000,1.000000,0.000000,1.000000,3.000000,0.000000,1.000000,1553.000000,438.000000,932.000000,136.000000,161.000000,5.000000,
0.049365,0.991629,0.146183,0.130508,0.427372,0.008733,-208.431358,3.181668,1396036.511474,1161962.720674,2307279.144424,207665.301356,1090450.170360,369.196297,98.855839,210.825208,30.261992,36.314390,85.742309,23.200860,49.427919,7.061131,8.069864,525.549920,141.222627,300.602449,43.375521,51.445386,3.000000,2.000000,3.000000,0.000000,1.000000,0.000000,1.000000,2.000000,0.000000,1.000000,0.000000,1.000000,3.000000,0.000000,1.000000,1553.000000,438.000000,932.000000,136.000000,161.000000,5.000000,
0.049365,0.991629,0.146183,0.130508,0.427372,0.008733,-208.431358,3.181668,1396036.511474,1161962.720674,2307279.144424,207665.301356,1090450.170360,369.196297,98.855839,210.825208,30.261992,36.314390,85.742309,23.200860,49.427919,7.061131,8.069864,525.549920,141.222627,300.602449,43.375521,51.445386,3.000000,2.000000,3.000000,0.000000,1.000000,0.000000,1.000000,2.000000,0.000000,1.000000,0.000000,1.000000,3.000000,0.000000,1.000000,1553.000000,438.000000,932.000000,136.000000,161.000000,5.000000,
0.049265,0.999021,0.149231,0.139553,0.404685,0.010260,-207.021925,3.181962,1396035.027197,1161962.322118,2307278.295392,207665.179193,1090450.025292,369.755191,99.005488,211.144358,30.307803,36.369363,85.872107,23.235982,49.502744,7.071821,8.082081,526.345505,141.436412,301.057505,43.441184,51.523264,3.000000,2.000000,3.000000,0.000000,1.000000,0.000000,1.000000,2.000000,0.000000,1.000000,0.000000,1.000000,3.000000,0.000000,1.000000,1553.000000,438.000000,932.000000,136.000000,161.000000,5.000000,
0.049265,0.999021,0.149231,0.139553,0.404685,0.010260,-207.021925,3.181962,1396035.027197,1161962.322118,2307278.295392,207665.179193,1090450.025292,369.755191,99.005488,211.144358,30.307803,36.369363,85.872107,23.235982,49.502744,7.071821,8.082081,526.345505,141.436412,301.057505,43.441184,51.523264,3.000000,2.000000,3.000000,0.000000,1.000000,0.000000,1.000000,2.000000,0.000000,1.000000,0.000000,1.000000,3.000000,0.000000,1.000000,1553.000000,438.000000,932.000000,136.000000,161.000000,5.000000,
0.049265,0.999021,0.149231,0.139553,0.404685,0.010260,-207.021925,3.181962,1396035.027197,1161962.322118,2307278.295392,207665.179193,1090450.025292,369.755191,99.005488,211.144358,30.307803,36.369363,85.872107,23.235982,49.502744,7.071821,8.082081,526.345505,141.436412,301.057505,43.441184,51.523264,3.000000,2.000000,3.000000,0.000000,1.000000,0.000000,1.000000,2.000000,0.000000,1.000000,0.000000,1.000000,3.000000,0.000000,1.000000,1553.000000,438.000000,932.000000,136.000000,161.000000,5.000000,
0.049265,0.999021,0.149231,0.139553,0.404685,0.010260,-207.021925,3.181962,1396035.027197,1161962.322118,2307278.295392,207665.179193,1090450.025292,369.755191,99.005488,211.144358,30.307803,36.369363,85.872107,23.235982,49.502744,7.071821,8.082081,526.345505,141.436412,301.057505,43.441184,51.523264,3.000000,2.000000,3.000000,0.000000,1.000000,0.000000,1.000000,2.000000,0.000000,1.000000,0.000000,1.000000,3.000000,0.000000,1.000000,1553.000000,438.000000,932.000000,136.000000,161.000000,5.000000,
0.049265,0.999021,0.149231,0.139553,0.404685,0.010260,-207.021925,3.181962,1396035.027197,1161962.322118,2307278.295392,207665.179193,1090450.025292,369.755191,99.005488,211.144358,30.307803,36.369363,85.872107,23.235982,49.502744,7.071821,8.082081,526.345505,141.436412,301.057505,43.441184,51.523264,3.000000,2.000000,3.000000,0.000000,1.000000,0.000000,1.000000,2.000000,0.000000,1.000000,0.000000,1.000000,3.000000,0.000000,1.000000,1553.000000,438.000000,932.000000,136.000000,161.000000,5.000000,
0.049265,0.999021,0.149231,0.139553,0.404685,0.010260,-207.021925,3.181962,1396035.027197,1161962.322118,2307278.295392,207665.179193,1090450.025292,369.755191,99.005488,211.144358,30.307803,36.369363,85.872107,23.235982,49.502744,7.071821,8.082081,526.345505,141.436412,301.057505,43.441184,51.523264,3.000000,2.000000,3.000000,0.000000,1.000000,0.000000,1.000000,2.000000,0.000000,1.000000,0.000000,1.000000,3.000000,0.000000,1.000000,1553.000000,438.000000,932.000000,136.000000,161.000000,5.000000,
0.049265,0.999021,0.149231,0.139553,0.404685,0.010260,-207.021925,3.181962,1396035.027197,1161962.322118,2307278.295392,207665.179193,1090450.025292,369.755191,99.005488,211.144358,30.307803,36.369363,85.872107,23.235982,49.502744,7.071821,8.082081,526.345505,141.436412,301.057505,43.441184,51.523264,3.000000,2.000000,3.000000,0.000000,1.000000,0.000000,1.000000,2.000000,0.000000,1.000000,0.000000,1.000000,3.000000,0.000000,1.000000,1553.000000,438.000000,932.000000,136.000000,161.000000,5.000000,
0.049265,0.999021,0.149231,0.139553,0.404685,0.010260,-207.021925,3.181962,1396035.027197,1161962.322118,2307278.295392,207665.179193,1090450.025292,369.755191,99.005488,211.144358,30.307803,36.369363,85.872107,23.235982,49.502744,7.071821,8.082081,526.345505,141.436412,301.057505,43.441184,51.523264,3.000000,2.000000,3.000000,0.000000,1.000000,0.000000,1.000000,2.000000,0.000000,1.000000,0.000000,1.000000,3.000000,0.000000,1.000000,1553.000000,438.000000,932.000000,136.000000,161.000000,5.000000,
0.049265,0.999021,0.149231,0.139553,0.404685,0.010260,-207.021925,3.181962,1396035.027197,1161962.322118,2307278.295392,207665.179193,1090450.025292,369.755191,99.005488,211.144358,30.307803,36.369363,85.872107,23.235982,49.502744,7.071821,8.082081,526.345505,141.436412,301.057505,43.441184,51.523264,3.000000,2.000000,3.000000,0.000000,1.000000,0.000000,1.000000,2.000000,0.000000,1.000000,0.000000,1.000000,3.000000,0.000000,1.000000,1553.000000,438.000000,932.000000,136.000000,161.000000,5.000000,
0.049265,0.999021,0.149231,0.139553,0.404685,0.010260,-207.021925,3.181962,1396035.027197,1161962.322118,2307278.295392,207665.179193,1090450.025292,369.755191,99.005488,211.144358,30.307803,36.369363,85.872107,23.235982,49.502744,7.071821,8.082081,526.345505,141.436412,301.057505,43.441184,51.523264,3.000000,2.000000,3.000000,0.000000,1.000000,0.000000,1.000000,2.000000,0.000000,1.000000,0.000000,1.000000,3.000000,0.000000,1.000000,1553.000000,438.000000,932.000000,136.000000,161.000000,5.000000,
0.049265,0.999021,0.149231,0.139553,0.404685,0.010260,-207.021925,3.181962,1396035.027197,1161962.322118,2307278.295392,207665.179193,1090450.025292,369.755191,99.005488,211.144358,30.307803,36.369363,85.872107,23.235982,49.502744,7.071821,8.082081,526.345505,141.436412,301.057505,43.441184,51.523264,3.000000,2.000000,3.000000,0.000000,1.000000,0.000000,1.000000,2.000000,0.000000,1.000000,0.000000,1.000000,3.000000,0.000000,1.000000,1553.000000,438.000000,932.000000,136.000000,161.000000,5.000000,
0.049265,0.999021,0.149231,0.139553,0.404685,0.010260,-207.021925,3.181962,1396035.027197,1161962.322118,2307278.295392,207665.179193,1090450.025292,369.755191,99.005488,211.144358,30.307803,36.369363,85.872107,23.235982,49.502744,7.071821,8.082081,526.345505,141.436412,301.057505,43.441184,51.523264,3.000000,2.000000,3.000000,0.000000,1.000000,0.000000,1.000000,2.000000,0.000000,1.000000,0.000000,1.000000,3.000000,0.000000,1.000000,1553.000000,438.000000,932.000000,136.000000,161.000000,5.000000,
0.049265,0.999021,0.149231,0.139553,0.404685,0.010260,-207.021925,3.181962,1396035.027197,1161962.322118,2307278.295392,207665.179193,1090450.025292,369.755191,99.005488,211.144358,30.307803,36.369363,85.872107,23.235982,49.502744,7.071821,8.082081,526.345505,141.436412,301.057505,43.441184,51.523264,3.000000,2.000000,3.000000,0.000000,1.000000,0.000000,1.000000,2.000000,0.000000,1.000000,0.000000,1.000000,3.000000,0.000000,1.000000,1553.000000,438.000000,932.000000,136.000000,161.000000,5.000000,
0.049265,0.999021,0.149231,0.139553,0.404685,0.010260,-207.021925,3.181962,1396035.027197,1161962.322118,2307278.295392,207665.179193,1090450.025292,369.755191,99.005488,211.144358,30.307803,36.369363,85.872107,23.235982,49.502744,7.071821,8.082081,526.345505,141.436412,301.057505,43.441184,51.523264,3.000000,2.000000,3.000000,0.000000,1.000000,0.000000,1.000000,2.000000,0.000000,1.000000,0.000000,1.000000,3.000000,0.000000,1.000000,1553.000000,438.000000,932.000000,136.000000,161.000000,5.000000,
0.049265,0.999021,0.149231,0.139553,0.404685,0.010260,-207.021925,3.181962,1396035.027197,1161962.322118,2307278.295392,207665.179193,1090450.025292,369.755191,99.005488,211.144358,30.307803,36.369363,85.872107,23.235982,49.502744,7.071821,8.082081,526.345505,141.436412,301.057505,43.441184,51.523264,3.000000,2.000000,3.000000,0.000000,1.000000,0.000000,1.000000,2.000000,0.000000,1.000000,0.000000,1.000000,3.000000,0.000000,1.000000,1553.000000,438.000000,932.000000,136.000000,161.000000,5.000000,
0.049265,0.999021,0.149231,0.139553,0.404685,0.010260,-207.021925,3.181962,1396035.027197,1161962.322118,2307278.295392,207665.179193,1090450.025292,369.755191,99.005488,211.144358,30.307803,36.369363,85.872107,23.235982,49.502744,7.071821,8.082081,526.345505,141.436412,301.057505,43.441184,51.523264,3.000000,2.000000,3.000000,0.000000,1.000000,0.000000,1.000000,2.000000,0.000000,1.000000,0.000000,1.000000,3.000000,0.000000,1.000000,1553.000000,438.000000,932.000000,136.000000,161.000000,5.000000,
0.049265,0.999021,0.149231,0.139553,0.404685,0.010260,-207.021925,3.181962,1396035.027197,1161962.322118,2307278.295392,207665.179193,1090450.025292,369.755191,99.005488,211.144358,30.307803,36.369363,85.872107,23.235982,49.502744,7.071821,8.082081,526.345505,141.436412,301.057505,43.441184,51.523264,3.000000,2.000000,3.000000,0.000000,1.000000,0.000000,1.000000,2.000000,0.000000,1.000000,0.000000,1.000000,3.000000,0.000000,1.000000,1553.000000,438.000000,932.000000,136.000000,161.000000,5.000000,
0.049265,0.999021,0.149231,0.139553,0.404685,0.010260,-207.021925,3.181962,1396035.027197,1161962.322118,2307278.295392,207665.179193,1090450.025292,369.755191,99.005488,211.144358,30.307803,36.369363,85.872107,23.235982,49.502744,7.071821,8.082081,526.345505,141.436412,301.057505,43.441184,51.523264,3.000000,2.000000,3.000000,0.000000,1.000000,0.000000,1.000000,2.000000,0.000000,1.000000,0.000000,1.000000,3.000000,0.000000,1.000000,1553.000000,438.000000,932.000000,136.000000,161.000000,5.000000,
0.049265,0.999021,0.149231,0.139553,0.404685,0.010260,-207.021925,3.181962,1396035.027197,1161962.322118,2307278.295392,207665.179193,1090450.025292,369.755191,99.005488,211.144358,30.307803,36.369363,85.872107,23.235982,49.502744,7.071821,8.082081,526.345505,141.436412,301.057505,43.441184,51.523264,3.000000,2.000000,3.000000,0.000000,1.000000,0.000000,1.000000,2.000000,0.000000,1.000000,0.000000,1.000000,3.000000,0.000000,1.000000,1553.000000,438.000000,932.000000,136.000000,161.000000,5.000000,
0.049265,0.999021,0.149231,0.139553,0.404685,0.010260,-207.021925,3.181962,1396035.027197,1161962.322118,2307278.295392,207665.179193,1090450.025292,369.755191,99.005488,211.144358,30.307803,36.369363,85.872107,23.235982,49.502744,7.071821,8.082081,526.345505,141.436412,301.057505,43.441184,51.523264,3.000000,2.000000,3.000000,0.000000,1.000000,0.000000,1.000000,2.000000,0.000000,1.000000,0.000000,1.000000,3.000000,0.000000,1.000000,1553.000000,438.000000,932.000000,136.000000,161.000000,5.000000,
0.049265,0.999021,0.149231,0.139553,0.404685,0.010260,-207.021925,3.181962,1396035.027197,1161962.322118,2307278.295392,207665.179193,1090450.025292,369.755191,99.005488,211.144358,30.307803,36.369363,85.872107,23.235982,49.502744,7.071821,8.082081,526.345505,141.436412,301.057505,43.441184,51.523264,3.000000,2.000000,3.000000,0.000000,1.000000,0.000000,1.000000,2.000000,0.000000,1.000000,0.000000,1.000000,3.000000,0.000000,1.000000,1553.000000,438.000000,932.000000,136.000000,161.000000,5.000000,
0.049265,0.999021,0.149231,0.139553,0.404685,0.010260,-207.021925,3.181962,1396035.027197,1161962.322118,2307278.295392,207665.179193,1090450.025292,369.755191,99.005488,211.144358,30.307803,36.369363,85.872107,23.235982,49.502744,7.071821,8.082081,526.345505,141.436412,301.057505,43.441184,51.523264,3.000000,2.000000,3.000000,0.000000,1.000000,0.000000,1.000000,2.000000,0.000000,1.000000,0.000000,1.000000,3.000000,0.000000,1.000000,1553.000000,438.000000,932.000000,136.000000,161.000000,5.000000,
0.049265,0.999021,0.149231,0.139553,0.404685,0.010260,-207.021925,3.181962,1396035.027197,1161962.322118,2307278.295392,207665.179193,1090450.025292,369.755191,99.005488,211.144358,30.307803,36.369363,85.872107,23.235982,49.502744,7.071821,8.082081,526.345505,141.436412,301.057505,43.441184,51.523264,3.000000,2.000000,3.000000,0.000000,1.000000,0.000000,1.000000,2.000000,0.000000,1.000000,0.000000,1.000000,3.000000,0.000000,1.000000,1553.000000,438.000000,932.000000,136.000000,161.000000,5.000000,
0.049265,0.999021,0.149231,0.139553,0.404685,0.010260,-207.021925,3.181962,1396035.027197,1161962.322118,2307278.295392,207665.179193,1090450.025292,369.755191,99.005488,211.144358,30.307803,36.369363,85.872107,23.235982,49.502744,7.071821,8.082081,526.345505,141.436412,301.057505,43.441184,51.523264,3.000000,2.000000,3.000000,0.000000,1.000000,0.000000,1.000000,2.000000,0.000000,1.000000,0.000000,1.000000,3.000000,0.000000,1.000000,1553.000000,438.000000,932.000000,136.000000,161.000000,5.000000,
0.049265,0.999021,0.149231,0.139553,0.404685,0.010260,-207.021925,3.181962,1396035.027197,1161962.322118,2307278.295392,207665.179193,1090450.025292,369.755191,99.005488,211.144358,30.307803,36.369363,85.872107,23.235982,49.502744,7.071821,8.082081,526.345505,141.436412,301.057505,43.441184,51.523264,3.000000,2.000000,3.000000,0.000000,1.000000,0.000000,1.000000,2.000000,0.000000,1.000000,0.000000,1.000000,3.000000,0.000000,1.000000,1553.000000,438.000000,932.000000,136.000000,161.000000,5.000000,
0.049265,0.999021,0.149231,0.139553,0.404685,0.010260,-207.021925,3.181962,1396035.027197,1161962.322118,2307278.295392,207665.179193,1090450.025292,369.755191,99.005488,211.144358,30.307803,36.369363,85.872107,23.235982,49.502744,7.071821,8.082081,526.345505,141.436412,301.057505,43.441184,51.523264,3.000000,2.000000,3.000000,0.000000,1.000000,0.000000,1.000000,2.000000,0.000000,1.000000,0.000000,1.000000,3.000000,0.000000,1.000000,1553.000000,438.000000,932.000000,136.000000,161.000000,5.000000,
0.049265,0.999021,0.149231,0.139553,0.404685,0.010260,-207.021925,3.181962,1396035.027197,1161962.322118,2307278.295392,207665.179193,1090450.025292,369.755191,99.005488,211.144358,30.307803,36.369363,85.872107,23.235982,49.502744,7.071821,8.082081,526.345505,141.436412,301.057505,43.441184,51.523264,3.000000,2.000000,3.000000,0.000000,1.000000,0.000000,1.000000,2.000000,0.000000,1.000000,0.000000,1.000000,3.000000,0.000000,1.000000,1553.000000,438.000000,932.000000,136.000000,161.000000,5.000000,
0.049265,0.999021,0.149231,0.139553,0.404685,0.010260,-207.021925,3.181962,1396035.027197,1161962.322118,2307278.295392,207665.179193,1090450.025292,369.755191,99.005488,211.144358,30.307803,36.369363,85.872107,23.235982,49.502744,7.071821,8.082081,526.345505,141.436412,301.057505,43.441184,51.523264,3.000000,2.000000,3.000000,0.000000,1.000000,0.000000,1.000000,2.000000,0.000000,1.000000,0.000000,1.000000,3.000000,0.000000,1.000000,1553.000000,438.000000,932.000000,136.000000,161.000000,5.000000,
0.049265,0.999021,0.149231,0.139553,0.404685,0.010260,-207.021925,3.181962,1396035.027197,1161962.322118,2307278.295392,207665.179193,1090450.025292,369.755191,99.005488,211.144358,30.307803,36.369363,85.872107,23.235982,49.502744,7.071821,8.082081,526.345505,141.436412,301.057505,43.441184,51.523264,3.000000,2.000000,3.000000,0.000000,1.000000,0.000000,1.000000,2.000000,0.000000,1.000000,0.000000,1.000000,3.000000,0.000000,1.000000,1553.000000,438.000000,932.000000,136.000000,161.000000,5.000000,
0.049265,0.999021,0.149231,0.139553,0.404685,0.010260,-207.021925,3.181962,1396035.027197,1161962.322118,2307278.295392,207665.179193,1090450.025292,369.755191,99.005488,211.144358,30.307803,36.369363,85.872107,23.235982,49.502744,7.071821,8.082081,526.345505,141.436412,301.057505,43.441184,51.523264,3.000000,2.000000,3.000000,0.000000,1.000000,0.000000,1.000000,2.000000,0.000000,1.000000,0.000000,1.000000,3.000000,0.000000,1.000000,1553.000000,438.000000,932.000000,136.000000,161.000000,5.000000,
0.049265,0.999021,0.149231,0.139553,0.404685,0.010260,-207.021925,3.181962,1396035.027197,1161962.322118,2307278.295392,207665.179193,1090450.025292,369.755191,99.005488,211.144358,30.307803,36.369363,85.872107,23.235982,49.502744,7.071821,8.082081,526.345505,141.436412,301.057505,43.441184,51.523264,3.000000,2.000000,3.000000,0.000000,1.000000,0.000000,1.000000,2.000000,0.000000,1.000000,0.000000,1.000000,3.000000,0.000000,1.000000,1553.000000,438.000000,932.000000,136.000000,161.000000,5.000000,
0.049265,0.999021,0.149231,0.139553,0.404685,0.010260,-207.021925,3.181962,1396035.027197,1161962.322118,2307278.295392,207665.179193,1090450.025292,369.755191,99.005488,211.144358,30.307803,36.369363,85.872107,23.235982,49.502744,7.071821,8.082081,526.345505,141.436412,301.057505,43.441184,51.523264,3.000000,2.000000,3.000000,0.000000,1.000000,0.000000,1.000000,2.000000,0.000000,1.000000,0.000000,1.000000,3.000000,0.000000,1.000000,1553.000000,438.000000,932.000000,136.000000,161.000000,5.000000,
0.049265,0.999021,0.149231,0.139553,0.404685,0.010260,-207.021925,3.181962,1396035.027197,1161962.322118,2307278.295392,207665.179193,1090450.025292,369.755191,99.005488,211.144358,30.307803,36.369363,85.872107,23.235982,49.502744,7.071821,8.082081,526.345505,141.436412,301.057505,43.441184,51.523264,3.000000,2.000000,3.000000,0.000000,1.000000,0.000000,1.000000,2.000000,0.000000,1.000000,0.000000,1.000000,3.000000,0.000000,1.000000,1553.000000,438.000000,932.000000,136.000000,161.000000,5.000000,
0.049265,0.999021,0.149231,0.139553,0.404685,0.010260,-207.021925,3.181962,1396035.027197,1161962.322118,2307278.295392,207665.179193,1090450.025292,369.755191,99.005488,211.144358,30.307803,36.369363,85.872107,23.235982,49.502744,7.071821,8.082081,526.345505,141.436412,301.057505,43.441184,51.523264,3.000000,2.000000,3.000000,0.000000,1.000000,0.000000,1.000000,2.000000,0.000000,1.000000,0.000000,1.000000,3.000000,0.000000,1.000000,1553.000000,438.000000,932.000000,136.000000,161.000000,5.000000,
0.049265,0.999021,0.149231,0.139553,0.404685,0.010260,-207.021925,3.181962,1396035.027197,1161962.322118,2307278.295392,207665.179193,1090450.025292,369.755191,99.005488,211.144358,30.307803,36.369363,85.872107,23.235982,49.502744,7.071821,8.082081,526.345505,141.436412,301.057505,43.441184,51.523264,3.000000,2.000000,3.000000,0.000000,1.000000,0.000000,1.000000,2.000000,0.000000,1.000000,0.000000,1.000000,3.000000,0.000000,1.000000,1553.000000,438.000000,932.000000,136.000000,161.000000,5.000000,
0.049265,0.999021,0.149231,0.139553,0.404685,0.010260,-207.021925,3.181962,1396035.027197,1161962.322118,2307278.295392,207665.179193,1090450.025292,369.755191,99.005488,211.144358,30.307803,36.369363,85.872107,23.235982,49.502744,7.071821,8.082081,526.345505,141.436412,301.057505,43.441184,51.523264,3.000000,2.000000,3.000000,0.000000,1.000000,0.000000,1.000000,2.000000,0.000000,1.000000,0.000000,1.000000,3.000000,0.000000,1.000000,1553.000000,438.000000,932.000000,136.000000,161.000000,5.000000,
0.049265,0.999021,0.149231,0.139553,0.404685,0.010260,-207.021925,3.181962,1396035.027197,1161962.322118,2307278.295392,207665.179193,1090450.025292,369.755191,99.005488,211.144358,30.307803,36.369363,85.872107,23.235982,49.502744,7.071821,8.082081,526.345505,141.436412,301.057505,43.441184,51.523264,3.000000,2.000000,3.000000,0.000000,1.000000,0.000000,1.000000,2.000000,0.000000,1.000000,0.000000,1.000000,3.000000,0.000000,1.000000,1553.000000,438.000000,932.000000,136.000000,161.000000,5.000000,
0.049265,0.999021,0.149231,0.139553,0.404685,0.010260,-207.021925,3.181962,1396035.027197,1161962.322118,2307278.295392,207665.179193,1090450.025292,369.755191,99.005488,211.144358,30.307803,36.369363,85.872107,23.235982,49.502744,7.071821,8.082081,526.345505,141.436412,301.057505,43.441184,51.523264,3.000000,2.000000,3.000000,0.000000,1.000000,0.000000,1.000000,2.000000,0.000000,1.000000,0.000000,1.000000,3.000000,0.000000,1.000000,1553.000000,438.000000,932.000000,136.000000,161.000000,5.000000,
0.049265,0.999021,0.149231,0.139553,0.404685,0.010260,-207.021925,3.181962,1396035.027197,1161962.322118,2307278.295392,207665.179193,1090450.025292,369.755191,99.005488,211.144358,30.307803,36.369363,85.872107,23.235982,49.502744,7.071821,8.082081,526.345505,141.436412,301.057505,43.441184,51.523264,3.000000,2.000000,3.000000,0.000000,1.000000,0.000000,1.000000,2.000000,0.000000,1.000000,0.000000,1.000000,3.000000,0.000000,1.000000,1553.000000,438.000000,932.000000,136.000000,161.000000,5.000000,
0.049265,0.999021,0.149231,0.139553,0.404685,0.010260,-207.021925,3.181962,1396035.027197,1161962.322118,2307278.295392,207665.179193,1090450.025292,369.755191,99.005488,211.144358,30.307803,36.369363,85.872107,23.235982,49.502744,7.071821,8.082081,526.345505,141.436412,301.057505,43.441184,51.523264,3.000000,2.000000,3.000000,0.000000,1.000000,0.000000,1.000000,2.000000,0.000000,1.000000,0.000000,1.000000,3.000000,0.000000,1.000000,1553.000000,438.000000,932.000000,136.000000,161.000000,5.000000,
0.049265,0.999021,0.149231,0.139553,0.404685,0.010260,-207.021925,3.181962,1396035.027197,1161962.322118,2307278.295392,207665.179193,1090450.025292,369.755191,99.005488,211.144358,30.307803,36.369363,85.872107,23.235982,49.502744,7.071821,8.082081,526.345505,141.436412,301.057505,43.441184,51.523264,3.000000,2.000000,3.000000,0.000000,1.000000,0.000000,1.000000,2.000000,0.000000,1.000000,0.000000,1.000000,3.000000,0.000000,1.000000,1553.000000,438.000000,932.000000,136.000000,161.000000,5.000000,
0.049265,0.999021,0.149231,0.139553,0.404685,0.010260,-207.021925,3.181962,1396035.027197,1161962.322118,2307278.295392,207665.179193,1090450.025292,369.755191,99.005488,211.144358,30.307803,36.369363,85.872107,23.235982,49.502744,7.071821,8.082081,526.345505,141.436412,301.057505,43.441184,51.523264,3.000000,2.000000,3.000000,0.000000,1.000000,0.000000,1.000000,2.000000,0.000000,1.000000,0.000000,1.000000,3.000000,0.000000,1.000000,1553.000000,438.000000,932.000000,136.000000,161.000000,5.000000,
0.049265,0.999021,0.149231,0.139553,0.404685,0.010260,-207.021925,3.181962,1396035.027197,1161962.322118,2307278.295392,207665.179193,1090450.025292,369.755191,99.005488,211.144358,30.307803,36.369363,85.872107,23.235982,49.502744,7.071821,8.082081,526.345505,141.436412,301.057505,43.441184,51.523264,3.000000,2.000000,3.000000,0.000000,1.000000,0.000000,1.000000,2.000000,0.000000,1.000000,0.000000,1.000000,3.000000,0.000000,1.000000,1553.000000,438.000000,932.000000,136.000000,161.000000,5.000000,
0.049265,0.999021,0.149231,0.139553,0.404685,0.010260,-207.021925,3.181962,1396035.027197,1161962.322118,2307278.295392,207665.179193,1090450.025292,369.755191,99.005488,211.144358,30.307803,36.369363,85.872107,23.235982,49.502744,7.071821,8.082081,526.345505,141.436412,301.057505,43.441184,51.523264,3.000000,2.000000,3.000000,0.000000,1.000000,0.000000,1.000000,2.000000,0.000000,1.000000,0.000000,1.000000,3.000000,0.000000,1.000000,1553.000000,438.000000,932.000000,136.000000,161.000000,5.000000,
0.049265,0.999021,0.149231,0.139553,0.404685,0.010260,-207.021925,3.181962,1396035.027197,1161962.322118,2307278.295392,207665.179193,1090450.025292,369.755191,99.005488,211.144358,30.307803,36.369363,85.872107,23.235982,49.502744,7.071821,8.082081,526.345505,141.436412,301.057505,43.441184,51.523264,3.000000,2.000000,3.000000,0.000000,1.000000,0.000000,1.000000,2.000000,0.000000,1.000000,0.000000,1.000000,3.000000,0.000000,1.000000,1553.000000,438.000000,932.000000,136.000000,161.000000,5.000000,
0.049265,0.999021,0.149231,0.139553,0.404685,0.010260,-207.021925,3.181962,1396035.027197,1161962.322118,2307278.295392,207665.179193,1090450.025292,369.755191,99.005488,211.144358,30.307803,36.369363,85.872107,23.235982,49.502744,7.071821,8.082081,526.345505,141.436412,301.057505,43.441184,51.523264,3.000000,2.000000,3.000000,0.000000,1.000000,0.000000,1.000000,2.000000,0.000000,1.000000,0.000000,1.000000,3.000000,0.000000,1.000000,1553.000000,438.000000,932.000000,136.000000,161.000000,5.000000,
0.049265,0.999021,0.149231,0.139553,0.404685,0.010260,-207.021925,3.181962,1396035.027197,1161962.322118,2307278.295392,207665.179193,1090450.025292,369.755191,99.005488,211.144358,30.307803,36.369363,85.872107,23.235982,49.502744,7.071821,8.082081,526.345505,141.436412,301.057505,43.441184,51.523264,3.000000,2.000000,3.000000,0.000000,1.000000,0.000000,1.000000,2.000000,0.000000,1.000000,0.000000,1.000000,3.000000,0.000000,1.000000,1553.000000,438.000000,932.000000,136.000000,161.000000,5.000000,
0.049265,0.999021,0.149231,0.139553,0.404685,0.010260,-207.021925,3.181962,1396035.027197,1161962.322118,2307278.295392,207665.179193,1090450.025292,369.755191,99.005488,211.144358,30.307803,36.369363,85.872107,23.235982,49.502744,7.071821,8.082081,526.345505,141.436412,301.057505,43.441184,51.523264,3.000000,2.000000,3.000000,0.000000,1.000000,0.000000,1.000000,2.000000,0.000000,1.000000,0.000000,1.000000,3.000000,0.000000,1.000000,1553.000000,438.000000,932.000000,136.000000,161.000000,5.000000,
0.049265,0.999021,0.149231,0.139553,0.404685,0.010260,-207.021925,3.181962,1396035.027197,1161962.322118,2307278.295392,207665.179193,1090450.025292,369.755191,99.005488,211.144358,30.307803,36.369363,85.872107,23.235982,49.502744,7.071821,8.082081,526.345505,141.436412,301.057505,43.441184,51.523264,3.000000,2.000000,3.000000,0.000000,1.000000,0.000000,1.000000,2.000000,0.000000,1.000000,0.000000,1.000000,3.000000,0.000000,1.000000,1553.000000,438.000000,932.000000,136.000000,161.000000,5.000000,
0.049265,0.999021,0.149231,0.139553,0.404685,0.010260,-207.021925,3.181962,1396035.027197,1161962.322118,2307278.295392,207665.179193,1090450.025292,369.755191,99.005488,211.144358,30.307803,36.369363,85.872107,23.235982,49.502744,7.071821,8.082081,526.345505,141.436412,301.057505,43.441184,51.523264,3.000000,2.000000,3.000000,0.000000,1.000000,0.000000,1.000000,2.000000,0.000000,1.000000,0.000000,1.000000,3.000000,0.000000,1.000000,1553.000000,438.000000,932.000000,136.000000,161.000000,5.000000,
0.049265,0.999021,0.149231,0.139553,0.404685,0.010260,-207.021925,3.181962,1396035.027197,1161962.322118,2307278.295392,207665.179193,1090450.025292,369.755191,99.005488,211.144358,30.307803,36.369363,85.872107,23.235982,49.502744,7.071821,8.082081,526.345505,141.436412,301.057505,43.441184,51.523264,3.000000,2.000000,3.000000,0.000000,1.000000,0.000000,1.000000,2.000000,0.000000,1.000000,0.000000,1.000000,3.000000,0.000000,1.000000,1553.000000,438.000000,932.000000,136.000000,161.000000,5.000000,
0.049265,0.999021,0.149231,0.139553,0.404685,0.010260,-207.021925,3.181962,1396035.027197,1161962.322118,2307278.295392,207665.179193,1090450.025292,369.755191,99.005488,211.144358,30.307803,36.369363,85.872107,23.235982,49.502744,7.071821,8.082081,526.345505,141.436412,301.057505,43.441184,51.523264,3.000000,2.000000,3.000000,0.000000,1.000000,0.000000,1.000000,2.000000,0.000000,1.000000,0.000000,1.000000,3.000000,0.000000,1.000000,1553.000000,438.000000,932.000000,136.000000,161.000000,5.000000,
0.049265,0.999021,0.149231,0.139553,0.404685,0.010260,-207.021925,3.181962,1396035.027197,1161962.322118,2307278.295392,207665.179193,1090450.025292,369.755191,99.005488,211.144358,30.307803,36.369363,85.872107,23.235982,49.502744,7.071821,8.082081,526.345505,141.436412,301.057505,43.441184,51.523264,3.000000,2.000000,3.000000,0.000000,1.000000,0.000000,1.000000,2.000000,0.000000,1.000000,0.000000,1.000000,3.000000,0.000000,1.000000,1553.000000,438.000000,932.000000,136.000000,161.000000,5.000000,
0.049265,0.999021,0.149231,0.139553,0.404685,0.010260,-207.021925,3.181962,1396035.027197,1161962.322118,2307278.295392,207665.179193,1090450.025292,369.755191,99.005488,211.144358,30.307803,36.369363,85.872107,23.235982,49.502744,7.071821,8.082081,526.345505,141.436412,301.057505,43.441184,51.523264,3.000000,2.000000,3.000000,0.000000,1.000000,0.000000,1.000000,2.000000,0.000000,1.000000,0.000000,1.000000,3.000000,0.000000,1.000000,1553.000000,438.000000,932.000000,136.000000,161.000000,5.000000,
0.049265,0.999021,0.149231,0.139553,0.404685,0.010260,-207.021925,3.181962,1396035.027197,1161962.322118,2307278.295392,207665.179193,1090450.025292,369.755191,99.005488,211.144358,30.307803,36.369363,85.872107,23.235982,49.502744,7.071821,8.082081,526.345505,141.436412,301.057505,43.441184,51.523264,3.000000,2.000000,3.000000,0.000000,1.000000,0.000000,1.000000,2.000000,0.000000,1.000000,0.000000,1.000000,3.000000,0.000000,1.000000,1553.000000,438.000000,932.000000,136.000000,161.000000,5.000000,
0.049265,0.999021,0.149231,0.139553,0.404685,0.010260,-207.021925,3.181962,1396035.027197,1161962.322118,2307278.295392,207665.179193,1090450.025292,369.755191,99.005488,211.144358,30.307803,36.369363,85.872107,23.235982,49.502744,7.071821,8.082081,526.345505,141.436412,301.057505,43.441184,51.523264,3.000000,2.000000,3.000000,0.000000,1.000000,0.000000,1.000000,2.000000,0.000000,1.000000,0.000000,1.000000,3.000000,0.000000,1.000000,1553.000000,438.000000,932.000000,136.000000,161.000000,5.000000,
0.049265,0.999021,0.149231,0.139553,0.404685,0.010260,-207.021925,3.181962,1396035.027197,1161962.322118,2307278.295392,207665.179193,1090450.025292,369.755191,99.005488,211.144358,30.307803,36.369363,85.872107,23.235982,49.502744,7.071821,8.082081,526.345505,141.436412,301.057505,43.441184,51.523264,3.000000,2.000000,3.000000,0.000000,1.000000,0.000000,1.000000,2.000000,0.000000,1.000000,0.000000,1.000000,3.000000,0.000000,1.000000,1553.000000,438.000000,932.000000,136.000000,161.000000,5.000000,
0.049265,0.999021,0.149231,0.139553,0.404685,0.010260,-207.021925,3.181962,1396035.027197,1161962.322118,2307278.295392,207665.179193,1090450.025292,369.755191,99.005488,211.144358,30.307803,36.369363,85.872107,23.235982,49.502744,7.071821,8.082081,526.345505,141.436412,301.057505,43.441184,51.523264,3.000000,2.000000,3.000000,0.000000,1.000000,0.000000,1.000000,2.000000,0.000000,1.000000,0.000000,1.000000,3.000000,0.000000,1.000000,1553.000000,438.000000,932.000000,136.000000,161.000000,5.000000,
0.049265,0.999021,0.149231,0.139553,0.404685,0.010260,-207.021925,3.181962,1396035.027197,1161962.322118,2307278.295392,207665.179193,1090450.025292,369.755191,99.005488,211.144358,30.307803,36.369363,85.872107,23.235982,49.502744,7.071821,8.082081,526.345505,141.436412,301.057505,43.441184,51.523264,3.000000,2.000000,3.000000,0.000000,1.000000,0.000000,1.000000,2.000000,0.000000,1.000000,0.000000,1.000000,3.000000,0.000000,1.000000,1553.000000,438.000000,932.000000,136.000000,161.000000,5.000000,
0.049265,0.999021,0.149231,0.139553,0.404685,0.010260,-207.021925,3.181962,1396035.027197,1161962.322118,2307278.295392,207665.179193,1090450.025292,369.755191,99.005488,211.144358,30.307803,36.369363,85.872107,23.235982,49.502744,7.071821,8.082081,526.345505,141.436412,301.057505,43.441184,51.523264,3.000000,2.000000,3.000000,0.000000,1.000000,0.000000,1.000000,2.000000,0.000000,1.000000,0.000000,1.000000,3.000000,0.000000,1.000000,1553.000000,438.000000,932.000000,136.000000,161.000000,5.000000,
0.049265,0.999021,0.149231,0.139553,0.404685,0.010260,-207.021925,3.181962,1396035.027197,1161962.322118,2307278.295392,207665.179193,1090450.025292,369.755191,99.005488,211.144358,30.307803,36.369363,85.872107,23.235982,49.502744,7.071821,8.082081,526.345505,141.436412,301.057505,43.441184,51.523264,3.000000,2.000000,3.000000,0.000000,1.000000,0.000000,1.000000,2.000000,0.000000,1.000000,0.000000,1.000000,3.000000,0.000000,1.000000,1553.000000,438.000000,932.000000,136.000000,161.000000,5.000000,
0.049265,0.999021,0.149231,0.139553,0.404685,0.010260,-207.021925,3.181962,1396035.027197,1161962.322118,2307278.295392,207665.179193,1090450.025292,369.755191,99.005488,211.144358,30.307803,36.369363,85.872107,23.235982,49.502744,7.071821,8.082081,526.345505,141.436412,301.057505,43.441184,51.523264,3.000000,2.000000,3.000000,0.000000,1.000000,0.000000,1.000000,2.000000,0.000000,1.000000,0.000000,1.000000,3.000000,0.000000,1.000000,1553.000000,438.000000,932.000000,136.000000,161.000000,5.000000,
0.049265,0.999021,0.149231,0.139553,0.404685,0.010260,-207.021925,3.181962,1396035.027197,1161962.322118,2307278.295392,207665.179193,1090450.025292,369.755191,99.005488,211.144358,30.307803,36.369363,85.872107,23.235982,49.502744,7.071821,8.082081,526.345505,141.436412,301.057505,43.441184,51.523264,3.000000,2.000000,3.000000,0.000000,1.000000,0.000000,1.000000,2.000000,0.000000,1.000000,0.000000,1.000000,3.000000,0.000000,1.000000,1553.000000,438.000000,932.000000,136.000000,161.000000,5.000000,
0.049265,0.999021,0.149231,0.139553,0.404685,0.010260,-207.021925,3.181962,1396035.027197,1161962.322118,2307278.295392,207665.179193,1090450.025292,369.755191,99.005488,211.144358,30.307803,36.369363,85.872107,23.235982,49.502744,7.071821,8.082081,526.345505,141.436412,301.057505,43.441184,51.523264,3.000000,2.000000,3.000000,0.000000,1.000000,0.000000,1.000000,2.000000,0.000000,1.000000,0.000000,1.000000,3.000000,0.000000,1.000000,1553.000000,438.000000,932.000000,136.000000,161.000000,5.000000,
0.049265,0.999021,0.149231,0.139553,0.404685,0.010260,-207.021925,3.181962,1396035.027197,1161962.322118,2307278.295392,207665.179193,1090450.025292,369.755191,99.005488,211.144358,30.307803,36.369363,85.872107,23.235982,49.502744,7.071821,8.082081,526.345505,141.436412,301.057505,43.441184,51.523264,3.000000,2.000000,3.000000,0.000000,1.000000,0.000000,1.000000,2.000000,0.000000,1.000000,0.000000,1.000000,3.000000,0.000000,1.000000,1553.000000,438.000000,932.000000,136.000000,161.000000,5.000000,
0.049265,0.999021,0.149231,0.139553,0.404685,0.010260,-207.021925,3.181962,1396035.027197,1161962.322118,2307278.295392,207665.179193,1090450.025292,369.755191,99.005488,211.144358,30.307803,36.369363,85.872107,23.235982,49.502744,7.071821,8.082081,526.345505,141.436412,301.057505,43.441184,51.523264,3.000000,2.000000,3.000000,0.000000,1.000000,0.000000,1.000000,2.000000,0.000000,1.000000,0.000000,1.000000,3.000000,0.000000,1.000000,1553.000000,438.000000,932.000000,136.000000,161.000000,5.000000,
0.049265,0.999021,0.149231,0.139553,0.404685,0.010260,-207.021925,3.181962,1396035.027197,1161962.322118,2307278.295392,207665.179193,1090450.025292,369.755191,99.005488,211.144358,30.307803,36.369363,85.872107,23.235982,49.502744,7.071821,8.082081,526.345505,141.436412,301.057505,43.441184,51.523264,3.000000,2.000000,3.000000,0.000000,1.000000,0.000000,1.000000,2.000000,0.000000,1.000000,0.000000,1.000000,3.000000,0.000000,1.000000,1553.000000,438.000000,932.000000,136.000000,161.000000,5.000000,
0.049265,0.999021,0.149231,0.139553,0.404685,0.010260,-207.021925,3.181962,1396035.027197,1161962.322118,2307278.295392,207665.179193,1090450.025292,369.755191,99.005488,211.144358,30.307803,36.369363,85.872107,23.235982,49.502744,7.071821,8.082081,526.345505,141.436412,301.057505,43.441184,51.523264,3.000000,2.000000,3.000000,0.000000,1.000000,0.000000,1.000000,2.000000,0.000000,1.000000,0.000000,1.000000,3.000000,0.000000,1.000000,1553.000000,438.000000,932.000000,136.000000,161.000000,5.000000,
0.049265,0.999021,0.149231,0.139553,0.404685,0.010260,-207.021925,3.181962,1396035.027197,1161962.322118,2307278.295392,207665.179193,1090450.025292,369.755191,99.005488,211.144358,30.307803,36.369363,85.872107,23.235982,49.502744,7.071821,8.082081,526.345505,141.436412,301.057505,43.441184,51.523264,3.000000,2.000000,3.000000,0.000000,1.000000,0.000000,1.000000,2.000000,0.000000,1.000000,0.000000,1.000000,3.000000,0.000000,1.000000,1553.000000,438.000000,932.000000,136.000000,161.000000,5.000000,
0.049265,0.999021,0.149231,0.139553,0.404685,0.010260,-207.021925,3.181962,1396035.027197,1161962.322118,2307278.295392,207665.179193,1090450.025292,369.755191,99.005488,211.144358,30.307803,36.369363,85.872107,23.235982,49.502744,7.071821,8.082081,526.345505,141.436412,301.057505,43.441184,51.523264,3.000000,2.000000,3.000000,0.000000,1.000000,0.000000,1.000000,2.000000,0.000000,1.000000,0.000000,1.000000,3.000000,0.000000,1.000000,1553.000000,438.000000,932.000000,136.000000,161.000000,5.000000,
0.049265,0.999021,0.149231,0.139553,0.404685,0.010260,-207.021925,3.181962,1396035.027197,1161962.322118,2307278.295392,207665.179193,1090450.025292,369.755191,99.005488,211.144358,30.307803,36.369363,85.872107,23.235982,49.502744,7.071821,8.082081,526.345505,141.436412,301.057505,43.441184,51.523264,3.000000,2.000000,3.000000,0.000000,1.000000,0.000000,1.000000,2.000000,0.000000,1.000000,0.000000,1.000000,3.000000,0.000000,1.000000,1553.000000,438.000000,932.000000,136.000000,161.000000,5.000000,
0.049265,0.999021,0.149231,0.139553,0.404685,0.010260,-207.021925,3.181962,1396035.027197,1161962.322118,2307278.295392,207665.179193,1090450.025292,369.755191,99.005488,211.144358,30.307803,36.369363,85.872107,23.235982,49.502744,7.071821,8.082081,526.345505,141.436412,301.057505,43.441184,51.523264,3.000000,2.000000,3.000000,0.000000,1.000000,0.000000,1.000000,2.000000,0.000000,1.000000,0.000000,1.000000,3.000000,0.000000,1.000000,1553.000000,438.000000,932.000000,136.000000,161.000000,5.000000,
0.049265,0.999021,0.149231,0.139553,0.404685,0.010260,-207.021925,3.181962,1396035.027197,1161962.322118,2307278.295392,207665.179193,1090450.025292,369.755191,99.005488,211.144358,30.307803,36.369363,85.872107,23.235982,49.502744,7.071821,8.082081,526.345505,141.436412,301.057505,43.441184,51.523264,3.000000,2.000000,3.000000,0.000000,1.000000,0.000000,1.000000,2.000000,0.000000,1.000000,0.000000,1.000000,3.000000,0.000000,1.000000,1553.000000,438.000000,932.000000,136.000000,161.000000,5.000000,
0.049265,0.999021,0.149231,0.139553,0.404685,0.010260,-207.021925,3.181962,1396035.027197,1161962.322118,2307278.295392,207665.179193,1090450.025292,369.755191,99.005488,211.144358,30.307803,36.369363,85.872107,23.235982,49.502744,7.071821,8.082081,526.345505,141.436412,301.057505,43.441184,51.523264,3.000000,2.000000,3.000000,0.000000,1.000000,0.000000,1.000000,2.000000,0.000000,1.000000,0.000000,1.000000,3.000000,0.000000,1.000000,1553.000000,438.000000,932.000000,136.000000,161.000000,5.000000,
0.049265,0.999021,0.149231,0.139553,0.404685,0.010260,-207.021925,3.181962,1396035.027197,1161962.322118,2307278.295392,207665.179193,1090450.025292,369.755191,99.005488,211.144358,30.307803,36.369363,85.872107,23.235982,49.502744,7.071821,8.082081,526.345505,141.436412,301.057505,43.441184,51.523264,3.000000,2.000000,3.000000,0.000000,1.000000,0.000000,1.000000,2.000000,0.000000,1.000000,0.000000,1.000000,3.000000,0.000000,1.000000,1553.000000,438.000000,932.000000,136.000000,161.000000,5.000000,
0.049265,0.999021,0.149231,0.139553,0.404685,0.010260,-207.021925,3.181962,1396035.027197,1161962.322118,2307278.295392,207665.179193,1090450.025292,369.755191,99.005488,211.144358,30.307803,36.369363,85.872107,23.235982,49.502744,7.071821,8.082081,526.345505,141.436412,301.057505,43.441184,51.523264,3.000000,2.000000,3.000000,0.000000,1.000000,0.000000,1.000000,2.000000,0.000000,1.000000,0.000000,1.000000,3.000000,0.000000,1.000000,1553.000000,438.000000,932.000000,136.000000,161.000000,5.000000,
0.049265,0.999021,0.149231,0.139553,0.404685,0.010260,-207.021925,3.181962,1396035.027197,1161962.322118,2307278.295392,207665.179193,1090450.025292,369.755191,99.005488,211.144358,30.307803,36.369363,85.872107,23.235982,49.502744,7.071821,8.082081,526.345505,141.436412,301.057505,43.441184,51.523264,3.000000,2.000000,3.000000,0.000000,1.000000,0.000000,1.000000,2.000000,0.000000,1.000000,0.000000,1.000000,3.000000,0.000000,1.000000,1553.000000,438.000000,932.000000,136.000000,161.000000,5.000000,
0.049265,0.999021,0.149231,0.139553,0.404685,0.010260,-207.021925,3.181962,1396035.027197,1161962.322118,2307278.295392,207665.179193,1090450.025292,369.755191,99.005488,211.144358,30.307803,36.369363,85.872107,23.235982,49.502744,7.071821,8.082081,526.345505,141.436412,301.057505,43.441184,51.523264,3.000000,2.000000,3.000000,0.000000,1.000000,0.000000,1.000000,2.000000,0.000000,1.000000,0.000000,1.000000,3.000000,0.000000,1.000000,1553.000000,438.000000,932.000000,136.000000,161.000000,5.000000,
0.049265,0.999021,0.149231,0.139553,0.404685,0.010260,-207.021925,3.181962,1396035.027197,1161962.322118,2307278.295392,207665.179193,1090450.025292,369.755191,99.005488,211.144358,30.307803,36.369363,85.872107,23.235982,49.502744,7.071821,8.082081,526.345505,141.436412,301.057505,43.441184,51.523264,3.000000,2.000000,3.000000,0.000000,1.000000,0.000000,1.000000,2.000000,0.000000,1.000000,0.000000,1.000000,3.000000,0.000000,1.000000,1553.000000,438.000000,932.000000,136.000000,161.000000,5.000000,
0.049265,0.999021,0.149231,0.139553,0.404685,0.010260,-207.021925,3.181962,1396035.027197,1161962.322118,2307278.295392,207665.179193,1090450.025292,369.755191,99.005488,211.144358,30.307803,36.369363,85.872107,23.235982,49.502744,7.071821,8.082081,526.345505,141.436412,301.057505,43.441184,51.523264,3.000000,2.000000,3.000000,0.000000,1.000000,0.000000,1.000000,2.000000,0.000000,1.000000,0.000000,1.000000,3.000000,0.000000,1.000000,1553.000000,438.000000,932.000000,136.000000,161.000000,5.000000,
0.049265,0.999021,0.149231,0.139553,0.404685,0.010260,-207.021925,3.181962,1396035.027197,1161962.322118,2307278.295392,207665.179193,1090450.025292,369.755191,99.005488,211.144358,30.307803,36.369363,85.872107,23.235982,49.502744,7.071821,8.082081,526.345505,141.436412,301.057505,43.441184,51.523264,3.000000,2.000000,3.000000,0.000000,1.000000,0.000000,1.000000,2.000000,0.000000,1.000000,0.000000,1.000000,3.000000,0.000000,1.000000,1553.000000,438.000000,932.000000,136.000000,161.000000,5.000000,
0.049265,0.999021,0.149231,0.139553,0.404685,0.010260,-207.021925,3.181962,1396035.027197,1161962.322118,2307278.295392,207665.179193,1090450.025292,369.755191,99.005488,211.144358,30.307803,36.369363,85.872107,23.235982,49.502744,7.071821,8.082081,526.345505,141.436412,301.057505,43.441184,51.523264,3.000000,2.000000,3.000000,0.000000,1.000000,0.000000,1.000000,2.000000,0.000000,1.000000,0.000000,1.000000,3.000000,0.000000,1.000000,1553.000000,438.000000,932.000000,136.000000,161.000000,5.000000,
0.049265,0.999021,0.149231,0.139553,0.404685,0.010260,-207.021925,3.181962,1396035.027197,1161962.322118,2307278.295392,207665.179193,1090450.025292,369.755191,99.005488,211.144358,30.307803,36.369363,85.872107,23.235982,49.502744,7.071821,8.082081,526.345505,141.436412,301.057505,43.441184,51.523264,3.000000,2.000000,3.000000,0.000000,1.000000,0.000000,1.000000,2.000000,0.000000,1.000000,0.000000,1.000000,3.000000,0.000000,1.000000,1553.000000,438.000000,932.000000,136.000000,161.000000,5.000000,
0.049265,0.999021,0.149231,0.139553,0.404685,0.010260,-207.021925,3.181962,1396035.027197,1161962.322118,2307278.295392,207665.179193,1090450.025292,369.755191,99.005488,211.144358,30.307803,36.369363,85.872107,23.235982,49.502744,7.071821,8.082081,526.345505,141.436412,301.057505,43.441184,51.523264,3.000000,2.000000,3.000000,0.000000,1.000000,0.000000,1.000000,2.000000,0.000000,1.000000,0.000000,1.000000,3.000000,0.000000,1.000000,1553.000000,438.000000,932.000000,136.000000,161.000000,5.000000,
0.049265,0.999021,0.149231,0.139553,0.404685,0.010260,-207.021925,3.181962,1396035.027197,1161962.322118,2307278.295392,207665.179193,1090450.025292,369.755191,99.005488,211.144358,30.307803,36.369363,85.872107,23.235982,49.502744,7.071821,8.082081,526.345505,141.436412,301.057505,43.441184,51.523264,3.000000,2.000000,3.000000,0.000000,1.000000,0.000000,1.000000,2.000000,0.000000,1.000000,0.000000,1.000000,3.000000,0.000000,1.000000,1553.000000,438.000000,932.000000,136.000000,161.000000,5.000000,
0.049265,0.999021,0.149231,0.139553,0.404685,0.010260,-207.021925,3.181962,1396035.027197,1161962.322118,2307278.295392,207665.179193,1090450.025292,369.755191,99.005488,211.144358,30.307803,36.369363,85.872107,23.235982,49.502744,7.071821,8.082081,526.345505,141.436412,301.057505,43.441184,51.523264,3.000000,2.000000,3.000000,0.000000,1.000000,0.000000,1.000000,2.000000,0.000000,1.000000,0.000000,1.000000,3.000000,0.000000,1.000000,1553.000000,438.000000,932.000000,136.000000,161.000000,5.000000,
0.049265,0.999021,0.149231,0.139553,0.404685,0.010260,-207.021925,3.181962,1396035.027197,1161962.322118,2307278.295392,207665.179193,1090450.025292,369.755191,99.005488,211.144358,30.307803,36.369363,85.872107,23.235982,49.502744,7.071821,8.082081,526.345505,141.436412,301.057505,43.441184,51.523264,3.000000,2.000000,3.000000,0.000000,1.000000,0.000000,1.000000,2.000000,0.000000,1.000000,0.000000,1.000000,3.000000,0.000000,1.000000,1553.000000,438.000000,932.000000,136.000000,161.000000,5.000000,
0.049265,0.999021,0.149231,0.139553,0.404685,0.010260,-207.021925,3.181962,1396035.027197,1161962.322118,2307278.295392,207665.179193,1090450.025292,369.755191,99.005488,211.144358,30.307803,36.369363,85.872107,23.235982,49.502744,7.071821,8.082081,526.345505,141.436412,301.057505,43.441184,51.523264,3.000000,2.000000,3.000000,0.000000,1.000000,0.000000,1.000000,2.000000,0.000000,1.000000,0.000000,1.000000,3.000000,0.000000,1.000000,1553.000000,438.000000,932.000000,136.000000,161.000000,5.000000,
0.049265,0.999021,0.149231,0.139553,0.404685,0.010260,-207.021925,3.181962,1396035.027197,1161962.322118,2307278.295392,207665.179193,1090450.025292,369.755191,99.005488,211.144358,30.307803,36.369363,85.872107,23.235982,49.502744,7.071821,8.082081,526.345505,141.436412,301.057505,43.441184,51.523264,3.000000,2.000000,3.000000,0.000000,1.000000,0.000000,1.000000,2.000000,0.000000,1.000000,0.000000,1.000000,3.000000,0.000000,1.000000,1553.000000,438.000000,932.000000,136.000000,161.000000,5.000000,
0.049265,0.999021,0.149231,0.139553,0.404685,0.010260,-207.021925,3.181962,1396035.027197,1161962.322118,2307278.295392,207665.179193,1090450.025292,369.755191,99.005488,211.144358,30.307803,36.369363,85.872107,23.235982,49.502744,7.071821,8.082081,526.345505,141.436412,301.057505,43.441184,51.523264,3.000000,2.000000,3.000000,0.000000,1.000000,0.000000,1.000000,2.000000,0.000000,1.000000,0.000000,1.000000,3.000000,0.000000,1.000000,1553.000000,438.000000,932.000000,136.000000,161.000000,5.000000,
0.049265,0.999021,0.149231,0.139553,0.404685,0.010260,-207.021925,3.181962,1396035.027197,1161962.322118,2307278.295392,207665.179193,1090450.025292,369.755191,99.005488,211.144358,30.307803,36.369363,85.872107,23.235982,49.502744,7.071821,8.082081,526.345505,141.436412,301.057505,43.441184,51.523264,3.000000,2.000000,3.000000,0.000000,1.000000,0.000000,1.000000,2.000000,0.000000,1.000000,0.000000,1.000000,3.000000,0.000000,1.000000,1553.000000,438.000000,932.000000,136.000000,161.000000,5.000000,
0.049265,0.999021,0.149231,0.139553,0.404685,0.010260,-207.021925,3.181962,1396035.027197,1161962.322118,2307278.295392,207665.179193,1090450.025292,369.755191,99.005488,211.144358,30.307803,36.369363,85.872107,23.235982,49.502744,7.071821,8.082081,526.345505,141.436412,301.057505,43.441184,51.523264,3.000000,2.000000,3.000000,0.000000,1.000000,0.000000,1.000000,2.000000,0.000000,1.000000,0.000000,1.000000,3.000000,0.000000,1.000000,1553.000000,438.000000,932.000000,136.000000,161.000000,5.000000,
0.049265,0.999021,0.149231,0.139553,0.404685,0.010260,-207.021925,3.181962,1396035.027197,1161962.322118,2307278.295392,207665.179193,1090450.025292,369.755191,99.005488,211.144358,30.307803,36.369363,85.872107,23.235982,49.502744,7.071821,8.082081,526.345505,141.436412,301.057505,43.441184,51.523264,3.000000,2.000000,3.000000,0.000000,1.000000,0.000000,1.000000,2.000000,0.000000,1.000000,0.000000,1.000000,3.000000,0.000000,1.000000,1553.000000,438.000000,932.000000,136.000000,161.000000,5.000000,
0.049265,0.999021,0.149231,0.139553,0.404685,0.010260,-207.021925,3.181962,1396035.027197,1161962.322118,2307278.295392,207665.179193,1090450.025292,369.755191,99.005488,211.144358,30.307803,36.369363,85.872107,23.235982,49.502744,7.071821,8.082081,526.345505,141.436412,301.057505,43.441184,51.523264,3.000000,2.000000,3.000000,0.000000,1.000000,0.000000,1.000000,2.000000,0.000000,1.000000,0.000000,1.000000,3.000000,0.000000,1.000000,1553.000000,438.000000,932.000000,136.000000,161.000000,5.000000,
0.049265,0.999021,0.149231,0.139553,0.404685,0.010260,-207.021925,3.181962,1396035.027197,1161962.322118,2307278.295392,207665.179193,1090450.025292,369.755191,99.005488,211.144358,30.307803,36.369363,85.872107,23.235982,49.502744,7.071821,8.082081,526.345505,141.436412,301.057505,43.441184,51.523264,3.000000,2.000000,3.000000,0.000000,1.000000,0.000000,1.000000,2.000000,0.000000,1.000000,0.000000,1.000000,3.000000,0.000000,1.000000,1553.000000,438.000000,932.000000,136.000000,161.000000,5.000000,
0.049265,0.999021,0.149231,0.139553,0.404685,0.010260,-207.021925,3.181962,1396035.027197,1161962.322118,2307278.295392,207665.179193,1090450.025292,369.755191,99.005488,211.144358,30.307803,36.369363,85.872107,23.235982,49.502744,7.071821,8.082081,526.345505,141.436412,301.057505,43.441184,51.523264,3.000000,2.000000,3.000000,0.000000,1.000000,0.000000,1.000000,2.000000,0.000000,1.000000,0.000000,1.000000,3.000000,0.000000,1.000000,1553.000000,438.000000,932.000000,136.000000,161.000000,5.000000,
0.049265,0.999021,0.149231,0.139553,0.404685,0.010260,-207.021925,3.181962,1396035.027197,1161962.322118,2307278.295392,207665.179193,1090450.025292,369.755191,99.005488,211.144358,30.307803,36.369363,85.872107,23.235982,49.502744,7.071821,8.082081,526.345505,141.436412,301.057505,43.441184,51.523264,3.000000,2.000000,3.000000,0.000000,1.000000,0.000000,1.000000,2.000000,0.000000,1.000000,0.000000,1.000000,3.000000,0.000000,1.000000,1553.000000,438.000000,932.000000,136.000000,161.000000,5.000000,
0.049265,0.999021,0.149231,0.139553,0.404685,0.010260,-207.021925,3.181962,1396035.027197,1161962.322118,2307278.295392,207665.179193,1090450.025292,369.755191,99.005488,211.144358,30.307803,36.369363,85.872107,23.235982,49.502744,7.071821,8.082081,526.345505,141.436412,301.057505,43.441184,51.523264,3.000000,2.000000,3.000000,0.000000,1.000000,0.000000,1.000000,2.000000,0.000000,1.000000,0.000000,1.000000,3.000000,0.000000,1.000000,1553.000000,438.000000,932.000000,136.000000,161.000000,5.000000,
0.049265,0.999021,0.149231,0.139553,0.404685,0.010260,-207.021925,3.181962,1396035.027197,1161962.322118,2307278.295392,207665.179193,1090450.025292,369.755191,99.005488,211.144358,30.307803,36.369363,85.872107,23.235982,49.502744,7.071821,8.082081,526.345505,141.436412,301.057505,43.441184,51.523264,3.000000,2.000000,3.000000,0.000000,1.000000,0.000000,1.000000,2.000000,0.000000,1.000000,0.000000,1.000000,3.000000,0.000000,1.000000,1553.000000,438.000000,932.000000,136.000000,161.000000,5.000000,
0.049265,0.999021,0.149231,0.139553,0.404685,0.010260,-207.021925,3.181962,1396035.027197,1161962.322118,2307278.295392,207665.179193,1090450.025292,369.755191,99.005488,211.144358,30.307803,36.369363,85.872107,23.235982,49.502744,7.071821,8.082081,526.345505,141.436412,301.057505,43.441184,51.523264,3.000000,2.000000,3.000000,0.000000,1.000000,0.000000,1.000000,2.000000,0.000000,1.000000,0.000000,1.000000,3.000000,0.000000,1.000000,1553.000000,438.000000,932.000000,136.000000,161.000000,5.000000,
0.049265,0.999021,0.149231,0.139553,0.404685,0.010260,-207.021925,3.181962,1396035.027197,1161962.322118,2307278.295392,207665.179193,1090450.025292,369.755191,99.005488,211.144358,30.307803,36.369363,85.872107,23.235982,49.502744,7.071821,8.082081,526.345505,141.436412,301.057505,43.441184,51.523264,3.000000,2.000000,3.000000,0.000000,1.000000,0.000000,1.000000,2.000000,0.000000,1.000000,0.000000,1.000000,3.000000,0.000000,1.000000,1553.000000,438.000000,932.000000,136.000000,161.000000,5.000000,
0.049265,0.999021,0.149231,0.139553,0.404685,0.010260,-207.021925,3.181962,1396035.027197,1161962.322118,2307278.295392,207665.179193,1090450.025292,369.755191,99.005488,211.144358,30.307803,36.369363,85.872107,23.235982,49.502744,7.071821,8.082081,526.345505,141.436412,301.057505,43.441184,51.523264,3.000000,2.000000,3.000000,0.000000,1.000000,0.000000,1.000000,2.000000,0.000000,1.000000,0.000000,1.000000,3.000000,0.000000,1.000000,1553.000000,438.000000,932.000000,136.000000,161.000000,5.000000,
0.049265,0.999021,0.149231,0.139553,0.404685,0.010260,-207.021925,3.181962,1396035.027197,1161962.322118,2307278.295392,207665.179193,1090450.025292,369.755191,99.005488,211.144358,30.307803,36.369363,85.872107,23.235982,49.502744,7.071821,8.082081,526.345505,141.436412,301.057505,43.441184,51.523264,3.000000,2.000000,3.000000,0.000000,1.000000,0.000000,1.000000,2.000000,0.000000,1.000000,0.000000,1.000000,3.000000,0.000000,1.000000,1553.000000,438.000000,932.000000,136.000000,161.000000,5.000000,
0.049265,0.999021,0.149231,0.139553,0.404685,0.010260,-207.021925,3.181962,1396035.027197,1161962.322118,2307278.295392,207665.179193,1090450.025292,369.755191,99.005488,211.144358,30.307803,36.369363,85.872107,23.235982,49.502744,7.071821,8.082081,526.345505,141.436412,301.057505,43.441184,51.523264,3.000000,2.000000,3.000000,0.000000,1.000000,0.000000,1.000000,2.000000,0.000000,1.000000,0.000000,1.000000,3.000000,0.000000,1.000000,1553.000000,438.000000,932.000000,136.000000,161.000000,5.000000,
0.049265,0.999021,0.149231,0.139553,0.404685,0.010260,-207.021925,3.181962,1396035.027197,1161962.322118,2307278.295392,207665.179193,1090450.025292,369.755191,99.005488,211.144358,30.307803,36.369363,85.872107,23.235982,49.502744,7.071821,8.082081,526.345505,141.436412,301.057505,43.441184,51.523264,3.000000,2.000000,3.000000,0.000000,1.000000,0.000000,1.000000,2.000000,0.000000,1.000000,0.000000,1.000000,3.000000,0.000000,1.000000,1553.000000,438.000000,932.000000,136.000000,161.000000,5.000000,
0.049265,0.999021,0.149231,0.139553,0.404685,0.010260,-207.021925,3.181962,1396035.027197,1161962.322118,2307278.295392,207665.179193,1090450.025292,369.755191,99.005488,211.144358,30.307803,36.369363,85.872107,23.235982,49.502744,7.071821,8.082081,526.345505,141.436412,301.057505,43.441184,51.523264,3.000000,2.000000,3.000000,0.000000,1.000000,0.000000,1.000000,2.000000,0.000000,1.000000,0.000000,1.000000,3.000000,0.000000,1.000000,1553.000000,438.000000,932.000000,136.000000,161.000000,5.000000,
0.049265,0.999021,0.149231,0.139553,0.404685,0.010260,-207.021925,3.181962,1396035.027197,1161962.322118,2307278.295392,207665.179193,1090450.025292,369.755191,99.005488,211.144358,30.307803,36.369363,85.872107,23.235982,49.502744,7.071821,8.082081,526.345505,141.436412,301.057505,43.441184,51.523264,3.000000,2.000000,3.000000,0.000000,1.000000,0.000000,1.000000,2.000000,0.000000,1.000000,0.000000,1.000000,3.000000,0.000000,1.000000,1553.000000,438.000000,932.000000,136.000000,161.000000,5.000000,
0.049265,0.999021,0.149231,0.139553,0.404685,0.010260,-207.021925,3.181962,1396035.027197,1161962.322118,2307278.295392,207665.179193,1090450.025292,369.755191,99.005488,211.144358,30.307803,36.369363,85.872107,23.235982,49.502744,7.071821,8.082081,526.345505,141.436412,301.057505,43.441184,51.523264,3.000000,2.000000,3.000000,0.000000,1.000000,0.000000,1.000000,2.000000,0.000000,1.000000,0.000000,1.000000,3.000000,0.000000,1.000000,1553.000000,438.000000,932.000000,136.000000,161.000000,5.000000,
0.049265,0.999021,0.149231,0.139553,0.404685,0.010260,-207.021925,3.181962,1396035.027197,1161962.322118,2307278.295392,207665.179193,1090450.025292,369.755191,99.005488,211.144358,30.307803,36.369363,85.872107,23.235982,49.502744,7.071821,8.082081,526.345505,141.436412,301.057505,43.441184,51.523264,3.000000,2.000000,3.000000,0.000000,1.000000,0.000000,1.000000,2.000000,0.000000,1.000000,0.000000,1.000000,3.000000,0.000000,1.000000,1553.000000,438.000000,932.000000,136.000000,161.000000,5.000000,
0.049265,0.999021,0.149231,0.139553,0.404685,0.010260,-207.021925,3.181962,1396035.027197,1161962.322118,2307278.295392,207665.179193,1090450.025292,369.755191,99.005488,211.144358,30.307803,36.369363,85.872107,23.235982,49.502744,7.071821,8.082081,526.345505,141.436412,301.057505,43.441184,51.523264,3.000000,2.000000,3.000000,0.000000,1.000000,0.000000,1.000000,2.000000,0.000000,1.000000,0.000000,1.000000,3.000000,0.000000,1.000000,1553.000000,438.000000,932.000000,136.000000,161.000000,5.000000,
0.049265,0.999021,0.149231,0.139553,0.404685,0.010260,-207.021925,3.181962,1396035.027197,1161962.322118,2307278.295392,207665.179193,1090450.025292,369.755191,99.005488,211.144358,30.307803,36.369363,85.872107,23.235982,49.502744,7.071821,8.082081,526.345505,141.436412,301.057505,43.441184,51.523264,3.000000,2.000000,3.000000,0.000000,1.000000,0.000000,1.000000,2.000000,0.000000,1.000000,0.000000,1.000000,3.000000,0.000000,1.000000,1553.000000,438.000000,932.000000,136.000000,161.000000,5.000000,
0.049326,0.992812,0.145894,0.135705,0.426727,0.009168,-207.585351,3.178488,1396036.088753,1161962.607165,2307278.902620,207665.266564,1090450.129045,369.355470,98.898459,210.916101,30.275038,36.330046,85.779276,23.210863,49.449230,7.064176,8.073344,525.776502,141.283513,300.732049,43.394222,51.467565,3.000000,2.000000,3.000000,0.000000,1.000000,0.000000,1.000000,2.000000,0.000000,1.000000,0.000000,1.000000,3.000000,0.000000,1.000000,1553.000000,438.000000,932.000000,136.000000,161.000000,5.000000,
0.049326,0.992812,0.145894,0.135705,0.426727,0.009168,-207.585351,3.178488,1396036.088753,1161962.607165,2307278.902620,207665.266564,1090450.129045,369.355470,98.898459,210.916101,30.275038,36.330046,85.779276,23.210863,49.449230,7.064176,8.073344,525.776502,141.283513,300.732049,43.394222,51.467565,3.000000,2.000000,3.000000,0.000000,1.000000,0.000000,1.000000,2.000000,0.000000,1.000000,0.000000,1.000000,3.000000,0.000000,1.000000,1553.000000,438.000000,932.000000,136.000000,161.000000,5.000000,
0.049326,0.992812,0.145894,0.135705,0.426727,0.009168,-207.585351,3.178488,1396036.088753,1161962.607165,2307278.902620,207665.266564,1090450.129045,369.355470,98.898459,210.916101,30.275038,36.330046,85.779276,23.210863,49.449230,7.064176,8.073344,525.776502,141.283513,300.732049,43.394222,51.467565,3.000000,2.000000,3.000000,0.000000,1.000000,0.000000,1.000000,2.000000,0.000000,1.000000,0.000000,1.000000,3.000000,0.000000,1.000000,1553.000000,438.000000,932.000000,136.000000,161.000000,5.000000,
0.049326,0.992812,0.145894,0.135705,0.426727,0.009168,-207.585351,3.178488,1396036.088753,1161962.607165,2307278.902620,207665.266564,1090450.129045,369.355470,98.898459,210.916101,30.275038,36.330046,85.779276,23.210863,49.449230,7.064176,8.073344,525.776502,141.283513,300.732049,43.394222,51.467565,3.000000,2.000000,3.000000,0.000000,1.000000,0.000000,1.000000,2.000000,0.000000,1.000000,0.000000,1.000000,3.000000,0.000000,1.000000,1553.000000,438.000000,932.000000,136.000000,161.000000,5.000000,
0.049326,0.992812,0.145894,0.135705,0.426727,0.009168,-207.585351,3.178488,1396036.088753,1161962.607165,2307278.902620,207665.266564,1090450.129045,369.355470,98.898459,210.916101,30.275038,36.330046,85.779276,23.210863,49.449230,7.064176,8.073344,525.776502,141.283513,300.732049,43.394222,51.467565,3.000000,2.000000,3.000000,0.000000,1.000000,0.000000,1.000000,2.000000,0.000000,1.000000,0.000000,1.000000,3.000000,0.000000,1.000000,1553.000000,438.000000,932.000000,136.000000,161.000000,5.000000,
0.049326,0.992812,0.145894,0.135705,0.426727,0.009168,-207.585351,3.178488,1396036.088753,1161962.607165,2307278.902620,207665.266564,1090450.129045,369.355470,98.898459,210.916101,30.275038,36.330046,85.779276,23.210863,49.449230,7.064176,8.073344,525.776502,141.283513,300.732049,43.394222,51.467565,3.000000,2.000000,3.000000,0.000000,1.000000,0.000000,1.000000,2.000000,0.000000,1.000000,0.000000,1.000000,3.000000,0.000000,1.000000,1553.000000,438.000000,932.000000,136.000000,161.000000,5.000000,
0.049326,0.992812,0.145894,0.135705,0.426727,0.009168,-207.585351,3.178488,1396036.088753,1161962.607165,2307278.902620,207665.266564,1090450.129045,369.355470,98.898459,210.916101,30.275038,36.330046,85.779276,23.210863,49.449230,7.064176,8.073344,525.776502,141.283513,300.732049,43.394222,51.467565,3.000000,2.000000,3.000000,0.000000,1.000000,0.000000,1.000000,2.000000,0.000000,1.000000,0.000000,1.000000,3.000000,0.000000,1.000000,1553.000000,438.000000,932.000000,136.000000,161.000000,5.000000,
0.049326,0.992812,0.145894,0.135705,0.426727,0.009168,-207.585351,3.178488,1396036.088753,1161962.607165,2307278.902620,207665.266564,1090450.129045,369.355470,98.898459,210.916101,30.275038,36.330046,85.779276,23.210863,49.449230,7.064176,8.073344,525.776502,141.283513,300.732049,43.394222,51.467565,3.000000,2.000000,3.000000,0.000000,1.000000,0.000000,1.000000,2.000000,0.000000,1.000000,0.000000,1.000000,3.000000,0.000000,1.000000,1553.000000,438.000000,932.000000,136.000000,161.000000,5.000000,
0.049326,0.992812,0.145894,0.135705,0.426727,0.009168,-207.585351,3.178488,1396036.088753,1161962.607165,2307278.902620,207665.266564,1090450.129045,369.355470,98.898459,210.916101,30.275038,36.330046,85.779276,23.210863,49.449230,7.064176,8.073344,525.776502,141.283513,300.732049,43.394222,51.467565,3.000000,2.000000,3.000000,0.000000,1.000000,0.000000,1.000000,2.000000,0.000000,1.000000,0.000000,1.000000,3.000000,0.000000,1.000000,1553.000000,438.000000,932.000000,136.000000,161.000000,5.000000,
0.049326,0.992812,0.145894,0.135705,0.426727,0.009168,-207.585351,3.178488,1396036.088753,1161962.607165,2307278.902620,207665.266564,1090450.129045,369.355470,98.898459,210.916101,30.275038,36.330046,85.779276,23.210863,49.449230,7.064176,8.073344,525.776502,141.283513,300.732049,43.394222,51.467565,3.000000,2.000000,3.000000,0.000000,1.000000,0.000000,1.000000,2.000000,0.000000,1.000000,0.000000,1.000000,3.000000,0.000000,1.000000,1553.000000,438.000000,932.000000,136.000000,161.000000,5.000000,
0.049326,0.992812,0.145894,0.135705,0.426727,0.009168,-207.585351,3.178488,1396036.088753,1161962.607165,2307278.902620,207665.266564,1090450.129045,369.355470,98.898459,210.916101,30.275038,36.330046,85.779276,23.210863,49.449230,7.064176,8.073344,525.776502,141.283513,300.732049,43.394222,51.467565,3.000000,2.000000,3.000000,0.000000,1.000000,0.000000,1.000000,2.000000,0.000000,1.000000,0.000000,1.000000,3.000000,0.000000,1.000000,1553.000000,438.000000,932.000000,136.000000,161.000000,5.000000,
0.049326,0.992812,0.145894,0.135705,0.426727,0.009168,-207.585351,3.178488,1396036.088753,1161962.607165,2307278.902620,207665.266564,1090450.129045,369.355470,98.898459,210.916101,30.275038,36.330046,85.779276,23.210863,49.449230,7.064176,8.073344,525.776502,141.283513,300.732049,43.394222,51.467565,3.000000,2.000000,3.000000,0.000000,1.000000,0.000000,1.000000,2.000000,0.000000,1.000000,0.000000,1.000000,3.000000,0.000000,1.000000,1553.000000,438.000000,932.000000,136.000000,161.000000,5.000000,
0.049326,0.992812,0.145894,0.135705,0.426727,0.009168,-207.585351,3.178488,1396036.088753,1161962.607165,2307278.902620,207665.266564,1090450.129045,369.355470,98.898459,210.916101,30.275038,36.330046,85.779276,23.210863,49.449230,7.064176,8.073344,525.776502,141.283513,300.732049,43.394222,51.467565,3.000000,2.000000,3.000000,0.000000,1.000000,0.000000,1.000000,2.000000,0.000000,1.000000,0.000000,1.000000,3.000000,0.000000,1.000000,1553.000000,438.000000,932.000000,136.000000,161.000000,5.000000,
0.049326,0.992812,0.145894,0.135705,0.426727,0.009168,-207.585351,3.178488,1396036.088753,1161962.607165,2307278.902620,207665.266564,1090450.129045,369.355470,98.898459,210.916101,30.275038,36.330046,85.779276,23.210863,49.449230,7.064176,8.073344,525.776502,141.283513,300.732049,43.394222,51.467565,3.000000,2.000000,3.000000,0.000000,1.000000,0.000000,1.000000,2.000000,0.000000,1.000000,0.000000,1.000000,3.000000,0.000000,1.000000,1553.000000,438.000000,932.000000,136.000000,161.000000,5.000000,
0.049326,0.992812,0.145894,0.135705,0.426727,0.009168,-207.585351,3.178488,1396036.088753,1161962.607165,2307278.902620,207665.266564,1090450.129045,369.355470,98.898459,210.916101,30.275038,36.330046,85.779276,23.210863,49.449230,7.064176,8.073344,525.776502,141.283513,300.732049,43.394222,51.467565,3.000000,2.000000,3.000000,0.000000,1.000000,0.000000,1.000000,2.000000,0.000000,1.000000,0.000000,1.000000,3.000000,0.000000,1.000000,1553.000000,438.000000,932.000000,136.000000,161.000000,5.000000,
0.049326,0.992812,0.145894,0.135705,0.426727,0.009168,-207.585351,3.178488,1396036.088753,1161962.607165,2307278.902620,207665.266564,1090450.129045,369.355470,98.898459,210.916101,30.275038,36.330046,85.779276,23.210863,49.449230,7.064176,8.073344,525.776502,141.283513,300.732049,43.394222,51.467565,3.000000,2.000000,3.000000,0.000000,1.000000,0.000000,1.000000,2.000000,0.000000,1.000000,0.000000,1.000000,3.000000,0.000000,1.000000,1553.000000,438.000000,932.000000,136.000000,161.000000,5.000000,
0.049326,0.992812,0.145894,0.135705,0.426727,0.009168,-207.585351,3.178488,1396036.088753,1161962.607165,2307278.902620,207665.266564,1090450.129045,369.355470,98.898459,210.916101,30.275038,36.330046,85.779276,23.210863,49.449230,7.064176,8.073344,525.776502,141.283513,300.732049,43.394222,51.467565,3.000000,2.000000,3.000000,0.000000,1.000000,0.000000,1.000000,2.000000,0.000000,1.000000,0.000000,1.000000,3.000000,0.000000,1.000000,1553.000000,438.000000,932.000000,136.000000,161.000000,5.000000,
0.049326,0.992812,0.145894,0.135705,0.426727,0.009168,-207.585351,3.178488,1396036.088753,1161962.607165,2307278.902620,207665.266564,1090450.129045,369.355470,98.898459,210.916101,30.275038,36.330046,85.779276,23.210863,49.449230,7.064176,8.073344,525.776502,141.283513,300.732049,43.394222,51.467565,3.000000,2.000000,3.000000,0.000000,1.000000,0.000000,1.000000,2.000000,0.000000,1.000000,0.000000,1.000000,3.000000,0.000000,1.000000,1553.000000,438.000000,932.000000,136.000000,161.000000,5.000000,
0.049326,0.992812,0.145894,0.135705,0.426727,0.009168,-207.585351,3.178488,1396036.088753,1161962.607165,2307278.902620,207665.266564,1090450.129045,369.355470,98.898459,210.916101,30.275038,36.330046,85.779276,23.210863,49.449230,7.064176,8.073344,525.776502,141.283513,300.732049,43.394222,51.467565,3.000000,2.000000,3.000000,0.000000,1.000000,0.000000,1.000000,2.000000,0.000000,1.000000,0.000000,1.000000,3.000000,0.000000,1.000000,1553.000000,438.000000,932.000000,136.000000,161.000000,5.000000,
0.049326,0.992812,0.145894,0.135705,0.426727,0.009168,-207.585351,3.178488,1396036.088753,1161962.607165,2307278.902620,207665.266564,1090450.129045,369.355470,98.898459,210.916101,30.275038,36.330046,85.779276,23.210863,49.449230,7.064176,8.073344,525.776502,141.283513,300.732049,43.394222,51.467565,3.000000,2.000000,3.000000,0.000000,1.000000,0.000000,1.000000,2.000000,0.000000,1.000000,0.000000,1.000000,3.000000,0.000000,1.000000,1553.000000,438.000000,932.000000,136.000000,161.000000,5.000000,
0.049326,0.992812,0.145894,0.135705,0.426727,0.009168,-207.585351,3.178488,1396036.088753,1161962.607165,2307278.902620,207665.266564,1090450.129045,369.355470,98.898459,210.916101,30.275038,36.330046,85.779276,23.210863,49.449230,7.064176,8.073344,525.776502,141.283513,300.732049,43.394222,51.467565,3.000000,2.000000,3.000000,0.000000,1.000000,0.000000,1.000000,2.000000,0.000000,1.000000,0.000000,1.000000,3.000000,0.000000,1.000000,1553.000000,438.000000,932.000000,136.000000,161.000000,5.000000,
0.049326,0.992812,0.145894,0.135705,0.426727,0.009168,-207.585351,3.178488,1396036.088753,1161962.607165,2307278.902620,207665.266564,1090450.129045,369.355470,98.898459,210.916101,30.275038,36.330046,85.779276,23.210863,49.449230,7.064176,8.073344,525.776502,141.283513,300.732049,43.394222,51.467565,3.000000,2.000000,3.000000,0.000000,1.000000,0.000000,1.000000,2.000000,0.000000,1.000000,0.000000,1.000000,3.000000,0.000000,1.000000,1553.000000,438.000000,932.000000,136.000000,161.000000,5.000000,
0.049326,0.992812,0.145894,0.135705,0.426727,0.009168,-207.585351,3.178488,1396036.088753,1161962.607165,2307278.902620,207665.266564,1090450.129045,369.355470,98.898459,210.916101,30.275038,36.330046,85.779276,23.210863,49.449230,7.064176,8.073344,525.776502,141.283513,300.732049,43.394222,51.467565,3.000000,2.000000,3.000000,0.000000,1.000000,0.000000,1.000000,2.000000,0.000000,1.000000,0.000000,1.000000,3.000000,0.000000,1.000000,1553.000000,438.000000,932.000000,136.000000,161.000000,5.000000,
0.049326,0.992812,0.145894,0.135705,0.426727,0.009168,-207.585351,3.178488,1396036.088753,1161962.607165,2307278.902620,207665.266564,1090450.129045,369.355470,98.898459,210.916101,30.275038,36.330046,85.779276,23.210863,49.449230,7.064176,8.073344,525.776502,141.283513,300.732049,43.394222,51.467565,3.000000,2.000000,3.000000,0.000000,1.000000,0.000000,1.000000,2.000000,0.000000,1.000000,0.000000,1.000000,3.000000,0.000000,1.000000,1553.000000,438.000000,932.000000,136.000000,161.000000,5.000000,
0.049326,0.992812,0.145894,0.135705,0.426727,0.009168,-207.585351,3.178488,1396036.088753,1161962.607165,2307278.902620,207665.266564,1090450.129045,369.355470,98.898459,210.916101,30.275038,36.330046,85.779276,23.210863,49.449230,7.064176,8.073344,525.776502,141.283513,300.732049,43.394222,51.467565,3.000000,2.000000,3.000000,0.000000,1.000000,0.000000,1.000000,2.000000,0.000000,1.000000,0.000000,1.000000,3.000000,0.000000,1.000000,1553.000000,438.000000,932.000000,136.000000,161.000000,5.000000,
0.049326,0.992812,0.145894,0.135705,0.426727,0.009168,-207.585351,3.178488,1396036.088753,1161962.607165,2307278.902620,207665.266564,1090450.129045,369.355470,98.898459,210.916101,30.275038,36.330046,85.779276,23.210863,49.449230,7.064176,8.073344,525.776502,141.283513,300.732049,43.394222,51.467565,3.000000,2.000000,3.000000,0.000000,1.000000,0.000000,1.000000,2.000000,0.000000,1.000000,0.000000,1.000000,3.000000,0.000000,1.000000,1553.000000,438.000000,932.000000,136.000000,161.000000,5.000000,
0.049326,0.992812,0.145894,0.135705,0.426727,0.009168,-207.585351,3.178488,1396036.088753,1161962.607165,2307278.902620,207665.266564,1090450.129045,369.355470,98.898459,210.916101,30.275038,36.330046,85.779276,23.210863,49.449230,7.064176,8.073344,525.776502,141.283513,300.732049,43.394222,51.467565,3.000000,2.000000,3.000000,0.000000,1.000000,0.000000,1.000000,2.000000,0.000000,1.000000,0.000000,1.000000,3.000000,0.000000,1.000000,1553.000000,438.000000,932.000000,136.000000,161.000000,5.000000,
0.049326,0.992812,0.145894,0.135705,0.426727,0.009168,-207.585351,3.178488,1396036.088753,1161962.607165,2307278.902620,207665.266564,1090450.129045,369.355470,98.898459,210.916101,30.275038,36.330046,85.779276,23.210863,49.449230,7.064176,8.073344,525.776502,141.283513,300.732049,43.394222,51.467565,3.000000,2.000000,3.000000,0.000000,1.000000,0.000000,1.000000,2.000000,0.000000,1.000000,0.000000,1.000000,3.000000,0.000000,1.000000,1553.000000,438.000000,932.000000,136.000000,161.000000,5.000000,
0.049326,0.992812,0.145894,0.135705,0.426727,0.009168,-207.585351,3.178488,1396036.088753,1161962.607165,2307278.902620,207665.266564,1090450.129045,369.355470,98.898459,210.916101,30.275038,36.330046,85.779276,23.210863,49.449230,7.064176,8.073344,525.776502,141.283513,300.732049,43.394222,51.467565,3.000000,2.000000,3.000000,0.000000,1.000000,0.000000,1.000000,2.000000,0.000000,1.000000,0.000000,1.000000,3.000000,0.000000,1.000000,1553.000000,438.000000,932.000000,136.000000,161.000000,5.000000,
0.049340,0.994633,0.145591,0.149638,0.394910,0.009179,-207.077653,3.178726,1396036.077570,1161962.604162,2307278.896223,207665.265644,1090450.127952,369.359680,98.899587,210.918506,30.275384,36.330460,85.780254,23.211127,49.449793,7.064256,8.073436,525.782496,141.285124,300.735477,43.394717,51.468152,3.000000,2.000000,3.000000,0.000000,1.000000,0.000000,1.000000,2.000000,0.000000,1.000000,0.000000,1.000000,3.000000,0.000000,1.000000,1553.000000,438.000000,932.000000,136.000000,161.000000,5.000000,
0.049340,0.994633,0.145591,0.149638,0.394910,0.009179,-207.077653,3.178726,1396036.077570,1161962.604162,2307278.896223,207665.265644,1090450.127952,369.359680,98.899587,210.918506,30.275384,36.330460,85.780254,23.211127,49.449793,7.064256,8.073436,525.782496,141.285124,300.735477,43.394717,51.468152,3.000000,2.000000,3.000000,0.000000,1.000000,0.000000,1.000000,2.000000,0.000000,1.000000,0.000000,1.000000,3.000000,0.000000,1.000000,1553.000000,438.000000,932.000000,136.000000,161.000000,5.000000,
0.049349,0.997005,0.143499,0.146235,0.416340,0.008789,-206.433796,3.174606,1396036.456946,1161962.706032,2307279.113232,207665.296868,1090450.165031,369.216829,98.861337,210.836932,30.263675,36.316409,85.747078,23.202150,49.430668,7.061524,8.070313,525.579147,141.230481,300.619167,43.377933,51.448247,3.000000,2.000000,3.000000,0.000000,1.000000,0.000000,1.000000,2.000000,0.000000,1.000000,0.000000,1.000000,3.000000,0.000000,1.000000,1553.000000,438.000000,932.000000,136.000000,161.000000,5.000000,
0.049349,0.997005,0.143499,0.146235,0.416340,0.008789,-206.433796,3.174606,1396036.456946,1161962.706032,2307279.113232,207665.296868,1090450.165031,369.216829,98.861337,210.836932,30.263675,36.316409,85.747078,23.202150,49.430668,7.061524,8.070313,525.579147,141.230481,300.619167,43.377933,51.448247,3.000000,2.000000,3.000000,0.000000,1.000000,0.000000,1.000000,2.000000,0.000000,1.000000,0.000000,1.000000,3.000000,0.000000,1.000000,1553.000000,438.000000,932.000000,136.000000,161.000000,5.000000,
0.049349,0.997005,0.143499,0.146235,0.416340,0.008789,-206.433796,3.174606,1396036.456946,1161962.706032,2307279.113232,207665.296868,1090450.165031,369.216829,98.861337,210.836932,30.263675,36.316409,85.747078,23.202150,49.430668,7.061524,8.070313,525.579147,141.230481,300.619167,43.377933,51.448247,3.000000,2.000000,3.000000,0.000000,1.000000,0.000000,1.000000,2.000000,0.000000,1.000000,0.000000,1.000000,3.000000,0.000000,1.000000,1553.000000,438.000000,932.000000,136.000000,161.000000,5.000000,
0.049349,0.997005,0.143499,0.146235,0.416340,0.008789,-206.433796,3.174606,1396036.456946,1161962.706032,2307279.113232,207665.296868,1090450.165031,369.216829,98.861337,210.836932,30.263675,36.316409,85.747078,23.202150,49.430668,7.061524,8.070313,525.579147,141.230481,300.619167,43.377933,51.448247,3.000000,2.000000,3.000000,0.000000,1.000000,0.000000,1.000000,2.000000,0.000000,1.000000,0.000000,1.000000,3.000000,0.000000,1.000000,1553.000000,438.000000,932.000000,136.000000,161.000000,5.000000,
0.049349,0.997005,0.143499,0.146235,0.416340,0.008789,-206.433796,3.174606,1396036.456946,1161962.706032,2307279.113232,207665.296868,1090450.165031,369.216829,98.861337,210.836932,30.263675,36.316409,85.747078,23.202150,49.430668,7.061524,8.070313,525.579147,141.230481,300.619167,43.377933,51.448247,3.000000,2.000000,3.000000,0.000000,1.000000,0.000000,1.000000,2.000000,0.000000,1.000000,0.000000,1.000000,3.000000,0.000000,1.000000,1553.000000,438.000000,932.000000,136.000000,161.000000,5.000000,
0.049349,0.997005,0.143499,0.146235,0.416340,0.008789,-206.433796,3.174606,1396036.456946,1161962.706032,2307279.113232,207665.296868,1090450.165031,369.216829,98.861337,210.836932,30.263675,36.316409,85.747078,23.202150,49.430668,7.061524,8.070313,525.579147,141.230481,300.619167,43.377933,51.448247,3.000000,2.000000,3.000000,0.000000,1.000000,0.000000,1.000000,2.000000,0.000000,1.000000,0.000000,1.000000,3.000000,0.000000,1.000000,1553.000000,438.000000,932.000000,136.000000,161.000000,5.000000,
0.049349,0.997005,0.143499,0.146235,0.416340,0.008789,-206.433796,3.174606,1396036.456946,1161962.706032,2307279.113232,207665.296868,1090450.165031,369.216829,98.861337,210.836932,30.263675,36.316409,85.747078,23.202150,49.430668,7.061524,8.070313,525.579147,141.230481,300.619167,43.377933,51.448247,3.000000,2.000000,3.000000,0.000000,1.000000,0.000000,1.000000,2.000000,0.000000,1.000000,0.000000,1.000000,3.000000,0.000000,1.000000,1553.000000,438.000000,932.000000,136.000000,161.000000,5.000000,
0.049349,0.997005,0.143499,0.146235,0.416340,0.008789,-206.433796,3.174606,1396036.456946,1161962.706032,2307279.113232,207665.296868,1090450.165031,369.216829,98.861337,210.836932,30.263675,36.316409,85.747078,23.202150,49.430668,7.061524,8.070313,525.579147,141.230481,300.619167,43.377933,51.448247,3.000000,2.000000,3.000000,0.000000,1.000000,0.000000,1.000000,2.000000,0.000000,1.000000,0.000000,1.000000,3.000000,0.000000,1.000000,1553.000000,438.000000,932.000000,136.000000,161.000000,5.000000,
0.049349,0.997005,0.143499,0.146235,0.416340,0.008789,-206.433796,3.174606,1396036.456946,1161962.706032,2307279.113232,207665.296868,1090450.165031,369.216829,98.861337,210.836932,30.263675,36.316409,85.747078,23.202150,49.430668,7.061524,8.070313,525.579147,141.230481,300.619167,43.377933,51.448247,3.000000,2.000000,3.000000,0.000000,1.000000,0.000000,1.000000,2.000000,0.000000,1.000000,0.000000,1.000000,3.000000,0.000000,1.000000,1553.000000,438.000000,932.000000,136.000000,161.000000,5.000000,
0.049349,0.997005,0.143499,0.146235,0.416340,0.008789,-206.433796,3.174606,1396036.456946,1161962.706032,2307279.113232,207665.296868,1090450.165031,369.216829,98.861337,210.836932,30.263675,36.316409,85.747078,23.202150,49.430668,7.061524,8.070313,525.579147,141.230481,300.619167,43.377933,51.448247,3.000000,2.000000,3.000000,0.000000,1.000000,0.000000,1.000000,2.000000,0.000000,1.000000,0.000000,1.000000,3.000000,0.000000,1.000000,1553.000000,438.000000,932.000000,136.000000,161.000000,5.000000,
0.049349,0.997005,0.143499,0.146235,0.416340,0.008789,-206.433796,3.174606,1396036.456946,1161962.706032,2307279.113232,207665.296868,1090450.165031,369.216829,98.861337,210.836932,30.263675,36.316409,85.747078,23.202150,49.430668,7.061524,8.070313,525.579147,141.230481,300.619167,43.377933,51.448247,3.000000,2.000000,3.000000,0.000000,1.000000,0.000000,1.000000,2.000000,0.000000,1.000000,0.000000,1.000000,3.000000,0.000000,1.000000,1553.000000,438.000000,932.000000,136.000000,161.000000,5.000000,
0.049349,0.997005,0.143499,0.146235,0.416340,0.008789,-206.433796,3.174606,1396036.456946,1161962.706032,2307279.113232,207665.296868,1090450.165031,369.216829,98.861337,210.836932,30.263675,36.316409,85.747078,23.202150,49.430668,7.061524,8.070313,525.579147,141.230481,300.619167,43.377933,51.448247,3.000000,2.000000,3.000000,0.000000,1.000000,0.000000,1.000000,2.000000,0.000000,1.000000,0.000000,1.000000,3.000000,0.000000,1.000000,1553.000000,438.000000,932.000000,136.000000,161.000000,5.000000,
0.049349,0.997005,0.143499,0.146235,0.416340,0.008789,-206.433796,3.174606,1396036.456946,1161962.706032,2307279.113232,207665.296868,1090450.165031,369.216829,98.861337,210.836932,30.263675,36.316409,85.747078,23.202150,49.430668,7.061524,8.070313,525.579147,141.230481,300.619167,43.377933,51.448247,3.000000,2.000000,3.000000,0.000000,1.000000,0.000000,1.000000,2.000000,0.000000,1.000000,0.000000,1.000000,3.000000,0.000000,1.000000,1553.000000,438.000000,932.000000,136.000000,161.000000,5.000000,
0.049349,0.997005,0.143499,0.146235,0.416340,0.008789,-206.433796,3.174606,1396036.456946,1161962.706032,2307279.113232,207665.296868,1090450.165031,369.216829,98.861337,210.836932,30.263675,36.316409,85.747078,23.202150,49.430668,7.061524,8.070313,525.579147,141.230481,300.619167,43.377933,51.448247,3.000000,2.000000,3.000000,0.000000,1.000000,0.000000,1.000000,2.000000,0.000000,1.000000,0.000000,1.000000,3.000000,0.000000,1.000000,1553.000000,438.000000,932.000000,136.000000,161.000000,5.000000,
0.049349,0.998546,0.141071,0.148725,0.427019,0.007874,-206.589597,3.169245,1396037.346882,1161962.944996,2307279.622290,207665.370114,1090450.252010,368.881730,98.771611,210.645578,30.236207,36.283449,85.669254,23.181092,49.385805,7.055115,8.062989,525.102134,141.102301,300.346326,43.338564,51.401553,3.000000,2.000000,3.000000,0.000000,1.000000,0.000000,1.000000,2.000000,0.000000,1.000000,0.000000,1.000000,3.000000,0.000000,1.000000,1553.000000,438.000000,932.000000,136.000000,161.000000,5.000000,
0.049349,0.998546,0.141071,0.148725,0.427019,0.007874,-206.589597,3.169245,1396037.346882,1161962.944996,2307279.622290,207665.370114,1090450.252010,368.881730,98.771611,210.645578,30.236207,36.283449,85.669254,23.181092,49.385805,7.055115,8.062989,525.102134,141.102301,300.346326,43.338564,51.401553,3.000000,2.000000,3.000000,0.000000,1.000000,0.000000,1.000000,2.000000,0.000000,1.000000,0.000000,1.000000,3.000000,0.000000,1.000000,1553.000000,438.000000,932.000000,136.000000,161.000000,5.000000,
0.049401,0.993500,0.140852,0.123535,0.479493,0.007257,-207.328661,3.172045,1396037.946227,1161963.105931,2307279.965126,207665.419443,1090450.310588,368.656050,98.711183,210.516706,30.217709,36.261251,85.616842,23.166910,49.355591,7.050799,8.058056,524.780880,141.015976,300.162576,43.312050,51.370105,3.000000,2.000000,3.000000,0.000000,1.000000,0.000000,1.000000,2.000000,0.000000,1.000000,0.000000,1.000000,3.000000,0.000000,1.000000,1553.000000,438.000000,932.000000,136.000000,161.000000,5.000000,
0.049401,0.993500,0.140852,0.123535,0.479493,0.007257,-207.328661,3.172045,1396037.946227,1161963.105931,2307279.965126,207665.419443,1090450.310588,368.656050,98.711183,210.516706,30.217709,36.261251,85.616842,23.166910,49.355591,7.050799,8.058056,524.780880,141.015976,300.162576,43.312050,51.370105,3.000000,2.000000,3.000000,0.000000,1.000000,0.000000,1.000000,2.000000,0.000000,1.000000,0.000000,1.000000,3.000000,0.000000,1.000000,1553.000000,438.000000,932.000000,136.000000,161.000000,5.000000,
0.049401,0.993500,0.140852,0.123535,0.479493,0.007257,-207.328661,3.172045,1396037.946227,1161963.105931,2307279.965126,207665.419443,1090450.310588,368.656050,98.711183,210.516706,30.217709,36.261251,85.616842,23.166910,49.355591,7.050799,8.058056,524.780880,141.015976,300.162576,43.312050,51.370105,3.000000,2.000000,3.000000,0.000000,1.000000,0.000000,1.000000,2.000000,0.000000,1.000000,0.000000,1.000000,3.000000,0.000000,1.000000,1553.000000,438.000000,932.000000,136.000000,161.000000,5.000000,
0.049401,0.993500,0.140852,0.123535,0.479493,0.007257,-207.328661,3.172045,1396037.946227,1161963.105931,2307279.965126,207665.419443,1090450.310588,368.656050,98.711183,210.516706,30.217709,36.261251,85.616842,23.166910,49.355591,7.050799,8.058056,524.780880,141.015976,300.162576,43.312050,51.370105,3.000000,2.000000,3.000000,0.000000,1.000000,0.000000,1.000000,2.000000,0.000000,1.000000,0.000000,1.000000,3.000000,0.000000,1.000000,1553.000000,438.000000,932.000000,136.000000,161.000000,5.000000,
0.049401,0.993500,0.140852,0.123535,0.479493,0.007257,-207.328661,3.172045,1396037.946227,1161963.105931,2307279.965126,207665.419443,1090450.310588,368.656050,98.711183,210.516706,30.217709,36.261251,85.616842,23.166910,49.355591,7.050799,8.058056,524.780880,141.015976,300.162576,43.312050,51.370105,3.000000,2.000000,3.000000,0.000000,1.000000,0.000000,1.000000,2.000000,0.000000,1.000000,0.000000,1.000000,3.000000,0.000000,1.000000,1553.000000,438.000000,932.000000,136.000000,161.000000,5.000000,
0.049401,0.993500,0.140852,0.123535,0.479493,0.007257,-207.328661,3.172045,1396037.946227,1161963.105931,2307279.965126,207665.419443,1090450.310588,368.656050,98.711183,210.516706,30.217709,36.261251,85.616842,23.166910,49.355591,7.050799,8.058056,524.780880,141.015976,300.162576,43.312050,51.370105,3.000000,2.000000,3.000000,0.000000,1.000000,0.000000,1.000000,2.000000,0.000000,1.000000,0.000000,1.000000,3.000000,0.000000,1.000000,1553.000000,438.000000,932.000000,136.000000,161.000000,5.000000,
0.049401,0.993500,0.140852,0.123535,0.479493,0.007257,-207.328661,3.172045,1396037.946227,1161963.105931,2307279.965126,207665.419443,1090450.310588,368.656050,98.711183,210.516706,30.217709,36.261251,85.616842,23.166910,49.355591,7.050799,8.058056,524.780880,141.015976,300.162576,43.312050,51.370105,3.000000,2.000000,3.000000,0.000000,1.000000,0.000000,1.000000,2.000000,0.000000,1.000000,0.000000,1.000000,3.000000,0.000000,1.000000,1553.000000,438.000000,932.000000,136.000000,161.000000,5.000000,
0.049401,0.993500,0.140852,0.123535,0.479493,0.007257,-207.328661,3.172045,1396037.946227,1161963.105931,2307279.965126,207665.419443,1090450.310588,368.656050,98.711183,210.516706,30.217709,36.261251,85.616842,23.166910,49.355591,7.050799,8.058056,524.780880,141.015976,300.162576,43.312050,51.370105,3.000000,2.000000,3.000000,0.000000,1.000000,0.000000,1.000000,2.000000,0.000000,1.000000,0.000000,1.000000,3.000000,0.000000,1.000000,1553.000000,438.000000,932.000000,136.000000,161.000000,5.000000,
0.049401,0.993500,0.140852,0.123535,0.479493,0.007257,-207.328661,3.172045,1396037.946227,1161963.105931,2307279.965126,207665.419443,1090450.310588,368.656050,98.711183,210.516706,30.217709,36.261251,85.616842,23.166910,49.355591,7.050799,8.058056,524.780880,141.015976,300.162576,43.312050,51.370105,3.000000,2.000000,3.000000,0.000000,1.000000,0.000000,1.000000,2.000000,0.000000,1.000000,0.000000,1.000000,3.000000,0.000000,1.000000,1553.000000,438.000000,932.000000,136.000000,161.000000,5.000000,
0.049401,0.993500,0.140852,0.123535,0.479493,0.007257,-207.328661,3.172045,1396037.946227,1161963.105931,2307279.965126,207665.419443,1090450.310588,368.656050,98.711183,210.516706,30.217709,36.261251,85.616842,23.166910,49.355591,7.050799,8.058056,524.780880,141.015976,300.162576,43.312050,51.370105,3.000000,2.000000,3.000000,0.000000,1.000000,0.000000,1.000000,2.000000,0.000000,1.000000,0.000000,1.000000,3.000000,0.000000,1.000000,1553.000000,438.000000,932.000000,136.000000,161.000000,5.000000,
0.049401,0.993500,0.140852,0.123535,0.479493,0.007257,-207.328661,3.172045,1396037.946227,1161963.105931,2307279.965126,207665.419443,1090450.310588,368.656050,98.711183,210.516706,30.217709,36.261251,85.616842,23.166910,49.355591,7.050799,8.058056,524.780880,141.015976,300.162576,43.312050,51.370105,3.000000,2.000000,3.000000,0.000000,1.000000,0.000000,1.000000,2.000000,0.000000,1.000000,0.000000,1.000000,3.000000,0.000000,1.000000,1553.000000,438.000000,932.000000,136.000000,161.000000,5.000000,
0.049401,0.993500,0.140852,0.123535,0.479493,0.007257,-207.328661,3.172045,1396037.946227,1161963.105931,2307279.965126,207665.419443,1090450.310588,368.656050,98.711183,210.516706,30.217709,36.261251,85.616842,23.166910,49.355591,7.050799,8.058056,524.780880,141.015976,300.162576,43.312050,51.370105,3.000000,2.000000,3.000000,0.000000,1.000000,0.000000,1.000000,2.000000,0.000000,1.000000,0.000000,1.000000,3.000000,0.000000,1.000000,1553.000000,438.000000,932.000000,136.000000,161.000000,5.000000,
0.049401,0.993500,0.140852,0.123535,0.479493,0.007257,-207.328661,3.172045,1396037.946227,1161963.105931,2307279.965126,207665.419443,1090450.310588,368.656050,98.711183,210.516706,30.217709,36.261251,85.616842,23.166910,49.355591,7.050799,8.058056,524.780880,141.015976,300.162576,43.312050,51.370105,3.000000,2.000000,3.000000,0.000000,1.000000,0.000000,1.000000,2.000000,0.000000,1.000000,0.000000,1.000000,3.000000,0.000000,1.000000,1553.000000,438.000000,932.000000,136.000000,161.000000,5.000000,
0.049391,0.991027,0.143189,0.123062,0.467709,0.006061,-207.333434,3.176607,1396039.108423,1161963.418003,2307280.629921,207665.515097,1090450.424177,368.218433,98.594007,210.266810,30.181839,36.218207,85.515210,23.139410,49.297003,7.042429,8.048490,524.157933,140.848581,299.806265,43.260636,51.309126,3.000000,2.000000,3.000000,0.000000,1.000000,0.000000,1.000000,2.000000,0.000000,1.000000,0.000000,1.000000,3.000000,0.000000,1.000000,1553.000000,438.000000,932.000000,136.000000,161.000000,5.000000,
0.049391,0.991027,0.143189,0.123062,0.467709,0.006061,-207.333434,3.176607,1396039.108423,1161963.418003,2307280.629921,207665.515097,1090450.424177,368.218433,98.594007,210.266810,30.181839,36.218207,85.515210,23.139410,49.297003,7.042429,8.048490,524.157933,140.848581,299.806265,43.260636,51.309126,3.000000,2.000000,3.000000,0.000000,1.000000,0.000000,1.000000,2.000000,0.000000,1.000000,0.000000,1.000000,3.000000,0.000000,1.000000,1553.000000,438.000000,932.000000,136.000000,161.000000,5.000000,
0.049391,0.991027,0.143189,0.123062,0.467709,0.006061,-207.333434,3.176607,1396039.108423,1161963.418003,2307280.629921,207665.515097,1090450.424177,368.218433,98.594007,210.266810,30.181839,36.218207,85.515210,23.139410,49.297003,7.042429,8.048490,524.157933,140.848581,299.806265,43.260636,51.309126,3.000000,2.000000,3.000000,0.000000,1.000000,0.000000,1.000000,2.000000,0.000000,1.000000,0.000000,1.000000,3.000000,0.000000,1.000000,1553.000000,438.000000,932.000000,136.000000,161.000000,5.000000,
0.049391,0.991027,0.143189,0.123062,0.467709,0.006061,-207.333434,3.176607,1396039.108423,1161963.418003,2307280.629921,207665.515097,1090450.424177,368.218433,98.594007,210.266810,30.181839,36.218207,85.515210,23.139410,49.297003,7.042429,8.048490,524.157933,140.848581,299.806265,43.260636,51.309126,3.000000,2.000000,3.000000,0.000000,1.000000,0.000000,1.000000,2.000000,0.000000,1.000000,0.000000,1.000000,3.000000,0.000000,1.000000,1553.000000,438.000000,932.000000,136.000000,161.000000,5.000000,
0.049391,0.991027,0.143189,0.123062,0.467709,0.006061,-207.333434,3.176607,1396039.108423,1161963.418003,2307280.629921,207665.515097,1090450.424177,368.218433,98.594007,210.266810,30.181839,36.218207,85.515210,23.139410,49.297003,7.042429,8.048490,524.157933,140.848581,299.806265,43.260636,51.309126,3.000000,2.000000,3.000000,0.000000,1.000000,0.000000,1.000000,2.000000,0.000000,1.000000,0.000000,1.000000,3.000000,0.000000,1.000000,1553.000000,438.000000,932.000000,136.000000,161.000000,5.000000,
0.049391,0.991027,0.143189,0.123062,0.467709,0.006061,-207.333434,3.176607,1396039.108423,1161963.418003,2307280.629921,207665.515097,1090450.424177,368.218433,98.594007,210.266810,30.181839,36.218207,85.515210,23.139410,49.297003,7.042429,8.048490,524.157933,140.848581,299.806265,43.260636,51.309126,3.000000,2.000000,3.000000,0.000000,1.000000,0.000000,1.000000,2.000000,0.000000,1.000000,0.000000,1.000000,3.000000,0.000000,1.000000,1553.000000,438.000000,932.000000,136.000000,161.000000,5.000000,
0.049391,0.991027,0.143189,0.123062,0.467709,0.006061,-207.333434,3.176607,1396039.108423,1161963.418003,2307280.629921,207665.515097,1090450.424177,368.218433,98.594007,210.266810,30.181839,36.218207,85.515210,23.139410,49.297003,7.042429,8.048490,524.157933,140.848581,299.806265,43.260636,51.309126,3.000000,2.000000,3.000000,0.000000,1.000000,0.000000,1.000000,2.000000,0.000000,1.000000,0.000000,1.000000,3.000000,0.000000,1.000000,1553.000000,438.000000,932.000000,136.000000,161.000000,5.000000,
0.049391,0.991027,0.143189,0.123062,0.467709,0.006061,-207.333434,3.176607,1396039.108423,1161963.418003,2307280.629921,207665.515097,1090450.424177,368.218433,98.594007,210.266810,30.181839,36.218207,85.515210,23.139410,49.297003,7.042429,8.048490,524.157933,140.848581,299.806265,43.260636,51.309126,3.000000,2.000000,3.000000,0.000000,1.000000,0.000000,1.000000,2.000000,0.000000,1.000000,0.000000,1.000000,3.000000,0.000000,1.000000,1553.000000,438.000000,932.000000,136.000000,161.000000,5.000000,
0.049391,0.991027,0.143189,0.123062,0.467709,0.006061,-207.333434,3.176607,1396039.108423,1161963.418003,2307280.629921,207665.515097,1090450.424177,368.218433,98.594007,210.266810,30.181839,36.218207,85.515210,23.139410,49.297003,7.042429,8.048490,524.157933,140.848581,299.806265,43.260636,51.309126,3.000000,2.000000,3.000000,0.000000,1.000000,0.000000,1.000000,2.000000,0.000000,1.000000,0.000000,1.000000,3.000000,0.000000,1.000000,1553.000000,438.000000,932.000000,136.000000,161.000000,5.000000,
0.049391,0.991027,0.143189,0.123062,0.467709,0.006061,-207.333434,3.176607,1396039.108423,1161963.418003,2307280.629921,207665.515097,1090450.424177,368.218433,98.594007,210.266810,30.181839,36.218207,85.515210,23.139410,49.297003,7.042429,8.048490,524.157933,140.848581,299.806265,43.260636,51.309126,3.000000,2.000000,3.000000,0.000000,1.000000,0.000000,1.000000,2.000000,0.000000,1.000000,0.000000,1.000000,3.000000,0.000000,1.000000,1553.000000,438.000000,932.000000,136.000000,161.000000,5.000000,
0.049391,0.991027,0.143189,0.123062,0.467709,0.006061,-207.333434,3.176607,1396039.108423,1161963.418003,2307280.629921,207665.515097,1090450.424177,368.218433,98.594007,210.266810,30.181839,36.218207,85.515210,23.139410,49.297003,7.042429,8.048490,524.157933,140.848581,299.806265,43.260636,51.309126,3.000000,2.000000,3.000000,0.000000,1.000000,0.000000,1.000000,2.000000,0.000000,1.000000,0.000000,1.000000,3.000000,0.000000,1.000000,1553.000000,438.000000,932.000000,136.000000,161.000000,5.000000,
0.049391,0.991027,0.143189,0.123062,0.467709,0.006061,-207.333434,3.176607,1396039.108423,1161963.418003,2307280.629921,207665.515097,1090450.424177,368.218433,98.594007,210.266810,30.181839,36.218207,85.515210,23.139410,49.297003,7.042429,8.048490,524.157933,140.848581,299.806265,43.260636,51.309126,3.000000,2.000000,3.000000,0.000000,1.000000,0.000000,1.000000,2.000000,0.000000,1.000000,0.000000,1.000000,3.000000,0.000000,1.000000,1553.000000,438.000000,932.000000,136.000000,161.000000,5.000000,
0.049391,0.991027,0.143189,0.123062,0.467709,0.006061,-207.333434,3.176607,1396039.108423,1161963.418003,2307280.629921,207665.515097,1090450.424177,368.218433,98.594007,210.266810,30.181839,36.218207,85.515210,23.139410,49.297003,7.042429,8.048490,524.157933,140.848581,299.806265,43.260636,51.309126,3.000000,2.000000,3.000000,0.000000,1.000000,0.000000,1.000000,2.000000,0.000000,1.000000,0.000000,1.000000,3.000000,0.000000,1.000000,1553.000000,438.000000,932.000000,136.000000,161.000000,5.000000,
0.049391,0.991027,0.143189,0.123062,0.467709,0.006061,-207.333434,3.176607,1396039.108423,1161963.418003,2307280.629921,207665.515097,1090450.424177,368.218433,98.594007,210.266810,30.181839,36.218207,85.515210,23.139410,49.297003,7.042429,8.048490,524.157933,140.848581,299.806265,43.260636,51.309126,3.000000,2.000000,3.000000,0.000000,1.000000,0.000000,1.000000,2.000000,0.000000,1.000000,0.000000,1.000000,3.000000,0.000000,1.000000,1553.000000,438.000000,932.000000,136.000000,161.000000,5.000000,
0.049391,0.991027,0.143189,0.123062,0.467709,0.006061,-207.333434,3.176607,1396039.108423,1161963.418003,2307280.629921,207665.515097,1090450.424177,368.218433,98.594007,210.266810,30.181839,36.218207,85.515210,23.139410,49.297003,7.042429,8.048490,524.157933,140.848581,299.806265,43.260636,51.309126,3.000000,2.000000,3.000000,0.000000,1.000000,0.000000,1.000000,2.000000,0.000000,1.000000,0.000000,1.000000,3.000000,0.000000,1.000000,1553.000000,438.000000,932.000000,136.000000,161.000000,5.000000,
0.049391,0.991027,0.143189,0.123062,0.467709,0.006061,-207.333434,3.176607,1396039.108423,1161963.418003,2307280.629921,207665.515097,1090450.424177,368.218433,98.594007,210.266810,30.181839,36.218207,85.515210,23.139410,49.297003,7.042429,8.048490,524.157933,140.848581,299.806265,43.260636,51.309126,3.000000,2.000000,3.000000,0.000000,1.000000,0.000000,1.000000,2.000000,0.000000,1.000000,0.000000,1.000000,3.000000,0.000000,1.000000,1553.000000,438.000000,932.000000,136.000000,161.000000,5.000000,
0.049391,0.991027,0.143189,0.123062,0.467709,0.006061,-207.333434,3.176607,1396039.108423,1161963.418003,2307280.629921,207665.515097,1090450.424177,368.218433,98.594007,210.266810,30.181839,36.218207,85.515210,23.139410,49.297003,7.042429,8.048490,524.157933,140.848581,299.806265,43.260636,51.309126,3.000000,2.000000,3.000000,0.000000,1.000000,0.000000,1.000000,2.000000,0.000000,1.000000,0.000000,1.000000,3.000000,0.000000,1.000000,1553.000000,438.000000,932.000000,136.000000,161.000000,5.000000,
0.049391,0.991027,0.143189,0.123062,0.467709,0.006061,-207.333434,3.176607,1396039.108423,1161963.418003,2307280.629921,207665.515097,1090450.424177,368.218433,98.594007,210.266810,30.181839,36.218207,85.515210,23.139410,49.297003,7.042429,8.048490,524.157933,140.848581,299.806265,43.260636,51.309126,3.000000,2.000000,3.000000,0.000000,1.000000,0.000000,1.000000,2.000000,0.000000,1.000000,0.000000,1.000000,3.000000,0.000000,1.000000,1553.000000,438.000000,932.000000,136.000000,161.000000,5.000000,
0.049391,0.991027,0.143189,0.123062,0.467709,0.006061,-207.333434,3.176607,1396039.108423,1161963.418003,2307280.629921,207665.515097,1090450.424177,368.218433,98.594007,210.266810,30.181839,36.218207,85.515210,23.139410,49.297003,7.042429,8.048490,524.157933,140.848581,299.806265,43.260636,51.309126,3.000000,2.000000,3.000000,0.000000,1.000000,0.000000,1.000000,2.000000,0.000000,1.000000,0.000000,1.000000,3.000000,0.000000,1.000000,1553.000000,438.000000,932.000000,136.000000,161.000000,5.000000,
0.049391,0.991027,0.143189,0.123062,0.467709,0.006061,-207.333434,3.176607,1396039.108423,1161963.418003,2307280.629921,207665.515097,1090450.424177,368.218433,98.594007,210.266810,30.181839,36.218207,85.515210,23.139410,49.297003,7.042429,8.048490,524.157933,140.848581,299.806265,43.260636,51.309126,3.000000,2.000000,3.000000,0.000000,1.000000,0.000000,1.000000,2.000000,0.000000,1.000000,0.000000,1.000000,3.000000,0.000000,1.000000,1553.000000,438.000000,932.000000,136.000000,161.000000,5.000000,
0.049391,0.991027,0.143189,0.123062,0.467709,0.006061,-207.333434,3.176607,1396039.108423,1161963.418003,2307280.629921,207665.515097,1090450.424177,368.218433,98.594007,210.266810,30.181839,36.218207,85.515210,23.139410,49.297003,7.042429,8.048490,524.157933,140.848581,299.806265,43.260636,51.309126,3.000000,2.000000,3.000000,0.000000,1.000000,0.000000,1.000000,2.000000,0.000000,1.000000,0.000000,1.000000,3.000000,0.000000,1.000000,1553.000000,438.000000,932.000000,136.000000,161.000000,5.000000,
0.049391,0.991027,0.143189,0.123062,0.467709,0.006061,-207.333434,3.176607,1396039.108423,1161963.418003,2307280.629921,207665.515097,1090450.424177,368.218433,98.594007,210.266810,30.181839,36.218207,85.515210,23.139410,49.297003,7.042429,8.048490,524.157933,140.848581,299.806265,43.260636,51.309126,3.000000,2.000000,3.000000,0.000000,1.000000,0.000000,1.000000,2.000000,0.000000,1.000000,0.000000,1.000000,3.000000,0.000000,1.000000,1553.000000,438.000000,932.000000,136.000000,161.000000,5.000000,
0.049391,0.991027,0.143189,0.123062,0.467709,0.006061,-207.333434,3.176607,1396039.108423,1161963.418003,2307280.629921,207665.515097,1090450.424177,368.218433,98.594007,210.266810,30.181839,36.218207,85.515210,23.139410,49.297003,7.042429,8.048490,524.157933,140.848581,299.806265,43.260636,51.309126,3.000000,2.000000,3.000000,0.000000,1.000000,0.000000,1.000000,2.000000,0.000000,1.000000,0.000000,1.000000,3.000000,0.000000,1.000000,1553.000000,438.000000,932.000000,136.000000,161.000000,5.000000,
0.049394,0.994143,0.146672,0.109728,0.474061,0.005483,-206.666439,3.184611,1396039.670505,1161963.568932,2307280.951441,207665.561358,1090450.479113,368.006785,98.537336,210.145951,30.164491,36.197389,85.466057,23.126109,49.268668,7.038381,8.043864,523.856653,140.767623,299.633940,43.235770,51.279634,3.000000,2.000000,3.000000,0.000000,1.000000,0.000000,1.000000,2.000000,0.000000,1.000000,0.000000,1.000000,3.000000,0.000000,1.000000,1553.000000,438.000000,932.000000,136.000000,161.000000,5.000000,
0.049394,0.994143,0.146672,0.109728,0.474061,0.005483,-206.666439,3.184611,1396039.670505,1161963.568932,2307280.951441,207665.561358,1090450.479113,368.006785,98.537336,210.145951,30.164491,36.197389,85.466057,23.126109,49.268668,7.038381,8.043864,523.856653,140.767623,299.633940,43.235770,51.279634,3.000000,2.000000,3.000000,0.000000,1.000000,0.000000,1.000000,2.000000,0.000000,1.000000,0.000000,1.000000,3.000000,0.000000,1.000000,1553.000000,438.000000,932.000000,136.000000,161.000000,5.000000,
0.049373,0.993533,0.145671,0.133313,0.429622,0.004926,-206.813617,3.180987,1396040.212024,1161963.714340,2307281.261199,207665.605928,1090450.532039,367.802880,98.482738,210.029513,30.147777,36.177332,85.418702,23.113296,49.241369,7.034481,8.039407,523.566395,140.689626,299.467919,43.211814,51.251221,3.000000,2.000000,3.000000,0.000000,1.000000,0.000000,1.000000,2.000000,0.000000,1.000000,0.000000,1.000000,3.000000,0.000000,1.000000,1553.000000,438.000000,932.000000,136.000000,161.000000,5.000000,
0.049391,0.997024,0.143672,0.107562,0.503875,0.004170,-205.888453,3.177731,1396040.946331,1161963.911515,2307281.681235,207665.666365,1090450.603808,367.526382,98.408703,209.871622,30.125113,36.150136,85.354488,23.095920,49.204352,7.029193,8.033364,523.172800,140.583862,299.242792,43.179329,51.212693,3.000000,2.000000,3.000000,0.000000,1.000000,0.000000,1.000000,2.000000,0.000000,1.000000,0.000000,1.000000,3.000000,0.000000,1.000000,1553.000000,438.000000,932.000000,136.000000,161.000000,5.000000,
0.049391,0.997024,0.143672,0.107562,0.503875,0.004170,-205.888453,3.177731,1396040.946331,1161963.911515,2307281.681235,207665.666365,1090450.603808,367.526382,98.408703,209.871622,30.125113,36.150136,85.354488,23.095920,49.204352,7.029193,8.033364,523.172800,140.583862,299.242792,43.179329,51.212693,3.000000,2.000000,3.000000,0.000000,1.000000,0.000000,1.000000,2.000000,0.000000,1.000000,0.000000,1.000000,3.000000,0.000000,1.000000,1553.000000,438.000000,932.000000,136.000000,161.000000,5.000000,
0.049370,0.999987,0.145061,0.103259,0.512639,0.003690,-205.600814,3.179475,1396041.413111,1161964.036854,2307281.948240,207665.704783,1090450.649430,367.350619,98.361641,209.771255,30.110706,36.132848,85.313668,23.084875,49.180821,7.025832,8.029522,522.922602,140.516630,299.099684,43.158679,51.188201,3.000000,2.000000,3.000000,0.000000,1.000000,0.000000,1.000000,2.000000,0.000000,1.000000,0.000000,1.000000,3.000000,0.000000,1.000000,1553.000000,438.000000,932.000000,136.000000,161.000000,5.000000,
0.049370,0.999987,0.145061,0.103259,0.512639,0.003690,-205.600814,3.179475,1396041.413111,1161964.036854,2307281.948240,207665.704783,1090450.649430,367.350619,98.361641,209.771255,30.110706,36.132848,85.313668,23.084875,49.180821,7.025832,8.029522,522.922602,140.516630,299.099684,43.158679,51.188201,3.000000,2.000000,3.000000,0.000000,1.000000,0.000000,1.000000,2.000000,0.000000,1.000000,0.000000,1.000000,3.000000,0.000000,1.000000,1553.000000,438.000000,932.000000,136.000000,161.000000,5.000000,
0.049370,0.999987,0.145061,0.103259,0.512639,0.003690,-205.600814,3.179475,1396041.413111,1161964.036854,2307281.948240,207665.704783,1090450.649430,367.350619,98.361641,209.771255,30.110706,36.132848,85.313668,23.084875,49.180821,7.025832,8.029522,522.922602,140.516630,299.099684,43.158679,51.188201,3.000000,2.000000,3.000000,0.000000,1.000000,0.000000,1.000000,2.000000,0.000000,1.000000,0.000000,1.000000,3.000000,0.000000,1.000000,1553.000000,438.000000,932.000000,136.000000,161.000000,5.000000,
0.049370,0.999987,0.145061,0.103259,0.512639,0.003690,-205.600814,3.179475,1396041.413111,1161964.036854,2307281.948240,207665.704783,1090450.649430,367.350619,98.361641,209.771255,30.110706,36.132848,85.313668,23.084875,49.180821,7.025832,8.029522,522.922602,140.516630,299.099684,43.158679,51.188201,3.000000,2.000000,3.000000,0.000000,1.000000,0.000000,1.000000,2.000000,0.000000,1.000000,0.000000,1.000000,3.000000,0.000000,1.000000,1553.000000,438.000000,932.000000,136.000000,161.000000,5.000000,
0.049401,0.992673,0.145200,0.089686,0.536604,0.003719,-207.308940,3.181779,1396041.385153,1161964.029347,2307281.932248,207665.702482,1090450.646697,367.361146,98.364460,209.777267,30.111569,36.133883,85.316113,23.085537,49.182230,7.026033,8.029752,522.937588,140.520657,299.108256,43.159916,51.189668,3.000000,2.000000,3.000000,0.000000,1.000000,0.000000,1.000000,2.000000,0.000000,1.000000,0.000000,1.000000,3.000000,0.000000,1.000000,1553.000000,438.000000,932.000000,136.000000,161.000000,5.000000,
0.049401,0.992673,0.145200,0.089686,0.536604,0.003719,-207.308940,3.181779,1396041.385153,1161964.029347,2307281.932248,207665.702482,1090450.646697,367.361146,98.364460,209.777267,30.111569,36.133883,85.316113,23.085537,49.182230,7.026033,8.029752,522.937588,140.520657,299.108256,43.159916,51.189668,3.000000,2.000000,3.000000,0.000000,1.000000,0.000000,1.000000,2.000000,0.000000,1.000000,0.000000,1.000000,3.000000,0.000000,1.000000,1553.000000,438.000000,932.000000,136.000000,161.000000,5.000000,
0.049401,0.992673,0.145200,0.089686,0.536604,0.003719,-207.308940,3.181779,1396041.385153,1161964.029347,2307281.932248,207665.702482,1090450.646697,367.361146,98.364460,209.777267,30.111569,36.133883,85.316113,23.085537,49.182230,7.026033,8.029752,522.937588,140.520657,299.108256,43.159916,51.189668,3.000000,2.000000,3.000000,0.000000,1.000000,0.000000,1.000000,2.000000,0.000000,1.000000,0.000000,1.000000,3.000000,0.000000,1.000000,1553.000000,438.000000,932.000000,136.000000,161.000000,5.000000,
0.049401,0.992673,0.145200,0.089686,0.536604,0.003719,-207.308940,3.181779,1396041.385153,1161964.029347,2307281.932248,207665.702482,1090450.646697,367.361146,98.364460,209.777267,30.111569,36.133883,85.316113,23.085537,49.182230,7.026033,8.029752,522.937588,140.520657,299.108256,43.159916,51.189668,3.000000,2.000000,3.000000,0.000000,1.000000,0.000000,1.000000,2.000000,0.000000,1.000000,0.000000,1.000000,3.000000,0.000000,1.000000,1553.000000,438.000000,932.000000,136.000000,161.000000,5.000000,
0.049401,0.992673,0.145200,0.089686,0.536604,0.003719,-207.308940,3.181779,1396041.385153,1161964.029347,2307281.932248,207665.702482,1090450.646697,367.361146,98.364460,209.777267,30.111569,36.133883,85.316113,23.085537,49.182230,7.026033,8.029752,522.937588,140.520657,299.108256,43.159916,51.189668,3.000000,2.000000,3.000000,0.000000,1.000000,0.000000,1.000000,2.000000,0.000000,1.000000,0.000000,1.000000,3.000000,0.000000,1.000000,1553.000000,438.000000,932.000000,136.000000,161.000000,5.000000,
0.049401,0.992673,0.145200,0.089686,0.536604,0.003719,-207.308940,3.181779,1396041.385153,1161964.029347,2307281.932248,207665.702482,1090450.646697,367.361146,98.364460,209.777267,30.111569,36.133883,85.316113,23.085537,49.182230,7.026033,8.029752,522.937588,140.520657,299.108256,43.159916,51.189668,3.000000,2.000000,3.000000,0.000000,1.000000,0.000000,1.000000,2.000000,0.000000,1.000000,0.000000,1.000000,3.000000,0.000000,1.000000,1553.000000,438.000000,932.000000,136.000000,161.000000,5.000000,
0.049401,0.992673,0.145200,0.089686,0.536604,0.003719,-207.308940,3.181779,1396041.385153,1161964.029347,2307281.932248,207665.702482,1090450.646697,367.361146,98.364460,209.777267,30.111569,36.133883,85.316113,23.085537,49.182230,7.026033,8.029752,522.937588,140.520657,299.108256,43.159916,51.189668,3.000000,2.000000,3.000000,0.000000,1.000000,0.000000,1.000000,2.000000,0.000000,1.000000,0.000000,1.000000,3.000000,0.000000,1.000000,1553.000000,438.000000,932.000000,136.000000,161.000000,5.000000,
0.049401,0.992673,0.145200,0.089686,0.536604,0.003719,-207.308940,3.181779,1396041.385153,1161964.029347,2307281.932248,207665.702482,1090450.646697,367.361146,98.364460,209.777267,30.111569,36.133883,85.316113,23.085537,49.182230,7.026033,8.029752,522.937588,140.520657,299.108256,43.159916,51.189668,3.000000,2.000000,3.000000,0.000000,1.000000,0.000000,1.000000,2.000000,0.000000,1.000000,0.000000,1.000000,3.000000,0.000000,1.000000,1553.000000,438.000000,932.000000,136.000000,161.000000,5.000000,
0.049401,0.992673,0.145200,0.089686,0.536604,0.003719,-207.308940,3.181779,1396041.385153,1161964.029347,2307281.932248,207665.702482,1090450.646697,367.361146,98.364460,209.777267,30.111569,36.133883,85.316113,23.085537,49.182230,7.026033,8.029752,522.937588,140.520657,299.108256,43.159916,51.189668,3.000000,2.000000,3.000000,0.000000,1.000000,0.000000,1.000000,2.000000,0.000000,1.000000,0.000000,1.000000,3.000000,0.000000,1.000000,1553.000000,438.000000,932.000000,136.000000,161.000000,5.000000,
0.049401,0.992673,0.145200,0.089686,0.536604,0.003719,-207.308940,3.181779,1396041.385153,1161964.029347,2307281.932248,207665.702482,1090450.646697,367.361146,98.364460,209.777267,30.111569,36.133883,85.316113,23.085537,49.182230,7.026033,8.029752,522.937588,140.520657,299.108256,43.159916,51.189668,3.000000,2.000000,3.000000,0.000000,1.000000,0.000000,1.000000,2.000000,0.000000,1.000000,0.000000,1.000000,3.000000,0.000000,1.000000,1553.000000,438.000000,932.000000,136.000000,161.000000,5.000000,
0.049401,0.992673,0.145200,0.089686,0.536604,0.003719,-207.308940,3.181779,1396041.385153,1161964.029347,2307281.932248,207665.702482,1090450.646697,367.361146,98.364460,209.777267,30.111569,36.133883,85.316113,23.085537,49.182230,7.026033,8.029752,522.937588,140.520657,299.108256,43.159916,51.189668,3.000000,2.000000,3.000000,0.000000,1.000000,0.000000,1.000000,2.000000,0.000000,1.000000,0.000000,1.000000,3.000000,0.000000,1.000000,1553.000000,438.000000,932.000000,136.000000,161.000000,5.000000,
0.049401,0.992673,0.145200,0.089686,0.536604,0.003719,-207.308940,3.181779,1396041.385153,1161964.029347,2307281.932248,207665.702482,1090450.646697,367.361146,98.364460,209.777267,30.111569,36.133883,85.316113,23.085537,49.182230,7.026033,8.029752,522.937588,140.520657,299.108256,43.159916,51.189668,3.000000,2.000000,3.000000,0.000000,1.000000,0.000000,1.000000,2.000000,0.000000,1.000000,0.000000,1.000000,3.000000,0.000000,1.000000,1553.000000,438.000000,932.000000,136.000000,161.000000,5.000000,
0.049289,0.999124,0.144886,0.124837,0.474805,0.005799,-207.006703,3.173875,1396039.363319,1161963.486447,2307280.775726,207665.536076,1090450.449090,368.122454,98.568307,210.212002,30.173972,36.208766,85.492920,23.133378,49.284154,7.040593,8.046392,524.021308,140.811868,299.728118,43.249359,51.295752,3.000000,2.000000,3.000000,0.000000,1.000000,0.000000,1.000000,2.000000,0.000000,1.000000,0.000000,1.000000,3.000000,0.000000,1.000000,1553.000000,438.000000,932.000000,136.000000,161.000000,5.000000,
0.049289,0.999124,0.144886,0.124837,0.474805,0.005799,-207.006703,3.173875,1396039.363319,1161963.486447,2307280.775726,207665.536076,1090450.449090,368.122454,98.568307,210.212002,30.173972,36.208766,85.492920,23.133378,49.284154,7.040593,8.046392,524.021308,140.811868,299.728118,43.249359,51.295752,3.000000,2.000000,3.000000,0.000000,1.000000,0.000000,1.000000,2.000000,0.000000,1.000000,0.000000,1.000000,3.000000,0.000000,1.000000,1553.000000,438.000000,932.000000,136.000000,161.000000,5.000000,
0.049289,0.999124,0.144886,0.124837,0.474805,0.005799,-207.006703,3.173875,1396039.363319,1161963.486447,2307280.775726,207665.536076,1090450.449090,368.122454,98.568307,210.212002,30.173972,36.208766,85.492920,23.133378,49.284154,7.040593,8.046392,524.021308,140.811868,299.728118,43.249359,51.295752,3.000000,2.000000,3.000000,0.000000,1.000000,0.000000,1.000000,2.000000,0.000000,1.000000,0.000000,1.000000,3.000000,0.000000,1.000000,1553.000000,438.000000,932.000000,136.000000,161.000000,5.000000,
0.049289,0.999124,0.144886,0.124837,0.474805,0.005799,-207.006703,3.173875,1396039.363319,1161963.486447,2307280.775726,207665.536076,1090450.449090,368.122454,98.568307,210.212002,30.173972,36.208766,85.492920,23.133378,49.284154,7.040593,8.046392,524.021308,140.811868,299.728118,43.249359,51.295752,3.000000,2.000000,3.000000,0.000000,1.000000,0.000000,1.000000,2.000000,0.000000,1.000000,0.000000,1.000000,3.000000,0.000000,1.000000,1553.000000,438.000000,932.000000,136.000000,161.000000,5.000000,
0.049289,0.999124,0.144886,0.124837,0.474805,0.005799,-207.006703,3.173875,1396039.363319,1161963.486447,2307280.775726,207665.536076,1090450.449090,368.122454,98.568307,210.212002,30.173972,36.208766,85.492920,23.133378,49.284154,7.040593,8.046392,524.021308,140.811868,299.728118,43.249359,51.295752,3.000000,2.000000,3.000000,0.000000,1.000000,0.000000,1.000000,2.000000,0.000000,1.000000,0.000000,1.000000,3.000000,0.000000,1.000000,1553.000000,438.000000,932.000000,136.000000,161.000000,5.000000,
0.049289,0.999124,0.144886,0.124837,0.474805,0.005799,-207.006703,3.173875,1396039.363319,1161963.486447,2307280.775726,207665.536076,1090450.449090,368.122454,98.568307,210.212002,30.173972,36.208766,85.492920,23.133378,49.284154,7.040593,8.046392,524.021308,140.811868,299.728118,43.249359,51.295752,3.000000,2.000000,3.000000,0.000000,1.000000,0.000000,1.000000,2.000000,0.000000,1.000000,0.000000,1.000000,3.000000,0.000000,1.000000,1553.000000,438.000000,932.000000,136.000000,161.000000,5.000000,
0.049289,0.999124,0.144886,0.124837,0.474805,0.005799,-207.006703,3.173875,1396039.363319,1161963.486447,2307280.775726,207665.536076,1090450.449090,368.122454,98.568307,210.212002,30.173972,36.208766,85.492920,23.133378,49.284154,7.040593,8.046392,524.021308,140.811868,299.728118,43.249359,51.295752,3.000000,2.000000,3.000000,0.000000,1.000000,0.000000,1.000000,2.000000,0.000000,1.000000,0.000000,1.000000,3.000000,0.000000,1.000000,1553.000000,438.000000,932.000000,136.000000,161.000000,5.000000,
0.049289,0.999124,0.144886,0.124837,0.474805,0.005799,-207.006703,3.173875,1396039.363319,1161963.486447,2307280.775726,207665.536076,1090450.449090,368.122454,98.568307,210.212002,30.173972,36.208766,85.492920,23.133378,49.284154,7.040593,8.046392,524.021308,140.811868,299.728118,43.249359,51.295752,3.000000,2.000000,3.000000,0.000000,1.000000,0.000000,1.000000,2.000000,0.000000,1.000000,0.000000,1.000000,3.000000,0.000000,1.000000,1553.000000,438.000000,932.000000,136.000000,161.000000,5.000000,
0.049289,0.999124,0.144886,0.124837,0.474805,0.005799,-207.006703,3.173875,1396039.363319,1161963.486447,2307280.775726,207665.536076,1090450.449090,368.122454,98.568307,210.212002,30.173972,36.208766,85.492920,23.133378,49.284154,7.040593,8.046392,524.021308,140.811868,299.728118,43.249359,51.295752,3.000000,2.000000,3.000000,0.000000,1.000000,0.000000,1.000000,2.000000,0.000000,1.000000,0.000000,1.000000,3.000000,0.000000,1.000000,1553.000000,438.000000,932.000000,136.000000,161.000000,5.000000,
0.049289,0.999124,0.144886,0.124837,0.474805,0.005799,-207.006703,3.173875,1396039.363319,1161963.486447,2307280.775726,207665.536076,1090450.449090,368.122454,98.568307,210.212002,30.173972,36.208766,85.492920,23.133378,49.284154,7.040593,8.046392,524.021308,140.811868,299.728118,43.249359,51.295752,3.000000,2.000000,3.000000,0.000000,1.000000,0.000000,1.000000,2.000000,0.000000,1.000000,0.000000,1.000000,3.000000,0.000000,1.000000,1553.000000,438.000000,932.000000,136.000000,161.000000,5.000000,
0.049289,0.999124,0.144886,0.124837,0.474805,0.005799,-207.006703,3.173875,1396039.363319,1161963.486447,2307280.775726,207665.536076,1090450.449090,368.122454,98.568307,210.212002,30.173972,36.208766,85.492920,23.133378,49.284154,7.040593,8.046392,524.021308,140.811868,299.728118,43.249359,51.295752,3.000000,2.000000,3.000000,0.000000,1.000000,0.000000,1.000000,2.000000,0.000000,1.000000,0.000000,1.000000,3.000000,0.000000,1.000000,1553.000000,438.000000,932.000000,136.000000,161.000000,5.000000,
0.049289,0.999124,0.144886,0.124837,0.474805,0.005799,-207.006703,3.173875,1396039.363319,1161963.486447,2307280.775726,207665.536076,1090450.449090,368.122454,98.568307,210.212002,30.173972,36.208766,85.492920,23.133378,49.284154,7.040593,8.046392,524.021308,140.811868,299.728118,43.249359,51.295752,3.000000,2.000000,3.000000,0.000000,1.000000,0.000000,1.000000,2.000000,0.000000,1.000000,0.000000,1.000000,3.000000,0.000000,1.000000,1553.000000,438.000000,932.000000,136.000000,161.000000,5.000000,
0.049289,0.999124,0.144886,0.124837,0.474805,0.005799,-207.006703,3.173875,1396039.363319,1161963.486447,2307280.775726,207665.536076,1090450.449090,368.122454,98.568307,210.212002,30.173972,36.208766,85.492920,23.133378,49.284154,7.040593,8.046392,524.021308,140.811868,299.728118,43.249359,51.295752,3.000000,2.000000,3.000000,0.000000,1.000000,0.000000,1.000000,2.000000,0.000000,1.000000,0.000000,1.000000,3.000000,0.000000,1.000000,1553.000000,438.000000,932.000000,136.000000,161.000000,5.000000,
0.049289,0.999124,0.144886,0.124837,0.474805,0.005799,-207.006703,3.173875,1396039.363319,1161963.486447,2307280.775726,207665.536076,1090450.449090,368.122454,98.568307,210.212002,30.173972,36.208766,85.492920,23.133378,49.284154,7.040593,8.046392,524.021308,140.811868,299.728118,43.249359,51.295752,3.000000,2.000000,3.000000,0.000000,1.000000,0.000000,1.000000,2.000000,0.000000,1.000000,0.000000,1.000000,3.000000,0.000000,1.000000,1553.000000,438.000000,932.000000,136.000000,161.000000,5.000000,
0.049289,0.999124,0.144886,0.124837,0.474805,0.005799,-207.006703,3.173875,1396039.363319,1161963.486447,2307280.775726,207665.536076,1090450.449090,368.122454,98.568307,210.212002,30.173972,36.208766,85.492920,23.133378,49.284154,7.040593,8.046392,524.021308,140.811868,299.728118,43.249359,51.295752,3.000000,2.000000,3.000000,0.000000,1.000000,0.000000,1.000000,2.000000,0.000000,1.000000,0.000000,1.000000,3.000000,0.000000,1.000000,1553.000000,438.000000,932.000000,136.000000,161.000000,5.000000,
0.049289,0.999124,0.144886,0.124837,0.474805,0.005799,-207.006703,3.173875,1396039.363319,1161963.486447,2307280.775726,207665.536076,1090450.449090,368.122454,98.568307,210.212002,30.173972,36.208766,85.492920,23.133378,49.284154,7.040593,8.046392,524.021308,140.811868,299.728118,43.249359,51.295752,3.000000,2.000000,3.000000,0.000000,1.000000,0.000000,1.000000,2.000000,0.000000,1.000000,0.000000,1.000000,3.000000,0.000000,1.000000,1553.000000,438.000000,932.000000,136.000000,161.000000,5.000000,
0.049289,0.999124,0.144886,0.124837,0.474805,0.005799,-207.006703,3.173875,1396039.363319,1161963.486447,2307280.775726,207665.536076,1090450.449090,368.122454,98.568307,210.212002,30.173972,36.208766,85.492920,23.133378,49.284154,7.040593,8.046392,524.021308,140.811868,299.728118,43.249359,51.295752,3.000000,2.000000,3.000000,0.000000,1.000000,0.000000,1.000000,2.000000,0.000000,1.000000,0.000000,1.000000,3.000000,0.000000,1.000000,1553.000000,438.000000,932.000000,136.000000,161.000000,5.000000,
0.049289,0.999124,0.144886,0.124837,0.474805,0.005799,-207.006703,3.173875,1396039.363319,1161963.486447,2307280.775726,207665.536076,1090450.449090,368.122454,98.568307,210.212002,30.173972,36.208766,85.492920,23.133378,49.284154,7.040593,8.046392,524.021308,140.811868,299.728118,43.249359,51.295752,3.000000,2.000000,3.000000,0.000000,1.000000,0.000000,1.000000,2.000000,0.000000,1.000000,0.000000,1.000000,3.000000,0.000000,1.000000,1553.000000,438.000000,932.000000,136.000000,161.000000,5.000000,
0.049289,0.999124,0.144886,0.124837,0.474805,0.005799,-207.006703,3.173875,1396039.363319,1161963.486447,2307280.775726,207665.536076,1090450.449090,368.122454,98.568307,210.212002,30.173972,36.208766,85.492920,23.133378,49.284154,7.040593,8.046392,524.021308,140.811868,299.728118,43.249359,51.295752,3.000000,2.000000,3.000000,0.000000,1.000000,0.000000,1.000000,2.000000,0.000000,1.000000,0.000000,1.000000,3.000000,0.000000,1.000000,1553.000000,438.000000,932.000000,136.000000,161.000000,5.000000,
0.049289,0.999124,0.144886,0.124837,0.474805,0.005799,-207.006703,3.173875,1396039.363319,1161963.486447,2307280.775726,207665.536076,1090450.449090,368.122454,98.568307,210.212002,30.173972,36.208766,85.492920,23.133378,49.284154,7.040593,8.046392,524.021308,140.811868,299.728118,43.249359,51.295752,3.000000,2.000000,3.000000,0.000000,1.000000,0.000000,1.000000,2.000000,0.000000,1.000000,0.000000,1.000000,3.000000,0.000000,1.000000,1553.000000,438.000000,932.000000,136.000000,161.000000,5.000000,
0.049289,0.999124,0.144886,0.124837,0.474805,0.005799,-207.006703,3.173875,1396039.363319,1161963.486447,2307280.775726,207665.536076,1090450.449090,368.122454,98.568307,210.212002,30.173972,36.208766,85.492920,23.133378,49.284154,7.040593,8.046392,524.021308,140.811868,299.728118,43.249359,51.295752,3.000000,2.000000,3.000000,0.000000,1.000000,0.000000,1.000000,2.000000,0.000000,1.000000,0.000000,1.000000,3.000000,0.000000,1.000000,1553.000000,438.000000,932.000000,136.000000,161.000000,5.000000,
0.049289,0.999124,0.144886,0.124837,0.474805,0.005799,-207.006703,3.173875,1396039.363319,1161963.486447,2307280.775726,207665.536076,1090450.449090,368.122454,98.568307,210.212002,30.173972,36.208766,85.492920,23.133378,49.284154,7.040593,8.046392,524.021308,140.811868,299.728118,43.249359,51.295752,3.000000,2.000000,3.000000,0.000000,1.000000,0.000000,1.000000,2.000000,0.000000,1.000000,0.000000,1.000000,3.000000,0.000000,1.000000,1553.000000,438.000000,932.000000,136.000000,161.000000,5.000000,
0.049322,0.998370,0.146575,0.112027,0.488403,0.005851,-206.447140,3.179745,1396039.312739,1161963.472865,2307280.746793,207665.531913,1090450.444146,368.141500,98.573407,210.222878,30.175533,36.210639,85.497343,23.134575,49.286703,7.040958,8.046809,524.048419,140.819153,299.743625,43.251597,51.298406,3.000000,2.000000,3.000000,0.000000,1.000000,0.000000,1.000000,2.000000,0.000000,1.000000,0.000000,1.000000,3.000000,0.000000,1.000000,1553.000000,438.000000,932.000000,136.000000,161.000000,5.000000,
0.049322,0.998370,0.146575,0.112027,0.488403,0.005851,-206.447140,3.179745,1396039.312739,1161963.472865,2307280.746793,207665.531913,1090450.444146,368.141500,98.573407,210.222878,30.175533,36.210639,85.497343,23.134575,49.286703,7.040958,8.046809,524.048419,140.819153,299.743625,43.251597,51.298406,3.000000,2.000000,3.000000,0.000000,1.000000,0.000000,1.000000,2.000000,0.000000,1.000000,0.000000,1.000000,3.000000,0.000000,1.000000,1553.000000,438.000000,932.000000,136.000000,161.000000,5.000000,
0.049322,0.998370,0.146575,0.112027,0.488403,0.005851,-206.447140,3.179745,1396039.312739,1161963.472865,2307280.746793,207665.531913,1090450.444146,368.141500,98.573407,210.222878,30.175533,36.210639,85.497343,23.134575,49.286703,7.040958,8.046809,524.048419,140.819153,299.743625,43.251597,51.298406,3.000000,2.000000,3.000000,0.000000,1.000000,0.000000,1.000000,2.000000,0.000000,1.000000,0.000000,1.000000,3.000000,0.000000,1.000000,1553.000000,438.000000,932.000000,136.000000,161.000000,5.000000,
0.049322,0.998370,0.146575,0.112027,0.488403,0.005851,-206.447140,3.179745,1396039.312739,1161963.472865,2307280.746793,207665.531913,1090450.444146,368.141500,98.573407,210.222878,30.175533,36.210639,85.497343,23.134575,49.286703,7.040958,8.046809,524.048419,140.819153,299.743625,43.251597,51.298406,3.000000,2.000000,3.000000,0.000000,1.000000,0.000000,1.000000,2.000000,0.000000,1.000000,0.000000,1.000000,3.000000,0.000000,1.000000,1553.000000,438.000000,932.000000,136.000000,161.000000,5.000000,
0.049322,0.998370,0.146575,0.112027,0.488403,0.005851,-206.447140,3.179745,1396039.312739,1161963.472865,2307280.746793,207665.531913,1090450.444146,368.141500,98.573407,210.222878,30.175533,36.210639,85.497343,23.134575,49.286703,7.040958,8.046809,524.048419,140.819153,299.743625,43.251597,51.298406,3.000000,2.000000,3.000000,0.000000,1.000000,0.000000,1.000000,2.000000,0.000000,1.000000,0.000000,1.000000,3.000000,0.000000,1.000000,1553.000000,438.000000,932.000000,136.000000,161.000000,5.000000,
0.049322,0.998370,0.146575,0.112027,0.488403,0.005851,-206.447140,3.179745,1396039.312739,1161963.472865,2307280.746793,207665.531913,1090450.444146,368.141500,98.573407,210.222878,30.175533,36.210639,85.497343,23.134575,49.286703,7.040958,8.046809,524.048419,140.819153,299.743625,43.251597,51.298406,3.000000,2.000000,3.000000,0.000000,1.000000,0.000000,1.000000,2.000000,0.000000,1.000000,0.000000,1.000000,3.000000,0.000000,1.000000,1553.000000,438.000000,932.000000,136.000000,161.000000,5.000000,
0.049322,0.998370,0.146575,0.112027,0.488403,0.005851,-206.447140,3.179745,1396039.312739,1161963.472865,2307280.746793,207665.531913,1090450.444146,368.141500,98.573407,210.222878,30.175533,36.210639,85.497343,23.134575,49.286703,7.040958,8.046809,524.048419,140.819153,299.743625,43.251597,51.298406,3.000000,2.000000,3.000000,0.000000,1.000000,0.000000,1.000000,2.000000,0.000000,1.000000,0.000000,1.000000,3.000000,0.000000,1.000000,1553.000000,438.000000,932.000000,136.000000,161.000000,5.000000,
0.049322,0.998370,0.146575,0.112027,0.488403,0.005851,-206.447140,3.179745,1396039.312739,1161963.472865,2307280.746793,207665.531913,1090450.444146,368.141500,98.573407,210.222878,30.175533,36.210639,85.497343,23.134575,49.286703,7.040958,8.046809,524.048419,140.819153,299.743625,43.251597,51.298406,3.000000,2.000000,3.000000,0.000000,1.000000,0.000000,1.000000,2.000000,0.000000,1.000000,0.000000,1.000000,3.000000,0.000000,1.000000,1553.000000,438.000000,932.000000,136.000000,161.000000,5.000000,
0.049322,0.998370,0.146575,0.112027,0.488403,0.005851,-206.447140,3.179745,1396039.312739,1161963.472865,2307280.746793,207665.531913,1090450.444146,368.141500,98.573407,210.222878,30.175533,36.210639,85.497343,23.134575,49.286703,7.040958,8.046809,524.048419,140.819153,299.743625,43.251597,51.298406,3.000000,2.000000,3.000000,0.000000,1.000000,0.000000,1.000000,2.000000,0.000000,1.000000,0.000000,1.000000,3.000000,0.000000,1.000000,1553.000000,438.000000,932.000000,136.000000,161.000000,5.000000,
0.049322,0.998370,0.146575,0.112027,0.488403,0.005851,-206.447140,3.179745,1396039.312739,1161963.472865,2307280.746793,207665.531913,1090450.444146,368.141500,98.573407,210.222878,30.175533,36.210639,85.497343,23.134575,49.286703,7.040958,8.046809,524.048419,140.819153,299.743625,43.251597,51.298406,3.000000,2.000000,3.000000,0.000000,1.000000,0.000000,1.000000,2.000000,0.000000,1.000000,0.000000,1.000000,3.000000,0.000000,1.000000,1553.000000,438.000000,932.000000,136.000000,161.000000,5.000000,
0.049322,0.998370,0.146575,0.112027,0.488403,0.005851,-206.447140,3.179745,1396039.312739,1161963.472865,2307280.746793,207665.531913,1090450.444146,368.141500,98.573407,210.222878,30.175533,36.210639,85.497343,23.134575,49.286703,7.040958,8.046809,524.048419,140.819153,299.743625,43.251597,51.298406,3.000000,2.000000,3.000000,0.000000,1.000000,0.000000,1.000000,2.000000,0.000000,1.000000,0.000000,1.000000,3.000000,0.000000,1.000000,1553.000000,438.000000,932.000000,136.000000,161.000000,5.000000,
0.049322,0.998370,0.146575,0.112027,0.488403,0.005851,-206.447140,3.179745,1396039.312739,1161963.472865,2307280.746793,207665.531913,1090450.444146,368.141500,98.573407,210.222878,30.175533,36.210639,85.497343,23.134575,49.286703,7.040958,8.046809,524.048419,140.819153,299.743625,43.251597,51.298406,3.000000,2.000000,3.000000,0.000000,1.000000,0.000000,1.000000,2.000000,0.000000,1.000000,0.000000,1.000000,3.000000,0.000000,1.000000,1553.000000,438.000000,932.000000,136.000000,161.000000,5.000000,
0.049322,0.998370,0.146575,0.112027,0.488403,0.005851,-206.447140,3.179745,1396039.312739,1161963.472865,2307280.746793,207665.531913,1090450.444146,368.141500,98.573407,210.222878,30.175533,36.210639,85.497343,23.134575,49.286703,7.040958,8.046809,524.048419,140.819153,299.743625,43.251597,51.298406,3.000000,2.000000,3.000000,0.000000,1.000000,0.000000,1.000000,2.000000,0.000000,1.000000,0.000000,1.000000,3.000000,0.000000,1.000000,1553.000000,438.000000,932.000000,136.000000,161.000000,5.000000,
0.049322,0.998370,0.146575,0.112027,0.488403,0.005851,-206.447140,3.179745,1396039.312739,1161963.472865,2307280.746793,207665.531913,1090450.444146,368.141500,98.573407,210.222878,30.175533,36.210639,85.497343,23.134575,49.286703,7.040958,8.046809,524.048419,140.819153,299.743625,43.251597,51.298406,3.000000,2.000000,3.000000,0.000000,1.000000,0.000000,1.000000,2.000000,0.000000,1.000000,0.000000,1.000000,3.000000,0.000000,1.000000,1553.000000,438.000000,932.000000,136.000000,161.000000,5.000000,
0.049322,0.998370,0.146575,0.112027,0.488403,0.005851,-206.447140,3.179745,1396039.312739,1161963.472865,2307280.746793,207665.531913,1090450.444146,368.141500,98.573407,210.222878,30.175533,36.210639,85.497343,23.134575,49.286703,7.040958,8.046809,524.048419,140.819153,299.743625,43.251597,51.298406,3.000000,2.000000,3.000000,0.000000,1.000000,0.000000,1.000000,2.000000,0.000000,1.000000,0.000000,1.000000,3.000000,0.000000,1.000000,1553.000000,438.000000,932.000000,136.000000,161.000000,5.000000,
0.049322,0.998370,0.146575,0.112027,0.488403,0.005851,-206.447140,3.179745,1396039.312739,1161963.472865,2307280.746793,207665.531913,1090450.444146,368.141500,98.573407,210.222878,30.175533,36.210639,85.497343,23.134575,49.286703,7.040958,8.046809,524.048419,140.819153,299.743625,43.251597,51.298406,3.000000,2.000000,3.000000,0.000000,1.000000,0.000000,1.000000,2.000000,0.000000,1.000000,0.000000,1.000000,3.000000,0.000000,1.000000,1553.000000,438.000000,932.000000,136.000000,161.000000,5.000000,
0.049322,0.998370,0.146575,0.112027,0.488403,0.005851,-206.447140,3.179745,1396039.312739,1161963.472865,2307280.746793,207665.531913,1090450.444146,368.141500,98.573407,210.222878,30.175533,36.210639,85.497343,23.134575,49.286703,7.040958,8.046809,524.048419,140.819153,299.743625,43.251597,51.298406,3.000000,2.000000,3.000000,0.000000,1.000000,0.000000,1.000000,2.000000,0.000000,1.000000,0.000000,1.000000,3.000000,0.000000,1.000000,1553.000000,438.000000,932.000000,136.000000,161.000000,5.000000,
0.049322,0.998370,0.146575,0.112027,0.488403,0.005851,-206.447140,3.179745,1396039.312739,1161963.472865,2307280.746793,207665.531913,1090450.444146,368.141500,98.573407,210.222878,30.175533,36.210639,85.497343,23.134575,49.286703,7.040958,8.046809,524.048419,140.819153,299.743625,43.251597,51.298406,3.000000,2.000000,3.000000,0.000000,1.000000,0.000000,1.000000,2.000000,0.000000,1.000000,0.000000,1.000000,3.000000,0.000000,1.000000,1553.000000,438.000000,932.000000,136.000000,161.000000,5.000000,
0.049322,0.998370,0.146575,0.112027,0.488403,0.005851,-206.447140,3.179745,1396039.312739,1161963.472865,2307280.746793,207665.531913,1090450.444146,368.141500,98.573407,210.222878,30.175533,36.210639,85.497343,23.134575,49.286703,7.040958,8.046809,524.048419,140.819153,299.743625,43.251597,51.298406,3.000000,2.000000,3.000000,0.000000,1.000000,0.000000,1.000000,2.000000,0.000000,1.000000,0.000000,1.000000,3.000000,0.000000,1.000000,1553.000000,438.000000,932.000000,136.000000,161.000000,5.000000,
0.049322,0.998370,0.146575,0.112027,0.488403,0.005851,-206.447140,3.179745,1396039.312739,1161963.472865,2307280.746793,207665.531913,1090450.444146,368.141500,98.573407,210.222878,30.175533,36.210639,85.497343,23.134575,49.286703,7.040958,8.046809,524.048419,140.819153,299.743625,43.251597,51.298406,3.000000,2.000000,3.000000,0.000000,1.000000,0.000000,1.000000,2.000000,0.000000,1.000000,0.000000,1.000000,3.000000,0.000000,1.000000,1553.000000,438.000000,932.000000,136.000000,161.000000,5.000000,
0.049322,0.998370,0.146575,0.112027,0.488403,0.005851,-206.447140,3.179745,1396039.312739,1161963.472865,2307280.746793,207665.531913,1090450.444146,368.141500,98.573407,210.222878,30.175533,36.210639,85.497343,23.134575,49.286703,7.040958,8.046809,524.048419,140.819153,299.743625,43.251597,51.298406,3.000000,2.000000,3.000000,0.000000,1.000000,0.000000,1.000000,2.000000,0.000000,1.000000,0.000000,1.000000,3.000000,0.000000,1.000000,1553.000000,438.000000,932.000000,136.000000,161.000000,5.000000,
0.049322,0.998370,0.146575,0.112027,0.488403,0.005851,-206.447140,3.179745,1396039.312739,1161963.472865,2307280.746793,207665.531913,1090450.444146,368.141500,98.573407,210.222878,30.175533,36.210639,85.497343,23.134575,49.286703,7.040958,8.046809,524.048419,140.819153,299.743625,43.251597,51.298406,3.000000,2.000000,3.000000,0.000000,1.000000,0.000000,1.000000,2.000000,0.000000,1.000000,0.000000,1.000000,3.000000,0.000000,1.000000,1553.000000,438.000000,932.000000,136.000000,161.000000,5.000000,
0.049322,0.998370,0.146575,0.112027,0.488403,0.005851,-206.447140,3.179745,1396039.312739,1161963.472865,2307280.746793,207665.531913,1090450.444146,368.141500,98.573407,210.222878,30.175533,36.210639,85.497343,23.134575,49.286703,7.040958,8.046809,524.048419,140.819153,299.743625,43.251597,51.298406,3.000000,2.000000,3.000000,0.000000,1.000000,0.000000,1.000000,2.000000,0.000000,1.000000,0.000000,1.000000,3.000000,0.000000,1.000000,1553.000000,438.000000,932.000000,136.000000,161.000000,5.000000,
0.049322,0.998370,0.146575,0.112027,0.488403,0.005851,-206.447140,3.179745,1396039.312739,1161963.472865,2307280.746793,207665.531913,1090450.444146,368.141500,98.573407,210.222878,30.175533,36.210639,85.497343,23.134575,49.286703,7.040958,8.046809,524.048419,140.819153,299.743625,43.251597,51.298406,3.000000,2.000000,3.000000,0.000000,1.000000,0.000000,1.000000,2.000000,0.000000,1.000000,0.000000,1.000000,3.000000,0.000000,1.000000,1553.000000,438.000000,932.000000,136.000000,161.000000,5.000000,
0.049322,0.998370,0.146575,0.112027,0.488403,0.005851,-206.447140,3.179745,1396039.312739,1161963.472865,2307280.746793,207665.531913,1090450.444146,368.141500,98.573407,210.222878,30.175533,36.210639,85.497343,23.134575,49.286703,7.040958,8.046809,524.048419,140.819153,299.743625,43.251597,51.298406,3.000000,2.000000,3.000000,0.000000,1.000000,0.000000,1.000000,2.000000,0.000000,1.000000,0.000000,1.000000,3.000000,0.000000,1.000000,1553.000000,438.000000,932.000000,136.000000,161.000000,5.000000,
0.049322,0.998370,0.146575,0.112027,0.488403,0.005851,-206.447140,3.179745,1396039.312739,1161963.472865,2307280.746793,207665.531913,1090450.444146,368.141500,98.573407,210.222878,30.175533,36.210639,85.497343,23.134575,49.286703,7.040958,8.046809,524.048419,140.819153,299.743625,43.251597,51.298406,3.000000,2.000000,3.000000,0.000000,1.000000,0.000000,1.000000,2.000000,0.000000,1.000000,0.000000,1.000000,3.000000,0.000000,1.000000,1553.000000,438.000000,932.000000,136.000000,161.000000,5.000000,
0.049322,0.998370,0.146575,0.112027,0.488403,0.005851,-206.447140,3.179745,1396039.312739,1161963.472865,2307280.746793,207665.531913,1090450.444146,368.141500,98.573407,210.222878,30.175533,36.210639,85.497343,23.134575,49.286703,7.040958,8.046809,524.048419,140.819153,299.743625,43.251597,51.298406,3.000000,2.000000,3.000000,0.000000,1.000000,0.000000,1.000000,2.000000,0.000000,1.000000,0.000000,1.000000,3.000000,0.000000,1.000000,1553.000000,438.000000,932.000000,136.000000,161.000000,5.000000,
0.049322,0.998370,0.146575,0.112027,0.488403,0.005851,-206.447140,3.179745,1396039.312739,1161963.472865,2307280.746793,207665.531913,1090450.444146,368.141500,98.573407,210.222878,30.175533,36.210639,85.497343,23.134575,49.286703,7.040958,8.046809,524.048419,140.819153,299.743625,43.251597,51.298406,3.000000,2.000000,3.000000,0.000000,1.000000,0.000000,1.000000,2.000000,0.000000,1.000000,0.000000,1.000000,3.000000,0.000000,1.000000,1553.000000,438.000000,932.000000,136.000000,161.000000,5.000000,
0.049322,0.998370,0.146575,0.112027,0.488403,0.005851,-206.447140,3.179745,1396039.312739,1161963.472865,2307280.746793,207665.531913,1090450.444146,368.141500,98.573407,210.222878,30.175533,36.210639,85.497343,23.134575,49.286703,7.040958,8.046809,524.048419,140.819153,299.743625,43.251597,51.298406,3.000000,2.000000,3.000000,0.000000,1.000000,0.000000,1.000000,2.000000,0.000000,1.000000,0.000000,1.000000,3.000000,0.000000,1.000000,1553.000000,438.000000,932.000000,136.000000,161.000000,5.000000,
0.049322,0.998370,0.146575,0.112027,0.488403,0.005851,-206.447140,3.179745,1396039.312739,1161963.472865,2307280.746793,207665.531913,1090450.444146,368.141500,98.573407,210.222878,30.175533,36.210639,85.497343,23.134575,49.286703,7.040958,8.046809,524.048419,140.819153,299.743625,43.251597,51.298406,3.000000,2.000000,3.000000,0.000000,1.000000,0.000000,1.000000,2.000000,0.000000,1.000000,0.000000,1.000000,3.000000,0.000000,1.000000,1553.000000,438.000000,932.000000,136.000000,161.000000,5.000000,
0.049322,0.998370,0.146575,0.112027,0.488403,0.005851,-206.447140,3.179745,1396039.312739,1161963.472865,2307280.746793,207665.531913,1090450.444146,368.141500,98.573407,210.222878,30.175533,36.210639,85.497343,23.134575,49.286703,7.040958,8.046809,524.048419,140.819153,299.743625,43.251597,51.298406,3.000000,2.000000,3.000000,0.000000,1.000000,0.000000,1.000000,2.000000,0.000000,1.000000,0.000000,1.000000,3.000000,0.000000,1.000000,1553.000000,438.000000,932.000000,136.000000,161.000000,5.000000,
0.049322,0.998370,0.146575,0.112027,0.488403,0.005851,-206.447140,3.179745,1396039.312739,1161963.472865,2307280.746793,207665.531913,1090450.444146,368.141500,98.573407,210.222878,30.175533,36.210639,85.497343,23.134575,49.286703,7.040958,8.046809,524.048419,140.819153,299.743625,43.251597,51.298406,3.000000,2.000000,3.000000,0.000000,1.000000,0.000000,1.000000,2.000000,0.000000,1.000000,0.000000,1.000000,3.000000,0.000000,1.000000,1553.000000,438.000000,932.000000,136.000000,161.000000,5.000000,
0.049322,0.998370,0.146575,0.112027,0.488403,0.005851,-206.447140,3.179745,1396039.312739,1161963.472865,2307280.746793,207665.531913,1090450.444146,368.141500,98.573407,210.222878,30.175533,36.210639,85.497343,23.134575,49.286703,7.040958,8.046809,524.048419,140.819153,299.743625,43.251597,51.298406,3.000000,2.000000,3.000000,0.000000,1.000000,0.000000,1.000000,2.000000,0.000000,1.000000,0.000000,1.000000,3.000000,0.000000,1.000000,1553.000000,438.000000,932.000000,136.000000,161.000000,5.000000,
0.049322,0.998370,0.146575,0.112027,0.488403,0.005851,-206.447140,3.179745,1396039.312739,1161963.472865,2307280.746793,207665.531913,1090450.444146,368.141500,98.573407,210.222878,30.175533,36.210639,85.497343,23.134575,49.286703,7.040958,8.046809,524.048419,140.819153,299.743625,43.251597,51.298406,3.000000,2.000000,3.000000,0.000000,1.000000,0.000000,1.000000,2.000000,0.000000,1.000000,0.000000,1.000000,3.000000,0.000000,1.000000,1553.000000,438.000000,932.000000,136.000000,161.000000,5.000000,
0.049322,0.998370,0.146575,0.112027,0.488403,0.005851,-206.447140,3.179745,1396039.312739,1161963.472865,2307280.746793,207665.531913,1090450.444146,368.141500,98.573407,210.222878,30.175533,36.210639,85.497343,23.134575,49.286703,7.040958,8.046809,524.048419,140.819153,299.743625,43.251597,51.298406,3.000000,2.000000,3.000000,0.000000,1.000000,0.000000,1.000000,2.000000,0.000000,1.000000,0.000000,1.000000,3.000000,0.000000,1.000000,1553.000000,438.000000,932.000000,136.000000,161.000000,5.000000,
0.049322,0.998370,0.146575,0.112027,0.488403,0.005851,-206.447140,3.179745,1396039.312739,1161963.472865,2307280.746793,207665.531913,1090450.444146,368.141500,98.573407,210.222878,30.175533,36.210639,85.497343,23.134575,49.286703,7.040958,8.046809,524.048419,140.819153,299.743625,43.251597,51.298406,3.000000,2.000000,3.000000,0.000000,1.000000,0.000000,1.000000,2.000000,0.000000,1.000000,0.000000,1.000000,3.000000,0.000000,1.000000,1553.000000,438.000000,932.000000,136.000000,161.000000,5.000000,
0.049322,0.998370,0.146575,0.112027,0.488403,0.005851,-206.447140,3.179745,1396039.312739,1161963.472865,2307280.746793,207665.531913,1090450.444146,368.141500,98.573407,210.222878,30.175533,36.210639,85.497343,23.134575,49.286703,7.040958,8.046809,524.048419,140.819153,299.743625,43.251597,51.298406,3.000000,2.000000,3.000000,0.000000,1.000000,0.000000,1.000000,2.000000,0.000000,1.000000,0.000000,1.000000,3.000000,0.000000,1.000000,1553.000000,438.000000,932.000000,136.000000,161.000000,5.000000,
0.049322,0.998370,0.146575,0.112027,0.488403,0.005851,-206.447140,3.179745,1396039.312739,1161963.472865,2307280.746793,207665.531913,1090450.444146,368.141500,98.573407,210.222878,30.175533,36.210639,85.497343,23.134575,49.286703,7.040958,8.046809,524.048419,140.819153,299.743625,43.251597,51.298406,3.000000,2.000000,3.000000,0.000000,1.000000,0.000000,1.000000,2.000000,0.000000,1.000000,0.000000,1.000000,3.000000,0.000000,1.000000,1553.000000,438.000000,932.000000,136.000000,161.000000,5.000000,
0.049322,0.998370,0.146575,0.112027,0.488403,0.005851,-206.447140,3.179745,1396039.312739,1161963.472865,2307280.746793,207665.531913,1090450.444146,368.141500,98.573407,210.222878,30.175533,36.210639,85.497343,23.134575,49.286703,7.040958,8.046809,524.048419,140.819153,299.743625,43.251597,51.298406,3.000000,2.000000,3.000000,0.000000,1.000000,0.000000,1.000000,2.000000,0.000000,1.000000,0.000000,1.000000,3.000000,0.000000,1.000000,1553.000000,438.000000,932.000000,136.000000,161.000000,5.000000,
0.049322,0.998370,0.146575,0.112027,0.488403,0.005851,-206.447140,3.179745,1396039.312739,1161963.472865,2307280.746793,207665.531913,1090450.444146,368.141500,98.573407,210.222878,30.175533,36.210639,85.497343,23.134575,49.286703,7.040958,8.046809,524.048419,140.819153,299.743625,43.251597,51.298406,3.000000,2.000000,3.000000,0.000000,1.000000,0.000000,1.000000,2.000000,0.000000,1.000000,0.000000,1.000000,3.000000,0.000000,1.000000,1553.000000,438.000000,932.000000,136.000000,161.000000,5.000000,
0.049322,0.998370,0.146575,0.112027,0.488403,0.005851,-206.447140,3.179745,1396039.312739,1161963.472865,2307280.746793,207665.531913,1090450.444146,368.141500,98.573407,210.222878,30.175533,36.210639,85.497343,23.134575,49.286703,7.040958,8.046809,524.048419,140.819153,299.743625,43.251597,51.298406,3.000000,2.000000,3.000000,0.000000,1.000000,0.000000,1.000000,2.000000,0.000000,1.000000,0.000000,1.000000,3.000000,0.000000,1.000000,1553.000000,438.000000,932.000000,136.000000,161.000000,5.000000,
0.049322,0.998370,0.146575,0.112027,0.488403,0.005851,-206.447140,3.179745,1396039.312739,1161963.472865,2307280.746793,207665.531913,1090450.444146,368.141500,98.573407,210.222878,30.175533,36.210639,85.497343,23.134575,49.286703,7.040958,8.046809,524.048419,140.819153,299.743625,43.251597,51.298406,3.000000,2.000000,3.000000,0.000000,1.000000,0.000000,1.000000,2.000000,0.000000,1.000000,0.000000,1.000000,3.000000,0.000000,1.000000,1553.000000,438.000000,932.000000,136.000000,161.000000,5.000000,
0.049322,0.998370,0.146575,0.112027,0.488403,0.005851,-206.447140,3.179745,1396039.312739,1161963.472865,2307280.746793,207665.531913,1090450.444146,368.141500,98.573407,210.222878,30.175533,36.210639,85.497343,23.134575,49.286703,7.040958,8.046809,524.048419,140.819153,299.743625,43.251597,51.298406,3.000000,2.000000,3.000000,0.000000,1.000000,0.000000,1.000000,2.000000,0.000000,1.000000,0.000000,1.000000,3.000000,0.000000,1.000000,1553.000000,438.000000,932.000000,136.000000,161.000000,5.000000,
0.049322,0.998370,0.146575,0.112027,0.488403,0.005851,-206.447140,3.179745,1396039.312739,1161963.472865,2307280.746793,207665.531913,1090450.444146,368.141500,98.573407,210.222878,30.175533,36.210639,85.497343,23.134575,49.286703,7.040958,8.046809,524.048419,140.819153,299.743625,43.251597,51.298406,3.000000,2.000000,3.000000,0.000000,1.000000,0.000000,1.000000,2.000000,0.000000,1.000000,0.000000,1.000000,3.000000,0.000000,1.000000,1553.000000,438.000000,932.000000,136.000000,161.000000,5.000000,
0.049322,0.998370,0.146575,0.112027,0.488403,0.005851,-206.447140,3.179745,1396039.312739,1161963.472865,2307280.746793,207665.531913,1090450.444146,368.141500,98.573407,210.222878,30.175533,36.210639,85.497343,23.134575,49.286703,7.040958,8.046809,524.048419,140.819153,299.743625,43.251597,51.298406,3.000000,2.000000,3.000000,0.000000,1.000000,0.000000,1.000000,2.000000,0.000000,1.000000,0.000000,1.000000,3.000000,0.000000,1.000000,1553.000000,438.000000,932.000000,136.000000,161.000000,5.000000,
0.049322,0.998370,0.146575,0.112027,0.488403,0.005851,-206.447140,3.179745,1396039.312739,1161963.472865,2307280.746793,207665.531913,1090450.444146,368.141500,98.573407,210.222878,30.175533,36.210639,85.497343,23.134575,49.286703,7.040958,8.046809,524.048419,140.819153,299.743625,43.251597,51.298406,3.000000,2.000000,3.000000,0.000000,1.000000,0.000000,1.000000,2.000000,0.000000,1.000000,0.000000,1.000000,3.000000,0.000000,1.000000,1553.000000,438.000000,932.000000,136.000000,161.000000,5.000000,
0.049322,0.998370,0.146575,0.112027,0.488403,0.005851,-206.447140,3.179745,1396039.312739,1161963.472865,2307280.746793,207665.531913,1090450.444146,368.141500,98.573407,210.222878,30.175533,36.210639,85.497343,23.134575,49.286703,7.040958,8.046809,524.048419,140.819153,299.743625,43.251597,51.298406,3.000000,2.000000,3.000000,0.000000,1.000000,0.000000,1.000000,2.000000,0.000000,1.000000,0.000000,1.000000,3.000000,0.000000,1.000000,1553.000000,438.000000,932.000000,136.000000,161.000000,5.000000,
0.049322,0.998370,0.146575,0.112027,0.488403,0.005851,-206.447140,3.179745,1396039.312739,1161963.472865,2307280.746793,207665.531913,1090450.444146,368.141500,98.573407,210.222878,30.175533,36.210639,85.497343,23.134575,49.286703,7.040958,8.046809,524.048419,140.819153,299.743625,43.251597,51.298406,3.000000,2.000000,3.000000,0.000000,1.000000,0.000000,1.000000,2.000000,0.000000,1.000000,0.000000,1.000000,3.000000,0.000000,1.000000,1553.000000,438.000000,932.000000,136.000000,161.000000,5.000000,
0.049322,0.998370,0.146575,0.112027,0.488403,0.005851,-206.447140,3.179745,1396039.312739,1161963.472865,2307280.746793,207665.531913,1090450.444146,368.141500,98.573407,210.222878,30.175533,36.210639,85.497343,23.134575,49.286703,7.040958,8.046809,524.048419,140.819153,299.743625,43.251597,51.298406,3.000000,2.000000,3.000000,0.000000,1.000000,0.000000,1.000000,2.000000,0.000000,1.000000,0.000000,1.000000,3.000000,0.000000,1.000000,1553.000000,438.000000,932.000000,136.000000,161.000000,5.000000,
0.049322,0.998370,0.146575,0.112027,0.488403,0.005851,-206.447140,3.179745,1396039.312739,1161963.472865,2307280.746793,207665.531913,1090450.444146,368.141500,98.573407,210.222878,30.175533,36.210639,85.497343,23.134575,49.286703,7.040958,8.046809,524.048419,140.819153,299.743625,43.251597,51.298406,3.000000,2.000000,3.000000,0.000000,1.000000,0.000000,1.000000,2.000000,0.000000,1.000000,0.000000,1.000000,3.000000,0.000000,1.000000,1553.000000,438.000000,932.000000,136.000000,161.000000,5.000000,
0.049322,0.998370,0.146575,0.112027,0.488403,0.005851,-206.447140,3.179745,1396039.312739,1161963.472865,2307280.746793,207665.531913,1090450.444146,368.141500,98.573407,210.222878,30.175533,36.210639,85.497343,23.134575,49.286703,7.040958,8.046809,524.048419,140.819153,299.743625,43.251597,51.298406,3.000000,2.000000,3.000000,0.000000,1.000000,0.000000,1.000000,2.000000,0.000000,1.000000,0.000000,1.000000,3.000000,0.000000,1.000000,1553.000000,438.000000,932.000000,136.000000,161.000000,5.000000,
0.049322,0.998370,0.146575,0.112027,0.488403,0.005851,-206.447140,3.179745,1396039.312739,1161963.472865,2307280.746793,207665.531913,1090450.444146,368.141500,98.573407,210.222878,30.175533,36.210639,85.497343,23.134575,49.286703,7.040958,8.046809,524.048419,140.819153,299.743625,43.251597,51.298406,3.000000,2.000000,3.000000,0.000000,1.000000,0.000000,1.000000,2.000000,0.000000,1.000000,0.000000,1.000000,3.000000,0.000000,1.000000,1553.000000,438.000000,932.000000,136.000000,161.000000,5.000000,
0.049322,0.998370,0.146575,0.112027,0.488403,0.005851,-206.447140,3.179745,1396039.312739,1161963.472865,2307280.746793,207665.531913,1090450.444146,368.141500,98.573407,210.222878,30.175533,36.210639,85.497343,23.134575,49.286703,7.040958,8.046809,524.048419,140.819153,299.743625,43.251597,51.298406,3.000000,2.000000,3.000000,0.000000,1.000000,0.000000,1.000000,2.000000,0.000000,1.000000,0.000000,1.000000,3.000000,0.000000,1.000000,1553.000000,438.000000,932.000000,136.000000,161.000000,5.000000,
0.049322,0.998370,0.146575,0.112027,0.488403,0.005851,-206.447140,3.179745,1396039.312739,1161963.472865,2307280.746793,207665.531913,1090450.444146,368.141500,98.573407,210.222878,30.175533,36.210639,85.497343,23.134575,49.286703,7.040958,8.046809,524.048419,140.819153,299.743625,43.251597,51.298406,3.000000,2.000000,3.000000,0.000000,1.000000,0.000000,1.000000,2.000000,0.000000,1.000000,0.000000,1.000000,3.000000,0.000000,1.000000,1553.000000,438.000000,932.000000,136.000000,161.000000,5.000000,
0.049322,0.998370,0.146575,0.112027,0.488403,0.005851,-206.447140,3.179745,1396039.312739,1161963.472865,2307280.746793,207665.531913,1090450.444146,368.141500,98.573407,210.222878,30.175533,36.210639,85.497343,23.134575,49.286703,7.040958,8.046809,524.048419,140.819153,299.743625,43.251597,51.298406,3.000000,2.000000,3.000000,0.000000,1.000000,0.000000,1.000000,2.000000,0.000000,1.000000,0.000000,1.000000,3.000000,0.000000,1.000000,1553.000000,438.000000,932.000000,136.000000,161.000000,5.000000,
0.049322,0.998370,0.146575,0.112027,0.488403,0.005851,-206.447140,3.179745,1396039.312739,1161963.472865,2307280.746793,207665.531913,1090450.444146,368.141500,98.573407,210.222878,30.175533,36.210639,85.497343,23.134575,49.286703,7.040958,8.046809,524.048419,140.819153,299.743625,43.251597,51.298406,3.000000,2.000000,3.000000,0.000000,1.000000,0.000000,1.000000,2.000000,0.000000,1.000000,0.000000,1.000000,3.000000,0.000000,1.000000,1553.000000,438.000000,932.000000,136.000000,161.000000,5.000000,
0.049322,0.998370,0.146575,0.112027,0.488403,0.005851,-206.447140,3.179745,1396039.312739,1161963.472865,2307280.746793,207665.531913,1090450.444146,368.141500,98.573407,210.222878,30.175533,36.210639,85.497343,23.134575,49.286703,7.040958,8.046809,524.048419,140.819153,299.743625,43.251597,51.298406,3.000000,2.000000,3.000000,0.000000,1.000000,0.000000,1.000000,2.000000,0.000000,1.000000,0.000000,1.000000,3.000000,0.000000,1.000000,1553.000000,438.000000,932.000000,136.000000,161.000000,5.000000,
0.049370,0.996681,0.147403,0.109391,0.485443,0.007034,-206.623141,3.184672,1396038.162997,1161963.164138,2307280.089122,207665.437284,1090450.331774,368.574427,98.689327,210.470096,30.211019,36.253222,85.597886,23.161781,49.344664,7.049238,8.056272,524.664690,140.984753,300.096118,43.302460,51.358732,3.000000,2.000000,3.000000,0.000000,1.000000,0.000000,1.000000,2.000000,0.000000,1.000000,0.000000,1.000000,3.000000,0.000000,1.000000,1553.000000,438.000000,932.000000,136.000000,161.000000,5.000000,
0.049370,0.996681,0.147403,0.109391,0.485443,0.007034,-206.623141,3.184672,1396038.162997,1161963.164138,2307280.089122,207665.437284,1090450.331774,368.574427,98.689327,210.470096,30.211019,36.253222,85.597886,23.161781,49.344664,7.049238,8.056272,524.664690,140.984753,300.096118,43.302460,51.358732,3.000000,2.000000,3.000000,0.000000,1.000000,0.000000,1.000000,2.000000,0.000000,1.000000,0.000000,1.000000,3.000000,0.000000,1.000000,1553.000000,438.000000,932.000000,136.000000,161.000000,5.000000,
0.049370,0.996681,0.147403,0.109391,0.485443,0.007034,-206.623141,3.184672,1396038.162997,1161963.164138,2307280.089122,207665.437284,1090450.331774,368.574427,98.689327,210.470096,30.211019,36.253222,85.597886,23.161781,49.344664,7.049238,8.056272,524.664690,140.984753,300.096118,43.302460,51.358732,3.000000,2.000000,3.000000,0.000000,1.000000,0.000000,1.000000,2.000000,0.000000,1.000000,0.000000,1.000000,3.000000,0.000000,1.000000,1553.000000,438.000000,932.000000,136.000000,161.000000,5.000000,
0.049370,0.996681,0.147403,0.109391,0.485443,0.007034,-206.623141,3.184672,1396038.162997,1161963.164138,2307280.089122,207665.437284,1090450.331774,368.574427,98.689327,210.470096,30.211019,36.253222,85.597886,23.161781,49.344664,7.049238,8.056272,524.664690,140.984753,300.096118,43.302460,51.358732,3.000000,2.000000,3.000000,0.000000,1.000000,0.000000,1.000000,2.000000,0.000000,1.000000,0.000000,1.000000,3.000000,0.000000,1.000000,1553.000000,438.000000,932.000000,136.000000,161.000000,5.000000,
0.049370,0.996681,0.147403,0.109391,0.485443,0.007034,-206.623141,3.184672,1396038.162997,1161963.164138,2307280.089122,207665.437284,1090450.331774,368.574427,98.689327,210.470096,30.211019,36.253222,85.597886,23.161781,49.344664,7.049238,8.056272,524.664690,140.984753,300.096118,43.302460,51.358732,3.000000,2.000000,3.000000,0.000000,1.000000,0.000000,1.000000,2.000000,0.000000,1.000000,0.000000,1.000000,3.000000,0.000000,1.000000,1553.000000,438.000000,932.000000,136.000000,161.000000,5.000000,
0.049370,0.996681,0.147403,0.109391,0.485443,0.007034,-206.623141,3.184672,1396038.162997,1161963.164138,2307280.089122,207665.437284,1090450.331774,368.574427,98.689327,210.470096,30.211019,36.253222,85.597886,23.161781,49.344664,7.049238,8.056272,524.664690,140.984753,300.096118,43.302460,51.358732,3.000000,2.000000,3.000000,0.000000,1.000000,0.000000,1.000000,2.000000,0.000000,1.000000,0.000000,1.000000,3.000000,0.000000,1.000000,1553.000000,438.000000,932.000000,136.000000,161.000000,5.000000,
0.049370,0.996681,0.147403,0.109391,0.485443,0.007034,-206.623141,3.184672,1396038.162997,1161963.164138,2307280.089122,207665.437284,1090450.331774,368.574427,98.689327,210.470096,30.211019,36.253222,85.597886,23.161781,49.344664,7.049238,8.056272,524.664690,140.984753,300.096118,43.302460,51.358732,3.000000,2.000000,3.000000,0.000000,1.000000,0.000000,1.000000,2.000000,0.000000,1.000000,0.000000,1.000000,3.000000,0.000000,1.000000,1553.000000,438.000000,932.000000,136.000000,161.000000,5.000000,
0.049370,0.996681,0.147403,0.109391,0.485443,0.007034,-206.623141,3.184672,1396038.162997,1161963.164138,2307280.089122,207665.437284,1090450.331774,368.574427,98.689327,210.470096,30.211019,36.253222,85.597886,23.161781,49.344664,7.049238,8.056272,524.664690,140.984753,300.096118,43.302460,51.358732,3.000000,2.000000,3.000000,0.000000,1.000000,0.000000,1.000000,2.000000,0.000000,1.000000,0.000000,1.000000,3.000000,0.000000,1.000000,1553.000000,438.000000,932.000000,136.000000,161.000000,5.000000,
0.049370,0.996681,0.147403,0.109391,0.485443,0.007034,-206.623141,3.184672,1396038.162997,1161963.164138,2307280.089122,207665.437284,1090450.331774,368.574427,98.689327,210.470096,30.211019,36.253222,85.597886,23.161781,49.344664,7.049238,8.056272,524.664690,140.984753,300.096118,43.302460,51.358732,3.000000,2.000000,3.000000,0.000000,1.000000,0.000000,1.000000,2.000000,0.000000,1.000000,0.000000,1.000000,3.000000,0.000000,1.000000,1553.000000,438.000000,932.000000,136.000000,161.000000,5.000000,
0.049370,0.996681,0.147403,0.109391,0.485443,0.007034,-206.623141,3.184672,1396038.162997,1161963.164138,2307280.089122,207665.437284,1090450.331774,368.574427,98.689327,210.470096,30.211019,36.253222,85.597886,23.161781,49.344664,7.049238,8.056272,524.664690,140.984753,300.096118,43.302460,51.358732,3.000000,2.000000,3.000000,0.000000,1.000000,0.000000,1.000000,2.000000,0.000000,1.000000,0.000000,1.000000,3.000000,0.000000,1.000000,1553.000000,438.000000,932.000000,136.000000,161.000000,5.000000,
0.049370,0.996681,0.147403,0.109391,0.485443,0.007034,-206.623141,3.184672,1396038.162997,1161963.164138,2307280.089122,207665.437284,1090450.331774,368.574427,98.689327,210.470096,30.211019,36.253222,85.597886,23.161781,49.344664,7.049238,8.056272,524.664690,140.984753,300.096118,43.302460,51.358732,3.000000,2.000000,3.000000,0.000000,1.000000,0.000000,1.000000,2.000000,0.000000,1.000000,0.000000,1.000000,3.000000,0.000000,1.000000,1553.000000,438.000000,932.000000,136.000000,161.000000,5.000000,
0.049370,0.996681,0.147403,0.109391,0.485443,0.007034,-206.623141,3.184672,1396038.162997,1161963.164138,2307280.089122,207665.437284,1090450.331774,368.574427,98.689327,210.470096,30.211019,36.253222,85.597886,23.161781,49.344664,7.049238,8.056272,524.664690,140.984753,300.096118,43.302460,51.358732,3.000000,2.000000,3.000000,0.000000,1.000000,0.000000,1.000000,2.000000,0.000000,1.000000,0.000000,1.000000,3.000000,0.000000,1.000000,1553.000000,438.000000,932.000000,136.000000,161.000000,5.000000,
0.049355,0.994516,0.148765,0.115136,0.463926,0.007444,-207.007647,3.186756,1396037.764414,1161963.057111,2307279.861126,207665.404479,1090450.292818,368.724511,98.729514,210.555800,30.223321,36.267985,85.632742,23.171212,49.364757,7.052108,8.059552,524.878334,141.042163,300.218318,43.320093,51.379645,3.000000,2.000000,3.000000,0.000000,1.000000,0.000000,1.000000,2.000000,0.000000,1.000000,0.000000,1.000000,3.000000,0.000000,1.000000,1553.000000,438.000000,932.000000,136.000000,161.000000,5.000000,
0.049355,0.994516,0.148765,0.115136,0.463926,0.007444,-207.007647,3.186756,1396037.764414,1161963.057111,2307279.861126,207665.404479,1090450.292818,368.724511,98.729514,210.555800,30.223321,36.267985,85.632742,23.171212,49.364757,7.052108,8.059552,524.878334,141.042163,300.218318,43.320093,51.379645,3.000000,2.000000,3.000000,0.000000,1.000000,0.000000,1.000000,2.000000,0.000000,1.000000,0.000000,1.000000,3.000000,0.000000,1.000000,1553.000000,438.000000,932.000000,136.000000,161.000000,5.000000,
0.049355,0.994516,0.148765,0.115136,0.463926,0.007444,-207.007647,3.186756,1396037.764414,1161963.057111,2307279.861126,207665.404479,1090450.292818,368.724511,98.729514,210.555800,30.223321,36.267985,85.632742,23.171212,49.364757,7.052108,8.059552,524.878334,141.042163,300.218318,43.320093,51.379645,3.000000,2.000000,3.000000,0.000000,1.000000,0.000000,1.000000,2.000000,0.000000,1.000000,0.000000,1.000000,3.000000,0.000000,1.000000,1553.000000,438.000000,932.000000,136.000000,161.000000,5.000000,
0.049355,0.994516,0.148765,0.115136,0.463926,0.007444,-207.007647,3.186756,1396037.764414,1161963.057111,2307279.861126,207665.404479,1090450.292818,368.724511,98.729514,210.555800,30.223321,36.267985,85.632742,23.171212,49.364757,7.052108,8.059552,524.878334,141.042163,300.218318,43.320093,51.379645,3.000000,2.000000,3.000000,0.000000,1.000000,0.000000,1.000000,2.000000,0.000000,1.000000,0.000000,1.000000,3.000000,0.000000,1.000000,1553.000000,438.000000,932.000000,136.000000,161.000000,5.000000,
0.049355,0.994516,0.148765,0.115136,0.463926,0.007444,-207.007647,3.186756,1396037.764414,1161963.057111,2307279.861126,207665.404479,1090450.292818,368.724511,98.729514,210.555800,30.223321,36.267985,85.632742,23.171212,49.364757,7.052108,8.059552,524.878334,141.042163,300.218318,43.320093,51.379645,3.000000,2.000000,3.000000,0.000000,1.000000,0.000000,1.000000,2.000000,0.000000,1.000000,0.000000,1.000000,3.000000,0.000000,1.000000,1553.000000,438.000000,932.000000,136.000000,161.000000,5.000000,
0.049355,0.994516,0.148765,0.115136,0.463926,0.007444,-207.007647,3.186756,1396037.764414,1161963.057111,2307279.861126,207665.404479,1090450.292818,368.724511,98.729514,210.555800,30.223321,36.267985,85.632742,23.171212,49.364757,7.052108,8.059552,524.878334,141.042163,300.218318,43.320093,51.379645,3.000000,2.000000,3.000000,0.000000,1.000000,0.000000,1.000000,2.000000,0.000000,1.000000,0.000000,1.000000,3.000000,0.000000,1.000000,1553.000000,438.000000,932.000000,136.000000,161.000000,5.000000,
0.049355,0.994516,0.148765,0.115136,0.463926,0.007444,-207.007647,3.186756,1396037.764414,1161963.057111,2307279.861126,207665.404479,1090450.292818,368.724511,98.729514,210.555800,30.223321,36.267985,85.632742,23.171212,49.364757,7.052108,8.059552,524.878334,141.042163,300.218318,43.320093,51.379645,3.000000,2.000000,3.000000,0.000000,1.000000,0.000000,1.000000,2.000000,0.000000,1.000000,0.000000,1.000000,3.000000,0.000000,1.000000,1553.000000,438.000000,932.000000,136.000000,161.000000,5.000000,
0.049355,0.994516,0.148765,0.115136,0.463926,0.007444,-207.007647,3.186756,1396037.764414,1161963.057111,2307279.861126,207665.404479,1090450.292818,368.724511,98.729514,210.555800,30.223321,36.267985,85.632742,23.171212,49.364757,7.052108,8.059552,524.878334,141.042163,300.218318,43.320093,51.379645,3.000000,2.000000,3.000000,0.000000,1.000000,0.000000,1.000000,2.000000,0.000000,1.000000,0.000000,1.000000,3.000000,0.000000,1.000000,1553.000000,438.000000,932.000000,136.000000,161.000000,5.000000,
0.049355,0.994516,0.148765,0.115136,0.463926,0.007444,-207.007647,3.186756,1396037.764414,1161963.057111,2307279.861126,207665.404479,1090450.292818,368.724511,98.729514,210.555800,30.223321,36.267985,85.632742,23.171212,49.364757,7.052108,8.059552,524.878334,141.042163,300.218318,43.320093,51.379645,3.000000,2.000000,3.000000,0.000000,1.000000,0.000000,1.000000,2.000000,0.000000,1.000000,0.000000,1.000000,3.000000,0.000000,1.000000,1553.000000,438.000000,932.000000,136.000000,161.000000,5.000000,
0.049355,0.994516,0.148765,0.115136,0.463926,0.007444,-207.007647,3.186756,1396037.764414,1161963.057111,2307279.861126,207665.404479,1090450.292818,368.724511,98.729514,210.555800,30.223321,36.267985,85.632742,23.171212,49.364757,7.052108,8.059552,524.878334,141.042163,300.218318,43.320093,51.379645,3.000000,2.000000,3.000000,0.000000,1.000000,0.000000,1.000000,2.000000,0.000000,1.000000,0.000000,1.000000,3.000000,0.000000,1.000000,1553.000000,438.000000,932.000000,136.000000,161.000000,5.000000,
0.049355,0.994516,0.148765,0.115136,0.463926,0.007444,-207.007647,3.186756,1396037.764414,1161963.057111,2307279.861126,207665.404479,1090450.292818,368.724511,98.729514,210.555800,30.223321,36.267985,85.632742,23.171212,49.364757,7.052108,8.059552,524.878334,141.042163,300.218318,43.320093,51.379645,3.000000,2.000000,3.000000,0.000000,1.000000,0.000000,1.000000,2.000000,0.000000,1.000000,0.000000,1.000000,3.000000,0.000000,1.000000,1553.000000,438.000000,932.000000,136.000000,161.000000,5.000000,
0.049355,0.994516,0.148765,0.115136,0.463926,0.007444,-207.007647,3.186756,1396037.764414,1161963.057111,2307279.861126,207665.404479,1090450.292818,368.724511,98.729514,210.555800,30.223321,36.267985,85.632742,23.171212,49.364757,7.052108,8.059552,524.878334,141.042163,300.218318,43.320093,51.379645,3.000000,2.000000,3.000000,0.000000,1.000000,0.000000,1.000000,2.000000,0.000000,1.000000,0.000000,1.000000,3.000000,0.000000,1.000000,1553.000000,438.000000,932.000000,136.000000,161.000000,5.000000,
0.049355,0.994516,0.148765,0.115136,0.463926,0.007444,-207.007647,3.186756,1396037.764414,1161963.057111,2307279.861126,207665.404479,1090450.292818,368.724511,98.729514,210.555800,30.223321,36.267985,85.632742,23.171212,49.364757,7.052108,8.059552,524.878334,141.042163,300.218318,43.320093,51.379645,3.000000,2.000000,3.000000,0.000000,1.000000,0.000000,1.000000,2.000000,0.000000,1.000000,0.000000,1.000000,3.000000,0.000000,1.000000,1553.000000,438.000000,932.000000,136.000000,161.000000,5.000000,
0.049355,0.994516,0.148765,0.115136,0.463926,0.007444,-207.007647,3.186756,1396037.764414,1161963.057111,2307279.861126,207665.404479,1090450.292818,368.724511,98.729514,210.555800,30.223321,36.267985,85.632742,23.171212,49.364757,7.052108,8.059552,524.878334,141.042163,300.218318,43.320093,51.379645,3.000000,2.000000,3.000000,0.000000,1.000000,0.000000,1.000000,2.000000,0.000000,1.000000,0.000000,1.000000,3.000000,0.000000,1.000000,1553.000000,438.000000,932.000000,136.000000,161.000000,5.000000,
0.049355,0.994516,0.148765,0.115136,0.463926,0.007444,-207.007647,3.186756,1396037.764414,1161963.057111,2307279.861126,207665.404479,1090450.292818,368.724511,98.729514,210.555800,30.223321,36.267985,85.632742,23.171212,49.364757,7.052108,8.059552,524.878334,141.042163,300.218318,43.320093,51.379645,3.000000,2.000000,3.000000,0.000000,1.000000,0.000000,1.000000,2.000000,0.000000,1.000000,0.000000,1.000000,3.000000,0.000000,1.000000,1553.000000,438.000000,932.000000,136.000000,161.000000,5.000000,
0.049355,0.994516,0.148765,0.115136,0.463926,0.007444,-207.007647,3.186756,1396037.764414,1161963.057111,2307279.861126,207665.404479,1090450.292818,368.724511,98.729514,210.555800,30.223321,36.267985,85.632742,23.171212,49.364757,7.052108,8.059552,524.878334,141.042163,300.218318,43.320093,51.379645,3.000000,2.000000,3.000000,0.000000,1.000000,0.000000,1.000000,2.000000,0.000000,1.000000,0.000000,1.000000,3.000000,0.000000,1.000000,1553.000000,438.000000,932.000000,136.000000,161.000000,5.000000,
0.049355,0.994516,0.148765,0.115136,0.463926,0.007444,-207.007647,3.186756,1396037.764414,1161963.057111,2307279.861126,207665.404479,1090450.292818,368.724511,98.729514,210.555800,30.223321,36.267985,85.632742,23.171212,49.364757,7.052108,8.059552,524.878334,141.042163,300.218318,43.320093,51.379645,3.000000,2.000000,3.000000,0.000000,1.000000,0.000000,1.000000,2.000000,0.000000,1.000000,0.000000,1.000000,3.000000,0.000000,1.000000,1553.000000,438.000000,932.000000,136.000000,161.000000,5.000000,
0.049355,0.994516,0.148765,0.115136,0.463926,0.007444,-207.007647,3.186756,1396037.764414,1161963.057111,2307279.861126,207665.404479,1090450.292818,368.724511,98.729514,210.555800,30.223321,36.267985,85.632742,23.171212,49.364757,7.052108,8.059552,524.878334,141.042163,300.218318,43.320093,51.379645,3.000000,2.000000,3.000000,0.000000,1.000000,0.000000,1.000000,2.000000,0.000000,1.000000,0.000000,1.000000,3.000000,0.000000,1.000000,1553.000000,438.000000,932.000000,136.000000,161.000000,5.000000,
0.049355,0.994516,0.148765,0.115136,0.463926,0.007444,-207.007647,3.186756,1396037.764414,1161963.057111,2307279.861126,207665.404479,1090450.292818,368.724511,98.729514,210.555800,30.223321,36.267985,85.632742,23.171212,49.364757,7.052108,8.059552,524.878334,141.042163,300.218318,43.320093,51.379645,3.000000,2.000000,3.000000,0.000000,1.000000,0.000000,1.000000,2.000000,0.000000,1.000000,0.000000,1.000000,3.000000,0.000000,1.000000,1553.000000,438.000000,932.000000,136.000000,161.000000,5.000000,
0.049355,0.994516,0.148765,0.115136,0.463926,0.007444,-207.007647,3.186756,1396037.764414,1161963.057111,2307279.861126,207665.404479,1090450.292818,368.724511,98.729514,210.555800,30.223321,36.267985,85.632742,23.171212,49.364757,7.052108,8.059552,524.878334,141.042163,300.218318,43.320093,51.379645,3.000000,2.000000,3.000000,0.000000,1.000000,0.000000,1.000000,2.000000,0.000000,1.000000,0.000000,1.000000,3.000000,0.000000,1.000000,1553.000000,438.000000,932.000000,136.000000,161.000000,5.000000,
0.049355,0.994516,0.148765,0.115136,0.463926,0.007444,-207.007647,3.186756,1396037.764414,1161963.057111,2307279.861126,207665.404479,1090450.292818,368.724511,98.729514,210.555800,30.223321,36.267985,85.632742,23.171212,49.364757,7.052108,8.059552,524.878334,141.042163,300.218318,43.320093,51.379645,3.000000,2.000000,3.000000,0.000000,1.000000,0.000000,1.000000,2.000000,0.000000,1.000000,0.000000,1.000000,3.000000,0.000000,1.000000,1553.000000,438.000000,932.000000,136.000000,161.000000,5.000000,
0.049355,0.994516,0.148765,0.115136,0.463926,0.007444,-207.007647,3.186756,1396037.764414,1161963.057111,2307279.861126,207665.404479,1090450.292818,368.724511,98.729514,210.555800,30.223321,36.267985,85.632742,23.171212,49.364757,7.052108,8.059552,524.878334,141.042163,300.218318,43.320093,51.379645,3.000000,2.000000,3.000000,0.000000,1.000000,0.000000,1.000000,2.000000,0.000000,1.000000,0.000000,1.000000,3.000000,0.000000,1.000000,1553.000000,438.000000,932.000000,136.000000,161.000000,5.000000,
0.049355,0.994516,0.148765,0.115136,0.463926,0.007444,-207.007647,3.186756,1396037.764414,1161963.057111,2307279.861126,207665.404479,1090450.292818,368.724511,98.729514,210.555800,30.223321,36.267985,85.632742,23.171212,49.364757,7.052108,8.059552,524.878334,141.042163,300.218318,43.320093,51.379645,3.000000,2.000000,3.000000,0.000000,1.000000,0.000000,1.000000,2.000000,0.000000,1.000000,0.000000,1.000000,3.000000,0.000000,1.000000,1553.000000,438.000000,932.000000,136.000000,161.000000,5.000000,
0.049493,0.991008,0.139420,0.106325,0.510947,0.005413,-208.365869,3.174792,1396039.738824,1161963.587277,2307280.990520,207665.566981,1090450.485790,367.981060,98.530448,210.131261,30.162382,36.194858,85.460082,23.124493,49.265224,7.037889,8.043302,523.820034,140.757783,299.612994,43.232748,51.276049,3.000000,2.000000,3.000000,0.000000,1.000000,0.000000,1.000000,2.000000,0.000000,1.000000,0.000000,1.000000,3.000000,0.000000,1.000000,1553.000000,438.000000,932.000000,136.000000,161.000000,5.000000,
0.049493,0.991008,0.139420,0.106325,0.510947,0.005413,-208.365869,3.174792,1396039.738824,1161963.587277,2307280.990520,207665.566981,1090450.485790,367.981060,98.530448,210.131261,30.162382,36.194858,85.460082,23.124493,49.265224,7.037889,8.043302,523.820034,140.757783,299.612994,43.232748,51.276049,3.000000,2.000000,3.000000,0.000000,1.000000,0.000000,1.000000,2.000000,0.000000,1.000000,0.000000,1.000000,3.000000,0.000000,1.000000,1553.000000,438.000000,932.000000,136.000000,161.000000,5.000000,
0.049493,0.991008,0.139420,0.106325,0.510947,0.005413,-208.365869,3.174792,1396039.738824,1161963.587277,2307280.990520,207665.566981,1090450.485790,367.981060,98.530448,210.131261,30.162382,36.194858,85.460082,23.124493,49.265224,7.037889,8.043302,523.820034,140.757783,299.612994,43.232748,51.276049,3.000000,2.000000,3.000000,0.000000,1.000000,0.000000,1.000000,2.000000,0.000000,1.000000,0.000000,1.000000,3.000000,0.000000,1.000000,1553.000000,438.000000,932.000000,136.000000,161.000000,5.000000,
0.049544,0.988481,0.139110,0.100564,0.518414,0.005107,-208.871356,3.177353,1396040.035976,1161963.667068,2307281.160496,207665.591438,1090450.514833,367.869170,98.500488,210.067367,30.153211,36.183853,85.434097,23.117461,49.250244,7.035749,8.040856,523.660758,140.714983,299.521892,43.219602,51.260458,3.000000,2.000000,3.000000,0.000000,1.000000,0.000000,1.000000,2.000000,0.000000,1.000000,0.000000,1.000000,3.000000,0.000000,1.000000,1553.000000,438.000000,932.000000,136.000000,161.000000,5.000000,
0.049544,0.988481,0.139110,0.100564,0.518414,0.005107,-208.871356,3.177353,1396040.035976,1161963.667068,2307281.160496,207665.591438,1090450.514833,367.869170,98.500488,210.067367,30.153211,36.183853,85.434097,23.117461,49.250244,7.035749,8.040856,523.660758,140.714983,299.521892,43.219602,51.260458,3.000000,2.000000,3.000000,0.000000,1.000000,0.000000,1.000000,2.000000,0.000000,1.000000,0.000000,1.000000,3.000000,0.000000,1.000000,1553.000000,438.000000,932.000000,136.000000,161.000000,5.000000,
0.049544,0.988481,0.139110,0.100564,0.518414,0.005107,-208.871356,3.177353,1396040.035976,1161963.667068,2307281.160496,207665.591438,1090450.514833,367.869170,98.500488,210.067367,30.153211,36.183853,85.434097,23.117461,49.250244,7.035749,8.040856,523.660758,140.714983,299.521892,43.219602,51.260458,3.000000,2.000000,3.000000,0.000000,1.000000,0.000000,1.000000,2.000000,0.000000,1.000000,0.000000,1.000000,3.000000,0.000000,1.000000,1553.000000,438.000000,932.000000,136.000000,161.000000,5.000000,
0.049544,0.988481,0.139110,0.100564,0.518414,0.005107,-208.871356,3.177353,1396040.035976,1161963.667068,2307281.160496,207665.591438,1090450.514833,367.869170,98.500488,210.067367,30.153211,36.183853,85.434097,23.117461,49.250244,7.035749,8.040856,523.660758,140.714983,299.521892,43.219602,51.260458,3.000000,2.000000,3.000000,0.000000,1.000000,0.000000,1.000000,2.000000,0.000000,1.000000,0.000000,1.000000,3.000000,0.000000,1.000000,1553.000000,438.000000,932.000000,136.000000,161.000000,5.000000,
0.049544,0.988481,0.139110,0.100564,0.518414,0.005107,-208.871356,3.177353,1396040.035976,1161963.667068,2307281.160496,207665.591438,1090450.514833,367.869170,98.500488,210.067367,30.153211,36.183853,85.434097,23.117461,49.250244,7.035749,8.040856,523.660758,140.714983,299.521892,43.219602,51.260458,3.000000,2.000000,3.000000,0.000000,1.000000,0.000000,1.000000,2.000000,0.000000,1.000000,0.000000,1.000000,3.000000,0.000000,1.000000,1553.000000,438.000000,932.000000,136.000000,161.000000,5.000000,
0.049544,0.988481,0.139110,0.100564,0.518414,0.005107,-208.871356,3.177353,1396040.035976,1161963.667068,2307281.160496,207665.591438,1090450.514833,367.869170,98.500488,210.067367,30.153211,36.183853,85.434097,23.117461,49.250244,7.035749,8.040856,523.660758,140.714983,299.521892,43.219602,51.260458,3.000000,2.000000,3.000000,0.000000,1.000000,0.000000,1.000000,2.000000,0.000000,1.000000,0.000000,1.000000,3.000000,0.000000,1.000000,1553.000000,438.000000,932.000000,136.000000,161.000000,5.000000,
0.049544,0.988481,0.139110,0.100564,0.518414,0.005107,-208.871356,3.177353,1396040.035976,1161963.667068,2307281.160496,207665.591438,1090450.514833,367.869170,98.500488,210.067367,30.153211,36.183853,85.434097,23.117461,49.250244,7.035749,8.040856,523.660758,140.714983,299.521892,43.219602,51.260458,3.000000,2.000000,3.000000,0.000000,1.000000,0.000000,1.000000,2.000000,0.000000,1.000000,0.000000,1.000000,3.000000,0.000000,1.000000,1553.000000,438.000000,932.000000,136.000000,161.000000,5.000000,
0.049544,0.988481,0.139110,0.100564,0.518414,0.005107,-208.871356,3.177353,1396040.035976,1161963.667068,2307281.160496,207665.591438,1090450.514833,367.869170,98.500488,210.067367,30.153211,36.183853,85.434097,23.117461,49.250244,7.035749,8.040856,523.660758,140.714983,299.521892,43.219602,51.260458,3.000000,2.000000,3.000000,0.000000,1.000000,0.000000,1.000000,2.000000,0.000000,1.000000,0.000000,1.000000,3.000000,0.000000,1.000000,1553.000000,438.000000,932.000000,136.000000,161.000000,5.000000,
0.049544,0.988481,0.139110,0.100564,0.518414,0.005107,-208.871356,3.177353,1396040.035976,1161963.667068,2307281.160496,207665.591438,1090450.514833,367.869170,98.500488,210.067367,30.153211,36.183853,85.434097,23.117461,49.250244,7.035749,8.040856,523.660758,140.714983,299.521892,43.219602,51.260458,3.000000,2.000000,3.000000,0.000000,1.000000,0.000000,1.000000,2.000000,0.000000,1.000000,0.000000,1.000000,3.000000,0.000000,1.000000,1553.000000,438.000000,932.000000,136.000000,161.000000,5.000000,
0.049544,0.988481,0.139110,0.100564,0.518414,0.005107,-208.871356,3.177353,1396040.035976,1161963.667068,2307281.160496,207665.591438,1090450.514833,367.869170,98.500488,210.067367,30.153211,36.183853,85.434097,23.117461,49.250244,7.035749,8.040856,523.660758,140.714983,299.521892,43.219602,51.260458,3.000000,2.000000,3.000000,0.000000,1.000000,0.000000,1.000000,2.000000,0.000000,1.000000,0.000000,1.000000,3.000000,0.000000,1.000000,1553.000000,438.000000,932.000000,136.000000,161.000000,5.000000,
0.049544,0.988481,0.139110,0.100564,0.518414,0.005107,-208.871356,3.177353,1396040.035976,1161963.667068,2307281.160496,207665.591438,1090450.514833,367.869170,98.500488,210.067367,30.153211,36.183853,85.434097,23.117461,49.250244,7.035749,8.040856,523.660758,140.714983,299.521892,43.219602,51.260458,3.000000,2.000000,3.000000,0.000000,1.000000,0.000000,1.000000,2.000000,0.000000,1.000000,0.000000,1.000000,3.000000,0.000000,1.000000,1553.000000,438.000000,932.000000,136.000000,161.000000,5.000000,
0.049544,0.988481,0.139110,0.100564,0.518414,0.005107,-208.871356,3.177353,1396040.035976,1161963.667068,2307281.160496,207665.591438,1090450.514833,367.869170,98.500488,210.067367,30.153211,36.183853,85.434097,23.117461,49.250244,7.035749,8.040856,523.660758,140.714983,299.521892,43.219602,51.260458,3.000000,2.000000,3.000000,0.000000,1.000000,0.000000,1.000000,2.000000,0.000000,1.000000,0.000000,1.000000,3.000000,0.000000,1.000000,1553.000000,438.000000,932.000000,136.000000,161.000000,5.000000,
0.049440,0.997752,0.140802,0.095256,0.538183,0.006443,-206.265296,3.174428,1396038.737777,1161963.318477,2307280.417905,207665.484591,1090450.387951,368.357998,98.631376,210.346507,30.193278,36.231934,85.547622,23.148180,49.315688,7.045098,8.051541,524.356603,140.901966,299.919900,43.277033,51.328573,3.000000,2.000000,3.000000,0.000000,1.000000,0.000000,1.000000,2.000000,0.000000,1.000000,0.000000,1.000000,3.000000,0.000000,1.000000,1553.000000,438.000000,932.000000,136.000000,161.000000,5.000000,
0.049440,0.997752,0.140802,0.095256,0.538183,0.006443,-206.265296,3.174428,1396038.737777,1161963.318477,2307280.417905,207665.484591,1090450.387951,368.357998,98.631376,210.346507,30.193278,36.231934,85.547622,23.148180,49.315688,7.045098,8.051541,524.356603,140.901966,299.919900,43.277033,51.328573,3.000000,2.000000,3.000000,0.000000,1.000000,0.000000,1.000000,2.000000,0.000000,1.000000,0.000000,1.000000,3.000000,0.000000,1.000000,1553.000000,438.000000,932.000000,136.000000,161.000000,5.000000,
0.049440,0.997752,0.140802,0.095256,0.538183,0.006443,-206.265296,3.174428,1396038.737777,1161963.318477,2307280.417905,207665.484591,1090450.387951,368.357998,98.631376,210.346507,30.193278,36.231934,85.547622,23.148180,49.315688,7.045098,8.051541,524.356603,140.901966,299.919900,43.277033,51.328573,3.000000,2.000000,3.000000,0.000000,1.000000,0.000000,1.000000,2.000000,0.000000,1.000000,0.000000,1.000000,3.000000,0.000000,1.000000,1553.000000,438.000000,932.000000,136.000000,161.000000,5.000000,
0.049440,0.997752,0.140802,0.095256,0.538183,0.006443,-206.265296,3.174428,1396038.737777,1161963.318477,2307280.417905,207665.484591,1090450.387951,368.357998,98.631376,210.346507,30.193278,36.231934,85.547622,23.148180,49.315688,7.045098,8.051541,524.356603,140.901966,299.919900,43.277033,51.328573,3.000000,2.000000,3.000000,0.000000,1.000000,0.000000,1.000000,2.000000,0.000000,1.000000,0.000000,1.000000,3.000000,0.000000,1.000000,1553.000000,438.000000,932.000000,136.000000,161.000000,5.000000,
0.049440,0.997752,0.140802,0.095256,0.538183,0.006443,-206.265296,3.174428,1396038.737777,1161963.318477,2307280.417905,207665.484591,1090450.387951,368.357998,98.631376,210.346507,30.193278,36.231934,85.547622,23.148180,49.315688,7.045098,8.051541,524.356603,140.901966,299.919900,43.277033,51.328573,3.000000,2.000000,3.000000,0.000000,1.000000,0.000000,1.000000,2.000000,0.000000,1.000000,0.000000,1.000000,3.000000,0.000000,1.000000,1553.000000,438.000000,932.000000,136.000000,161.000000,5.000000,
0.049440,0.997752,0.140802,0.095256,0.538183,0.006443,-206.265296,3.174428,1396038.737777,1161963.318477,2307280.417905,207665.484591,1090450.387951,368.357998,98.631376,210.346507,30.193278,36.231934,85.547622,23.148180,49.315688,7.045098,8.051541,524.356603,140.901966,299.919900,43.277033,51.328573,3.000000,2.000000,3.000000,0.000000,1.000000,0.000000,1.000000,2.000000,0.000000,1.000000,0.000000,1.000000,3.000000,0.000000,1.000000,1553.000000,438.000000,932.000000,136.000000,161.000000,5.000000,
0.049440,0.997752,0.140802,0.095256,0.538183,0.006443,-206.265296,3.174428,1396038.737777,1161963.318477,2307280.417905,207665.484591,1090450.387951,368.357998,98.631376,210.346507,30.193278,36.231934,85.547622,23.148180,49.315688,7.045098,8.051541,524.356603,140.901966,299.919900,43.277033,51.328573,3.000000,2.000000,3.000000,0.000000,1.000000,0.000000,1.000000,2.000000,0.000000,1.000000,0.000000,1.000000,3.000000,0.000000,1.000000,1553.000000,438.000000,932.000000,136.000000,161.000000,5.000000,
0.049440,0.997752,0.140802,0.095256,0.538183,0.006443,-206.265296,3.174428,1396038.737777,1161963.318477,2307280.417905,207665.484591,1090450.387951,368.357998,98.631376,210.346507,30.193278,36.231934,85.547622,23.148180,49.315688,7.045098,8.051541,524.356603,140.901966,299.919900,43.277033,51.328573,3.000000,2.000000,3.000000,0.000000,1.000000,0.000000,1.000000,2.000000,0.000000,1.000000,0.000000,1.000000,3.000000,0.000000,1.000000,1553.000000,438.000000,932.000000,136.000000,161.000000,5.000000,
0.049457,0.995882,0.139929,0.101339,0.526477,0.006995,-206.769163,3.173608,1396038.201025,1161963.174349,2307280.110874,207665.440414,1090450.335491,368.560108,98.685493,210.461919,30.209845,36.251814,85.594561,23.160881,49.342747,7.048964,8.055959,524.644306,140.979276,300.084459,43.300778,51.356736,3.000000,2.000000,3.000000,0.000000,1.000000,0.000000,1.000000,2.000000,0.000000,1.000000,0.000000,1.000000,3.000000,0.000000,1.000000,1553.000000,438.000000,932.000000,136.000000,161.000000,5.000000,
0.049457,0.995882,0.139929,0.101339,0.526477,0.006995,-206.769163,3.173608,1396038.201025,1161963.174349,2307280.110874,207665.440414,1090450.335491,368.560108,98.685493,210.461919,30.209845,36.251814,85.594561,23.160881,49.342747,7.048964,8.055959,524.644306,140.979276,300.084459,43.300778,51.356736,3.000000,2.000000,3.000000,0.000000,1.000000,0.000000,1.000000,2.000000,0.000000,1.000000,0.000000,1.000000,3.000000,0.000000,1.000000,1553.000000,438.000000,932.000000,136.000000,161.000000,5.000000,
0.049457,0.995882,0.139929,0.101339,0.526477,0.006995,-206.769163,3.173608,1396038.201025,1161963.174349,2307280.110874,207665.440414,1090450.335491,368.560108,98.685493,210.461919,30.209845,36.251814,85.594561,23.160881,49.342747,7.048964,8.055959,524.644306,140.979276,300.084459,43.300778,51.356736,3.000000,2.000000,3.000000,0.000000,1.000000,0.000000,1.000000,2.000000,0.000000,1.000000,0.000000,1.000000,3.000000,0.000000,1.000000,1553.000000,438.000000,932.000000,136.000000,161.000000,5.000000,
0.049457,0.995882,0.139929,0.101339,0.526477,0.006995,-206.769163,3.173608,1396038.201025,1161963.174349,2307280.110874,207665.440414,1090450.335491,368.560108,98.685493,210.461919,30.209845,36.251814,85.594561,23.160881,49.342747,7.048964,8.055959,524.644306,140.979276,300.084459,43.300778,51.356736,3.000000,2.000000,3.000000,0.000000,1.000000,0.000000,1.000000,2.000000,0.000000,1.000000,0.000000,1.000000,3.000000,0.000000,1.000000,1553.000000,438.000000,932.000000,136.000000,161.000000,5.000000,
0.049474,0.993259,0.140003,0.097390,0.529171,0.006907,-207.998663,3.174878,1396038.286008,1161963.197169,2307280.159486,207665.447408,1090450.343797,368.528108,98.676925,210.443646,30.207222,36.248666,85.587129,23.158870,49.338463,7.048352,8.055259,524.598755,140.967036,300.058405,43.297018,51.352277,3.000000,2.000000,3.000000,0.000000,1.000000,0.000000,1.000000,2.000000,0.000000,1.000000,0.000000,1.000000,3.000000,0.000000,1.000000,1553.000000,438.000000,932.000000,136.000000,161.000000,5.000000,
0.049474,0.993259,0.140003,0.097390,0.529171,0.006907,-207.998663,3.174878,1396038.286008,1161963.197169,2307280.159486,207665.447408,1090450.343797,368.528108,98.676925,210.443646,30.207222,36.248666,85.587129,23.158870,49.338463,7.048352,8.055259,524.598755,140.967036,300.058405,43.297018,51.352277,3.000000,2.000000,3.000000,0.000000,1.000000,0.000000,1.000000,2.000000,0.000000,1.000000,0.000000,1.000000,3.000000,0.000000,1.000000,1553.000000,438.000000,932.000000,136.000000,161.000000,5.000000,
0.049474,0.993259,0.140003,0.097390,0.529171,0.006907,-207.998663,3.174878,1396038.286008,1161963.197169,2307280.159486,207665.447408,1090450.343797,368.528108,98.676925,210.443646,30.207222,36.248666,85.587129,23.158870,49.338463,7.048352,8.055259,524.598755,140.967036,300.058405,43.297018,51.352277,3.000000,2.000000,3.000000,0.000000,1.000000,0.000000,1.000000,2.000000,0.000000,1.000000,0.000000,1.000000,3.000000,0.000000,1.000000,1553.000000,438.000000,932.000000,136.000000,161.000000,5.000000,
0.049474,0.993259,0.140003,0.097390,0.529171,0.006907,-207.998663,3.174878,1396038.286008,1161963.197169,2307280.159486,207665.447408,1090450.343797,368.528108,98.676925,210.443646,30.207222,36.248666,85.587129,23.158870,49.338463,7.048352,8.055259,524.598755,140.967036,300.058405,43.297018,51.352277,3.000000,2.000000,3.000000,0.000000,1.000000,0.000000,1.000000,2.000000,0.000000,1.000000,0.000000,1.000000,3.000000,0.000000,1.000000,1553.000000,438.000000,932.000000,136.000000,161.000000,5.000000,
0.049474,0.993259,0.140003,0.097390,0.529171,0.006907,-207.998663,3.174878,1396038.286008,1161963.197169,2307280.159486,207665.447408,1090450.343797,368.528108,98.676925,210.443646,30.207222,36.248666,85.587129,23.158870,49.338463,7.048352,8.055259,524.598755,140.967036,300.058405,43.297018,51.352277,3.000000,2.000000,3.000000,0.000000,1.000000,0.000000,1.000000,2.000000,0.000000,1.000000,0.000000,1.000000,3.000000,0.000000,1.000000,1553.000000,438.000000,932.000000,136.000000,161.000000,5.000000,
0.049474,0.993259,0.140003,0.097390,0.529171,0.006907,-207.998663,3.174878,1396038.286008,1161963.197169,2307280.159486,207665.447408,1090450.343797,368.528108,98.676925,210.443646,30.207222,36.248666,85.587129,23.158870,49.338463,7.048352,8.055259,524.598755,140.967036,300.058405,43.297018,51.352277,3.000000,2.000000,3.000000,0.000000,1.000000,0.000000,1.000000,2.000000,0.000000,1.000000,0.000000,1.000000,3.000000,0.000000,1.000000,1553.000000,438.000000,932.000000,136.000000,161.000000,5.000000,
0.049443,0.997413,0.143868,0.106013,0.490833,0.006883,-206.260112,3.181477,1396038.309857,1161963.203573,2307280.173128,207665.449371,1090450.346128,368.519128,98.674521,210.438519,30.206486,36.247783,85.585043,23.158306,49.337260,7.048180,8.055063,524.585972,140.963601,300.051093,43.295963,51.351026,3.000000,2.000000,3.000000,0.000000,1.000000,0.000000,1.000000,2.000000,0.000000,1.000000,0.000000,1.000000,3.000000,0.000000,1.000000,1553.000000,438.000000,932.000000,136.000000,161.000000,5.000000,
0.049443,0.997413,0.143868,0.106013,0.490833,0.006883,-206.260112,3.181477,1396038.309857,1161963.203573,2307280.173128,207665.449371,1090450.346128,368.519128,98.674521,210.438519,30.206486,36.247783,85.585043,23.158306,49.337260,7.048180,8.055063,524.585972,140.963601,300.051093,43.295963,51.351026,3.000000,2.000000,3.000000,0.000000,1.000000,0.000000,1.000000,2.000000,0.000000,1.000000,0.000000,1.000000,3.000000,0.000000,1.000000,1553.000000,438.000000,932.000000,136.000000,161.000000,5.000000,
0.049443,0.997413,0.143868,0.106013,0.490833,0.006883,-206.260112,3.181477,1396038.309857,1161963.203573,2307280.173128,207665.449371,1090450.346128,368.519128,98.674521,210.438519,30.206486,36.247783,85.585043,23.158306,49.337260,7.048180,8.055063,524.585972,140.963601,300.051093,43.295963,51.351026,3.000000,2.000000,3.000000,0.000000,1.000000,0.000000,1.000000,2.000000,0.000000,1.000000,0.000000,1.000000,3.000000,0.000000,1.000000,1553.000000,438.000000,932.000000,136.000000,161.000000,5.000000,
0.049443,0.997413,0.143868,0.106013,0.490833,0.006883,-206.260112,3.181477,1396038.309857,1161963.203573,2307280.173128,207665.449371,1090450.346128,368.519128,98.674521,210.438519,30.206486,36.247783,85.585043,23.158306,49.337260,7.048180,8.055063,524.585972,140.963601,300.051093,43.295963,51.351026,3.000000,2.000000,3.000000,0.000000,1.000000,0.000000,1.000000,2.000000,0.000000,1.000000,0.000000,1.000000,3.000000,0.000000,1.000000,1553.000000,438.000000,932.000000,136.000000,161.000000,5.000000,
0.049443,0.997413,0.143868,0.106013,0.490833,0.006883,-206.260112,3.181477,1396038.309857,1161963.203573,2307280.173128,207665.449371,1090450.346128,368.519128,98.674521,210.438519,30.206486,36.247783,85.585043,23.158306,49.337260,7.048180,8.055063,524.585972,140.963601,300.051093,43.295963,51.351026,3.000000,2.000000,3.000000,0.000000,1.000000,0.000000,1.000000,2.000000,0.000000,1.000000,0.000000,1.000000,3.000000,0.000000,1.000000,1553.000000,438.000000,932.000000,136.000000,161.000000,5.000000,
0.049443,0.997413,0.143868,0.106013,0.490833,0.006883,-206.260112,3.181477,1396038.309857,1161963.203573,2307280.173128,207665.449371,1090450.346128,368.519128,98.674521,210.438519,30.206486,36.247783,85.585043,23.158306,49.337260,7.048180,8.055063,524.585972,140.963601,300.051093,43.295963,51.351026,3.000000,2.000000,3.000000,0.000000,1.000000,0.000000,1.000000,2.000000,0.000000,1.000000,0.000000,1.000000,3.000000,0.000000,1.000000,1553.000000,438.000000,932.000000,136.000000,161.000000,5.000000,
0.049443,0.997413,0.143868,0.106013,0.490833,0.006883,-206.260112,3.181477,1396038.309857,1161963.203573,2307280.173128,207665.449371,1090450.346128,368.519128,98.674521,210.438519,30.206486,36.247783,85.585043,23.158306,49.337260,7.048180,8.055063,524.585972,140.963601,300.051093,43.295963,51.351026,3.000000,2.000000,3.000000,0.000000,1.000000,0.000000,1.000000,2.000000,0.000000,1.000000,0.000000,1.000000,3.000000,0.000000,1.000000,1553.000000,438.000000,932.000000,136.000000,161.000000,5.000000,
0.049443,0.997413,0.143868,0.106013,0.490833,0.006883,-206.260112,3.181477,1396038.309857,1161963.203573,2307280.173128,207665.449371,1090450.346128,368.519128,98.674521,210.438519,30.206486,36.247783,85.585043,23.158306,49.337260,7.048180,8.055063,524.585972,140.963601,300.051093,43.295963,51.351026,3.000000,2.000000,3.000000,0.000000,1.000000,0.000000,1.000000,2.000000,0.000000,1.000000,0.000000,1.000000,3.000000,0.000000,1.000000,1553.000000,438.000000,932.000000,136.000000,161.000000,5.000000,
0.049443,0.997413,0.143868,0.106013,0.490833,0.006883,-206.260112,3.181477,1396038.309857,1161963.203573,2307280.173128,207665.449371,1090450.346128,368.519128,98.674521,210.438519,30.206486,36.247783,85.585043,23.158306,49.337260,7.048180,8.055063,524.585972,140.963601,300.051093,43.295963,51.351026,3.000000,2.000000,3.000000,0.000000,1.000000,0.000000,1.000000,2.000000,0.000000,1.000000,0.000000,1.000000,3.000000,0.000000,1.000000,1553.000000,438.000000,932.000000,136.000000,161.000000,5.000000,
0.049443,0.997413,0.143868,0.106013,0.490833,0.006883,-206.260112,3.181477,1396038.309857,1161963.203573,2307280.173128,207665.449371,1090450.346128,368.519128,98.674521,210.438519,30.206486,36.247783,85.585043,23.158306,49.337260,7.048180,8.055063,524.585972,140.963601,300.051093,43.295963,51.351026,3.000000,2.000000,3.000000,0.000000,1.000000,0.000000,1.000000,2.000000,0.000000,1.000000,0.000000,1.000000,3.000000,0.000000,1.000000,1553.000000,438.000000,932.000000,136.000000,161.000000,5.000000,
0.049443,0.997413,0.143868,0.106013,0.490833,0.006883,-206.260112,3.181477,1396038.309857,1161963.203573,2307280.173128,207665.449371,1090450.346128,368.519128,98.674521,210.438519,30.206486,36.247783,85.585043,23.158306,49.337260,7.048180,8.055063,524.585972,140.963601,300.051093,43.295963,51.351026,3.000000,2.000000,3.000000,0.000000,1.000000,0.000000,1.000000,2.000000,0.000000,1.000000,0.000000,1.000000,3.000000,0.000000,1.000000,1553.000000,438.000000,932.000000,136.000000,161.000000,5.000000,
0.049443,0.997413,0.143868,0.106013,0.490833,0.006883,-206.260112,3.181477,1396038.309857,1161963.203573,2307280.173128,207665.449371,1090450.346128,368.519128,98.674521,210.438519,30.206486,36.247783,85.585043,23.158306,49.337260,7.048180,8.055063,524.585972,140.963601,300.051093,43.295963,51.351026,3.000000,2.000000,3.000000,0.000000,1.000000,0.000000,1.000000,2.000000,0.000000,1.000000,0.000000,1.000000,3.000000,0.000000,1.000000,1553.000000,438.000000,932.000000,136.000000,161.000000,5.000000,
0.049450,0.998877,0.141925,0.115048,0.481279,0.006867,-206.271575,3.177630,1396038.325752,1161963.207841,2307280.182220,207665.450679,1090450.347681,368.513143,98.672918,210.435101,30.205995,36.247194,85.583653,23.157930,49.336459,7.048066,8.054932,524.577452,140.961311,300.046220,43.295260,51.350192,3.000000,2.000000,3.000000,0.000000,1.000000,0.000000,1.000000,2.000000,0.000000,1.000000,0.000000,1.000000,3.000000,0.000000,1.000000,1553.000000,438.000000,932.000000,136.000000,161.000000,5.000000,
0.049450,0.998877,0.141925,0.115048,0.481279,0.006867,-206.271575,3.177630,1396038.325752,1161963.207841,2307280.182220,207665.450679,1090450.347681,368.513143,98.672918,210.435101,30.205995,36.247194,85.583653,23.157930,49.336459,7.048066,8.054932,524.577452,140.961311,300.046220,43.295260,51.350192,3.000000,2.000000,3.000000,0.000000,1.000000,0.000000,1.000000,2.000000,0.000000,1.000000,0.000000,1.000000,3.000000,0.000000,1.000000,1553.000000,438.000000,932.000000,136.000000,161.000000,5.000000,
0.049413,0.999127,0.145228,0.115628,0.463079,0.007526,-206.369412,3.182616,1396037.684469,1161963.035645,2307279.815396,207665.397899,1090450.285005,368.754613,98.737574,210.572990,30.225788,36.270946,85.639733,23.173104,49.368787,7.052684,8.060210,524.921185,141.053677,300.242827,43.323629,51.383840,3.000000,2.000000,3.000000,0.000000,1.000000,0.000000,1.000000,2.000000,0.000000,1.000000,0.000000,1.000000,3.000000,0.000000,1.000000,1553.000000,438.000000,932.000000,136.000000,161.000000,5.000000,
0.049413,0.999127,0.145228,0.115628,0.463079,0.007526,-206.369412,3.182616,1396037.684469,1161963.035645,2307279.815396,207665.397899,1090450.285005,368.754613,98.737574,210.572990,30.225788,36.270946,85.639733,23.173104,49.368787,7.052684,8.060210,524.921185,141.053677,300.242827,43.323629,51.383840,3.000000,2.000000,3.000000,0.000000,1.000000,0.000000,1.000000,2.000000,0.000000,1.000000,0.000000,1.000000,3.000000,0.000000,1.000000,1553.000000,438.000000,932.000000,136.000000,161.000000,5.000000,
0.049413,0.999127,0.145228,0.115628,0.463079,0.007526,-206.369412,3.182616,1396037.684469,1161963.035645,2307279.815396,207665.397899,1090450.285005,368.754613,98.737574,210.572990,30.225788,36.270946,85.639733,23.173104,49.368787,7.052684,8.060210,524.921185,141.053677,300.242827,43.323629,51.383840,3.000000,2.000000,3.000000,0.000000,1.000000,0.000000,1.000000,2.000000,0.000000,1.000000,0.000000,1.000000,3.000000,0.000000,1.000000,1553.000000,438.000000,932.000000,136.000000,161.000000,5.000000,
0.049413,0.999127,0.145228,0.115628,0.463079,0.007526,-206.369412,3.182616,1396037.684469,1161963.035645,2307279.815396,207665.397899,1090450.285005,368.754613,98.737574,210.572990,30.225788,36.270946,85.639733,23.173104,49.368787,7.052684,8.060210,524.921185,141.053677,300.242827,43.323629,51.383840,3.000000,2.000000,3.000000,0.000000,1.000000,0.000000,1.000000,2.000000,0.000000,1.000000,0.000000,1.000000,3.000000,0.000000,1.000000,1553.000000,438.000000,932.000000,136.000000,161.000000,5.000000,
0.049413,0.999127,0.145228,0.115628,0.463079,0.007526,-206.369412,3.182616,1396037.684469,1161963.035645,2307279.815396,207665.397899,1090450.285005,368.754613,98.737574,210.572990,30.225788,36.270946,85.639733,23.173104,49.368787,7.052684,8.060210,524.921185,141.053677,300.242827,43.323629,51.383840,3.000000,2.000000,3.000000,0.000000,1.000000,0.000000,1.000000,2.000000,0.000000,1.000000,0.000000,1.000000,3.000000,0.000000,1.000000,1553.000000,438.000000,932.000000,136.000000,161.000000,5.000000,
0.049413,0.999127,0.145228,0.115628,0.463079,0.007526,-206.369412,3.182616,1396037.684469,1161963.035645,2307279.815396,207665.397899,1090450.285005,368.754613,98.737574,210.572990,30.225788,36.270946,85.639733,23.173104,49.368787,7.052684,8.060210,524.921185,141.053677,300.242827,43.323629,51.383840,3.000000,2.000000,3.000000,0.000000,1.000000,0.000000,1.000000,2.000000,0.000000,1.000000,0.000000,1.000000,3.000000,0.000000,1.000000,1553.000000,438.000000,932.000000,136.000000,161.000000,5.000000,
0.049413,0.999127,0.145228,0.115628,0.463079,0.007526,-206.369412,3.182616,1396037.684469,1161963.035645,2307279.815396,207665.397899,1090450.285005,368.754613,98.737574,210.572990,30.225788,36.270946,85.639733,23.173104,49.368787,7.052684,8.060210,524.921185,141.053677,300.242827,43.323629,51.383840,3.000000,2.000000,3.000000,0.000000,1.000000,0.000000,1.000000,2.000000,0.000000,1.000000,0.000000,1.000000,3.000000,0.000000,1.000000,1553.000000,438.000000,932.000000,136.000000,161.000000,5.000000,
0.049413,0.999127,0.145228,0.115628,0.463079,0.007526,-206.369412,3.182616,1396037.684469,1161963.035645,2307279.815396,207665.397899,1090450.285005,368.754613,98.737574,210.572990,30.225788,36.270946,85.639733,23.173104,49.368787,7.052684,8.060210,524.921185,141.053677,300.242827,43.323629,51.383840,3.000000,2.000000,3.000000,0.000000,1.000000,0.000000,1.000000,2.000000,0.000000,1.000000,0.000000,1.000000,3.000000,0.000000,1.000000,1553.000000,438.000000,932.000000,136.000000,161.000000,5.000000,
0.049413,0.999127,0.145228,0.115628,0.463079,0.007526,-206.369412,3.182616,1396037.684469,1161963.035645,2307279.815396,207665.397899,1090450.285005,368.754613,98.737574,210.572990,30.225788,36.270946,85.639733,23.173104,49.368787,7.052684,8.060210,524.921185,141.053677,300.242827,43.323629,51.383840,3.000000,2.000000,3.000000,0.000000,1.000000,0.000000,1.000000,2.000000,0.000000,1.000000,0.000000,1.000000,3.000000,0.000000,1.000000,1553.000000,438.000000,932.000000,136.000000,161.000000,5.000000,
0.049413,0.999127,0.145228,0.115628,0.463079,0.007526,-206.369412,3.182616,1396037.684469,1161963.035645,2307279.815396,207665.397899,1090450.285005,368.754613,98.737574,210.572990,30.225788,36.270946,85.639733,23.173104,49.368787,7.052684,8.060210,524.921185,141.053677,300.242827,43.323629,51.383840,3.000000,2.000000,3.000000,0.000000,1.000000,0.000000,1.000000,2.000000,0.000000,1.000000,0.000000,1.000000,3.000000,0.000000,1.000000,1553.000000,438.000000,932.000000,136.000000,161.000000,5.000000,
0.049413,0.999127,0.145228,0.115628,0.463079,0.007526,-206.369412,3.182616,1396037.684469,1161963.035645,2307279.815396,207665.397899,1090450.285005,368.754613,98.737574,210.572990,30.225788,36.270946,85.639733,23.173104,49.368787,7.052684,8.060210,524.921185,141.053677,300.242827,43.323629,51.383840,3.000000,2.000000,3.000000,0.000000,1.000000,0.000000,1.000000,2.000000,0.000000,1.000000,0.000000,1.000000,3.000000,0.000000,1.000000,1553.000000,438.000000,932.000000,136.000000,161.000000,5.000000,
0.049413,0.999127,0.145228,0.115628,0.463079,0.007526,-206.369412,3.182616,1396037.684469,1161963.035645,2307279.815396,207665.397899,1090450.285005,368.754613,98.737574,210.572990,30.225788,36.270946,85.639733,23.173104,49.368787,7.052684,8.060210,524.921185,141.053677,300.242827,43.323629,51.383840,3.000000,2.000000,3.000000,0.000000,1.000000,0.000000,1.000000,2.000000,0.000000,1.000000,0.000000,1.000000,3.000000,0.000000,1.000000,1553.000000,438.000000,932.000000,136.000000,161.000000,5.000000,
0.049442,0.998187,0.142769,0.098302,0.513915,0.007929,-206.553830,3.178958,1396037.293296,1161962.930607,2307279.591639,207665.365703,1090450.246773,368.901907,98.777013,210.657100,30.237861,36.285433,85.673940,23.182360,49.388507,7.055501,8.063430,525.130857,141.110019,300.362755,43.340934,51.404364,3.000000,2.000000,3.000000,0.000000,1.000000,0.000000,1.000000,2.000000,0.000000,1.000000,0.000000,1.000000,3.000000,0.000000,1.000000,1553.000000,438.000000,932.000000,136.000000,161.000000,5.000000,
0.049442,0.998187,0.142769,0.098302,0.513915,0.007929,-206.553830,3.178958,1396037.293296,1161962.930607,2307279.591639,207665.365703,1090450.246773,368.901907,98.777013,210.657100,30.237861,36.285433,85.673940,23.182360,49.388507,7.055501,8.063430,525.130857,141.110019,300.362755,43.340934,51.404364,3.000000,2.000000,3.000000,0.000000,1.000000,0.000000,1.000000,2.000000,0.000000,1.000000,0.000000,1.000000,3.000000,0.000000,1.000000,1553.000000,438.000000,932.000000,136.000000,161.000000,5.000000,
0.049442,0.998187,0.142769,0.098302,0.513915,0.007929,-206.553830,3.178958,1396037.293296,1161962.930607,2307279.591639,207665.365703,1090450.246773,368.901907,98.777013,210.657100,30.237861,36.285433,85.673940,23.182360,49.388507,7.055501,8.063430,525.130857,141.110019,300.362755,43.340934,51.404364,3.000000,2.000000,3.000000,0.000000,1.000000,0.000000,1.000000,2.000000,0.000000,1.000000,0.000000,1.000000,3.000000,0.000000,1.000000,1553.000000,438.000000,932.000000,136.000000,161.000000,5.000000,
0.049442,0.998187,0.142769,0.098302,0.513915,0.007929,-206.553830,3.178958,1396037.293296,1161962.930607,2307279.591639,207665.365703,1090450.246773,368.901907,98.777013,210.657100,30.237861,36.285433,85.673940,23.182360,49.388507,7.055501,8.063430,525.130857,141.110019,300.362755,43.340934,51.404364,3.000000,2.000000,3.000000,0.000000,1.000000,0.000000,1.000000,2.000000,0.000000,1.000000,0.000000,1.000000,3.000000,0.000000,1.000000,1553.000000,438.000000,932.000000,136.000000,161.000000,5.000000,
0.049442,0.998187,0.142769,0.098302,0.513915,0.007929,-206.553830,3.178958,1396037.293296,1161962.930607,2307279.591639,207665.365703,1090450.246773,368.901907,98.777013,210.657100,30.237861,36.285433,85.673940,23.182360,49.388507,7.055501,8.063430,525.130857,141.110019,300.362755,43.340934,51.404364,3.000000,2.000000,3.000000,0.000000,1.000000,0.000000,1.000000,2.000000,0.000000,1.000000,0.000000,1.000000,3.000000,0.000000,1.000000,1553.000000,438.000000,932.000000,136.000000,161.000000,5.000000,
0.049442,0.998187,0.142769,0.098302,0.513915,0.007929,-206.553830,3.178958,1396037.293296,1161962.930607,2307279.591639,207665.365703,1090450.246773,368.901907,98.777013,210.657100,30.237861,36.285433,85.673940,23.182360,49.388507,7.055501,8.063430,525.130857,141.110019,300.362755,43.340934,51.404364,3.000000,2.000000,3.000000,0.000000,1.000000,0.000000,1.000000,2.000000,0.000000,1.000000,0.000000,1.000000,3.000000,0.000000,1.000000,1553.000000,438.000000,932.000000,136.000000,161.000000,5.000000,
0.049442,0.998187,0.142769,0.098302,0.513915,0.007929,-206.553830,3.178958,1396037.293296,1161962.930607,2307279.591639,207665.365703,1090450.246773,368.901907,98.777013,210.657100,30.237861,36.285433,85.673940,23.182360,49.388507,7.055501,8.063430,525.130857,141.110019,300.362755,43.340934,51.404364,3.000000,2.000000,3.000000,0.000000,1.000000,0.000000,1.000000,2.000000,0.000000,1.000000,0.000000,1.000000,3.000000,0.000000,1.000000,1553.000000,438.000000,932.000000,136.000000,161.000000,5.000000,
0.049442,0.998187,0.142769,0.098302,0.513915,0.007929,-206.553830,3.178958,1396037.293296,1161962.930607,2307279.591639,207665.365703,1090450.246773,368.901907,98.777013,210.657100,30.237861,36.285433,85.673940,23.182360,49.388507,7.055501,8.063430,525.130857,141.110019,300.362755,43.340934,51.404364,3.000000,2.000000,3.000000,0.000000,1.000000,0.000000,1.000000,2.000000,0.000000,1.000000,0.000000,1.000000,3.000000,0.000000,1.000000,1553.000000,438.000000,932.000000,136.000000,161.000000,5.000000,
0.049442,0.998187,0.142769,0.098302,0.513915,0.007929,-206.553830,3.178958,1396037.293296,1161962.930607,2307279.591639,207665.365703,1090450.246773,368.901907,98.777013,210.657100,30.237861,36.285433,85.673940,23.182360,49.388507,7.055501,8.063430,525.130857,141.110019,300.362755,43.340934,51.404364,3.000000,2.000000,3.000000,0.000000,1.000000,0.000000,1.000000,2.000000,0.000000,1.000000,0.000000,1.000000,3.000000,0.000000,1.000000,1553.000000,438.000000,932.000000,136.000000,161.000000,5.000000,
0.049442,0.998187,0.142769,0.098302,0.513915,0.007929,-206.553830,3.178958,1396037.293296,1161962.930607,2307279.591639,207665.365703,1090450.246773,368.901907,98.777013,210.657100,30.237861,36.285433,85.673940,23.182360,49.388507,7.055501,8.063430,525.130857,141.110019,300.362755,43.340934,51.404364,3.000000,2.000000,3.000000,0.000000,1.000000,0.000000,1.000000,2.000000,0.000000,1.000000,0.000000,1.000000,3.000000,0.000000,1.000000,1553.000000,438.000000,932.000000,136.000000,161.000000,5.000000,
0.049442,0.998187,0.142769,0.098302,0.513915,0.007929,-206.553830,3.178958,1396037.293296,1161962.930607,2307279.591639,207665.365703,1090450.246773,368.901907,98.777013,210.657100,30.237861,36.285433,85.673940,23.182360,49.388507,7.055501,8.063430,525.130857,141.110019,300.362755,43.340934,51.404364,3.000000,2.000000,3.000000,0.000000,1.000000,0.000000,1.000000,2.000000,0.000000,1.000000,0.000000,1.000000,3.000000,0.000000,1.000000,1553.000000,438.000000,932.000000,136.000000,161.000000,5.000000,
0.049442,0.998187,0.142769,0.098302,0.513915,0.007929,-206.553830,3.178958,1396037.293296,1161962.930607,2307279.591639,207665.365703,1090450.246773,368.901907,98.777013,210.657100,30.237861,36.285433,85.673940,23.182360,49.388507,7.055501,8.063430,525.130857,141.110019,300.362755,43.340934,51.404364,3.000000,2.000000,3.000000,0.000000,1.000000,0.000000,1.000000,2.000000,0.000000,1.000000,0.000000,1.000000,3.000000,0.000000,1.000000,1553.000000,438.000000,932.000000,136.000000,161.000000,5.000000,
0.049442,0.998187,0.142769,0.098302,0.513915,0.007929,-206.553830,3.178958,1396037.293296,1161962.930607,2307279.591639,207665.365703,1090450.246773,368.901907,98.777013,210.657100,30.237861,36.285433,85.673940,23.182360,49.388507,7.055501,8.063430,525.130857,141.110019,300.362755,43.340934,51.404364,3.000000,2.000000,3.000000,0.000000,1.000000,0.000000,1.000000,2.000000,0.000000,1.000000,0.000000,1.000000,3.000000,0.000000,1.000000,1553.000000,438.000000,932.000000,136.000000,161.000000,5.000000,
0.049442,0.998187,0.142769,0.098302,0.513915,0.007929,-206.553830,3.178958,1396037.293296,1161962.930607,2307279.591639,207665.365703,1090450.246773,368.901907,98.777013,210.657100,30.237861,36.285433,85.673940,23.182360,49.388507,7.055501,8.063430,525.130857,141.110019,300.362755,43.340934,51.404364,3.000000,2.000000,3.000000,0.000000,1.000000,0.000000,1.000000,2.000000,0.000000,1.000000,0.000000,1.000000,3.000000,0.000000,1.000000,1553.000000,438.000000,932.000000,136.000000,161.000000,5.000000,
0.049442,0.998187,0.142769,0.098302,0.513915,0.007929,-206.553830,3.178958,1396037.293296,1161962.930607,2307279.591639,207665.365703,1090450.246773,368.901907,98.777013,210.657100,30.237861,36.285433,85.673940,23.182360,49.388507,7.055501,8.063430,525.130857,141.110019,300.362755,43.340934,51.404364,3.000000,2.000000,3.000000,0.000000,1.000000,0.000000,1.000000,2.000000,0.000000,1.000000,0.000000,1.000000,3.000000,0.000000,1.000000,1553.000000,438.000000,932.000000,136.000000,161.000000,5.000000,
0.049442,0.998187,0.142769,0.098302,0.513915,0.007929,-206.553830,3.178958,1396037.293296,1161962.930607,2307279.591639,207665.365703,1090450.246773,368.901907,98.777013,210.657100,30.237861,36.285433,85.673940,23.182360,49.388507,7.055501,8.063430,525.130857,141.110019,300.362755,43.340934,51.404364,3.000000,2.000000,3.000000,0.000000,1.000000,0.000000,1.000000,2.000000,0.000000,1.000000,0.000000,1.000000,3.000000,0.000000,1.000000,1553.000000,438.000000,932.000000,136.000000,161.000000,5.000000,
0.049421,0.998010,0.142323,0.093926,0.529998,0.008063,-206.740175,3.176628,1396037.162942,1161962.895605,2307279.517074,207665.354975,1090450.234032,368.950991,98.790156,210.685129,30.241885,36.290261,85.685339,23.185445,49.395078,7.056440,8.064503,525.200728,141.128794,300.402719,43.346701,51.411204,3.000000,2.000000,3.000000,0.000000,1.000000,0.000000,1.000000,2.000000,0.000000,1.000000,0.000000,1.000000,3.000000,0.000000,1.000000,1553.000000,438.000000,932.000000,136.000000,161.000000,5.000000,
0.049421,0.998010,0.142323,0.093926,0.529998,0.008063,-206.740175,3.176628,1396037.162942,1161962.895605,2307279.517074,207665.354975,1090450.234032,368.950991,98.790156,210.685129,30.241885,36.290261,85.685339,23.185445,49.395078,7.056440,8.064503,525.200728,141.128794,300.402719,43.346701,51.411204,3.000000,2.000000,3.000000,0.000000,1.000000,0.000000,1.000000,2.000000,0.000000,1.000000,0.000000,1.000000,3.000000,0.000000,1.000000,1553.000000,438.000000,932.000000,136.000000,161.000000,5.000000,
0.049421,0.998010,0.142323,0.093926,0.529998,0.008063,-206.740175,3.176628,1396037.162942,1161962.895605,2307279.517074,207665.354975,1090450.234032,368.950991,98.790156,210.685129,30.241885,36.290261,85.685339,23.185445,49.395078,7.056440,8.064503,525.200728,141.128794,300.402719,43.346701,51.411204,3.000000,2.000000,3.000000,0.000000,1.000000,0.000000,1.000000,2.000000,0.000000,1.000000,0.000000,1.000000,3.000000,0.000000,1.000000,1553.000000,438.000000,932.000000,136.000000,161.000000,5.000000,
0.049421,0.998010,0.142323,0.093926,0.529998,0.008063,-206.740175,3.176628,1396037.162942,1161962.895605,2307279.517074,207665.354975,1090450.234032,368.950991,98.790156,210.685129,30.241885,36.290261,85.685339,23.185445,49.395078,7.056440,8.064503,525.200728,141.128794,300.402719,43.346701,51.411204,3.000000,2.000000,3.000000,0.000000,1.000000,0.000000,1.000000,2.000000,0.000000,1.000000,0.000000,1.000000,3.000000,0.000000,1.000000,1553.000000,438.000000,932.000000,136.000000,161.000000,5.000000,
0.049421,0.998010,0.142323,0.093926,0.529998,0.008063,-206.740175,3.176628,1396037.162942,1161962.895605,2307279.517074,207665.354975,1090450.234032,368.950991,98.790156,210.685129,30.241885,36.290261,85.685339,23.185445,49.395078,7.056440,8.064503,525.200728,141.128794,300.402719,43.346701,51.411204,3.000000,2.000000,3.000000,0.000000,1.000000,0.000000,1.000000,2.000000,0.000000,1.000000,0.000000,1.000000,3.000000,0.000000,1.000000,1553.000000,438.000000,932.000000,136.000000,161.000000,5.000000,
0.049421,0.998010,0.142323,0.093926,0.529998,0.008063,-206.740175,3.176628,1396037.162942,1161962.895605,2307279.517074,207665.354975,1090450.234032,368.950991,98.790156,210.685129,30.241885,36.290261,85.685339,23.185445,49.395078,7.056440,8.064503,525.200728,141.128794,300.402719,43.346701,51.411204,3.000000,2.000000,3.000000,0.000000,1.000000,0.000000,1.000000,2.000000,0.000000,1.000000,0.000000,1.000000,3.000000,0.000000,1.000000,1553.000000,438.000000,932.000000,136.000000,161.000000,5.000000,
0.049421,0.998010,0.142323,0.093926,0.529998,0.008063,-206.740175,3.176628,1396037.162942,1161962.895605,2307279.517074,207665.354975,1090450.234032,368.950991,98.790156,210.685129,30.241885,36.290261,85.685339,23.185445,49.395078,7.056440,8.064503,525.200728,141.128794,300.402719,43.346701,51.411204,3.000000,2.000000,3.000000,0.000000,1.000000,0.000000,1.000000,2.000000,0.000000,1.000000,0.000000,1.000000,3.000000,0.000000,1.000000,1553.000000,438.000000,932.000000,136.000000,161.000000,5.000000,
0.049421,0.998010,0.142323,0.093926,0.529998,0.008063,-206.740175,3.176628,1396037.162942,1161962.895605,2307279.517074,207665.354975,1090450.234032,368.950991,98.790156,210.685129,30.241885,36.290261,85.685339,23.185445,49.395078,7.056440,8.064503,525.200728,141.128794,300.402719,43.346701,51.411204,3.000000,2.000000,3.000000,0.000000,1.000000,0.000000,1.000000,2.000000,0.000000,1.000000,0.000000,1.000000,3.000000,0.000000,1.000000,1553.000000,438.000000,932.000000,136.000000,161.000000,5.000000,
0.049421,0.998010,0.142323,0.093926,0.529998,0.008063,-206.740175,3.176628,1396037.162942,1161962.895605,2307279.517074,207665.354975,1090450.234032,368.950991,98.790156,210.685129,30.241885,36.290261,85.685339,23.185445,49.395078,7.056440,8.064503,525.200728,141.128794,300.402719,43.346701,51.411204,3.000000,2.000000,3.000000,0.000000,1.000000,0.000000,1.000000,2.000000,0.000000,1.000000,0.000000,1.000000,3.000000,0.000000,1.000000,1553.000000,438.000000,932.000000,136.000000,161.000000,5.000000,
0.049440,0.994501,0.140290,0.100532,0.526527,0.008188,-207.365905,3.173333,1396037.041426,1161962.862976,2307279.447565,207665.344973,1090450.222156,368.996747,98.802408,210.711257,30.245635,36.294762,85.695966,23.188320,49.401204,7.057315,8.065503,525.265861,141.146297,300.439974,43.352077,51.417579,3.000000,2.000000,3.000000,0.000000,1.000000,0.000000,1.000000,2.000000,0.000000,1.000000,0.000000,1.000000,3.000000,0.000000,1.000000,1553.000000,438.000000,932.000000,136.000000,161.000000,5.000000,
0.049440,0.994501,0.140290,0.100532,0.526527,0.008188,-207.365905,3.173333,1396037.041426,1161962.862976,2307279.447565,207665.344973,1090450.222156,368.996747,98.802408,210.711257,30.245635,36.294762,85.695966,23.188320,49.401204,7.057315,8.065503,525.265861,141.146297,300.439974,43.352077,51.417579,3.000000,2.000000,3.000000,0.000000,1.000000,0.000000,1.000000,2.000000,0.000000,1.000000,0.000000,1.000000,3.000000,0.000000,1.000000,1553.000000,438.000000,932.000000,136.000000,161.000000,5.000000,
0.049440,0.994501,0.140290,0.100532,0.526527,0.008188,-207.365905,3.173333,1396037.041426,1161962.862976,2307279.447565,207665.344973,1090450.222156,368.996747,98.802408,210.711257,30.245635,36.294762,85.695966,23.188320,49.401204,7.057315,8.065503,525.265861,141.146297,300.439974,43.352077,51.417579,3.000000,2.000000,3.000000,0.000000,1.000000,0.000000,1.000000,2.000000,0.000000,1.000000,0.000000,1.000000,3.000000,0.000000,1.000000,1553.000000,438.000000,932.000000,136.000000,161.000000,5.000000,
0.049440,0.994501,0.140290,0.100532,0.526527,0.008188,-207.365905,3.173333,1396037.041426,1161962.862976,2307279.447565,207665.344973,1090450.222156,368.996747,98.802408,210.711257,30.245635,36.294762,85.695966,23.188320,49.401204,7.057315,8.065503,525.265861,141.146297,300.439974,43.352077,51.417579,3.000000,2.000000,3.000000,0.000000,1.000000,0.000000,1.000000,2.000000,0.000000,1.000000,0.000000,1.000000,3.000000,0.000000,1.000000,1553.000000,438.000000,932.000000,136.000000,161.000000,5.000000,
0.049440,0.994501,0.140290,0.100532,0.526527,0.008188,-207.365905,3.173333,1396037.041426,1161962.862976,2307279.447565,207665.344973,1090450.222156,368.996747,98.802408,210.711257,30.245635,36.294762,85.695966,23.188320,49.401204,7.057315,8.065503,525.265861,141.146297,300.439974,43.352077,51.417579,3.000000,2.000000,3.000000,0.000000,1.000000,0.000000,1.000000,2.000000,0.000000,1.000000,0.000000,1.000000,3.000000,0.000000,1.000000,1553.000000,438.000000,932.000000,136.000000,161.000000,5.000000,
0.049440,0.994501,0.140290,0.100532,0.526527,0.008188,-207.365905,3.173333,1396037.041426,1161962.862976,2307279.447565,207665.344973,1090450.222156,368.996747,98.802408,210.711257,30.245635,36.294762,85.695966,23.188320,49.401204,7.057315,8.065503,525.265861,141.146297,300.439974,43.352077,51.417579,3.000000,2.000000,3.000000,0.000000,1.000000,0.000000,1.000000,2.000000,0.000000,1.000000,0.000000,1.000000,3.000000,0.000000,1.000000,1553.000000,438.000000,932.000000,136.000000,161.000000,5.000000,
0.049440,0.994501,0.140290,0.100532,0.526527,0.008188,-207.365905,3.173333,1396037.041426,1161962.862976,2307279.447565,207665.344973,1090450.222156,368.996747,98.802408,210.711257,30.245635,36.294762,85.695966,23.188320,49.401204,7.057315,8.065503,525.265861,141.146297,300.439974,43.352077,51.417579,3.000000,2.000000,3.000000,0.000000,1.000000,0.000000,1.000000,2.000000,0.000000,1.000000,0.000000,1.000000,3.000000,0.000000,1.000000,1553.000000,438.000000,932.000000,136.000000,161.000000,5.000000,
0.049453,0.995838,0.139169,0.099782,0.531915,0.007885,-207.796068,3.171632,1396037.336153,1161962.942115,2307279.616153,207665.369231,1090450.250961,368.885770,98.772692,210.647885,30.236538,36.283846,85.670192,23.181346,49.386346,7.055192,8.063077,525.107885,141.103846,300.349616,43.339038,51.402115,3.000000,2.000000,3.000000,0.000000,1.000000,0.000000,1.000000,2.000000,0.000000,1.000000,0.000000,1.000000,3.000000,0.000000,1.000000,1553.000000,438.000000,932.000000,136.000000,161.000000,5.000000,
0.049453,0.995838,0.139169,0.099782,0.531915,0.007885,-207.796068,3.171632,1396037.336153,1161962.942115,2307279.616153,207665.369231,1090450.250961,368.885770,98.772692,210.647885,30.236538,36.283846,85.670192,23.181346,49.386346,7.055192,8.063077,525.107885,141.103846,300.349616,43.339038,51.402115,3.000000,2.000000,3.000000,0.000000,1.000000,0.000000,1.000000,2.000000,0.000000,1.000000,0.000000,1.000000,3.000000,0.000000,1.000000,1553.000000,438.000000,932.000000,136.000000,161.000000,5.000000,
0.049453,0.995838,0.139169,0.099782,0.531915,0.007885,-207.796068,3.171632,1396037.336153,1161962.942115,2307279.616153,207665.369231,1090450.250961,368.885770,98.772692,210.647885,30.236538,36.283846,85.670192,23.181346,49.386346,7.055192,8.063077,525.107885,141.103846,300.349616,43.339038,51.402115,3.000000,2.000000,3.000000,0.000000,1.000000,0.000000,1.000000,2.000000,0.000000,1.000000,0.000000,1.000000,3.000000,0.000000,1.000000,1553.000000,438.000000,932.000000,136.000000,161.000000,5.000000,
0.049453,0.995838,0.139169,0.099782,0.531915,0.007885,-207.796068,3.171632,1396037.336153,1161962.942115,2307279.616153,207665.369231,1090450.250961,368.885770,98.772692,210.647885,30.236538,36.283846,85.670192,23.181346,49.386346,7.055192,8.063077,525.107885,141.103846,300.349616,43.339038,51.402115,3.000000,2.000000,3.000000,0.000000,1.000000,0.000000,1.000000,2.000000,0.000000,1.000000,0.000000,1.000000,3.000000,0.000000,1.000000,1553.000000,438.000000,932.000000,136.000000,161.000000,5.000000,
0.049453,0.995838,0.139169,0.099782,0.531915,0.007885,-207.796068,3.171632,1396037.336153,1161962.942115,2307279.616153,207665.369231,1090450.250961,368.885770,98.772692,210.647885,30.236538,36.283846,85.670192,23.181346,49.386346,7.055192,8.063077,525.107885,141.103846,300.349616,43.339038,51.402115,3.000000,2.000000,3.000000,0.000000,1.000000,0.000000,1.000000,2.000000,0.000000,1.000000,0.000000,1.000000,3.000000,0.000000,1.000000,1553.000000,438.000000,932.000000,136.000000,161.000000,5.000000,
0.049453,0.995838,0.139169,0.099782,0.531915,0.007885,-207.796068,3.171632,1396037.336153,1161962.942115,2307279.616153,207665.369231,1090450.250961,368.885770,98.772692,210.647885,30.236538,36.283846,85.670192,23.181346,49.386346,7.055192,8.063077,525.107885,141.103846,300.349616,43.339038,51.402115,3.000000,2.000000,3.000000,0.000000,1.000000,0.000000,1.000000,2.000000,0.000000,1.000000,0.000000,1.000000,3.000000,0.000000,1.000000,1553.000000,438.000000,932.000000,136.000000,161.000000,5.000000,
0.049453,0.995838,0.139169,0.099782,0.531915,0.007885,-207.796068,3.171632,1396037.336153,1161962.942115,2307279.616153,207665.369231,1090450.250961,368.885770,98.772692,210.647885,30.236538,36.283846,85.670192,23.181346,49.386346,7.055192,8.063077,525.107885,141.103846,300.349616,43.339038,51.402115,3.000000,2.000000,3.000000,0.000000,1.000000,0.000000,1.000000,2.000000,0.000000,1.000000,0.000000,1.000000,3.000000,0.000000,1.000000,1553.000000,438.000000,932.000000,136.000000,161.000000,5.000000,
0.049453,0.995838,0.139169,0.099782,0.531915,0.007885,-207.796068,3.171632,1396037.336153,1161962.942115,2307279.616153,207665.369231,1090450.250961,368.885770,98.772692,210.647885,30.236538,36.283846,85.670192,23.181346,49.386346,7.055192,8.063077,525.107885,141.103846,300.349616,43.339038,51.402115,3.000000,2.000000,3.000000,0.000000,1.000000,0.000000,1.000000,2.000000,0.000000,1.000000,0.000000,1.000000,3.000000,0.000000,1.000000,1553.000000,438.000000,932.000000,136.000000,161.000000,5.000000,
0.049453,0.995838,0.139169,0.099782,0.531915,0.007885,-207.796068,3.171632,1396037.336153,1161962.942115,2307279.616153,207665.369231,1090450.250961,368.885770,98.772692,210.647885,30.236538,36.283846,85.670192,23.181346,49.386346,7.055192,8.063077,525.107885,141.103846,300.349616,43.339038,51.402115,3.000000,2.000000,3.000000,0.000000,1.000000,0.000000,1.000000,2.000000,0.000000,1.000000,0.000000,1.000000,3.000000,0.000000,1.000000,1553.000000,438.000000,932.000000,136.000000,161.000000,5.000000,
0.049453,0.995838,0.139169,0.099782,0.531915,0.007885,-207.796068,3.171632,1396037.336153,1161962.942115,2307279.616153,207665.369231,1090450.250961,368.885770,98.772692,210.647885,30.236538,36.283846,85.670192,23.181346,49.386346,7.055192,8.063077,525.107885,141.103846,300.349616,43.339038,51.402115,3.000000,2.000000,3.000000,0.000000,1.000000,0.000000,1.000000,2.000000,0.000000,1.000000,0.000000,1.000000,3.000000,0.000000,1.000000,1553.000000,438.000000,932.000000,136.000000,161.000000,5.000000,
0.049453,0.995838,0.139169,0.099782,0.531915,0.007885,-207.796068,3.171632,1396037.336153,1161962.942115,2307279.616153,207665.369231,1090450.250961,368.885770,98.772692,210.647885,30.236538,36.283846,85.670192,23.181346,49.386346,7.055192,8.063077,525.107885,141.103846,300.349616,43.339038,51.402115,3.000000,2.000000,3.000000,0.000000,1.000000,0.000000,1.000000,2.000000,0.000000,1.000000,0.000000,1.000000,3.000000,0.000000,1.000000,1553.000000,438.000000,932.000000,136.000000,161.000000,5.000000,
0.049453,0.995838,0.139169,0.099782,0.531915,0.007885,-207.796068,3.171632,1396037.336153,1161962.942115,2307279.616153,207665.369231,1090450.250961,368.885770,98.772692,210.647885,30.236538,36.283846,85.670192,23.181346,49.386346,7.055192,8.063077,525.107885,141.103846,300.349616,43.339038,51.402115,3.000000,2.000000,3.000000,0.000000,1.000000,0.000000,1.000000,2.000000,0.000000,1.000000,0.000000,1.000000,3.000000,0.000000,1.000000,1553.000000,438.000000,932.000000,136.000000,161.000000,5.000000,
0.049524,0.999019,0.139321,0.136626,0.454807,0.005244,-205.643218,3.176526,1396039.903114,1161963.631392,2307281.084497,207665.580503,1090450.501848,367.919198,98.513884,210.095935,30.157311,36.188774,85.445715,23.120605,49.256942,7.036706,8.041950,523.731973,140.734119,299.562626,43.225480,51.267429,3.000000,2.000000,3.000000,0.000000,1.000000,0.000000,1.000000,2.000000,0.000000,1.000000,0.000000,1.000000,3.000000,0.000000,1.000000,1553.000000,438.000000,932.000000,136.000000,161.000000,5.000000,
0.049524,0.999019,0.139321,0.136626,0.454807,0.005244,-205.643218,3.176526,1396039.903114,1161963.631392,2307281.084497,207665.580503,1090450.501848,367.919198,98.513884,210.095935,30.157311,36.188774,85.445715,23.120605,49.256942,7.036706,8.041950,523.731973,140.734119,299.562626,43.225480,51.267429,3.000000,2.000000,3.000000,0.000000,1.000000,0.000000,1.000000,2.000000,0.000000,1.000000,0.000000,1.000000,3.000000,0.000000,1.000000,1553.000000,438.000000,932.000000,136.000000,161.000000,5.000000,
0.049524,0.999019,0.139321,0.136626,0.454807,0.005244,-205.643218,3.176526,1396039.903114,1161963.631392,2307281.084497,207665.580503,1090450.501848,367.919198,98.513884,210.095935,30.157311,36.188774,85.445715,23.120605,49.256942,7.036706,8.041950,523.731973,140.734119,299.562626,43.225480,51.267429,3.000000,2.000000,3.000000,0.000000,1.000000,0.000000,1.000000,2.000000,0.000000,1.000000,0.000000,1.000000,3.000000,0.000000,1.000000,1553.000000,438.000000,932.000000,136.000000,161.000000,5.000000,
0.049524,0.999019,0.139321,0.136626,0.454807,0.005244,-205.643218,3.176526,1396039.903114,1161963.631392,2307281.084497,207665.580503,1090450.501848,367.919198,98.513884,210.095935,30.157311,36.188774,85.445715,23.120605,49.256942,7.036706,8.041950,523.731973,140.734119,299.562626,43.225480,51.267429,3.000000,2.000000,3.000000,0.000000,1.000000,0.000000,1.000000,2.000000,0.000000,1.000000,0.000000,1.000000,3.000000,0.000000,1.000000,1553.000000,438.000000,932.000000,136.000000,161.000000,5.000000,
0.049511,0.996485,0.139764,0.146715,0.426652,0.006321,-206.072525,3.176675,1396038.855903,1161963.350196,2307280.485475,207665.494313,1090450.399497,368.313518,98.619467,210.321107,30.189633,36.227559,85.537292,23.145385,49.309733,7.044248,8.050569,524.293287,140.884952,299.883684,43.271807,51.322375,3.000000,2.000000,3.000000,0.000000,1.000000,0.000000,1.000000,2.000000,0.000000,1.000000,0.000000,1.000000,3.000000,0.000000,1.000000,1553.000000,438.000000,932.000000,136.000000,161.000000,5.000000,
0.049511,0.996485,0.139764,0.146715,0.426652,0.006321,-206.072525,3.176675,1396038.855903,1161963.350196,2307280.485475,207665.494313,1090450.399497,368.313518,98.619467,210.321107,30.189633,36.227559,85.537292,23.145385,49.309733,7.044248,8.050569,524.293287,140.884952,299.883684,43.271807,51.322375,3.000000,2.000000,3.000000,0.000000,1.000000,0.000000,1.000000,2.000000,0.000000,1.000000,0.000000,1.000000,3.000000,0.000000,1.000000,1553.000000,438.000000,932.000000,136.000000,161.000000,5.000000,
0.049511,0.996485,0.139764,0.146715,0.426652,0.006321,-206.072525,3.176675,1396038.855903,1161963.350196,2307280.485475,207665.494313,1090450.399497,368.313518,98.619467,210.321107,30.189633,36.227559,85.537292,23.145385,49.309733,7.044248,8.050569,524.293287,140.884952,299.883684,43.271807,51.322375,3.000000,2.000000,3.000000,0.000000,1.000000,0.000000,1.000000,2.000000,0.000000,1.000000,0.000000,1.000000,3.000000,0.000000,1.000000,1553.000000,438.000000,932.000000,136.000000,161.000000,5.000000,
0.049511,0.996485,0.139764,0.146715,0.426652,0.006321,-206.072525,3.176675,1396038.855903,1161963.350196,2307280.485475,207665.494313,1090450.399497,368.313518,98.619467,210.321107,30.189633,36.227559,85.537292,23.145385,49.309733,7.044248,8.050569,524.293287,140.884952,299.883684,43.271807,51.322375,3.000000,2.000000,3.000000,0.000000,1.000000,0.000000,1.000000,2.000000,0.000000,1.000000,0.000000,1.000000,3.000000,0.000000,1.000000,1553.000000,438.000000,932.000000,136.000000,161.000000,5.000000,
0.049543,0.997689,0.139135,0.124273,0.481717,0.005354,-205.838450,3.177356,1396039.795561,1161963.602512,2307281.022975,207665.571651,1090450.491336,367.959696,98.524727,210.119061,30.160631,36.192757,85.455121,23.123150,49.262364,7.037481,8.042835,523.789622,140.749611,299.595600,43.230238,51.273072,3.000000,2.000000,3.000000,0.000000,1.000000,0.000000,1.000000,2.000000,0.000000,1.000000,0.000000,1.000000,3.000000,0.000000,1.000000,1553.000000,438.000000,932.000000,136.000000,161.000000,5.000000,
0.049543,0.997689,0.139135,0.124273,0.481717,0.005354,-205.838450,3.177356,1396039.795561,1161963.602512,2307281.022975,207665.571651,1090450.491336,367.959696,98.524727,210.119061,30.160631,36.192757,85.455121,23.123150,49.262364,7.037481,8.042835,523.789622,140.749611,299.595600,43.230238,51.273072,3.000000,2.000000,3.000000,0.000000,1.000000,0.000000,1.000000,2.000000,0.000000,1.000000,0.000000,1.000000,3.000000,0.000000,1.000000,1553.000000,438.000000,932.000000,136.000000,161.000000,5.000000,
0.049543,0.997689,0.139135,0.124273,0.481717,0.005354,-205.838450,3.177356,1396039.795561,1161963.602512,2307281.022975,207665.571651,1090450.491336,367.959696,98.524727,210.119061,30.160631,36.192757,85.455121,23.123150,49.262364,7.037481,8.042835,523.789622,140.749611,299.595600,43.230238,51.273072,3.000000,2.000000,3.000000,0.000000,1.000000,0.000000,1.000000,2.000000,0.000000,1.000000,0.000000,1.000000,3.000000,0.000000,1.000000,1553.000000,438.000000,932.000000,136.000000,161.000000,5.000000,
0.049543,0.997689,0.139135,0.124273,0.481717,0.005354,-205.838450,3.177356,1396039.795561,1161963.602512,2307281.022975,207665.571651,1090450.491336,367.959696,98.524727,210.119061,30.160631,36.192757,85.455121,23.123150,49.262364,7.037481,8.042835,523.789622,140.749611,299.595600,43.230238,51.273072,3.000000,2.000000,3.000000,0.000000,1.000000,0.000000,1.000000,2.000000,0.000000,1.000000,0.000000,1.000000,3.000000,0.000000,1.000000,1553.000000,438.000000,932.000000,136.000000,161.000000,5.000000,
0.049543,0.997689,0.139135,0.124273,0.481717,0.005354,-205.838450,3.177356,1396039.795561,1161963.602512,2307281.022975,207665.571651,1090450.491336,367.959696,98.524727,210.119061,30.160631,36.192757,85.455121,23.123150,49.262364,7.037481,8.042835,523.789622,140.749611,299.595600,43.230238,51.273072,3.000000,2.000000,3.000000,0.000000,1.000000,0.000000,1.000000,2.000000,0.000000,1.000000,0.000000,1.000000,3.000000,0.000000,1.000000,1553.000000,438.000000,932.000000,136.000000,161.000000,5.000000,
0.049543,0.997689,0.139135,0.124273,0.481717,0.005354,-205.838450,3.177356,1396039.795561,1161963.602512,2307281.022975,207665.571651,1090450.491336,367.959696,98.524727,210.119061,30.160631,36.192757,85.455121,23.123150,49.262364,7.037481,8.042835,523.789622,140.749611,299.595600,43.230238,51.273072,3.000000,2.000000,3.000000,0.000000,1.000000,0.000000,1.000000,2.000000,0.000000,1.000000,0.000000,1.000000,3.000000,0.000000,1.000000,1553.000000,438.000000,932.000000,136.000000,161.000000,5.000000,
0.049543,0.997689,0.139135,0.124273,0.481717,0.005354,-205.838450,3.177356,1396039.795561,1161963.602512,2307281.022975,207665.571651,1090450.491336,367.959696,98.524727,210.119061,30.160631,36.192757,85.455121,23.123150,49.262364,7.037481,8.042835,523.789622,140.749611,299.595600,43.230238,51.273072,3.000000,2.000000,3.000000,0.000000,1.000000,0.000000,1.000000,2.000000,0.000000,1.000000,0.000000,1.000000,3.000000,0.000000,1.000000,1553.000000,438.000000,932.000000,136.000000,161.000000,5.000000,
0.049543,0.997689,0.139135,0.124273,0.481717,0.005354,-205.838450,3.177356,1396039.795561,1161963.602512,2307281.022975,207665.571651,1090450.491336,367.959696,98.524727,210.119061,30.160631,36.192757,85.455121,23.123150,49.262364,7.037481,8.042835,523.789622,140.749611,299.595600,43.230238,51.273072,3.000000,2.000000,3.000000,0.000000,1.000000,0.000000,1.000000,2.000000,0.000000,1.000000,0.000000,1.000000,3.000000,0.000000,1.000000,1553.000000,438.000000,932.000000,136.000000,161.000000,5.000000,
0.049571,0.997713,0.137041,0.118616,0.501633,0.006187,-206.272253,3.174430,1396038.986629,1161963.385299,2307280.560253,207665.505072,1090450.412273,368.264294,98.606286,210.292998,30.185598,36.222717,85.525861,23.142292,49.303143,7.043306,8.049493,524.223216,140.866123,299.843605,43.266024,51.315516,3.000000,2.000000,3.000000,0.000000,1.000000,0.000000,1.000000,2.000000,0.000000,1.000000,0.000000,1.000000,3.000000,0.000000,1.000000,1553.000000,438.000000,932.000000,136.000000,161.000000,5.000000,
0.049571,0.997713,0.137041,0.118616,0.501633,0.006187,-206.272253,3.174430,1396038.986629,1161963.385299,2307280.560253,207665.505072,1090450.412273,368.264294,98.606286,210.292998,30.185598,36.222717,85.525861,23.142292,49.303143,7.043306,8.049493,524.223216,140.866123,299.843605,43.266024,51.315516,3.000000,2.000000,3.000000,0.000000,1.000000,0.000000,1.000000,2.000000,0.000000,1.000000,0.000000,1.000000,3.000000,0.000000,1.000000,1553.000000,438.000000,932.000000,136.000000,161.000000,5.000000,
0.049571,0.997713,0.137041,0.118616,0.501633,0.006187,-206.272253,3.174430,1396038.986629,1161963.385299,2307280.560253,207665.505072,1090450.412273,368.264294,98.606286,210.292998,30.185598,36.222717,85.525861,23.142292,49.303143,7.043306,8.049493,524.223216,140.866123,299.843605,43.266024,51.315516,3.000000,2.000000,3.000000,0.000000,1.000000,0.000000,1.000000,2.000000,0.000000,1.000000,0.000000,1.000000,3.000000,0.000000,1.000000,1553.000000,438.000000,932.000000,136.000000,161.000000,5.000000,
0.049571,0.997713,0.137041,0.118616,0.501633,0.006187,-206.272253,3.174430,1396038.986629,1161963.385299,2307280.560253,207665.505072,1090450.412273,368.264294,98.606286,210.292998,30.185598,36.222717,85.525861,23.142292,49.303143,7.043306,8.049493,524.223216,140.866123,299.843605,43.266024,51.315516,3.000000,2.000000,3.000000,0.000000,1.000000,0.000000,1.000000,2.000000,0.000000,1.000000,0.000000,1.000000,3.000000,0.000000,1.000000,1553.000000,438.000000,932.000000,136.000000,161.000000,5.000000,
0.049571,0.997713,0.137041,0.118616,0.501633,0.006187,-206.272253,3.174430,1396038.986629,1161963.385299,2307280.560253,207665.505072,1090450.412273,368.264294,98.606286,210.292998,30.185598,36.222717,85.525861,23.142292,49.303143,7.043306,8.049493,524.223216,140.866123,299.843605,43.266024,51.315516,3.000000,2.000000,3.000000,0.000000,1.000000,0.000000,1.000000,2.000000,0.000000,1.000000,0.000000,1.000000,3.000000,0.000000,1.000000,1553.000000,438.000000,932.000000,136.000000,161.000000,5.000000,
0.049571,0.997713,0.137041,0.118616,0.501633,0.006187,-206.272253,3.174430,1396038.986629,1161963.385299,2307280.560253,207665.505072,1090450.412273,368.264294,98.606286,210.292998,30.185598,36.222717,85.525861,23.142292,49.303143,7.043306,8.049493,524.223216,140.866123,299.843605,43.266024,51.315516,3.000000,2.000000,3.000000,0.000000,1.000000,0.000000,1.000000,2.000000,0.000000,1.000000,0.000000,1.000000,3.000000,0.000000,1.000000,1553.000000,438.000000,932.000000,136.000000,161.000000,5.000000,
0.049571,0.997713,0.137041,0.118616,0.501633,0.006187,-206.272253,3.174430,1396038.986629,1161963.385299,2307280.560253,207665.505072,1090450.412273,368.264294,98.606286,210.292998,30.185598,36.222717,85.525861,23.142292,49.303143,7.043306,8.049493,524.223216,140.866123,299.843605,43.266024,51.315516,3.000000,2.000000,3.000000,0.000000,1.000000,0.000000,1.000000,2.000000,0.000000,1.000000,0.000000,1.000000,3.000000,0.000000,1.000000,1553.000000,438.000000,932.000000,136.000000,161.000000,5.000000,
0.049571,0.997713,0.137041,0.118616,0.501633,0.006187,-206.272253,3.174430,1396038.986629,1161963.385299,2307280.560253,207665.505072,1090450.412273,368.264294,98.606286,210.292998,30.185598,36.222717,85.525861,23.142292,49.303143,7.043306,8.049493,524.223216,140.866123,299.843605,43.266024,51.315516,3.000000,2.000000,3.000000,0.000000,1.000000,0.000000,1.000000,2.000000,0.000000,1.000000,0.000000,1.000000,3.000000,0.000000,1.000000,1553.000000,438.000000,932.000000,136.000000,161.000000,5.000000,
0.049571,0.997713,0.137041,0.118616,0.501633,0.006187,-206.272253,3.174430,1396038.986629,1161963.385299,2307280.560253,207665.505072,1090450.412273,368.264294,98.606286,210.292998,30.185598,36.222717,85.525861,23.142292,49.303143,7.043306,8.049493,524.223216,140.866123,299.843605,43.266024,51.315516,3.000000,2.000000,3.000000,0.000000,1.000000,0.000000,1.000000,2.000000,0.000000,1.000000,0.000000,1.000000,3.000000,0.000000,1.000000,1553.000000,438.000000,932.000000,136.000000,161.000000,5.000000,
0.049571,0.997713,0.137041,0.118616,0.501633,0.006187,-206.272253,3.174430,1396038.986629,1161963.385299,2307280.560253,207665.505072,1090450.412273,368.264294,98.606286,210.292998,30.185598,36.222717,85.525861,23.142292,49.303143,7.043306,8.049493,524.223216,140.866123,299.843605,43.266024,51.315516,3.000000,2.000000,3.000000,0.000000,1.000000,0.000000,1.000000,2.000000,0.000000,1.000000,0.000000,1.000000,3.000000,0.000000,1.000000,1553.000000,438.000000,932.000000,136.000000,161.000000,5.000000,
0.049571,0.997713,0.137041,0.118616,0.501633,0.006187,-206.272253,3.174430,1396038.986629,1161963.385299,2307280.560253,207665.505072,1090450.412273,368.264294,98.606286,210.292998,30.185598,36.222717,85.525861,23.142292,49.303143,7.043306,8.049493,524.223216,140.866123,299.843605,43.266024,51.315516,3.000000,2.000000,3.000000,0.000000,1.000000,0.000000,1.000000,2.000000,0.000000,1.000000,0.000000,1.000000,3.000000,0.000000,1.000000,1553.000000,438.000000,932.000000,136.000000,161.000000,5.000000,
0.049582,0.999977,0.138671,0.104612,0.525934,0.005775,-205.618611,3.178804,1396039.386982,1161963.492801,2307280.789261,207665.538023,1090450.451403,368.113544,98.565922,210.206914,30.173241,36.207890,85.490850,23.132818,49.282961,7.040423,8.046198,524.008624,140.808459,299.720864,43.248313,51.294510,3.000000,2.000000,3.000000,0.000000,1.000000,0.000000,1.000000,2.000000,0.000000,1.000000,0.000000,1.000000,3.000000,0.000000,1.000000,1553.000000,438.000000,932.000000,136.000000,161.000000,5.000000,
0.049582,0.999977,0.138671,0.104612,0.525934,0.005775,-205.618611,3.178804,1396039.386982,1161963.492801,2307280.789261,207665.538023,1090450.451403,368.113544,98.565922,210.206914,30.173241,36.207890,85.490850,23.132818,49.282961,7.040423,8.046198,524.008624,140.808459,299.720864,43.248313,51.294510,3.000000,2.000000,3.000000,0.000000,1.000000,0.000000,1.000000,2.000000,0.000000,1.000000,0.000000,1.000000,3.000000,0.000000,1.000000,1553.000000,438.000000,932.000000,136.000000,161.000000,5.000000,
0.049582,0.999977,0.138671,0.104612,0.525934,0.005775,-205.618611,3.178804,1396039.386982,1161963.492801,2307280.789261,207665.538023,1090450.451403,368.113544,98.565922,210.206914,30.173241,36.207890,85.490850,23.132818,49.282961,7.040423,8.046198,524.008624,140.808459,299.720864,43.248313,51.294510,3.000000,2.000000,3.000000,0.000000,1.000000,0.000000,1.000000,2.000000,0.000000,1.000000,0.000000,1.000000,3.000000,0.000000,1.000000,1553.000000,438.000000,932.000000,136.000000,161.000000,5.000000,
0.049582,0.999977,0.138671,0.104612,0.525934,0.005775,-205.618611,3.178804,1396039.386982,1161963.492801,2307280.789261,207665.538023,1090450.451403,368.113544,98.565922,210.206914,30.173241,36.207890,85.490850,23.132818,49.282961,7.040423,8.046198,524.008624,140.808459,299.720864,43.248313,51.294510,3.000000,2.000000,3.000000,0.000000,1.000000,0.000000,1.000000,2.000000,0.000000,1.000000,0.000000,1.000000,3.000000,0.000000,1.000000,1553.000000,438.000000,932.000000,136.000000,161.000000,5.000000,
0.049582,0.999977,0.138671,0.104612,0.525934,0.005775,-205.618611,3.178804,1396039.386982,1161963.492801,2307280.789261,207665.538023,1090450.451403,368.113544,98.565922,210.206914,30.173241,36.207890,85.490850,23.132818,49.282961,7.040423,8.046198,524.008624,140.808459,299.720864,43.248313,51.294510,3.000000,2.000000,3.000000,0.000000,1.000000,0.000000,1.000000,2.000000,0.000000,1.000000,0.000000,1.000000,3.000000,0.000000,1.000000,1553.000000,438.000000,932.000000,136.000000,161.000000,5.000000,
0.049582,0.999977,0.138671,0.104612,0.525934,0.005775,-205.618611,3.178804,1396039.386982,1161963.492801,2307280.789261,207665.538023,1090450.451403,368.113544,98.565922,210.206914,30.173241,36.207890,85.490850,23.132818,49.282961,7.040423,8.046198,524.008624,140.808459,299.720864,43.248313,51.294510,3.000000,2.000000,3.000000,0.000000,1.000000,0.000000,1.000000,2.000000,0.000000,1.000000,0.000000,1.000000,3.000000,0.000000,1.000000,1553.000000,438.000000,932.000000,136.000000,161.000000,5.000000,
0.049582,0.999977,0.138671,0.104612,0.525934,0.005775,-205.618611,3.178804,1396039.386982,1161963.492801,2307280.789261,207665.538023,1090450.451403,368.113544,98.565922,210.206914,30.173241,36.207890,85.490850,23.132818,49.282961,7.040423,8.046198,524.008624,140.808459,299.720864,43.248313,51.294510,3.000000,2.000000,3.000000,0.000000,1.000000,0.000000,1.000000,2.000000,0.000000,1.000000,0.000000,1.000000,3.000000,0.000000,1.000000,1553.000000,438.000000,932.000000,136.000000,161.000000,5.000000,
0.049582,0.999977,0.138671,0.104612,0.525934,0.005775,-205.618611,3.178804,1396039.386982,1161963.492801,2307280.789261,207665.538023,1090450.451403,368.113544,98.565922,210.206914,30.173241,36.207890,85.490850,23.132818,49.282961,7.040423,8.046198,524.008624,140.808459,299.720864,43.248313,51.294510,3.000000,2.000000,3.000000,0.000000,1.000000,0.000000,1.000000,2.000000,0.000000,1.000000,0.000000,1.000000,3.000000,0.000000,1.000000,1553.000000,438.000000,932.000000,136.000000,161.000000,5.000000,
0.049582,0.999977,0.138671,0.104612,0.525934,0.005775,-205.618611,3.178804,1396039.386982,1161963.492801,2307280.789261,207665.538023,1090450.451403,368.113544,98.565922,210.206914,30.173241,36.207890,85.490850,23.132818,49.282961,7.040423,8.046198,524.008624,140.808459,299.720864,43.248313,51.294510,3.000000,2.000000,3.000000,0.000000,1.000000,0.000000,1.000000,2.000000,0.000000,1.000000,0.000000,1.000000,3.000000,0.000000,1.000000,1553.000000,438.000000,932.000000,136.000000,161.000000,5.000000,
0.049582,0.999977,0.138671,0.104612,0.525934,0.005775,-205.618611,3.178804,1396039.386982,1161963.492801,2307280.789261,207665.538023,1090450.451403,368.113544,98.565922,210.206914,30.173241,36.207890,85.490850,23.132818,49.282961,7.040423,8.046198,524.008624,140.808459,299.720864,43.248313,51.294510,3.000000,2.000000,3.000000,0.000000,1.000000,0.000000,1.000000,2.000000,0.000000,1.000000,0.000000,1.000000,3.000000,0.000000,1.000000,1553.000000,438.000000,932.000000,136.000000,161.000000,5.000000,
0.049582,0.999977,0.138671,0.104612,0.525934,0.005775,-205.618611,3.178804,1396039.386982,1161963.492801,2307280.789261,207665.538023,1090450.451403,368.113544,98.565922,210.206914,30.173241,36.207890,85.490850,23.132818,49.282961,7.040423,8.046198,524.008624,140.808459,299.720864,43.248313,51.294510,3.000000,2.000000,3.000000,0.000000,1.000000,0.000000,1.000000,2.000000,0.000000,1.000000,0.000000,1.000000,3.000000,0.000000,1.000000,1553.000000,438.000000,932.000000,136.000000,161.000000,5.000000,
0.049582,0.999977,0.138671,0.104612,0.525934,0.005775,-205.618611,3.178804,1396039.386982,1161963.492801,2307280.789261,207665.538023,1090450.451403,368.113544,98.565922,210.206914,30.173241,36.207890,85.490850,23.132818,49.282961,7.040423,8.046198,524.008624,140.808459,299.720864,43.248313,51.294510,3.000000,2.000000,3.000000,0.000000,1.000000,0.000000,1.000000,2.000000,0.000000,1.000000,0.000000,1.000000,3.000000,0.000000,1.000000,1553.000000,438.000000,932.000000,136.000000,161.000000,5.000000,
0.049582,0.999977,0.138671,0.104612,0.525934,0.005775,-205.618611,3.178804,1396039.386982,1161963.492801,2307280.789261,207665.538023,1090450.451403,368.113544,98.565922,210.206914,30.173241,36.207890,85.490850,23.132818,49.282961,7.040423,8.046198,524.008624,140.808459,299.720864,43.248313,51.294510,3.000000,2.000000,3.000000,0.000000,1.000000,0.000000,1.000000,2.000000,0.000000,1.000000,0.000000,1.000000,3.000000,0.000000,1.000000,1553.000000,438.000000,932.000000,136.000000,161.000000,5.000000,
0.049582,0.999977,0.138671,0.104612,0.525934,0.005775,-205.618611,3.178804,1396039.386982,1161963.492801,2307280.789261,207665.538023,1090450.451403,368.113544,98.565922,210.206914,30.173241,36.207890,85.490850,23.132818,49.282961,7.040423,8.046198,524.008624,140.808459,299.720864,43.248313,51.294510,3.000000,2.000000,3.000000,0.000000,1.000000,0.000000,1.000000,2.000000,0.000000,1.000000,0.000000,1.000000,3.000000,0.000000,1.000000,1553.000000,438.000000,932.000000,136.000000,161.000000,5.000000,
0.049582,0.999977,0.138671,0.104612,0.525934,0.005775,-205.618611,3.178804,1396039.386982,1161963.492801,2307280.789261,207665.538023,1090450.451403,368.113544,98.565922,210.206914,30.173241,36.207890,85.490850,23.132818,49.282961,7.040423,8.046198,524.008624,140.808459,299.720864,43.248313,51.294510,3.000000,2.000000,3.000000,0.000000,1.000000,0.000000,1.000000,2.000000,0.000000,1.000000,0.000000,1.000000,3.000000,0.000000,1.000000,1553.000000,438.000000,932.000000,136.000000,161.000000,5.000000,
0.049582,0.999977,0.138671,0.104612,0.525934,0.005775,-205.618611,3.178804,1396039.386982,1161963.492801,2307280.789261,207665.538023,1090450.451403,368.113544,98.565922,210.206914,30.173241,36.207890,85.490850,23.132818,49.282961,7.040423,8.046198,524.008624,140.808459,299.720864,43.248313,51.294510,3.000000,2.000000,3.000000,0.000000,1.000000,0.000000,1.000000,2.000000,0.000000,1.000000,0.000000,1.000000,3.000000,0.000000,1.000000,1553.000000,438.000000,932.000000,136.000000,161.000000,5.000000,
0.049582,0.999977,0.138671,0.104612,0.525934,0.005775,-205.618611,3.178804,1396039.386982,1161963.492801,2307280.789261,207665.538023,1090450.451403,368.113544,98.565922,210.206914,30.173241,36.207890,85.490850,23.132818,49.282961,7.040423,8.046198,524.008624,140.808459,299.720864,43.248313,51.294510,3.000000,2.000000,3.000000,0.000000,1.000000,0.000000,1.000000,2.000000,0.000000,1.000000,0.000000,1.000000,3.000000,0.000000,1.000000,1553.000000,438.000000,932.000000,136.000000,161.000000,5.000000,
0.049582,0.999977,0.138671,0.104612,0.525934,0.005775,-205.618611,3.178804,1396039.386982,1161963.492801,2307280.789261,207665.538023,1090450.451403,368.113544,98.565922,210.206914,30.173241,36.207890,85.490850,23.132818,49.282961,7.040423,8.046198,524.008624,140.808459,299.720864,43.248313,51.294510,3.000000,2.000000,3.000000,0.000000,1.000000,0.000000,1.000000,2.000000,0.000000,1.000000,0.000000,1.000000,3.000000,0.000000,1.000000,1553.000000,438.000000,932.000000,136.000000,161.000000,5.000000,
0.049582,0.999977,0.138671,0.104612,0.525934,0.005775,-205.618611,3.178804,1396039.386982,1161963.492801,2307280.789261,207665.538023,1090450.451403,368.113544,98.565922,210.206914,30.173241,36.207890,85.490850,23.132818,49.282961,7.040423,8.046198,524.008624,140.808459,299.720864,43.248313,51.294510,3.000000,2.000000,3.000000,0.000000,1.000000,0.000000,1.000000,2.000000,0.000000,1.000000,0.000000,1.000000,3.000000,0.000000,1.000000,1553.000000,438.000000,932.000000,136.000000,161.000000,5.000000,
0.049582,0.999977,0.138671,0.104612,0.525934,0.005775,-205.618611,3.178804,1396039.386982,1161963.492801,2307280.789261,207665.538023,1090450.451403,368.113544,98.565922,210.206914,30.173241,36.207890,85.490850,23.132818,49.282961,7.040423,8.046198,524.008624,140.808459,299.720864,43.248313,51.294510,3.000000,2.000000,3.000000,0.000000,1.000000,0.000000,1.000000,2.000000,0.000000,1.000000,0.000000,1.000000,3.000000,0.000000,1.000000,1553.000000,438.000000,932.000000,136.000000,161.000000,5.000000,
0.049582,0.999977,0.138671,0.104612,0.525934,0.005775,-205.618611,3.178804,1396039.386982,1161963.492801,2307280.789261,207665.538023,1090450.451403,368.113544,98.565922,210.206914,30.173241,36.207890,85.490850,23.132818,49.282961,7.040423,8.046198,524.008624,140.808459,299.720864,43.248313,51.294510,3.000000,2.000000,3.000000,0.000000,1.000000,0.000000,1.000000,2.000000,0.000000,1.000000,0.000000,1.000000,3.000000,0.000000,1.000000,1553.000000,438.000000,932.000000,136.000000,161.000000,5.000000,
0.049582,0.999977,0.138671,0.104612,0.525934,0.005775,-205.618611,3.178804,1396039.386982,1161963.492801,2307280.789261,207665.538023,1090450.451403,368.113544,98.565922,210.206914,30.173241,36.207890,85.490850,23.132818,49.282961,7.040423,8.046198,524.008624,140.808459,299.720864,43.248313,51.294510,3.000000,2.000000,3.000000,0.000000,1.000000,0.000000,1.000000,2.000000,0.000000,1.000000,0.000000,1.000000,3.000000,0.000000,1.000000,1553.000000,438.000000,932.000000,136.000000,161.000000,5.000000,
0.049582,0.999977,0.138671,0.104612,0.525934,0.005775,-205.618611,3.178804,1396039.386982,1161963.492801,2307280.789261,207665.538023,1090450.451403,368.113544,98.565922,210.206914,30.173241,36.207890,85.490850,23.132818,49.282961,7.040423,8.046198,524.008624,140.808459,299.720864,43.248313,51.294510,3.000000,2.000000,3.000000,0.000000,1.000000,0.000000,1.000000,2.000000,0.000000,1.000000,0.000000,1.000000,3.000000,0.000000,1.000000,1553.000000,438.000000,932.000000,136.000000,161.000000,5.000000,
0.049582,0.999977,0.138671,0.104612,0.525934,0.005775,-205.618611,3.178804,1396039.386982,1161963.492801,2307280.789261,207665.538023,1090450.451403,368.113544,98.565922,210.206914,30.173241,36.207890,85.490850,23.132818,49.282961,7.040423,8.046198,524.008624,140.808459,299.720864,43.248313,51.294510,3.000000,2.000000,3.000000,0.000000,1.000000,0.000000,1.000000,2.000000,0.000000,1.000000,0.000000,1.000000,3.000000,0.000000,1.000000,1553.000000,438.000000,932.000000,136.000000,161.000000,5.000000,
0.049582,0.999977,0.138671,0.104612,0.525934,0.005775,-205.618611,3.178804,1396039.386982,1161963.492801,2307280.789261,207665.538023,1090450.451403,368.113544,98.565922,210.206914,30.173241,36.207890,85.490850,23.132818,49.282961,7.040423,8.046198,524.008624,140.808459,299.720864,43.248313,51.294510,3.000000,2.000000,3.000000,0.000000,1.000000,0.000000,1.000000,2.000000,0.000000,1.000000,0.000000,1.000000,3.000000,0.000000,1.000000,1553.000000,438.000000,932.000000,136.000000,161.000000,5.000000,
0.049582,0.999977,0.138671,0.104612,0.525934,0.005775,-205.618611,3.178804,1396039.386982,1161963.492801,2307280.789261,207665.538023,1090450.451403,368.113544,98.565922,210.206914,30.173241,36.207890,85.490850,23.132818,49.282961,7.040423,8.046198,524.008624,140.808459,299.720864,43.248313,51.294510,3.000000,2.000000,3.000000,0.000000,1.000000,0.000000,1.000000,2.000000,0.000000,1.000000,0.000000,1.000000,3.000000,0.000000,1.000000,1553.000000,438.000000,932.000000,136.000000,161.000000,5.000000,
0.049582,0.999977,0.138671,0.104612,0.525934,0.005775,-205.618611,3.178804,1396039.386982,1161963.492801,2307280.789261,207665.538023,1090450.451403,368.113544,98.565922,210.206914,30.173241,36.207890,85.490850,23.132818,49.282961,7.040423,8.046198,524.008624,140.808459,299.720864,43.248313,51.294510,3.000000,2.000000,3.000000,0.000000,1.000000,0.000000,1.000000,2.000000,0.000000,1.000000,0.000000,1.000000,3.000000,0.000000,1.000000,1553.000000,438.000000,932.000000,136.000000,161.000000,5.000000,
0.049582,0.999977,0.138671,0.104612,0.525934,0.005775,-205.618611,3.178804,1396039.386982,1161963.492801,2307280.789261,207665.538023,1090450.451403,368.113544,98.565922,210.206914,30.173241,36.207890,85.490850,23.132818,49.282961,7.040423,8.046198,524.008624,140.808459,299.720864,43.248313,51.294510,3.000000,2.000000,3.000000,0.000000,1.000000,0.000000,1.000000,2.000000,0.000000,1.000000,0.000000,1.000000,3.000000,0.000000,1.000000,1553.000000,438.000000,932.000000,136.000000,161.000000,5.000000,
0.049582,0.999977,0.138671,0.104612,0.525934,0.005775,-205.618611,3.178804,1396039.386982,1161963.492801,2307280.789261,207665.538023,1090450.451403,368.113544,98.565922,210.206914,30.173241,36.207890,85.490850,23.132818,49.282961,7.040423,8.046198,524.008624,140.808459,299.720864,43.248313,51.294510,3.000000,2.000000,3.000000,0.000000,1.000000,0.000000,1.000000,2.000000,0.000000,1.000000,0.000000,1.000000,3.000000,0.000000,1.000000,1553.000000,438.000000,932.000000,136.000000,161.000000,5.000000,
0.049582,0.999977,0.138671,0.104612,0.525934,0.005775,-205.618611,3.178804,1396039.386982,1161963.492801,2307280.789261,207665.538023,1090450.451403,368.113544,98.565922,210.206914,30.173241,36.207890,85.490850,23.132818,49.282961,7.040423,8.046198,524.008624,140.808459,299.720864,43.248313,51.294510,3.000000,2.000000,3.000000,0.000000,1.000000,0.000000,1.000000,2.000000,0.000000,1.000000,0.000000,1.000000,3.000000,0.000000,1.000000,1553.000000,438.000000,932.000000,136.000000,161.000000,5.000000,
0.049582,0.999977,0.138671,0.104612,0.525934,0.005775,-205.618611,3.178804,1396039.386982,1161963.492801,2307280.789261,207665.538023,1090450.451403,368.113544,98.565922,210.206914,30.173241,36.207890,85.490850,23.132818,49.282961,7.040423,8.046198,524.008624,140.808459,299.720864,43.248313,51.294510,3.000000,2.000000,3.000000,0.000000,1.000000,0.000000,1.000000,2.000000,0.000000,1.000000,0.000000,1.000000,3.000000,0.000000,1.000000,1553.000000,438.000000,932.000000,136.000000,161.000000,5.000000,
0.049582,0.999977,0.138671,0.104612,0.525934,0.005775,-205.618611,3.178804,1396039.386982,1161963.492801,2307280.789261,207665.538023,1090450.451403,368.113544,98.565922,210.206914,30.173241,36.207890,85.490850,23.132818,49.282961,7.040423,8.046198,524.008624,140.808459,299.720864,43.248313,51.294510,3.000000,2.000000,3.000000,0.000000,1.000000,0.000000,1.000000,2.000000,0.000000,1.000000,0.000000,1.000000,3.000000,0.000000,1.000000,1553.000000,438.000000,932.000000,136.000000,161.000000,5.000000,
0.049582,0.999977,0.138671,0.104612,0.525934,0.005775,-205.618611,3.178804,1396039.386982,1161963.492801,2307280.789261,207665.538023,1090450.451403,368.113544,98.565922,210.206914,30.173241,36.207890,85.490850,23.132818,49.282961,7.040423,8.046198,524.008624,140.808459,299.720864,43.248313,51.294510,3.000000,2.000000,3.000000,0.000000,1.000000,0.000000,1.000000,2.000000,0.000000,1.000000,0.000000,1.000000,3.000000,0.000000,1.000000,1553.000000,438.000000,932.000000,136.000000,161.000000,5.000000,
0.049582,0.999977,0.138671,0.104612,0.525934,0.005775,-205.618611,3.178804,1396039.386982,1161963.492801,2307280.789261,207665.538023,1090450.451403,368.113544,98.565922,210.206914,30.173241,36.207890,85.490850,23.132818,49.282961,7.040423,8.046198,524.008624,140.808459,299.720864,43.248313,51.294510,3.000000,2.000000,3.000000,0.000000,1.000000,0.000000,1.000000,2.000000,0.000000,1.000000,0.000000,1.000000,3.000000,0.000000,1.000000,1553.000000,438.000000,932.000000,136.000000,161.000000,5.000000,
0.049582,0.999977,0.138671,0.104612,0.525934,0.005775,-205.618611,3.178804,1396039.386982,1161963.492801,2307280.789261,207665.538023,1090450.451403,368.113544,98.565922,210.206914,30.173241,36.207890,85.490850,23.132818,49.282961,7.040423,8.046198,524.008624,140.808459,299.720864,43.248313,51.294510,3.000000,2.000000,3.000000,0.000000,1.000000,0.000000,1.000000,2.000000,0.000000,1.000000,0.000000,1.000000,3.000000,0.000000,1.000000,1553.000000,438.000000,932.000000,136.000000,161.000000,5.000000,
0.049582,0.999977,0.138671,0.104612,0.525934,0.005775,-205.618611,3.178804,1396039.386982,1161963.492801,2307280.789261,207665.538023,1090450.451403,368.113544,98.565922,210.206914,30.173241,36.207890,85.490850,23.132818,49.282961,7.040423,8.046198,524.008624,140.808459,299.720864,43.248313,51.294510,3.000000,2.000000,3.000000,0.000000,1.000000,0.000000,1.000000,2.000000,0.000000,1.000000,0.000000,1.000000,3.000000,0.000000,1.000000,1553.000000,438.000000,932.000000,136.000000,161.000000,5.000000,
0.049582,0.999977,0.138671,0.104612,0.525934,0.005775,-205.618611,3.178804,1396039.386982,1161963.492801,2307280.789261,207665.538023,1090450.451403,368.113544,98.565922,210.206914,30.173241,36.207890,85.490850,23.132818,49.282961,7.040423,8.046198,524.008624,140.808459,299.720864,43.248313,51.294510,3.000000,2.000000,3.000000,0.000000,1.000000,0.000000,1.000000,2.000000,0.000000,1.000000,0.000000,1.000000,3.000000,0.000000,1.000000,1553.000000,438.000000,932.000000,136.000000,161.000000,5.000000,
0.049582,0.999977,0.138671,0.104612,0.525934,0.005775,-205.618611,3.178804,1396039.386982,1161963.492801,2307280.789261,207665.538023,1090450.451403,368.113544,98.565922,210.206914,30.173241,36.207890,85.490850,23.132818,49.282961,7.040423,8.046198,524.008624,140.808459,299.720864,43.248313,51.294510,3.000000,2.000000,3.000000,0.000000,1.000000,0.000000,1.000000,2.000000,0.000000,1.000000,0.000000,1.000000,3.000000,0.000000,1.000000,1553.000000,438.000000,932.000000,136.000000,161.000000,5.000000,
0.049582,0.999977,0.138671,0.104612,0.525934,0.005775,-205.618611,3.178804,1396039.386982,1161963.492801,2307280.789261,207665.538023,1090450.451403,368.113544,98.565922,210.206914,30.173241,36.207890,85.490850,23.132818,49.282961,7.040423,8.046198,524.008624,140.808459,299.720864,43.248313,51.294510,3.000000,2.000000,3.000000,0.000000,1.000000,0.000000,1.000000,2.000000,0.000000,1.000000,0.000000,1.000000,3.000000,0.000000,1.000000,1553.000000,438.000000,932.000000,136.000000,161.000000,5.000000,
0.049582,0.999977,0.138671,0.104612,0.525934,0.005775,-205.618611,3.178804,1396039.386982,1161963.492801,2307280.789261,207665.538023,1090450.451403,368.113544,98.565922,210.206914,30.173241,36.207890,85.490850,23.132818,49.282961,7.040423,8.046198,524.008624,140.808459,299.720864,43.248313,51.294510,3.000000,2.000000,3.000000,0.000000,1.000000,0.000000,1.000000,2.000000,0.000000,1.000000,0.000000,1.000000,3.000000,0.000000,1.000000,1553.000000,438.000000,932.000000,136.000000,161.000000,5.000000,
0.049582,0.999977,0.138671,0.104612,0.525934,0.005775,-205.618611,3.178804,1396039.386982,1161963.492801,2307280.789261,207665.538023,1090450.451403,368.113544,98.565922,210.206914,30.173241,36.207890,85.490850,23.132818,49.282961,7.040423,8.046198,524.008624,140.808459,299.720864,43.248313,51.294510,3.000000,2.000000,3.000000,0.000000,1.000000,0.000000,1.000000,2.000000,0.000000,1.000000,0.000000,1.000000,3.000000,0.000000,1.000000,1553.000000,438.000000,932.000000,136.000000,161.000000,5.000000,
0.049582,0.999977,0.138671,0.104612,0.525934,0.005775,-205.618611,3.178804,1396039.386982,1161963.492801,2307280.789261,207665.538023,1090450.451403,368.113544,98.565922,210.206914,30.173241,36.207890,85.490850,23.132818,49.282961,7.040423,8.046198,524.008624,140.808459,299.720864,43.248313,51.294510,3.000000,2.000000,3.000000,0.000000,1.000000,0.000000,1.000000,2.000000,0.000000,1.000000,0.000000,1.000000,3.000000,0.000000,1.000000,1553.000000,438.000000,932.000000,136.000000,161.000000,5.000000,
0.049582,0.999977,0.138671,0.104612,0.525934,0.005775,-205.618611,3.178804,1396039.386982,1161963.492801,2307280.789261,207665.538023,1090450.451403,368.113544,98.565922,210.206914,30.173241,36.207890,85.490850,23.132818,49.282961,7.040423,8.046198,524.008624,140.808459,299.720864,43.248313,51.294510,3.000000,2.000000,3.000000,0.000000,1.000000,0.000000,1.000000,2.000000,0.000000,1.000000,0.000000,1.000000,3.000000,0.000000,1.000000,1553.000000,438.000000,932.000000,136.000000,161.000000,5.000000,
0.049582,0.999977,0.138671,0.104612,0.525934,0.005775,-205.618611,3.178804,1396039.386982,1161963.492801,2307280.789261,207665.538023,1090450.451403,368.113544,98.565922,210.206914,30.173241,36.207890,85.490850,23.132818,49.282961,7.040423,8.046198,524.008624,140.808459,299.720864,43.248313,51.294510,3.000000,2.000000,3.000000,0.000000,1.000000,0.000000,1.000000,2.000000,0.000000,1.000000,0.000000,1.000000,3.000000,0.000000,1.000000,1553.000000,438.000000,932.000000,136.000000,161.000000,5.000000,
0.049582,0.999977,0.138671,0.104612,0.525934,0.005775,-205.618611,3.178804,1396039.386982,1161963.492801,2307280.789261,207665.538023,1090450.451403,368.113544,98.565922,210.206914,30.173241,36.207890,85.490850,23.132818,49.282961,7.040423,8.046198,524.008624,140.808459,299.720864,43.248313,51.294510,3.000000,2.000000,3.000000,0.000000,1.000000,0.000000,1.000000,2.000000,0.000000,1.000000,0.000000,1.000000,3.000000,0.000000,1.000000,1553.000000,438.000000,932.000000,136.000000,161.000000,5.000000,
0.049582,0.999977,0.138671,0.104612,0.525934,0.005775,-205.618611,3.178804,1396039.386982,1161963.492801,2307280.789261,207665.538023,1090450.451403,368.113544,98.565922,210.206914,30.173241,36.207890,85.490850,23.132818,49.282961,7.040423,8.046198,524.008624,140.808459,299.720864,43.248313,51.294510,3.000000,2.000000,3.000000,0.000000,1.000000,0.000000,1.000000,2.000000,0.000000,1.000000,0.000000,1.000000,3.000000,0.000000,1.000000,1553.000000,438.000000,932.000000,136.000000,161.000000,5.000000,
0.049582,0.999977,0.138671,0.104612,0.525934,0.005775,-205.618611,3.178804,1396039.386982,1161963.492801,2307280.789261,207665.538023,1090450.451403,368.113544,98.565922,210.206914,30.173241,36.207890,85.490850,23.132818,49.282961,7.040423,8.046198,524.008624,140.808459,299.720864,43.248313,51.294510,3.000000,2.000000,3.000000,0.000000,1.000000,0.000000,1.000000,2.000000,0.000000,1.000000,0.000000,1.000000,3.000000,0.000000,1.000000,1553.000000,438.000000,932.000000,136.000000,161.000000,5.000000,
0.049582,0.999977,0.138671,0.104612,0.525934,0.005775,-205.618611,3.178804,1396039.386982,1161963.492801,2307280.789261,207665.538023,1090450.451403,368.113544,98.565922,210.206914,30.173241,36.207890,85.490850,23.132818,49.282961,7.040423,8.046198,524.008624,140.808459,299.720864,43.248313,51.294510,3.000000,2.000000,3.000000,0.000000,1.000000,0.000000,1.000000,2.000000,0.000000,1.000000,0.000000,1.000000,3.000000,0.000000,1.000000,1553.000000,438.000000,932.000000,136.000000,161.000000,5.000000,
0.049582,0.999977,0.138671,0.104612,0.525934,0.005775,-205.618611,3.178804,1396039.386982,1161963.492801,2307280.789261,207665.538023,1090450.451403,368.113544,98.565922,210.206914,30.173241,36.207890,85.490850,23.132818,49.282961,7.040423,8.046198,524.008624,140.808459,299.720864,43.248313,51.294510,3.000000,2.000000,3.000000,0.000000,1.000000,0.000000,1.000000,2.000000,0.000000,1.000000,0.000000,1.000000,3.000000,0.000000,1.000000,1553.000000,438.000000,932.000000,136.000000,161.000000,5.000000,
0.049582,0.999977,0.138671,0.104612,0.525934,0.005775,-205.618611,3.178804,1396039.386982,1161963.492801,2307280.789261,207665.538023,1090450.451403,368.113544,98.565922,210.206914,30.173241,36.207890,85.490850,23.132818,49.282961,7.040423,8.046198,524.008624,140.808459,299.720864,43.248313,51.294510,3.000000,2.000000,3.000000,0.000000,1.000000,0.000000,1.000000,2.000000,0.000000,1.000000,0.000000,1.000000,3.000000,0.000000,1.000000,1553.000000,438.000000,932.000000,136.000000,161.000000,5.000000,
0.049582,0.999977,0.138671,0.104612,0.525934,0.005775,-205.618611,3.178804,1396039.386982,1161963.492801,2307280.789261,207665.538023,1090450.451403,368.113544,98.565922,210.206914,30.173241,36.207890,85.490850,23.132818,49.282961,7.040423,8.046198,524.008624,140.808459,299.720864,43.248313,51.294510,3.000000,2.000000,3.000000,0.000000,1.000000,0.000000,1.000000,2.000000,0.000000,1.000000,0.000000,1.000000,3.000000,0.000000,1.000000,1553.000000,438.000000,932.000000,136.000000,161.000000,5.000000,
0.049582,0.999977,0.138671,0.104612,0.525934,0.005775,-205.618611,3.178804,1396039.386982,1161963.492801,2307280.789261,207665.538023,1090450.451403,368.113544,98.565922,210.206914,30.173241,36.207890,85.490850,23.132818,49.282961,7.040423,8.046198,524.008624,140.808459,299.720864,43.248313,51.294510,3.000000,2.000000,3.000000,0.000000,1.000000,0.000000,1.000000,2.000000,0.000000,1.000000,0.000000,1.000000,3.000000,0.000000,1.000000,1553.000000,438.000000,932.000000,136.000000,161.000000,5.000000,
0.049582,0.999977,0.138671,0.104612,0.525934,0.005775,-205.618611,3.178804,1396039.386982,1161963.492801,2307280.789261,207665.538023,1090450.451403,368.113544,98.565922,210.206914,30.173241,36.207890,85.490850,23.132818,49.282961,7.040423,8.046198,524.008624,140.808459,299.720864,43.248313,51.294510,3.000000,2.000000,3.000000,0.000000,1.000000,0.000000,1.000000,2.000000,0.000000,1.000000,0.000000,1.000000,3.000000,0.000000,1.000000,1553.000000,438.000000,932.000000,136.000000,161.000000,5.000000,
0.049582,0.999977,0.138671,0.104612,0.525934,0.005775,-205.618611,3.178804,1396039.386982,1161963.492801,2307280.789261,207665.538023,1090450.451403,368.113544,98.565922,210.206914,30.173241,36.207890,85.490850,23.132818,49.282961,7.040423,8.046198,524.008624,140.808459,299.720864,43.248313,51.294510,3.000000,2.000000,3.000000,0.000000,1.000000,0.000000,1.000000,2.000000,0.000000,1.000000,0.000000,1.000000,3.000000,0.000000,1.000000,1553.000000,438.000000,932.000000,136.000000,161.000000,5.000000,
0.049582,0.999977,0.138671,0.104612,0.525934,0.005775,-205.618611,3.178804,1396039.386982,1161963.492801,2307280.789261,207665.538023,1090450.451403,368.113544,98.565922,210.206914,30.173241,36.207890,85.490850,23.132818,49.282961,7.040423,8.046198,524.008624,140.808459,299.720864,43.248313,51.294510,3.000000,2.000000,3.000000,0.000000,1.000000,0.000000,1.000000,2.000000,0.000000,1.000000,0.000000,1.000000,3.000000,0.000000,1.000000,1553.000000,438.000000,932.000000,136.000000,161.000000,5.000000,
0.049582,0.999977,0.138671,0.104612,0.525934,0.005775,-205.618611,3.178804,1396039.386982,1161963.492801,2307280.789261,207665.538023,1090450.451403,368.113544,98.565922,210.206914,30.173241,36.207890,85.490850,23.132818,49.282961,7.040423,8.046198,524.008624,140.808459,299.720864,43.248313,51.294510,3.000000,2.000000,3.000000,0.000000,1.000000,0.000000,1.000000,2.000000,0.000000,1.000000,0.000000,1.000000,3.000000,0.000000,1.000000,1553.000000,438.000000,932.000000,136.000000,161.000000,5.000000,
0.049582,0.999977,0.138671,0.104612,0.525934,0.005775,-205.618611,3.178804,1396039.386982,1161963.492801,2307280.789261,207665.538023,1090450.451403,368.113544,98.565922,210.206914,30.173241,36.207890,85.490850,23.132818,49.282961,7.040423,8.046198,524.008624,140.808459,299.720864,43.248313,51.294510,3.000000,2.000000,3.000000,0.000000,1.000000,0.000000,1.000000,2.000000,0.000000,1.000000,0.000000,1.000000,3.000000,0.000000,1.000000,1553.000000,438.000000,932.000000,136.000000,161.000000,5.000000,
0.049582,0.999977,0.138671,0.104612,0.525934,0.005775,-205.618611,3.178804,1396039.386982,1161963.492801,2307280.789261,207665.538023,1090450.451403,368.113544,98.565922,210.206914,30.173241,36.207890,85.490850,23.132818,49.282961,7.040423,8.046198,524.008624,140.808459,299.720864,43.248313,51.294510,3.000000,2.000000,3.000000,0.000000,1.000000,0.000000,1.000000,2.000000,0.000000,1.000000,0.000000,1.000000,3.000000,0.000000,1.000000,1553.000000,438.000000,932.000000,136.000000,161.000000,5.000000,
0.049582,0.999977,0.138671,0.104612,0.525934,0.005775,-205.618611,3.178804,1396039.386982,1161963.492801,2307280.789261,207665.538023,1090450.451403,368.113544,98.565922,210.206914,30.173241,36.207890,85.490850,23.132818,49.282961,7.040423,8.046198,524.008624,140.808459,299.720864,43.248313,51.294510,3.000000,2.000000,3.000000,0.000000,1.000000,0.000000,1.000000,2.000000,0.000000,1.000000,0.000000,1.000000,3.000000,0.000000,1.000000,1553.000000,438.000000,932.000000,136.000000,161.000000,5.000000,
0.049582,0.999977,0.138671,0.104612,0.525934,0.005775,-205.618611,3.178804,1396039.386982,1161963.492801,2307280.789261,207665.538023,1090450.451403,368.113544,98.565922,210.206914,30.173241,36.207890,85.490850,23.132818,49.282961,7.040423,8.046198,524.008624,140.808459,299.720864,43.248313,51.294510,3.000000,2.000000,3.000000,0.000000,1.000000,0.000000,1.000000,2.000000,0.000000,1.000000,0.000000,1.000000,3.000000,0.000000,1.000000,1553.000000,438.000000,932.000000,136.000000,161.000000,5.000000,
0.049582,0.999977,0.138671,0.104612,0.525934,0.005775,-205.618611,3.178804,1396039.386982,1161963.492801,2307280.789261,207665.538023,1090450.451403,368.113544,98.565922,210.206914,30.173241,36.207890,85.490850,23.132818,49.282961,7.040423,8.046198,524.008624,140.808459,299.720864,43.248313,51.294510,3.000000,2.000000,3.000000,0.000000,1.000000,0.000000,1.000000,2.000000,0.000000,1.000000,0.000000,1.000000,3.000000,0.000000,1.000000,1553.000000,438.000000,932.000000,136.000000,161.000000,5.000000,
0.049582,0.999977,0.138671,0.104612,0.525934,0.005775,-205.618611,3.178804,1396039.386982,1161963.492801,2307280.789261,207665.538023,1090450.451403,368.113544,98.565922,210.206914,30.173241,36.207890,85.490850,23.132818,49.282961,7.040423,8.046198,524.008624,140.808459,299.720864,43.248313,51.294510,3.000000,2.000000,3.000000,0.000000,1.000000,0.000000,1.000000,2.000000,0.000000,1.000000,0.000000,1.000000,3.000000,0.000000,1.000000,1553.000000,438.000000,932.000000,136.000000,161.000000,5.000000,
0.049582,0.999977,0.138671,0.104612,0.525934,0.005775,-205.618611,3.178804,1396039.386982,1161963.492801,2307280.789261,207665.538023,1090450.451403,368.113544,98.565922,210.206914,30.173241,36.207890,85.490850,23.132818,49.282961,7.040423,8.046198,524.008624,140.808459,299.720864,43.248313,51.294510,3.000000,2.000000,3.000000,0.000000,1.000000,0.000000,1.000000,2.000000,0.000000,1.000000,0.000000,1.000000,3.000000,0.000000,1.000000,1553.000000,438.000000,932.000000,136.000000,161.000000,5.000000,
0.049582,0.999977,0.138671,0.104612,0.525934,0.005775,-205.618611,3.178804,1396039.386982,1161963.492801,2307280.789261,207665.538023,1090450.451403,368.113544,98.565922,210.206914,30.173241,36.207890,85.490850,23.132818,49.282961,7.040423,8.046198,524.008624,140.808459,299.720864,43.248313,51.294510,3.000000,2.000000,3.000000,0.000000,1.000000,0.000000,1.000000,2.000000,0.000000,1.000000,0.000000,1.000000,3.000000,0.000000,1.000000,1553.000000,438.000000,932.000000,136.000000,161.000000,5.000000,
0.049582,0.999977,0.138671,0.104612,0.525934,0.005775,-205.618611,3.178804,1396039.386982,1161963.492801,2307280.789261,207665.538023,1090450.451403,368.113544,98.565922,210.206914,30.173241,36.207890,85.490850,23.132818,49.282961,7.040423,8.046198,524.008624,140.808459,299.720864,43.248313,51.294510,3.000000,2.000000,3.000000,0.000000,1.000000,0.000000,1.000000,2.000000,0.000000,1.000000,0.000000,1.000000,3.000000,0.000000,1.000000,1553.000000,438.000000,932.000000,136.000000,161.000000,5.000000,
0.049582,0.999977,0.138671,0.104612,0.525934,0.005775,-205.618611,3.178804,1396039.386982,1161963.492801,2307280.789261,207665.538023,1090450.451403,368.113544,98.565922,210.206914,30.173241,36.207890,85.490850,23.132818,49.282961,7.040423,8.046198,524.008624,140.808459,299.720864,43.248313,51.294510,3.000000,2.000000,3.000000,0.000000,1.000000,0.000000,1.000000,2.000000,0.000000,1.000000,0.000000,1.000000,3.000000,0.000000,1.000000,1553.000000,438.000000,932.000000,136.000000,161.000000,5.000000,
0.049582,0.999977,0.138671,0.104612,0.525934,0.005775,-205.618611,3.178804,1396039.386982,1161963.492801,2307280.789261,207665.538023,1090450.451403,368.113544,98.565922,210.206914,30.173241,36.207890,85.490850,23.132818,49.282961,7.040423,8.046198,524.008624,140.808459,299.720864,43.248313,51.294510,3.000000,2.000000,3.000000,0.000000,1.000000,0.000000,1.000000,2.000000,0.000000,1.000000,0.000000,1.000000,3.000000,0.000000,1.000000,1553.000000,438.000000,932.000000,136.000000,161.000000,5.000000,
0.049582,0.999977,0.138671,0.104612,0.525934,0.005775,-205.618611,3.178804,1396039.386982,1161963.492801,2307280.789261,207665.538023,1090450.451403,368.113544,98.565922,210.206914,30.173241,36.207890,85.490850,23.132818,49.282961,7.040423,8.046198,524.008624,140.808459,299.720864,43.248313,51.294510,3.000000,2.000000,3.000000,0.000000,1.000000,0.000000,1.000000,2.000000,0.000000,1.000000,0.000000,1.000000,3.000000,0.000000,1.000000,1553.000000,438.000000,932.000000,136.000000,161.000000,5.000000,
0.049582,0.999977,0.138671,0.104612,0.525934,0.005775,-205.618611,3.178804,1396039.386982,1161963.492801,2307280.789261,207665.538023,1090450.451403,368.113544,98.565922,210.206914,30.173241,36.207890,85.490850,23.132818,49.282961,7.040423,8.046198,524.008624,140.808459,299.720864,43.248313,51.294510,3.000000,2.000000,3.000000,0.000000,1.000000,0.000000,1.000000,2.000000,0.000000,1.000000,0.000000,1.000000,3.000000,0.000000,1.000000,1553.000000,438.000000,932.000000,136.000000,161.000000,5.000000,
0.049582,0.999977,0.138671,0.104612,0.525934,0.005775,-205.618611,3.178804,1396039.386982,1161963.492801,2307280.789261,207665.538023,1090450.451403,368.113544,98.565922,210.206914,30.173241,36.207890,85.490850,23.132818,49.282961,7.040423,8.046198,524.008624,140.808459,299.720864,43.248313,51.294510,3.000000,2.000000,3.000000,0.000000,1.000000,0.000000,1.000000,2.000000,0.000000,1.000000,0.000000,1.000000,3.000000,0.000000,1.000000,1553.000000,438.000000,932.000000,136.000000,161.000000,5.000000,
0.049582,0.999977,0.138671,0.104612,0.525934,0.005775,-205.618611,3.178804,1396039.386982,1161963.492801,2307280.789261,207665.538023,1090450.451403,368.113544,98.565922,210.206914,30.173241,36.207890,85.490850,23.132818,49.282961,7.040423,8.046198,524.008624,140.808459,299.720864,43.248313,51.294510,3.000000,2.000000,3.000000,0.000000,1.000000,0.000000,1.000000,2.000000,0.000000,1.000000,0.000000,1.000000,3.000000,0.000000,1.000000,1553.000000,438.000000,932.000000,136.000000,161.000000,5.000000,
0.049582,0.999977,0.138671,0.104612,0.525934,0.005775,-205.618611,3.178804,1396039.386982,1161963.492801,2307280.789261,207665.538023,1090450.451403,368.113544,98.565922,210.206914,30.173241,36.207890,85.490850,23.132818,49.282961,7.040423,8.046198,524.008624,140.808459,299.720864,43.248313,51.294510,3.000000,2.000000,3.000000,0.000000,1.000000,0.000000,1.000000,2.000000,0.000000,1.000000,0.000000,1.000000,3.000000,0.000000,1.000000,1553.000000,438.000000,932.000000,136.000000,161.000000,5.000000,
0.049582,0.999977,0.138671,0.104612,0.525934,0.005775,-205.618611,3.178804,1396039.386982,1161963.492801,2307280.789261,207665.538023,1090450.451403,368.113544,98.565922,210.206914,30.173241,36.207890,85.490850,23.132818,49.282961,7.040423,8.046198,524.008624,140.808459,299.720864,43.248313,51.294510,3.000000,2.000000,3.000000,0.000000,1.000000,0.000000,1.000000,2.000000,0.000000,1.000000,0.000000,1.000000,3.000000,0.000000,1.000000,1553.000000,438.000000,932.000000,136.000000,161.000000,5.000000,
0.049582,0.999977,0.138671,0.104612,0.525934,0.005775,-205.618611,3.178804,1396039.386982,1161963.492801,2307280.789261,207665.538023,1090450.451403,368.113544,98.565922,210.206914,30.173241,36.207890,85.490850,23.132818,49.282961,7.040423,8.046198,524.008624,140.808459,299.720864,43.248313,51.294510,3.000000,2.000000,3.000000,0.000000,1.000000,0.000000,1.000000,2.000000,0.000000,1.000000,0.000000,1.000000,3.000000,0.000000,1.000000,1553.000000,438.000000,932.000000,136.000000,161.000000,5.000000,
0.049582,0.999977,0.138671,0.104612,0.525934,0.005775,-205.618611,3.178804,1396039.386982,1161963.492801,2307280.789261,207665.538023,1090450.451403,368.113544,98.565922,210.206914,30.173241,36.207890,85.490850,23.132818,49.282961,7.040423,8.046198,524.008624,140.808459,299.720864,43.248313,51.294510,3.000000,2.000000,3.000000,0.000000,1.000000,0.000000,1.000000,2.000000,0.000000,1.000000,0.000000,1.000000,3.000000,0.000000,1.000000,1553.000000,438.000000,932.000000,136.000000,161.000000,5.000000,
0.049582,0.999977,0.138671,0.104612,0.525934,0.005775,-205.618611,3.178804,1396039.386982,1161963.492801,2307280.789261,207665.538023,1090450.451403,368.113544,98.565922,210.206914,30.173241,36.207890,85.490850,23.132818,49.282961,7.040423,8.046198,524.008624,140.808459,299.720864,43.248313,51.294510,3.000000,2.000000,3.000000,0.000000,1.000000,0.000000,1.000000,2.000000,0.000000,1.000000,0.000000,1.000000,3.000000,0.000000,1.000000,1553.000000,438.000000,932.000000,136.000000,161.000000,5.000000,
0.049582,0.999977,0.138671,0.104612,0.525934,0.005775,-205.618611,3.178804,1396039.386982,1161963.492801,2307280.789261,207665.538023,1090450.451403,368.113544,98.565922,210.206914,30.173241,36.207890,85.490850,23.132818,49.282961,7.040423,8.046198,524.008624,140.808459,299.720864,43.248313,51.294510,3.000000,2.000000,3.000000,0.000000,1.000000,0.000000,1.000000,2.000000,0.000000,1.000000,0.000000,1.000000,3.000000,0.000000,1.000000,1553.000000,438.000000,932.000000,136.000000,161.000000,5.000000,
0.049582,0.999977,0.138671,0.104612,0.525934,0.005775,-205.618611,3.178804,1396039.386982,1161963.492801,2307280.789261,207665.538023,1090450.451403,368.113544,98.565922,210.206914,30.173241,36.207890,85.490850,23.132818,49.282961,7.040423,8.046198,524.008624,140.808459,299.720864,43.248313,51.294510,3.000000,2.000000,3.000000,0.000000,1.000000,0.000000,1.000000,2.000000,0.000000,1.000000,0.000000,1.000000,3.000000,0.000000,1.000000,1553.000000,438.000000,932.000000,136.000000,161.000000,5.000000,
0.049582,0.999977,0.138671,0.104612,0.525934,0.005775,-205.618611,3.178804,1396039.386982,1161963.492801,2307280.789261,207665.538023,1090450.451403,368.113544,98.565922,210.206914,30.173241,36.207890,85.490850,23.132818,49.282961,7.040423,8.046198,524.008624,140.808459,299.720864,43.248313,51.294510,3.000000,2.000000,3.000000,0.000000,1.000000,0.000000,1.000000,2.000000,0.000000,1.000000,0.000000,1.000000,3.000000,0.000000,1.000000,1553.000000,438.000000,932.000000,136.000000,161.000000,5.000000,
0.049582,0.999977,0.138671,0.104612,0.525934,0.005775,-205.618611,3.178804,1396039.386982,1161963.492801,2307280.789261,207665.538023,1090450.451403,368.113544,98.565922,210.206914,30.173241,36.207890,85.490850,23.132818,49.282961,7.040423,8.046198,524.008624,140.808459,299.720864,43.248313,51.294510,3.000000,2.000000,3.000000,0.000000,1.000000,0.000000,1.000000,2.000000,0.000000,1.000000,0.000000,1.000000,3.000000,0.000000,1.000000,1553.000000,438.000000,932.000000,136.000000,161.000000,5.000000,
0.049582,0.999977,0.138671,0.104612,0.525934,0.005775,-205.618611,3.178804,1396039.386982,1161963.492801,2307280.789261,207665.538023,1090450.451403,368.113544,98.565922,210.206914,30.173241,36.207890,85.490850,23.132818,49.282961,7.040423,8.046198,524.008624,140.808459,299.720864,43.248313,51.294510,3.000000,2.000000,3.000000,0.000000,1.000000,0.000000,1.000000,2.000000,0.000000,1.000000,0.000000,1.000000,3.000000,0.000000,1.000000,1553.000000,438.000000,932.000000,136.000000,161.000000,5.000000,
0.049582,0.999977,0.138671,0.104612,0.525934,0.005775,-205.618611,3.178804,1396039.386982,1161963.492801,2307280.789261,207665.538023,1090450.451403,368.113544,98.565922,210.206914,30.173241,36.207890,85.490850,23.132818,49.282961,7.040423,8.046198,524.008624,140.808459,299.720864,43.248313,51.294510,3.000000,2.000000,3.000000,0.000000,1.000000,0.000000,1.000000,2.000000,0.000000,1.000000,0.000000,1.000000,3.000000,0.000000,1.000000,1553.000000,438.000000,932.000000,136.000000,161.000000,5.000000,
0.049582,0.999977,0.138671,0.104612,0.525934,0.005775,-205.618611,3.178804,1396039.386982,1161963.492801,2307280.789261,207665.538023,1090450.451403,368.113544,98.565922,210.206914,30.173241,36.207890,85.490850,23.132818,49.282961,7.040423,8.046198,524.008624,140.808459,299.720864,43.248313,51.294510,3.000000,2.000000,3.000000,0.000000,1.000000,0.000000,1.000000,2.000000,0.000000,1.000000,0.000000,1.000000,3.000000,0.000000,1.000000,1553.000000,438.000000,932.000000,136.000000,161.000000,5.000000,
0.049582,0.999977,0.138671,0.104612,0.525934,0.005775,-205.618611,3.178804,1396039.386982,1161963.492801,2307280.789261,207665.538023,1090450.451403,368.113544,98.565922,210.206914,30.173241,36.207890,85.490850,23.132818,49.282961,7.040423,8.046198,524.008624,140.808459,299.720864,43.248313,51.294510,3.000000,2.000000,3.000000,0.000000,1.000000,0.000000,1.000000,2.000000,0.000000,1.000000,0.000000,1.000000,3.000000,0.000000,1.000000,1553.000000,438.000000,932.000000,136.000000,161.000000,5.000000,
0.049582,0.999977,0.138671,0.104612,0.525934,0.005775,-205.618611,3.178804,1396039.386982,1161963.492801,2307280.789261,207665.538023,1090450.451403,368.113544,98.565922,210.206914,30.173241,36.207890,85.490850,23.132818,49.282961,7.040423,8.046198,524.008624,140.808459,299.720864,43.248313,51.294510,3.000000,2.000000,3.000000,0.000000,1.000000,0.000000,1.000000,2.000000,0.000000,1.000000,0.000000,1.000000,3.000000,0.000000,1.000000,1553.000000,438.000000,932.000000,136.000000,161.000000,5.000000,
0.049582,0.999977,0.138671,0.104612,0.525934,0.005775,-205.618611,3.178804,1396039.386982,1161963.492801,2307280.789261,207665.538023,1090450.451403,368.113544,98.565922,210.206914,30.173241,36.207890,85.490850,23.132818,49.282961,7.040423,8.046198,524.008624,140.808459,299.720864,43.248313,51.294510,3.000000,2.000000,3.000000,0.000000,1.000000,0.000000,1.000000,2.000000,0.000000,1.000000,0.000000,1.000000,3.000000,0.000000,1.000000,1553.000000,438.000000,932.000000,136.000000,161.000000,5.000000,
0.049582,0.999977,0.138671,0.104612,0.525934,0.005775,-205.618611,3.178804,1396039.386982,1161963.492801,2307280.789261,207665.538023,1090450.451403,368.113544,98.565922,210.206914,30.173241,36.207890,85.490850,23.132818,49.282961,7.040423,8.046198,524.008624,140.808459,299.720864,43.248313,51.294510,3.000000,2.000000,3.000000,0.000000,1.000000,0.000000,1.000000,2.000000,0.000000,1.000000,0.000000,1.000000,3.000000,0.000000,1.000000,1553.000000,438.000000,932.000000,136.000000,161.000000,5.000000,
0.049582,0.999977,0.138671,0.104612,0.525934,0.005775,-205.618611,3.178804,1396039.386982,1161963.492801,2307280.789261,207665.538023,1090450.451403,368.113544,98.565922,210.206914,30.173241,36.207890,85.490850,23.132818,49.282961,7.040423,8.046198,524.008624,140.808459,299.720864,43.248313,51.294510,3.000000,2.000000,3.000000,0.000000,1.000000,0.000000,1.000000,2.000000,0.000000,1.000000,0.000000,1.000000,3.000000,0.000000,1.000000,1553.000000,438.000000,932.000000,136.000000,161.000000,5.000000,
0.049582,0.999977,0.138671,0.104612,0.525934,0.005775,-205.618611,3.178804,1396039.386982,1161963.492801,2307280.789261,207665.538023,1090450.451403,368.113544,98.565922,210.206914,30.173241,36.207890,85.490850,23.132818,49.282961,7.040423,8.046198,524.008624,140.808459,299.720864,43.248313,51.294510,3.000000,2.000000,3.000000,0.000000,1.000000,0.000000,1.000000,2.000000,0.000000,1.000000,0.000000,1.000000,3.000000,0.000000,1.000000,1553.000000,438.000000,932.000000,136.000000,161.000000,5.000000,
0.049582,0.999977,0.138671,0.104612,0.525934,0.005775,-205.618611,3.178804,1396039.386982,1161963.492801,2307280.789261,207665.538023,1090450.451403,368.113544,98.565922,210.206914,30.173241,36.207890,85.490850,23.132818,49.282961,7.040423,8.046198,524.008624,140.808459,299.720864,43.248313,51.294510,3.000000,2.000000,3.000000,0.000000,1.000000,0.000000,1.000000,2.000000,0.000000,1.000000,0.000000,1.000000,3.000000,0.000000,1.000000,1553.000000,438.000000,932.000000,136.000000,161.000000,5.000000,
0.049582,0.999977,0.138671,0.104612,0.525934,0.005775,-205.618611,3.178804,1396039.386982,1161963.492801,2307280.789261,207665.538023,1090450.451403,368.113544,98.565922,210.206914,30.173241,36.207890,85.490850,23.132818,49.282961,7.040423,8.046198,524.008624,140.808459,299.720864,43.248313,51.294510,3.000000,2.000000,3.000000,0.000000,1.000000,0.000000,1.000000,2.000000,0.000000,1.000000,0.000000,1.000000,3.000000,0.000000,1.000000,1553.000000,438.000000,932.000000,136.000000,161.000000,5.000000,
0.049582,0.999977,0.138671,0.104612,0.525934,0.005775,-205.618611,3.178804,1396039.386982,1161963.492801,2307280.789261,207665.538023,1090450.451403,368.113544,98.565922,210.206914,30.173241,36.207890,85.490850,23.132818,49.282961,7.040423,8.046198,524.008624,140.808459,299.720864,43.248313,51.294510,3.000000,2.000000,3.000000,0.000000,1.000000,0.000000,1.000000,2.000000,0.000000,1.000000,0.000000,1.000000,3.000000,0.000000,1.000000,1553.000000,438.000000,932.000000,136.000000,161.000000,5.000000,
0.049582,0.999977,0.138671,0.104612,0.525934,0.005775,-205.618611,3.178804,1396039.386982,1161963.492801,2307280.789261,207665.538023,1090450.451403,368.113544,98.565922,210.206914,30.173241,36.207890,85.490850,23.132818,49.282961,7.040423,8.046198,524.008624,140.808459,299.720864,43.248313,51.294510,3.000000,2.000000,3.000000,0.000000,1.000000,0.000000,1.000000,2.000000,0.000000,1.000000,0.000000,1.000000,3.000000,0.000000,1.000000,1553.000000,438.000000,932.000000,136.000000,161.000000,5.000000,
0.049582,0.999977,0.138671,0.104612,0.525934,0.005775,-205.618611,3.178804,1396039.386982,1161963.492801,2307280.789261,207665.538023,1090450.451403,368.113544,98.565922,210.206914,30.173241,36.207890,85.490850,23.132818,49.282961,7.040423,8.046198,524.008624,140.808459,299.720864,43.248313,51.294510,3.000000,2.000000,3.000000,0.000000,1.000000,0.000000,1.000000,2.000000,0.000000,1.000000,0.000000,1.000000,3.000000,0.000000,1.000000,1553.000000,438.000000,932.000000,136.000000,161.000000,5.000000,
0.049582,0.999977,0.138671,0.104612,0.525934,0.005775,-205.618611,3.178804,1396039.386982,1161963.492801,2307280.789261,207665.538023,1090450.451403,368.113544,98.565922,210.206914,30.173241,36.207890,85.490850,23.132818,49.282961,7.040423,8.046198,524.008624,140.808459,299.720864,43.248313,51.294510,3.000000,2.000000,3.000000,0.000000,1.000000,0.000000,1.000000,2.000000,0.000000,1.000000,0.000000,1.000000,3.000000,0.000000,1.000000,1553.000000,438.000000,932.000000,136.000000,161.000000,5.000000,
0.049582,0.999977,0.138671,0.104612,0.525934,0.005775,-205.618611,3.178804,1396039.386982,1161963.492801,2307280.789261,207665.538023,1090450.451403,368.113544,98.565922,210.206914,30.173241,36.207890,85.490850,23.132818,49.282961,7.040423,8.046198,524.008624,140.808459,299.720864,43.248313,51.294510,3.000000,2.000000,3.000000,0.000000,1.000000,0.000000,1.000000,2.000000,0.000000,1.000000,0.000000,1.000000,3.000000,0.000000,1.000000,1553.000000,438.000000,932.000000,136.000000,161.000000,5.000000,
0.049582,0.999977,0.138671,0.104612,0.525934,0.005775,-205.618611,3.178804,1396039.386982,1161963.492801,2307280.789261,207665.538023,1090450.451403,368.113544,98.565922,210.206914,30.173241,36.207890,85.490850,23.132818,49.282961,7.040423,8.046198,524.008624,140.808459,299.720864,43.248313,51.294510,3.000000,2.000000,3.000000,0.000000,1.000000,0.000000,1.000000,2.000000,0.000000,1.000000,0.000000,1.000000,3.000000,0.000000,1.000000,1553.000000,438.000000,932.000000,136.000000,161.000000,5.000000,
0.049582,0.999977,0.138671,0.104612,0.525934,0.005775,-205.618611,3.178804,1396039.386982,1161963.492801,2307280.789261,207665.538023,1090450.451403,368.113544,98.565922,210.206914,30.173241,36.207890,85.490850,23.132818,49.282961,7.040423,8.046198,524.008624,140.808459,299.720864,43.248313,51.294510,3.000000,2.000000,3.000000,0.000000,1.000000,0.000000,1.000000,2.000000,0.000000,1.000000,0.000000,1.000000,3.000000,0.000000,1.000000,1553.000000,438.000000,932.000000,136.000000,161.000000,5.000000,
0.049582,0.999977,0.138671,0.104612,0.525934,0.005775,-205.618611,3.178804,1396039.386982,1161963.492801,2307280.789261,207665.538023,1090450.451403,368.113544,98.565922,210.206914,30.173241,36.207890,85.490850,23.132818,49.282961,7.040423,8.046198,524.008624,140.808459,299.720864,43.248313,51.294510,3.000000,2.000000,3.000000,0.000000,1.000000,0.000000,1.000000,2.000000,0.000000,1.000000,0.000000,1.000000,3.000000,0.000000,1.000000,1553.000000,438.000000,932.000000,136.000000,161.000000,5.000000,
0.049582,0.999977,0.138671,0.104612,0.525934,0.005775,-205.618611,3.178804,1396039.386982,1161963.492801,2307280.789261,207665.538023,1090450.451403,368.113544,98.565922,210.206914,30.173241,36.207890,85.490850,23.132818,49.282961,7.040423,8.046198,524.008624,140.808459,299.720864,43.248313,51.294510,3.000000,2.000000,3.000000,0.000000,1.000000,0.000000,1.000000,2.000000,0.000000,1.000000,0.000000,1.000000,3.000000,0.000000,1.000000,1553.000000,438.000000,932.000000,136.000000,161.000000,5.000000,
0.049582,0.999977,0.138671,0.104612,0.525934,0.005775,-205.618611,3.178804,1396039.386982,1161963.492801,2307280.789261,207665.538023,1090450.451403,368.113544,98.565922,210.206914,30.173241,36.207890,85.490850,23.132818,49.282961,7.040423,8.046198,524.008624,140.808459,299.720864,43.248313,51.294510,3.000000,2.000000,3.000000,0.000000,1.000000,0.000000,1.000000,2.000000,0.000000,1.000000,0.000000,1.000000,3.000000,0.000000,1.000000,1553.000000,438.000000,932.000000,136.000000,161.000000,5.000000,
0.049582,0.999977,0.138671,0.104612,0.525934,0.005775,-205.618611,3.178804,1396039.386982,1161963.492801,2307280.789261,207665.538023,1090450.451403,368.113544,98.565922,210.206914,30.173241,36.207890,85.490850,23.132818,49.282961,7.040423,8.046198,524.008624,140.808459,299.720864,43.248313,51.294510,3.000000,2.000000,3.000000,0.000000,1.000000,0.000000,1.000000,2.000000,0.000000,1.000000,0.000000,1.000000,3.000000,0.000000,1.000000,1553.000000,438.000000,932.000000,136.000000,161.000000,5.000000,
0.049582,0.999977,0.138671,0.104612,0.525934,0.005775,-205.618611,3.178804,1396039.386982,1161963.492801,2307280.789261,207665.538023,1090450.451403,368.113544,98.565922,210.206914,30.173241,36.207890,85.490850,23.132818,49.282961,7.040423,8.046198,524.008624,140.808459,299.720864,43.248313,51.294510,3.000000,2.000000,3.000000,0.000000,1.000000,0.000000,1.000000,2.000000,0.000000,1.000000,0.000000,1.000000,3.000000,0.000000,1.000000,1553.000000,438.000000,932.000000,136.000000,161.000000,5.000000,
0.049582,0.999977,0.138671,0.104612,0.525934,0.005775,-205.618611,3.178804,1396039.386982,1161963.492801,2307280.789261,207665.538023,1090450.451403,368.113544,98.565922,210.206914,30.173241,36.207890,85.490850,23.132818,49.282961,7.040423,8.046198,524.008624,140.808459,299.720864,43.248313,51.294510,3.000000,2.000000,3.000000,0.000000,1.000000,0.000000,1.000000,2.000000,0.000000,1.000000,0.000000,1.000000,3.000000,0.000000,1.000000,1553.000000,438.000000,932.000000,136.000000,161.000000,5.000000,
0.049582,0.999977,0.138671,0.104612,0.525934,0.005775,-205.618611,3.178804,1396039.386982,1161963.492801,2307280.789261,207665.538023,1090450.451403,368.113544,98.565922,210.206914,30.173241,36.207890,85.490850,23.132818,49.282961,7.040423,8.046198,524.008624,140.808459,299.720864,43.248313,51.294510,3.000000,2.000000,3.000000,0.000000,1.000000,0.000000,1.000000,2.000000,0.000000,1.000000,0.000000,1.000000,3.000000,0.000000,1.000000,1553.000000,438.000000,932.000000,136.000000,161.000000,5.000000,
0.049582,0.999977,0.138671,0.104612,0.525934,0.005775,-205.618611,3.178804,1396039.386982,1161963.492801,2307280.789261,207665.538023,1090450.451403,368.113544,98.565922,210.206914,30.173241,36.207890,85.490850,23.132818,49.282961,7.040423,8.046198,524.008624,140.808459,299.720864,43.248313,51.294510,3.000000,2.000000,3.000000,0.000000,1.000000,0.000000,1.000000,2.000000,0.000000,1.000000,0.000000,1.000000,3.000000,0.000000,1.000000,1553.000000,438.000000,932.000000,136.000000,161.000000,5.000000,
0.049582,0.999977,0.138671,0.104612,0.525934,0.005775,-205.618611,3.178804,1396039.386982,1161963.492801,2307280.789261,207665.538023,1090450.451403,368.113544,98.565922,210.206914,30.173241,36.207890,85.490850,23.132818,49.282961,7.040423,8.046198,524.008624,140.808459,299.720864,43.248313,51.294510,3.000000,2.000000,3.000000,0.000000,1.000000,0.000000,1.000000,2.000000,0.000000,1.000000,0.000000,1.000000,3.000000,0.000000,1.000000,1553.000000,438.000000,932.000000,136.000000,161.000000,5.000000,
0.049582,0.999977,0.138671,0.104612,0.525934,0.005775,-205.618611,3.178804,1396039.386982,1161963.492801,2307280.789261,207665.538023,1090450.451403,368.113544,98.565922,210.206914,30.173241,36.207890,85.490850,23.132818,49.282961,7.040423,8.046198,524.008624,140.808459,299.720864,43.248313,51.294510,3.000000,2.000000,3.000000,0.000000,1.000000,0.000000,1.000000,2.000000,0.000000,1.000000,0.000000,1.000000,3.000000,0.000000,1.000000,1553.000000,438.000000,932.000000,136.000000,161.000000,5.000000,
0.049563,0.987643,0.138850,0.135636,0.450790,0.006909,-208.432563,3.178013,1396038.284244,1161963.196695,2307280.158477,207665.447263,1090450.343625,368.528772,98.677103,210.444026,30.207276,36.248732,85.587283,23.158912,49.338552,7.048365,8.055274,524.599701,140.967290,300.058946,43.297096,51.352370,3.000000,2.000000,3.000000,0.000000,1.000000,0.000000,1.000000,2.000000,0.000000,1.000000,0.000000,1.000000,3.000000,0.000000,1.000000,1553.000000,438.000000,932.000000,136.000000,161.000000,5.000000,
0.049563,0.987643,0.138850,0.135636,0.450790,0.006909,-208.432563,3.178013,1396038.284244,1161963.196695,2307280.158477,207665.447263,1090450.343625,368.528772,98.677103,210.444026,30.207276,36.248732,85.587283,23.158912,49.338552,7.048365,8.055274,524.599701,140.967290,300.058946,43.297096,51.352370,3.000000,2.000000,3.000000,0.000000,1.000000,0.000000,1.000000,2.000000,0.000000,1.000000,0.000000,1.000000,3.000000,0.000000,1.000000,1553.000000,438.000000,932.000000,136.000000,161.000000,5.000000,
0.049563,0.987643,0.138850,0.135636,0.450790,0.006909,-208.432563,3.178013,1396038.284244,1161963.196695,2307280.158477,207665.447263,1090450.343625,368.528772,98.677103,210.444026,30.207276,36.248732,85.587283,23.158912,49.338552,7.048365,8.055274,524.599701,140.967290,300.058946,43.297096,51.352370,3.000000,2.000000,3.000000,0.000000,1.000000,0.000000,1.000000,2.000000,0.000000,1.000000,0.000000,1.000000,3.000000,0.000000,1.000000,1553.000000,438.000000,932.000000,136.000000,161.000000,5.000000,
0.049563,0.987643,0.138850,0.135636,0.450790,0.006909,-208.432563,3.178013,1396038.284244,1161963.196695,2307280.158477,207665.447263,1090450.343625,368.528772,98.677103,210.444026,30.207276,36.248732,85.587283,23.158912,49.338552,7.048365,8.055274,524.599701,140.967290,300.058946,43.297096,51.352370,3.000000,2.000000,3.000000,0.000000,1.000000,0.000000,1.000000,2.000000,0.000000,1.000000,0.000000,1.000000,3.000000,0.000000,1.000000,1553.000000,438.000000,932.000000,136.000000,161.000000,5.000000,
0.049563,0.987643,0.138850,0.135636,0.450790,0.006909,-208.432563,3.178013,1396038.284244,1161963.196695,2307280.158477,207665.447263,1090450.343625,368.528772,98.677103,210.444026,30.207276,36.248732,85.587283,23.158912,49.338552,7.048365,8.055274,524.599701,140.967290,300.058946,43.297096,51.352370,3.000000,2.000000,3.000000,0.000000,1.000000,0.000000,1.000000,2.000000,0.000000,1.000000,0.000000,1.000000,3.000000,0.000000,1.000000,1553.000000,438.000000,932.000000,136.000000,161.000000,5.000000,
0.049563,0.987643,0.138850,0.135636,0.450790,0.006909,-208.432563,3.178013,1396038.284244,1161963.196695,2307280.158477,207665.447263,1090450.343625,368.528772,98.677103,210.444026,30.207276,36.248732,85.587283,23.158912,49.338552,7.048365,8.055274,524.599701,140.967290,300.058946,43.297096,51.352370,3.000000,2.000000,3.000000,0.000000,1.000000,0.000000,1.000000,2.000000,0.000000,1.000000,0.000000,1.000000,3.000000,0.000000,1.000000,1553.000000,438.000000,932.000000,136.000000,161.000000,5.000000,
0.049563,0.987643,0.138850,0.135636,0.450790,0.006909,-208.432563,3.178013,1396038.284244,1161963.196695,2307280.158477,207665.447263,1090450.343625,368.528772,98.677103,210.444026,30.207276,36.248732,85.587283,23.158912,49.338552,7.048365,8.055274,524.599701,140.967290,300.058946,43.297096,51.352370,3.000000,2.000000,3.000000,0.000000,1.000000,0.000000,1.000000,2.000000,0.000000,1.000000,0.000000,1.000000,3.000000,0.000000,1.000000,1553.000000,438.000000,932.000000,136.000000,161.000000,5.000000,
0.049563,0.987643,0.138850,0.135636,0.450790,0.006909,-208.432563,3.178013,1396038.284244,1161963.196695,2307280.158477,207665.447263,1090450.343625,368.528772,98.677103,210.444026,30.207276,36.248732,85.587283,23.158912,49.338552,7.048365,8.055274,524.599701,140.967290,300.058946,43.297096,51.352370,3.000000,2.000000,3.000000,0.000000,1.000000,0.000000,1.000000,2.000000,0.000000,1.000000,0.000000,1.000000,3.000000,0.000000,1.000000,1553.000000,438.000000,932.000000,136.000000,161.000000,5.000000,
0.049563,0.987643,0.138850,0.135636,0.450790,0.006909,-208.432563,3.178013,1396038.284244,1161963.196695,2307280.158477,207665.447263,1090450.343625,368.528772,98.677103,210.444026,30.207276,36.248732,85.587283,23.158912,49.338552,7.048365,8.055274,524.599701,140.967290,300.058946,43.297096,51.352370,3.000000,2.000000,3.000000,0.000000,1.000000,0.000000,1.000000,2.000000,0.000000,1.000000,0.000000,1.000000,3.000000,0.000000,1.000000,1553.000000,438.000000,932.000000,136.000000,161.000000,5.000000,
0.049563,0.987643,0.138850,0.135636,0.450790,0.006909,-208.432563,3.178013,1396038.284244,1161963.196695,2307280.158477,207665.447263,1090450.343625,368.528772,98.677103,210.444026,30.207276,36.248732,85.587283,23.158912,49.338552,7.048365,8.055274,524.599701,140.967290,300.058946,43.297096,51.352370,3.000000,2.000000,3.000000,0.000000,1.000000,0.000000,1.000000,2.000000,0.000000,1.000000,0.000000,1.000000,3.000000,0.000000,1.000000,1553.000000,438.000000,932.000000,136.000000,161.000000,5.000000,
0.049563,0.987643,0.138850,0.135636,0.450790,0.006909,-208.432563,3.178013,1396038.284244,1161963.196695,2307280.158477,207665.447263,1090450.343625,368.528772,98.677103,210.444026,30.207276,36.248732,85.587283,23.158912,49.338552,7.048365,8.055274,524.599701,140.967290,300.058946,43.297096,51.352370,3.000000,2.000000,3.000000,0.000000,1.000000,0.000000,1.000000,2.000000,0.000000,1.000000,0.000000,1.000000,3.000000,0.000000,1.000000,1553.000000,438.000000,932.000000,136.000000,161.000000,5.000000,
0.049558,0.996607,0.137084,0.160196,0.408388,0.006940,-207.656511,3.173710,1396038.254407,1161963.188683,2307280.141410,207665.444807,1090450.340708,368.540007,98.680111,210.450441,30.208197,36.249837,85.589892,23.159618,49.340056,7.048579,8.055519,524.615693,140.971587,300.068093,43.298416,51.353935,3.000000,2.000000,3.000000,0.000000,1.000000,0.000000,1.000000,2.000000,0.000000,1.000000,0.000000,1.000000,3.000000,0.000000,1.000000,1553.000000,438.000000,932.000000,136.000000,161.000000,5.000000,
0.049558,0.996607,0.137084,0.160196,0.408388,0.006940,-207.656511,3.173710,1396038.254407,1161963.188683,2307280.141410,207665.444807,1090450.340708,368.540007,98.680111,210.450441,30.208197,36.249837,85.589892,23.159618,49.340056,7.048579,8.055519,524.615693,140.971587,300.068093,43.298416,51.353935,3.000000,2.000000,3.000000,0.000000,1.000000,0.000000,1.000000,2.000000,0.000000,1.000000,0.000000,1.000000,3.000000,0.000000,1.000000,1553.000000,438.000000,932.000000,136.000000,161.000000,5.000000,
0.049558,0.996607,0.137084,0.160196,0.408388,0.006940,-207.656511,3.173710,1396038.254407,1161963.188683,2307280.141410,207665.444807,1090450.340708,368.540007,98.680111,210.450441,30.208197,36.249837,85.589892,23.159618,49.340056,7.048579,8.055519,524.615693,140.971587,300.068093,43.298416,51.353935,3.000000,2.000000,3.000000,0.000000,1.000000,0.000000,1.000000,2.000000,0.000000,1.000000,0.000000,1.000000,3.000000,0.000000,1.000000,1553.000000,438.000000,932.000000,136.000000,161.000000,5.000000,
0.049558,0.996607,0.137084,0.160196,0.408388,0.006940,-207.656511,3.173710,1396038.254407,1161963.188683,2307280.141410,207665.444807,1090450.340708,368.540007,98.680111,210.450441,30.208197,36.249837,85.589892,23.159618,49.340056,7.048579,8.055519,524.615693,140.971587,300.068093,43.298416,51.353935,3.000000,2.000000,3.000000,0.000000,1.000000,0.000000,1.000000,2.000000,0.000000,1.000000,0.000000,1.000000,3.000000,0.000000,1.000000,1553.000000,438.000000,932.000000,136.000000,161.000000,5.000000,
0.049558,0.996607,0.137084,0.160196,0.408388,0.006940,-207.656511,3.173710,1396038.254407,1161963.188683,2307280.141410,207665.444807,1090450.340708,368.540007,98.680111,210.450441,30.208197,36.249837,85.589892,23.159618,49.340056,7.048579,8.055519,524.615693,140.971587,300.068093,43.298416,51.353935,3.000000,2.000000,3.000000,0.000000,1.000000,0.000000,1.000000,2.000000,0.000000,1.000000,0.000000,1.000000,3.000000,0.000000,1.000000,1553.000000,438.000000,932.000000,136.000000,161.000000,5.000000,
0.049274,0.998785,0.153483,0.218022,0.203715,0.006118,-208.772275,3.192019,1396039.053268,1161963.403192,2307280.598371,207665.510557,1090450.418786,368.239202,98.599568,210.278670,30.183541,36.220249,85.520033,23.140715,49.299784,7.042826,8.048944,524.187498,140.856525,299.823175,43.263076,51.312020,3.000000,2.000000,3.000000,0.000000,1.000000,0.000000,1.000000,2.000000,0.000000,1.000000,0.000000,1.000000,3.000000,0.000000,1.000000,1553.000000,438.000000,932.000000,136.000000,161.000000,5.000000,
0.049274,0.998785,0.153483,0.218022,0.203715,0.006118,-208.772275,3.192019,1396039.053268,1161963.403192,2307280.598371,207665.510557,1090450.418786,368.239202,98.599568,210.278670,30.183541,36.220249,85.520033,23.140715,49.299784,7.042826,8.048944,524.187498,140.856525,299.823175,43.263076,51.312020,3.000000,2.000000,3.000000,0.000000,1.000000,0.000000,1.000000,2.000000,0.000000,1.000000,0.000000,1.000000,3.000000,0.000000,1.000000,1553.000000,438.000000,932.000000,136.000000,161.000000,5.000000,
0.049274,0.998785,0.153483,0.218022,0.203715,0.006118,-208.772275,3.192019,1396039.053268,1161963.403192,2307280.598371,207665.510557,1090450.418786,368.239202,98.599568,210.278670,30.183541,36.220249,85.520033,23.140715,49.299784,7.042826,8.048944,524.187498,140.856525,299.823175,43.263076,51.312020,3.000000,2.000000,3.000000,0.000000,1.000000,0.000000,1.000000,2.000000,0.000000,1.000000,0.000000,1.000000,3.000000,0.000000,1.000000,1553.000000,438.000000,932.000000,136.000000,161.000000,5.000000,
0.049274,0.998785,0.153483,0.218022,0.203715,0.006118,-208.772275,3.192019,1396039.053268,1161963.403192,2307280.598371,207665.510557,1090450.418786,368.239202,98.599568,210.278670,30.183541,36.220249,85.520033,23.140715,49.299784,7.042826,8.048944,524.187498,140.856525,299.823175,43.263076,51.312020,3.000000,2.000000,3.000000,0.000000,1.000000,0.000000,1.000000,2.000000,0.000000,1.000000,0.000000,1.000000,3.000000,0.000000,1.000000,1553.000000,438.000000,932.000000,136.000000,161.000000,5.000000,
0.049274,0.998785,0.153483,0.218022,0.203715,0.006118,-208.772275,3.192019,1396039.053268,1161963.403192,2307280.598371,207665.510557,1090450.418786,368.239202,98.599568,210.278670,30.183541,36.220249,85.520033,23.140715,49.299784,7.042826,8.048944,524.187498,140.856525,299.823175,43.263076,51.312020,3.000000,2.000000,3.000000,0.000000,1.000000,0.000000,1.000000,2.000000,0.000000,1.000000,0.000000,1.000000,3.000000,0.000000,1.000000,1553.000000,438.000000,932.000000,136.000000,161.000000,5.000000,
0.049274,0.998785,0.153483,0.218022,0.203715,0.006118,-208.772275,3.192019,1396039.053268,1161963.403192,2307280.598371,207665.510557,1090450.418786,368.239202,98.599568,210.278670,30.183541,36.220249,85.520033,23.140715,49.299784,7.042826,8.048944,524.187498,140.856525,299.823175,43.263076,51.312020,3.000000,2.000000,3.000000,0.000000,1.000000,0.000000,1.000000,2.000000,0.000000,1.000000,0.000000,1.000000,3.000000,0.000000,1.000000,1553.000000,438.000000,932.000000,136.000000,161.000000,5.000000,
0.049274,0.998785,0.153483,0.218022,0.203715,0.006118,-208.772275,3.192019,1396039.053268,1161963.403192,2307280.598371,207665.510557,1090450.418786,368.239202,98.599568,210.278670,30.183541,36.220249,85.520033,23.140715,49.299784,7.042826,8.048944,524.187498,140.856525,299.823175,43.263076,51.312020,3.000000,2.000000,3.000000,0.000000,1.000000,0.000000,1.000000,2.000000,0.000000,1.000000,0.000000,1.000000,3.000000,0.000000,1.000000,1553.000000,438.000000,932.000000,136.000000,161.000000,5.000000,
0.049274,0.998785,0.153483,0.218022,0.203715,0.006118,-208.772275,3.192019,1396039.053268,1161963.403192,2307280.598371,207665.510557,1090450.418786,368.239202,98.599568,210.278670,30.183541,36.220249,85.520033,23.140715,49.299784,7.042826,8.048944,524.187498,140.856525,299.823175,43.263076,51.312020,3.000000,2.000000,3.000000,0.000000,1.000000,0.000000,1.000000,2.000000,0.000000,1.000000,0.000000,1.000000,3.000000,0.000000,1.000000,1553.000000,438.000000,932.000000,136.000000,161.000000,5.000000,
0.049274,0.998785,0.153483,0.218022,0.203715,0.006118,-208.772275,3.192019,1396039.053268,1161963.403192,2307280.598371,207665.510557,1090450.418786,368.239202,98.599568,210.278670,30.183541,36.220249,85.520033,23.140715,49.299784,7.042826,8.048944,524.187498,140.856525,299.823175,43.263076,51.312020,3.000000,2.000000,3.000000,0.000000,1.000000,0.000000,1.000000,2.000000,0.000000,1.000000,0.000000,1.000000,3.000000,0.000000,1.000000,1553.000000,438.000000,932.000000,136.000000,161.000000,5.000000,
0.049274,0.998785,0.153483,0.218022,0.203715,0.006118,-208.772275,3.192019,1396039.053268,1161963.403192,2307280.598371,207665.510557,1090450.418786,368.239202,98.599568,210.278670,30.183541,36.220249,85.520033,23.140715,49.299784,7.042826,8.048944,524.187498,140.856525,299.823175,43.263076,51.312020,3.000000,2.000000,3.000000,0.000000,1.000000,0.000000,1.000000,2.000000,0.000000,1.000000,0.000000,1.000000,3.000000,0.000000,1.000000,1553.000000,438.000000,932.000000,136.000000,161.000000,5.000000,
0.049274,0.998785,0.153483,0.218022,0.203715,0.006118,-208.772275,3.192019,1396039.053268,1161963.403192,2307280.598371,207665.510557,1090450.418786,368.239202,98.599568,210.278670,30.183541,36.220249,85.520033,23.140715,49.299784,7.042826,8.048944,524.187498,140.856525,299.823175,43.263076,51.312020,3.000000,2.000000,3.000000,0.000000,1.000000,0.000000,1.000000,2.000000,0.000000,1.000000,0.000000,1.000000,3.000000,0.000000,1.000000,1553.000000,438.000000,932.000000,136.000000,161.000000,5.000000,
0.049274,0.998785,0.153483,0.218022,0.203715,0.006118,-208.772275,3.192019,1396039.053268,1161963.403192,2307280.598371,207665.510557,1090450.418786,368.239202,98.599568,210.278670,30.183541,36.220249,85.520033,23.140715,49.299784,7.042826,8.048944,524.187498,140.856525,299.823175,43.263076,51.312020,3.000000,2.000000,3.000000,0.000000,1.000000,0.000000,1.000000,2.000000,0.000000,1.000000,0.000000,1.000000,3.000000,0.000000,1.000000,1553.000000,438.000000,932.000000,136.000000,161.000000,5.000000,
0.049274,0.998785,0.153483,0.218022,0.203715,0.006118,-208.772275,3.192019,1396039.053268,1161963.403192,2307280.598371,207665.510557,1090450.418786,368.239202,98.599568,210.278670,30.183541,36.220249,85.520033,23.140715,49.299784,7.042826,8.048944,524.187498,140.856525,299.823175,43.263076,51.312020,3.000000,2.000000,3.000000,0.000000,1.000000,0.000000,1.000000,2.000000,0.000000,1.000000,0.000000,1.000000,3.000000,0.000000,1.000000,1553.000000,438.000000,932.000000,136.000000,161.000000,5.000000,
0.049274,0.998785,0.153483,0.218022,0.203715,0.006118,-208.772275,3.192019,1396039.053268,1161963.403192,2307280.598371,207665.510557,1090450.418786,368.239202,98.599568,210.278670,30.183541,36.220249,85.520033,23.140715,49.299784,7.042826,8.048944,524.187498,140.856525,299.823175,43.263076,51.312020,3.000000,2.000000,3.000000,0.000000,1.000000,0.000000,1.000000,2.000000,0.000000,1.000000,0.000000,1.000000,3.000000,0.000000,1.000000,1553.000000,438.000000,932.000000,136.000000,161.000000,5.000000,
0.049274,0.998785,0.153483,0.218022,0.203715,0.006118,-208.772275,3.192019,1396039.053268,1161963.403192,2307280.598371,207665.510557,1090450.418786,368.239202,98.599568,210.278670,30.183541,36.220249,85.520033,23.140715,49.299784,7.042826,8.048944,524.187498,140.856525,299.823175,43.263076,51.312020,3.000000,2.000000,3.000000,0.000000,1.000000,0.000000,1.000000,2.000000,0.000000,1.000000,0.000000,1.000000,3.000000,0.000000,1.000000,1553.000000,438.000000,932.000000,136.000000,161.000000,5.000000,
0.049274,0.998785,0.153483,0.218022,0.203715,0.006118,-208.772275,3.192019,1396039.053268,1161963.403192,2307280.598371,207665.510557,1090450.418786,368.239202,98.599568,210.278670,30.183541,36.220249,85.520033,23.140715,49.299784,7.042826,8.048944,524.187498,140.856525,299.823175,43.263076,51.312020,3.000000,2.000000,3.000000,0.000000,1.000000,0.000000,1.000000,2.000000,0.000000,1.000000,0.000000,1.000000,3.000000,0.000000,1.000000,1553.000000,438.000000,932.000000,136.000000,161.000000,5.000000,
0.049274,0.998785,0.153483,0.218022,0.203715,0.006118,-208.772275,3.192019,1396039.053268,1161963.403192,2307280.598371,207665.510557,1090450.418786,368.239202,98.599568,210.278670,30.183541,36.220249,85.520033,23.140715,49.299784,7.042826,8.048944,524.187498,140.856525,299.823175,43.263076,51.312020,3.000000,2.000000,3.000000,0.000000,1.000000,0.000000,1.000000,2.000000,0.000000,1.000000,0.000000,1.000000,3.000000,0.000000,1.000000,1553.000000,438.000000,932.000000,136.000000,161.000000,5.000000,
0.049274,0.998785,0.153483,0.218022,0.203715,0.006118,-208.772275,3.192019,1396039.053268,1161963.403192,2307280.598371,207665.510557,1090450.418786,368.239202,98.599568,210.278670,30.183541,36.220249,85.520033,23.140715,49.299784,7.042826,8.048944,524.187498,140.856525,299.823175,43.263076,51.312020,3.000000,2.000000,3.000000,0.000000,1.000000,0.000000,1.000000,2.000000,0.000000,1.000000,0.000000,1.000000,3.000000,0.000000,1.000000,1553.000000,438.000000,932.000000,136.000000,161.000000,5.000000,
0.049250,0.997419,0.153644,0.223573,0.191556,0.005981,-209.138092,3.190804,1396039.186008,1161963.438835,2307280.674301,207665.521482,1090450.431760,368.189219,98.586184,210.250128,30.179444,36.215333,85.508425,23.137574,49.293092,7.041870,8.047852,524.116348,140.837406,299.782479,43.257203,51.305055,3.000000,2.000000,3.000000,0.000000,1.000000,0.000000,1.000000,2.000000,0.000000,1.000000,0.000000,1.000000,3.000000,0.000000,1.000000,1553.000000,438.000000,932.000000,136.000000,161.000000,5.000000,
0.049250,0.997419,0.153644,0.223573,0.191556,0.005981,-209.138092,3.190804,1396039.186008,1161963.438835,2307280.674301,207665.521482,1090450.431760,368.189219,98.586184,210.250128,30.179444,36.215333,85.508425,23.137574,49.293092,7.041870,8.047852,524.116348,140.837406,299.782479,43.257203,51.305055,3.000000,2.000000,3.000000,0.000000,1.000000,0.000000,1.000000,2.000000,0.000000,1.000000,0.000000,1.000000,3.000000,0.000000,1.000000,1553.000000,438.000000,932.000000,136.000000,161.000000,5.000000,
0.049250,0.997419,0.153644,0.223573,0.191556,0.005981,-209.138092,3.190804,1396039.186008,1161963.438835,2307280.674301,207665.521482,1090450.431760,368.189219,98.586184,210.250128,30.179444,36.215333,85.508425,23.137574,49.293092,7.041870,8.047852,524.116348,140.837406,299.782479,43.257203,51.305055,3.000000,2.000000,3.000000,0.000000,1.000000,0.000000,1.000000,2.000000,0.000000,1.000000,0.000000,1.000000,3.000000,0.000000,1.000000,1553.000000,438.000000,932.000000,136.000000,161.000000,5.000000,
0.049250,0.997419,0.153644,0.223573,0.191556,0.005981,-209.138092,3.190804,1396039.186008,1161963.438835,2307280.674301,207665.521482,1090450.431760,368.189219,98.586184,210.250128,30.179444,36.215333,85.508425,23.137574,49.293092,7.041870,8.047852,524.116348,140.837406,299.782479,43.257203,51.305055,3.000000,2.000000,3.000000,0.000000,1.000000,0.000000,1.000000,2.000000,0.000000,1.000000,0.000000,1.000000,3.000000,0.000000,1.000000,1553.000000,438.000000,932.000000,136.000000,161.000000,5.000000,
0.049250,0.997419,0.153644,0.223573,0.191556,0.005981,-209.138092,3.190804,1396039.186008,1161963.438835,2307280.674301,207665.521482,1090450.431760,368.189219,98.586184,210.250128,30.179444,36.215333,85.508425,23.137574,49.293092,7.041870,8.047852,524.116348,140.837406,299.782479,43.257203,51.305055,3.000000,2.000000,3.000000,0.000000,1.000000,0.000000,1.000000,2.000000,0.000000,1.000000,0.000000,1.000000,3.000000,0.000000,1.000000,1553.000000,438.000000,932.000000,136.000000,161.000000,5.000000,
0.049250,0.997419,0.153644,0.223573,0.191556,0.005981,-209.138092,3.190804,1396039.186008,1161963.438835,2307280.674301,207665.521482,1090450.431760,368.189219,98.586184,210.250128,30.179444,36.215333,85.508425,23.137574,49.293092,7.041870,8.047852,524.116348,140.837406,299.782479,43.257203,51.305055,3.000000,2.000000,3.000000,0.000000,1.000000,0.000000,1.000000,2.000000,0.000000,1.000000,0.000000,1.000000,3.000000,0.000000,1.000000,1553.000000,438.000000,932.000000,136.000000,161.000000,5.000000,
0.049250,0.997419,0.153644,0.223573,0.191556,0.005981,-209.138092,3.190804,1396039.186008,1161963.438835,2307280.674301,207665.521482,1090450.431760,368.189219,98.586184,210.250128,30.179444,36.215333,85.508425,23.137574,49.293092,7.041870,8.047852,524.116348,140.837406,299.782479,43.257203,51.305055,3.000000,2.000000,3.000000,0.000000,1.000000,0.000000,1.000000,2.000000,0.000000,1.000000,0.000000,1.000000,3.000000,0.000000,1.000000,1553.000000,438.000000,932.000000,136.000000,161.000000,5.000000,
0.049250,0.997419,0.153644,0.223573,0.191556,0.005981,-209.138092,3.190804,1396039.186008,1161963.438835,2307280.674301,207665.521482,1090450.431760,368.189219,98.586184,210.250128,30.179444,36.215333,85.508425,23.137574,49.293092,7.041870,8.047852,524.116348,140.837406,299.782479,43.257203,51.305055,3.000000,2.000000,3.000000,0.000000,1.000000,0.000000,1.000000,2.000000,0.000000,1.000000,0.000000,1.000000,3.000000,0.000000,1.000000,1553.000000,438.000000,932.000000,136.000000,161.000000,5.000000,
0.049250,0.997419,0.153644,0.223573,0.191556,0.005981,-209.138092,3.190804,1396039.186008,1161963.438835,2307280.674301,207665.521482,1090450.431760,368.189219,98.586184,210.250128,30.179444,36.215333,85.508425,23.137574,49.293092,7.041870,8.047852,524.116348,140.837406,299.782479,43.257203,51.305055,3.000000,2.000000,3.000000,0.000000,1.000000,0.000000,1.000000,2.000000,0.000000,1.000000,0.000000,1.000000,3.000000,0.000000,1.000000,1553.000000,438.000000,932.000000,136.000000,161.000000,5.000000,
0.049250,0.997419,0.153644,0.223573,0.191556,0.005981,-209.138092,3.190804,1396039.186008,1161963.438835,2307280.674301,207665.521482,1090450.431760,368.189219,98.586184,210.250128,30.179444,36.215333,85.508425,23.137574,49.293092,7.041870,8.047852,524.116348,140.837406,299.782479,43.257203,51.305055,3.000000,2.000000,3.000000,0.000000,1.000000,0.000000,1.000000,2.000000,0.000000,1.000000,0.000000,1.000000,3.000000,0.000000,1.000000,1553.000000,438.000000,932.000000,136.000000,161.000000,5.000000,
0.049250,0.997419,0.153644,0.223573,0.191556,0.005981,-209.138092,3.190804,1396039.186008,1161963.438835,2307280.674301,207665.521482,1090450.431760,368.189219,98.586184,210.250128,30.179444,36.215333,85.508425,23.137574,49.293092,7.041870,8.047852,524.116348,140.837406,299.782479,43.257203,51.305055,3.000000,2.000000,3.000000,0.000000,1.000000,0.000000,1.000000,2.000000,0.000000,1.000000,0.000000,1.000000,3.000000,0.000000,1.000000,1553.000000,438.000000,932.000000,136.000000,161.000000,5.000000,
0.049281,0.999628,0.152195,0.211232,0.226243,0.006174,-207.757753,3.189584,1396038.998798,1161963.388566,2307280.567213,207665.506074,1090450.413463,368.259712,98.605059,210.290382,30.185222,36.222267,85.524797,23.142004,49.302530,7.043219,8.049393,524.216694,140.864371,299.839875,43.265485,51.314878,3.000000,2.000000,3.000000,0.000000,1.000000,0.000000,1.000000,2.000000,0.000000,1.000000,0.000000,1.000000,3.000000,0.000000,1.000000,1553.000000,438.000000,932.000000,136.000000,161.000000,5.000000,
0.049281,0.999628,0.152195,0.211232,0.226243,0.006174,-207.757753,3.189584,1396038.998798,1161963.388566,2307280.567213,207665.506074,1090450.413463,368.259712,98.605059,210.290382,30.185222,36.222267,85.524797,23.142004,49.302530,7.043219,8.049393,524.216694,140.864371,299.839875,43.265485,51.314878,3.000000,2.000000,3.000000,0.000000,1.000000,0.000000,1.000000,2.000000,0.000000,1.000000,0.000000,1.000000,3.000000,0.000000,1.000000,1553.000000,438.000000,932.000000,136.000000,161.000000,5.000000,
0.049281,0.999628,0.152195,0.211232,0.226243,0.006174,-207.757753,3.189584,1396038.998798,1161963.388566,2307280.567213,207665.506074,1090450.413463,368.259712,98.605059,210.290382,30.185222,36.222267,85.524797,23.142004,49.302530,7.043219,8.049393,524.216694,140.864371,299.839875,43.265485,51.314878,3.000000,2.000000,3.000000,0.000000,1.000000,0.000000,1.000000,2.000000,0.000000,1.000000,0.000000,1.000000,3.000000,0.000000,1.000000,1553.000000,438.000000,932.000000,136.000000,161.000000,5.000000,
0.049281,0.999628,0.152195,0.211232,0.226243,0.006174,-207.757753,3.189584,1396038.998798,1161963.388566,2307280.567213,207665.506074,1090450.413463,368.259712,98.605059,210.290382,30.185222,36.222267,85.524797,23.142004,49.302530,7.043219,8.049393,524.216694,140.864371,299.839875,43.265485,51.314878,3.000000,2.000000,3.000000,0.000000,1.000000,0.000000,1.000000,2.000000,0.000000,1.000000,0.000000,1.000000,3.000000,0.000000,1.000000,1553.000000,438.000000,932.000000,136.000000,161.000000,5.000000,
0.049281,0.999628,0.152195,0.211232,0.226243,0.006174,-207.757753,3.189584,1396038.998798,1161963.388566,2307280.567213,207665.506074,1090450.413463,368.259712,98.605059,210.290382,30.185222,36.222267,85.524797,23.142004,49.302530,7.043219,8.049393,524.216694,140.864371,299.839875,43.265485,51.314878,3.000000,2.000000,3.000000,0.000000,1.000000,0.000000,1.000000,2.000000,0.000000,1.000000,0.000000,1.000000,3.000000,0.000000,1.000000,1553.000000,438.000000,932.000000,136.000000,161.000000,5.000000,
0.049281,0.999628,0.152195,0.211232,0.226243,0.006174,-207.757753,3.189584,1396038.998798,1161963.388566,2307280.567213,207665.506074,1090450.413463,368.259712,98.605059,210.290382,30.185222,36.222267,85.524797,23.142004,49.302530,7.043219,8.049393,524.216694,140.864371,299.839875,43.265485,51.314878,3.000000,2.000000,3.000000,0.000000,1.000000,0.000000,1.000000,2.000000,0.000000,1.000000,0.000000,1.000000,3.000000,0.000000,1.000000,1553.000000,438.000000,932.000000,136.000000,161.000000,5.000000,
0.049281,0.999628,0.152195,0.211232,0.226243,0.006174,-207.757753,3.189584,1396038.998798,1161963.388566,2307280.567213,207665.506074,1090450.413463,368.259712,98.605059,210.290382,30.185222,36.222267,85.524797,23.142004,49.302530,7.043219,8.049393,524.216694,140.864371,299.839875,43.265485,51.314878,3.000000,2.000000,3.000000,0.000000,1.000000,0.000000,1.000000,2.000000,0.000000,1.000000,0.000000,1.000000,3.000000,0.000000,1.000000,1553.000000,438.000000,932.000000,136.000000,161.000000,5.000000,
0.049281,0.999628,0.152195,0.211232,0.226243,0.006174,-207.757753,3.189584,1396038.998798,1161963.388566,2307280.567213,207665.506074,1090450.413463,368.259712,98.605059,210.290382,30.185222,36.222267,85.524797,23.142004,49.302530,7.043219,8.049393,524.216694,140.864371,299.839875,43.265485,51.314878,3.000000,2.000000,3.000000,0.000000,1.000000,0.000000,1.000000,2.000000,0.000000,1.000000,0.000000,1.000000,3.000000,0.000000,1.000000,1553.000000,438.000000,932.000000,136.000000,161.000000,5.000000,
0.049281,0.999628,0.152195,0.211232,0.226243,0.006174,-207.757753,3.189584,1396038.998798,1161963.388566,2307280.567213,207665.506074,1090450.413463,368.259712,98.605059,210.290382,30.185222,36.222267,85.524797,23.142004,49.302530,7.043219,8.049393,524.216694,140.864371,299.839875,43.265485,51.314878,3.000000,2.000000,3.000000,0.000000,1.000000,0.000000,1.000000,2.000000,0.000000,1.000000,0.000000,1.000000,3.000000,0.000000,1.000000,1553.000000,438.000000,932.000000,136.000000,161.000000,5.000000,
0.049281,0.999628,0.152195,0.211232,0.226243,0.006174,-207.757753,3.189584,1396038.998798,1161963.388566,2307280.567213,207665.506074,1090450.413463,368.259712,98.605059,210.290382,30.185222,36.222267,85.524797,23.142004,49.302530,7.043219,8.049393,524.216694,140.864371,299.839875,43.265485,51.314878,3.000000,2.000000,3.000000,0.000000,1.000000,0.000000,1.000000,2.000000,0.000000,1.000000,0.000000,1.000000,3.000000,0.000000,1.000000,1553.000000,438.000000,932.000000,136.000000,161.000000,5.000000,
0.049281,0.999628,0.152195,0.211232,0.226243,0.006174,-207.757753,3.189584,1396038.998798,1161963.388566,2307280.567213,207665.506074,1090450.413463,368.259712,98.605059,210.290382,30.185222,36.222267,85.524797,23.142004,49.302530,7.043219,8.049393,524.216694,140.864371,299.839875,43.265485,51.314878,3.000000,2.000000,3.000000,0.000000,1.000000,0.000000,1.000000,2.000000,0.000000,1.000000,0.000000,1.000000,3.000000,0.000000,1.000000,1553.000000,438.000000,932.000000,136.000000,161.000000,5.000000,
0.049281,0.999628,0.152195,0.211232,0.226243,0.006174,-207.757753,3.189584,1396038.998798,1161963.388566,2307280.567213,207665.506074,1090450.413463,368.259712,98.605059,210.290382,30.185222,36.222267,85.524797,23.142004,49.302530,7.043219,8.049393,524.216694,140.864371,299.839875,43.265485,51.314878,3.000000,2.000000,3.000000,0.000000,1.000000,0.000000,1.000000,2.000000,0.000000,1.000000,0.000000,1.000000,3.000000,0.000000,1.000000,1553.000000,438.000000,932.000000,136.000000,161.000000,5.000000,
0.049281,0.999628,0.152195,0.211232,0.226243,0.006174,-207.757753,3.189584,1396038.998798,1161963.388566,2307280.567213,207665.506074,1090450.413463,368.259712,98.605059,210.290382,30.185222,36.222267,85.524797,23.142004,49.302530,7.043219,8.049393,524.216694,140.864371,299.839875,43.265485,51.314878,3.000000,2.000000,3.000000,0.000000,1.000000,0.000000,1.000000,2.000000,0.000000,1.000000,0.000000,1.000000,3.000000,0.000000,1.000000,1553.000000,438.000000,932.000000,136.000000,161.000000,5.000000,
0.049281,0.999628,0.152195,0.211232,0.226243,0.006174,-207.757753,3.189584,1396038.998798,1161963.388566,2307280.567213,207665.506074,1090450.413463,368.259712,98.605059,210.290382,30.185222,36.222267,85.524797,23.142004,49.302530,7.043219,8.049393,524.216694,140.864371,299.839875,43.265485,51.314878,3.000000,2.000000,3.000000,0.000000,1.000000,0.000000,1.000000,2.000000,0.000000,1.000000,0.000000,1.000000,3.000000,0.000000,1.000000,1553.000000,438.000000,932.000000,136.000000,161.000000,5.000000,
0.049281,0.999628,0.152195,0.211232,0.226243,0.006174,-207.757753,3.189584,1396038.998798,1161963.388566,2307280.567213,207665.506074,1090450.413463,368.259712,98.605059,210.290382,30.185222,36.222267,85.524797,23.142004,49.302530,7.043219,8.049393,524.216694,140.864371,299.839875,43.265485,51.314878,3.000000,2.000000,3.000000,0.000000,1.000000,0.000000,1.000000,2.000000,0.000000,1.000000,0.000000,1.000000,3.000000,0.000000,1.000000,1553.000000,438.000000,932.000000,136.000000,161.000000,5.000000,
0.049281,0.999628,0.152195,0.211232,0.226243,0.006174,-207.757753,3.189584,1396038.998798,1161963.388566,2307280.567213,207665.506074,1090450.413463,368.259712,98.605059,210.290382,30.185222,36.222267,85.524797,23.142004,49.302530,7.043219,8.049393,524.216694,140.864371,299.839875,43.265485,51.314878,3.000000,2.000000,3.000000,0.000000,1.000000,0.000000,1.000000,2.000000,0.000000,1.000000,0.000000,1.000000,3.000000,0.000000,1.000000,1553.000000,438.000000,932.000000,136.000000,161.000000,5.000000,
0.049281,0.999628,0.152195,0.211232,0.226243,0.006174,-207.757753,3.189584,1396038.998798,1161963.388566,2307280.567213,207665.506074,1090450.413463,368.259712,98.605059,210.290382,30.185222,36.222267,85.524797,23.142004,49.302530,7.043219,8.049393,524.216694,140.864371,299.839875,43.265485,51.314878,3.000000,2.000000,3.000000,0.000000,1.000000,0.000000,1.000000,2.000000,0.000000,1.000000,0.000000,1.000000,3.000000,0.000000,1.000000,1553.000000,438.000000,932.000000,136.000000,161.000000,5.000000,
0.049281,0.999628,0.152195,0.211232,0.226243,0.006174,-207.757753,3.189584,1396038.998798,1161963.388566,2307280.567213,207665.506074,1090450.413463,368.259712,98.605059,210.290382,30.185222,36.222267,85.524797,23.142004,49.302530,7.043219,8.049393,524.216694,140.864371,299.839875,43.265485,51.314878,3.000000,2.000000,3.000000,0.000000,1.000000,0.000000,1.000000,2.000000,0.000000,1.000000,0.000000,1.000000,3.000000,0.000000,1.000000,1553.000000,438.000000,932.000000,136.000000,161.000000,5.000000,
0.049281,0.999628,0.152195,0.211232,0.226243,0.006174,-207.757753,3.189584,1396038.998798,1161963.388566,2307280.567213,207665.506074,1090450.413463,368.259712,98.605059,210.290382,30.185222,36.222267,85.524797,23.142004,49.302530,7.043219,8.049393,524.216694,140.864371,299.839875,43.265485,51.314878,3.000000,2.000000,3.000000,0.000000,1.000000,0.000000,1.000000,2.000000,0.000000,1.000000,0.000000,1.000000,3.000000,0.000000,1.000000,1553.000000,438.000000,932.000000,136.000000,161.000000,5.000000,
0.049281,0.999628,0.152195,0.211232,0.226243,0.006174,-207.757753,3.189584,1396038.998798,1161963.388566,2307280.567213,207665.506074,1090450.413463,368.259712,98.605059,210.290382,30.185222,36.222267,85.524797,23.142004,49.302530,7.043219,8.049393,524.216694,140.864371,299.839875,43.265485,51.314878,3.000000,2.000000,3.000000,0.000000,1.000000,0.000000,1.000000,2.000000,0.000000,1.000000,0.000000,1.000000,3.000000,0.000000,1.000000,1553.000000,438.000000,932.000000,136.000000,161.000000,5.000000,
0.049281,0.999628,0.152195,0.211232,0.226243,0.006174,-207.757753,3.189584,1396038.998798,1161963.388566,2307280.567213,207665.506074,1090450.413463,368.259712,98.605059,210.290382,30.185222,36.222267,85.524797,23.142004,49.302530,7.043219,8.049393,524.216694,140.864371,299.839875,43.265485,51.314878,3.000000,2.000000,3.000000,0.000000,1.000000,0.000000,1.000000,2.000000,0.000000,1.000000,0.000000,1.000000,3.000000,0.000000,1.000000,1553.000000,438.000000,932.000000,136.000000,161.000000,5.000000,
0.049281,0.999628,0.152195,0.211232,0.226243,0.006174,-207.757753,3.189584,1396038.998798,1161963.388566,2307280.567213,207665.506074,1090450.413463,368.259712,98.605059,210.290382,30.185222,36.222267,85.524797,23.142004,49.302530,7.043219,8.049393,524.216694,140.864371,299.839875,43.265485,51.314878,3.000000,2.000000,3.000000,0.000000,1.000000,0.000000,1.000000,2.000000,0.000000,1.000000,0.000000,1.000000,3.000000,0.000000,1.000000,1553.000000,438.000000,932.000000,136.000000,161.000000,5.000000,
0.049281,0.999628,0.152195,0.211232,0.226243,0.006174,-207.757753,3.189584,1396038.998798,1161963.388566,2307280.567213,207665.506074,1090450.413463,368.259712,98.605059,210.290382,30.185222,36.222267,85.524797,23.142004,49.302530,7.043219,8.049393,524.216694,140.864371,299.839875,43.265485,51.314878,3.000000,2.000000,3.000000,0.000000,1.000000,0.000000,1.000000,2.000000,0.000000,1.000000,0.000000,1.000000,3.000000,0.000000,1.000000,1553.000000,438.000000,932.000000,136.000000,161.000000,5.000000,
0.049281,0.999628,0.152195,0.211232,0.226243,0.006174,-207.757753,3.189584,1396038.998798,1161963.388566,2307280.567213,207665.506074,1090450.413463,368.259712,98.605059,210.290382,30.185222,36.222267,85.524797,23.142004,49.302530,7.043219,8.049393,524.216694,140.864371,299.839875,43.265485,51.314878,3.000000,2.000000,3.000000,0.000000,1.000000,0.000000,1.000000,2.000000,0.000000,1.000000,0.000000,1.000000,3.000000,0.000000,1.000000,1553.000000,438.000000,932.000000,136.000000,161.000000,5.000000,
0.049281,0.999628,0.152195,0.211232,0.226243,0.006174,-207.757753,3.189584,1396038.998798,1161963.388566,2307280.567213,207665.506074,1090450.413463,368.259712,98.605059,210.290382,30.185222,36.222267,85.524797,23.142004,49.302530,7.043219,8.049393,524.216694,140.864371,299.839875,43.265485,51.314878,3.000000,2.000000,3.000000,0.000000,1.000000,0.000000,1.000000,2.000000,0.000000,1.000000,0.000000,1.000000,3.000000,0.000000,1.000000,1553.000000,438.000000,932.000000,136.000000,161.000000,5.000000,
0.049281,0.999628,0.152195,0.211232,0.226243,0.006174,-207.757753,3.189584,1396038.998798,1161963.388566,2307280.567213,207665.506074,1090450.413463,368.259712,98.605059,210.290382,30.185222,36.222267,85.524797,23.142004,49.302530,7.043219,8.049393,524.216694,140.864371,299.839875,43.265485,51.314878,3.000000,2.000000,3.000000,0.000000,1.000000,0.000000,1.000000,2.000000,0.000000,1.000000,0.000000,1.000000,3.000000,0.000000,1.000000,1553.000000,438.000000,932.000000,136.000000,161.000000,5.000000,
0.049281,0.999628,0.152195,0.211232,0.226243,0.006174,-207.757753,3.189584,1396038.998798,1161963.388566,2307280.567213,207665.506074,1090450.413463,368.259712,98.605059,210.290382,30.185222,36.222267,85.524797,23.142004,49.302530,7.043219,8.049393,524.216694,140.864371,299.839875,43.265485,51.314878,3.000000,2.000000,3.000000,0.000000,1.000000,0.000000,1.000000,2.000000,0.000000,1.000000,0.000000,1.000000,3.000000,0.000000,1.000000,1553.000000,438.000000,932.000000,136.000000,161.000000,5.000000,
0.049281,0.999628,0.152195,0.211232,0.226243,0.006174,-207.757753,3.189584,1396038.998798,1161963.388566,2307280.567213,207665.506074,1090450.413463,368.259712,98.605059,210.290382,30.185222,36.222267,85.524797,23.142004,49.302530,7.043219,8.049393,524.216694,140.864371,299.839875,43.265485,51.314878,3.000000,2.000000,3.000000,0.000000,1.000000,0.000000,1.000000,2.000000,0.000000,1.000000,0.000000,1.000000,3.000000,0.000000,1.000000,1553.000000,438.000000,932.000000,136.000000,161.000000,5.000000,
0.049281,0.999628,0.152195,0.211232,0.226243,0.006174,-207.757753,3.189584,1396038.998798,1161963.388566,2307280.567213,207665.506074,1090450.413463,368.259712,98.605059,210.290382,30.185222,36.222267,85.524797,23.142004,49.302530,7.043219,8.049393,524.216694,140.864371,299.839875,43.265485,51.314878,3.000000,2.000000,3.000000,0.000000,1.000000,0.000000,1.000000,2.000000,0.000000,1.000000,0.000000,1.000000,3.000000,0.000000,1.000000,1553.000000,438.000000,932.000000,136.000000,161.000000,5.000000,
0.049281,0.999628,0.152195,0.211232,0.226243,0.006174,-207.757753,3.189584,1396038.998798,1161963.388566,2307280.567213,207665.506074,1090450.413463,368.259712,98.605059,210.290382,30.185222,36.222267,85.524797,23.142004,49.302530,7.043219,8.049393,524.216694,140.864371,299.839875,43.265485,51.314878,3.000000,2.000000,3.000000,0.000000,1.000000,0.000000,1.000000,2.000000,0.000000,1.000000,0.000000,1.000000,3.000000,0.000000,1.000000,1553.000000,438.000000,932.000000,136.000000,161.000000,5.000000,
0.049281,0.999628,0.152195,0.211232,0.226243,0.006174,-207.757753,3.189584,1396038.998798,1161963.388566,2307280.567213,207665.506074,1090450.413463,368.259712,98.605059,210.290382,30.185222,36.222267,85.524797,23.142004,49.302530,7.043219,8.049393,524.216694,140.864371,299.839875,43.265485,51.314878,3.000000,2.000000,3.000000,0.000000,1.000000,0.000000,1.000000,2.000000,0.000000,1.000000,0.000000,1.000000,3.000000,0.000000,1.000000,1553.000000,438.000000,932.000000,136.000000,161.000000,5.000000,
0.049281,0.999628,0.152195,0.211232,0.226243,0.006174,-207.757753,3.189584,1396038.998798,1161963.388566,2307280.567213,207665.506074,1090450.413463,368.259712,98.605059,210.290382,30.185222,36.222267,85.524797,23.142004,49.302530,7.043219,8.049393,524.216694,140.864371,299.839875,43.265485,51.314878,3.000000,2.000000,3.000000,0.000000,1.000000,0.000000,1.000000,2.000000,0.000000,1.000000,0.000000,1.000000,3.000000,0.000000,1.000000,1553.000000,438.000000,932.000000,136.000000,161.000000,5.000000,
0.049281,0.999628,0.152195,0.211232,0.226243,0.006174,-207.757753,3.189584,1396038.998798,1161963.388566,2307280.567213,207665.506074,1090450.413463,368.259712,98.605059,210.290382,30.185222,36.222267,85.524797,23.142004,49.302530,7.043219,8.049393,524.216694,140.864371,299.839875,43.265485,51.314878,3.000000,2.000000,3.000000,0.000000,1.000000,0.000000,1.000000,2.000000,0.000000,1.000000,0.000000,1.000000,3.000000,0.000000,1.000000,1553.000000,438.000000,932.000000,136.000000,161.000000,5.000000,
0.049281,0.999628,0.152195,0.211232,0.226243,0.006174,-207.757753,3.189584,1396038.998798,1161963.388566,2307280.567213,207665.506074,1090450.413463,368.259712,98.605059,210.290382,30.185222,36.222267,85.524797,23.142004,49.302530,7.043219,8.049393,524.216694,140.864371,299.839875,43.265485,51.314878,3.000000,2.000000,3.000000,0.000000,1.000000,0.000000,1.000000,2.000000,0.000000,1.000000,0.000000,1.000000,3.000000,0.000000,1.000000,1553.000000,438.000000,932.000000,136.000000,161.000000,5.000000,
0.049281,0.999628,0.152195,0.211232,0.226243,0.006174,-207.757753,3.189584,1396038.998798,1161963.388566,2307280.567213,207665.506074,1090450.413463,368.259712,98.605059,210.290382,30.185222,36.222267,85.524797,23.142004,49.302530,7.043219,8.049393,524.216694,140.864371,299.839875,43.265485,51.314878,3.000000,2.000000,3.000000,0.000000,1.000000,0.000000,1.000000,2.000000,0.000000,1.000000,0.000000,1.000000,3.000000,0.000000,1.000000,1553.000000,438.000000,932.000000,136.000000,161.000000,5.000000,
0.049281,0.999628,0.152195,0.211232,0.226243,0.006174,-207.757753,3.189584,1396038.998798,1161963.388566,2307280.567213,207665.506074,1090450.413463,368.259712,98.605059,210.290382,30.185222,36.222267,85.524797,23.142004,49.302530,7.043219,8.049393,524.216694,140.864371,299.839875,43.265485,51.314878,3.000000,2.000000,3.000000,0.000000,1.000000,0.000000,1.000000,2.000000,0.000000,1.000000,0.000000,1.000000,3.000000,0.000000,1.000000,1553.000000,438.000000,932.000000,136.000000,161.000000,5.000000,
0.049281,0.999628,0.152195,0.211232,0.226243,0.006174,-207.757753,3.189584,1396038.998798,1161963.388566,2307280.567213,207665.506074,1090450.413463,368.259712,98.605059,210.290382,30.185222,36.222267,85.524797,23.142004,49.302530,7.043219,8.049393,524.216694,140.864371,299.839875,43.265485,51.314878,3.000000,2.000000,3.000000,0.000000,1.000000,0.000000,1.000000,2.000000,0.000000,1.000000,0.000000,1.000000,3.000000,0.000000,1.000000,1553.000000,438.000000,932.000000,136.000000,161.000000,5.000000,
0.049281,0.999628,0.152195,0.211232,0.226243,0.006174,-207.757753,3.189584,1396038.998798,1161963.388566,2307280.567213,207665.506074,1090450.413463,368.259712,98.605059,210.290382,30.185222,36.222267,85.524797,23.142004,49.302530,7.043219,8.049393,524.216694,140.864371,299.839875,43.265485,51.314878,3.000000,2.000000,3.000000,0.000000,1.000000,0.000000,1.000000,2.000000,0.000000,1.000000,0.000000,1.000000,3.000000,0.000000,1.000000,1553.000000,438.000000,932.000000,136.000000,161.000000,5.000000,
0.049325,0.995218,0.145518,0.181764,0.326906,0.004401,-206.830114,3.177549,1396040.722555,1161963.851427,2307281.553231,207665.647947,1090450.581937,367.610643,98.431265,209.919739,30.132020,36.158424,85.374056,23.101215,49.215632,7.030805,8.035205,523.292746,140.616093,299.311398,43.189229,51.224434,3.000000,2.000000,3.000000,0.000000,1.000000,0.000000,1.000000,2.000000,0.000000,1.000000,0.000000,1.000000,3.000000,0.000000,1.000000,1553.000000,438.000000,932.000000,136.000000,161.000000,5.000000,
0.049325,0.995218,0.145518,0.181764,0.326906,0.004401,-206.830114,3.177549,1396040.722555,1161963.851427,2307281.553231,207665.647947,1090450.581937,367.610643,98.431265,209.919739,30.132020,36.158424,85.374056,23.101215,49.215632,7.030805,8.035205,523.292746,140.616093,299.311398,43.189229,51.224434,3.000000,2.000000,3.000000,0.000000,1.000000,0.000000,1.000000,2.000000,0.000000,1.000000,0.000000,1.000000,3.000000,0.000000,1.000000,1553.000000,438.000000,932.000000,136.000000,161.000000,5.000000,
0.049325,0.995218,0.145518,0.181764,0.326906,0.004401,-206.830114,3.177549,1396040.722555,1161963.851427,2307281.553231,207665.647947,1090450.581937,367.610643,98.431265,209.919739,30.132020,36.158424,85.374056,23.101215,49.215632,7.030805,8.035205,523.292746,140.616093,299.311398,43.189229,51.224434,3.000000,2.000000,3.000000,0.000000,1.000000,0.000000,1.000000,2.000000,0.000000,1.000000,0.000000,1.000000,3.000000,0.000000,1.000000,1553.000000,438.000000,932.000000,136.000000,161.000000,5.000000,
0.049325,0.995218,0.145518,0.181764,0.326906,0.004401,-206.830114,3.177549,1396040.722555,1161963.851427,2307281.553231,207665.647947,1090450.581937,367.610643,98.431265,209.919739,30.132020,36.158424,85.374056,23.101215,49.215632,7.030805,8.035205,523.292746,140.616093,299.311398,43.189229,51.224434,3.000000,2.000000,3.000000,0.000000,1.000000,0.000000,1.000000,2.000000,0.000000,1.000000,0.000000,1.000000,3.000000,0.000000,1.000000,1553.000000,438.000000,932.000000,136.000000,161.000000,5.000000,
0.049319,0.996623,0.144781,0.197172,0.294071,0.004718,-207.088669,3.175575,1396040.414385,1161963.768678,2307281.376953,207665.622583,1090450.551817,367.726682,98.462336,209.986002,30.141531,36.169838,85.401005,23.108507,49.231168,7.033024,8.037742,523.457927,140.660479,299.405878,43.202862,51.240603,3.000000,2.000000,3.000000,0.000000,1.000000,0.000000,1.000000,2.000000,0.000000,1.000000,0.000000,1.000000,3.000000,0.000000,1.000000,1553.000000,438.000000,932.000000,136.000000,161.000000,5.000000,
0.049319,0.996623,0.144781,0.197172,0.294071,0.004718,-207.088669,3.175575,1396040.414385,1161963.768678,2307281.376953,207665.622583,1090450.551817,367.726682,98.462336,209.986002,30.141531,36.169838,85.401005,23.108507,49.231168,7.033024,8.037742,523.457927,140.660479,299.405878,43.202862,51.240603,3.000000,2.000000,3.000000,0.000000,1.000000,0.000000,1.000000,2.000000,0.000000,1.000000,0.000000,1.000000,3.000000,0.000000,1.000000,1553.000000,438.000000,932.000000,136.000000,161.000000,5.000000,
0.049303,0.999880,0.145249,0.198218,0.290200,0.004644,-206.612635,3.175578,1396040.486492,1161963.788039,2307281.418199,207665.628518,1090450.558865,367.699531,98.455066,209.970497,30.139306,36.167167,85.394700,23.106801,49.227533,7.032505,8.037148,523.419278,140.650094,299.383771,43.199672,51.236820,3.000000,2.000000,3.000000,0.000000,1.000000,0.000000,1.000000,2.000000,0.000000,1.000000,0.000000,1.000000,3.000000,0.000000,1.000000,1553.000000,438.000000,932.000000,136.000000,161.000000,5.000000,
0.049303,0.999880,0.145249,0.198218,0.290200,0.004644,-206.612635,3.175578,1396040.486492,1161963.788039,2307281.418199,207665.628518,1090450.558865,367.699531,98.455066,209.970497,30.139306,36.167167,85.394700,23.106801,49.227533,7.032505,8.037148,523.419278,140.650094,299.383771,43.199672,51.236820,3.000000,2.000000,3.000000,0.000000,1.000000,0.000000,1.000000,2.000000,0.000000,1.000000,0.000000,1.000000,3.000000,0.000000,1.000000,1553.000000,438.000000,932.000000,136.000000,161.000000,5.000000,
0.049303,0.999880,0.145249,0.198218,0.290200,0.004644,-206.612635,3.175578,1396040.486492,1161963.788039,2307281.418199,207665.628518,1090450.558865,367.699531,98.455066,209.970497,30.139306,36.167167,85.394700,23.106801,49.227533,7.032505,8.037148,523.419278,140.650094,299.383771,43.199672,51.236820,3.000000,2.000000,3.000000,0.000000,1.000000,0.000000,1.000000,2.000000,0.000000,1.000000,0.000000,1.000000,3.000000,0.000000,1.000000,1553.000000,438.000000,932.000000,136.000000,161.000000,5.000000,
0.049303,0.999880,0.145249,0.198218,0.290200,0.004644,-206.612635,3.175578,1396040.486492,1161963.788039,2307281.418199,207665.628518,1090450.558865,367.699531,98.455066,209.970497,30.139306,36.167167,85.394700,23.106801,49.227533,7.032505,8.037148,523.419278,140.650094,299.383771,43.199672,51.236820,3.000000,2.000000,3.000000,0.000000,1.000000,0.000000,1.000000,2.000000,0.000000,1.000000,0.000000,1.000000,3.000000,0.000000,1.000000,1553.000000,438.000000,932.000000,136.000000,161.000000,5.000000,
0.049303,0.999880,0.145249,0.198218,0.290200,0.004644,-206.612635,3.175578,1396040.486492,1161963.788039,2307281.418199,207665.628518,1090450.558865,367.699531,98.455066,209.970497,30.139306,36.167167,85.394700,23.106801,49.227533,7.032505,8.037148,523.419278,140.650094,299.383771,43.199672,51.236820,3.000000,2.000000,3.000000,0.000000,1.000000,0.000000,1.000000,2.000000,0.000000,1.000000,0.000000,1.000000,3.000000,0.000000,1.000000,1553.000000,438.000000,932.000000,136.000000,161.000000,5.000000,
0.049303,0.999880,0.145249,0.198218,0.290200,0.004644,-206.612635,3.175578,1396040.486492,1161963.788039,2307281.418199,207665.628518,1090450.558865,367.699531,98.455066,209.970497,30.139306,36.167167,85.394700,23.106801,49.227533,7.032505,8.037148,523.419278,140.650094,299.383771,43.199672,51.236820,3.000000,2.000000,3.000000,0.000000,1.000000,0.000000,1.000000,2.000000,0.000000,1.000000,0.000000,1.000000,3.000000,0.000000,1.000000,1553.000000,438.000000,932.000000,136.000000,161.000000,5.000000,
0.049303,0.999880,0.145249,0.198218,0.290200,0.004644,-206.612635,3.175578,1396040.486492,1161963.788039,2307281.418199,207665.628518,1090450.558865,367.699531,98.455066,209.970497,30.139306,36.167167,85.394700,23.106801,49.227533,7.032505,8.037148,523.419278,140.650094,299.383771,43.199672,51.236820,3.000000,2.000000,3.000000,0.000000,1.000000,0.000000,1.000000,2.000000,0.000000,1.000000,0.000000,1.000000,3.000000,0.000000,1.000000,1553.000000,438.000000,932.000000,136.000000,161.000000,5.000000,
0.049303,0.999880,0.145249,0.198218,0.290200,0.004644,-206.612635,3.175578,1396040.486492,1161963.788039,2307281.418199,207665.628518,1090450.558865,367.699531,98.455066,209.970497,30.139306,36.167167,85.394700,23.106801,49.227533,7.032505,8.037148,523.419278,140.650094,299.383771,43.199672,51.236820,3.000000,2.000000,3.000000,0.000000,1.000000,0.000000,1.000000,2.000000,0.000000,1.000000,0.000000,1.000000,3.000000,0.000000,1.000000,1553.000000,438.000000,932.000000,136.000000,161.000000,5.000000,
0.049310,0.999542,0.145243,0.197463,0.291007,0.003866,-206.677193,3.176009,1396041.242438,1161963.991025,2307281.850612,207665.690736,1090450.632749,367.414885,98.378849,209.807953,30.115974,36.139169,85.328593,23.088914,49.189424,7.027061,8.030926,523.014084,140.541213,299.152010,43.166230,51.197156,3.000000,2.000000,3.000000,0.000000,1.000000,0.000000,1.000000,2.000000,0.000000,1.000000,0.000000,1.000000,3.000000,0.000000,1.000000,1553.000000,438.000000,932.000000,136.000000,161.000000,5.000000,
0.049310,0.999542,0.145243,0.197463,0.291007,0.003866,-206.677193,3.176009,1396041.242438,1161963.991025,2307281.850612,207665.690736,1090450.632749,367.414885,98.378849,209.807953,30.115974,36.139169,85.328593,23.088914,49.189424,7.027061,8.030926,523.014084,140.541213,299.152010,43.166230,51.197156,3.000000,2.000000,3.000000,0.000000,1.000000,0.000000,1.000000,2.000000,0.000000,1.000000,0.000000,1.000000,3.000000,0.000000,1.000000,1553.000000,438.000000,932.000000,136.000000,161.000000,5.000000,
0.049310,0.999542,0.145243,0.197463,0.291007,0.003866,-206.677193,3.176009,1396041.242438,1161963.991025,2307281.850612,207665.690736,1090450.632749,367.414885,98.378849,209.807953,30.115974,36.139169,85.328593,23.088914,49.189424,7.027061,8.030926,523.014084,140.541213,299.152010,43.166230,51.197156,3.000000,2.000000,3.000000,0.000000,1.000000,0.000000,1.000000,2.000000,0.000000,1.000000,0.000000,1.000000,3.000000,0.000000,1.000000,1553.000000,438.000000,932.000000,136.000000,161.000000,5.000000,
0.049310,0.999542,0.145243,0.197463,0.291007,0.003866,-206.677193,3.176009,1396041.242438,1161963.991025,2307281.850612,207665.690736,1090450.632749,367.414885,98.378849,209.807953,30.115974,36.139169,85.328593,23.088914,49.189424,7.027061,8.030926,523.014084,140.541213,299.152010,43.166230,51.197156,3.000000,2.000000,3.000000,0.000000,1.000000,0.000000,1.000000,2.000000,0.000000,1.000000,0.000000,1.000000,3.000000,0.000000,1.000000,1553.000000,438.000000,932.000000,136.000000,161.000000,5.000000,
0.049310,0.999542,0.145243,0.197463,0.291007,0.003866,-206.677193,3.176009,1396041.242438,1161963.991025,2307281.850612,207665.690736,1090450.632749,367.414885,98.378849,209.807953,30.115974,36.139169,85.328593,23.088914,49.189424,7.027061,8.030926,523.014084,140.541213,299.152010,43.166230,51.197156,3.000000,2.000000,3.000000,0.000000,1.000000,0.000000,1.000000,2.000000,0.000000,1.000000,0.000000,1.000000,3.000000,0.000000,1.000000,1553.000000,438.000000,932.000000,136.000000,161.000000,5.000000,
0.049310,0.999542,0.145243,0.197463,0.291007,0.003866,-206.677193,3.176009,1396041.242438,1161963.991025,2307281.850612,207665.690736,1090450.632749,367.414885,98.378849,209.807953,30.115974,36.139169,85.328593,23.088914,49.189424,7.027061,8.030926,523.014084,140.541213,299.152010,43.166230,51.197156,3.000000,2.000000,3.000000,0.000000,1.000000,0.000000,1.000000,2.000000,0.000000,1.000000,0.000000,1.000000,3.000000,0.000000,1.000000,1553.000000,438.000000,932.000000,136.000000,161.000000,5.000000,
0.049310,0.999542,0.145243,0.197463,0.291007,0.003866,-206.677193,3.176009,1396041.242438,1161963.991025,2307281.850612,207665.690736,1090450.632749,367.414885,98.378849,209.807953,30.115974,36.139169,85.328593,23.088914,49.189424,7.027061,8.030926,523.014084,140.541213,299.152010,43.166230,51.197156,3.000000,2.000000,3.000000,0.000000,1.000000,0.000000,1.000000,2.000000,0.000000,1.000000,0.000000,1.000000,3.000000,0.000000,1.000000,1553.000000,438.000000,932.000000,136.000000,161.000000,5.000000,
0.049310,0.999542,0.145243,0.197463,0.291007,0.003866,-206.677193,3.176009,1396041.242438,1161963.991025,2307281.850612,207665.690736,1090450.632749,367.414885,98.378849,209.807953,30.115974,36.139169,85.328593,23.088914,49.189424,7.027061,8.030926,523.014084,140.541213,299.152010,43.166230,51.197156,3.000000,2.000000,3.000000,0.000000,1.000000,0.000000,1.000000,2.000000,0.000000,1.000000,0.000000,1.000000,3.000000,0.000000,1.000000,1553.000000,438.000000,932.000000,136.000000,161.000000,5.000000,
0.049310,0.999542,0.145243,0.197463,0.291007,0.003866,-206.677193,3.176009,1396041.242438,1161963.991025,2307281.850612,207665.690736,1090450.632749,367.414885,98.378849,209.807953,30.115974,36.139169,85.328593,23.088914,49.189424,7.027061,8.030926,523.014084,140.541213,299.152010,43.166230,51.197156,3.000000,2.000000,3.000000,0.000000,1.000000,0.000000,1.000000,2.000000,0.000000,1.000000,0.000000,1.000000,3.000000,0.000000,1.000000,1553.000000,438.000000,932.000000,136.000000,161.000000,5.000000,
0.049310,0.999542,0.145243,0.197463,0.291007,0.003866,-206.677193,3.176009,1396041.242438,1161963.991025,2307281.850612,207665.690736,1090450.632749,367.414885,98.378849,209.807953,30.115974,36.139169,85.328593,23.088914,49.189424,7.027061,8.030926,523.014084,140.541213,299.152010,43.166230,51.197156,3.000000,2.000000,3.000000,0.000000,1.000000,0.000000,1.000000,2.000000,0.000000,1.000000,0.000000,1.000000,3.000000,0.000000,1.000000,1553.000000,438.000000,932.000000,136.000000,161.000000,5.000000,
0.049310,0.999542,0.145243,0.197463,0.291007,0.003866,-206.677193,3.176009,1396041.242438,1161963.991025,2307281.850612,207665.690736,1090450.632749,367.414885,98.378849,209.807953,30.115974,36.139169,85.328593,23.088914,49.189424,7.027061,8.030926,523.014084,140.541213,299.152010,43.166230,51.197156,3.000000,2.000000,3.000000,0.000000,1.000000,0.000000,1.000000,2.000000,0.000000,1.000000,0.000000,1.000000,3.000000,0.000000,1.000000,1553.000000,438.000000,932.000000,136.000000,161.000000,5.000000,
0.049310,0.999542,0.145243,0.197463,0.291007,0.003866,-206.677193,3.176009,1396041.242438,1161963.991025,2307281.850612,207665.690736,1090450.632749,367.414885,98.378849,209.807953,30.115974,36.139169,85.328593,23.088914,49.189424,7.027061,8.030926,523.014084,140.541213,299.152010,43.166230,51.197156,3.000000,2.000000,3.000000,0.000000,1.000000,0.000000,1.000000,2.000000,0.000000,1.000000,0.000000,1.000000,3.000000,0.000000,1.000000,1553.000000,438.000000,932.000000,136.000000,161.000000,5.000000,
0.049310,0.999542,0.145243,0.197463,0.291007,0.003866,-206.677193,3.176009,1396041.242438,1161963.991025,2307281.850612,207665.690736,1090450.632749,367.414885,98.378849,209.807953,30.115974,36.139169,85.328593,23.088914,49.189424,7.027061,8.030926,523.014084,140.541213,299.152010,43.166230,51.197156,3.000000,2.000000,3.000000,0.000000,1.000000,0.000000,1.000000,2.000000,0.000000,1.000000,0.000000,1.000000,3.000000,0.000000,1.000000,1553.000000,438.000000,932.000000,136.000000,161.000000,5.000000,
0.049310,0.999542,0.145243,0.197463,0.291007,0.003866,-206.677193,3.176009,1396041.242438,1161963.991025,2307281.850612,207665.690736,1090450.632749,367.414885,98.378849,209.807953,30.115974,36.139169,85.328593,23.088914,49.189424,7.027061,8.030926,523.014084,140.541213,299.152010,43.166230,51.197156,3.000000,2.000000,3.000000,0.000000,1.000000,0.000000,1.000000,2.000000,0.000000,1.000000,0.000000,1.000000,3.000000,0.000000,1.000000,1553.000000,438.000000,932.000000,136.000000,161.000000,5.000000,
0.049310,0.999542,0.145243,0.197463,0.291007,0.003866,-206.677193,3.176009,1396041.242438,1161963.991025,2307281.850612,207665.690736,1090450.632749,367.414885,98.378849,209.807953,30.115974,36.139169,85.328593,23.088914,49.189424,7.027061,8.030926,523.014084,140.541213,299.152010,43.166230,51.197156,3.000000,2.000000,3.000000,0.000000,1.000000,0.000000,1.000000,2.000000,0.000000,1.000000,0.000000,1.000000,3.000000,0.000000,1.000000,1553.000000,438.000000,932.000000,136.000000,161.000000,5.000000,
0.049333,0.997688,0.141474,0.203520,0.295124,0.003774,-208.354998,3.169062,1396041.331903,1161964.015048,2307281.901788,207665.698099,1090450.641493,367.381197,98.369829,209.788716,30.113213,36.135855,85.320770,23.086797,49.184914,7.026416,8.030190,522.966130,140.528327,299.124581,43.162272,51.192462,3.000000,2.000000,3.000000,0.000000,1.000000,0.000000,1.000000,2.000000,0.000000,1.000000,0.000000,1.000000,3.000000,0.000000,1.000000,1553.000000,438.000000,932.000000,136.000000,161.000000,5.000000,
0.049336,0.995660,0.144440,0.196670,0.288939,0.004081,-208.722894,3.175860,1396041.033365,1161963.934885,2307281.731019,207665.673528,1090450.612314,367.493610,98.399928,209.852908,30.122427,36.146912,85.346877,23.093861,49.199964,7.028566,8.032647,523.126149,140.571326,299.216108,43.175479,51.208126,3.000000,2.000000,3.000000,0.000000,1.000000,0.000000,1.000000,2.000000,0.000000,1.000000,0.000000,1.000000,3.000000,0.000000,1.000000,1553.000000,438.000000,932.000000,136.000000,161.000000,5.000000,
0.049336,0.995660,0.144440,0.196670,0.288939,0.004081,-208.722894,3.175860,1396041.033365,1161963.934885,2307281.731019,207665.673528,1090450.612314,367.493610,98.399928,209.852908,30.122427,36.146912,85.346877,23.093861,49.199964,7.028566,8.032647,523.126149,140.571326,299.216108,43.175479,51.208126,3.000000,2.000000,3.000000,0.000000,1.000000,0.000000,1.000000,2.000000,0.000000,1.000000,0.000000,1.000000,3.000000,0.000000,1.000000,1553.000000,438.000000,932.000000,136.000000,161.000000,5.000000,
0.049336,0.995660,0.144440,0.196670,0.288939,0.004081,-208.722894,3.175860,1396041.033365,1161963.934885,2307281.731019,207665.673528,1090450.612314,367.493610,98.399928,209.852908,30.122427,36.146912,85.346877,23.093861,49.199964,7.028566,8.032647,523.126149,140.571326,299.216108,43.175479,51.208126,3.000000,2.000000,3.000000,0.000000,1.000000,0.000000,1.000000,2.000000,0.000000,1.000000,0.000000,1.000000,3.000000,0.000000,1.000000,1553.000000,438.000000,932.000000,136.000000,161.000000,5.000000,
0.049336,0.995660,0.144440,0.196670,0.288939,0.004081,-208.722894,3.175860,1396041.033365,1161963.934885,2307281.731019,207665.673528,1090450.612314,367.493610,98.399928,209.852908,30.122427,36.146912,85.346877,23.093861,49.199964,7.028566,8.032647,523.126149,140.571326,299.216108,43.175479,51.208126,3.000000,2.000000,3.000000,0.000000,1.000000,0.000000,1.000000,2.000000,0.000000,1.000000,0.000000,1.000000,3.000000,0.000000,1.000000,1553.000000,438.000000,932.000000,136.000000,161.000000,5.000000,
0.049336,0.995660,0.144440,0.196670,0.288939,0.004081,-208.722894,3.175860,1396041.033365,1161963.934885,2307281.731019,207665.673528,1090450.612314,367.493610,98.399928,209.852908,30.122427,36.146912,85.346877,23.093861,49.199964,7.028566,8.032647,523.126149,140.571326,299.216108,43.175479,51.208126,3.000000,2.000000,3.000000,0.000000,1.000000,0.000000,1.000000,2.000000,0.000000,1.000000,0.000000,1.000000,3.000000,0.000000,1.000000,1553.000000,438.000000,932.000000,136.000000,161.000000,5.000000,
0.049336,0.995660,0.144440,0.196670,0.288939,0.004081,-208.722894,3.175860,1396041.033365,1161963.934885,2307281.731019,207665.673528,1090450.612314,367.493610,98.399928,209.852908,30.122427,36.146912,85.346877,23.093861,49.199964,7.028566,8.032647,523.126149,140.571326,299.216108,43.175479,51.208126,3.000000,2.000000,3.000000,0.000000,1.000000,0.000000,1.000000,2.000000,0.000000,1.000000,0.000000,1.000000,3.000000,0.000000,1.000000,1553.000000,438.000000,932.000000,136.000000,161.000000,5.000000,
0.049336,0.995660,0.144440,0.196670,0.288939,0.004081,-208.722894,3.175860,1396041.033365,1161963.934885,2307281.731019,207665.673528,1090450.612314,367.493610,98.399928,209.852908,30.122427,36.146912,85.346877,23.093861,49.199964,7.028566,8.032647,523.126149,140.571326,299.216108,43.175479,51.208126,3.000000,2.000000,3.000000,0.000000,1.000000,0.000000,1.000000,2.000000,0.000000,1.000000,0.000000,1.000000,3.000000,0.000000,1.000000,1553.000000,438.000000,932.000000,136.000000,161.000000,5.000000,
0.049336,0.995660,0.144440,0.196670,0.288939,0.004081,-208.722894,3.175860,1396041.033365,1161963.934885,2307281.731019,207665.673528,1090450.612314,367.493610,98.399928,209.852908,30.122427,36.146912,85.346877,23.093861,49.199964,7.028566,8.032647,523.126149,140.571326,299.216108,43.175479,51.208126,3.000000,2.000000,3.000000,0.000000,1.000000,0.000000,1.000000,2.000000,0.000000,1.000000,0.000000,1.000000,3.000000,0.000000,1.000000,1553.000000,438.000000,932.000000,136.000000,161.000000,5.000000,
0.049336,0.995660,0.144440,0.196670,0.288939,0.004081,-208.722894,3.175860,1396041.033365,1161963.934885,2307281.731019,207665.673528,1090450.612314,367.493610,98.399928,209.852908,30.122427,36.146912,85.346877,23.093861,49.199964,7.028566,8.032647,523.126149,140.571326,299.216108,43.175479,51.208126,3.000000,2.000000,3.000000,0.000000,1.000000,0.000000,1.000000,2.000000,0.000000,1.000000,0.000000,1.000000,3.000000,0.000000,1.000000,1553.000000,438.000000,932.000000,136.000000,161.000000,5.000000,
0.049336,0.995660,0.144440,0.196670,0.288939,0.004081,-208.722894,3.175860,1396041.033365,1161963.934885,2307281.731019,207665.673528,1090450.612314,367.493610,98.399928,209.852908,30.122427,36.146912,85.346877,23.093861,49.199964,7.028566,8.032647,523.126149,140.571326,299.216108,43.175479,51.208126,3.000000,2.000000,3.000000,0.000000,1.000000,0.000000,1.000000,2.000000,0.000000,1.000000,0.000000,1.000000,3.000000,0.000000,1.000000,1553.000000,438.000000,932.000000,136.000000,161.000000,5.000000,
0.049336,0.995660,0.144440,0.196670,0.288939,0.004081,-208.722894,3.175860,1396041.033365,1161963.934885,2307281.731019,207665.673528,1090450.612314,367.493610,98.399928,209.852908,30.122427,36.146912,85.346877,23.093861,49.199964,7.028566,8.032647,523.126149,140.571326,299.216108,43.175479,51.208126,3.000000,2.000000,3.000000,0.000000,1.000000,0.000000,1.000000,2.000000,0.000000,1.000000,0.000000,1.000000,3.000000,0.000000,1.000000,1553.000000,438.000000,932.000000,136.000000,161.000000,5.000000,
0.049336,0.995660,0.144440,0.196670,0.288939,0.004081,-208.722894,3.175860,1396041.033365,1161963.934885,2307281.731019,207665.673528,1090450.612314,367.493610,98.399928,209.852908,30.122427,36.146912,85.346877,23.093861,49.199964,7.028566,8.032647,523.126149,140.571326,299.216108,43.175479,51.208126,3.000000,2.000000,3.000000,0.000000,1.000000,0.000000,1.000000,2.000000,0.000000,1.000000,0.000000,1.000000,3.000000,0.000000,1.000000,1553.000000,438.000000,932.000000,136.000000,161.000000,5.000000,
0.049336,0.995660,0.144440,0.196670,0.288939,0.004081,-208.722894,3.175860,1396041.033365,1161963.934885,2307281.731019,207665.673528,1090450.612314,367.493610,98.399928,209.852908,30.122427,36.146912,85.346877,23.093861,49.199964,7.028566,8.032647,523.126149,140.571326,299.216108,43.175479,51.208126,3.000000,2.000000,3.000000,0.000000,1.000000,0.000000,1.000000,2.000000,0.000000,1.000000,0.000000,1.000000,3.000000,0.000000,1.000000,1553.000000,438.000000,932.000000,136.000000,161.000000,5.000000,
0.049336,0.995660,0.144440,0.196670,0.288939,0.004081,-208.722894,3.175860,1396041.033365,1161963.934885,2307281.731019,207665.673528,1090450.612314,367.493610,98.399928,209.852908,30.122427,36.146912,85.346877,23.093861,49.199964,7.028566,8.032647,523.126149,140.571326,299.216108,43.175479,51.208126,3.000000,2.000000,3.000000,0.000000,1.000000,0.000000,1.000000,2.000000,0.000000,1.000000,0.000000,1.000000,3.000000,0.000000,1.000000,1553.000000,438.000000,932.000000,136.000000,161.000000,5.000000,
0.049336,0.995660,0.144440,0.196670,0.288939,0.004081,-208.722894,3.175860,1396041.033365,1161963.934885,2307281.731019,207665.673528,1090450.612314,367.493610,98.399928,209.852908,30.122427,36.146912,85.346877,23.093861,49.199964,7.028566,8.032647,523.126149,140.571326,299.216108,43.175479,51.208126,3.000000,2.000000,3.000000,0.000000,1.000000,0.000000,1.000000,2.000000,0.000000,1.000000,0.000000,1.000000,3.000000,0.000000,1.000000,1553.000000,438.000000,932.000000,136.000000,161.000000,5.000000,
0.049336,0.995660,0.144440,0.196670,0.288939,0.004081,-208.722894,3.175860,1396041.033365,1161963.934885,2307281.731019,207665.673528,1090450.612314,367.493610,98.399928,209.852908,30.122427,36.146912,85.346877,23.093861,49.199964,7.028566,8.032647,523.126149,140.571326,299.216108,43.175479,51.208126,3.000000,2.000000,3.000000,0.000000,1.000000,0.000000,1.000000,2.000000,0.000000,1.000000,0.000000,1.000000,3.000000,0.000000,1.000000,1553.000000,438.000000,932.000000,136.000000,161.000000,5.000000,
0.049336,0.995660,0.144440,0.196670,0.288939,0.004081,-208.722894,3.175860,1396041.033365,1161963.934885,2307281.731019,207665.673528,1090450.612314,367.493610,98.399928,209.852908,30.122427,36.146912,85.346877,23.093861,49.199964,7.028566,8.032647,523.126149,140.571326,299.216108,43.175479,51.208126,3.000000,2.000000,3.000000,0.000000,1.000000,0.000000,1.000000,2.000000,0.000000,1.000000,0.000000,1.000000,3.000000,0.000000,1.000000,1553.000000,438.000000,932.000000,136.000000,161.000000,5.000000,
0.049336,0.995660,0.144440,0.196670,0.288939,0.004081,-208.722894,3.175860,1396041.033365,1161963.934885,2307281.731019,207665.673528,1090450.612314,367.493610,98.399928,209.852908,30.122427,36.146912,85.346877,23.093861,49.199964,7.028566,8.032647,523.126149,140.571326,299.216108,43.175479,51.208126,3.000000,2.000000,3.000000,0.000000,1.000000,0.000000,1.000000,2.000000,0.000000,1.000000,0.000000,1.000000,3.000000,0.000000,1.000000,1553.000000,438.000000,932.000000,136.000000,161.000000,5.000000,
0.049336,0.995660,0.144440,0.196670,0.288939,0.004081,-208.722894,3.175860,1396041.033365,1161963.934885,2307281.731019,207665.673528,1090450.612314,367.493610,98.399928,209.852908,30.122427,36.146912,85.346877,23.093861,49.199964,7.028566,8.032647,523.126149,140.571326,299.216108,43.175479,51.208126,3.000000,2.000000,3.000000,0.000000,1.000000,0.000000,1.000000,2.000000,0.000000,1.000000,0.000000,1.000000,3.000000,0.000000,1.000000,1553.000000,438.000000,932.000000,136.000000,161.000000,5.000000,
0.049336,0.995660,0.144440,0.196670,0.288939,0.004081,-208.722894,3.175860,1396041.033365,1161963.934885,2307281.731019,207665.673528,1090450.612314,367.493610,98.399928,209.852908,30.122427,36.146912,85.346877,23.093861,49.199964,7.028566,8.032647,523.126149,140.571326,299.216108,43.175479,51.208126,3.000000,2.000000,3.000000,0.000000,1.000000,0.000000,1.000000,2.000000,0.000000,1.000000,0.000000,1.000000,3.000000,0.000000,1.000000,1553.000000,438.000000,932.000000,136.000000,161.000000,5.000000,
0.049336,0.995660,0.144440,0.196670,0.288939,0.004081,-208.722894,3.175860,1396041.033365,1161963.934885,2307281.731019,207665.673528,1090450.612314,367.493610,98.399928,209.852908,30.122427,36.146912,85.346877,23.093861,49.199964,7.028566,8.032647,523.126149,140.571326,299.216108,43.175479,51.208126,3.000000,2.000000,3.000000,0.000000,1.000000,0.000000,1.000000,2.000000,0.000000,1.000000,0.000000,1.000000,3.000000,0.000000,1.000000,1553.000000,438.000000,932.000000,136.000000,161.000000,5.000000,
0.049336,0.995660,0.144440,0.196670,0.288939,0.004081,-208.722894,3.175860,1396041.033365,1161963.934885,2307281.731019,207665.673528,1090450.612314,367.493610,98.399928,209.852908,30.122427,36.146912,85.346877,23.093861,49.199964,7.028566,8.032647,523.126149,140.571326,299.216108,43.175479,51.208126,3.000000,2.000000,3.000000,0.000000,1.000000,0.000000,1.000000,2.000000,0.000000,1.000000,0.000000,1.000000,3.000000,0.000000,1.000000,1553.000000,438.000000,932.000000,136.000000,161.000000,5.000000,
0.049336,0.995660,0.144440,0.196670,0.288939,0.004081,-208.722894,3.175860,1396041.033365,1161963.934885,2307281.731019,207665.673528,1090450.612314,367.493610,98.399928,209.852908,30.122427,36.146912,85.346877,23.093861,49.199964,7.028566,8.032647,523.126149,140.571326,299.216108,43.175479,51.208126,3.000000,2.000000,3.000000,0.000000,1.000000,0.000000,1.000000,2.000000,0.000000,1.000000,0.000000,1.000000,3.000000,0.000000,1.000000,1553.000000,438.000000,932.000000,136.000000,161.000000,5.000000,
0.049336,0.995660,0.144440,0.196670,0.288939,0.004081,-208.722894,3.175860,1396041.033365,1161963.934885,2307281.731019,207665.673528,1090450.612314,367.493610,98.399928,209.852908,30.122427,36.146912,85.346877,23.093861,49.199964,7.028566,8.032647,523.126149,140.571326,299.216108,43.175479,51.208126,3.000000,2.000000,3.000000,0.000000,1.000000,0.000000,1.000000,2.000000,0.000000,1.000000,0.000000,1.000000,3.000000,0.000000,1.000000,1553.000000,438.000000,932.000000,136.000000,161.000000,5.000000,
0.049336,0.995660,0.144440,0.196670,0.288939,0.004081,-208.722894,3.175860,1396041.033365,1161963.934885,2307281.731019,207665.673528,1090450.612314,367.493610,98.399928,209.852908,30.122427,36.146912,85.346877,23.093861,49.199964,7.028566,8.032647,523.126149,140.571326,299.216108,43.175479,51.208126,3.000000,2.000000,3.000000,0.000000,1.000000,0.000000,1.000000,2.000000,0.000000,1.000000,0.000000,1.000000,3.000000,0.000000,1.000000,1553.000000,438.000000,932.000000,136.000000,161.000000,5.000000,
0.049336,0.995660,0.144440,0.196670,0.288939,0.004081,-208.722894,3.175860,1396041.033365,1161963.934885,2307281.731019,207665.673528,1090450.612314,367.493610,98.399928,209.852908,30.122427,36.146912,85.346877,23.093861,49.199964,7.028566,8.032647,523.126149,140.571326,299.216108,43.175479,51.208126,3.000000,2.000000,3.000000,0.000000,1.000000,0.000000,1.000000,2.000000,0.000000,1.000000,0.000000,1.000000,3.000000,0.000000,1.000000,1553.000000,438.000000,932.000000,136.000000,161.000000,5.000000,
0.049336,0.995660,0.144440,0.196670,0.288939,0.004081,-208.722894,3.175860,1396041.033365,1161963.934885,2307281.731019,207665.673528,1090450.612314,367.493610,98.399928,209.852908,30.122427,36.146912,85.346877,23.093861,49.199964,7.028566,8.032647,523.126149,140.571326,299.216108,43.175479,51.208126,3.000000,2.000000,3.000000,0.000000,1.000000,0.000000,1.000000,2.000000,0.000000,1.000000,0.000000,1.000000,3.000000,0.000000,1.000000,1553.000000,438.000000,932.000000,136.000000,161.000000,5.000000,
0.049336,0.995660,0.144440,0.196670,0.288939,0.004081,-208.722894,3.175860,1396041.033365,1161963.934885,2307281.731019,207665.673528,1090450.612314,367.493610,98.399928,209.852908,30.122427,36.146912,85.346877,23.093861,49.199964,7.028566,8.032647,523.126149,140.571326,299.216108,43.175479,51.208126,3.000000,2.000000,3.000000,0.000000,1.000000,0.000000,1.000000,2.000000,0.000000,1.000000,0.000000,1.000000,3.000000,0.000000,1.000000,1553.000000,438.000000,932.000000,136.000000,161.000000,5.000000,
0.049336,0.995660,0.144440,0.196670,0.288939,0.004081,-208.722894,3.175860,1396041.033365,1161963.934885,2307281.731019,207665.673528,1090450.612314,367.493610,98.399928,209.852908,30.122427,36.146912,85.346877,23.093861,49.199964,7.028566,8.032647,523.126149,140.571326,299.216108,43.175479,51.208126,3.000000,2.000000,3.000000,0.000000,1.000000,0.000000,1.000000,2.000000,0.000000,1.000000,0.000000,1.000000,3.000000,0.000000,1.000000,1553.000000,438.000000,932.000000,136.000000,161.000000,5.000000,
0.049336,0.995660,0.144440,0.196670,0.288939,0.004081,-208.722894,3.175860,1396041.033365,1161963.934885,2307281.731019,207665.673528,1090450.612314,367.493610,98.399928,209.852908,30.122427,36.146912,85.346877,23.093861,49.199964,7.028566,8.032647,523.126149,140.571326,299.216108,43.175479,51.208126,3.000000,2.000000,3.000000,0.000000,1.000000,0.000000,1.000000,2.000000,0.000000,1.000000,0.000000,1.000000,3.000000,0.000000,1.000000,1553.000000,438.000000,932.000000,136.000000,161.000000,5.000000,
0.049336,0.995660,0.144440,0.196670,0.288939,0.004081,-208.722894,3.175860,1396041.033365,1161963.934885,2307281.731019,207665.673528,1090450.612314,367.493610,98.399928,209.852908,30.122427,36.146912,85.346877,23.093861,49.199964,7.028566,8.032647,523.126149,140.571326,299.216108,43.175479,51.208126,3.000000,2.000000,3.000000,0.000000,1.000000,0.000000,1.000000,2.000000,0.000000,1.000000,0.000000,1.000000,3.000000,0.000000,1.000000,1553.000000,438.000000,932.000000,136.000000,161.000000,5.000000,
0.049336,0.995660,0.144440,0.196670,0.288939,0.004081,-208.722894,3.175860,1396041.033365,1161963.934885,2307281.731019,207665.673528,1090450.612314,367.493610,98.399928,209.852908,30.122427,36.146912,85.346877,23.093861,49.199964,7.028566,8.032647,523.126149,140.571326,299.216108,43.175479,51.208126,3.000000,2.000000,3.000000,0.000000,1.000000,0.000000,1.000000,2.000000,0.000000,1.000000,0.000000,1.000000,3.000000,0.000000,1.000000,1553.000000,438.000000,932.000000,136.000000,161.000000,5.000000,
0.049336,0.995660,0.144440,0.196670,0.288939,0.004081,-208.722894,3.175860,1396041.033365,1161963.934885,2307281.731019,207665.673528,1090450.612314,367.493610,98.399928,209.852908,30.122427,36.146912,85.346877,23.093861,49.199964,7.028566,8.032647,523.126149,140.571326,299.216108,43.175479,51.208126,3.000000,2.000000,3.000000,0.000000,1.000000,0.000000,1.000000,2.000000,0.000000,1.000000,0.000000,1.000000,3.000000,0.000000,1.000000,1553.000000,438.000000,932.000000,136.000000,161.000000,5.000000,
0.049336,0.995660,0.144440,0.196670,0.288939,0.004081,-208.722894,3.175860,1396041.033365,1161963.934885,2307281.731019,207665.673528,1090450.612314,367.493610,98.399928,209.852908,30.122427,36.146912,85.346877,23.093861,49.199964,7.028566,8.032647,523.126149,140.571326,299.216108,43.175479,51.208126,3.000000,2.000000,3.000000,0.000000,1.000000,0.000000,1.000000,2.000000,0.000000,1.000000,0.000000,1.000000,3.000000,0.000000,1.000000,1553.000000,438.000000,932.000000,136.000000,161.000000,5.000000,
0.049336,0.995660,0.144440,0.196670,0.288939,0.004081,-208.722894,3.175860,1396041.033365,1161963.934885,2307281.731019,207665.673528,1090450.612314,367.493610,98.399928,209.852908,30.122427,36.146912,85.346877,23.093861,49.199964,7.028566,8.032647,523.126149,140.571326,299.216108,43.175479,51.208126,3.000000,2.000000,3.000000,0.000000,1.000000,0.000000,1.000000,2.000000,0.000000,1.000000,0.000000,1.000000,3.000000,0.000000,1.000000,1553.000000,438.000000,932.000000,136.000000,161.000000,5.000000,
0.049535,0.987050,0.147677,0.139525,0.379960,0.002626,-208.401377,3.195966,1396042.447462,1161964.314596,2307282.539906,207665.789915,1090450.750524,366.961141,98.257355,209.548848,30.078782,36.094538,85.223216,23.060400,49.128677,7.018382,8.021009,522.368182,140.367650,298.782568,43.112921,51.133929,3.000000,2.000000,3.000000,0.000000,1.000000,0.000000,1.000000,2.000000,0.000000,1.000000,0.000000,1.000000,3.000000,0.000000,1.000000,1553.000000,438.000000,932.000000,136.000000,161.000000,5.000000,
0.049508,0.991595,0.147140,0.137219,0.392626,0.002089,-207.110274,3.193027,1396042.969099,1161964.454665,2307282.838291,207665.832848,1090450.801507,366.764722,98.204762,209.436686,30.062682,36.075219,85.177599,23.048056,49.102381,7.014626,8.016715,522.088580,140.292517,298.622643,43.089844,51.106560,3.000000,2.000000,3.000000,0.000000,1.000000,0.000000,1.000000,2.000000,0.000000,1.000000,0.000000,1.000000,3.000000,0.000000,1.000000,1553.000000,438.000000,932.000000,136.000000,161.000000,5.000000,
0.049508,0.991595,0.147140,0.137219,0.392626,0.002089,-207.110274,3.193027,1396042.969099,1161964.454665,2307282.838291,207665.832848,1090450.801507,366.764722,98.204762,209.436686,30.062682,36.075219,85.177599,23.048056,49.102381,7.014626,8.016715,522.088580,140.292517,298.622643,43.089844,51.106560,3.000000,2.000000,3.000000,0.000000,1.000000,0.000000,1.000000,2.000000,0.000000,1.000000,0.000000,1.000000,3.000000,0.000000,1.000000,1553.000000,438.000000,932.000000,136.000000,161.000000,5.000000,
0.049508,0.991595,0.147140,0.137219,0.392626,0.002089,-207.110274,3.193027,1396042.969099,1161964.454665,2307282.838291,207665.832848,1090450.801507,366.764722,98.204762,209.436686,30.062682,36.075219,85.177599,23.048056,49.102381,7.014626,8.016715,522.088580,140.292517,298.622643,43.089844,51.106560,3.000000,2.000000,3.000000,0.000000,1.000000,0.000000,1.000000,2.000000,0.000000,1.000000,0.000000,1.000000,3.000000,0.000000,1.000000,1553.000000,438.000000,932.000000,136.000000,161.000000,5.000000,
0.049508,0.991595,0.147140,0.137219,0.392626,0.002089,-207.110274,3.193027,1396042.969099,1161964.454665,2307282.838291,207665.832848,1090450.801507,366.764722,98.204762,209.436686,30.062682,36.075219,85.177599,23.048056,49.102381,7.014626,8.016715,522.088580,140.292517,298.622643,43.089844,51.106560,3.000000,2.000000,3.000000,0.000000,1.000000,0.000000,1.000000,2.000000,0.000000,1.000000,0.000000,1.000000,3.000000,0.000000,1.000000,1553.000000,438.000000,932.000000,136.000000,161.000000,5.000000,
0.049508,0.991595,0.147140,0.137219,0.392626,0.002089,-207.110274,3.193027,1396042.969099,1161964.454665,2307282.838291,207665.832848,1090450.801507,366.764722,98.204762,209.436686,30.062682,36.075219,85.177599,23.048056,49.102381,7.014626,8.016715,522.088580,140.292517,298.622643,43.089844,51.106560,3.000000,2.000000,3.000000,0.000000,1.000000,0.000000,1.000000,2.000000,0.000000,1.000000,0.000000,1.000000,3.000000,0.000000,1.000000,1553.000000,438.000000,932.000000,136.000000,161.000000,5.000000,
0.049521,0.992995,0.146941,0.129512,0.411596,0.000844,-206.516670,3.193404,1396044.179158,1161964.779589,2307283.530465,207665.932441,1090450.919774,366.309083,98.082760,209.176498,30.025335,36.030402,85.071781,23.019423,49.041380,7.005911,8.006756,521.439978,140.118228,298.251657,43.036313,51.043069,3.000000,2.000000,3.000000,0.000000,1.000000,0.000000,1.000000,2.000000,0.000000,1.000000,0.000000,1.000000,3.000000,0.000000,1.000000,1553.000000,438.000000,932.000000,136.000000,161.000000,5.000000,
0.049521,0.992995,0.146941,0.129512,0.411596,0.000844,-206.516670,3.193404,1396044.179158,1161964.779589,2307283.530465,207665.932441,1090450.919774,366.309083,98.082760,209.176498,30.025335,36.030402,85.071781,23.019423,49.041380,7.005911,8.006756,521.439978,140.118228,298.251657,43.036313,51.043069,3.000000,2.000000,3.000000,0.000000,1.000000,0.000000,1.000000,2.000000,0.000000,1.000000,0.000000,1.000000,3.000000,0.000000,1.000000,1553.000000,438.000000,932.000000,136.000000,161.000000,5.000000,
0.049521,0.992995,0.146941,0.129512,0.411596,0.000844,-206.516670,3.193404,1396044.179158,1161964.779589,2307283.530465,207665.932441,1090450.919774,366.309083,98.082760,209.176498,30.025335,36.030402,85.071781,23.019423,49.041380,7.005911,8.006756,521.439978,140.118228,298.251657,43.036313,51.043069,3.000000,2.000000,3.000000,0.000000,1.000000,0.000000,1.000000,2.000000,0.000000,1.000000,0.000000,1.000000,3.000000,0.000000,1.000000,1553.000000,438.000000,932.000000,136.000000,161.000000,5.000000,
0.049521,0.992995,0.146941,0.129512,0.411596,0.000844,-206.516670,3.193404,1396044.179158,1161964.779589,2307283.530465,207665.932441,1090450.919774,366.309083,98.082760,209.176498,30.025335,36.030402,85.071781,23.019423,49.041380,7.005911,8.006756,521.439978,140.118228,298.251657,43.036313,51.043069,3.000000,2.000000,3.000000,0.000000,1.000000,0.000000,1.000000,2.000000,0.000000,1.000000,0.000000,1.000000,3.000000,0.000000,1.000000,1553.000000,438.000000,932.000000,136.000000,161.000000,5.000000,
0.049521,0.992995,0.146941,0.129512,0.411596,0.000844,-206.516670,3.193404,1396044.179158,1161964.779589,2307283.530465,207665.932441,1090450.919774,366.309083,98.082760,209.176498,30.025335,36.030402,85.071781,23.019423,49.041380,7.005911,8.006756,521.439978,140.118228,298.251657,43.036313,51.043069,3.000000,2.000000,3.000000,0.000000,1.000000,0.000000,1.000000,2.000000,0.000000,1.000000,0.000000,1.000000,3.000000,0.000000,1.000000,1553.000000,438.000000,932.000000,136.000000,161.000000,5.000000,
0.049521,0.992995,0.146941,0.129512,0.411596,0.000844,-206.516670,3.193404,1396044.179158,1161964.779589,2307283.530465,207665.932441,1090450.919774,366.309083,98.082760,209.176498,30.025335,36.030402,85.071781,23.019423,49.041380,7.005911,8.006756,521.439978,140.118228,298.251657,43.036313,51.043069,3.000000,2.000000,3.000000,0.000000,1.000000,0.000000,1.000000,2.000000,0.000000,1.000000,0.000000,1.000000,3.000000,0.000000,1.000000,1553.000000,438.000000,932.000000,136.000000,161.000000,5.000000,
0.049521,0.992995,0.146941,0.129512,0.411596,0.000844,-206.516670,3.193404,1396044.179158,1161964.779589,2307283.530465,207665.932441,1090450.919774,366.309083,98.082760,209.176498,30.025335,36.030402,85.071781,23.019423,49.041380,7.005911,8.006756,521.439978,140.118228,298.251657,43.036313,51.043069,3.000000,2.000000,3.000000,0.000000,1.000000,0.000000,1.000000,2.000000,0.000000,1.000000,0.000000,1.000000,3.000000,0.000000,1.000000,1553.000000,438.000000,932.000000,136.000000,161.000000,5.000000,
0.049521,0.992995,0.146941,0.129512,0.411596,0.000844,-206.516670,3.193404,1396044.179158,1161964.779589,2307283.530465,207665.932441,1090450.919774,366.309083,98.082760,209.176498,30.025335,36.030402,85.071781,23.019423,49.041380,7.005911,8.006756,521.439978,140.118228,298.251657,43.036313,51.043069,3.000000,2.000000,3.000000,0.000000,1.000000,0.000000,1.000000,2.000000,0.000000,1.000000,0.000000,1.000000,3.000000,0.000000,1.000000,1553.000000,438.000000,932.000000,136.000000,161.000000,5.000000,
0.049521,0.992995,0.146941,0.129512,0.411596,0.000844,-206.516670,3.193404,1396044.179158,1161964.779589,2307283.530465,207665.932441,1090450.919774,366.309083,98.082760,209.176498,30.025335,36.030402,85.071781,23.019423,49.041380,7.005911,8.006756,521.439978,140.118228,298.251657,43.036313,51.043069,3.000000,2.000000,3.000000,0.000000,1.000000,0.000000,1.000000,2.000000,0.000000,1.000000,0.000000,1.000000,3.000000,0.000000,1.000000,1553.000000,438.000000,932.000000,136.000000,161.000000,5.000000,
0.049521,0.992995,0.146941,0.129512,0.411596,0.000844,-206.516670,3.193404,1396044.179158,1161964.779589,2307283.530465,207665.932441,1090450.919774,366.309083,98.082760,209.176498,30.025335,36.030402,85.071781,23.019423,49.041380,7.005911,8.006756,521.439978,140.118228,298.251657,43.036313,51.043069,3.000000,2.000000,3.000000,0.000000,1.000000,0.000000,1.000000,2.000000,0.000000,1.000000,0.000000,1.000000,3.000000,0.000000,1.000000,1553.000000,438.000000,932.000000,136.000000,161.000000,5.000000,
0.049521,0.992995,0.146941,0.129512,0.411596,0.000844,-206.516670,3.193404,1396044.179158,1161964.779589,2307283.530465,207665.932441,1090450.919774,366.309083,98.082760,209.176498,30.025335,36.030402,85.071781,23.019423,49.041380,7.005911,8.006756,521.439978,140.118228,298.251657,43.036313,51.043069,3.000000,2.000000,3.000000,0.000000,1.000000,0.000000,1.000000,2.000000,0.000000,1.000000,0.000000,1.000000,3.000000,0.000000,1.000000,1553.000000,438.000000,932.000000,136.000000,161.000000,5.000000,
0.049501,0.999718,0.149104,0.105916,0.459103,0.000108,-204.709768,3.196913,1396044.894648,1161964.971711,2307283.939737,207665.991329,1090450.989703,366.039670,98.010622,209.022653,30.003252,36.003902,85.009213,23.002493,49.005311,7.000759,8.000867,521.056470,140.015174,298.032299,43.004661,51.005528,3.000000,2.000000,3.000000,0.000000,1.000000,0.000000,1.000000,2.000000,0.000000,1.000000,0.000000,1.000000,3.000000,0.000000,1.000000,1553.000000,438.000000,932.000000,136.000000,161.000000,5.000000,
0.049501,0.999718,0.149104,0.105916,0.459103,0.000108,-204.709768,3.196913,1396044.894648,1161964.971711,2307283.939737,207665.991329,1090450.989703,366.039670,98.010622,209.022653,30.003252,36.003902,85.009213,23.002493,49.005311,7.000759,8.000867,521.056470,140.015174,298.032299,43.004661,51.005528,3.000000,2.000000,3.000000,0.000000,1.000000,0.000000,1.000000,2.000000,0.000000,1.000000,0.000000,1.000000,3.000000,0.000000,1.000000,1553.000000,438.000000,932.000000,136.000000,161.000000,5.000000,
0.049501,0.999718,0.149104,0.105916,0.459103,0.000108,-204.709768,3.196913,1396044.894648,1161964.971711,2307283.939737,207665.991329,1090450.989703,366.039670,98.010622,209.022653,30.003252,36.003902,85.009213,23.002493,49.005311,7.000759,8.000867,521.056470,140.015174,298.032299,43.004661,51.005528,3.000000,2.000000,3.000000,0.000000,1.000000,0.000000,1.000000,2.000000,0.000000,1.000000,0.000000,1.000000,3.000000,0.000000,1.000000,1553.000000,438.000000,932.000000,136.000000,161.000000,5.000000,
0.049501,0.999718,0.149104,0.105916,0.459103,0.000108,-204.709768,3.196913,1396044.894648,1161964.971711,2307283.939737,207665.991329,1090450.989703,366.039670,98.010622,209.022653,30.003252,36.003902,85.009213,23.002493,49.005311,7.000759,8.000867,521.056470,140.015174,298.032299,43.004661,51.005528,3.000000,2.000000,3.000000,0.000000,1.000000,0.000000,1.000000,2.000000,0.000000,1.000000,0.000000,1.000000,3.000000,0.000000,1.000000,1553.000000,438.000000,932.000000,136.000000,161.000000,5.000000,
0.049501,0.999718,0.149104,0.105916,0.459103,0.000108,-204.709768,3.196913,1396044.894648,1161964.971711,2307283.939737,207665.991329,1090450.989703,366.039670,98.010622,209.022653,30.003252,36.003902,85.009213,23.002493,49.005311,7.000759,8.000867,521.056470,140.015174,298.032299,43.004661,51.005528,3.000000,2.000000,3.000000,0.000000,1.000000,0.000000,1.000000,2.000000,0.000000,1.000000,0.000000,1.000000,3.000000,0.000000,1.000000,1553.000000,438.000000,932.000000,136.000000,161.000000,5.000000,
0.049534,0.993116,0.147027,0.126291,0.415513,0.000682,-206.824093,3.194403,1396044.337531,1161964.822115,2307283.621057,207665.945476,1090450.935253,366.249448,98.066792,209.142444,30.020447,36.024536,85.057932,23.015676,49.033396,7.004771,8.005452,521.355089,140.095417,298.203103,43.029307,51.034759,3.000000,2.000000,3.000000,0.000000,1.000000,0.000000,1.000000,2.000000,0.000000,1.000000,0.000000,1.000000,3.000000,0.000000,1.000000,1553.000000,438.000000,932.000000,136.000000,161.000000,5.000000,
0.049534,0.993116,0.147027,0.126291,0.415513,0.000682,-206.824093,3.194403,1396044.337531,1161964.822115,2307283.621057,207665.945476,1090450.935253,366.249448,98.066792,209.142444,30.020447,36.024536,85.057932,23.015676,49.033396,7.004771,8.005452,521.355089,140.095417,298.203103,43.029307,51.034759,3.000000,2.000000,3.000000,0.000000,1.000000,0.000000,1.000000,2.000000,0.000000,1.000000,0.000000,1.000000,3.000000,0.000000,1.000000,1553.000000,438.000000,932.000000,136.000000,161.000000,5.000000,
0.049534,0.993116,0.147027,0.126291,0.415513,0.000682,-206.824093,3.194403,1396044.337531,1161964.822115,2307283.621057,207665.945476,1090450.935253,366.249448,98.066792,209.142444,30.020447,36.024536,85.057932,23.015676,49.033396,7.004771,8.005452,521.355089,140.095417,298.203103,43.029307,51.034759,3.000000,2.000000,3.000000,0.000000,1.000000,0.000000,1.000000,2.000000,0.000000,1.000000,0.000000,1.000000,3.000000,0.000000,1.000000,1553.000000,438.000000,932.000000,136.000000,161.000000,5.000000,
0.049534,0.993116,0.147027,0.126291,0.415513,0.000682,-206.824093,3.194403,1396044.337531,1161964.822115,2307283.621057,207665.945476,1090450.935253,366.249448,98.066792,209.142444,30.020447,36.024536,85.057932,23.015676,49.033396,7.004771,8.005452,521.355089,140.095417,298.203103,43.029307,51.034759,3.000000,2.000000,3.000000,0.000000,1.000000,0.000000,1.000000,2.000000,0.000000,1.000000,0.000000,1.000000,3.000000,0.000000,1.000000,1553.000000,438.000000,932.000000,136.000000,161.000000,5.000000,
0.049534,0.993116,0.147027,0.126291,0.415513,0.000682,-206.824093,3.194403,1396044.337531,1161964.822115,2307283.621057,207665.945476,1090450.935253,366.249448,98.066792,209.142444,30.020447,36.024536,85.057932,23.015676,49.033396,7.004771,8.005452,521.355089,140.095417,298.203103,43.029307,51.034759,3.000000,2.000000,3.000000,0.000000,1.000000,0.000000,1.000000,2.000000,0.000000,1.000000,0.000000,1.000000,3.000000,0.000000,1.000000,1553.000000,438.000000,932.000000,136.000000,161.000000,5.000000,
0.049534,0.993116,0.147027,0.126291,0.415513,0.000682,-206.824093,3.194403,1396044.337531,1161964.822115,2307283.621057,207665.945476,1090450.935253,366.249448,98.066792,209.142444,30.020447,36.024536,85.057932,23.015676,49.033396,7.004771,8.005452,521.355089,140.095417,298.203103,43.029307,51.034759,3.000000,2.000000,3.000000,0.000000,1.000000,0.000000,1.000000,2.000000,0.000000,1.000000,0.000000,1.000000,3.000000,0.000000,1.000000,1553.000000,438.000000,932.000000,136.000000,161.000000,5.000000,
0.049534,0.993116,0.147027,0.126291,0.415513,0.000682,-206.824093,3.194403,1396044.337531,1161964.822115,2307283.621057,207665.945476,1090450.935253,366.249448,98.066792,209.142444,30.020447,36.024536,85.057932,23.015676,49.033396,7.004771,8.005452,521.355089,140.095417,298.203103,43.029307,51.034759,3.000000,2.000000,3.000000,0.000000,1.000000,0.000000,1.000000,2.000000,0.000000,1.000000,0.000000,1.000000,3.000000,0.000000,1.000000,1553.000000,438.000000,932.000000,136.000000,161.000000,5.000000,
0.049534,0.993116,0.147027,0.126291,0.415513,0.000682,-206.824093,3.194403,1396044.337531,1161964.822115,2307283.621057,207665.945476,1090450.935253,366.249448,98.066792,209.142444,30.020447,36.024536,85.057932,23.015676,49.033396,7.004771,8.005452,521.355089,140.095417,298.203103,43.029307,51.034759,3.000000,2.000000,3.000000,0.000000,1.000000,0.000000,1.000000,2.000000,0.000000,1.000000,0.000000,1.000000,3.000000,0.000000,1.000000,1553.000000,438.000000,932.000000,136.000000,161.000000,5.000000,
0.049534,0.993116,0.147027,0.126291,0.415513,0.000682,-206.824093,3.194403,1396044.337531,1161964.822115,2307283.621057,207665.945476,1090450.935253,366.249448,98.066792,209.142444,30.020447,36.024536,85.057932,23.015676,49.033396,7.004771,8.005452,521.355089,140.095417,298.203103,43.029307,51.034759,3.000000,2.000000,3.000000,0.000000,1.000000,0.000000,1.000000,2.000000,0.000000,1.000000,0.000000,1.000000,3.000000,0.000000,1.000000,1553.000000,438.000000,932.000000,136.000000,161.000000,5.000000,
0.049534,0.993116,0.147027,0.126291,0.415513,0.000682,-206.824093,3.194403,1396044.337531,1161964.822115,2307283.621057,207665.945476,1090450.935253,366.249448,98.066792,209.142444,30.020447,36.024536,85.057932,23.015676,49.033396,7.004771,8.005452,521.355089,140.095417,298.203103,43.029307,51.034759,3.000000,2.000000,3.000000,0.000000,1.000000,0.000000,1.000000,2.000000,0.000000,1.000000,0.000000,1.000000,3.000000,0.000000,1.000000,1553.000000,438.000000,932.000000,136.000000,161.000000,5.000000,
0.049534,0.993116,0.147027,0.126291,0.415513,0.000682,-206.824093,3.194403,1396044.337531,1161964.822115,2307283.621057,207665.945476,1090450.935253,366.249448,98.066792,209.142444,30.020447,36.024536,85.057932,23.015676,49.033396,7.004771,8.005452,521.355089,140.095417,298.203103,43.029307,51.034759,3.000000,2.000000,3.000000,0.000000,1.000000,0.000000,1.000000,2.000000,0.000000,1.000000,0.000000,1.000000,3.000000,0.000000,1.000000,1553.000000,438.000000,932.000000,136.000000,161.000000,5.000000,
0.049534,0.993116,0.147027,0.126291,0.415513,0.000682,-206.824093,3.194403,1396044.337531,1161964.822115,2307283.621057,207665.945476,1090450.935253,366.249448,98.066792,209.142444,30.020447,36.024536,85.057932,23.015676,49.033396,7.004771,8.005452,521.355089,140.095417,298.203103,43.029307,51.034759,3.000000,2.000000,3.000000,0.000000,1.000000,0.000000,1.000000,2.000000,0.000000,1.000000,0.000000,1.000000,3.000000,0.000000,1.000000,1553.000000,438.000000,932.000000,136.000000,161.000000,5.000000,
0.049534,0.993116,0.147027,0.126291,0.415513,0.000682,-206.824093,3.194403,1396044.337531,1161964.822115,2307283.621057,207665.945476,1090450.935253,366.249448,98.066792,209.142444,30.020447,36.024536,85.057932,23.015676,49.033396,7.004771,8.005452,521.355089,140.095417,298.203103,43.029307,51.034759,3.000000,2.000000,3.000000,0.000000,1.000000,0.000000,1.000000,2.000000,0.000000,1.000000,0.000000,1.000000,3.000000,0.000000,1.000000,1553.000000,438.000000,932.000000,136.000000,161.000000,5.000000,
0.049534,0.993116,0.147027,0.126291,0.415513,0.000682,-206.824093,3.194403,1396044.337531,1161964.822115,2307283.621057,207665.945476,1090450.935253,366.249448,98.066792,209.142444,30.020447,36.024536,85.057932,23.015676,49.033396,7.004771,8.005452,521.355089,140.095417,298.203103,43.029307,51.034759,3.000000,2.000000,3.000000,0.000000,1.000000,0.000000,1.000000,2.000000,0.000000,1.000000,0.000000,1.000000,3.000000,0.000000,1.000000,1553.000000,438.000000,932.000000,136.000000,161.000000,5.000000,
0.049534,0.993116,0.147027,0.126291,0.415513,0.000682,-206.824093,3.194403,1396044.337531,1161964.822115,2307283.621057,207665.945476,1090450.935253,366.249448,98.066792,209.142444,30.020447,36.024536,85.057932,23.015676,49.033396,7.004771,8.005452,521.355089,140.095417,298.203103,43.029307,51.034759,3.000000,2.000000,3.000000,0.000000,1.000000,0.000000,1.000000,2.000000,0.000000,1.000000,0.000000,1.000000,3.000000,0.000000,1.000000,1553.000000,438.000000,932.000000,136.000000,161.000000,5.000000,
0.049534,0.993116,0.147027,0.126291,0.415513,0.000682,-206.824093,3.194403,1396044.337531,1161964.822115,2307283.621057,207665.945476,1090450.935253,366.249448,98.066792,209.142444,30.020447,36.024536,85.057932,23.015676,49.033396,7.004771,8.005452,521.355089,140.095417,298.203103,43.029307,51.034759,3.000000,2.000000,3.000000,0.000000,1.000000,0.000000,1.000000,2.000000,0.000000,1.000000,0.000000,1.000000,3.000000,0.000000,1.000000,1553.000000,438.000000,932.000000,136.000000,161.000000,5.000000,
0.049534,0.993116,0.147027,0.126291,0.415513,0.000682,-206.824093,3.194403,1396044.337531,1161964.822115,2307283.621057,207665.945476,1090450.935253,366.249448,98.066792,209.142444,30.020447,36.024536,85.057932,23.015676,49.033396,7.004771,8.005452,521.355089,140.095417,298.203103,43.029307,51.034759,3.000000,2.000000,3.000000,0.000000,1.000000,0.000000,1.000000,2.000000,0.000000,1.000000,0.000000,1.000000,3.000000,0.000000,1.000000,1553.000000,438.000000,932.000000,136.000000,161.000000,5.000000,
0.049534,0.993116,0.147027,0.126291,0.415513,0.000682,-206.824093,3.194403,1396044.337531,1161964.822115,2307283.621057,207665.945476,1090450.935253,366.249448,98.066792,209.142444,30.020447,36.024536,85.057932,23.015676,49.033396,7.004771,8.005452,521.355089,140.095417,298.203103,43.029307,51.034759,3.000000,2.000000,3.000000,0.000000,1.000000,0.000000,1.000000,2.000000,0.000000,1.000000,0.000000,1.000000,3.000000,0.000000,1.000000,1553.000000,438.000000,932.000000,136.000000,161.000000,5.000000,
0.049534,0.993116,0.147027,0.126291,0.415513,0.000682,-206.824093,3.194403,1396044.337531,1161964.822115,2307283.621057,207665.945476,1090450.935253,366.249448,98.066792,209.142444,30.020447,36.024536,85.057932,23.015676,49.033396,7.004771,8.005452,521.355089,140.095417,298.203103,43.029307,51.034759,3.000000,2.000000,3.000000,0.000000,1.000000,0.000000,1.000000,2.000000,0.000000,1.000000,0.000000,1.000000,3.000000,0.000000,1.000000,1553.000000,438.000000,932.000000,136.000000,161.000000,5.000000,
0.049534,0.993116,0.147027,0.126291,0.415513,0.000682,-206.824093,3.194403,1396044.337531,1161964.822115,2307283.621057,207665.945476,1090450.935253,366.249448,98.066792,209.142444,30.020447,36.024536,85.057932,23.015676,49.033396,7.004771,8.005452,521.355089,140.095417,298.203103,43.029307,51.034759,3.000000,2.000000,3.000000,0.000000,1.000000,0.000000,1.000000,2.000000,0.000000,1.000000,0.000000,1.000000,3.000000,0.000000,1.000000,1553.000000,438.000000,932.000000,136.000000,161.000000,5.000000,
0.049360,0.998576,0.146583,0.201529,0.263116,0.004589,-207.581270,3.182185,1396040.539196,1161963.802192,2307281.448347,207665.632856,1090450.564016,367.679685,98.449752,209.959165,30.137679,36.165215,85.390091,23.105554,49.224876,7.032125,8.036714,523.391028,140.642503,299.367613,43.197340,51.234055,3.000000,2.000000,3.000000,0.000000,1.000000,0.000000,1.000000,2.000000,0.000000,1.000000,0.000000,1.000000,3.000000,0.000000,1.000000,1553.000000,438.000000,932.000000,136.000000,161.000000,5.000000,
0.049360,0.998576,0.146583,0.201529,0.263116,0.004589,-207.581270,3.182185,1396040.539196,1161963.802192,2307281.448347,207665.632856,1090450.564016,367.679685,98.449752,209.959165,30.137679,36.165215,85.390091,23.105554,49.224876,7.032125,8.036714,523.391028,140.642503,299.367613,43.197340,51.234055,3.000000,2.000000,3.000000,0.000000,1.000000,0.000000,1.000000,2.000000,0.000000,1.000000,0.000000,1.000000,3.000000,0.000000,1.000000,1553.000000,438.000000,932.000000,136.000000,161.000000,5.000000,
0.049360,0.998576,0.146583,0.201529,0.263116,0.004589,-207.581270,3.182185,1396040.539196,1161963.802192,2307281.448347,207665.632856,1090450.564016,367.679685,98.449752,209.959165,30.137679,36.165215,85.390091,23.105554,49.224876,7.032125,8.036714,523.391028,140.642503,299.367613,43.197340,51.234055,3.000000,2.000000,3.000000,0.000000,1.000000,0.000000,1.000000,2.000000,0.000000,1.000000,0.000000,1.000000,3.000000,0.000000,1.000000,1553.000000,438.000000,932.000000,136.000000,161.000000,5.000000,
0.049360,0.998576,0.146583,0.201529,0.263116,0.004589,-207.581270,3.182185,1396040.539196,1161963.802192,2307281.448347,207665.632856,1090450.564016,367.679685,98.449752,209.959165,30.137679,36.165215,85.390091,23.105554,49.224876,7.032125,8.036714,523.391028,140.642503,299.367613,43.197340,51.234055,3.000000,2.000000,3.000000,0.000000,1.000000,0.000000,1.000000,2.000000,0.000000,1.000000,0.000000,1.000000,3.000000,0.000000,1.000000,1553.000000,438.000000,932.000000,136.000000,161.000000,5.000000,
0.049360,0.998576,0.146583,0.201529,0.263116,0.004589,-207.581270,3.182185,1396040.539196,1161963.802192,2307281.448347,207665.632856,1090450.564016,367.679685,98.449752,209.959165,30.137679,36.165215,85.390091,23.105554,49.224876,7.032125,8.036714,523.391028,140.642503,299.367613,43.197340,51.234055,3.000000,2.000000,3.000000,0.000000,1.000000,0.000000,1.000000,2.000000,0.000000,1.000000,0.000000,1.000000,3.000000,0.000000,1.000000,1553.000000,438.000000,932.000000,136.000000,161.000000,5.000000,
0.049360,0.998576,0.146583,0.201529,0.263116,0.004589,-207.581270,3.182185,1396040.539196,1161963.802192,2307281.448347,207665.632856,1090450.564016,367.679685,98.449752,209.959165,30.137679,36.165215,85.390091,23.105554,49.224876,7.032125,8.036714,523.391028,140.642503,299.367613,43.197340,51.234055,3.000000,2.000000,3.000000,0.000000,1.000000,0.000000,1.000000,2.000000,0.000000,1.000000,0.000000,1.000000,3.000000,0.000000,1.000000,1553.000000,438.000000,932.000000,136.000000,161.000000,5.000000,
0.049360,0.998576,0.146583,0.201529,0.263116,0.004589,-207.581270,3.182185,1396040.539196,1161963.802192,2307281.448347,207665.632856,1090450.564016,367.679685,98.449752,209.959165,30.137679,36.165215,85.390091,23.105554,49.224876,7.032125,8.036714,523.391028,140.642503,299.367613,43.197340,51.234055,3.000000,2.000000,3.000000,0.000000,1.000000,0.000000,1.000000,2.000000,0.000000,1.000000,0.000000,1.000000,3.000000,0.000000,1.000000,1553.000000,438.000000,932.000000,136.000000,161.000000,5.000000,
0.049360,0.998576,0.146583,0.201529,0.263116,0.004589,-207.581270,3.182185,1396040.539196,1161963.802192,2307281.448347,207665.632856,1090450.564016,367.679685,98.449752,209.959165,30.137679,36.165215,85.390091,23.105554,49.224876,7.032125,8.036714,523.391028,140.642503,299.367613,43.197340,51.234055,3.000000,2.000000,3.000000,0.000000,1.000000,0.000000,1.000000,2.000000,0.000000,1.000000,0.000000,1.000000,3.000000,0.000000,1.000000,1553.000000,438.000000,932.000000,136.000000,161.000000,5.000000,
0.049360,0.998576,0.146583,0.201529,0.263116,0.004589,-207.581270,3.182185,1396040.539196,1161963.802192,2307281.448347,207665.632856,1090450.564016,367.679685,98.449752,209.959165,30.137679,36.165215,85.390091,23.105554,49.224876,7.032125,8.036714,523.391028,140.642503,299.367613,43.197340,51.234055,3.000000,2.000000,3.000000,0.000000,1.000000,0.000000,1.000000,2.000000,0.000000,1.000000,0.000000,1.000000,3.000000,0.000000,1.000000,1553.000000,438.000000,932.000000,136.000000,161.000000,5.000000,
0.049360,0.998576,0.146583,0.201529,0.263116,0.004589,-207.581270,3.182185,1396040.539196,1161963.802192,2307281.448347,207665.632856,1090450.564016,367.679685,98.449752,209.959165,30.137679,36.165215,85.390091,23.105554,49.224876,7.032125,8.036714,523.391028,140.642503,299.367613,43.197340,51.234055,3.000000,2.000000,3.000000,0.000000,1.000000,0.000000,1.000000,2.000000,0.000000,1.000000,0.000000,1.000000,3.000000,0.000000,1.000000,1553.000000,438.000000,932.000000,136.000000,161.000000,5.000000,
0.049360,0.998576,0.146583,0.201529,0.263116,0.004589,-207.581270,3.182185,1396040.539196,1161963.802192,2307281.448347,207665.632856,1090450.564016,367.679685,98.449752,209.959165,30.137679,36.165215,85.390091,23.105554,49.224876,7.032125,8.036714,523.391028,140.642503,299.367613,43.197340,51.234055,3.000000,2.000000,3.000000,0.000000,1.000000,0.000000,1.000000,2.000000,0.000000,1.000000,0.000000,1.000000,3.000000,0.000000,1.000000,1553.000000,438.000000,932.000000,136.000000,161.000000,5.000000,
0.049360,0.998576,0.146583,0.201529,0.263116,0.004589,-207.581270,3.182185,1396040.539196,1161963.802192,2307281.448347,207665.632856,1090450.564016,367.679685,98.449752,209.959165,30.137679,36.165215,85.390091,23.105554,49.224876,7.032125,8.036714,523.391028,140.642503,299.367613,43.197340,51.234055,3.000000,2.000000,3.000000,0.000000,1.000000,0.000000,1.000000,2.000000,0.000000,1.000000,0.000000,1.000000,3.000000,0.000000,1.000000,1553.000000,438.000000,932.000000,136.000000,161.000000,5.000000,
0.049360,0.998576,0.146583,0.201529,0.263116,0.004589,-207.581270,3.182185,1396040.539196,1161963.802192,2307281.448347,207665.632856,1090450.564016,367.679685,98.449752,209.959165,30.137679,36.165215,85.390091,23.105554,49.224876,7.032125,8.036714,523.391028,140.642503,299.367613,43.197340,51.234055,3.000000,2.000000,3.000000,0.000000,1.000000,0.000000,1.000000,2.000000,0.000000,1.000000,0.000000,1.000000,3.000000,0.000000,1.000000,1553.000000,438.000000,932.000000,136.000000,161.000000,5.000000,
0.049360,0.998576,0.146583,0.201529,0.263116,0.004589,-207.581270,3.182185,1396040.539196,1161963.802192,2307281.448347,207665.632856,1090450.564016,367.679685,98.449752,209.959165,30.137679,36.165215,85.390091,23.105554,49.224876,7.032125,8.036714,523.391028,140.642503,299.367613,43.197340,51.234055,3.000000,2.000000,3.000000,0.000000,1.000000,0.000000,1.000000,2.000000,0.000000,1.000000,0.000000,1.000000,3.000000,0.000000,1.000000,1553.000000,438.000000,932.000000,136.000000,161.000000,5.000000,
0.049360,0.998576,0.146583,0.201529,0.263116,0.004589,-207.581270,3.182185,1396040.539196,1161963.802192,2307281.448347,207665.632856,1090450.564016,367.679685,98.449752,209.959165,30.137679,36.165215,85.390091,23.105554,49.224876,7.032125,8.036714,523.391028,140.642503,299.367613,43.197340,51.234055,3.000000,2.000000,3.000000,0.000000,1.000000,0.000000,1.000000,2.000000,0.000000,1.000000,0.000000,1.000000,3.000000,0.000000,1.000000,1553.000000,438.000000,932.000000,136.000000,161.000000,5.000000,
0.049360,0.998576,0.146583,0.201529,0.263116,0.004589,-207.581270,3.182185,1396040.539196,1161963.802192,2307281.448347,207665.632856,1090450.564016,367.679685,98.449752,209.959165,30.137679,36.165215,85.390091,23.105554,49.224876,7.032125,8.036714,523.391028,140.642503,299.367613,43.197340,51.234055,3.000000,2.000000,3.000000,0.000000,1.000000,0.000000,1.000000,2.000000,0.000000,1.000000,0.000000,1.000000,3.000000,0.000000,1.000000,1553.000000,438.000000,932.000000,136.000000,161.000000,5.000000,
0.049360,0.998576,0.146583,0.201529,0.263116,0.004589,-207.581270,3.182185,1396040.539196,1161963.802192,2307281.448347,207665.632856,1090450.564016,367.679685,98.449752,209.959165,30.137679,36.165215,85.390091,23.105554,49.224876,7.032125,8.036714,523.391028,140.642503,299.367613,43.197340,51.234055,3.000000,2.000000,3.000000,0.000000,1.000000,0.000000,1.000000,2.000000,0.000000,1.000000,0.000000,1.000000,3.000000,0.000000,1.000000,1553.000000,438.000000,932.000000,136.000000,161.000000,5.000000,
0.049360,0.998576,0.146583,0.201529,0.263116,0.004589,-207.581270,3.182185,1396040.539196,1161963.802192,2307281.448347,207665.632856,1090450.564016,367.679685,98.449752,209.959165,30.137679,36.165215,85.390091,23.105554,49.224876,7.032125,8.036714,523.391028,140.642503,299.367613,43.197340,51.234055,3.000000,2.000000,3.000000,0.000000,1.000000,0.000000,1.000000,2.000000,0.000000,1.000000,0.000000,1.000000,3.000000,0.000000,1.000000,1553.000000,438.000000,932.000000,136.000000,161.000000,5.000000,
0.049360,0.998576,0.146583,0.201529,0.263116,0.004589,-207.581270,3.182185,1396040.539196,1161963.802192,2307281.448347,207665.632856,1090450.564016,367.679685,98.449752,209.959165,30.137679,36.165215,85.390091,23.105554,49.224876,7.032125,8.036714,523.391028,140.642503,299.367613,43.197340,51.234055,3.000000,2.000000,3.000000,0.000000,1.000000,0.000000,1.000000,2.000000,0.000000,1.000000,0.000000,1.000000,3.000000,0.000000,1.000000,1553.000000,438.000000,932.000000,136.000000,161.000000,5.000000,
0.049360,0.998576,0.146583,0.201529,0.263116,0.004589,-207.581270,3.182185,1396040.539196,1161963.802192,2307281.448347,207665.632856,1090450.564016,367.679685,98.449752,209.959165,30.137679,36.165215,85.390091,23.105554,49.224876,7.032125,8.036714,523.391028,140.642503,299.367613,43.197340,51.234055,3.000000,2.000000,3.000000,0.000000,1.000000,0.000000,1.000000,2.000000,0.000000,1.000000,0.000000,1.000000,3.000000,0.000000,1.000000,1553.000000,438.000000,932.000000,136.000000,161.000000,5.000000,
0.049360,0.998576,0.146583,0.201529,0.263116,0.004589,-207.581270,3.182185,1396040.539196,1161963.802192,2307281.448347,207665.632856,1090450.564016,367.679685,98.449752,209.959165,30.137679,36.165215,85.390091,23.105554,49.224876,7.032125,8.036714,523.391028,140.642503,299.367613,43.197340,51.234055,3.000000,2.000000,3.000000,0.000000,1.000000,0.000000,1.000000,2.000000,0.000000,1.000000,0.000000,1.000000,3.000000,0.000000,1.000000,1553.000000,438.000000,932.000000,136.000000,161.000000,5.000000,
0.049360,0.998576,0.146583,0.201529,0.263116,0.004589,-207.581270,3.182185,1396040.539196,1161963.802192,2307281.448347,207665.632856,1090450.564016,367.679685,98.449752,209.959165,30.137679,36.165215,85.390091,23.105554,49.224876,7.032125,8.036714,523.391028,140.642503,299.367613,43.197340,51.234055,3.000000,2.000000,3.000000,0.000000,1.000000,0.000000,1.000000,2.000000,0.000000,1.000000,0.000000,1.000000,3.000000,0.000000,1.000000,1553.000000,438.000000,932.000000,136.000000,161.000000,5.000000,
0.049360,0.998576,0.146583,0.201529,0.263116,0.004589,-207.581270,3.182185,1396040.539196,1161963.802192,2307281.448347,207665.632856,1090450.564016,367.679685,98.449752,209.959165,30.137679,36.165215,85.390091,23.105554,49.224876,7.032125,8.036714,523.391028,140.642503,299.367613,43.197340,51.234055,3.000000,2.000000,3.000000,0.000000,1.000000,0.000000,1.000000,2.000000,0.000000,1.000000,0.000000,1.000000,3.000000,0.000000,1.000000,1553.000000,438.000000,932.000000,136.000000,161.000000,5.000000,
0.049360,0.998576,0.146583,0.201529,0.263116,0.004589,-207.581270,3.182185,1396040.539196,1161963.802192,2307281.448347,207665.632856,1090450.564016,367.679685,98.449752,209.959165,30.137679,36.165215,85.390091,23.105554,49.224876,7.032125,8.036714,523.391028,140.642503,299.367613,43.197340,51.234055,3.000000,2.000000,3.000000,0.000000,1.000000,0.000000,1.000000,2.000000,0.000000,1.000000,0.000000,1.000000,3.000000,0.000000,1.000000,1553.000000,438.000000,932.000000,136.000000,161.000000,5.000000,
0.049360,0.998576,0.146583,0.201529,0.263116,0.004589,-207.581270,3.182185,1396040.539196,1161963.802192,2307281.448347,207665.632856,1090450.564016,367.679685,98.449752,209.959165,30.137679,36.165215,85.390091,23.105554,49.224876,7.032125,8.036714,523.391028,140.642503,299.367613,43.197340,51.234055,3.000000,2.000000,3.000000,0.000000,1.000000,0.000000,1.000000,2.000000,0.000000,1.000000,0.000000,1.000000,3.000000,0.000000,1.000000,1553.000000,438.000000,932.000000,136.000000,161.000000,5.000000,
0.049360,0.998576,0.146583,0.201529,0.263116,0.004589,-207.581270,3.182185,1396040.539196,1161963.802192,2307281.448347,207665.632856,1090450.564016,367.679685,98.449752,209.959165,30.137679,36.165215,85.390091,23.105554,49.224876,7.032125,8.036714,523.391028,140.642503,299.367613,43.197340,51.234055,3.000000,2.000000,3.000000,0.000000,1.000000,0.000000,1.000000,2.000000,0.000000,1.000000,0.000000,1.000000,3.000000,0.000000,1.000000,1553.000000,438.000000,932.000000,136.000000,161.000000,5.000000,
0.049436,0.994897,0.143824,0.183184,0.310484,0.004481,-208.993521,3.180916,1396040.644807,1161963.830550,2307281.508758,207665.641548,1090450.574338,367.639918,98.439104,209.936456,30.134420,36.161303,85.380855,23.103055,49.219552,7.031365,8.035845,523.334419,140.627291,299.335234,43.192668,51.228513,3.000000,2.000000,3.000000,0.000000,1.000000,0.000000,1.000000,2.000000,0.000000,1.000000,0.000000,1.000000,3.000000,0.000000,1.000000,1553.000000,438.000000,932.000000,136.000000,161.000000,5.000000,
0.049385,0.998281,0.144942,0.185042,0.310235,0.005161,-206.891280,3.180127,1396039.983594,1161963.653002,2307281.130533,207665.587127,1090450.509713,367.888894,98.505769,210.078631,30.154827,36.185793,85.438678,23.118701,49.252885,7.036126,8.041287,523.688835,140.722528,299.537952,43.221919,51.263207,3.000000,2.000000,3.000000,0.000000,1.000000,0.000000,1.000000,2.000000,0.000000,1.000000,0.000000,1.000000,3.000000,0.000000,1.000000,1553.000000,438.000000,932.000000,136.000000,161.000000,5.000000,
0.049385,0.998281,0.144942,0.185042,0.310235,0.005161,-206.891280,3.180127,1396039.983594,1161963.653002,2307281.130533,207665.587127,1090450.509713,367.888894,98.505769,210.078631,30.154827,36.185793,85.438678,23.118701,49.252885,7.036126,8.041287,523.688835,140.722528,299.537952,43.221919,51.263207,3.000000,2.000000,3.000000,0.000000,1.000000,0.000000,1.000000,2.000000,0.000000,1.000000,0.000000,1.000000,3.000000,0.000000,1.000000,1553.000000,438.000000,932.000000,136.000000,161.000000,5.000000,
0.049385,0.998281,0.144942,0.185042,0.310235,0.005161,-206.891280,3.180127,1396039.983594,1161963.653002,2307281.130533,207665.587127,1090450.509713,367.888894,98.505769,210.078631,30.154827,36.185793,85.438678,23.118701,49.252885,7.036126,8.041287,523.688835,140.722528,299.537952,43.221919,51.263207,3.000000,2.000000,3.000000,0.000000,1.000000,0.000000,1.000000,2.000000,0.000000,1.000000,0.000000,1.000000,3.000000,0.000000,1.000000,1553.000000,438.000000,932.000000,136.000000,161.000000,5.000000,
0.049385,0.998281,0.144942,0.185042,0.310235,0.005161,-206.891280,3.180127,1396039.983594,1161963.653002,2307281.130533,207665.587127,1090450.509713,367.888894,98.505769,210.078631,30.154827,36.185793,85.438678,23.118701,49.252885,7.036126,8.041287,523.688835,140.722528,299.537952,43.221919,51.263207,3.000000,2.000000,3.000000,0.000000,1.000000,0.000000,1.000000,2.000000,0.000000,1.000000,0.000000,1.000000,3.000000,0.000000,1.000000,1553.000000,438.000000,932.000000,136.000000,161.000000,5.000000,
0.049385,0.998281,0.144942,0.185042,0.310235,0.005161,-206.891280,3.180127,1396039.983594,1161963.653002,2307281.130533,207665.587127,1090450.509713,367.888894,98.505769,210.078631,30.154827,36.185793,85.438678,23.118701,49.252885,7.036126,8.041287,523.688835,140.722528,299.537952,43.221919,51.263207,3.000000,2.000000,3.000000,0.000000,1.000000,0.000000,1.000000,2.000000,0.000000,1.000000,0.000000,1.000000,3.000000,0.000000,1.000000,1553.000000,438.000000,932.000000,136.000000,161.000000,5.000000,
0.049385,0.998281,0.144942,0.185042,0.310235,0.005161,-206.891280,3.180127,1396039.983594,1161963.653002,2307281.130533,207665.587127,1090450.509713,367.888894,98.505769,210.078631,30.154827,36.185793,85.438678,23.118701,49.252885,7.036126,8.041287,523.688835,140.722528,299.537952,43.221919,51.263207,3.000000,2.000000,3.000000,0.000000,1.000000,0.000000,1.000000,2.000000,0.000000,1.000000,0.000000,1.000000,3.000000,0.000000,1.000000,1553.000000,438.000000,932.000000,136.000000,161.000000,5.000000,
0.049385,0.998281,0.144942,0.185042,0.310235,0.005161,-206.891280,3.180127,1396039.983594,1161963.653002,2307281.130533,207665.587127,1090450.509713,367.888894,98.505769,210.078631,30.154827,36.185793,85.438678,23.118701,49.252885,7.036126,8.041287,523.688835,140.722528,299.537952,43.221919,51.263207,3.000000,2.000000,3.000000,0.000000,1.000000,0.000000,1.000000,2.000000,0.000000,1.000000,0.000000,1.000000,3.000000,0.000000,1.000000,1553.000000,438.000000,932.000000,136.000000,161.000000,5.000000,
0.049385,0.998281,0.144942,0.185042,0.310235,0.005161,-206.891280,3.180127,1396039.983594,1161963.653002,2307281.130533,207665.587127,1090450.509713,367.888894,98.505769,210.078631,30.154827,36.185793,85.438678,23.118701,49.252885,7.036126,8.041287,523.688835,140.722528,299.537952,43.221919,51.263207,3.000000,2.000000,3.000000,0.000000,1.000000,0.000000,1.000000,2.000000,0.000000,1.000000,0.000000,1.000000,3.000000,0.000000,1.000000,1553.000000,438.000000,932.000000,136.000000,161.000000,5.000000,
0.049385,0.998281,0.144942,0.185042,0.310235,0.005161,-206.891280,3.180127,1396039.983594,1161963.653002,2307281.130533,207665.587127,1090450.509713,367.888894,98.505769,210.078631,30.154827,36.185793,85.438678,23.118701,49.252885,7.036126,8.041287,523.688835,140.722528,299.537952,43.221919,51.263207,3.000000,2.000000,3.000000,0.000000,1.000000,0.000000,1.000000,2.000000,0.000000,1.000000,0.000000,1.000000,3.000000,0.000000,1.000000,1553.000000,438.000000,932.000000,136.000000,161.000000,5.000000,
0.049385,0.998281,0.144942,0.185042,0.310235,0.005161,-206.891280,3.180127,1396039.983594,1161963.653002,2307281.130533,207665.587127,1090450.509713,367.888894,98.505769,210.078631,30.154827,36.185793,85.438678,23.118701,49.252885,7.036126,8.041287,523.688835,140.722528,299.537952,43.221919,51.263207,3.000000,2.000000,3.000000,0.000000,1.000000,0.000000,1.000000,2.000000,0.000000,1.000000,0.000000,1.000000,3.000000,0.000000,1.000000,1553.000000,438.000000,932.000000,136.000000,161.000000,5.000000,
0.049385,0.998281,0.144942,0.185042,0.310235,0.005161,-206.891280,3.180127,1396039.983594,1161963.653002,2307281.130533,207665.587127,1090450.509713,367.888894,98.505769,210.078631,30.154827,36.185793,85.438678,23.118701,49.252885,7.036126,8.041287,523.688835,140.722528,299.537952,43.221919,51.263207,3.000000,2.000000,3.000000,0.000000,1.000000,0.000000,1.000000,2.000000,0.000000,1.000000,0.000000,1.000000,3.000000,0.000000,1.000000,1553.000000,438.000000,932.000000,136.000000,161.000000,5.000000,
0.049385,0.998281,0.144942,0.185042,0.310235,0.005161,-206.891280,3.180127,1396039.983594,1161963.653002,2307281.130533,207665.587127,1090450.509713,367.888894,98.505769,210.078631,30.154827,36.185793,85.438678,23.118701,49.252885,7.036126,8.041287,523.688835,140.722528,299.537952,43.221919,51.263207,3.000000,2.000000,3.000000,0.000000,1.000000,0.000000,1.000000,2.000000,0.000000,1.000000,0.000000,1.000000,3.000000,0.000000,1.000000,1553.000000,438.000000,932.000000,136.000000,161.000000,5.000000,
0.049385,0.998281,0.144942,0.185042,0.310235,0.005161,-206.891280,3.180127,1396039.983594,1161963.653002,2307281.130533,207665.587127,1090450.509713,367.888894,98.505769,210.078631,30.154827,36.185793,85.438678,23.118701,49.252885,7.036126,8.041287,523.688835,140.722528,299.537952,43.221919,51.263207,3.000000,2.000000,3.000000,0.000000,1.000000,0.000000,1.000000,2.000000,0.000000,1.000000,0.000000,1.000000,3.000000,0.000000,1.000000,1553.000000,438.000000,932.000000,136.000000,161.000000,5.000000,
0.049385,0.998281,0.144942,0.185042,0.310235,0.005161,-206.891280,3.180127,1396039.983594,1161963.653002,2307281.130533,207665.587127,1090450.509713,367.888894,98.505769,210.078631,30.154827,36.185793,85.438678,23.118701,49.252885,7.036126,8.041287,523.688835,140.722528,299.537952,43.221919,51.263207,3.000000,2.000000,3.000000,0.000000,1.000000,0.000000,1.000000,2.000000,0.000000,1.000000,0.000000,1.000000,3.000000,0.000000,1.000000,1553.000000,438.000000,932.000000,136.000000,161.000000,5.000000,
0.049385,0.998281,0.144942,0.185042,0.310235,0.005161,-206.891280,3.180127,1396039.983594,1161963.653002,2307281.130533,207665.587127,1090450.509713,367.888894,98.505769,210.078631,30.154827,36.185793,85.438678,23.118701,49.252885,7.036126,8.041287,523.688835,140.722528,299.537952,43.221919,51.263207,3.000000,2.000000,3.000000,0.000000,1.000000,0.000000,1.000000,2.000000,0.000000,1.000000,0.000000,1.000000,3.000000,0.000000,1.000000,1553.000000,438.000000,932.000000,136.000000,161.000000,5.000000,
0.049385,0.998281,0.144942,0.185042,0.310235,0.005161,-206.891280,3.180127,1396039.983594,1161963.653002,2307281.130533,207665.587127,1090450.509713,367.888894,98.505769,210.078631,30.154827,36.185793,85.438678,23.118701,49.252885,7.036126,8.041287,523.688835,140.722528,299.537952,43.221919,51.263207,3.000000,2.000000,3.000000,0.000000,1.000000,0.000000,1.000000,2.000000,0.000000,1.000000,0.000000,1.000000,3.000000,0.000000,1.000000,1553.000000,438.000000,932.000000,136.000000,161.000000,5.000000,
0.049385,0.998281,0.144942,0.185042,0.310235,0.005161,-206.891280,3.180127,1396039.983594,1161963.653002,2307281.130533,207665.587127,1090450.509713,367.888894,98.505769,210.078631,30.154827,36.185793,85.438678,23.118701,49.252885,7.036126,8.041287,523.688835,140.722528,299.537952,43.221919,51.263207,3.000000,2.000000,3.000000,0.000000,1.000000,0.000000,1.000000,2.000000,0.000000,1.000000,0.000000,1.000000,3.000000,0.000000,1.000000,1553.000000,438.000000,932.000000,136.000000,161.000000,5.000000,
0.049385,0.998281,0.144942,0.185042,0.310235,0.005161,-206.891280,3.180127,1396039.983594,1161963.653002,2307281.130533,207665.587127,1090450.509713,367.888894,98.505769,210.078631,30.154827,36.185793,85.438678,23.118701,49.252885,7.036126,8.041287,523.688835,140.722528,299.537952,43.221919,51.263207,3.000000,2.000000,3.000000,0.000000,1.000000,0.000000,1.000000,2.000000,0.000000,1.000000,0.000000,1.000000,3.000000,0.000000,1.000000,1553.000000,438.000000,932.000000,136.000000,161.000000,5.000000,
0.049385,0.998281,0.144942,0.185042,0.310235,0.005161,-206.891280,3.180127,1396039.983594,1161963.653002,2307281.130533,207665.587127,1090450.509713,367.888894,98.505769,210.078631,30.154827,36.185793,85.438678,23.118701,49.252885,7.036126,8.041287,523.688835,140.722528,299.537952,43.221919,51.263207,3.000000,2.000000,3.000000,0.000000,1.000000,0.000000,1.000000,2.000000,0.000000,1.000000,0.000000,1.000000,3.000000,0.000000,1.000000,1553.000000,438.000000,932.000000,136.000000,161.000000,5.000000,
0.049385,0.998281,0.144942,0.185042,0.310235,0.005161,-206.891280,3.180127,1396039.983594,1161963.653002,2307281.130533,207665.587127,1090450.509713,367.888894,98.505769,210.078631,30.154827,36.185793,85.438678,23.118701,49.252885,7.036126,8.041287,523.688835,140.722528,299.537952,43.221919,51.263207,3.000000,2.000000,3.000000,0.000000,1.000000,0.000000,1.000000,2.000000,0.000000,1.000000,0.000000,1.000000,3.000000,0.000000,1.000000,1553.000000,438.000000,932.000000,136.000000,161.000000,5.000000,
0.049385,0.998281,0.144942,0.185042,0.310235,0.005161,-206.891280,3.180127,1396039.983594,1161963.653002,2307281.130533,207665.587127,1090450.509713,367.888894,98.505769,210.078631,30.154827,36.185793,85.438678,23.118701,49.252885,7.036126,8.041287,523.688835,140.722528,299.537952,43.221919,51.263207,3.000000,2.000000,3.000000,0.000000,1.000000,0.000000,1.000000,2.000000,0.000000,1.000000,0.000000,1.000000,3.000000,0.000000,1.000000,1553.000000,438.000000,932.000000,136.000000,161.000000,5.000000,
0.049385,0.998281,0.144942,0.185042,0.310235,0.005161,-206.891280,3.180127,1396039.983594,1161963.653002,2307281.130533,207665.587127,1090450.509713,367.888894,98.505769,210.078631,30.154827,36.185793,85.438678,23.118701,49.252885,7.036126,8.041287,523.688835,140.722528,299.537952,43.221919,51.263207,3.000000,2.000000,3.000000,0.000000,1.000000,0.000000,1.000000,2.000000,0.000000,1.000000,0.000000,1.000000,3.000000,0.000000,1.000000,1553.000000,438.000000,932.000000,136.000000,161.000000,5.000000,
0.049385,0.998281,0.144942,0.185042,0.310235,0.005161,-206.891280,3.180127,1396039.983594,1161963.653002,2307281.130533,207665.587127,1090450.509713,367.888894,98.505769,210.078631,30.154827,36.185793,85.438678,23.118701,49.252885,7.036126,8.041287,523.688835,140.722528,299.537952,43.221919,51.263207,3.000000,2.000000,3.000000,0.000000,1.000000,0.000000,1.000000,2.000000,0.000000,1.000000,0.000000,1.000000,3.000000,0.000000,1.000000,1553.000000,438.000000,932.000000,136.000000,161.000000,5.000000,
0.049385,0.998281,0.144942,0.185042,0.310235,0.005161,-206.891280,3.180127,1396039.983594,1161963.653002,2307281.130533,207665.587127,1090450.509713,367.888894,98.505769,210.078631,30.154827,36.185793,85.438678,23.118701,49.252885,7.036126,8.041287,523.688835,140.722528,299.537952,43.221919,51.263207,3.000000,2.000000,3.000000,0.000000,1.000000,0.000000,1.000000,2.000000,0.000000,1.000000,0.000000,1.000000,3.000000,0.000000,1.000000,1553.000000,438.000000,932.000000,136.000000,161.000000,5.000000,
0.049385,0.998281,0.144942,0.185042,0.310235,0.005161,-206.891280,3.180127,1396039.983594,1161963.653002,2307281.130533,207665.587127,1090450.509713,367.888894,98.505769,210.078631,30.154827,36.185793,85.438678,23.118701,49.252885,7.036126,8.041287,523.688835,140.722528,299.537952,43.221919,51.263207,3.000000,2.000000,3.000000,0.000000,1.000000,0.000000,1.000000,2.000000,0.000000,1.000000,0.000000,1.000000,3.000000,0.000000,1.000000,1553.000000,438.000000,932.000000,136.000000,161.000000,5.000000,
0.049385,0.998281,0.144942,0.185042,0.310235,0.005161,-206.891280,3.180127,1396039.983594,1161963.653002,2307281.130533,207665.587127,1090450.509713,367.888894,98.505769,210.078631,30.154827,36.185793,85.438678,23.118701,49.252885,7.036126,8.041287,523.688835,140.722528,299.537952,43.221919,51.263207,3.000000,2.000000,3.000000,0.000000,1.000000,0.000000,1.000000,2.000000,0.000000,1.000000,0.000000,1.000000,3.000000,0.000000,1.000000,1553.000000,438.000000,932.000000,136.000000,161.000000,5.000000,
0.049385,0.998281,0.144942,0.185042,0.310235,0.005161,-206.891280,3.180127,1396039.983594,1161963.653002,2307281.130533,207665.587127,1090450.509713,367.888894,98.505769,210.078631,30.154827,36.185793,85.438678,23.118701,49.252885,7.036126,8.041287,523.688835,140.722528,299.537952,43.221919,51.263207,3.000000,2.000000,3.000000,0.000000,1.000000,0.000000,1.000000,2.000000,0.000000,1.000000,0.000000,1.000000,3.000000,0.000000,1.000000,1553.000000,438.000000,932.000000,136.000000,161.000000,5.000000,
0.049385,0.998281,0.144942,0.185042,0.310235,0.005161,-206.891280,3.180127,1396039.983594,1161963.653002,2307281.130533,207665.587127,1090450.509713,367.888894,98.505769,210.078631,30.154827,36.185793,85.438678,23.118701,49.252885,7.036126,8.041287,523.688835,140.722528,299.537952,43.221919,51.263207,3.000000,2.000000,3.000000,0.000000,1.000000,0.000000,1.000000,2.000000,0.000000,1.000000,0.000000,1.000000,3.000000,0.000000,1.000000,1553.000000,438.000000,932.000000,136.000000,161.000000,5.000000,
0.049385,0.998281,0.144942,0.185042,0.310235,0.005161,-206.891280,3.180127,1396039.983594,1161963.653002,2307281.130533,207665.587127,1090450.509713,367.888894,98.505769,210.078631,30.154827,36.185793,85.438678,23.118701,49.252885,7.036126,8.041287,523.688835,140.722528,299.537952,43.221919,51.263207,3.000000,2.000000,3.000000,0.000000,1.000000,0.000000,1.000000,2.000000,0.000000,1.000000,0.000000,1.000000,3.000000,0.000000,1.000000,1553.000000,438.000000,932.000000,136.000000,161.000000,5.000000,
0.049385,0.998281,0.144942,0.185042,0.310235,0.005161,-206.891280,3.180127,1396039.983594,1161963.653002,2307281.130533,207665.587127,1090450.509713,367.888894,98.505769,210.078631,30.154827,36.185793,85.438678,23.118701,49.252885,7.036126,8.041287,523.688835,140.722528,299.537952,43.221919,51.263207,3.000000,2.000000,3.000000,0.000000,1.000000,0.000000,1.000000,2.000000,0.000000,1.000000,0.000000,1.000000,3.000000,0.000000,1.000000,1553.000000,438.000000,932.000000,136.000000,161.000000,5.000000,
0.049385,0.998281,0.144942,0.185042,0.310235,0.005161,-206.891280,3.180127,1396039.983594,1161963.653002,2307281.130533,207665.587127,1090450.509713,367.888894,98.505769,210.078631,30.154827,36.185793,85.438678,23.118701,49.252885,7.036126,8.041287,523.688835,140.722528,299.537952,43.221919,51.263207,3.000000,2.000000,3.000000,0.000000,1.000000,0.000000,1.000000,2.000000,0.000000,1.000000,0.000000,1.000000,3.000000,0.000000,1.000000,1553.000000,438.000000,932.000000,136.000000,161.000000,5.000000,
0.049385,0.998281,0.144942,0.185042,0.310235,0.005161,-206.891280,3.180127,1396039.983594,1161963.653002,2307281.130533,207665.587127,1090450.509713,367.888894,98.505769,210.078631,30.154827,36.185793,85.438678,23.118701,49.252885,7.036126,8.041287,523.688835,140.722528,299.537952,43.221919,51.263207,3.000000,2.000000,3.000000,0.000000,1.000000,0.000000,1.000000,2.000000,0.000000,1.000000,0.000000,1.000000,3.000000,0.000000,1.000000,1553.000000,438.000000,932.000000,136.000000,161.000000,5.000000,
0.049385,0.998281,0.144942,0.185042,0.310235,0.005161,-206.891280,3.180127,1396039.983594,1161963.653002,2307281.130533,207665.587127,1090450.509713,367.888894,98.505769,210.078631,30.154827,36.185793,85.438678,23.118701,49.252885,7.036126,8.041287,523.688835,140.722528,299.537952,43.221919,51.263207,3.000000,2.000000,3.000000,0.000000,1.000000,0.000000,1.000000,2.000000,0.000000,1.000000,0.000000,1.000000,3.000000,0.000000,1.000000,1553.000000,438.000000,932.000000,136.000000,161.000000,5.000000,
0.049355,0.998859,0.146473,0.169005,0.341910,0.004851,-206.578475,3.181665,1396040.285078,1161963.733956,2307281.302987,207665.611941,1090450.539179,367.775372,98.475373,210.013805,30.145522,36.174627,85.412313,23.111567,49.237686,7.033955,8.038806,523.527237,140.679104,299.445521,43.208582,51.247388,3.000000,2.000000,3.000000,0.000000,1.000000,0.000000,1.000000,2.000000,0.000000,1.000000,0.000000,1.000000,3.000000,0.000000,1.000000,1553.000000,438.000000,932.000000,136.000000,161.000000,5.000000,
0.049355,0.998859,0.146473,0.169005,0.341910,0.004851,-206.578475,3.181665,1396040.285078,1161963.733956,2307281.302987,207665.611941,1090450.539179,367.775372,98.475373,210.013805,30.145522,36.174627,85.412313,23.111567,49.237686,7.033955,8.038806,523.527237,140.679104,299.445521,43.208582,51.247388,3.000000,2.000000,3.000000,0.000000,1.000000,0.000000,1.000000,2.000000,0.000000,1.000000,0.000000,1.000000,3.000000,0.000000,1.000000,1553.000000,438.000000,932.000000,136.000000,161.000000,5.000000,
0.049355,0.998859,0.146473,0.169005,0.341910,0.004851,-206.578475,3.181665,1396040.285078,1161963.733956,2307281.302987,207665.611941,1090450.539179,367.775372,98.475373,210.013805,30.145522,36.174627,85.412313,23.111567,49.237686,7.033955,8.038806,523.527237,140.679104,299.445521,43.208582,51.247388,3.000000,2.000000,3.000000,0.000000,1.000000,0.000000,1.000000,2.000000,0.000000,1.000000,0.000000,1.000000,3.000000,0.000000,1.000000,1553.000000,438.000000,932.000000,136.000000,161.000000,5.000000,
0.049355,0.998859,0.146473,0.169005,0.341910,0.004851,-206.578475,3.181665,1396040.285078,1161963.733956,2307281.302987,207665.611941,1090450.539179,367.775372,98.475373,210.013805,30.145522,36.174627,85.412313,23.111567,49.237686,7.033955,8.038806,523.527237,140.679104,299.445521,43.208582,51.247388,3.000000,2.000000,3.000000,0.000000,1.000000,0.000000,1.000000,2.000000,0.000000,1.000000,0.000000,1.000000,3.000000,0.000000,1.000000,1553.000000,438.000000,932.000000,136.000000,161.000000,5.000000,
0.049355,0.998859,0.146473,0.169005,0.341910,0.004851,-206.578475,3.181665,1396040.285078,1161963.733956,2307281.302987,207665.611941,1090450.539179,367.775372,98.475373,210.013805,30.145522,36.174627,85.412313,23.111567,49.237686,7.033955,8.038806,523.527237,140.679104,299.445521,43.208582,51.247388,3.000000,2.000000,3.000000,0.000000,1.000000,0.000000,1.000000,2.000000,0.000000,1.000000,0.000000,1.000000,3.000000,0.000000,1.000000,1553.000000,438.000000,932.000000,136.000000,161.000000,5.000000,
0.049355,0.998859,0.146473,0.169005,0.341910,0.004851,-206.578475,3.181665,1396040.285078,1161963.733956,2307281.302987,207665.611941,1090450.539179,367.775372,98.475373,210.013805,30.145522,36.174627,85.412313,23.111567,49.237686,7.033955,8.038806,523.527237,140.679104,299.445521,43.208582,51.247388,3.000000,2.000000,3.000000,0.000000,1.000000,0.000000,1.000000,2.000000,0.000000,1.000000,0.000000,1.000000,3.000000,0.000000,1.000000,1553.000000,438.000000,932.000000,136.000000,161.000000,5.000000,
0.049355,0.998859,0.146473,0.169005,0.341910,0.004851,-206.578475,3.181665,1396040.285078,1161963.733956,2307281.302987,207665.611941,1090450.539179,367.775372,98.475373,210.013805,30.145522,36.174627,85.412313,23.111567,49.237686,7.033955,8.038806,523.527237,140.679104,299.445521,43.208582,51.247388,3.000000,2.000000,3.000000,0.000000,1.000000,0.000000,1.000000,2.000000,0.000000,1.000000,0.000000,1.000000,3.000000,0.000000,1.000000,1553.000000,438.000000,932.000000,136.000000,161.000000,5.000000,
0.049355,0.998859,0.146473,0.169005,0.341910,0.004851,-206.578475,3.181665,1396040.285078,1161963.733956,2307281.302987,207665.611941,1090450.539179,367.775372,98.475373,210.013805,30.145522,36.174627,85.412313,23.111567,49.237686,7.033955,8.038806,523.527237,140.679104,299.445521,43.208582,51.247388,3.000000,2.000000,3.000000,0.000000,1.000000,0.000000,1.000000,2.000000,0.000000,1.000000,0.000000,1.000000,3.000000,0.000000,1.000000,1553.000000,438.000000,932.000000,136.000000,161.000000,5.000000,
0.049355,0.998859,0.146473,0.169005,0.341910,0.004851,-206.578475,3.181665,1396040.285078,1161963.733956,2307281.302987,207665.611941,1090450.539179,367.775372,98.475373,210.013805,30.145522,36.174627,85.412313,23.111567,49.237686,7.033955,8.038806,523.527237,140.679104,299.445521,43.208582,51.247388,3.000000,2.000000,3.000000,0.000000,1.000000,0.000000,1.000000,2.000000,0.000000,1.000000,0.000000,1.000000,3.000000,0.000000,1.000000,1553.000000,438.000000,932.000000,136.000000,161.000000,5.000000,
0.049355,0.998859,0.146473,0.169005,0.341910,0.004851,-206.578475,3.181665,1396040.285078,1161963.733956,2307281.302987,207665.611941,1090450.539179,367.775372,98.475373,210.013805,30.145522,36.174627,85.412313,23.111567,49.237686,7.033955,8.038806,523.527237,140.679104,299.445521,43.208582,51.247388,3.000000,2.000000,3.000000,0.000000,1.000000,0.000000,1.000000,2.000000,0.000000,1.000000,0.000000,1.000000,3.000000,0.000000,1.000000,1553.000000,438.000000,932.000000,136.000000,161.000000,5.000000,
0.049355,0.998859,0.146473,0.169005,0.341910,0.004851,-206.578475,3.181665,1396040.285078,1161963.733956,2307281.302987,207665.611941,1090450.539179,367.775372,98.475373,210.013805,30.145522,36.174627,85.412313,23.111567,49.237686,7.033955,8.038806,523.527237,140.679104,299.445521,43.208582,51.247388,3.000000,2.000000,3.000000,0.000000,1.000000,0.000000,1.000000,2.000000,0.000000,1.000000,0.000000,1.000000,3.000000,0.000000,1.000000,1553.000000,438.000000,932.000000,136.000000,161.000000,5.000000,
0.049355,0.998859,0.146473,0.169005,0.341910,0.004851,-206.578475,3.181665,1396040.285078,1161963.733956,2307281.302987,207665.611941,1090450.539179,367.775372,98.475373,210.013805,30.145522,36.174627,85.412313,23.111567,49.237686,7.033955,8.038806,523.527237,140.679104,299.445521,43.208582,51.247388,3.000000,2.000000,3.000000,0.000000,1.000000,0.000000,1.000000,2.000000,0.000000,1.000000,0.000000,1.000000,3.000000,0.000000,1.000000,1553.000000,438.000000,932.000000,136.000000,161.000000,5.000000,
0.049355,0.998859,0.146473,0.169005,0.341910,0.004851,-206.578475,3.181665,1396040.285078,1161963.733956,2307281.302987,207665.611941,1090450.539179,367.775372,98.475373,210.013805,30.145522,36.174627,85.412313,23.111567,49.237686,7.033955,8.038806,523.527237,140.679104,299.445521,43.208582,51.247388,3.000000,2.000000,3.000000,0.000000,1.000000,0.000000,1.000000,2.000000,0.000000,1.000000,0.000000,1.000000,3.000000,0.000000,1.000000,1553.000000,438.000000,932.000000,136.000000,161.000000,5.000000,
0.049355,0.998859,0.146473,0.169005,0.341910,0.004851,-206.578475,3.181665,1396040.285078,1161963.733956,2307281.302987,207665.611941,1090450.539179,367.775372,98.475373,210.013805,30.145522,36.174627,85.412313,23.111567,49.237686,7.033955,8.038806,523.527237,140.679104,299.445521,43.208582,51.247388,3.000000,2.000000,3.000000,0.000000,1.000000,0.000000,1.000000,2.000000,0.000000,1.000000,0.000000,1.000000,3.000000,0.000000,1.000000,1553.000000,438.000000,932.000000,136.000000,161.000000,5.000000,
0.049355,0.998859,0.146473,0.169005,0.341910,0.004851,-206.578475,3.181665,1396040.285078,1161963.733956,2307281.302987,207665.611941,1090450.539179,367.775372,98.475373,210.013805,30.145522,36.174627,85.412313,23.111567,49.237686,7.033955,8.038806,523.527237,140.679104,299.445521,43.208582,51.247388,3.000000,2.000000,3.000000,0.000000,1.000000,0.000000,1.000000,2.000000,0.000000,1.000000,0.000000,1.000000,3.000000,0.000000,1.000000,1553.000000,438.000000,932.000000,136.000000,161.000000,5.000000,
0.049355,0.998859,0.146473,0.169005,0.341910,0.004851,-206.578475,3.181665,1396040.285078,1161963.733956,2307281.302987,207665.611941,1090450.539179,367.775372,98.475373,210.013805,30.145522,36.174627,85.412313,23.111567,49.237686,7.033955,8.038806,523.527237,140.679104,299.445521,43.208582,51.247388,3.000000,2.000000,3.000000,0.000000,1.000000,0.000000,1.000000,2.000000,0.000000,1.000000,0.000000,1.000000,3.000000,0.000000,1.000000,1553.000000,438.000000,932.000000,136.000000,161.000000,5.000000,
0.049355,0.998859,0.146473,0.169005,0.341910,0.004851,-206.578475,3.181665,1396040.285078,1161963.733956,2307281.302987,207665.611941,1090450.539179,367.775372,98.475373,210.013805,30.145522,36.174627,85.412313,23.111567,49.237686,7.033955,8.038806,523.527237,140.679104,299.445521,43.208582,51.247388,3.000000,2.000000,3.000000,0.000000,1.000000,0.000000,1.000000,2.000000,0.000000,1.000000,0.000000,1.000000,3.000000,0.000000,1.000000,1553.000000,438.000000,932.000000,136.000000,161.000000,5.000000,
0.049355,0.998859,0.146473,0.169005,0.341910,0.004851,-206.578475,3.181665,1396040.285078,1161963.733956,2307281.302987,207665.611941,1090450.539179,367.775372,98.475373,210.013805,30.145522,36.174627,85.412313,23.111567,49.237686,7.033955,8.038806,523.527237,140.679104,299.445521,43.208582,51.247388,3.000000,2.000000,3.000000,0.000000,1.000000,0.000000,1.000000,2.000000,0.000000,1.000000,0.000000,1.000000,3.000000,0.000000,1.000000,1553.000000,438.000000,932.000000,136.000000,161.000000,5.000000,
0.049355,0.998859,0.146473,0.169005,0.341910,0.004851,-206.578475,3.181665,1396040.285078,1161963.733956,2307281.302987,207665.611941,1090450.539179,367.775372,98.475373,210.013805,30.145522,36.174627,85.412313,23.111567,49.237686,7.033955,8.038806,523.527237,140.679104,299.445521,43.208582,51.247388,3.000000,2.000000,3.000000,0.000000,1.000000,0.000000,1.000000,2.000000,0.000000,1.000000,0.000000,1.000000,3.000000,0.000000,1.000000,1553.000000,438.000000,932.000000,136.000000,161.000000,5.000000,
0.049355,0.998859,0.146473,0.169005,0.341910,0.004851,-206.578475,3.181665,1396040.285078,1161963.733956,2307281.302987,207665.611941,1090450.539179,367.775372,98.475373,210.013805,30.145522,36.174627,85.412313,23.111567,49.237686,7.033955,8.038806,523.527237,140.679104,299.445521,43.208582,51.247388,3.000000,2.000000,3.000000,0.000000,1.000000,0.000000,1.000000,2.000000,0.000000,1.000000,0.000000,1.000000,3.000000,0.000000,1.000000,1553.000000,438.000000,932.000000,136.000000,161.000000,5.000000,
0.049355,0.998859,0.146473,0.169005,0.341910,0.004851,-206.578475,3.181665,1396040.285078,1161963.733956,2307281.302987,207665.611941,1090450.539179,367.775372,98.475373,210.013805,30.145522,36.174627,85.412313,23.111567,49.237686,7.033955,8.038806,523.527237,140.679104,299.445521,43.208582,51.247388,3.000000,2.000000,3.000000,0.000000,1.000000,0.000000,1.000000,2.000000,0.000000,1.000000,0.000000,1.000000,3.000000,0.000000,1.000000,1553.000000,438.000000,932.000000,136.000000,161.000000,5.000000,
0.049355,0.998859,0.146473,0.169005,0.341910,0.004851,-206.578475,3.181665,1396040.285078,1161963.733956,2307281.302987,207665.611941,1090450.539179,367.775372,98.475373,210.013805,30.145522,36.174627,85.412313,23.111567,49.237686,7.033955,8.038806,523.527237,140.679104,299.445521,43.208582,51.247388,3.000000,2.000000,3.000000,0.000000,1.000000,0.000000,1.000000,2.000000,0.000000,1.000000,0.000000,1.000000,3.000000,0.000000,1.000000,1553.000000,438.000000,932.000000,136.000000,161.000000,5.000000,
0.049355,0.998859,0.146473,0.169005,0.341910,0.004851,-206.578475,3.181665,1396040.285078,1161963.733956,2307281.302987,207665.611941,1090450.539179,367.775372,98.475373,210.013805,30.145522,36.174627,85.412313,23.111567,49.237686,7.033955,8.038806,523.527237,140.679104,299.445521,43.208582,51.247388,3.000000,2.000000,3.000000,0.000000,1.000000,0.000000,1.000000,2.000000,0.000000,1.000000,0.000000,1.000000,3.000000,0.000000,1.000000,1553.000000,438.000000,932.000000,136.000000,161.000000,5.000000,
0.049355,0.998859,0.146473,0.169005,0.341910,0.004851,-206.578475,3.181665,1396040.285078,1161963.733956,2307281.302987,207665.611941,1090450.539179,367.775372,98.475373,210.013805,30.145522,36.174627,85.412313,23.111567,49.237686,7.033955,8.038806,523.527237,140.679104,299.445521,43.208582,51.247388,3.000000,2.000000,3.000000,0.000000,1.000000,0.000000,1.000000,2.000000,0.000000,1.000000,0.000000,1.000000,3.000000,0.000000,1.000000,1553.000000,438.000000,932.000000,136.000000,161.000000,5.000000,
0.049355,0.998859,0.146473,0.169005,0.341910,0.004851,-206.578475,3.181665,1396040.285078,1161963.733956,2307281.302987,207665.611941,1090450.539179,367.775372,98.475373,210.013805,30.145522,36.174627,85.412313,23.111567,49.237686,7.033955,8.038806,523.527237,140.679104,299.445521,43.208582,51.247388,3.000000,2.000000,3.000000,0.000000,1.000000,0.000000,1.000000,2.000000,0.000000,1.000000,0.000000,1.000000,3.000000,0.000000,1.000000,1553.000000,438.000000,932.000000,136.000000,161.000000,5.000000,
0.049355,0.998859,0.146473,0.169005,0.341910,0.004851,-206.578475,3.181665,1396040.285078,1161963.733956,2307281.302987,207665.611941,1090450.539179,367.775372,98.475373,210.013805,30.145522,36.174627,85.412313,23.111567,49.237686,7.033955,8.038806,523.527237,140.679104,299.445521,43.208582,51.247388,3.000000,2.000000,3.000000,0.000000,1.000000,0.000000,1.000000,2.000000,0.000000,1.000000,0.000000,1.000000,3.000000,0.000000,1.000000,1553.000000,438.000000,932.000000,136.000000,161.000000,5.000000,
0.049355,0.998859,0.146473,0.169005,0.341910,0.004851,-206.578475,3.181665,1396040.285078,1161963.733956,2307281.302987,207665.611941,1090450.539179,367.775372,98.475373,210.013805,30.145522,36.174627,85.412313,23.111567,49.237686,7.033955,8.038806,523.527237,140.679104,299.445521,43.208582,51.247388,3.000000,2.000000,3.000000,0.000000,1.000000,0.000000,1.000000,2.000000,0.000000,1.000000,0.000000,1.000000,3.000000,0.000000,1.000000,1553.000000,438.000000,932.000000,136.000000,161.000000,5.000000,
0.049355,0.998859,0.146473,0.169005,0.341910,0.004851,-206.578475,3.181665,1396040.285078,1161963.733956,2307281.302987,207665.611941,1090450.539179,367.775372,98.475373,210.013805,30.145522,36.174627,85.412313,23.111567,49.237686,7.033955,8.038806,523.527237,140.679104,299.445521,43.208582,51.247388,3.000000,2.000000,3.000000,0.000000,1.000000,0.000000,1.000000,2.000000,0.000000,1.000000,0.000000,1.000000,3.000000,0.000000,1.000000,1553.000000,438.000000,932.000000,136.000000,161.000000,5.000000,
0.049352,0.995976,0.148613,0.177788,0.308140,0.004451,-207.474067,3.186240,1396040.673192,1161963.838172,2307281.524995,207665.643884,1090450.577112,367.629230,98.436242,209.930353,30.133543,36.160252,85.378373,23.102383,49.218121,7.031160,8.035612,523.319205,140.623203,299.326532,43.191412,51.227024,3.000000,2.000000,3.000000,0.000000,1.000000,0.000000,1.000000,2.000000,0.000000,1.000000,0.000000,1.000000,3.000000,0.000000,1.000000,1553.000000,438.000000,932.000000,136.000000,161.000000,5.000000,
0.049352,0.995976,0.148613,0.177788,0.308140,0.004451,-207.474067,3.186240,1396040.673192,1161963.838172,2307281.524995,207665.643884,1090450.577112,367.629230,98.436242,209.930353,30.133543,36.160252,85.378373,23.102383,49.218121,7.031160,8.035612,523.319205,140.623203,299.326532,43.191412,51.227024,3.000000,2.000000,3.000000,0.000000,1.000000,0.000000,1.000000,2.000000,0.000000,1.000000,0.000000,1.000000,3.000000,0.000000,1.000000,1553.000000,438.000000,932.000000,136.000000,161.000000,5.000000,
0.049352,0.995976,0.148613,0.177788,0.308140,0.004451,-207.474067,3.186240,1396040.673192,1161963.838172,2307281.524995,207665.643884,1090450.577112,367.629230,98.436242,209.930353,30.133543,36.160252,85.378373,23.102383,49.218121,7.031160,8.035612,523.319205,140.623203,299.326532,43.191412,51.227024,3.000000,2.000000,3.000000,0.000000,1.000000,0.000000,1.000000,2.000000,0.000000,1.000000,0.000000,1.000000,3.000000,0.000000,1.000000,1553.000000,438.000000,932.000000,136.000000,161.000000,5.000000,
0.049386,0.999071,0.146161,0.168178,0.346181,0.004159,-205.570087,3.182923,1396040.957876,1161963.914615,2307281.687839,207665.667315,1090450.604936,367.522034,98.407539,209.869140,30.124757,36.149708,85.353478,23.095647,49.203770,7.029110,8.033269,523.166612,140.582199,299.239252,43.178818,51.212087,3.000000,2.000000,3.000000,0.000000,1.000000,0.000000,1.000000,2.000000,0.000000,1.000000,0.000000,1.000000,3.000000,0.000000,1.000000,1553.000000,438.000000,932.000000,136.000000,161.000000,5.000000,
0.049386,0.999071,0.146161,0.168178,0.346181,0.004159,-205.570087,3.182923,1396040.957876,1161963.914615,2307281.687839,207665.667315,1090450.604936,367.522034,98.407539,209.869140,30.124757,36.149708,85.353478,23.095647,49.203770,7.029110,8.033269,523.166612,140.582199,299.239252,43.178818,51.212087,3.000000,2.000000,3.000000,0.000000,1.000000,0.000000,1.000000,2.000000,0.000000,1.000000,0.000000,1.000000,3.000000,0.000000,1.000000,1553.000000,438.000000,932.000000,136.000000,161.000000,5.000000,
0.049386,0.999071,0.146161,0.168178,0.346181,0.004159,-205.570087,3.182923,1396040.957876,1161963.914615,2307281.687839,207665.667315,1090450.604936,367.522034,98.407539,209.869140,30.124757,36.149708,85.353478,23.095647,49.203770,7.029110,8.033269,523.166612,140.582199,299.239252,43.178818,51.212087,3.000000,2.000000,3.000000,0.000000,1.000000,0.000000,1.000000,2.000000,0.000000,1.000000,0.000000,1.000000,3.000000,0.000000,1.000000,1553.000000,438.000000,932.000000,136.000000,161.000000,5.000000,
0.049386,0.999071,0.146161,0.168178,0.346181,0.004159,-205.570087,3.182923,1396040.957876,1161963.914615,2307281.687839,207665.667315,1090450.604936,367.522034,98.407539,209.869140,30.124757,36.149708,85.353478,23.095647,49.203770,7.029110,8.033269,523.166612,140.582199,299.239252,43.178818,51.212087,3.000000,2.000000,3.000000,0.000000,1.000000,0.000000,1.000000,2.000000,0.000000,1.000000,0.000000,1.000000,3.000000,0.000000,1.000000,1553.000000,438.000000,932.000000,136.000000,161.000000,5.000000,
0.049386,0.999071,0.146161,0.168178,0.346181,0.004159,-205.570087,3.182923,1396040.957876,1161963.914615,2307281.687839,207665.667315,1090450.604936,367.522034,98.407539,209.869140,30.124757,36.149708,85.353478,23.095647,49.203770,7.029110,8.033269,523.166612,140.582199,299.239252,43.178818,51.212087,3.000000,2.000000,3.000000,0.000000,1.000000,0.000000,1.000000,2.000000,0.000000,1.000000,0.000000,1.000000,3.000000,0.000000,1.000000,1553.000000,438.000000,932.000000,136.000000,161.000000,5.000000,
0.049386,0.999071,0.146161,0.168178,0.346181,0.004159,-205.570087,3.182923,1396040.957876,1161963.914615,2307281.687839,207665.667315,1090450.604936,367.522034,98.407539,209.869140,30.124757,36.149708,85.353478,23.095647,49.203770,7.029110,8.033269,523.166612,140.582199,299.239252,43.178818,51.212087,3.000000,2.000000,3.000000,0.000000,1.000000,0.000000,1.000000,2.000000,0.000000,1.000000,0.000000,1.000000,3.000000,0.000000,1.000000,1553.000000,438.000000,932.000000,136.000000,161.000000,5.000000,
0.049386,0.999071,0.146161,0.168178,0.346181,0.004159,-205.570087,3.182923,1396040.957876,1161963.914615,2307281.687839,207665.667315,1090450.604936,367.522034,98.407539,209.869140,30.124757,36.149708,85.353478,23.095647,49.203770,7.029110,8.033269,523.166612,140.582199,299.239252,43.178818,51.212087,3.000000,2.000000,3.000000,0.000000,1.000000,0.000000,1.000000,2.000000,0.000000,1.000000,0.000000,1.000000,3.000000,0.000000,1.000000,1553.000000,438.000000,932.000000,136.000000,161.000000,5.000000,
0.049386,0.999071,0.146161,0.168178,0.346181,0.004159,-205.570087,3.182923,1396040.957876,1161963.914615,2307281.687839,207665.667315,1090450.604936,367.522034,98.407539,209.869140,30.124757,36.149708,85.353478,23.095647,49.203770,7.029110,8.033269,523.166612,140.582199,299.239252,43.178818,51.212087,3.000000,2.000000,3.000000,0.000000,1.000000,0.000000,1.000000,2.000000,0.000000,1.000000,0.000000,1.000000,3.000000,0.000000,1.000000,1553.000000,438.000000,932.000000,136.000000,161.000000,5.000000,
0.049386,0.999071,0.146161,0.168178,0.346181,0.004159,-205.570087,3.182923,1396040.957876,1161963.914615,2307281.687839,207665.667315,1090450.604936,367.522034,98.407539,209.869140,30.124757,36.149708,85.353478,23.095647,49.203770,7.029110,8.033269,523.166612,140.582199,299.239252,43.178818,51.212087,3.000000,2.000000,3.000000,0.000000,1.000000,0.000000,1.000000,2.000000,0.000000,1.000000,0.000000,1.000000,3.000000,0.000000,1.000000,1553.000000,438.000000,932.000000,136.000000,161.000000,5.000000,
0.049386,0.999071,0.146161,0.168178,0.346181,0.004159,-205.570087,3.182923,1396040.957876,1161963.914615,2307281.687839,207665.667315,1090450.604936,367.522034,98.407539,209.869140,30.124757,36.149708,85.353478,23.095647,49.203770,7.029110,8.033269,523.166612,140.582199,299.239252,43.178818,51.212087,3.000000,2.000000,3.000000,0.000000,1.000000,0.000000,1.000000,2.000000,0.000000,1.000000,0.000000,1.000000,3.000000,0.000000,1.000000,1553.000000,438.000000,932.000000,136.000000,161.000000,5.000000,
0.049386,0.999071,0.146161,0.168178,0.346181,0.004159,-205.570087,3.182923,1396040.957876,1161963.914615,2307281.687839,207665.667315,1090450.604936,367.522034,98.407539,209.869140,30.124757,36.149708,85.353478,23.095647,49.203770,7.029110,8.033269,523.166612,140.582199,299.239252,43.178818,51.212087,3.000000,2.000000,3.000000,0.000000,1.000000,0.000000,1.000000,2.000000,0.000000,1.000000,0.000000,1.000000,3.000000,0.000000,1.000000,1553.000000,438.000000,932.000000,136.000000,161.000000,5.000000,
0.049386,0.999071,0.146161,0.168178,0.346181,0.004159,-205.570087,3.182923,1396040.957876,1161963.914615,2307281.687839,207665.667315,1090450.604936,367.522034,98.407539,209.869140,30.124757,36.149708,85.353478,23.095647,49.203770,7.029110,8.033269,523.166612,140.582199,299.239252,43.178818,51.212087,3.000000,2.000000,3.000000,0.000000,1.000000,0.000000,1.000000,2.000000,0.000000,1.000000,0.000000,1.000000,3.000000,0.000000,1.000000,1553.000000,438.000000,932.000000,136.000000,161.000000,5.000000,
0.049386,0.999071,0.146161,0.168178,0.346181,0.004159,-205.570087,3.182923,1396040.957876,1161963.914615,2307281.687839,207665.667315,1090450.604936,367.522034,98.407539,209.869140,30.124757,36.149708,85.353478,23.095647,49.203770,7.029110,8.033269,523.166612,140.582199,299.239252,43.178818,51.212087,3.000000,2.000000,3.000000,0.000000,1.000000,0.000000,1.000000,2.000000,0.000000,1.000000,0.000000,1.000000,3.000000,0.000000,1.000000,1553.000000,438.000000,932.000000,136.000000,161.000000,5.000000,
0.049386,0.999071,0.146161,0.168178,0.346181,0.004159,-205.570087,3.182923,1396040.957876,1161963.914615,2307281.687839,207665.667315,1090450.604936,367.522034,98.407539,209.869140,30.124757,36.149708,85.353478,23.095647,49.203770,7.029110,8.033269,523.166612,140.582199,299.239252,43.178818,51.212087,3.000000,2.000000,3.000000,0.000000,1.000000,0.000000,1.000000,2.000000,0.000000,1.000000,0.000000,1.000000,3.000000,0.000000,1.000000,1553.000000,438.000000,932.000000,136.000000,161.000000,5.000000,
0.049386,0.999071,0.146161,0.168178,0.346181,0.004159,-205.570087,3.182923,1396040.957876,1161963.914615,2307281.687839,207665.667315,1090450.604936,367.522034,98.407539,209.869140,30.124757,36.149708,85.353478,23.095647,49.203770,7.029110,8.033269,523.166612,140.582199,299.239252,43.178818,51.212087,3.000000,2.000000,3.000000,0.000000,1.000000,0.000000,1.000000,2.000000,0.000000,1.000000,0.000000,1.000000,3.000000,0.000000,1.000000,1553.000000,438.000000,932.000000,136.000000,161.000000,5.000000,
0.049386,0.999071,0.146161,0.168178,0.346181,0.004159,-205.570087,3.182923,1396040.957876,1161963.914615,2307281.687839,207665.667315,1090450.604936,367.522034,98.407539,209.869140,30.124757,36.149708,85.353478,23.095647,49.203770,7.029110,8.033269,523.166612,140.582199,299.239252,43.178818,51.212087,3.000000,2.000000,3.000000,0.000000,1.000000,0.000000,1.000000,2.000000,0.000000,1.000000,0.000000,1.000000,3.000000,0.000000,1.000000,1553.000000,438.000000,932.000000,136.000000,161.000000,5.000000,
0.049386,0.999071,0.146161,0.168178,0.346181,0.004159,-205.570087,3.182923,1396040.957876,1161963.914615,2307281.687839,207665.667315,1090450.604936,367.522034,98.407539,209.869140,30.124757,36.149708,85.353478,23.095647,49.203770,7.029110,8.033269,523.166612,140.582199,299.239252,43.178818,51.212087,3.000000,2.000000,3.000000,0.000000,1.000000,0.000000,1.000000,2.000000,0.000000,1.000000,0.000000,1.000000,3.000000,0.000000,1.000000,1553.000000,438.000000,932.000000,136.000000,161.000000,5.000000,
0.049386,0.999071,0.146161,0.168178,0.346181,0.004159,-205.570087,3.182923,1396040.957876,1161963.914615,2307281.687839,207665.667315,1090450.604936,367.522034,98.407539,209.869140,30.124757,36.149708,85.353478,23.095647,49.203770,7.029110,8.033269,523.166612,140.582199,299.239252,43.178818,51.212087,3.000000,2.000000,3.000000,0.000000,1.000000,0.000000,1.000000,2.000000,0.000000,1.000000,0.000000,1.000000,3.000000,0.000000,1.000000,1553.000000,438.000000,932.000000,136.000000,161.000000,5.000000,
0.049386,0.999071,0.146161,0.168178,0.346181,0.004159,-205.570087,3.182923,1396040.957876,1161963.914615,2307281.687839,207665.667315,1090450.604936,367.522034,98.407539,209.869140,30.124757,36.149708,85.353478,23.095647,49.203770,7.029110,8.033269,523.166612,140.582199,299.239252,43.178818,51.212087,3.000000,2.000000,3.000000,0.000000,1.000000,0.000000,1.000000,2.000000,0.000000,1.000000,0.000000,1.000000,3.000000,0.000000,1.000000,1553.000000,438.000000,932.000000,136.000000,161.000000,5.000000,
0.049386,0.999071,0.146161,0.168178,0.346181,0.004159,-205.570087,3.182923,1396040.957876,1161963.914615,2307281.687839,207665.667315,1090450.604936,367.522034,98.407539,209.869140,30.124757,36.149708,85.353478,23.095647,49.203770,7.029110,8.033269,523.166612,140.582199,299.239252,43.178818,51.212087,3.000000,2.000000,3.000000,0.000000,1.000000,0.000000,1.000000,2.000000,0.000000,1.000000,0.000000,1.000000,3.000000,0.000000,1.000000,1553.000000,438.000000,932.000000,136.000000,161.000000,5.000000,
0.049386,0.999071,0.146161,0.168178,0.346181,0.004159,-205.570087,3.182923,1396040.957876,1161963.914615,2307281.687839,207665.667315,1090450.604936,367.522034,98.407539,209.869140,30.124757,36.149708,85.353478,23.095647,49.203770,7.029110,8.033269,523.166612,140.582199,299.239252,43.178818,51.212087,3.000000,2.000000,3.000000,0.000000,1.000000,0.000000,1.000000,2.000000,0.000000,1.000000,0.000000,1.000000,3.000000,0.000000,1.000000,1553.000000,438.000000,932.000000,136.000000,161.000000,5.000000,
0.049386,0.999071,0.146161,0.168178,0.346181,0.004159,-205.570087,3.182923,1396040.957876,1161963.914615,2307281.687839,207665.667315,1090450.604936,367.522034,98.407539,209.869140,30.124757,36.149708,85.353478,23.095647,49.203770,7.029110,8.033269,523.166612,140.582199,299.239252,43.178818,51.212087,3.000000,2.000000,3.000000,0.000000,1.000000,0.000000,1.000000,2.000000,0.000000,1.000000,0.000000,1.000000,3.000000,0.000000,1.000000,1553.000000,438.000000,932.000000,136.000000,161.000000,5.000000,
0.049386,0.999071,0.146161,0.168178,0.346181,0.004159,-205.570087,3.182923,1396040.957876,1161963.914615,2307281.687839,207665.667315,1090450.604936,367.522034,98.407539,209.869140,30.124757,36.149708,85.353478,23.095647,49.203770,7.029110,8.033269,523.166612,140.582199,299.239252,43.178818,51.212087,3.000000,2.000000,3.000000,0.000000,1.000000,0.000000,1.000000,2.000000,0.000000,1.000000,0.000000,1.000000,3.000000,0.000000,1.000000,1553.000000,438.000000,932.000000,136.000000,161.000000,5.000000,
0.049386,0.999071,0.146161,0.168178,0.346181,0.004159,-205.570087,3.182923,1396040.957876,1161963.914615,2307281.687839,207665.667315,1090450.604936,367.522034,98.407539,209.869140,30.124757,36.149708,85.353478,23.095647,49.203770,7.029110,8.033269,523.166612,140.582199,299.239252,43.178818,51.212087,3.000000,2.000000,3.000000,0.000000,1.000000,0.000000,1.000000,2.000000,0.000000,1.000000,0.000000,1.000000,3.000000,0.000000,1.000000,1553.000000,438.000000,932.000000,136.000000,161.000000,5.000000,
0.049386,0.999071,0.146161,0.168178,0.346181,0.004159,-205.570087,3.182923,1396040.957876,1161963.914615,2307281.687839,207665.667315,1090450.604936,367.522034,98.407539,209.869140,30.124757,36.149708,85.353478,23.095647,49.203770,7.029110,8.033269,523.166612,140.582199,299.239252,43.178818,51.212087,3.000000,2.000000,3.000000,0.000000,1.000000,0.000000,1.000000,2.000000,0.000000,1.000000,0.000000,1.000000,3.000000,0.000000,1.000000,1553.000000,438.000000,932.000000,136.000000,161.000000,5.000000,
0.049386,0.999071,0.146161,0.168178,0.346181,0.004159,-205.570087,3.182923,1396040.957876,1161963.914615,2307281.687839,207665.667315,1090450.604936,367.522034,98.407539,209.869140,30.124757,36.149708,85.353478,23.095647,49.203770,7.029110,8.033269,523.166612,140.582199,299.239252,43.178818,51.212087,3.000000,2.000000,3.000000,0.000000,1.000000,0.000000,1.000000,2.000000,0.000000,1.000000,0.000000,1.000000,3.000000,0.000000,1.000000,1553.000000,438.000000,932.000000,136.000000,161.000000,5.000000,
0.049386,0.999071,0.146161,0.168178,0.346181,0.004159,-205.570087,3.182923,1396040.957876,1161963.914615,2307281.687839,207665.667315,1090450.604936,367.522034,98.407539,209.869140,30.124757,36.149708,85.353478,23.095647,49.203770,7.029110,8.033269,523.166612,140.582199,299.239252,43.178818,51.212087,3.000000,2.000000,3.000000,0.000000,1.000000,0.000000,1.000000,2.000000,0.000000,1.000000,0.000000,1.000000,3.000000,0.000000,1.000000,1553.000000,438.000000,932.000000,136.000000,161.000000,5.000000,
0.049386,0.999071,0.146161,0.168178,0.346181,0.004159,-205.570087,3.182923,1396040.957876,1161963.914615,2307281.687839,207665.667315,1090450.604936,367.522034,98.407539,209.869140,30.124757,36.149708,85.353478,23.095647,49.203770,7.029110,8.033269,523.166612,140.582199,299.239252,43.178818,51.212087,3.000000,2.000000,3.000000,0.000000,1.000000,0.000000,1.000000,2.000000,0.000000,1.000000,0.000000,1.000000,3.000000,0.000000,1.000000,1553.000000,438.000000,932.000000,136.000000,161.000000,5.000000,
0.049386,0.999071,0.146161,0.168178,0.346181,0.004159,-205.570087,3.182923,1396040.957876,1161963.914615,2307281.687839,207665.667315,1090450.604936,367.522034,98.407539,209.869140,30.124757,36.149708,85.353478,23.095647,49.203770,7.029110,8.033269,523.166612,140.582199,299.239252,43.178818,51.212087,3.000000,2.000000,3.000000,0.000000,1.000000,0.000000,1.000000,2.000000,0.000000,1.000000,0.000000,1.000000,3.000000,0.000000,1.000000,1553.000000,438.000000,932.000000,136.000000,161.000000,5.000000,
0.049386,0.999071,0.146161,0.168178,0.346181,0.004159,-205.570087,3.182923,1396040.957876,1161963.914615,2307281.687839,207665.667315,1090450.604936,367.522034,98.407539,209.869140,30.124757,36.149708,85.353478,23.095647,49.203770,7.029110,8.033269,523.166612,140.582199,299.239252,43.178818,51.212087,3.000000,2.000000,3.000000,0.000000,1.000000,0.000000,1.000000,2.000000,0.000000,1.000000,0.000000,1.000000,3.000000,0.000000,1.000000,1553.000000,438.000000,932.000000,136.000000,161.000000,5.000000,
0.049386,0.999071,0.146161,0.168178,0.346181,0.004159,-205.570087,3.182923,1396040.957876,1161963.914615,2307281.687839,207665.667315,1090450.604936,367.522034,98.407539,209.869140,30.124757,36.149708,85.353478,23.095647,49.203770,7.029110,8.033269,523.166612,140.582199,299.239252,43.178818,51.212087,3.000000,2.000000,3.000000,0.000000,1.000000,0.000000,1.000000,2.000000,0.000000,1.000000,0.000000,1.000000,3.000000,0.000000,1.000000,1553.000000,438.000000,932.000000,136.000000,161.000000,5.000000,
0.049386,0.999071,0.146161,0.168178,0.346181,0.004159,-205.570087,3.182923,1396040.957876,1161963.914615,2307281.687839,207665.667315,1090450.604936,367.522034,98.407539,209.869140,30.124757,36.149708,85.353478,23.095647,49.203770,7.029110,8.033269,523.166612,140.582199,299.239252,43.178818,51.212087,3.000000,2.000000,3.000000,0.000000,1.000000,0.000000,1.000000,2.000000,0.000000,1.000000,0.000000,1.000000,3.000000,0.000000,1.000000,1553.000000,438.000000,932.000000,136.000000,161.000000,5.000000,
0.049386,0.999071,0.146161,0.168178,0.346181,0.004159,-205.570087,3.182923,1396040.957876,1161963.914615,2307281.687839,207665.667315,1090450.604936,367.522034,98.407539,209.869140,30.124757,36.149708,85.353478,23.095647,49.203770,7.029110,8.033269,523.166612,140.582199,299.239252,43.178818,51.212087,3.000000,2.000000,3.000000,0.000000,1.000000,0.000000,1.000000,2.000000,0.000000,1.000000,0.000000,1.000000,3.000000,0.000000,1.000000,1553.000000,438.000000,932.000000,136.000000,161.000000,5.000000,
0.049386,0.999071,0.146161,0.168178,0.346181,0.004159,-205.570087,3.182923,1396040.957876,1161963.914615,2307281.687839,207665.667315,1090450.604936,367.522034,98.407539,209.869140,30.124757,36.149708,85.353478,23.095647,49.203770,7.029110,8.033269,523.166612,140.582199,299.239252,43.178818,51.212087,3.000000,2.000000,3.000000,0.000000,1.000000,0.000000,1.000000,2.000000,0.000000,1.000000,0.000000,1.000000,3.000000,0.000000,1.000000,1553.000000,438.000000,932.000000,136.000000,161.000000,5.000000,
0.049386,0.999071,0.146161,0.168178,0.346181,0.004159,-205.570087,3.182923,1396040.957876,1161963.914615,2307281.687839,207665.667315,1090450.604936,367.522034,98.407539,209.869140,30.124757,36.149708,85.353478,23.095647,49.203770,7.029110,8.033269,523.166612,140.582199,299.239252,43.178818,51.212087,3.000000,2.000000,3.000000,0.000000,1.000000,0.000000,1.000000,2.000000,0.000000,1.000000,0.000000,1.000000,3.000000,0.000000,1.000000,1553.000000,438.000000,932.000000,136.000000,161.000000,5.000000,
0.049386,0.999071,0.146161,0.168178,0.346181,0.004159,-205.570087,3.182923,1396040.957876,1161963.914615,2307281.687839,207665.667315,1090450.604936,367.522034,98.407539,209.869140,30.124757,36.149708,85.353478,23.095647,49.203770,7.029110,8.033269,523.166612,140.582199,299.239252,43.178818,51.212087,3.000000,2.000000,3.000000,0.000000,1.000000,0.000000,1.000000,2.000000,0.000000,1.000000,0.000000,1.000000,3.000000,0.000000,1.000000,1553.000000,438.000000,932.000000,136.000000,161.000000,5.000000,
0.049386,0.999071,0.146161,0.168178,0.346181,0.004159,-205.570087,3.182923,1396040.957876,1161963.914615,2307281.687839,207665.667315,1090450.604936,367.522034,98.407539,209.869140,30.124757,36.149708,85.353478,23.095647,49.203770,7.029110,8.033269,523.166612,140.582199,299.239252,43.178818,51.212087,3.000000,2.000000,3.000000,0.000000,1.000000,0.000000,1.000000,2.000000,0.000000,1.000000,0.000000,1.000000,3.000000,0.000000,1.000000,1553.000000,438.000000,932.000000,136.000000,161.000000,5.000000,
0.049386,0.999071,0.146161,0.168178,0.346181,0.004159,-205.570087,3.182923,1396040.957876,1161963.914615,2307281.687839,207665.667315,1090450.604936,367.522034,98.407539,209.869140,30.124757,36.149708,85.353478,23.095647,49.203770,7.029110,8.033269,523.166612,140.582199,299.239252,43.178818,51.212087,3.000000,2.000000,3.000000,0.000000,1.000000,0.000000,1.000000,2.000000,0.000000,1.000000,0.000000,1.000000,3.000000,0.000000,1.000000,1553.000000,438.000000,932.000000,136.000000,161.000000,5.000000,
0.049386,0.999071,0.146161,0.168178,0.346181,0.004159,-205.570087,3.182923,1396040.957876,1161963.914615,2307281.687839,207665.667315,1090450.604936,367.522034,98.407539,209.869140,30.124757,36.149708,85.353478,23.095647,49.203770,7.029110,8.033269,523.166612,140.582199,299.239252,43.178818,51.212087,3.000000,2.000000,3.000000,0.000000,1.000000,0.000000,1.000000,2.000000,0.000000,1.000000,0.000000,1.000000,3.000000,0.000000,1.000000,1553.000000,438.000000,932.000000,136.000000,161.000000,5.000000,
0.049386,0.999071,0.146161,0.168178,0.346181,0.004159,-205.570087,3.182923,1396040.957876,1161963.914615,2307281.687839,207665.667315,1090450.604936,367.522034,98.407539,209.869140,30.124757,36.149708,85.353478,23.095647,49.203770,7.029110,8.033269,523.166612,140.582199,299.239252,43.178818,51.212087,3.000000,2.000000,3.000000,0.000000,1.000000,0.000000,1.000000,2.000000,0.000000,1.000000,0.000000,1.000000,3.000000,0.000000,1.000000,1553.000000,438.000000,932.000000,136.000000,161.000000,5.000000,
0.049386,0.999071,0.146161,0.168178,0.346181,0.004159,-205.570087,3.182923,1396040.957876,1161963.914615,2307281.687839,207665.667315,1090450.604936,367.522034,98.407539,209.869140,30.124757,36.149708,85.353478,23.095647,49.203770,7.029110,8.033269,523.166612,140.582199,299.239252,43.178818,51.212087,3.000000,2.000000,3.000000,0.000000,1.000000,0.000000,1.000000,2.000000,0.000000,1.000000,0.000000,1.000000,3.000000,0.000000,1.000000,1553.000000,438.000000,932.000000,136.000000,161.000000,5.000000,
0.049386,0.999071,0.146161,0.168178,0.346181,0.004159,-205.570087,3.182923,1396040.957876,1161963.914615,2307281.687839,207665.667315,1090450.604936,367.522034,98.407539,209.869140,30.124757,36.149708,85.353478,23.095647,49.203770,7.029110,8.033269,523.166612,140.582199,299.239252,43.178818,51.212087,3.000000,2.000000,3.000000,0.000000,1.000000,0.000000,1.000000,2.000000,0.000000,1.000000,0.000000,1.000000,3.000000,0.000000,1.000000,1553.000000,438.000000,932.000000,136.000000,161.000000,5.000000,
0.049386,0.999071,0.146161,0.168178,0.346181,0.004159,-205.570087,3.182923,1396040.957876,1161963.914615,2307281.687839,207665.667315,1090450.604936,367.522034,98.407539,209.869140,30.124757,36.149708,85.353478,23.095647,49.203770,7.029110,8.033269,523.166612,140.582199,299.239252,43.178818,51.212087,3.000000,2.000000,3.000000,0.000000,1.000000,0.000000,1.000000,2.000000,0.000000,1.000000,0.000000,1.000000,3.000000,0.000000,1.000000,1553.000000,438.000000,932.000000,136.000000,161.000000,5.000000,
0.049386,0.999071,0.146161,0.168178,0.346181,0.004159,-205.570087,3.182923,1396040.957876,1161963.914615,2307281.687839,207665.667315,1090450.604936,367.522034,98.407539,209.869140,30.124757,36.149708,85.353478,23.095647,49.203770,7.029110,8.033269,523.166612,140.582199,299.239252,43.178818,51.212087,3.000000,2.000000,3.000000,0.000000,1.000000,0.000000,1.000000,2.000000,0.000000,1.000000,0.000000,1.000000,3.000000,0.000000,1.000000,1553.000000,438.000000,932.000000,136.000000,161.000000,5.000000,
0.049386,0.999071,0.146161,0.168178,0.346181,0.004159,-205.570087,3.182923,1396040.957876,1161963.914615,2307281.687839,207665.667315,1090450.604936,367.522034,98.407539,209.869140,30.124757,36.149708,85.353478,23.095647,49.203770,7.029110,8.033269,523.166612,140.582199,299.239252,43.178818,51.212087,3.000000,2.000000,3.000000,0.000000,1.000000,0.000000,1.000000,2.000000,0.000000,1.000000,0.000000,1.000000,3.000000,0.000000,1.000000,1553.000000,438.000000,932.000000,136.000000,161.000000,5.000000,
0.049386,0.999071,0.146161,0.168178,0.346181,0.004159,-205.570087,3.182923,1396040.957876,1161963.914615,2307281.687839,207665.667315,1090450.604936,367.522034,98.407539,209.869140,30.124757,36.149708,85.353478,23.095647,49.203770,7.029110,8.033269,523.166612,140.582199,299.239252,43.178818,51.212087,3.000000,2.000000,3.000000,0.000000,1.000000,0.000000,1.000000,2.000000,0.000000,1.000000,0.000000,1.000000,3.000000,0.000000,1.000000,1553.000000,438.000000,932.000000,136.000000,161.000000,5.000000,
0.049386,0.999071,0.146161,0.168178,0.346181,0.004159,-205.570087,3.182923,1396040.957876,1161963.914615,2307281.687839,207665.667315,1090450.604936,367.522034,98.407539,209.869140,30.124757,36.149708,85.353478,23.095647,49.203770,7.029110,8.033269,523.166612,140.582199,299.239252,43.178818,51.212087,3.000000,2.000000,3.000000,0.000000,1.000000,0.000000,1.000000,2.000000,0.000000,1.000000,0.000000,1.000000,3.000000,0.000000,1.000000,1553.000000,438.000000,932.000000,136.000000,161.000000,5.000000,
0.049386,0.999071,0.146161,0.168178,0.346181,0.004159,-205.570087,3.182923,1396040.957876,1161963.914615,2307281.687839,207665.667315,1090450.604936,367.522034,98.407539,209.869140,30.124757,36.149708,85.353478,23.095647,49.203770,7.029110,8.033269,523.166612,140.582199,299.239252,43.178818,51.212087,3.000000,2.000000,3.000000,0.000000,1.000000,0.000000,1.000000,2.000000,0.000000,1.000000,0.000000,1.000000,3.000000,0.000000,1.000000,1553.000000,438.000000,932.000000,136.000000,161.000000,5.000000,
0.049386,0.999071,0.146161,0.168178,0.346181,0.004159,-205.570087,3.182923,1396040.957876,1161963.914615,2307281.687839,207665.667315,1090450.604936,367.522034,98.407539,209.869140,30.124757,36.149708,85.353478,23.095647,49.203770,7.029110,8.033269,523.166612,140.582199,299.239252,43.178818,51.212087,3.000000,2.000000,3.000000,0.000000,1.000000,0.000000,1.000000,2.000000,0.000000,1.000000,0.000000,1.000000,3.000000,0.000000,1.000000,1553.000000,438.000000,932.000000,136.000000,161.000000,5.000000,
0.049386,0.999071,0.146161,0.168178,0.346181,0.004159,-205.570087,3.182923,1396040.957876,1161963.914615,2307281.687839,207665.667315,1090450.604936,367.522034,98.407539,209.869140,30.124757,36.149708,85.353478,23.095647,49.203770,7.029110,8.033269,523.166612,140.582199,299.239252,43.178818,51.212087,3.000000,2.000000,3.000000,0.000000,1.000000,0.000000,1.000000,2.000000,0.000000,1.000000,0.000000,1.000000,3.000000,0.000000,1.000000,1553.000000,438.000000,932.000000,136.000000,161.000000,5.000000,
0.049386,0.999071,0.146161,0.168178,0.346181,0.004159,-205.570087,3.182923,1396040.957876,1161963.914615,2307281.687839,207665.667315,1090450.604936,367.522034,98.407539,209.869140,30.124757,36.149708,85.353478,23.095647,49.203770,7.029110,8.033269,523.166612,140.582199,299.239252,43.178818,51.212087,3.000000,2.000000,3.000000,0.000000,1.000000,0.000000,1.000000,2.000000,0.000000,1.000000,0.000000,1.000000,3.000000,0.000000,1.000000,1553.000000,438.000000,932.000000,136.000000,161.000000,5.000000,
0.049386,0.999071,0.146161,0.168178,0.346181,0.004159,-205.570087,3.182923,1396040.957876,1161963.914615,2307281.687839,207665.667315,1090450.604936,367.522034,98.407539,209.869140,30.124757,36.149708,85.353478,23.095647,49.203770,7.029110,8.033269,523.166612,140.582199,299.239252,43.178818,51.212087,3.000000,2.000000,3.000000,0.000000,1.000000,0.000000,1.000000,2.000000,0.000000,1.000000,0.000000,1.000000,3.000000,0.000000,1.000000,1553.000000,438.000000,932.000000,136.000000,161.000000,5.000000,
0.049386,0.999071,0.146161,0.168178,0.346181,0.004159,-205.570087,3.182923,1396040.957876,1161963.914615,2307281.687839,207665.667315,1090450.604936,367.522034,98.407539,209.869140,30.124757,36.149708,85.353478,23.095647,49.203770,7.029110,8.033269,523.166612,140.582199,299.239252,43.178818,51.212087,3.000000,2.000000,3.000000,0.000000,1.000000,0.000000,1.000000,2.000000,0.000000,1.000000,0.000000,1.000000,3.000000,0.000000,1.000000,1553.000000,438.000000,932.000000,136.000000,161.000000,5.000000,
0.049386,0.999071,0.146161,0.168178,0.346181,0.004159,-205.570087,3.182923,1396040.957876,1161963.914615,2307281.687839,207665.667315,1090450.604936,367.522034,98.407539,209.869140,30.124757,36.149708,85.353478,23.095647,49.203770,7.029110,8.033269,523.166612,140.582199,299.239252,43.178818,51.212087,3.000000,2.000000,3.000000,0.000000,1.000000,0.000000,1.000000,2.000000,0.000000,1.000000,0.000000,1.000000,3.000000,0.000000,1.000000,1553.000000,438.000000,932.000000,136.000000,161.000000,5.000000,
0.049386,0.999071,0.146161,0.168178,0.346181,0.004159,-205.570087,3.182923,1396040.957876,1161963.914615,2307281.687839,207665.667315,1090450.604936,367.522034,98.407539,209.869140,30.124757,36.149708,85.353478,23.095647,49.203770,7.029110,8.033269,523.166612,140.582199,299.239252,43.178818,51.212087,3.000000,2.000000,3.000000,0.000000,1.000000,0.000000,1.000000,2.000000,0.000000,1.000000,0.000000,1.000000,3.000000,0.000000,1.000000,1553.000000,438.000000,932.000000,136.000000,161.000000,5.000000,
0.049398,0.998405,0.145712,0.177080,0.328517,0.003939,-205.620592,3.182694,1396041.171521,1161963.971982,2307281.810047,207665.684899,1090450.625817,367.441588,98.385999,209.823202,30.118163,36.141796,85.334795,23.090592,49.192999,7.027571,8.031510,523.052096,140.551427,299.173752,43.169367,51.200877,3.000000,2.000000,3.000000,0.000000,1.000000,0.000000,1.000000,2.000000,0.000000,1.000000,0.000000,1.000000,3.000000,0.000000,1.000000,1553.000000,438.000000,932.000000,136.000000,161.000000,5.000000,
0.049398,0.998405,0.145712,0.177080,0.328517,0.003939,-205.620592,3.182694,1396041.171521,1161963.971982,2307281.810047,207665.684899,1090450.625817,367.441588,98.385999,209.823202,30.118163,36.141796,85.334795,23.090592,49.192999,7.027571,8.031510,523.052096,140.551427,299.173752,43.169367,51.200877,3.000000,2.000000,3.000000,0.000000,1.000000,0.000000,1.000000,2.000000,0.000000,1.000000,0.000000,1.000000,3.000000,0.000000,1.000000,1553.000000,438.000000,932.000000,136.000000,161.000000,5.000000,
0.049426,0.998879,0.144031,0.167637,0.356166,0.003385,-205.442030,3.180775,1396041.709777,1161964.116514,2307282.117938,207665.729200,1090450.678425,367.238911,98.331730,209.707466,30.101550,36.121860,85.287725,23.077855,49.165865,7.023695,8.027080,522.763587,140.473900,299.008731,43.145555,51.172635,3.000000,2.000000,3.000000,0.000000,1.000000,0.000000,1.000000,2.000000,0.000000,1.000000,0.000000,1.000000,3.000000,0.000000,1.000000,1553.000000,438.000000,932.000000,136.000000,161.000000,5.000000,
0.049426,0.998879,0.144031,0.167637,0.356166,0.003385,-205.442030,3.180775,1396041.709777,1161964.116514,2307282.117938,207665.729200,1090450.678425,367.238911,98.331730,209.707466,30.101550,36.121860,85.287725,23.077855,49.165865,7.023695,8.027080,522.763587,140.473900,299.008731,43.145555,51.172635,3.000000,2.000000,3.000000,0.000000,1.000000,0.000000,1.000000,2.000000,0.000000,1.000000,0.000000,1.000000,3.000000,0.000000,1.000000,1553.000000,438.000000,932.000000,136.000000,161.000000,5.000000,
0.049426,0.998879,0.144031,0.167637,0.356166,0.003385,-205.442030,3.180775,1396041.709777,1161964.116514,2307282.117938,207665.729200,1090450.678425,367.238911,98.331730,209.707466,30.101550,36.121860,85.287725,23.077855,49.165865,7.023695,8.027080,522.763587,140.473900,299.008731,43.145555,51.172635,3.000000,2.000000,3.000000,0.000000,1.000000,0.000000,1.000000,2.000000,0.000000,1.000000,0.000000,1.000000,3.000000,0.000000,1.000000,1553.000000,438.000000,932.000000,136.000000,161.000000,5.000000,
0.049445,0.996495,0.142768,0.180036,0.331373,0.003231,-206.508147,3.179198,1396041.859373,1161964.156683,2307282.203510,207665.741512,1090450.693046,367.182582,98.316648,209.675299,30.096933,36.116320,85.274643,23.074315,49.158324,7.022618,8.025849,522.683402,140.452354,298.962867,43.138937,51.164786,3.000000,2.000000,3.000000,0.000000,1.000000,0.000000,1.000000,2.000000,0.000000,1.000000,0.000000,1.000000,3.000000,0.000000,1.000000,1553.000000,438.000000,932.000000,136.000000,161.000000,5.000000,
0.049445,0.996495,0.142768,0.180036,0.331373,0.003231,-206.508147,3.179198,1396041.859373,1161964.156683,2307282.203510,207665.741512,1090450.693046,367.182582,98.316648,209.675299,30.096933,36.116320,85.274643,23.074315,49.158324,7.022618,8.025849,522.683402,140.452354,298.962867,43.138937,51.164786,3.000000,2.000000,3.000000,0.000000,1.000000,0.000000,1.000000,2.000000,0.000000,1.000000,0.000000,1.000000,3.000000,0.000000,1.000000,1553.000000,438.000000,932.000000,136.000000,161.000000,5.000000,
0.049445,0.996495,0.142768,0.180036,0.331373,0.003231,-206.508147,3.179198,1396041.859373,1161964.156683,2307282.203510,207665.741512,1090450.693046,367.182582,98.316648,209.675299,30.096933,36.116320,85.274643,23.074315,49.158324,7.022618,8.025849,522.683402,140.452354,298.962867,43.138937,51.164786,3.000000,2.000000,3.000000,0.000000,1.000000,0.000000,1.000000,2.000000,0.000000,1.000000,0.000000,1.000000,3.000000,0.000000,1.000000,1553.000000,438.000000,932.000000,136.000000,161.000000,5.000000,
0.049487,0.991894,0.143473,0.180789,0.319094,0.002970,-207.664792,3.183445,1396042.113631,1161964.224957,2307282.348950,207665.762439,1090450.717896,367.086843,98.291012,209.620629,30.089085,36.106903,85.252409,23.068299,49.145506,7.020787,8.023756,522.547117,140.415732,298.884915,43.127689,51.151445,3.000000,2.000000,3.000000,0.000000,1.000000,0.000000,1.000000,2.000000,0.000000,1.000000,0.000000,1.000000,3.000000,0.000000,1.000000,1553.000000,438.000000,932.000000,136.000000,161.000000,5.000000,
0.049487,0.991894,0.143473,0.180789,0.319094,0.002970,-207.664792,3.183445,1396042.113631,1161964.224957,2307282.348950,207665.762439,1090450.717896,367.086843,98.291012,209.620629,30.089085,36.106903,85.252409,23.068299,49.145506,7.020787,8.023756,522.547117,140.415732,298.884915,43.127689,51.151445,3.000000,2.000000,3.000000,0.000000,1.000000,0.000000,1.000000,2.000000,0.000000,1.000000,0.000000,1.000000,3.000000,0.000000,1.000000,1553.000000,438.000000,932.000000,136.000000,161.000000,5.000000,
0.049487,0.991894,0.143473,0.180789,0.319094,0.002970,-207.664792,3.183445,1396042.113631,1161964.224957,2307282.348950,207665.762439,1090450.717896,367.086843,98.291012,209.620629,30.089085,36.106903,85.252409,23.068299,49.145506,7.020787,8.023756,522.547117,140.415732,298.884915,43.127689,51.151445,3.000000,2.000000,3.000000,0.000000,1.000000,0.000000,1.000000,2.000000,0.000000,1.000000,0.000000,1.000000,3.000000,0.000000,1.000000,1553.000000,438.000000,932.000000,136.000000,161.000000,5.000000,
0.049487,0.991894,0.143473,0.180789,0.319094,0.002970,-207.664792,3.183445,1396042.113631,1161964.224957,2307282.348950,207665.762439,1090450.717896,367.086843,98.291012,209.620629,30.089085,36.106903,85.252409,23.068299,49.145506,7.020787,8.023756,522.547117,140.415732,298.884915,43.127689,51.151445,3.000000,2.000000,3.000000,0.000000,1.000000,0.000000,1.000000,2.000000,0.000000,1.000000,0.000000,1.000000,3.000000,0.000000,1.000000,1553.000000,438.000000,932.000000,136.000000,161.000000,5.000000,
0.049487,0.991894,0.143473,0.180789,0.319094,0.002970,-207.664792,3.183445,1396042.113631,1161964.224957,2307282.348950,207665.762439,1090450.717896,367.086843,98.291012,209.620629,30.089085,36.106903,85.252409,23.068299,49.145506,7.020787,8.023756,522.547117,140.415732,298.884915,43.127689,51.151445,3.000000,2.000000,3.000000,0.000000,1.000000,0.000000,1.000000,2.000000,0.000000,1.000000,0.000000,1.000000,3.000000,0.000000,1.000000,1553.000000,438.000000,932.000000,136.000000,161.000000,5.000000,
0.049487,0.991894,0.143473,0.180789,0.319094,0.002970,-207.664792,3.183445,1396042.113631,1161964.224957,2307282.348950,207665.762439,1090450.717896,367.086843,98.291012,209.620629,30.089085,36.106903,85.252409,23.068299,49.145506,7.020787,8.023756,522.547117,140.415732,298.884915,43.127689,51.151445,3.000000,2.000000,3.000000,0.000000,1.000000,0.000000,1.000000,2.000000,0.000000,1.000000,0.000000,1.000000,3.000000,0.000000,1.000000,1553.000000,438.000000,932.000000,136.000000,161.000000,5.000000,
0.049487,0.991894,0.143473,0.180789,0.319094,0.002970,-207.664792,3.183445,1396042.113631,1161964.224957,2307282.348950,207665.762439,1090450.717896,367.086843,98.291012,209.620629,30.089085,36.106903,85.252409,23.068299,49.145506,7.020787,8.023756,522.547117,140.415732,298.884915,43.127689,51.151445,3.000000,2.000000,3.000000,0.000000,1.000000,0.000000,1.000000,2.000000,0.000000,1.000000,0.000000,1.000000,3.000000,0.000000,1.000000,1553.000000,438.000000,932.000000,136.000000,161.000000,5.000000,
0.049487,0.991894,0.143473,0.180789,0.319094,0.002970,-207.664792,3.183445,1396042.113631,1161964.224957,2307282.348950,207665.762439,1090450.717896,367.086843,98.291012,209.620629,30.089085,36.106903,85.252409,23.068299,49.145506,7.020787,8.023756,522.547117,140.415732,298.884915,43.127689,51.151445,3.000000,2.000000,3.000000,0.000000,1.000000,0.000000,1.000000,2.000000,0.000000,1.000000,0.000000,1.000000,3.000000,0.000000,1.000000,1553.000000,438.000000,932.000000,136.000000,161.000000,5.000000,
0.049487,0.991894,0.143473,0.180789,0.319094,0.002970,-207.664792,3.183445,1396042.113631,1161964.224957,2307282.348950,207665.762439,1090450.717896,367.086843,98.291012,209.620629,30.089085,36.106903,85.252409,23.068299,49.145506,7.020787,8.023756,522.547117,140.415732,298.884915,43.127689,51.151445,3.000000,2.000000,3.000000,0.000000,1.000000,0.000000,1.000000,2.000000,0.000000,1.000000,0.000000,1.000000,3.000000,0.000000,1.000000,1553.000000,438.000000,932.000000,136.000000,161.000000,5.000000,
0.049487,0.991894,0.143473,0.180789,0.319094,0.002970,-207.664792,3.183445,1396042.113631,1161964.224957,2307282.348950,207665.762439,1090450.717896,367.086843,98.291012,209.620629,30.089085,36.106903,85.252409,23.068299,49.145506,7.020787,8.023756,522.547117,140.415732,298.884915,43.127689,51.151445,3.000000,2.000000,3.000000,0.000000,1.000000,0.000000,1.000000,2.000000,0.000000,1.000000,0.000000,1.000000,3.000000,0.000000,1.000000,1553.000000,438.000000,932.000000,136.000000,161.000000,5.000000,
0.049442,0.997049,0.140372,0.201811,0.297729,0.003936,-207.241732,3.173623,1396041.174621,1161963.972815,2307281.811820,207665.685154,1090450.626120,367.440421,98.385686,209.822535,30.118067,36.141681,85.334524,23.090518,49.192843,7.027549,8.031485,523.050435,140.550981,299.172801,43.169230,51.200714,3.000000,2.000000,3.000000,0.000000,1.000000,0.000000,1.000000,2.000000,0.000000,1.000000,0.000000,1.000000,3.000000,0.000000,1.000000,1553.000000,438.000000,932.000000,136.000000,161.000000,5.000000,
0.049442,0.997049,0.140372,0.201811,0.297729,0.003936,-207.241732,3.173623,1396041.174621,1161963.972815,2307281.811820,207665.685154,1090450.626120,367.440421,98.385686,209.822535,30.118067,36.141681,85.334524,23.090518,49.192843,7.027549,8.031485,523.050435,140.550981,299.172801,43.169230,51.200714,3.000000,2.000000,3.000000,0.000000,1.000000,0.000000,1.000000,2.000000,0.000000,1.000000,0.000000,1.000000,3.000000,0.000000,1.000000,1553.000000,438.000000,932.000000,136.000000,161.000000,5.000000,
0.049442,0.997049,0.140372,0.201811,0.297729,0.003936,-207.241732,3.173623,1396041.174621,1161963.972815,2307281.811820,207665.685154,1090450.626120,367.440421,98.385686,209.822535,30.118067,36.141681,85.334524,23.090518,49.192843,7.027549,8.031485,523.050435,140.550981,299.172801,43.169230,51.200714,3.000000,2.000000,3.000000,0.000000,1.000000,0.000000,1.000000,2.000000,0.000000,1.000000,0.000000,1.000000,3.000000,0.000000,1.000000,1553.000000,438.000000,932.000000,136.000000,161.000000,5.000000,
0.049442,0.997049,0.140372,0.201811,0.297729,0.003936,-207.241732,3.173623,1396041.174621,1161963.972815,2307281.811820,207665.685154,1090450.626120,367.440421,98.385686,209.822535,30.118067,36.141681,85.334524,23.090518,49.192843,7.027549,8.031485,523.050435,140.550981,299.172801,43.169230,51.200714,3.000000,2.000000,3.000000,0.000000,1.000000,0.000000,1.000000,2.000000,0.000000,1.000000,0.000000,1.000000,3.000000,0.000000,1.000000,1553.000000,438.000000,932.000000,136.000000,161.000000,5.000000,
0.049442,0.997049,0.140372,0.201811,0.297729,0.003936,-207.241732,3.173623,1396041.174621,1161963.972815,2307281.811820,207665.685154,1090450.626120,367.440421,98.385686,209.822535,30.118067,36.141681,85.334524,23.090518,49.192843,7.027549,8.031485,523.050435,140.550981,299.172801,43.169230,51.200714,3.000000,2.000000,3.000000,0.000000,1.000000,0.000000,1.000000,2.000000,0.000000,1.000000,0.000000,1.000000,3.000000,0.000000,1.000000,1553.000000,438.000000,932.000000,136.000000,161.000000,5.000000,
0.049442,0.997049,0.140372,0.201811,0.297729,0.003936,-207.241732,3.173623,1396041.174621,1161963.972815,2307281.811820,207665.685154,1090450.626120,367.440421,98.385686,209.822535,30.118067,36.141681,85.334524,23.090518,49.192843,7.027549,8.031485,523.050435,140.550981,299.172801,43.169230,51.200714,3.000000,2.000000,3.000000,0.000000,1.000000,0.000000,1.000000,2.000000,0.000000,1.000000,0.000000,1.000000,3.000000,0.000000,1.000000,1553.000000,438.000000,932.000000,136.000000,161.000000,5.000000,
0.049442,0.997049,0.140372,0.201811,0.297729,0.003936,-207.241732,3.173623,1396041.174621,1161963.972815,2307281.811820,207665.685154,1090450.626120,367.440421,98.385686,209.822535,30.118067,36.141681,85.334524,23.090518,49.192843,7.027549,8.031485,523.050435,140.550981,299.172801,43.169230,51.200714,3.000000,2.000000,3.000000,0.000000,1.000000,0.000000,1.000000,2.000000,0.000000,1.000000,0.000000,1.000000,3.000000,0.000000,1.000000,1553.000000,438.000000,932.000000,136.000000,161.000000,5.000000,
0.049442,0.997049,0.140372,0.201811,0.297729,0.003936,-207.241732,3.173623,1396041.174621,1161963.972815,2307281.811820,207665.685154,1090450.626120,367.440421,98.385686,209.822535,30.118067,36.141681,85.334524,23.090518,49.192843,7.027549,8.031485,523.050435,140.550981,299.172801,43.169230,51.200714,3.000000,2.000000,3.000000,0.000000,1.000000,0.000000,1.000000,2.000000,0.000000,1.000000,0.000000,1.000000,3.000000,0.000000,1.000000,1553.000000,438.000000,932.000000,136.000000,161.000000,5.000000,
0.049442,0.997049,0.140372,0.201811,0.297729,0.003936,-207.241732,3.173623,1396041.174621,1161963.972815,2307281.811820,207665.685154,1090450.626120,367.440421,98.385686,209.822535,30.118067,36.141681,85.334524,23.090518,49.192843,7.027549,8.031485,523.050435,140.550981,299.172801,43.169230,51.200714,3.000000,2.000000,3.000000,0.000000,1.000000,0.000000,1.000000,2.000000,0.000000,1.000000,0.000000,1.000000,3.000000,0.000000,1.000000,1553.000000,438.000000,932.000000,136.000000,161.000000,5.000000,
0.049442,0.997049,0.140372,0.201811,0.297729,0.003936,-207.241732,3.173623,1396041.174621,1161963.972815,2307281.811820,207665.685154,1090450.626120,367.440421,98.385686,209.822535,30.118067,36.141681,85.334524,23.090518,49.192843,7.027549,8.031485,523.050435,140.550981,299.172801,43.169230,51.200714,3.000000,2.000000,3.000000,0.000000,1.000000,0.000000,1.000000,2.000000,0.000000,1.000000,0.000000,1.000000,3.000000,0.000000,1.000000,1553.000000,438.000000,932.000000,136.000000,161.000000,5.000000,
0.049442,0.997049,0.140372,0.201811,0.297729,0.003936,-207.241732,3.173623,1396041.174621,1161963.972815,2307281.811820,207665.685154,1090450.626120,367.440421,98.385686,209.822535,30.118067,36.141681,85.334524,23.090518,49.192843,7.027549,8.031485,523.050435,140.550981,299.172801,43.169230,51.200714,3.000000,2.000000,3.000000,0.000000,1.000000,0.000000,1.000000,2.000000,0.000000,1.000000,0.000000,1.000000,3.000000,0.000000,1.000000,1553.000000,438.000000,932.000000,136.000000,161.000000,5.000000,
0.049442,0.997049,0.140372,0.201811,0.297729,0.003936,-207.241732,3.173623,1396041.174621,1161963.972815,2307281.811820,207665.685154,1090450.626120,367.440421,98.385686,209.822535,30.118067,36.141681,85.334524,23.090518,49.192843,7.027549,8.031485,523.050435,140.550981,299.172801,43.169230,51.200714,3.000000,2.000000,3.000000,0.000000,1.000000,0.000000,1.000000,2.000000,0.000000,1.000000,0.000000,1.000000,3.000000,0.000000,1.000000,1553.000000,438.000000,932.000000,136.000000,161.000000,5.000000,
0.049442,0.997049,0.140372,0.201811,0.297729,0.003936,-207.241732,3.173623,1396041.174621,1161963.972815,2307281.811820,207665.685154,1090450.626120,367.440421,98.385686,209.822535,30.118067,36.141681,85.334524,23.090518,49.192843,7.027549,8.031485,523.050435,140.550981,299.172801,43.169230,51.200714,3.000000,2.000000,3.000000,0.000000,1.000000,0.000000,1.000000,2.000000,0.000000,1.000000,0.000000,1.000000,3.000000,0.000000,1.000000,1553.000000,438.000000,932.000000,136.000000,161.000000,5.000000,
0.049442,0.997049,0.140372,0.201811,0.297729,0.003936,-207.241732,3.173623,1396041.174621,1161963.972815,2307281.811820,207665.685154,1090450.626120,367.440421,98.385686,209.822535,30.118067,36.141681,85.334524,23.090518,49.192843,7.027549,8.031485,523.050435,140.550981,299.172801,43.169230,51.200714,3.000000,2.000000,3.000000,0.000000,1.000000,0.000000,1.000000,2.000000,0.000000,1.000000,0.000000,1.000000,3.000000,0.000000,1.000000,1553.000000,438.000000,932.000000,136.000000,161.000000,5.000000,
0.049442,0.997049,0.140372,0.201811,0.297729,0.003936,-207.241732,3.173623,1396041.174621,1161963.972815,2307281.811820,207665.685154,1090450.626120,367.440421,98.385686,209.822535,30.118067,36.141681,85.334524,23.090518,49.192843,7.027549,8.031485,523.050435,140.550981,299.172801,43.169230,51.200714,3.000000,2.000000,3.000000,0.000000,1.000000,0.000000,1.000000,2.000000,0.000000,1.000000,0.000000,1.000000,3.000000,0.000000,1.000000,1553.000000,438.000000,932.000000,136.000000,161.000000,5.000000,
0.049442,0.997049,0.140372,0.201811,0.297729,0.003936,-207.241732,3.173623,1396041.174621,1161963.972815,2307281.811820,207665.685154,1090450.626120,367.440421,98.385686,209.822535,30.118067,36.141681,85.334524,23.090518,49.192843,7.027549,8.031485,523.050435,140.550981,299.172801,43.169230,51.200714,3.000000,2.000000,3.000000,0.000000,1.000000,0.000000,1.000000,2.000000,0.000000,1.000000,0.000000,1.000000,3.000000,0.000000,1.000000,1553.000000,438.000000,932.000000,136.000000,161.000000,5.000000,
0.049442,0.997049,0.140372,0.201811,0.297729,0.003936,-207.241732,3.173623,1396041.174621,1161963.972815,2307281.811820,207665.685154,1090450.626120,367.440421,98.385686,209.822535,30.118067,36.141681,85.334524,23.090518,49.192843,7.027549,8.031485,523.050435,140.550981,299.172801,43.169230,51.200714,3.000000,2.000000,3.000000,0.000000,1.000000,0.000000,1.000000,2.000000,0.000000,1.000000,0.000000,1.000000,3.000000,0.000000,1.000000,1553.000000,438.000000,932.000000,136.000000,161.000000,5.000000,
0.049442,0.997049,0.140372,0.201811,0.297729,0.003936,-207.241732,3.173623,1396041.174621,1161963.972815,2307281.811820,207665.685154,1090450.626120,367.440421,98.385686,209.822535,30.118067,36.141681,85.334524,23.090518,49.192843,7.027549,8.031485,523.050435,140.550981,299.172801,43.169230,51.200714,3.000000,2.000000,3.000000,0.000000,1.000000,0.000000,1.000000,2.000000,0.000000,1.000000,0.000000,1.000000,3.000000,0.000000,1.000000,1553.000000,438.000000,932.000000,136.000000,161.000000,5.000000,
0.049442,0.997049,0.140372,0.201811,0.297729,0.003936,-207.241732,3.173623,1396041.174621,1161963.972815,2307281.811820,207665.685154,1090450.626120,367.440421,98.385686,209.822535,30.118067,36.141681,85.334524,23.090518,49.192843,7.027549,8.031485,523.050435,140.550981,299.172801,43.169230,51.200714,3.000000,2.000000,3.000000,0.000000,1.000000,0.000000,1.000000,2.000000,0.000000,1.000000,0.000000,1.000000,3.000000,0.000000,1.000000,1553.000000,438.000000,932.000000,136.000000,161.000000,5.000000,
0.049442,0.997049,0.140372,0.201811,0.297729,0.003936,-207.241732,3.173623,1396041.174621,1161963.972815,2307281.811820,207665.685154,1090450.626120,367.440421,98.385686,209.822535,30.118067,36.141681,85.334524,23.090518,49.192843,7.027549,8.031485,523.050435,140.550981,299.172801,43.169230,51.200714,3.000000,2.000000,3.000000,0.000000,1.000000,0.000000,1.000000,2.000000,0.000000,1.000000,0.000000,1.000000,3.000000,0.000000,1.000000,1553.000000,438.000000,932.000000,136.000000,161.000000,5.000000,
0.049442,0.997049,0.140372,0.201811,0.297729,0.003936,-207.241732,3.173623,1396041.174621,1161963.972815,2307281.811820,207665.685154,1090450.626120,367.440421,98.385686,209.822535,30.118067,36.141681,85.334524,23.090518,49.192843,7.027549,8.031485,523.050435,140.550981,299.172801,43.169230,51.200714,3.000000,2.000000,3.000000,0.000000,1.000000,0.000000,1.000000,2.000000,0.000000,1.000000,0.000000,1.000000,3.000000,0.000000,1.000000,1553.000000,438.000000,932.000000,136.000000,161.000000,5.000000,
0.049442,0.997049,0.140372,0.201811,0.297729,0.003936,-207.241732,3.173623,1396041.174621,1161963.972815,2307281.811820,207665.685154,1090450.626120,367.440421,98.385686,209.822535,30.118067,36.141681,85.334524,23.090518,49.192843,7.027549,8.031485,523.050435,140.550981,299.172801,43.169230,51.200714,3.000000,2.000000,3.000000,0.000000,1.000000,0.000000,1.000000,2.000000,0.000000,1.000000,0.000000,1.000000,3.000000,0.000000,1.000000,1553.000000,438.000000,932.000000,136.000000,161.000000,5.000000,
0.049442,0.997049,0.140372,0.201811,0.297729,0.003936,-207.241732,3.173623,1396041.174621,1161963.972815,2307281.811820,207665.685154,1090450.626120,367.440421,98.385686,209.822535,30.118067,36.141681,85.334524,23.090518,49.192843,7.027549,8.031485,523.050435,140.550981,299.172801,43.169230,51.200714,3.000000,2.000000,3.000000,0.000000,1.000000,0.000000,1.000000,2.000000,0.000000,1.000000,0.000000,1.000000,3.000000,0.000000,1.000000,1553.000000,438.000000,932.000000,136.000000,161.000000,5.000000,
0.049442,0.997049,0.140372,0.201811,0.297729,0.003936,-207.241732,3.173623,1396041.174621,1161963.972815,2307281.811820,207665.685154,1090450.626120,367.440421,98.385686,209.822535,30.118067,36.141681,85.334524,23.090518,49.192843,7.027549,8.031485,523.050435,140.550981,299.172801,43.169230,51.200714,3.000000,2.000000,3.000000,0.000000,1.000000,0.000000,1.000000,2.000000,0.000000,1.000000,0.000000,1.000000,3.000000,0.000000,1.000000,1553.000000,438.000000,932.000000,136.000000,161.000000,5.000000,
0.049442,0.997049,0.140372,0.201811,0.297729,0.003936,-207.241732,3.173623,1396041.174621,1161963.972815,2307281.811820,207665.685154,1090450.626120,367.440421,98.385686,209.822535,30.118067,36.141681,85.334524,23.090518,49.192843,7.027549,8.031485,523.050435,140.550981,299.172801,43.169230,51.200714,3.000000,2.000000,3.000000,0.000000,1.000000,0.000000,1.000000,2.000000,0.000000,1.000000,0.000000,1.000000,3.000000,0.000000,1.000000,1553.000000,438.000000,932.000000,136.000000,161.000000,5.000000,
0.049442,0.997049,0.140372,0.201811,0.297729,0.003936,-207.241732,3.173623,1396041.174621,1161963.972815,2307281.811820,207665.685154,1090450.626120,367.440421,98.385686,209.822535,30.118067,36.141681,85.334524,23.090518,49.192843,7.027549,8.031485,523.050435,140.550981,299.172801,43.169230,51.200714,3.000000,2.000000,3.000000,0.000000,1.000000,0.000000,1.000000,2.000000,0.000000,1.000000,0.000000,1.000000,3.000000,0.000000,1.000000,1553.000000,438.000000,932.000000,136.000000,161.000000,5.000000,
0.049442,0.997049,0.140372,0.201811,0.297729,0.003936,-207.241732,3.173623,1396041.174621,1161963.972815,2307281.811820,207665.685154,1090450.626120,367.440421,98.385686,209.822535,30.118067,36.141681,85.334524,23.090518,49.192843,7.027549,8.031485,523.050435,140.550981,299.172801,43.169230,51.200714,3.000000,2.000000,3.000000,0.000000,1.000000,0.000000,1.000000,2.000000,0.000000,1.000000,0.000000,1.000000,3.000000,0.000000,1.000000,1553.000000,438.000000,932.000000,136.000000,161.000000,5.000000,
0.049442,0.997049,0.140372,0.201811,0.297729,0.003936,-207.241732,3.173623,1396041.174621,1161963.972815,2307281.811820,207665.685154,1090450.626120,367.440421,98.385686,209.822535,30.118067,36.141681,85.334524,23.090518,49.192843,7.027549,8.031485,523.050435,140.550981,299.172801,43.169230,51.200714,3.000000,2.000000,3.000000,0.000000,1.000000,0.000000,1.000000,2.000000,0.000000,1.000000,0.000000,1.000000,3.000000,0.000000,1.000000,1553.000000,438.000000,932.000000,136.000000,161.000000,5.000000,
0.049442,0.997049,0.140372,0.201811,0.297729,0.003936,-207.241732,3.173623,1396041.174621,1161963.972815,2307281.811820,207665.685154,1090450.626120,367.440421,98.385686,209.822535,30.118067,36.141681,85.334524,23.090518,49.192843,7.027549,8.031485,523.050435,140.550981,299.172801,43.169230,51.200714,3.000000,2.000000,3.000000,0.000000,1.000000,0.000000,1.000000,2.000000,0.000000,1.000000,0.000000,1.000000,3.000000,0.000000,1.000000,1553.000000,438.000000,932.000000,136.000000,161.000000,5.000000,
0.049442,0.997049,0.140372,0.201811,0.297729,0.003936,-207.241732,3.173623,1396041.174621,1161963.972815,2307281.811820,207665.685154,1090450.626120,367.440421,98.385686,209.822535,30.118067,36.141681,85.334524,23.090518,49.192843,7.027549,8.031485,523.050435,140.550981,299.172801,43.169230,51.200714,3.000000,2.000000,3.000000,0.000000,1.000000,0.000000,1.000000,2.000000,0.000000,1.000000,0.000000,1.000000,3.000000,0.000000,1.000000,1553.000000,438.000000,932.000000,136.000000,161.000000,5.000000,
0.049442,0.997049,0.140372,0.201811,0.297729,0.003936,-207.241732,3.173623,1396041.174621,1161963.972815,2307281.811820,207665.685154,1090450.626120,367.440421,98.385686,209.822535,30.118067,36.141681,85.334524,23.090518,49.192843,7.027549,8.031485,523.050435,140.550981,299.172801,43.169230,51.200714,3.000000,2.000000,3.000000,0.000000,1.000000,0.000000,1.000000,2.000000,0.000000,1.000000,0.000000,1.000000,3.000000,0.000000,1.000000,1553.000000,438.000000,932.000000,136.000000,161.000000,5.000000,
0.049442,0.997049,0.140372,0.201811,0.297729,0.003936,-207.241732,3.173623,1396041.174621,1161963.972815,2307281.811820,207665.685154,1090450.626120,367.440421,98.385686,209.822535,30.118067,36.141681,85.334524,23.090518,49.192843,7.027549,8.031485,523.050435,140.550981,299.172801,43.169230,51.200714,3.000000,2.000000,3.000000,0.000000,1.000000,0.000000,1.000000,2.000000,0.000000,1.000000,0.000000,1.000000,3.000000,0.000000,1.000000,1553.000000,438.000000,932.000000,136.000000,161.000000,5.000000,
0.049442,0.997049,0.140372,0.201811,0.297729,0.003936,-207.241732,3.173623,1396041.174621,1161963.972815,2307281.811820,207665.685154,1090450.626120,367.440421,98.385686,209.822535,30.118067,36.141681,85.334524,23.090518,49.192843,7.027549,8.031485,523.050435,140.550981,299.172801,43.169230,51.200714,3.000000,2.000000,3.000000,0.000000,1.000000,0.000000,1.000000,2.000000,0.000000,1.000000,0.000000,1.000000,3.000000,0.000000,1.000000,1553.000000,438.000000,932.000000,136.000000,161.000000,5.000000,
0.049442,0.997049,0.140372,0.201811,0.297729,0.003936,-207.241732,3.173623,1396041.174621,1161963.972815,2307281.811820,207665.685154,1090450.626120,367.440421,98.385686,209.822535,30.118067,36.141681,85.334524,23.090518,49.192843,7.027549,8.031485,523.050435,140.550981,299.172801,43.169230,51.200714,3.000000,2.000000,3.000000,0.000000,1.000000,0.000000,1.000000,2.000000,0.000000,1.000000,0.000000,1.000000,3.000000,0.000000,1.000000,1553.000000,438.000000,932.000000,136.000000,161.000000,5.000000,
0.049442,0.997049,0.140372,0.201811,0.297729,0.003936,-207.241732,3.173623,1396041.174621,1161963.972815,2307281.811820,207665.685154,1090450.626120,367.440421,98.385686,209.822535,30.118067,36.141681,85.334524,23.090518,49.192843,7.027549,8.031485,523.050435,140.550981,299.172801,43.169230,51.200714,3.000000,2.000000,3.000000,0.000000,1.000000,0.000000,1.000000,2.000000,0.000000,1.000000,0.000000,1.000000,3.000000,0.000000,1.000000,1553.000000,438.000000,932.000000,136.000000,161.000000,5.000000,
0.049442,0.997049,0.140372,0.201811,0.297729,0.003936,-207.241732,3.173623,1396041.174621,1161963.972815,2307281.811820,207665.685154,1090450.626120,367.440421,98.385686,209.822535,30.118067,36.141681,85.334524,23.090518,49.192843,7.027549,8.031485,523.050435,140.550981,299.172801,43.169230,51.200714,3.000000,2.000000,3.000000,0.000000,1.000000,0.000000,1.000000,2.000000,0.000000,1.000000,0.000000,1.000000,3.000000,0.000000,1.000000,1553.000000,438.000000,932.000000,136.000000,161.000000,5.000000,
0.049442,0.997049,0.140372,0.201811,0.297729,0.003936,-207.241732,3.173623,1396041.174621,1161963.972815,2307281.811820,207665.685154,1090450.626120,367.440421,98.385686,209.822535,30.118067,36.141681,85.334524,23.090518,49.192843,7.027549,8.031485,523.050435,140.550981,299.172801,43.169230,51.200714,3.000000,2.000000,3.000000,0.000000,1.000000,0.000000,1.000000,2.000000,0.000000,1.000000,0.000000,1.000000,3.000000,0.000000,1.000000,1553.000000,438.000000,932.000000,136.000000,161.000000,5.000000,
0.049442,0.997049,0.140372,0.201811,0.297729,0.003936,-207.241732,3.173623,1396041.174621,1161963.972815,2307281.811820,207665.685154,1090450.626120,367.440421,98.385686,209.822535,30.118067,36.141681,85.334524,23.090518,49.192843,7.027549,8.031485,523.050435,140.550981,299.172801,43.169230,51.200714,3.000000,2.000000,3.000000,0.000000,1.000000,0.000000,1.000000,2.000000,0.000000,1.000000,0.000000,1.000000,3.000000,0.000000,1.000000,1553.000000,438.000000,932.000000,136.000000,161.000000,5.000000,
0.049442,0.997049,0.140372,0.201811,0.297729,0.003936,-207.241732,3.173623,1396041.174621,1161963.972815,2307281.811820,207665.685154,1090450.626120,367.440421,98.385686,209.822535,30.118067,36.141681,85.334524,23.090518,49.192843,7.027549,8.031485,523.050435,140.550981,299.172801,43.169230,51.200714,3.000000,2.000000,3.000000,0.000000,1.000000,0.000000,1.000000,2.000000,0.000000,1.000000,0.000000,1.000000,3.000000,0.000000,1.000000,1553.000000,438.000000,932.000000,136.000000,161.000000,5.000000,
0.049442,0.997049,0.140372,0.201811,0.297729,0.003936,-207.241732,3.173623,1396041.174621,1161963.972815,2307281.811820,207665.685154,1090450.626120,367.440421,98.385686,209.822535,30.118067,36.141681,85.334524,23.090518,49.192843,7.027549,8.031485,523.050435,140.550981,299.172801,43.169230,51.200714,3.000000,2.000000,3.000000,0.000000,1.000000,0.000000,1.000000,2.000000,0.000000,1.000000,0.000000,1.000000,3.000000,0.000000,1.000000,1553.000000,438.000000,932.000000,136.000000,161.000000,5.000000,
0.049442,0.997049,0.140372,0.201811,0.297729,0.003936,-207.241732,3.173623,1396041.174621,1161963.972815,2307281.811820,207665.685154,1090450.626120,367.440421,98.385686,209.822535,30.118067,36.141681,85.334524,23.090518,49.192843,7.027549,8.031485,523.050435,140.550981,299.172801,43.169230,51.200714,3.000000,2.000000,3.000000,0.000000,1.000000,0.000000,1.000000,2.000000,0.000000,1.000000,0.000000,1.000000,3.000000,0.000000,1.000000,1553.000000,438.000000,932.000000,136.000000,161.000000,5.000000,
0.049442,0.997049,0.140372,0.201811,0.297729,0.003936,-207.241732,3.173623,1396041.174621,1161963.972815,2307281.811820,207665.685154,1090450.626120,367.440421,98.385686,209.822535,30.118067,36.141681,85.334524,23.090518,49.192843,7.027549,8.031485,523.050435,140.550981,299.172801,43.169230,51.200714,3.000000,2.000000,3.000000,0.000000,1.000000,0.000000,1.000000,2.000000,0.000000,1.000000,0.000000,1.000000,3.000000,0.000000,1.000000,1553.000000,438.000000,932.000000,136.000000,161.000000,5.000000,
0.049442,0.997049,0.140372,0.201811,0.297729,0.003936,-207.241732,3.173623,1396041.174621,1161963.972815,2307281.811820,207665.685154,1090450.626120,367.440421,98.385686,209.822535,30.118067,36.141681,85.334524,23.090518,49.192843,7.027549,8.031485,523.050435,140.550981,299.172801,43.169230,51.200714,3.000000,2.000000,3.000000,0.000000,1.000000,0.000000,1.000000,2.000000,0.000000,1.000000,0.000000,1.000000,3.000000,0.000000,1.000000,1553.000000,438.000000,932.000000,136.000000,161.000000,5.000000,
0.049442,0.997049,0.140372,0.201811,0.297729,0.003936,-207.241732,3.173623,1396041.174621,1161963.972815,2307281.811820,207665.685154,1090450.626120,367.440421,98.385686,209.822535,30.118067,36.141681,85.334524,23.090518,49.192843,7.027549,8.031485,523.050435,140.550981,299.172801,43.169230,51.200714,3.000000,2.000000,3.000000,0.000000,1.000000,0.000000,1.000000,2.000000,0.000000,1.000000,0.000000,1.000000,3.000000,0.000000,1.000000,1553.000000,438.000000,932.000000,136.000000,161.000000,5.000000,
0.049442,0.997049,0.140372,0.201811,0.297729,0.003936,-207.241732,3.173623,1396041.174621,1161963.972815,2307281.811820,207665.685154,1090450.626120,367.440421,98.385686,209.822535,30.118067,36.141681,85.334524,23.090518,49.192843,7.027549,8.031485,523.050435,140.550981,299.172801,43.169230,51.200714,3.000000,2.000000,3.000000,0.000000,1.000000,0.000000,1.000000,2.000000,0.000000,1.000000,0.000000,1.000000,3.000000,0.000000,1.000000,1553.000000,438.000000,932.000000,136.000000,161.000000,5.000000,
0.049442,0.997049,0.140372,0.201811,0.297729,0.003936,-207.241732,3.173623,1396041.174621,1161963.972815,2307281.811820,207665.685154,1090450.626120,367.440421,98.385686,209.822535,30.118067,36.141681,85.334524,23.090518,49.192843,7.027549,8.031485,523.050435,140.550981,299.172801,43.169230,51.200714,3.000000,2.000000,3.000000,0.000000,1.000000,0.000000,1.000000,2.000000,0.000000,1.000000,0.000000,1.000000,3.000000,0.000000,1.000000,1553.000000,438.000000,932.000000,136.000000,161.000000,5.000000,
0.049442,0.997049,0.140372,0.201811,0.297729,0.003936,-207.241732,3.173623,1396041.174621,1161963.972815,2307281.811820,207665.685154,1090450.626120,367.440421,98.385686,209.822535,30.118067,36.141681,85.334524,23.090518,49.192843,7.027549,8.031485,523.050435,140.550981,299.172801,43.169230,51.200714,3.000000,2.000000,3.000000,0.000000,1.000000,0.000000,1.000000,2.000000,0.000000,1.000000,0.000000,1.000000,3.000000,0.000000,1.000000,1553.000000,438.000000,932.000000,136.000000,161.000000,5.000000,
0.049442,0.997049,0.140372,0.201811,0.297729,0.003936,-207.241732,3.173623,1396041.174621,1161963.972815,2307281.811820,207665.685154,1090450.626120,367.440421,98.385686,209.822535,30.118067,36.141681,85.334524,23.090518,49.192843,7.027549,8.031485,523.050435,140.550981,299.172801,43.169230,51.200714,3.000000,2.000000,3.000000,0.000000,1.000000,0.000000,1.000000,2.000000,0.000000,1.000000,0.000000,1.000000,3.000000,0.000000,1.000000,1553.000000,438.000000,932.000000,136.000000,161.000000,5.000000,
0.049442,0.997049,0.140372,0.201811,0.297729,0.003936,-207.241732,3.173623,1396041.174621,1161963.972815,2307281.811820,207665.685154,1090450.626120,367.440421,98.385686,209.822535,30.118067,36.141681,85.334524,23.090518,49.192843,7.027549,8.031485,523.050435,140.550981,299.172801,43.169230,51.200714,3.000000,2.000000,3.000000,0.000000,1.000000,0.000000,1.000000,2.000000,0.000000,1.000000,0.000000,1.000000,3.000000,0.000000,1.000000,1553.000000,438.000000,932.000000,136.000000,161.000000,5.000000,
0.049442,0.997049,0.140372,0.201811,0.297729,0.003936,-207.241732,3.173623,1396041.174621,1161963.972815,2307281.811820,207665.685154,1090450.626120,367.440421,98.385686,209.822535,30.118067,36.141681,85.334524,23.090518,49.192843,7.027549,8.031485,523.050435,140.550981,299.172801,43.169230,51.200714,3.000000,2.000000,3.000000,0.000000,1.000000,0.000000,1.000000,2.000000,0.000000,1.000000,0.000000,1.000000,3.000000,0.000000,1.000000,1553.000000,438.000000,932.000000,136.000000,161.000000,5.000000,
0.049442,0.997049,0.140372,0.201811,0.297729,0.003936,-207.241732,3.173623,1396041.174621,1161963.972815,2307281.811820,207665.685154,1090450.626120,367.440421,98.385686,209.822535,30.118067,36.141681,85.334524,23.090518,49.192843,7.027549,8.031485,523.050435,140.550981,299.172801,43.169230,51.200714,3.000000,2.000000,3.000000,0.000000,1.000000,0.000000,1.000000,2.000000,0.000000,1.000000,0.000000,1.000000,3.000000,0.000000,1.000000,1553.000000,438.000000,932.000000,136.000000,161.000000,5.000000,
0.049442,0.997049,0.140372,0.201811,0.297729,0.003936,-207.241732,3.173623,1396041.174621,1161963.972815,2307281.811820,207665.685154,1090450.626120,367.440421,98.385686,209.822535,30.118067,36.141681,85.334524,23.090518,49.192843,7.027549,8.031485,523.050435,140.550981,299.172801,43.169230,51.200714,3.000000,2.000000,3.000000,0.000000,1.000000,0.000000,1.000000,2.000000,0.000000,1.000000,0.000000,1.000000,3.000000,0.000000,1.000000,1553.000000,438.000000,932.000000,136.000000,161.000000,5.000000,
0.049442,0.997049,0.140372,0.201811,0.297729,0.003936,-207.241732,3.173623,1396041.174621,1161963.972815,2307281.811820,207665.685154,1090450.626120,367.440421,98.385686,209.822535,30.118067,36.141681,85.334524,23.090518,49.192843,7.027549,8.031485,523.050435,140.550981,299.172801,43.169230,51.200714,3.000000,2.000000,3.000000,0.000000,1.000000,0.000000,1.000000,2.000000,0.000000,1.000000,0.000000,1.000000,3.000000,0.000000,1.000000,1553.000000,438.000000,932.000000,136.000000,161.000000,5.000000,
0.049442,0.997049,0.140372,0.201811,0.297729,0.003936,-207.241732,3.173623,1396041.174621,1161963.972815,2307281.811820,207665.685154,1090450.626120,367.440421,98.385686,209.822535,30.118067,36.141681,85.334524,23.090518,49.192843,7.027549,8.031485,523.050435,140.550981,299.172801,43.169230,51.200714,3.000000,2.000000,3.000000,0.000000,1.000000,0.000000,1.000000,2.000000,0.000000,1.000000,0.000000,1.000000,3.000000,0.000000,1.000000,1553.000000,438.000000,932.000000,136.000000,161.000000,5.000000,
0.049442,0.997049,0.140372,0.201811,0.297729,0.003936,-207.241732,3.173623,1396041.174621,1161963.972815,2307281.811820,207665.685154,1090450.626120,367.440421,98.385686,209.822535,30.118067,36.141681,85.334524,23.090518,49.192843,7.027549,8.031485,523.050435,140.550981,299.172801,43.169230,51.200714,3.000000,2.000000,3.000000,0.000000,1.000000,0.000000,1.000000,2.000000,0.000000,1.000000,0.000000,1.000000,3.000000,0.000000,1.000000,1553.000000,438.000000,932.000000,136.000000,161.000000,5.000000,
0.049442,0.997049,0.140372,0.201811,0.297729,0.003936,-207.241732,3.173623,1396041.174621,1161963.972815,2307281.811820,207665.685154,1090450.626120,367.440421,98.385686,209.822535,30.118067,36.141681,85.334524,23.090518,49.192843,7.027549,8.031485,523.050435,140.550981,299.172801,43.169230,51.200714,3.000000,2.000000,3.000000,0.000000,1.000000,0.000000,1.000000,2.000000,0.000000,1.000000,0.000000,1.000000,3.000000,0.000000,1.000000,1553.000000,438.000000,932.000000,136.000000,161.000000,5.000000,
0.049442,0.997049,0.140372,0.201811,0.297729,0.003936,-207.241732,3.173623,1396041.174621,1161963.972815,2307281.811820,207665.685154,1090450.626120,367.440421,98.385686,209.822535,30.118067,36.141681,85.334524,23.090518,49.192843,7.027549,8.031485,523.050435,140.550981,299.172801,43.169230,51.200714,3.000000,2.000000,3.000000,0.000000,1.000000,0.000000,1.000000,2.000000,0.000000,1.000000,0.000000,1.000000,3.000000,0.000000,1.000000,1553.000000,438.000000,932.000000,136.000000,161.000000,5.000000,
0.049442,0.997049,0.140372,0.201811,0.297729,0.003936,-207.241732,3.173623,1396041.174621,1161963.972815,2307281.811820,207665.685154,1090450.626120,367.440421,98.385686,209.822535,30.118067,36.141681,85.334524,23.090518,49.192843,7.027549,8.031485,523.050435,140.550981,299.172801,43.169230,51.200714,3.000000,2.000000,3.000000,0.000000,1.000000,0.000000,1.000000,2.000000,0.000000,1.000000,0.000000,1.000000,3.000000,0.000000,1.000000,1553.000000,438.000000,932.000000,136.000000,161.000000,5.000000,
0.049442,0.997049,0.140372,0.201811,0.297729,0.003936,-207.241732,3.173623,1396041.174621,1161963.972815,2307281.811820,207665.685154,1090450.626120,367.440421,98.385686,209.822535,30.118067,36.141681,85.334524,23.090518,49.192843,7.027549,8.031485,523.050435,140.550981,299.172801,43.169230,51.200714,3.000000,2.000000,3.000000,0.000000,1.000000,0.000000,1.000000,2.000000,0.000000,1.000000,0.000000,1.000000,3.000000,0.000000,1.000000,1553.000000,438.000000,932.000000,136.000000,161.000000,5.000000,
0.049442,0.997049,0.140372,0.201811,0.297729,0.003936,-207.241732,3.173623,1396041.174621,1161963.972815,2307281.811820,207665.685154,1090450.626120,367.440421,98.385686,209.822535,30.118067,36.141681,85.334524,23.090518,49.192843,7.027549,8.031485,523.050435,140.550981,299.172801,43.169230,51.200714,3.000000,2.000000,3.000000,0.000000,1.000000,0.000000,1.000000,2.000000,0.000000,1.000000,0.000000,1.000000,3.000000,0.000000,1.000000,1553.000000,438.000000,932.000000,136.000000,161.000000,5.000000,
0.049442,0.997049,0.140372,0.201811,0.297729,0.003936,-207.241732,3.173623,1396041.174621,1161963.972815,2307281.811820,207665.685154,1090450.626120,367.440421,98.385686,209.822535,30.118067,36.141681,85.334524,23.090518,49.192843,7.027549,8.031485,523.050435,140.550981,299.172801,43.169230,51.200714,3.000000,2.000000,3.000000,0.000000,1.000000,0.000000,1.000000,2.000000,0.000000,1.000000,0.000000,1.000000,3.000000,0.000000,1.000000,1553.000000,438.000000,932.000000,136.000000,161.000000,5.000000,
0.049442,0.997049,0.140372,0.201811,0.297729,0.003936,-207.241732,3.173623,1396041.174621,1161963.972815,2307281.811820,207665.685154,1090450.626120,367.440421,98.385686,209.822535,30.118067,36.141681,85.334524,23.090518,49.192843,7.027549,8.031485,523.050435,140.550981,299.172801,43.169230,51.200714,3.000000,2.000000,3.000000,0.000000,1.000000,0.000000,1.000000,2.000000,0.000000,1.000000,0.000000,1.000000,3.000000,0.000000,1.000000,1553.000000,438.000000,932.000000,136.000000,161.000000,5.000000,
0.049442,0.997049,0.140372,0.201811,0.297729,0.003936,-207.241732,3.173623,1396041.174621,1161963.972815,2307281.811820,207665.685154,1090450.626120,367.440421,98.385686,209.822535,30.118067,36.141681,85.334524,23.090518,49.192843,7.027549,8.031485,523.050435,140.550981,299.172801,43.169230,51.200714,3.000000,2.000000,3.000000,0.000000,1.000000,0.000000,1.000000,2.000000,0.000000,1.000000,0.000000,1.000000,3.000000,0.000000,1.000000,1553.000000,438.000000,932.000000,136.000000,161.000000,5.000000,
0.049442,0.997049,0.140372,0.201811,0.297729,0.003936,-207.241732,3.173623,1396041.174621,1161963.972815,2307281.811820,207665.685154,1090450.626120,367.440421,98.385686,209.822535,30.118067,36.141681,85.334524,23.090518,49.192843,7.027549,8.031485,523.050435,140.550981,299.172801,43.169230,51.200714,3.000000,2.000000,3.000000,0.000000,1.000000,0.000000,1.000000,2.000000,0.000000,1.000000,0.000000,1.000000,3.000000,0.000000,1.000000,1553.000000,438.000000,932.000000,136.000000,161.000000,5.000000,
0.049442,0.997049,0.140372,0.201811,0.297729,0.003936,-207.241732,3.173623,1396041.174621,1161963.972815,2307281.811820,207665.685154,1090450.626120,367.440421,98.385686,209.822535,30.118067,36.141681,85.334524,23.090518,49.192843,7.027549,8.031485,523.050435,140.550981,299.172801,43.169230,51.200714,3.000000,2.000000,3.000000,0.000000,1.000000,0.000000,1.000000,2.000000,0.000000,1.000000,0.000000,1.000000,3.000000,0.000000,1.000000,1553.000000,438.000000,932.000000,136.000000,161.000000,5.000000,
0.049442,0.997049,0.140372,0.201811,0.297729,0.003936,-207.241732,3.173623,1396041.174621,1161963.972815,2307281.811820,207665.685154,1090450.626120,367.440421,98.385686,209.822535,30.118067,36.141681,85.334524,23.090518,49.192843,7.027549,8.031485,523.050435,140.550981,299.172801,43.169230,51.200714,3.000000,2.000000,3.000000,0.000000,1.000000,0.000000,1.000000,2.000000,0.000000,1.000000,0.000000,1.000000,3.000000,0.000000,1.000000,1553.000000,438.000000,932.000000,136.000000,161.000000,5.000000,
0.049442,0.997049,0.140372,0.201811,0.297729,0.003936,-207.241732,3.173623,1396041.174621,1161963.972815,2307281.811820,207665.685154,1090450.626120,367.440421,98.385686,209.822535,30.118067,36.141681,85.334524,23.090518,49.192843,7.027549,8.031485,523.050435,140.550981,299.172801,43.169230,51.200714,3.000000,2.000000,3.000000,0.000000,1.000000,0.000000,1.000000,2.000000,0.000000,1.000000,0.000000,1.000000,3.000000,0.000000,1.000000,1553.000000,438.000000,932.000000,136.000000,161.000000,5.000000,
0.049442,0.997049,0.140372,0.201811,0.297729,0.003936,-207.241732,3.173623,1396041.174621,1161963.972815,2307281.811820,207665.685154,1090450.626120,367.440421,98.385686,209.822535,30.118067,36.141681,85.334524,23.090518,49.192843,7.027549,8.031485,523.050435,140.550981,299.172801,43.169230,51.200714,3.000000,2.000000,3.000000,0.000000,1.000000,0.000000,1.000000,2.000000,0.000000,1.000000,0.000000,1.000000,3.000000,0.000000,1.000000,1553.000000,438.000000,932.000000,136.000000,161.000000,5.000000,
0.049442,0.997049,0.140372,0.201811,0.297729,0.003936,-207.241732,3.173623,1396041.174621,1161963.972815,2307281.811820,207665.685154,1090450.626120,367.440421,98.385686,209.822535,30.118067,36.141681,85.334524,23.090518,49.192843,7.027549,8.031485,523.050435,140.550981,299.172801,43.169230,51.200714,3.000000,2.000000,3.000000,0.000000,1.000000,0.000000,1.000000,2.000000,0.000000,1.000000,0.000000,1.000000,3.000000,0.000000,1.000000,1553.000000,438.000000,932.000000,136.000000,161.000000,5.000000,
0.049442,0.997049,0.140372,0.201811,0.297729,0.003936,-207.241732,3.173623,1396041.174621,1161963.972815,2307281.811820,207665.685154,1090450.626120,367.440421,98.385686,209.822535,30.118067,36.141681,85.334524,23.090518,49.192843,7.027549,8.031485,523.050435,140.550981,299.172801,43.169230,51.200714,3.000000,2.000000,3.000000,0.000000,1.000000,0.000000,1.000000,2.000000,0.000000,1.000000,0.000000,1.000000,3.000000,0.000000,1.000000,1553.000000,438.000000,932.000000,136.000000,161.000000,5.000000,
0.049442,0.997049,0.140372,0.201811,0.297729,0.003936,-207.241732,3.173623,1396041.174621,1161963.972815,2307281.811820,207665.685154,1090450.626120,367.440421,98.385686,209.822535,30.118067,36.141681,85.334524,23.090518,49.192843,7.027549,8.031485,523.050435,140.550981,299.172801,43.169230,51.200714,3.000000,2.000000,3.000000,0.000000,1.000000,0.000000,1.000000,2.000000,0.000000,1.000000,0.000000,1.000000,3.000000,0.000000,1.000000,1553.000000,438.000000,932.000000,136.000000,161.000000,5.000000,
0.049442,0.997049,0.140372,0.201811,0.297729,0.003936,-207.241732,3.173623,1396041.174621,1161963.972815,2307281.811820,207665.685154,1090450.626120,367.440421,98.385686,209.822535,30.118067,36.141681,85.334524,23.090518,49.192843,7.027549,8.031485,523.050435,140.550981,299.172801,43.169230,51.200714,3.000000,2.000000,3.000000,0.000000,1.000000,0.000000,1.000000,2.000000,0.000000,1.000000,0.000000,1.000000,3.000000,0.000000,1.000000,1553.000000,438.000000,932.000000,136.000000,161.000000,5.000000,
0.049442,0.997049,0.140372,0.201811,0.297729,0.003936,-207.241732,3.173623,1396041.174621,1161963.972815,2307281.811820,207665.685154,1090450.626120,367.440421,98.385686,209.822535,30.118067,36.141681,85.334524,23.090518,49.192843,7.027549,8.031485,523.050435,140.550981,299.172801,43.169230,51.200714,3.000000,2.000000,3.000000,0.000000,1.000000,0.000000,1.000000,2.000000,0.000000,1.000000,0.000000,1.000000,3.000000,0.000000,1.000000,1553.000000,438.000000,932.000000,136.000000,161.000000,5.000000,
0.049442,0.997049,0.140372,0.201811,0.297729,0.003936,-207.241732,3.173623,1396041.174621,1161963.972815,2307281.811820,207665.685154,1090450.626120,367.440421,98.385686,209.822535,30.118067,36.141681,85.334524,23.090518,49.192843,7.027549,8.031485,523.050435,140.550981,299.172801,43.169230,51.200714,3.000000,2.000000,3.000000,0.000000,1.000000,0.000000,1.000000,2.000000,0.000000,1.000000,0.000000,1.000000,3.000000,0.000000,1.000000,1553.000000,438.000000,932.000000,136.000000,161.000000,5.000000,
0.049508,0.977356,0.142401,0.172809,0.335699,0.003873,-211.394359,3.182404,1396041.235296,1161963.989107,2307281.846527,207665.690148,1090450.632051,367.417574,98.379569,209.809489,30.116195,36.139433,85.329218,23.089082,49.189784,7.027112,8.030985,523.017912,140.542241,299.154199,43.166546,51.197531,3.000000,2.000000,3.000000,0.000000,1.000000,0.000000,1.000000,2.000000,0.000000,1.000000,0.000000,1.000000,3.000000,0.000000,1.000000,1553.000000,438.000000,932.000000,136.000000,161.000000,5.000000,
0.049397,0.996879,0.145928,0.181783,0.315748,0.003962,-205.978902,3.183105,1396041.149400,1161963.966043,2307281.797393,207665.683078,1090450.623655,367.449917,98.388229,209.827958,30.118846,36.142615,85.336729,23.091115,49.194115,7.027731,8.031692,523.063953,140.554613,299.180534,43.170345,51.202038,3.000000,2.000000,3.000000,0.000000,1.000000,0.000000,1.000000,2.000000,0.000000,1.000000,0.000000,1.000000,3.000000,0.000000,1.000000,1553.000000,438.000000,932.000000,136.000000,161.000000,5.000000,
0.049397,0.996879,0.145928,0.181783,0.315748,0.003962,-205.978902,3.183105,1396041.149400,1161963.966043,2307281.797393,207665.683078,1090450.623655,367.449917,98.388229,209.827958,30.118846,36.142615,85.336729,23.091115,49.194115,7.027731,8.031692,523.063953,140.554613,299.180534,43.170345,51.202038,3.000000,2.000000,3.000000,0.000000,1.000000,0.000000,1.000000,2.000000,0.000000,1.000000,0.000000,1.000000,3.000000,0.000000,1.000000,1553.000000,438.000000,932.000000,136.000000,161.000000,5.000000,
0.049397,0.996879,0.145928,0.181783,0.315748,0.003962,-205.978902,3.183105,1396041.149400,1161963.966043,2307281.797393,207665.683078,1090450.623655,367.449917,98.388229,209.827958,30.118846,36.142615,85.336729,23.091115,49.194115,7.027731,8.031692,523.063953,140.554613,299.180534,43.170345,51.202038,3.000000,2.000000,3.000000,0.000000,1.000000,0.000000,1.000000,2.000000,0.000000,1.000000,0.000000,1.000000,3.000000,0.000000,1.000000,1553.000000,438.000000,932.000000,136.000000,161.000000,5.000000,
0.049397,0.996879,0.145928,0.181783,0.315748,0.003962,-205.978902,3.183105,1396041.149400,1161963.966043,2307281.797393,207665.683078,1090450.623655,367.449917,98.388229,209.827958,30.118846,36.142615,85.336729,23.091115,49.194115,7.027731,8.031692,523.063953,140.554613,299.180534,43.170345,51.202038,3.000000,2.000000,3.000000,0.000000,1.000000,0.000000,1.000000,2.000000,0.000000,1.000000,0.000000,1.000000,3.000000,0.000000,1.000000,1553.000000,438.000000,932.000000,136.000000,161.000000,5.000000,
0.049397,0.996879,0.145928,0.181783,0.315748,0.003962,-205.978902,3.183105,1396041.149400,1161963.966043,2307281.797393,207665.683078,1090450.623655,367.449917,98.388229,209.827958,30.118846,36.142615,85.336729,23.091115,49.194115,7.027731,8.031692,523.063953,140.554613,299.180534,43.170345,51.202038,3.000000,2.000000,3.000000,0.000000,1.000000,0.000000,1.000000,2.000000,0.000000,1.000000,0.000000,1.000000,3.000000,0.000000,1.000000,1553.000000,438.000000,932.000000,136.000000,161.000000,5.000000,
0.049397,0.996879,0.145928,0.181783,0.315748,0.003962,-205.978902,3.183105,1396041.149400,1161963.966043,2307281.797393,207665.683078,1090450.623655,367.449917,98.388229,209.827958,30.118846,36.142615,85.336729,23.091115,49.194115,7.027731,8.031692,523.063953,140.554613,299.180534,43.170345,51.202038,3.000000,2.000000,3.000000,0.000000,1.000000,0.000000,1.000000,2.000000,0.000000,1.000000,0.000000,1.000000,3.000000,0.000000,1.000000,1553.000000,438.000000,932.000000,136.000000,161.000000,5.000000,
0.049397,0.996879,0.145928,0.181783,0.315748,0.003962,-205.978902,3.183105,1396041.149400,1161963.966043,2307281.797393,207665.683078,1090450.623655,367.449917,98.388229,209.827958,30.118846,36.142615,85.336729,23.091115,49.194115,7.027731,8.031692,523.063953,140.554613,299.180534,43.170345,51.202038,3.000000,2.000000,3.000000,0.000000,1.000000,0.000000,1.000000,2.000000,0.000000,1.000000,0.000000,1.000000,3.000000,0.000000,1.000000,1553.000000,438.000000,932.000000,136.000000,161.000000,5.000000,
0.049397,0.996879,0.145928,0.181783,0.315748,0.003962,-205.978902,3.183105,1396041.149400,1161963.966043,2307281.797393,207665.683078,1090450.623655,367.449917,98.388229,209.827958,30.118846,36.142615,85.336729,23.091115,49.194115,7.027731,8.031692,523.063953,140.554613,299.180534,43.170345,51.202038,3.000000,2.000000,3.000000,0.000000,1.000000,0.000000,1.000000,2.000000,0.000000,1.000000,0.000000,1.000000,3.000000,0.000000,1.000000,1553.000000,438.000000,932.000000,136.000000,161.000000,5.000000,
0.049397,0.996879,0.145928,0.181783,0.315748,0.003962,-205.978902,3.183105,1396041.149400,1161963.966043,2307281.797393,207665.683078,1090450.623655,367.449917,98.388229,209.827958,30.118846,36.142615,85.336729,23.091115,49.194115,7.027731,8.031692,523.063953,140.554613,299.180534,43.170345,51.202038,3.000000,2.000000,3.000000,0.000000,1.000000,0.000000,1.000000,2.000000,0.000000,1.000000,0.000000,1.000000,3.000000,0.000000,1.000000,1553.000000,438.000000,932.000000,136.000000,161.000000,5.000000,
0.049397,0.996879,0.145928,0.181783,0.315748,0.003962,-205.978902,3.183105,1396041.149400,1161963.966043,2307281.797393,207665.683078,1090450.623655,367.449917,98.388229,209.827958,30.118846,36.142615,85.336729,23.091115,49.194115,7.027731,8.031692,523.063953,140.554613,299.180534,43.170345,51.202038,3.000000,2.000000,3.000000,0.000000,1.000000,0.000000,1.000000,2.000000,0.000000,1.000000,0.000000,1.000000,3.000000,0.000000,1.000000,1553.000000,438.000000,932.000000,136.000000,161.000000,5.000000,
0.049397,0.996879,0.145928,0.181783,0.315748,0.003962,-205.978902,3.183105,1396041.149400,1161963.966043,2307281.797393,207665.683078,1090450.623655,367.449917,98.388229,209.827958,30.118846,36.142615,85.336729,23.091115,49.194115,7.027731,8.031692,523.063953,140.554613,299.180534,43.170345,51.202038,3.000000,2.000000,3.000000,0.000000,1.000000,0.000000,1.000000,2.000000,0.000000,1.000000,0.000000,1.000000,3.000000,0.000000,1.000000,1553.000000,438.000000,932.000000,136.000000,161.000000,5.000000,
0.049397,0.996879,0.145928,0.181783,0.315748,0.003962,-205.978902,3.183105,1396041.149400,1161963.966043,2307281.797393,207665.683078,1090450.623655,367.449917,98.388229,209.827958,30.118846,36.142615,85.336729,23.091115,49.194115,7.027731,8.031692,523.063953,140.554613,299.180534,43.170345,51.202038,3.000000,2.000000,3.000000,0.000000,1.000000,0.000000,1.000000,2.000000,0.000000,1.000000,0.000000,1.000000,3.000000,0.000000,1.000000,1553.000000,438.000000,932.000000,136.000000,161.000000,5.000000,
0.049397,0.996879,0.145928,0.181783,0.315748,0.003962,-205.978902,3.183105,1396041.149400,1161963.966043,2307281.797393,207665.683078,1090450.623655,367.449917,98.388229,209.827958,30.118846,36.142615,85.336729,23.091115,49.194115,7.027731,8.031692,523.063953,140.554613,299.180534,43.170345,51.202038,3.000000,2.000000,3.000000,0.000000,1.000000,0.000000,1.000000,2.000000,0.000000,1.000000,0.000000,1.000000,3.000000,0.000000,1.000000,1553.000000,438.000000,932.000000,136.000000,161.000000,5.000000,
0.049397,0.996879,0.145928,0.181783,0.315748,0.003962,-205.978902,3.183105,1396041.149400,1161963.966043,2307281.797393,207665.683078,1090450.623655,367.449917,98.388229,209.827958,30.118846,36.142615,85.336729,23.091115,49.194115,7.027731,8.031692,523.063953,140.554613,299.180534,43.170345,51.202038,3.000000,2.000000,3.000000,0.000000,1.000000,0.000000,1.000000,2.000000,0.000000,1.000000,0.000000,1.000000,3.000000,0.000000,1.000000,1553.000000,438.000000,932.000000,136.000000,161.000000,5.000000,
0.049397,0.996879,0.145928,0.181783,0.315748,0.003962,-205.978902,3.183105,1396041.149400,1161963.966043,2307281.797393,207665.683078,1090450.623655,367.449917,98.388229,209.827958,30.118846,36.142615,85.336729,23.091115,49.194115,7.027731,8.031692,523.063953,140.554613,299.180534,43.170345,51.202038,3.000000,2.000000,3.000000,0.000000,1.000000,0.000000,1.000000,2.000000,0.000000,1.000000,0.000000,1.000000,3.000000,0.000000,1.000000,1553.000000,438.000000,932.000000,136.000000,161.000000,5.000000,
0.049397,0.996879,0.145928,0.181783,0.315748,0.003962,-205.978902,3.183105,1396041.149400,1161963.966043,2307281.797393,207665.683078,1090450.623655,367.449917,98.388229,209.827958,30.118846,36.142615,85.336729,23.091115,49.194115,7.027731,8.031692,523.063953,140.554613,299.180534,43.170345,51.202038,3.000000,2.000000,3.000000,0.000000,1.000000,0.000000,1.000000,2.000000,0.000000,1.000000,0.000000,1.000000,3.000000,0.000000,1.000000,1553.000000,438.000000,932.000000,136.000000,161.000000,5.000000,
0.049397,0.996879,0.145928,0.181783,0.315748,0.003962,-205.978902,3.183105,1396041.149400,1161963.966043,2307281.797393,207665.683078,1090450.623655,367.449917,98.388229,209.827958,30.118846,36.142615,85.336729,23.091115,49.194115,7.027731,8.031692,523.063953,140.554613,299.180534,43.170345,51.202038,3.000000,2.000000,3.000000,0.000000,1.000000,0.000000,1.000000,2.000000,0.000000,1.000000,0.000000,1.000000,3.000000,0.000000,1.000000,1553.000000,438.000000,932.000000,136.000000,161.000000,5.000000,
0.049397,0.996879,0.145928,0.181783,0.315748,0.003962,-205.978902,3.183105,1396041.149400,1161963.966043,2307281.797393,207665.683078,1090450.623655,367.449917,98.388229,209.827958,30.118846,36.142615,85.336729,23.091115,49.194115,7.027731,8.031692,523.063953,140.554613,299.180534,43.170345,51.202038,3.000000,2.000000,3.000000,0.000000,1.000000,0.000000,1.000000,2.000000,0.000000,1.000000,0.000000,1.000000,3.000000,0.000000,1.000000,1553.000000,438.000000,932.000000,136.000000,161.000000,5.000000,
0.049397,0.996879,0.145928,0.181783,0.315748,0.003962,-205.978902,3.183105,1396041.149400,1161963.966043,2307281.797393,207665.683078,1090450.623655,367.449917,98.388229,209.827958,30.118846,36.142615,85.336729,23.091115,49.194115,7.027731,8.031692,523.063953,140.554613,299.180534,43.170345,51.202038,3.000000,2.000000,3.000000,0.000000,1.000000,0.000000,1.000000,2.000000,0.000000,1.000000,0.000000,1.000000,3.000000,0.000000,1.000000,1553.000000,438.000000,932.000000,136.000000,161.000000,5.000000,
0.049397,0.996879,0.145928,0.181783,0.315748,0.003962,-205.978902,3.183105,1396041.149400,1161963.966043,2307281.797393,207665.683078,1090450.623655,367.449917,98.388229,209.827958,30.118846,36.142615,85.336729,23.091115,49.194115,7.027731,8.031692,523.063953,140.554613,299.180534,43.170345,51.202038,3.000000,2.000000,3.000000,0.000000,1.000000,0.000000,1.000000,2.000000,0.000000,1.000000,0.000000,1.000000,3.000000,0.000000,1.000000,1553.000000,438.000000,932.000000,136.000000,161.000000,5.000000,
0.049397,0.996879,0.145928,0.181783,0.315748,0.003962,-205.978902,3.183105,1396041.149400,1161963.966043,2307281.797393,207665.683078,1090450.623655,367.449917,98.388229,209.827958,30.118846,36.142615,85.336729,23.091115,49.194115,7.027731,8.031692,523.063953,140.554613,299.180534,43.170345,51.202038,3.000000,2.000000,3.000000,0.000000,1.000000,0.000000,1.000000,2.000000,0.000000,1.000000,0.000000,1.000000,3.000000,0.000000,1.000000,1553.000000,438.000000,932.000000,136.000000,161.000000,5.000000,
0.049397,0.996879,0.145928,0.181783,0.315748,0.003962,-205.978902,3.183105,1396041.149400,1161963.966043,2307281.797393,207665.683078,1090450.623655,367.449917,98.388229,209.827958,30.118846,36.142615,85.336729,23.091115,49.194115,7.027731,8.031692,523.063953,140.554613,299.180534,43.170345,51.202038,3.000000,2.000000,3.000000,0.000000,1.000000,0.000000,1.000000,2.000000,0.000000,1.000000,0.000000,1.000000,3.000000,0.000000,1.000000,1553.000000,438.000000,932.000000,136.000000,161.000000,5.000000,
0.049397,0.996879,0.145928,0.181783,0.315748,0.003962,-205.978902,3.183105,1396041.149400,1161963.966043,2307281.797393,207665.683078,1090450.623655,367.449917,98.388229,209.827958,30.118846,36.142615,85.336729,23.091115,49.194115,7.027731,8.031692,523.063953,140.554613,299.180534,43.170345,51.202038,3.000000,2.000000,3.000000,0.000000,1.000000,0.000000,1.000000,2.000000,0.000000,1.000000,0.000000,1.000000,3.000000,0.000000,1.000000,1553.000000,438.000000,932.000000,136.000000,161.000000,5.000000,
0.049397,0.996879,0.145928,0.181783,0.315748,0.003962,-205.978902,3.183105,1396041.149400,1161963.966043,2307281.797393,207665.683078,1090450.623655,367.449917,98.388229,209.827958,30.118846,36.142615,85.336729,23.091115,49.194115,7.027731,8.031692,523.063953,140.554613,299.180534,43.170345,51.202038,3.000000,2.000000,3.000000,0.000000,1.000000,0.000000,1.000000,2.000000,0.000000,1.000000,0.000000,1.000000,3.000000,0.000000,1.000000,1553.000000,438.000000,932.000000,136.000000,161.000000,5.000000,
0.049397,0.996879,0.145928,0.181783,0.315748,0.003962,-205.978902,3.183105,1396041.149400,1161963.966043,2307281.797393,207665.683078,1090450.623655,367.449917,98.388229,209.827958,30.118846,36.142615,85.336729,23.091115,49.194115,7.027731,8.031692,523.063953,140.554613,299.180534,43.170345,51.202038,3.000000,2.000000,3.000000,0.000000,1.000000,0.000000,1.000000,2.000000,0.000000,1.000000,0.000000,1.000000,3.000000,0.000000,1.000000,1553.000000,438.000000,932.000000,136.000000,161.000000,5.000000,
0.049408,0.993188,0.147792,0.172104,0.327863,0.004291,-206.708272,3.188031,1396040.828982,1161963.880004,2307281.614109,207665.656706,1090450.592339,367.570569,98.420535,209.896855,30.128735,36.154482,85.364750,23.098697,49.210267,7.030038,8.034329,523.235700,140.600764,299.278769,43.184520,51.218850,3.000000,2.000000,3.000000,0.000000,1.000000,0.000000,1.000000,2.000000,0.000000,1.000000,0.000000,1.000000,3.000000,0.000000,1.000000,1553.000000,438.000000,932.000000,136.000000,161.000000,5.000000,
0.049408,0.993188,0.147792,0.172104,0.327863,0.004291,-206.708272,3.188031,1396040.828982,1161963.880004,2307281.614109,207665.656706,1090450.592339,367.570569,98.420535,209.896855,30.128735,36.154482,85.364750,23.098697,49.210267,7.030038,8.034329,523.235700,140.600764,299.278769,43.184520,51.218850,3.000000,2.000000,3.000000,0.000000,1.000000,0.000000,1.000000,2.000000,0.000000,1.000000,0.000000,1.000000,3.000000,0.000000,1.000000,1553.000000,438.000000,932.000000,136.000000,161.000000,5.000000,
0.049408,0.993188,0.147792,0.172104,0.327863,0.004291,-206.708272,3.188031,1396040.828982,1161963.880004,2307281.614109,207665.656706,1090450.592339,367.570569,98.420535,209.896855,30.128735,36.154482,85.364750,23.098697,49.210267,7.030038,8.034329,523.235700,140.600764,299.278769,43.184520,51.218850,3.000000,2.000000,3.000000,0.000000,1.000000,0.000000,1.000000,2.000000,0.000000,1.000000,0.000000,1.000000,3.000000,0.000000,1.000000,1553.000000,438.000000,932.000000,136.000000,161.000000,5.000000,
0.049408,0.993188,0.147792,0.172104,0.327863,0.004291,-206.708272,3.188031,1396040.828982,1161963.880004,2307281.614109,207665.656706,1090450.592339,367.570569,98.420535,209.896855,30.128735,36.154482,85.364750,23.098697,49.210267,7.030038,8.034329,523.235700,140.600764,299.278769,43.184520,51.218850,3.000000,2.000000,3.000000,0.000000,1.000000,0.000000,1.000000,2.000000,0.000000,1.000000,0.000000,1.000000,3.000000,0.000000,1.000000,1553.000000,438.000000,932.000000,136.000000,161.000000,5.000000,
0.049414,0.994470,0.148389,0.177999,0.309789,0.003815,-206.628254,3.189729,1396041.291590,1161964.004223,2307281.878728,207665.694781,1090450.637553,367.396377,98.373893,209.797384,30.114457,36.137349,85.324295,23.087750,49.186947,7.026707,8.030522,522.987738,140.534133,299.136941,43.164055,51.194577,3.000000,2.000000,3.000000,0.000000,1.000000,0.000000,1.000000,2.000000,0.000000,1.000000,0.000000,1.000000,3.000000,0.000000,1.000000,1553.000000,438.000000,932.000000,136.000000,161.000000,5.000000,
0.049414,0.994470,0.148389,0.177999,0.309789,0.003815,-206.628254,3.189729,1396041.291590,1161964.004223,2307281.878728,207665.694781,1090450.637553,367.396377,98.373893,209.797384,30.114457,36.137349,85.324295,23.087750,49.186947,7.026707,8.030522,522.987738,140.534133,299.136941,43.164055,51.194577,3.000000,2.000000,3.000000,0.000000,1.000000,0.000000,1.000000,2.000000,0.000000,1.000000,0.000000,1.000000,3.000000,0.000000,1.000000,1553.000000,438.000000,932.000000,136.000000,161.000000,5.000000,
0.049414,0.994470,0.148389,0.177999,0.309789,0.003815,-206.628254,3.189729,1396041.291590,1161964.004223,2307281.878728,207665.694781,1090450.637553,367.396377,98.373893,209.797384,30.114457,36.137349,85.324295,23.087750,49.186947,7.026707,8.030522,522.987738,140.534133,299.136941,43.164055,51.194577,3.000000,2.000000,3.000000,0.000000,1.000000,0.000000,1.000000,2.000000,0.000000,1.000000,0.000000,1.000000,3.000000,0.000000,1.000000,1553.000000,438.000000,932.000000,136.000000,161.000000,5.000000,
0.049414,0.994470,0.148389,0.177999,0.309789,0.003815,-206.628254,3.189729,1396041.291590,1161964.004223,2307281.878728,207665.694781,1090450.637553,367.396377,98.373893,209.797384,30.114457,36.137349,85.324295,23.087750,49.186947,7.026707,8.030522,522.987738,140.534133,299.136941,43.164055,51.194577,3.000000,2.000000,3.000000,0.000000,1.000000,0.000000,1.000000,2.000000,0.000000,1.000000,0.000000,1.000000,3.000000,0.000000,1.000000,1553.000000,438.000000,932.000000,136.000000,161.000000,5.000000,
0.049391,0.994635,0.148966,0.180618,0.303634,0.004182,-206.772304,3.189532,1396040.935472,1161963.908599,2307281.675023,207665.665471,1090450.602747,367.530471,98.409798,209.873957,30.125448,36.150538,85.355437,23.096177,49.204899,7.029271,8.033453,523.178621,140.585426,299.246121,43.179809,51.213262,3.000000,2.000000,3.000000,0.000000,1.000000,0.000000,1.000000,2.000000,0.000000,1.000000,0.000000,1.000000,3.000000,0.000000,1.000000,1553.000000,438.000000,932.000000,136.000000,161.000000,5.000000,
0.049391,0.994635,0.148966,0.180618,0.303634,0.004182,-206.772304,3.189532,1396040.935472,1161963.908599,2307281.675023,207665.665471,1090450.602747,367.530471,98.409798,209.873957,30.125448,36.150538,85.355437,23.096177,49.204899,7.029271,8.033453,523.178621,140.585426,299.246121,43.179809,51.213262,3.000000,2.000000,3.000000,0.000000,1.000000,0.000000,1.000000,2.000000,0.000000,1.000000,0.000000,1.000000,3.000000,0.000000,1.000000,1553.000000,438.000000,932.000000,136.000000,161.000000,5.000000,
0.049391,0.994635,0.148966,0.180618,0.303634,0.004182,-206.772304,3.189532,1396040.935472,1161963.908599,2307281.675023,207665.665471,1090450.602747,367.530471,98.409798,209.873957,30.125448,36.150538,85.355437,23.096177,49.204899,7.029271,8.033453,523.178621,140.585426,299.246121,43.179809,51.213262,3.000000,2.000000,3.000000,0.000000,1.000000,0.000000,1.000000,2.000000,0.000000,1.000000,0.000000,1.000000,3.000000,0.000000,1.000000,1553.000000,438.000000,932.000000,136.000000,161.000000,5.000000,
0.049391,0.994635,0.148966,0.180618,0.303634,0.004182,-206.772304,3.189532,1396040.935472,1161963.908599,2307281.675023,207665.665471,1090450.602747,367.530471,98.409798,209.873957,30.125448,36.150538,85.355437,23.096177,49.204899,7.029271,8.033453,523.178621,140.585426,299.246121,43.179809,51.213262,3.000000,2.000000,3.000000,0.000000,1.000000,0.000000,1.000000,2.000000,0.000000,1.000000,0.000000,1.000000,3.000000,0.000000,1.000000,1553.000000,438.000000,932.000000,136.000000,161.000000,5.000000,
0.049391,0.994635,0.148966,0.180618,0.303634,0.004182,-206.772304,3.189532,1396040.935472,1161963.908599,2307281.675023,207665.665471,1090450.602747,367.530471,98.409798,209.873957,30.125448,36.150538,85.355437,23.096177,49.204899,7.029271,8.033453,523.178621,140.585426,299.246121,43.179809,51.213262,3.000000,2.000000,3.000000,0.000000,1.000000,0.000000,1.000000,2.000000,0.000000,1.000000,0.000000,1.000000,3.000000,0.000000,1.000000,1553.000000,438.000000,932.000000,136.000000,161.000000,5.000000,
0.049391,0.994635,0.148966,0.180618,0.303634,0.004182,-206.772304,3.189532,1396040.935472,1161963.908599,2307281.675023,207665.665471,1090450.602747,367.530471,98.409798,209.873957,30.125448,36.150538,85.355437,23.096177,49.204899,7.029271,8.033453,523.178621,140.585426,299.246121,43.179809,51.213262,3.000000,2.000000,3.000000,0.000000,1.000000,0.000000,1.000000,2.000000,0.000000,1.000000,0.000000,1.000000,3.000000,0.000000,1.000000,1553.000000,438.000000,932.000000,136.000000,161.000000,5.000000,
0.049391,0.994635,0.148966,0.180618,0.303634,0.004182,-206.772304,3.189532,1396040.935472,1161963.908599,2307281.675023,207665.665471,1090450.602747,367.530471,98.409798,209.873957,30.125448,36.150538,85.355437,23.096177,49.204899,7.029271,8.033453,523.178621,140.585426,299.246121,43.179809,51.213262,3.000000,2.000000,3.000000,0.000000,1.000000,0.000000,1.000000,2.000000,0.000000,1.000000,0.000000,1.000000,3.000000,0.000000,1.000000,1553.000000,438.000000,932.000000,136.000000,161.000000,5.000000,
0.049391,0.994635,0.148966,0.180618,0.303634,0.004182,-206.772304,3.189532,1396040.935472,1161963.908599,2307281.675023,207665.665471,1090450.602747,367.530471,98.409798,209.873957,30.125448,36.150538,85.355437,23.096177,49.204899,7.029271,8.033453,523.178621,140.585426,299.246121,43.179809,51.213262,3.000000,2.000000,3.000000,0.000000,1.000000,0.000000,1.000000,2.000000,0.000000,1.000000,0.000000,1.000000,3.000000,0.000000,1.000000,1553.000000,438.000000,932.000000,136.000000,161.000000,5.000000,
0.049386,0.997464,0.149517,0.161859,0.347827,0.003668,-205.912644,3.190449,1396041.434993,1161964.042730,2307281.960757,207665.706584,1090450.651568,367.342379,98.359435,209.766550,30.110031,36.132037,85.311755,23.084357,49.179717,7.025674,8.029342,522.910873,140.513478,299.092975,43.157711,51.187053,3.000000,2.000000,3.000000,0.000000,1.000000,0.000000,1.000000,2.000000,0.000000,1.000000,0.000000,1.000000,3.000000,0.000000,1.000000,1553.000000,438.000000,932.000000,136.000000,161.000000,5.000000,
0.049386,0.997464,0.149517,0.161859,0.347827,0.003668,-205.912644,3.190449,1396041.434993,1161964.042730,2307281.960757,207665.706584,1090450.651568,367.342379,98.359435,209.766550,30.110031,36.132037,85.311755,23.084357,49.179717,7.025674,8.029342,522.910873,140.513478,299.092975,43.157711,51.187053,3.000000,2.000000,3.000000,0.000000,1.000000,0.000000,1.000000,2.000000,0.000000,1.000000,0.000000,1.000000,3.000000,0.000000,1.000000,1553.000000,438.000000,932.000000,136.000000,161.000000,5.000000,
0.049421,0.996628,0.145917,0.167238,0.351456,0.003299,-205.495102,3.184631,1396041.793675,1161964.139042,2307282.165929,207665.736105,1090450.686625,367.207320,98.323271,209.689426,30.098961,36.118753,85.280388,23.075870,49.161636,7.023091,8.026390,522.718616,140.461816,298.983009,43.141844,51.168233,3.000000,2.000000,3.000000,0.000000,1.000000,0.000000,1.000000,2.000000,0.000000,1.000000,0.000000,1.000000,3.000000,0.000000,1.000000,1553.000000,438.000000,932.000000,136.000000,161.000000,5.000000,
0.049421,0.996628,0.145917,0.167238,0.351456,0.003299,-205.495102,3.184631,1396041.793675,1161964.139042,2307282.165929,207665.736105,1090450.686625,367.207320,98.323271,209.689426,30.098961,36.118753,85.280388,23.075870,49.161636,7.023091,8.026390,522.718616,140.461816,298.983009,43.141844,51.168233,3.000000,2.000000,3.000000,0.000000,1.000000,0.000000,1.000000,2.000000,0.000000,1.000000,0.000000,1.000000,3.000000,0.000000,1.000000,1553.000000,438.000000,932.000000,136.000000,161.000000,5.000000,
0.049421,0.996628,0.145917,0.167238,0.351456,0.003299,-205.495102,3.184631,1396041.793675,1161964.139042,2307282.165929,207665.736105,1090450.686625,367.207320,98.323271,209.689426,30.098961,36.118753,85.280388,23.075870,49.161636,7.023091,8.026390,522.718616,140.461816,298.983009,43.141844,51.168233,3.000000,2.000000,3.000000,0.000000,1.000000,0.000000,1.000000,2.000000,0.000000,1.000000,0.000000,1.000000,3.000000,0.000000,1.000000,1553.000000,438.000000,932.000000,136.000000,161.000000,5.000000,
0.049421,0.996628,0.145917,0.167238,0.351456,0.003299,-205.495102,3.184631,1396041.793675,1161964.139042,2307282.165929,207665.736105,1090450.686625,367.207320,98.323271,209.689426,30.098961,36.118753,85.280388,23.075870,49.161636,7.023091,8.026390,522.718616,140.461816,298.983009,43.141844,51.168233,3.000000,2.000000,3.000000,0.000000,1.000000,0.000000,1.000000,2.000000,0.000000,1.000000,0.000000,1.000000,3.000000,0.000000,1.000000,1553.000000,438.000000,932.000000,136.000000,161.000000,5.000000,
0.049421,0.996628,0.145917,0.167238,0.351456,0.003299,-205.495102,3.184631,1396041.793675,1161964.139042,2307282.165929,207665.736105,1090450.686625,367.207320,98.323271,209.689426,30.098961,36.118753,85.280388,23.075870,49.161636,7.023091,8.026390,522.718616,140.461816,298.983009,43.141844,51.168233,3.000000,2.000000,3.000000,0.000000,1.000000,0.000000,1.000000,2.000000,0.000000,1.000000,0.000000,1.000000,3.000000,0.000000,1.000000,1553.000000,438.000000,932.000000,136.000000,161.000000,5.000000,
0.049421,0.996628,0.145917,0.167238,0.351456,0.003299,-205.495102,3.184631,1396041.793675,1161964.139042,2307282.165929,207665.736105,1090450.686625,367.207320,98.323271,209.689426,30.098961,36.118753,85.280388,23.075870,49.161636,7.023091,8.026390,522.718616,140.461816,298.983009,43.141844,51.168233,3.000000,2.000000,3.000000,0.000000,1.000000,0.000000,1.000000,2.000000,0.000000,1.000000,0.000000,1.000000,3.000000,0.000000,1.000000,1553.000000,438.000000,932.000000,136.000000,161.000000,5.000000,
0.049421,0.996628,0.145917,0.167238,0.351456,0.003299,-205.495102,3.184631,1396041.793675,1161964.139042,2307282.165929,207665.736105,1090450.686625,367.207320,98.323271,209.689426,30.098961,36.118753,85.280388,23.075870,49.161636,7.023091,8.026390,522.718616,140.461816,298.983009,43.141844,51.168233,3.000000,2.000000,3.000000,0.000000,1.000000,0.000000,1.000000,2.000000,0.000000,1.000000,0.000000,1.000000,3.000000,0.000000,1.000000,1553.000000,438.000000,932.000000,136.000000,161.000000,5.000000,
0.049421,0.996628,0.145917,0.167238,0.351456,0.003299,-205.495102,3.184631,1396041.793675,1161964.139042,2307282.165929,207665.736105,1090450.686625,367.207320,98.323271,209.689426,30.098961,36.118753,85.280388,23.075870,49.161636,7.023091,8.026390,522.718616,140.461816,298.983009,43.141844,51.168233,3.000000,2.000000,3.000000,0.000000,1.000000,0.000000,1.000000,2.000000,0.000000,1.000000,0.000000,1.000000,3.000000,0.000000,1.000000,1553.000000,438.000000,932.000000,136.000000,161.000000,5.000000,
0.049421,0.996628,0.145917,0.167238,0.351456,0.003299,-205.495102,3.184631,1396041.793675,1161964.139042,2307282.165929,207665.736105,1090450.686625,367.207320,98.323271,209.689426,30.098961,36.118753,85.280388,23.075870,49.161636,7.023091,8.026390,522.718616,140.461816,298.983009,43.141844,51.168233,3.000000,2.000000,3.000000,0.000000,1.000000,0.000000,1.000000,2.000000,0.000000,1.000000,0.000000,1.000000,3.000000,0.000000,1.000000,1553.000000,438.000000,932.000000,136.000000,161.000000,5.000000,
0.049421,0.996628,0.145917,0.167238,0.351456,0.003299,-205.495102,3.184631,1396041.793675,1161964.139042,2307282.165929,207665.736105,1090450.686625,367.207320,98.323271,209.689426,30.098961,36.118753,85.280388,23.075870,49.161636,7.023091,8.026390,522.718616,140.461816,298.983009,43.141844,51.168233,3.000000,2.000000,3.000000,0.000000,1.000000,0.000000,1.000000,2.000000,0.000000,1.000000,0.000000,1.000000,3.000000,0.000000,1.000000,1553.000000,438.000000,932.000000,136.000000,161.000000,5.000000,
0.049421,0.996628,0.145917,0.167238,0.351456,0.003299,-205.495102,3.184631,1396041.793675,1161964.139042,2307282.165929,207665.736105,1090450.686625,367.207320,98.323271,209.689426,30.098961,36.118753,85.280388,23.075870,49.161636,7.023091,8.026390,522.718616,140.461816,298.983009,43.141844,51.168233,3.000000,2.000000,3.000000,0.000000,1.000000,0.000000,1.000000,2.000000,0.000000,1.000000,0.000000,1.000000,3.000000,0.000000,1.000000,1553.000000,438.000000,932.000000,136.000000,161.000000,5.000000,
0.049421,0.996628,0.145917,0.167238,0.351456,0.003299,-205.495102,3.184631,1396041.793675,1161964.139042,2307282.165929,207665.736105,1090450.686625,367.207320,98.323271,209.689426,30.098961,36.118753,85.280388,23.075870,49.161636,7.023091,8.026390,522.718616,140.461816,298.983009,43.141844,51.168233,3.000000,2.000000,3.000000,0.000000,1.000000,0.000000,1.000000,2.000000,0.000000,1.000000,0.000000,1.000000,3.000000,0.000000,1.000000,1553.000000,438.000000,932.000000,136.000000,161.000000,5.000000,
0.049421,0.996628,0.145917,0.167238,0.351456,0.003299,-205.495102,3.184631,1396041.793675,1161964.139042,2307282.165929,207665.736105,1090450.686625,367.207320,98.323271,209.689426,30.098961,36.118753,85.280388,23.075870,49.161636,7.023091,8.026390,522.718616,140.461816,298.983009,43.141844,51.168233,3.000000,2.000000,3.000000,0.000000,1.000000,0.000000,1.000000,2.000000,0.000000,1.000000,0.000000,1.000000,3.000000,0.000000,1.000000,1553.000000,438.000000,932.000000,136.000000,161.000000,5.000000,
0.049421,0.996628,0.145917,0.167238,0.351456,0.003299,-205.495102,3.184631,1396041.793675,1161964.139042,2307282.165929,207665.736105,1090450.686625,367.207320,98.323271,209.689426,30.098961,36.118753,85.280388,23.075870,49.161636,7.023091,8.026390,522.718616,140.461816,298.983009,43.141844,51.168233,3.000000,2.000000,3.000000,0.000000,1.000000,0.000000,1.000000,2.000000,0.000000,1.000000,0.000000,1.000000,3.000000,0.000000,1.000000,1553.000000,438.000000,932.000000,136.000000,161.000000,5.000000,
0.049421,0.996628,0.145917,0.167238,0.351456,0.003299,-205.495102,3.184631,1396041.793675,1161964.139042,2307282.165929,207665.736105,1090450.686625,367.207320,98.323271,209.689426,30.098961,36.118753,85.280388,23.075870,49.161636,7.023091,8.026390,522.718616,140.461816,298.983009,43.141844,51.168233,3.000000,2.000000,3.000000,0.000000,1.000000,0.000000,1.000000,2.000000,0.000000,1.000000,0.000000,1.000000,3.000000,0.000000,1.000000,1553.000000,438.000000,932.000000,136.000000,161.000000,5.000000,
0.049421,0.996628,0.145917,0.167238,0.351456,0.003299,-205.495102,3.184631,1396041.793675,1161964.139042,2307282.165929,207665.736105,1090450.686625,367.207320,98.323271,209.689426,30.098961,36.118753,85.280388,23.075870,49.161636,7.023091,8.026390,522.718616,140.461816,298.983009,43.141844,51.168233,3.000000,2.000000,3.000000,0.000000,1.000000,0.000000,1.000000,2.000000,0.000000,1.000000,0.000000,1.000000,3.000000,0.000000,1.000000,1553.000000,438.000000,932.000000,136.000000,161.000000,5.000000,
0.049421,0.996628,0.145917,0.167238,0.351456,0.003299,-205.495102,3.184631,1396041.793675,1161964.139042,2307282.165929,207665.736105,1090450.686625,367.207320,98.323271,209.689426,30.098961,36.118753,85.280388,23.075870,49.161636,7.023091,8.026390,522.718616,140.461816,298.983009,43.141844,51.168233,3.000000,2.000000,3.000000,0.000000,1.000000,0.000000,1.000000,2.000000,0.000000,1.000000,0.000000,1.000000,3.000000,0.000000,1.000000,1553.000000,438.000000,932.000000,136.000000,161.000000,5.000000,
0.049421,0.996628,0.145917,0.167238,0.351456,0.003299,-205.495102,3.184631,1396041.793675,1161964.139042,2307282.165929,207665.736105,1090450.686625,367.207320,98.323271,209.689426,30.098961,36.118753,85.280388,23.075870,49.161636,7.023091,8.026390,522.718616,140.461816,298.983009,43.141844,51.168233,3.000000,2.000000,3.000000,0.000000,1.000000,0.000000,1.000000,2.000000,0.000000,1.000000,0.000000,1.000000,3.000000,0.000000,1.000000,1553.000000,438.000000,932.000000,136.000000,161.000000,5.000000,
0.049421,0.996628,0.145917,0.167238,0.351456,0.003299,-205.495102,3.184631,1396041.793675,1161964.139042,2307282.165929,207665.736105,1090450.686625,367.207320,98.323271,209.689426,30.098961,36.118753,85.280388,23.075870,49.161636,7.023091,8.026390,522.718616,140.461816,298.983009,43.141844,51.168233,3.000000,2.000000,3.000000,0.000000,1.000000,0.000000,1.000000,2.000000,0.000000,1.000000,0.000000,1.000000,3.000000,0.000000,1.000000,1553.000000,438.000000,932.000000,136.000000,161.000000,5.000000,
0.049421,0.996628,0.145917,0.167238,0.351456,0.003299,-205.495102,3.184631,1396041.793675,1161964.139042,2307282.165929,207665.736105,1090450.686625,367.207320,98.323271,209.689426,30.098961,36.118753,85.280388,23.075870,49.161636,7.023091,8.026390,522.718616,140.461816,298.983009,43.141844,51.168233,3.000000,2.000000,3.000000,0.000000,1.000000,0.000000,1.000000,2.000000,0.000000,1.000000,0.000000,1.000000,3.000000,0.000000,1.000000,1553.000000,438.000000,932.000000,136.000000,161.000000,5.000000,
0.049421,0.996628,0.145917,0.167238,0.351456,0.003299,-205.495102,3.184631,1396041.793675,1161964.139042,2307282.165929,207665.736105,1090450.686625,367.207320,98.323271,209.689426,30.098961,36.118753,85.280388,23.075870,49.161636,7.023091,8.026390,522.718616,140.461816,298.983009,43.141844,51.168233,3.000000,2.000000,3.000000,0.000000,1.000000,0.000000,1.000000,2.000000,0.000000,1.000000,0.000000,1.000000,3.000000,0.000000,1.000000,1553.000000,438.000000,932.000000,136.000000,161.000000,5.000000,
0.049421,0.996628,0.145917,0.167238,0.351456,0.003299,-205.495102,3.184631,1396041.793675,1161964.139042,2307282.165929,207665.736105,1090450.686625,367.207320,98.323271,209.689426,30.098961,36.118753,85.280388,23.075870,49.161636,7.023091,8.026390,522.718616,140.461816,298.983009,43.141844,51.168233,3.000000,2.000000,3.000000,0.000000,1.000000,0.000000,1.000000,2.000000,0.000000,1.000000,0.000000,1.000000,3.000000,0.000000,1.000000,1553.000000,438.000000,932.000000,136.000000,161.000000,5.000000,
0.049421,0.996628,0.145917,0.167238,0.351456,0.003299,-205.495102,3.184631,1396041.793675,1161964.139042,2307282.165929,207665.736105,1090450.686625,367.207320,98.323271,209.689426,30.098961,36.118753,85.280388,23.075870,49.161636,7.023091,8.026390,522.718616,140.461816,298.983009,43.141844,51.168233,3.000000,2.000000,3.000000,0.000000,1.000000,0.000000,1.000000,2.000000,0.000000,1.000000,0.000000,1.000000,3.000000,0.000000,1.000000,1553.000000,438.000000,932.000000,136.000000,161.000000,5.000000,
0.049421,0.996628,0.145917,0.167238,0.351456,0.003299,-205.495102,3.184631,1396041.793675,1161964.139042,2307282.165929,207665.736105,1090450.686625,367.207320,98.323271,209.689426,30.098961,36.118753,85.280388,23.075870,49.161636,7.023091,8.026390,522.718616,140.461816,298.983009,43.141844,51.168233,3.000000,2.000000,3.000000,0.000000,1.000000,0.000000,1.000000,2.000000,0.000000,1.000000,0.000000,1.000000,3.000000,0.000000,1.000000,1553.000000,438.000000,932.000000,136.000000,161.000000,5.000000,
0.049397,0.998310,0.148614,0.170002,0.331641,0.004089,-205.747858,3.189099,1396041.025227,1161963.932700,2307281.726364,207665.672858,1090450.611519,367.496674,98.400749,209.854658,30.122678,36.147214,85.347588,23.094053,49.200374,7.028625,8.032714,523.130511,140.572498,299.218603,43.175839,51.208553,3.000000,2.000000,3.000000,0.000000,1.000000,0.000000,1.000000,2.000000,0.000000,1.000000,0.000000,1.000000,3.000000,0.000000,1.000000,1553.000000,438.000000,932.000000,136.000000,161.000000,5.000000,
0.049416,0.999818,0.147366,0.163069,0.353216,0.002907,-204.922993,3.187592,1396042.174020,1161964.241172,2307282.383493,207665.767409,1090450.723798,367.064103,98.284924,209.607644,30.087222,36.104666,85.247128,23.066870,49.142462,7.020352,8.023259,522.514748,140.407034,298.866401,43.125018,51.148277,3.000000,2.000000,3.000000,0.000000,1.000000,0.000000,1.000000,2.000000,0.000000,1.000000,0.000000,1.000000,3.000000,0.000000,1.000000,1553.000000,438.000000,932.000000,136.000000,161.000000,5.000000,
0.049416,0.999818,0.147366,0.163069,0.353216,0.002907,-204.922993,3.187592,1396042.174020,1161964.241172,2307282.383493,207665.767409,1090450.723798,367.064103,98.284924,209.607644,30.087222,36.104666,85.247128,23.066870,49.142462,7.020352,8.023259,522.514748,140.407034,298.866401,43.125018,51.148277,3.000000,2.000000,3.000000,0.000000,1.000000,0.000000,1.000000,2.000000,0.000000,1.000000,0.000000,1.000000,3.000000,0.000000,1.000000,1553.000000,438.000000,932.000000,136.000000,161.000000,5.000000,
0.049416,0.999818,0.147366,0.163069,0.353216,0.002907,-204.922993,3.187592,1396042.174020,1161964.241172,2307282.383493,207665.767409,1090450.723798,367.064103,98.284924,209.607644,30.087222,36.104666,85.247128,23.066870,49.142462,7.020352,8.023259,522.514748,140.407034,298.866401,43.125018,51.148277,3.000000,2.000000,3.000000,0.000000,1.000000,0.000000,1.000000,2.000000,0.000000,1.000000,0.000000,1.000000,3.000000,0.000000,1.000000,1553.000000,438.000000,932.000000,136.000000,161.000000,5.000000,
0.049416,0.999818,0.147366,0.163069,0.353216,0.002907,-204.922993,3.187592,1396042.174020,1161964.241172,2307282.383493,207665.767409,1090450.723798,367.064103,98.284924,209.607644,30.087222,36.104666,85.247128,23.066870,49.142462,7.020352,8.023259,522.514748,140.407034,298.866401,43.125018,51.148277,3.000000,2.000000,3.000000,0.000000,1.000000,0.000000,1.000000,2.000000,0.000000,1.000000,0.000000,1.000000,3.000000,0.000000,1.000000,1553.000000,438.000000,932.000000,136.000000,161.000000,5.000000,
0.049416,0.999818,0.147366,0.163069,0.353216,0.002907,-204.922993,3.187592,1396042.174020,1161964.241172,2307282.383493,207665.767409,1090450.723798,367.064103,98.284924,209.607644,30.087222,36.104666,85.247128,23.066870,49.142462,7.020352,8.023259,522.514748,140.407034,298.866401,43.125018,51.148277,3.000000,2.000000,3.000000,0.000000,1.000000,0.000000,1.000000,2.000000,0.000000,1.000000,0.000000,1.000000,3.000000,0.000000,1.000000,1553.000000,438.000000,932.000000,136.000000,161.000000,5.000000,
0.049416,0.999818,0.147366,0.163069,0.353216,0.002907,-204.922993,3.187592,1396042.174020,1161964.241172,2307282.383493,207665.767409,1090450.723798,367.064103,98.284924,209.607644,30.087222,36.104666,85.247128,23.066870,49.142462,7.020352,8.023259,522.514748,140.407034,298.866401,43.125018,51.148277,3.000000,2.000000,3.000000,0.000000,1.000000,0.000000,1.000000,2.000000,0.000000,1.000000,0.000000,1.000000,3.000000,0.000000,1.000000,1553.000000,438.000000,932.000000,136.000000,161.000000,5.000000,
0.049416,0.999818,0.147366,0.163069,0.353216,0.002907,-204.922993,3.187592,1396042.174020,1161964.241172,2307282.383493,207665.767409,1090450.723798,367.064103,98.284924,209.607644,30.087222,36.104666,85.247128,23.066870,49.142462,7.020352,8.023259,522.514748,140.407034,298.866401,43.125018,51.148277,3.000000,2.000000,3.000000,0.000000,1.000000,0.000000,1.000000,2.000000,0.000000,1.000000,0.000000,1.000000,3.000000,0.000000,1.000000,1553.000000,438.000000,932.000000,136.000000,161.000000,5.000000,
0.049416,0.999818,0.147366,0.163069,0.353216,0.002907,-204.922993,3.187592,1396042.174020,1161964.241172,2307282.383493,207665.767409,1090450.723798,367.064103,98.284924,209.607644,30.087222,36.104666,85.247128,23.066870,49.142462,7.020352,8.023259,522.514748,140.407034,298.866401,43.125018,51.148277,3.000000,2.000000,3.000000,0.000000,1.000000,0.000000,1.000000,2.000000,0.000000,1.000000,0.000000,1.000000,3.000000,0.000000,1.000000,1553.000000,438.000000,932.000000,136.000000,161.000000,5.000000,
0.049416,0.999818,0.147366,0.163069,0.353216,0.002907,-204.922993,3.187592,1396042.174020,1161964.241172,2307282.383493,207665.767409,1090450.723798,367.064103,98.284924,209.607644,30.087222,36.104666,85.247128,23.066870,49.142462,7.020352,8.023259,522.514748,140.407034,298.866401,43.125018,51.148277,3.000000,2.000000,3.000000,0.000000,1.000000,0.000000,1.000000,2.000000,0.000000,1.000000,0.000000,1.000000,3.000000,0.000000,1.000000,1553.000000,438.000000,932.000000,136.000000,161.000000,5.000000,
0.049416,0.999818,0.147366,0.163069,0.353216,0.002907,-204.922993,3.187592,1396042.174020,1161964.241172,2307282.383493,207665.767409,1090450.723798,367.064103,98.284924,209.607644,30.087222,36.104666,85.247128,23.066870,49.142462,7.020352,8.023259,522.514748,140.407034,298.866401,43.125018,51.148277,3.000000,2.000000,3.000000,0.000000,1.000000,0.000000,1.000000,2.000000,0.000000,1.000000,0.000000,1.000000,3.000000,0.000000,1.000000,1553.000000,438.000000,932.000000,136.000000,161.000000,5.000000,
0.049416,0.999818,0.147366,0.163069,0.353216,0.002907,-204.922993,3.187592,1396042.174020,1161964.241172,2307282.383493,207665.767409,1090450.723798,367.064103,98.284924,209.607644,30.087222,36.104666,85.247128,23.066870,49.142462,7.020352,8.023259,522.514748,140.407034,298.866401,43.125018,51.148277,3.000000,2.000000,3.000000,0.000000,1.000000,0.000000,1.000000,2.000000,0.000000,1.000000,0.000000,1.000000,3.000000,0.000000,1.000000,1553.000000,438.000000,932.000000,136.000000,161.000000,5.000000,
0.049416,0.999818,0.147366,0.163069,0.353216,0.002907,-204.922993,3.187592,1396042.174020,1161964.241172,2307282.383493,207665.767409,1090450.723798,367.064103,98.284924,209.607644,30.087222,36.104666,85.247128,23.066870,49.142462,7.020352,8.023259,522.514748,140.407034,298.866401,43.125018,51.148277,3.000000,2.000000,3.000000,0.000000,1.000000,0.000000,1.000000,2.000000,0.000000,1.000000,0.000000,1.000000,3.000000,0.000000,1.000000,1553.000000,438.000000,932.000000,136.000000,161.000000,5.000000,
0.049416,0.999818,0.147366,0.163069,0.353216,0.002907,-204.922993,3.187592,1396042.174020,1161964.241172,2307282.383493,207665.767409,1090450.723798,367.064103,98.284924,209.607644,30.087222,36.104666,85.247128,23.066870,49.142462,7.020352,8.023259,522.514748,140.407034,298.866401,43.125018,51.148277,3.000000,2.000000,3.000000,0.000000,1.000000,0.000000,1.000000,2.000000,0.000000,1.000000,0.000000,1.000000,3.000000,0.000000,1.000000,1553.000000,438.000000,932.000000,136.000000,161.000000,5.000000,
0.049416,0.999818,0.147366,0.163069,0.353216,0.002907,-204.922993,3.187592,1396042.174020,1161964.241172,2307282.383493,207665.767409,1090450.723798,367.064103,98.284924,209.607644,30.087222,36.104666,85.247128,23.066870,49.142462,7.020352,8.023259,522.514748,140.407034,298.866401,43.125018,51.148277,3.000000,2.000000,3.000000,0.000000,1.000000,0.000000,1.000000,2.000000,0.000000,1.000000,0.000000,1.000000,3.000000,0.000000,1.000000,1553.000000,438.000000,932.000000,136.000000,161.000000,5.000000,
0.049416,0.999818,0.147366,0.163069,0.353216,0.002907,-204.922993,3.187592,1396042.174020,1161964.241172,2307282.383493,207665.767409,1090450.723798,367.064103,98.284924,209.607644,30.087222,36.104666,85.247128,23.066870,49.142462,7.020352,8.023259,522.514748,140.407034,298.866401,43.125018,51.148277,3.000000,2.000000,3.000000,0.000000,1.000000,0.000000,1.000000,2.000000,0.000000,1.000000,0.000000,1.000000,3.000000,0.000000,1.000000,1553.000000,438.000000,932.000000,136.000000,161.000000,5.000000,
0.049416,0.999818,0.147366,0.163069,0.353216,0.002907,-204.922993,3.187592,1396042.174020,1161964.241172,2307282.383493,207665.767409,1090450.723798,367.064103,98.284924,209.607644,30.087222,36.104666,85.247128,23.066870,49.142462,7.020352,8.023259,522.514748,140.407034,298.866401,43.125018,51.148277,3.000000,2.000000,3.000000,0.000000,1.000000,0.000000,1.000000,2.000000,0.000000,1.000000,0.000000,1.000000,3.000000,0.000000,1.000000,1553.000000,438.000000,932.000000,136.000000,161.000000,5.000000,
0.049441,0.995385,0.147790,0.141582,0.393518,0.002284,-205.445623,3.190128,1396042.780001,1161964.403889,2307282.730124,207665.817284,1090450.783025,366.835926,98.223827,209.477346,30.068519,36.082222,85.194136,23.052531,49.111914,7.015988,8.018272,522.189938,140.319753,298.680617,43.098210,51.116481,3.000000,2.000000,3.000000,0.000000,1.000000,0.000000,1.000000,2.000000,0.000000,1.000000,0.000000,1.000000,3.000000,0.000000,1.000000,1553.000000,438.000000,932.000000,136.000000,161.000000,5.000000,
0.049441,0.995385,0.147790,0.141582,0.393518,0.002284,-205.445623,3.190128,1396042.780001,1161964.403889,2307282.730124,207665.817284,1090450.783025,366.835926,98.223827,209.477346,30.068519,36.082222,85.194136,23.052531,49.111914,7.015988,8.018272,522.189938,140.319753,298.680617,43.098210,51.116481,3.000000,2.000000,3.000000,0.000000,1.000000,0.000000,1.000000,2.000000,0.000000,1.000000,0.000000,1.000000,3.000000,0.000000,1.000000,1553.000000,438.000000,932.000000,136.000000,161.000000,5.000000,
0.049441,0.995385,0.147790,0.141582,0.393518,0.002284,-205.445623,3.190128,1396042.780001,1161964.403889,2307282.730124,207665.817284,1090450.783025,366.835926,98.223827,209.477346,30.068519,36.082222,85.194136,23.052531,49.111914,7.015988,8.018272,522.189938,140.319753,298.680617,43.098210,51.116481,3.000000,2.000000,3.000000,0.000000,1.000000,0.000000,1.000000,2.000000,0.000000,1.000000,0.000000,1.000000,3.000000,0.000000,1.000000,1553.000000,438.000000,932.000000,136.000000,161.000000,5.000000,
0.049441,0.995385,0.147790,0.141582,0.393518,0.002284,-205.445623,3.190128,1396042.780001,1161964.403889,2307282.730124,207665.817284,1090450.783025,366.835926,98.223827,209.477346,30.068519,36.082222,85.194136,23.052531,49.111914,7.015988,8.018272,522.189938,140.319753,298.680617,43.098210,51.116481,3.000000,2.000000,3.000000,0.000000,1.000000,0.000000,1.000000,2.000000,0.000000,1.000000,0.000000,1.000000,3.000000,0.000000,1.000000,1553.000000,438.000000,932.000000,136.000000,161.000000,5.000000,
0.049441,0.995385,0.147790,0.141582,0.393518,0.002284,-205.445623,3.190128,1396042.780001,1161964.403889,2307282.730124,207665.817284,1090450.783025,366.835926,98.223827,209.477346,30.068519,36.082222,85.194136,23.052531,49.111914,7.015988,8.018272,522.189938,140.319753,298.680617,43.098210,51.116481,3.000000,2.000000,3.000000,0.000000,1.000000,0.000000,1.000000,2.000000,0.000000,1.000000,0.000000,1.000000,3.000000,0.000000,1.000000,1553.000000,438.000000,932.000000,136.000000,161.000000,5.000000,
0.049441,0.995385,0.147790,0.141582,0.393518,0.002284,-205.445623,3.190128,1396042.780001,1161964.403889,2307282.730124,207665.817284,1090450.783025,366.835926,98.223827,209.477346,30.068519,36.082222,85.194136,23.052531,49.111914,7.015988,8.018272,522.189938,140.319753,298.680617,43.098210,51.116481,3.000000,2.000000,3.000000,0.000000,1.000000,0.000000,1.000000,2.000000,0.000000,1.000000,0.000000,1.000000,3.000000,0.000000,1.000000,1553.000000,438.000000,932.000000,136.000000,161.000000,5.000000,
0.049441,0.995385,0.147790,0.141582,0.393518,0.002284,-205.445623,3.190128,1396042.780001,1161964.403889,2307282.730124,207665.817284,1090450.783025,366.835926,98.223827,209.477346,30.068519,36.082222,85.194136,23.052531,49.111914,7.015988,8.018272,522.189938,140.319753,298.680617,43.098210,51.116481,3.000000,2.000000,3.000000,0.000000,1.000000,0.000000,1.000000,2.000000,0.000000,1.000000,0.000000,1.000000,3.000000,0.000000,1.000000,1553.000000,438.000000,932.000000,136.000000,161.000000,5.000000,
0.049441,0.995385,0.147790,0.141582,0.393518,0.002284,-205.445623,3.190128,1396042.780001,1161964.403889,2307282.730124,207665.817284,1090450.783025,366.835926,98.223827,209.477346,30.068519,36.082222,85.194136,23.052531,49.111914,7.015988,8.018272,522.189938,140.319753,298.680617,43.098210,51.116481,3.000000,2.000000,3.000000,0.000000,1.000000,0.000000,1.000000,2.000000,0.000000,1.000000,0.000000,1.000000,3.000000,0.000000,1.000000,1553.000000,438.000000,932.000000,136.000000,161.000000,5.000000,
0.049441,0.995385,0.147790,0.141582,0.393518,0.002284,-205.445623,3.190128,1396042.780001,1161964.403889,2307282.730124,207665.817284,1090450.783025,366.835926,98.223827,209.477346,30.068519,36.082222,85.194136,23.052531,49.111914,7.015988,8.018272,522.189938,140.319753,298.680617,43.098210,51.116481,3.000000,2.000000,3.000000,0.000000,1.000000,0.000000,1.000000,2.000000,0.000000,1.000000,0.000000,1.000000,3.000000,0.000000,1.000000,1553.000000,438.000000,932.000000,136.000000,161.000000,5.000000,
0.049441,0.995385,0.147790,0.141582,0.393518,0.002284,-205.445623,3.190128,1396042.780001,1161964.403889,2307282.730124,207665.817284,1090450.783025,366.835926,98.223827,209.477346,30.068519,36.082222,85.194136,23.052531,49.111914,7.015988,8.018272,522.189938,140.319753,298.680617,43.098210,51.116481,3.000000,2.000000,3.000000,0.000000,1.000000,0.000000,1.000000,2.000000,0.000000,1.000000,0.000000,1.000000,3.000000,0.000000,1.000000,1553.000000,438.000000,932.000000,136.000000,161.000000,5.000000,
0.049441,0.995385,0.147790,0.141582,0.393518,0.002284,-205.445623,3.190128,1396042.780001,1161964.403889,2307282.730124,207665.817284,1090450.783025,366.835926,98.223827,209.477346,30.068519,36.082222,85.194136,23.052531,49.111914,7.015988,8.018272,522.189938,140.319753,298.680617,43.098210,51.116481,3.000000,2.000000,3.000000,0.000000,1.000000,0.000000,1.000000,2.000000,0.000000,1.000000,0.000000,1.000000,3.000000,0.000000,1.000000,1553.000000,438.000000,932.000000,136.000000,161.000000,5.000000,
0.049441,0.995385,0.147790,0.141582,0.393518,0.002284,-205.445623,3.190128,1396042.780001,1161964.403889,2307282.730124,207665.817284,1090450.783025,366.835926,98.223827,209.477346,30.068519,36.082222,85.194136,23.052531,49.111914,7.015988,8.018272,522.189938,140.319753,298.680617,43.098210,51.116481,3.000000,2.000000,3.000000,0.000000,1.000000,0.000000,1.000000,2.000000,0.000000,1.000000,0.000000,1.000000,3.000000,0.000000,1.000000,1553.000000,438.000000,932.000000,136.000000,161.000000,5.000000,
0.049441,0.995385,0.147790,0.141582,0.393518,0.002284,-205.445623,3.190128,1396042.780001,1161964.403889,2307282.730124,207665.817284,1090450.783025,366.835926,98.223827,209.477346,30.068519,36.082222,85.194136,23.052531,49.111914,7.015988,8.018272,522.189938,140.319753,298.680617,43.098210,51.116481,3.000000,2.000000,3.000000,0.000000,1.000000,0.000000,1.000000,2.000000,0.000000,1.000000,0.000000,1.000000,3.000000,0.000000,1.000000,1553.000000,438.000000,932.000000,136.000000,161.000000,5.000000,
0.049441,0.995385,0.147790,0.141582,0.393518,0.002284,-205.445623,3.190128,1396042.780001,1161964.403889,2307282.730124,207665.817284,1090450.783025,366.835926,98.223827,209.477346,30.068519,36.082222,85.194136,23.052531,49.111914,7.015988,8.018272,522.189938,140.319753,298.680617,43.098210,51.116481,3.000000,2.000000,3.000000,0.000000,1.000000,0.000000,1.000000,2.000000,0.000000,1.000000,0.000000,1.000000,3.000000,0.000000,1.000000,1553.000000,438.000000,932.000000,136.000000,161.000000,5.000000,
0.049441,0.995385,0.147790,0.141582,0.393518,0.002284,-205.445623,3.190128,1396042.780001,1161964.403889,2307282.730124,207665.817284,1090450.783025,366.835926,98.223827,209.477346,30.068519,36.082222,85.194136,23.052531,49.111914,7.015988,8.018272,522.189938,140.319753,298.680617,43.098210,51.116481,3.000000,2.000000,3.000000,0.000000,1.000000,0.000000,1.000000,2.000000,0.000000,1.000000,0.000000,1.000000,3.000000,0.000000,1.000000,1553.000000,438.000000,932.000000,136.000000,161.000000,5.000000,
0.049441,0.995385,0.147790,0.141582,0.393518,0.002284,-205.445623,3.190128,1396042.780001,1161964.403889,2307282.730124,207665.817284,1090450.783025,366.835926,98.223827,209.477346,30.068519,36.082222,85.194136,23.052531,49.111914,7.015988,8.018272,522.189938,140.319753,298.680617,43.098210,51.116481,3.000000,2.000000,3.000000,0.000000,1.000000,0.000000,1.000000,2.000000,0.000000,1.000000,0.000000,1.000000,3.000000,0.000000,1.000000,1553.000000,438.000000,932.000000,136.000000,161.000000,5.000000,
0.049441,0.995385,0.147790,0.141582,0.393518,0.002284,-205.445623,3.190128,1396042.780001,1161964.403889,2307282.730124,207665.817284,1090450.783025,366.835926,98.223827,209.477346,30.068519,36.082222,85.194136,23.052531,49.111914,7.015988,8.018272,522.189938,140.319753,298.680617,43.098210,51.116481,3.000000,2.000000,3.000000,0.000000,1.000000,0.000000,1.000000,2.000000,0.000000,1.000000,0.000000,1.000000,3.000000,0.000000,1.000000,1553.000000,438.000000,932.000000,136.000000,161.000000,5.000000,
0.049441,0.995385,0.147790,0.141582,0.393518,0.002284,-205.445623,3.190128,1396042.780001,1161964.403889,2307282.730124,207665.817284,1090450.783025,366.835926,98.223827,209.477346,30.068519,36.082222,85.194136,23.052531,49.111914,7.015988,8.018272,522.189938,140.319753,298.680617,43.098210,51.116481,3.000000,2.000000,3.000000,0.000000,1.000000,0.000000,1.000000,2.000000,0.000000,1.000000,0.000000,1.000000,3.000000,0.000000,1.000000,1553.000000,438.000000,932.000000,136.000000,161.000000,5.000000,
0.049454,0.995921,0.146790,0.141563,0.397224,0.002126,-205.443063,3.188741,1396042.933349,1161964.445066,2307282.817842,207665.829905,1090450.798013,366.778183,98.208366,209.444372,30.063786,36.076543,85.180726,23.048902,49.104183,7.014883,8.017009,522.107742,140.297666,298.633603,43.091426,51.108435,3.000000,2.000000,3.000000,0.000000,1.000000,0.000000,1.000000,2.000000,0.000000,1.000000,0.000000,1.000000,3.000000,0.000000,1.000000,1553.000000,438.000000,932.000000,136.000000,161.000000,5.000000,
0.049413,0.999488,0.149386,0.163218,0.337236,0.002664,-205.569183,3.191905,1396042.410467,1161964.304662,2307282.518744,207665.786870,1090450.746908,366.975071,98.261085,209.556803,30.079924,36.095909,85.226451,23.061275,49.130542,7.018649,8.021313,522.388011,140.372978,298.793910,43.114558,51.135871,3.000000,2.000000,3.000000,0.000000,1.000000,0.000000,1.000000,2.000000,0.000000,1.000000,0.000000,1.000000,3.000000,0.000000,1.000000,1553.000000,438.000000,932.000000,136.000000,161.000000,5.000000,
0.049413,0.999488,0.149386,0.163218,0.337236,0.002664,-205.569183,3.191905,1396042.410467,1161964.304662,2307282.518744,207665.786870,1090450.746908,366.975071,98.261085,209.556803,30.079924,36.095909,85.226451,23.061275,49.130542,7.018649,8.021313,522.388011,140.372978,298.793910,43.114558,51.135871,3.000000,2.000000,3.000000,0.000000,1.000000,0.000000,1.000000,2.000000,0.000000,1.000000,0.000000,1.000000,3.000000,0.000000,1.000000,1553.000000,438.000000,932.000000,136.000000,161.000000,5.000000,
0.049413,0.999488,0.149386,0.163218,0.337236,0.002664,-205.569183,3.191905,1396042.410467,1161964.304662,2307282.518744,207665.786870,1090450.746908,366.975071,98.261085,209.556803,30.079924,36.095909,85.226451,23.061275,49.130542,7.018649,8.021313,522.388011,140.372978,298.793910,43.114558,51.135871,3.000000,2.000000,3.000000,0.000000,1.000000,0.000000,1.000000,2.000000,0.000000,1.000000,0.000000,1.000000,3.000000,0.000000,1.000000,1553.000000,438.000000,932.000000,136.000000,161.000000,5.000000,
0.049413,0.999488,0.149386,0.163218,0.337236,0.002664,-205.569183,3.191905,1396042.410467,1161964.304662,2307282.518744,207665.786870,1090450.746908,366.975071,98.261085,209.556803,30.079924,36.095909,85.226451,23.061275,49.130542,7.018649,8.021313,522.388011,140.372978,298.793910,43.114558,51.135871,3.000000,2.000000,3.000000,0.000000,1.000000,0.000000,1.000000,2.000000,0.000000,1.000000,0.000000,1.000000,3.000000,0.000000,1.000000,1553.000000,438.000000,932.000000,136.000000,161.000000,5.000000,
0.049413,0.999488,0.149386,0.163218,0.337236,0.002664,-205.569183,3.191905,1396042.410467,1161964.304662,2307282.518744,207665.786870,1090450.746908,366.975071,98.261085,209.556803,30.079924,36.095909,85.226451,23.061275,49.130542,7.018649,8.021313,522.388011,140.372978,298.793910,43.114558,51.135871,3.000000,2.000000,3.000000,0.000000,1.000000,0.000000,1.000000,2.000000,0.000000,1.000000,0.000000,1.000000,3.000000,0.000000,1.000000,1553.000000,438.000000,932.000000,136.000000,161.000000,5.000000,
0.049413,0.999488,0.149386,0.163218,0.337236,0.002664,-205.569183,3.191905,1396042.410467,1161964.304662,2307282.518744,207665.786870,1090450.746908,366.975071,98.261085,209.556803,30.079924,36.095909,85.226451,23.061275,49.130542,7.018649,8.021313,522.388011,140.372978,298.793910,43.114558,51.135871,3.000000,2.000000,3.000000,0.000000,1.000000,0.000000,1.000000,2.000000,0.000000,1.000000,0.000000,1.000000,3.000000,0.000000,1.000000,1553.000000,438.000000,932.000000,136.000000,161.000000,5.000000,
0.049413,0.999488,0.149386,0.163218,0.337236,0.002664,-205.569183,3.191905,1396042.410467,1161964.304662,2307282.518744,207665.786870,1090450.746908,366.975071,98.261085,209.556803,30.079924,36.095909,85.226451,23.061275,49.130542,7.018649,8.021313,522.388011,140.372978,298.793910,43.114558,51.135871,3.000000,2.000000,3.000000,0.000000,1.000000,0.000000,1.000000,2.000000,0.000000,1.000000,0.000000,1.000000,3.000000,0.000000,1.000000,1553.000000,438.000000,932.000000,136.000000,161.000000,5.000000,
0.049413,0.999488,0.149386,0.163218,0.337236,0.002664,-205.569183,3.191905,1396042.410467,1161964.304662,2307282.518744,207665.786870,1090450.746908,366.975071,98.261085,209.556803,30.079924,36.095909,85.226451,23.061275,49.130542,7.018649,8.021313,522.388011,140.372978,298.793910,43.114558,51.135871,3.000000,2.000000,3.000000,0.000000,1.000000,0.000000,1.000000,2.000000,0.000000,1.000000,0.000000,1.000000,3.000000,0.000000,1.000000,1553.000000,438.000000,932.000000,136.000000,161.000000,5.000000,
0.049413,0.999488,0.149386,0.163218,0.337236,0.002664,-205.569183,3.191905,1396042.410467,1161964.304662,2307282.518744,207665.786870,1090450.746908,366.975071,98.261085,209.556803,30.079924,36.095909,85.226451,23.061275,49.130542,7.018649,8.021313,522.388011,140.372978,298.793910,43.114558,51.135871,3.000000,2.000000,3.000000,0.000000,1.000000,0.000000,1.000000,2.000000,0.000000,1.000000,0.000000,1.000000,3.000000,0.000000,1.000000,1553.000000,438.000000,932.000000,136.000000,161.000000,5.000000,
0.049413,0.999488,0.149386,0.163218,0.337236,0.002664,-205.569183,3.191905,1396042.410467,1161964.304662,2307282.518744,207665.786870,1090450.746908,366.975071,98.261085,209.556803,30.079924,36.095909,85.226451,23.061275,49.130542,7.018649,8.021313,522.388011,140.372978,298.793910,43.114558,51.135871,3.000000,2.000000,3.000000,0.000000,1.000000,0.000000,1.000000,2.000000,0.000000,1.000000,0.000000,1.000000,3.000000,0.000000,1.000000,1553.000000,438.000000,932.000000,136.000000,161.000000,5.000000,
0.049413,0.999488,0.149386,0.163218,0.337236,0.002664,-205.569183,3.191905,1396042.410467,1161964.304662,2307282.518744,207665.786870,1090450.746908,366.975071,98.261085,209.556803,30.079924,36.095909,85.226451,23.061275,49.130542,7.018649,8.021313,522.388011,140.372978,298.793910,43.114558,51.135871,3.000000,2.000000,3.000000,0.000000,1.000000,0.000000,1.000000,2.000000,0.000000,1.000000,0.000000,1.000000,3.000000,0.000000,1.000000,1553.000000,438.000000,932.000000,136.000000,161.000000,5.000000,
0.049413,0.999488,0.149386,0.163218,0.337236,0.002664,-205.569183,3.191905,1396042.410467,1161964.304662,2307282.518744,207665.786870,1090450.746908,366.975071,98.261085,209.556803,30.079924,36.095909,85.226451,23.061275,49.130542,7.018649,8.021313,522.388011,140.372978,298.793910,43.114558,51.135871,3.000000,2.000000,3.000000,0.000000,1.000000,0.000000,1.000000,2.000000,0.000000,1.000000,0.000000,1.000000,3.000000,0.000000,1.000000,1553.000000,438.000000,932.000000,136.000000,161.000000,5.000000,
0.049413,0.999488,0.149386,0.163218,0.337236,0.002664,-205.569183,3.191905,1396042.410467,1161964.304662,2307282.518744,207665.786870,1090450.746908,366.975071,98.261085,209.556803,30.079924,36.095909,85.226451,23.061275,49.130542,7.018649,8.021313,522.388011,140.372978,298.793910,43.114558,51.135871,3.000000,2.000000,3.000000,0.000000,1.000000,0.000000,1.000000,2.000000,0.000000,1.000000,0.000000,1.000000,3.000000,0.000000,1.000000,1553.000000,438.000000,932.000000,136.000000,161.000000,5.000000,
0.049413,0.999488,0.149386,0.163218,0.337236,0.002664,-205.569183,3.191905,1396042.410467,1161964.304662,2307282.518744,207665.786870,1090450.746908,366.975071,98.261085,209.556803,30.079924,36.095909,85.226451,23.061275,49.130542,7.018649,8.021313,522.388011,140.372978,298.793910,43.114558,51.135871,3.000000,2.000000,3.000000,0.000000,1.000000,0.000000,1.000000,2.000000,0.000000,1.000000,0.000000,1.000000,3.000000,0.000000,1.000000,1553.000000,438.000000,932.000000,136.000000,161.000000,5.000000,
0.049413,0.999488,0.149386,0.163218,0.337236,0.002664,-205.569183,3.191905,1396042.410467,1161964.304662,2307282.518744,207665.786870,1090450.746908,366.975071,98.261085,209.556803,30.079924,36.095909,85.226451,23.061275,49.130542,7.018649,8.021313,522.388011,140.372978,298.793910,43.114558,51.135871,3.000000,2.000000,3.000000,0.000000,1.000000,0.000000,1.000000,2.000000,0.000000,1.000000,0.000000,1.000000,3.000000,0.000000,1.000000,1553.000000,438.000000,932.000000,136.000000,161.000000,5.000000,
0.049413,0.999488,0.149386,0.163218,0.337236,0.002664,-205.569183,3.191905,1396042.410467,1161964.304662,2307282.518744,207665.786870,1090450.746908,366.975071,98.261085,209.556803,30.079924,36.095909,85.226451,23.061275,49.130542,7.018649,8.021313,522.388011,140.372978,298.793910,43.114558,51.135871,3.000000,2.000000,3.000000,0.000000,1.000000,0.000000,1.000000,2.000000,0.000000,1.000000,0.000000,1.000000,3.000000,0.000000,1.000000,1553.000000,438.000000,932.000000,136.000000,161.000000,5.000000,
0.049413,0.999488,0.149386,0.163218,0.337236,0.002664,-205.569183,3.191905,1396042.410467,1161964.304662,2307282.518744,207665.786870,1090450.746908,366.975071,98.261085,209.556803,30.079924,36.095909,85.226451,23.061275,49.130542,7.018649,8.021313,522.388011,140.372978,298.793910,43.114558,51.135871,3.000000,2.000000,3.000000,0.000000,1.000000,0.000000,1.000000,2.000000,0.000000,1.000000,0.000000,1.000000,3.000000,0.000000,1.000000,1553.000000,438.000000,932.000000,136.000000,161.000000,5.000000,
0.049413,0.999488,0.149386,0.163218,0.337236,0.002664,-205.569183,3.191905,1396042.410467,1161964.304662,2307282.518744,207665.786870,1090450.746908,366.975071,98.261085,209.556803,30.079924,36.095909,85.226451,23.061275,49.130542,7.018649,8.021313,522.388011,140.372978,298.793910,43.114558,51.135871,3.000000,2.000000,3.000000,0.000000,1.000000,0.000000,1.000000,2.000000,0.000000,1.000000,0.000000,1.000000,3.000000,0.000000,1.000000,1553.000000,438.000000,932.000000,136.000000,161.000000,5.000000,
0.049413,0.999488,0.149386,0.163218,0.337236,0.002664,-205.569183,3.191905,1396042.410467,1161964.304662,2307282.518744,207665.786870,1090450.746908,366.975071,98.261085,209.556803,30.079924,36.095909,85.226451,23.061275,49.130542,7.018649,8.021313,522.388011,140.372978,298.793910,43.114558,51.135871,3.000000,2.000000,3.000000,0.000000,1.000000,0.000000,1.000000,2.000000,0.000000,1.000000,0.000000,1.000000,3.000000,0.000000,1.000000,1553.000000,438.000000,932.000000,136.000000,161.000000,5.000000,
0.049413,0.999488,0.149386,0.163218,0.337236,0.002664,-205.569183,3.191905,1396042.410467,1161964.304662,2307282.518744,207665.786870,1090450.746908,366.975071,98.261085,209.556803,30.079924,36.095909,85.226451,23.061275,49.130542,7.018649,8.021313,522.388011,140.372978,298.793910,43.114558,51.135871,3.000000,2.000000,3.000000,0.000000,1.000000,0.000000,1.000000,2.000000,0.000000,1.000000,0.000000,1.000000,3.000000,0.000000,1.000000,1553.000000,438.000000,932.000000,136.000000,161.000000,5.000000,
0.049413,0.999488,0.149386,0.163218,0.337236,0.002664,-205.569183,3.191905,1396042.410467,1161964.304662,2307282.518744,207665.786870,1090450.746908,366.975071,98.261085,209.556803,30.079924,36.095909,85.226451,23.061275,49.130542,7.018649,8.021313,522.388011,140.372978,298.793910,43.114558,51.135871,3.000000,2.000000,3.000000,0.000000,1.000000,0.000000,1.000000,2.000000,0.000000,1.000000,0.000000,1.000000,3.000000,0.000000,1.000000,1553.000000,438.000000,932.000000,136.000000,161.000000,5.000000,
0.049413,0.999488,0.149386,0.163218,0.337236,0.002664,-205.569183,3.191905,1396042.410467,1161964.304662,2307282.518744,207665.786870,1090450.746908,366.975071,98.261085,209.556803,30.079924,36.095909,85.226451,23.061275,49.130542,7.018649,8.021313,522.388011,140.372978,298.793910,43.114558,51.135871,3.000000,2.000000,3.000000,0.000000,1.000000,0.000000,1.000000,2.000000,0.000000,1.000000,0.000000,1.000000,3.000000,0.000000,1.000000,1553.000000,438.000000,932.000000,136.000000,161.000000,5.000000,
0.049413,0.999488,0.149386,0.163218,0.337236,0.002664,-205.569183,3.191905,1396042.410467,1161964.304662,2307282.518744,207665.786870,1090450.746908,366.975071,98.261085,209.556803,30.079924,36.095909,85.226451,23.061275,49.130542,7.018649,8.021313,522.388011,140.372978,298.793910,43.114558,51.135871,3.000000,2.000000,3.000000,0.000000,1.000000,0.000000,1.000000,2.000000,0.000000,1.000000,0.000000,1.000000,3.000000,0.000000,1.000000,1553.000000,438.000000,932.000000,136.000000,161.000000,5.000000,
0.049413,0.999488,0.149386,0.163218,0.337236,0.002664,-205.569183,3.191905,1396042.410467,1161964.304662,2307282.518744,207665.786870,1090450.746908,366.975071,98.261085,209.556803,30.079924,36.095909,85.226451,23.061275,49.130542,7.018649,8.021313,522.388011,140.372978,298.793910,43.114558,51.135871,3.000000,2.000000,3.000000,0.000000,1.000000,0.000000,1.000000,2.000000,0.000000,1.000000,0.000000,1.000000,3.000000,0.000000,1.000000,1553.000000,438.000000,932.000000,136.000000,161.000000,5.000000,
0.049413,0.999488,0.149386,0.163218,0.337236,0.002664,-205.569183,3.191905,1396042.410467,1161964.304662,2307282.518744,207665.786870,1090450.746908,366.975071,98.261085,209.556803,30.079924,36.095909,85.226451,23.061275,49.130542,7.018649,8.021313,522.388011,140.372978,298.793910,43.114558,51.135871,3.000000,2.000000,3.000000,0.000000,1.000000,0.000000,1.000000,2.000000,0.000000,1.000000,0.000000,1.000000,3.000000,0.000000,1.000000,1553.000000,438.000000,932.000000,136.000000,161.000000,5.000000,
0.049413,0.999488,0.149386,0.163218,0.337236,0.002664,-205.569183,3.191905,1396042.410467,1161964.304662,2307282.518744,207665.786870,1090450.746908,366.975071,98.261085,209.556803,30.079924,36.095909,85.226451,23.061275,49.130542,7.018649,8.021313,522.388011,140.372978,298.793910,43.114558,51.135871,3.000000,2.000000,3.000000,0.000000,1.000000,0.000000,1.000000,2.000000,0.000000,1.000000,0.000000,1.000000,3.000000,0.000000,1.000000,1553.000000,438.000000,932.000000,136.000000,161.000000,5.000000,
0.049413,0.999488,0.149386,0.163218,0.337236,0.002664,-205.569183,3.191905,1396042.410467,1161964.304662,2307282.518744,207665.786870,1090450.746908,366.975071,98.261085,209.556803,30.079924,36.095909,85.226451,23.061275,49.130542,7.018649,8.021313,522.388011,140.372978,298.793910,43.114558,51.135871,3.000000,2.000000,3.000000,0.000000,1.000000,0.000000,1.000000,2.000000,0.000000,1.000000,0.000000,1.000000,3.000000,0.000000,1.000000,1553.000000,438.000000,932.000000,136.000000,161.000000,5.000000,
0.049413,0.999488,0.149386,0.163218,0.337236,0.002664,-205.569183,3.191905,1396042.410467,1161964.304662,2307282.518744,207665.786870,1090450.746908,366.975071,98.261085,209.556803,30.079924,36.095909,85.226451,23.061275,49.130542,7.018649,8.021313,522.388011,140.372978,298.793910,43.114558,51.135871,3.000000,2.000000,3.000000,0.000000,1.000000,0.000000,1.000000,2.000000,0.000000,1.000000,0.000000,1.000000,3.000000,0.000000,1.000000,1553.000000,438.000000,932.000000,136.000000,161.000000,5.000000,
0.049413,0.999488,0.149386,0.163218,0.337236,0.002664,-205.569183,3.191905,1396042.410467,1161964.304662,2307282.518744,207665.786870,1090450.746908,366.975071,98.261085,209.556803,30.079924,36.095909,85.226451,23.061275,49.130542,7.018649,8.021313,522.388011,140.372978,298.793910,43.114558,51.135871,3.000000,2.000000,3.000000,0.000000,1.000000,0.000000,1.000000,2.000000,0.000000,1.000000,0.000000,1.000000,3.000000,0.000000,1.000000,1553.000000,438.000000,932.000000,136.000000,161.000000,5.000000,
0.049413,0.999488,0.149386,0.163218,0.337236,0.002664,-205.569183,3.191905,1396042.410467,1161964.304662,2307282.518744,207665.786870,1090450.746908,366.975071,98.261085,209.556803,30.079924,36.095909,85.226451,23.061275,49.130542,7.018649,8.021313,522.388011,140.372978,298.793910,43.114558,51.135871,3.000000,2.000000,3.000000,0.000000,1.000000,0.000000,1.000000,2.000000,0.000000,1.000000,0.000000,1.000000,3.000000,0.000000,1.000000,1553.000000,438.000000,932.000000,136.000000,161.000000,5.000000,
0.049413,0.999488,0.149386,0.163218,0.337236,0.002664,-205.569183,3.191905,1396042.410467,1161964.304662,2307282.518744,207665.786870,1090450.746908,366.975071,98.261085,209.556803,30.079924,36.095909,85.226451,23.061275,49.130542,7.018649,8.021313,522.388011,140.372978,298.793910,43.114558,51.135871,3.000000,2.000000,3.000000,0.000000,1.000000,0.000000,1.000000,2.000000,0.000000,1.000000,0.000000,1.000000,3.000000,0.000000,1.000000,1553.000000,438.000000,932.000000,136.000000,161.000000,5.000000,
0.049413,0.999488,0.149386,0.163218,0.337236,0.002664,-205.569183,3.191905,1396042.410467,1161964.304662,2307282.518744,207665.786870,1090450.746908,366.975071,98.261085,209.556803,30.079924,36.095909,85.226451,23.061275,49.130542,7.018649,8.021313,522.388011,140.372978,298.793910,43.114558,51.135871,3.000000,2.000000,3.000000,0.000000,1.000000,0.000000,1.000000,2.000000,0.000000,1.000000,0.000000,1.000000,3.000000,0.000000,1.000000,1553.000000,438.000000,932.000000,136.000000,161.000000,5.000000,
0.049413,0.999488,0.149386,0.163218,0.337236,0.002664,-205.569183,3.191905,1396042.410467,1161964.304662,2307282.518744,207665.786870,1090450.746908,366.975071,98.261085,209.556803,30.079924,36.095909,85.226451,23.061275,49.130542,7.018649,8.021313,522.388011,140.372978,298.793910,43.114558,51.135871,3.000000,2.000000,3.000000,0.000000,1.000000,0.000000,1.000000,2.000000,0.000000,1.000000,0.000000,1.000000,3.000000,0.000000,1.000000,1553.000000,438.000000,932.000000,136.000000,161.000000,5.000000,
0.049413,0.999488,0.149386,0.163218,0.337236,0.002664,-205.569183,3.191905,1396042.410467,1161964.304662,2307282.518744,207665.786870,1090450.746908,366.975071,98.261085,209.556803,30.079924,36.095909,85.226451,23.061275,49.130542,7.018649,8.021313,522.388011,140.372978,298.793910,43.114558,51.135871,3.000000,2.000000,3.000000,0.000000,1.000000,0.000000,1.000000,2.000000,0.000000,1.000000,0.000000,1.000000,3.000000,0.000000,1.000000,1553.000000,438.000000,932.000000,136.000000,161.000000,5.000000,
0.049413,0.999488,0.149386,0.163218,0.337236,0.002664,-205.569183,3.191905,1396042.410467,1161964.304662,2307282.518744,207665.786870,1090450.746908,366.975071,98.261085,209.556803,30.079924,36.095909,85.226451,23.061275,49.130542,7.018649,8.021313,522.388011,140.372978,298.793910,43.114558,51.135871,3.000000,2.000000,3.000000,0.000000,1.000000,0.000000,1.000000,2.000000,0.000000,1.000000,0.000000,1.000000,3.000000,0.000000,1.000000,1553.000000,438.000000,932.000000,136.000000,161.000000,5.000000,
0.049413,0.999488,0.149386,0.163218,0.337236,0.002664,-205.569183,3.191905,1396042.410467,1161964.304662,2307282.518744,207665.786870,1090450.746908,366.975071,98.261085,209.556803,30.079924,36.095909,85.226451,23.061275,49.130542,7.018649,8.021313,522.388011,140.372978,298.793910,43.114558,51.135871,3.000000,2.000000,3.000000,0.000000,1.000000,0.000000,1.000000,2.000000,0.000000,1.000000,0.000000,1.000000,3.000000,0.000000,1.000000,1553.000000,438.000000,932.000000,136.000000,161.000000,5.000000,
0.049413,0.999488,0.149386,0.163218,0.337236,0.002664,-205.569183,3.191905,1396042.410467,1161964.304662,2307282.518744,207665.786870,1090450.746908,366.975071,98.261085,209.556803,30.079924,36.095909,85.226451,23.061275,49.130542,7.018649,8.021313,522.388011,140.372978,298.793910,43.114558,51.135871,3.000000,2.000000,3.000000,0.000000,1.000000,0.000000,1.000000,2.000000,0.000000,1.000000,0.000000,1.000000,3.000000,0.000000,1.000000,1553.000000,438.000000,932.000000,136.000000,161.000000,5.000000,
0.049413,0.999488,0.149386,0.163218,0.337236,0.002664,-205.569183,3.191905,1396042.410467,1161964.304662,2307282.518744,207665.786870,1090450.746908,366.975071,98.261085,209.556803,30.079924,36.095909,85.226451,23.061275,49.130542,7.018649,8.021313,522.388011,140.372978,298.793910,43.114558,51.135871,3.000000,2.000000,3.000000,0.000000,1.000000,0.000000,1.000000,2.000000,0.000000,1.000000,0.000000,1.000000,3.000000,0.000000,1.000000,1553.000000,438.000000,932.000000,136.000000,161.000000,5.000000,
0.049413,0.999488,0.149386,0.163218,0.337236,0.002664,-205.569183,3.191905,1396042.410467,1161964.304662,2307282.518744,207665.786870,1090450.746908,366.975071,98.261085,209.556803,30.079924,36.095909,85.226451,23.061275,49.130542,7.018649,8.021313,522.388011,140.372978,298.793910,43.114558,51.135871,3.000000,2.000000,3.000000,0.000000,1.000000,0.000000,1.000000,2.000000,0.000000,1.000000,0.000000,1.000000,3.000000,0.000000,1.000000,1553.000000,438.000000,932.000000,136.000000,161.000000,5.000000,
0.049413,0.999488,0.149386,0.163218,0.337236,0.002664,-205.569183,3.191905,1396042.410467,1161964.304662,2307282.518744,207665.786870,1090450.746908,366.975071,98.261085,209.556803,30.079924,36.095909,85.226451,23.061275,49.130542,7.018649,8.021313,522.388011,140.372978,298.793910,43.114558,51.135871,3.000000,2.000000,3.000000,0.000000,1.000000,0.000000,1.000000,2.000000,0.000000,1.000000,0.000000,1.000000,3.000000,0.000000,1.000000,1553.000000,438.000000,932.000000,136.000000,161.000000,5.000000,
0.049413,0.999488,0.149386,0.163218,0.337236,0.002664,-205.569183,3.191905,1396042.410467,1161964.304662,2307282.518744,207665.786870,1090450.746908,366.975071,98.261085,209.556803,30.079924,36.095909,85.226451,23.061275,49.130542,7.018649,8.021313,522.388011,140.372978,298.793910,43.114558,51.135871,3.000000,2.000000,3.000000,0.000000,1.000000,0.000000,1.000000,2.000000,0.000000,1.000000,0.000000,1.000000,3.000000,0.000000,1.000000,1553.000000,438.000000,932.000000,136.000000,161.000000,5.000000,
0.049413,0.999488,0.149386,0.163218,0.337236,0.002664,-205.569183,3.191905,1396042.410467,1161964.304662,2307282.518744,207665.786870,1090450.746908,366.975071,98.261085,209.556803,30.079924,36.095909,85.226451,23.061275,49.130542,7.018649,8.021313,522.388011,140.372978,298.793910,43.114558,51.135871,3.000000,2.000000,3.000000,0.000000,1.000000,0.000000,1.000000,2.000000,0.000000,1.000000,0.000000,1.000000,3.000000,0.000000,1.000000,1553.000000,438.000000,932.000000,136.000000,161.000000,5.000000,
0.049413,0.999488,0.149386,0.163218,0.337236,0.002664,-205.569183,3.191905,1396042.410467,1161964.304662,2307282.518744,207665.786870,1090450.746908,366.975071,98.261085,209.556803,30.079924,36.095909,85.226451,23.061275,49.130542,7.018649,8.021313,522.388011,140.372978,298.793910,43.114558,51.135871,3.000000,2.000000,3.000000,0.000000,1.000000,0.000000,1.000000,2.000000,0.000000,1.000000,0.000000,1.000000,3.000000,0.000000,1.000000,1553.000000,438.000000,932.000000,136.000000,161.000000,5.000000,
0.049413,0.999488,0.149386,0.163218,0.337236,0.002664,-205.569183,3.191905,1396042.410467,1161964.304662,2307282.518744,207665.786870,1090450.746908,366.975071,98.261085,209.556803,30.079924,36.095909,85.226451,23.061275,49.130542,7.018649,8.021313,522.388011,140.372978,298.793910,43.114558,51.135871,3.000000,2.000000,3.000000,0.000000,1.000000,0.000000,1.000000,2.000000,0.000000,1.000000,0.000000,1.000000,3.000000,0.000000,1.000000,1553.000000,438.000000,932.000000,136.000000,161.000000,5.000000,
0.049413,0.999488,0.149386,0.163218,0.337236,0.002664,-205.569183,3.191905,1396042.410467,1161964.304662,2307282.518744,207665.786870,1090450.746908,366.975071,98.261085,209.556803,30.079924,36.095909,85.226451,23.061275,49.130542,7.018649,8.021313,522.388011,140.372978,298.793910,43.114558,51.135871,3.000000,2.000000,3.000000,0.000000,1.000000,0.000000,1.000000,2.000000,0.000000,1.000000,0.000000,1.000000,3.000000,0.000000,1.000000,1553.000000,438.000000,932.000000,136.000000,161.000000,5.000000,
0.049413,0.999488,0.149386,0.163218,0.337236,0.002664,-205.569183,3.191905,1396042.410467,1161964.304662,2307282.518744,207665.786870,1090450.746908,366.975071,98.261085,209.556803,30.079924,36.095909,85.226451,23.061275,49.130542,7.018649,8.021313,522.388011,140.372978,298.793910,43.114558,51.135871,3.000000,2.000000,3.000000,0.000000,1.000000,0.000000,1.000000,2.000000,0.000000,1.000000,0.000000,1.000000,3.000000,0.000000,1.000000,1553.000000,438.000000,932.000000,136.000000,161.000000,5.000000,
0.049413,0.999488,0.149386,0.163218,0.337236,0.002664,-205.569183,3.191905,1396042.410467,1161964.304662,2307282.518744,207665.786870,1090450.746908,366.975071,98.261085,209.556803,30.079924,36.095909,85.226451,23.061275,49.130542,7.018649,8.021313,522.388011,140.372978,298.793910,43.114558,51.135871,3.000000,2.000000,3.000000,0.000000,1.000000,0.000000,1.000000,2.000000,0.000000,1.000000,0.000000,1.000000,3.000000,0.000000,1.000000,1553.000000,438.000000,932.000000,136.000000,161.000000,5.000000,
0.049413,0.999488,0.149386,0.163218,0.337236,0.002664,-205.569183,3.191905,1396042.410467,1161964.304662,2307282.518744,207665.786870,1090450.746908,366.975071,98.261085,209.556803,30.079924,36.095909,85.226451,23.061275,49.130542,7.018649,8.021313,522.388011,140.372978,298.793910,43.114558,51.135871,3.000000,2.000000,3.000000,0.000000,1.000000,0.000000,1.000000,2.000000,0.000000,1.000000,0.000000,1.000000,3.000000,0.000000,1.000000,1553.000000,438.000000,932.000000,136.000000,161.000000,5.000000,
0.049413,0.999488,0.149386,0.163218,0.337236,0.002664,-205.569183,3.191905,1396042.410467,1161964.304662,2307282.518744,207665.786870,1090450.746908,366.975071,98.261085,209.556803,30.079924,36.095909,85.226451,23.061275,49.130542,7.018649,8.021313,522.388011,140.372978,298.793910,43.114558,51.135871,3.000000,2.000000,3.000000,0.000000,1.000000,0.000000,1.000000,2.000000,0.000000,1.000000,0.000000,1.000000,3.000000,0.000000,1.000000,1553.000000,438.000000,932.000000,136.000000,161.000000,5.000000,
0.049413,0.999488,0.149386,0.163218,0.337236,0.002664,-205.569183,3.191905,1396042.410467,1161964.304662,2307282.518744,207665.786870,1090450.746908,366.975071,98.261085,209.556803,30.079924,36.095909,85.226451,23.061275,49.130542,7.018649,8.021313,522.388011,140.372978,298.793910,43.114558,51.135871,3.000000,2.000000,3.000000,0.000000,1.000000,0.000000,1.000000,2.000000,0.000000,1.000000,0.000000,1.000000,3.000000,0.000000,1.000000,1553.000000,438.000000,932.000000,136.000000,161.000000,5.000000,
0.049413,0.999488,0.149386,0.163218,0.337236,0.002664,-205.569183,3.191905,1396042.410467,1161964.304662,2307282.518744,207665.786870,1090450.746908,366.975071,98.261085,209.556803,30.079924,36.095909,85.226451,23.061275,49.130542,7.018649,8.021313,522.388011,140.372978,298.793910,43.114558,51.135871,3.000000,2.000000,3.000000,0.000000,1.000000,0.000000,1.000000,2.000000,0.000000,1.000000,0.000000,1.000000,3.000000,0.000000,1.000000,1553.000000,438.000000,932.000000,136.000000,161.000000,5.000000,
0.049413,0.999488,0.149386,0.163218,0.337236,0.002664,-205.569183,3.191905,1396042.410467,1161964.304662,2307282.518744,207665.786870,1090450.746908,366.975071,98.261085,209.556803,30.079924,36.095909,85.226451,23.061275,49.130542,7.018649,8.021313,522.388011,140.372978,298.793910,43.114558,51.135871,3.000000,2.000000,3.000000,0.000000,1.000000,0.000000,1.000000,2.000000,0.000000,1.000000,0.000000,1.000000,3.000000,0.000000,1.000000,1553.000000,438.000000,932.000000,136.000000,161.000000,5.000000,
0.049413,0.999488,0.149386,0.163218,0.337236,0.002664,-205.569183,3.191905,1396042.410467,1161964.304662,2307282.518744,207665.786870,1090450.746908,366.975071,98.261085,209.556803,30.079924,36.095909,85.226451,23.061275,49.130542,7.018649,8.021313,522.388011,140.372978,298.793910,43.114558,51.135871,3.000000,2.000000,3.000000,0.000000,1.000000,0.000000,1.000000,2.000000,0.000000,1.000000,0.000000,1.000000,3.000000,0.000000,1.000000,1553.000000,438.000000,932.000000,136.000000,161.000000,5.000000,
0.049413,0.999488,0.149386,0.163218,0.337236,0.002664,-205.569183,3.191905,1396042.410467,1161964.304662,2307282.518744,207665.786870,1090450.746908,366.975071,98.261085,209.556803,30.079924,36.095909,85.226451,23.061275,49.130542,7.018649,8.021313,522.388011,140.372978,298.793910,43.114558,51.135871,3.000000,2.000000,3.000000,0.000000,1.000000,0.000000,1.000000,2.000000,0.000000,1.000000,0.000000,1.000000,3.000000,0.000000,1.000000,1553.000000,438.000000,932.000000,136.000000,161.000000,5.000000,
0.049413,0.999488,0.149386,0.163218,0.337236,0.002664,-205.569183,3.191905,1396042.410467,1161964.304662,2307282.518744,207665.786870,1090450.746908,366.975071,98.261085,209.556803,30.079924,36.095909,85.226451,23.061275,49.130542,7.018649,8.021313,522.388011,140.372978,298.793910,43.114558,51.135871,3.000000,2.000000,3.000000,0.000000,1.000000,0.000000,1.000000,2.000000,0.000000,1.000000,0.000000,1.000000,3.000000,0.000000,1.000000,1553.000000,438.000000,932.000000,136.000000,161.000000,5.000000,
0.049413,0.999488,0.149386,0.163218,0.337236,0.002664,-205.569183,3.191905,1396042.410467,1161964.304662,2307282.518744,207665.786870,1090450.746908,366.975071,98.261085,209.556803,30.079924,36.095909,85.226451,23.061275,49.130542,7.018649,8.021313,522.388011,140.372978,298.793910,43.114558,51.135871,3.000000,2.000000,3.000000,0.000000,1.000000,0.000000,1.000000,2.000000,0.000000,1.000000,0.000000,1.000000,3.000000,0.000000,1.000000,1553.000000,438.000000,932.000000,136.000000,161.000000,5.000000,
0.049413,0.999488,0.149386,0.163218,0.337236,0.002664,-205.569183,3.191905,1396042.410467,1161964.304662,2307282.518744,207665.786870,1090450.746908,366.975071,98.261085,209.556803,30.079924,36.095909,85.226451,23.061275,49.130542,7.018649,8.021313,522.388011,140.372978,298.793910,43.114558,51.135871,3.000000,2.000000,3.000000,0.000000,1.000000,0.000000,1.000000,2.000000,0.000000,1.000000,0.000000,1.000000,3.000000,0.000000,1.000000,1553.000000,438.000000,932.000000,136.000000,161.000000,5.000000,
0.049413,0.999488,0.149386,0.163218,0.337236,0.002664,-205.569183,3.191905,1396042.410467,1161964.304662,2307282.518744,207665.786870,1090450.746908,366.975071,98.261085,209.556803,30.079924,36.095909,85.226451,23.061275,49.130542,7.018649,8.021313,522.388011,140.372978,298.793910,43.114558,51.135871,3.000000,2.000000,3.000000,0.000000,1.000000,0.000000,1.000000,2.000000,0.000000,1.000000,0.000000,1.000000,3.000000,0.000000,1.000000,1553.000000,438.000000,932.000000,136.000000,161.000000,5.000000,
0.049413,0.999488,0.149386,0.163218,0.337236,0.002664,-205.569183,3.191905,1396042.410467,1161964.304662,2307282.518744,207665.786870,1090450.746908,366.975071,98.261085,209.556803,30.079924,36.095909,85.226451,23.061275,49.130542,7.018649,8.021313,522.388011,140.372978,298.793910,43.114558,51.135871,3.000000,2.000000,3.000000,0.000000,1.000000,0.000000,1.000000,2.000000,0.000000,1.000000,0.000000,1.000000,3.000000,0.000000,1.000000,1553.000000,438.000000,932.000000,136.000000,161.000000,5.000000,
0.049413,0.999488,0.149386,0.163218,0.337236,0.002664,-205.569183,3.191905,1396042.410467,1161964.304662,2307282.518744,207665.786870,1090450.746908,366.975071,98.261085,209.556803,30.079924,36.095909,85.226451,23.061275,49.130542,7.018649,8.021313,522.388011,140.372978,298.793910,43.114558,51.135871,3.000000,2.000000,3.000000,0.000000,1.000000,0.000000,1.000000,2.000000,0.000000,1.000000,0.000000,1.000000,3.000000,0.000000,1.000000,1553.000000,438.000000,932.000000,136.000000,161.000000,5.000000,
0.049413,0.999488,0.149386,0.163218,0.337236,0.002664,-205.569183,3.191905,1396042.410467,1161964.304662,2307282.518744,207665.786870,1090450.746908,366.975071,98.261085,209.556803,30.079924,36.095909,85.226451,23.061275,49.130542,7.018649,8.021313,522.388011,140.372978,298.793910,43.114558,51.135871,3.000000,2.000000,3.000000,0.000000,1.000000,0.000000,1.000000,2.000000,0.000000,1.000000,0.000000,1.000000,3.000000,0.000000,1.000000,1553.000000,438.000000,932.000000,136.000000,161.000000,5.000000,
0.049413,0.999488,0.149386,0.163218,0.337236,0.002664,-205.569183,3.191905,1396042.410467,1161964.304662,2307282.518744,207665.786870,1090450.746908,366.975071,98.261085,209.556803,30.079924,36.095909,85.226451,23.061275,49.130542,7.018649,8.021313,522.388011,140.372978,298.793910,43.114558,51.135871,3.000000,2.000000,3.000000,0.000000,1.000000,0.000000,1.000000,2.000000,0.000000,1.000000,0.000000,1.000000,3.000000,0.000000,1.000000,1553.000000,438.000000,932.000000,136.000000,161.000000,5.000000,
0.049413,0.999488,0.149386,0.163218,0.337236,0.002664,-205.569183,3.191905,1396042.410467,1161964.304662,2307282.518744,207665.786870,1090450.746908,366.975071,98.261085,209.556803,30.079924,36.095909,85.226451,23.061275,49.130542,7.018649,8.021313,522.388011,140.372978,298.793910,43.114558,51.135871,3.000000,2.000000,3.000000,0.000000,1.000000,0.000000,1.000000,2.000000,0.000000,1.000000,0.000000,1.000000,3.000000,0.000000,1.000000,1553.000000,438.000000,932.000000,136.000000,161.000000,5.000000,
0.049413,0.999488,0.149386,0.163218,0.337236,0.002664,-205.569183,3.191905,1396042.410467,1161964.304662,2307282.518744,207665.786870,1090450.746908,366.975071,98.261085,209.556803,30.079924,36.095909,85.226451,23.061275,49.130542,7.018649,8.021313,522.388011,140.372978,298.793910,43.114558,51.135871,3.000000,2.000000,3.000000,0.000000,1.000000,0.000000,1.000000,2.000000,0.000000,1.000000,0.000000,1.000000,3.000000,0.000000,1.000000,1553.000000,438.000000,932.000000,136.000000,161.000000,5.000000,
0.049413,0.999488,0.149386,0.163218,0.337236,0.002664,-205.569183,3.191905,1396042.410467,1161964.304662,2307282.518744,207665.786870,1090450.746908,366.975071,98.261085,209.556803,30.079924,36.095909,85.226451,23.061275,49.130542,7.018649,8.021313,522.388011,140.372978,298.793910,43.114558,51.135871,3.000000,2.000000,3.000000,0.000000,1.000000,0.000000,1.000000,2.000000,0.000000,1.000000,0.000000,1.000000,3.000000,0.000000,1.000000,1553.000000,438.000000,932.000000,136.000000,161.000000,5.000000,
0.049413,0.999488,0.149386,0.163218,0.337236,0.002664,-205.569183,3.191905,1396042.410467,1161964.304662,2307282.518744,207665.786870,1090450.746908,366.975071,98.261085,209.556803,30.079924,36.095909,85.226451,23.061275,49.130542,7.018649,8.021313,522.388011,140.372978,298.793910,43.114558,51.135871,3.000000,2.000000,3.000000,0.000000,1.000000,0.000000,1.000000,2.000000,0.000000,1.000000,0.000000,1.000000,3.000000,0.000000,1.000000,1553.000000,438.000000,932.000000,136.000000,161.000000,5.000000,
0.049421,0.988604,0.149017,0.181275,0.292042,0.003229,-208.283869,3.191546,1396041.861377,1161964.157221,2307282.204656,207665.741677,1090450.693242,367.181827,98.316446,209.674869,30.096871,36.116245,85.274468,23.074268,49.158223,7.022603,8.025832,522.682328,140.452065,298.962253,43.138849,51.164681,3.000000,2.000000,3.000000,0.000000,1.000000,0.000000,1.000000,2.000000,0.000000,1.000000,0.000000,1.000000,3.000000,0.000000,1.000000,1553.000000,438.000000,932.000000,136.000000,161.000000,5.000000,
0.049421,0.988604,0.149017,0.181275,0.292042,0.003229,-208.283869,3.191546,1396041.861377,1161964.157221,2307282.204656,207665.741677,1090450.693242,367.181827,98.316446,209.674869,30.096871,36.116245,85.274468,23.074268,49.158223,7.022603,8.025832,522.682328,140.452065,298.962253,43.138849,51.164681,3.000000,2.000000,3.000000,0.000000,1.000000,0.000000,1.000000,2.000000,0.000000,1.000000,0.000000,1.000000,3.000000,0.000000,1.000000,1553.000000,438.000000,932.000000,136.000000,161.000000,5.000000,
0.049421,0.988604,0.149017,0.181275,0.292042,0.003229,-208.283869,3.191546,1396041.861377,1161964.157221,2307282.204656,207665.741677,1090450.693242,367.181827,98.316446,209.674869,30.096871,36.116245,85.274468,23.074268,49.158223,7.022603,8.025832,522.682328,140.452065,298.962253,43.138849,51.164681,3.000000,2.000000,3.000000,0.000000,1.000000,0.000000,1.000000,2.000000,0.000000,1.000000,0.000000,1.000000,3.000000,0.000000,1.000000,1553.000000,438.000000,932.000000,136.000000,161.000000,5.000000,
0.049421,0.988604,0.149017,0.181275,0.292042,0.003229,-208.283869,3.191546,1396041.861377,1161964.157221,2307282.204656,207665.741677,1090450.693242,367.181827,98.316446,209.674869,30.096871,36.116245,85.274468,23.074268,49.158223,7.022603,8.025832,522.682328,140.452065,298.962253,43.138849,51.164681,3.000000,2.000000,3.000000,0.000000,1.000000,0.000000,1.000000,2.000000,0.000000,1.000000,0.000000,1.000000,3.000000,0.000000,1.000000,1553.000000,438.000000,932.000000,136.000000,161.000000,5.000000,
0.049421,0.988604,0.149017,0.181275,0.292042,0.003229,-208.283869,3.191546,1396041.861377,1161964.157221,2307282.204656,207665.741677,1090450.693242,367.181827,98.316446,209.674869,30.096871,36.116245,85.274468,23.074268,49.158223,7.022603,8.025832,522.682328,140.452065,298.962253,43.138849,51.164681,3.000000,2.000000,3.000000,0.000000,1.000000,0.000000,1.000000,2.000000,0.000000,1.000000,0.000000,1.000000,3.000000,0.000000,1.000000,1553.000000,438.000000,932.000000,136.000000,161.000000,5.000000,
0.049421,0.988604,0.149017,0.181275,0.292042,0.003229,-208.283869,3.191546,1396041.861377,1161964.157221,2307282.204656,207665.741677,1090450.693242,367.181827,98.316446,209.674869,30.096871,36.116245,85.274468,23.074268,49.158223,7.022603,8.025832,522.682328,140.452065,298.962253,43.138849,51.164681,3.000000,2.000000,3.000000,0.000000,1.000000,0.000000,1.000000,2.000000,0.000000,1.000000,0.000000,1.000000,3.000000,0.000000,1.000000,1553.000000,438.000000,932.000000,136.000000,161.000000,5.000000,
0.049425,0.990815,0.146558,0.189014,0.290447,0.002278,-207.419788,3.186350,1396042.786190,1161964.405551,2307282.733664,207665.817793,1090450.783630,366.833595,98.223203,209.476015,30.068327,36.081993,85.193595,23.052384,49.111602,7.015943,8.018221,522.186620,140.318862,298.678720,43.097936,51.116157,3.000000,2.000000,3.000000,0.000000,1.000000,0.000000,1.000000,2.000000,0.000000,1.000000,0.000000,1.000000,3.000000,0.000000,1.000000,1553.000000,438.000000,932.000000,136.000000,161.000000,5.000000,
0.049425,0.990815,0.146558,0.189014,0.290447,0.002278,-207.419788,3.186350,1396042.786190,1161964.405551,2307282.733664,207665.817793,1090450.783630,366.833595,98.223203,209.476015,30.068327,36.081993,85.193595,23.052384,49.111602,7.015943,8.018221,522.186620,140.318862,298.678720,43.097936,51.116157,3.000000,2.000000,3.000000,0.000000,1.000000,0.000000,1.000000,2.000000,0.000000,1.000000,0.000000,1.000000,3.000000,0.000000,1.000000,1553.000000,438.000000,932.000000,136.000000,161.000000,5.000000,
0.049425,0.990815,0.146558,0.189014,0.290447,0.002278,-207.419788,3.186350,1396042.786190,1161964.405551,2307282.733664,207665.817793,1090450.783630,366.833595,98.223203,209.476015,30.068327,36.081993,85.193595,23.052384,49.111602,7.015943,8.018221,522.186620,140.318862,298.678720,43.097936,51.116157,3.000000,2.000000,3.000000,0.000000,1.000000,0.000000,1.000000,2.000000,0.000000,1.000000,0.000000,1.000000,3.000000,0.000000,1.000000,1553.000000,438.000000,932.000000,136.000000,161.000000,5.000000,
0.049425,0.990815,0.146558,0.189014,0.290447,0.002278,-207.419788,3.186350,1396042.786190,1161964.405551,2307282.733664,207665.817793,1090450.783630,366.833595,98.223203,209.476015,30.068327,36.081993,85.193595,23.052384,49.111602,7.015943,8.018221,522.186620,140.318862,298.678720,43.097936,51.116157,3.000000,2.000000,3.000000,0.000000,1.000000,0.000000,1.000000,2.000000,0.000000,1.000000,0.000000,1.000000,3.000000,0.000000,1.000000,1553.000000,438.000000,932.000000,136.000000,161.000000,5.000000,
0.049425,0.990815,0.146558,0.189014,0.290447,0.002278,-207.419788,3.186350,1396042.786190,1161964.405551,2307282.733664,207665.817793,1090450.783630,366.833595,98.223203,209.476015,30.068327,36.081993,85.193595,23.052384,49.111602,7.015943,8.018221,522.186620,140.318862,298.678720,43.097936,51.116157,3.000000,2.000000,3.000000,0.000000,1.000000,0.000000,1.000000,2.000000,0.000000,1.000000,0.000000,1.000000,3.000000,0.000000,1.000000,1553.000000,438.000000,932.000000,136.000000,161.000000,5.000000,
0.049399,0.998726,0.145738,0.193132,0.292207,0.002167,-205.631492,3.182821,1396042.894088,1161964.434524,2307282.795384,207665.826674,1090450.794175,366.792967,98.212324,209.452814,30.064997,36.077997,85.184159,23.049831,49.106162,7.015166,8.017333,522.128786,140.303321,298.645640,43.093163,51.110495,3.000000,2.000000,3.000000,0.000000,1.000000,0.000000,1.000000,2.000000,0.000000,1.000000,0.000000,1.000000,3.000000,0.000000,1.000000,1553.000000,438.000000,932.000000,136.000000,161.000000,5.000000,
0.049399,0.998726,0.145738,0.193132,0.292207,0.002167,-205.631492,3.182821,1396042.894088,1161964.434524,2307282.795384,207665.826674,1090450.794175,366.792967,98.212324,209.452814,30.064997,36.077997,85.184159,23.049831,49.106162,7.015166,8.017333,522.128786,140.303321,298.645640,43.093163,51.110495,3.000000,2.000000,3.000000,0.000000,1.000000,0.000000,1.000000,2.000000,0.000000,1.000000,0.000000,1.000000,3.000000,0.000000,1.000000,1553.000000,438.000000,932.000000,136.000000,161.000000,5.000000,
0.049399,0.998726,0.145738,0.193132,0.292207,0.002167,-205.631492,3.182821,1396042.894088,1161964.434524,2307282.795384,207665.826674,1090450.794175,366.792967,98.212324,209.452814,30.064997,36.077997,85.184159,23.049831,49.106162,7.015166,8.017333,522.128786,140.303321,298.645640,43.093163,51.110495,3.000000,2.000000,3.000000,0.000000,1.000000,0.000000,1.000000,2.000000,0.000000,1.000000,0.000000,1.000000,3.000000,0.000000,1.000000,1553.000000,438.000000,932.000000,136.000000,161.000000,5.000000,
0.049399,0.998726,0.145738,0.193132,0.292207,0.002167,-205.631492,3.182821,1396042.894088,1161964.434524,2307282.795384,207665.826674,1090450.794175,366.792967,98.212324,209.452814,30.064997,36.077997,85.184159,23.049831,49.106162,7.015166,8.017333,522.128786,140.303321,298.645640,43.093163,51.110495,3.000000,2.000000,3.000000,0.000000,1.000000,0.000000,1.000000,2.000000,0.000000,1.000000,0.000000,1.000000,3.000000,0.000000,1.000000,1553.000000,438.000000,932.000000,136.000000,161.000000,5.000000,
0.049399,0.998726,0.145738,0.193132,0.292207,0.002167,-205.631492,3.182821,1396042.894088,1161964.434524,2307282.795384,207665.826674,1090450.794175,366.792967,98.212324,209.452814,30.064997,36.077997,85.184159,23.049831,49.106162,7.015166,8.017333,522.128786,140.303321,298.645640,43.093163,51.110495,3.000000,2.000000,3.000000,0.000000,1.000000,0.000000,1.000000,2.000000,0.000000,1.000000,0.000000,1.000000,3.000000,0.000000,1.000000,1553.000000,438.000000,932.000000,136.000000,161.000000,5.000000,
0.049399,0.998726,0.145738,0.193132,0.292207,0.002167,-205.631492,3.182821,1396042.894088,1161964.434524,2307282.795384,207665.826674,1090450.794175,366.792967,98.212324,209.452814,30.064997,36.077997,85.184159,23.049831,49.106162,7.015166,8.017333,522.128786,140.303321,298.645640,43.093163,51.110495,3.000000,2.000000,3.000000,0.000000,1.000000,0.000000,1.000000,2.000000,0.000000,1.000000,0.000000,1.000000,3.000000,0.000000,1.000000,1553.000000,438.000000,932.000000,136.000000,161.000000,5.000000,
0.049399,0.998726,0.145738,0.193132,0.292207,0.002167,-205.631492,3.182821,1396042.894088,1161964.434524,2307282.795384,207665.826674,1090450.794175,366.792967,98.212324,209.452814,30.064997,36.077997,85.184159,23.049831,49.106162,7.015166,8.017333,522.128786,140.303321,298.645640,43.093163,51.110495,3.000000,2.000000,3.000000,0.000000,1.000000,0.000000,1.000000,2.000000,0.000000,1.000000,0.000000,1.000000,3.000000,0.000000,1.000000,1553.000000,438.000000,932.000000,136.000000,161.000000,5.000000,
0.049399,0.998726,0.145738,0.193132,0.292207,0.002167,-205.631492,3.182821,1396042.894088,1161964.434524,2307282.795384,207665.826674,1090450.794175,366.792967,98.212324,209.452814,30.064997,36.077997,85.184159,23.049831,49.106162,7.015166,8.017333,522.128786,140.303321,298.645640,43.093163,51.110495,3.000000,2.000000,3.000000,0.000000,1.000000,0.000000,1.000000,2.000000,0.000000,1.000000,0.000000,1.000000,3.000000,0.000000,1.000000,1553.000000,438.000000,932.000000,136.000000,161.000000,5.000000,
0.049399,0.998726,0.145738,0.193132,0.292207,0.002167,-205.631492,3.182821,1396042.894088,1161964.434524,2307282.795384,207665.826674,1090450.794175,366.792967,98.212324,209.452814,30.064997,36.077997,85.184159,23.049831,49.106162,7.015166,8.017333,522.128786,140.303321,298.645640,43.093163,51.110495,3.000000,2.000000,3.000000,0.000000,1.000000,0.000000,1.000000,2.000000,0.000000,1.000000,0.000000,1.000000,3.000000,0.000000,1.000000,1553.000000,438.000000,932.000000,136.000000,161.000000,5.000000,
0.049399,0.998726,0.145738,0.193132,0.292207,0.002167,-205.631492,3.182821,1396042.894088,1161964.434524,2307282.795384,207665.826674,1090450.794175,366.792967,98.212324,209.452814,30.064997,36.077997,85.184159,23.049831,49.106162,7.015166,8.017333,522.128786,140.303321,298.645640,43.093163,51.110495,3.000000,2.000000,3.000000,0.000000,1.000000,0.000000,1.000000,2.000000,0.000000,1.000000,0.000000,1.000000,3.000000,0.000000,1.000000,1553.000000,438.000000,932.000000,136.000000,161.000000,5.000000,
0.049399,0.998726,0.145738,0.193132,0.292207,0.002167,-205.631492,3.182821,1396042.894088,1161964.434524,2307282.795384,207665.826674,1090450.794175,366.792967,98.212324,209.452814,30.064997,36.077997,85.184159,23.049831,49.106162,7.015166,8.017333,522.128786,140.303321,298.645640,43.093163,51.110495,3.000000,2.000000,3.000000,0.000000,1.000000,0.000000,1.000000,2.000000,0.000000,1.000000,0.000000,1.000000,3.000000,0.000000,1.000000,1553.000000,438.000000,932.000000,136.000000,161.000000,5.000000,
0.049399,0.998726,0.145738,0.193132,0.292207,0.002167,-205.631492,3.182821,1396042.894088,1161964.434524,2307282.795384,207665.826674,1090450.794175,366.792967,98.212324,209.452814,30.064997,36.077997,85.184159,23.049831,49.106162,7.015166,8.017333,522.128786,140.303321,298.645640,43.093163,51.110495,3.000000,2.000000,3.000000,0.000000,1.000000,0.000000,1.000000,2.000000,0.000000,1.000000,0.000000,1.000000,3.000000,0.000000,1.000000,1553.000000,438.000000,932.000000,136.000000,161.000000,5.000000,
0.049399,0.998726,0.145738,0.193132,0.292207,0.002167,-205.631492,3.182821,1396042.894088,1161964.434524,2307282.795384,207665.826674,1090450.794175,366.792967,98.212324,209.452814,30.064997,36.077997,85.184159,23.049831,49.106162,7.015166,8.017333,522.128786,140.303321,298.645640,43.093163,51.110495,3.000000,2.000000,3.000000,0.000000,1.000000,0.000000,1.000000,2.000000,0.000000,1.000000,0.000000,1.000000,3.000000,0.000000,1.000000,1553.000000,438.000000,932.000000,136.000000,161.000000,5.000000,
0.049399,0.998726,0.145738,0.193132,0.292207,0.002167,-205.631492,3.182821,1396042.894088,1161964.434524,2307282.795384,207665.826674,1090450.794175,366.792967,98.212324,209.452814,30.064997,36.077997,85.184159,23.049831,49.106162,7.015166,8.017333,522.128786,140.303321,298.645640,43.093163,51.110495,3.000000,2.000000,3.000000,0.000000,1.000000,0.000000,1.000000,2.000000,0.000000,1.000000,0.000000,1.000000,3.000000,0.000000,1.000000,1553.000000,438.000000,932.000000,136.000000,161.000000,5.000000,
0.049399,0.998726,0.145738,0.193132,0.292207,0.002167,-205.631492,3.182821,1396042.894088,1161964.434524,2307282.795384,207665.826674,1090450.794175,366.792967,98.212324,209.452814,30.064997,36.077997,85.184159,23.049831,49.106162,7.015166,8.017333,522.128786,140.303321,298.645640,43.093163,51.110495,3.000000,2.000000,3.000000,0.000000,1.000000,0.000000,1.000000,2.000000,0.000000,1.000000,0.000000,1.000000,3.000000,0.000000,1.000000,1553.000000,438.000000,932.000000,136.000000,161.000000,5.000000,
0.049399,0.998726,0.145738,0.193132,0.292207,0.002167,-205.631492,3.182821,1396042.894088,1161964.434524,2307282.795384,207665.826674,1090450.794175,366.792967,98.212324,209.452814,30.064997,36.077997,85.184159,23.049831,49.106162,7.015166,8.017333,522.128786,140.303321,298.645640,43.093163,51.110495,3.000000,2.000000,3.000000,0.000000,1.000000,0.000000,1.000000,2.000000,0.000000,1.000000,0.000000,1.000000,3.000000,0.000000,1.000000,1553.000000,438.000000,932.000000,136.000000,161.000000,5.000000,
0.049399,0.998726,0.145738,0.193132,0.292207,0.002167,-205.631492,3.182821,1396042.894088,1161964.434524,2307282.795384,207665.826674,1090450.794175,366.792967,98.212324,209.452814,30.064997,36.077997,85.184159,23.049831,49.106162,7.015166,8.017333,522.128786,140.303321,298.645640,43.093163,51.110495,3.000000,2.000000,3.000000,0.000000,1.000000,0.000000,1.000000,2.000000,0.000000,1.000000,0.000000,1.000000,3.000000,0.000000,1.000000,1553.000000,438.000000,932.000000,136.000000,161.000000,5.000000,
0.049399,0.998726,0.145738,0.193132,0.292207,0.002167,-205.631492,3.182821,1396042.894088,1161964.434524,2307282.795384,207665.826674,1090450.794175,366.792967,98.212324,209.452814,30.064997,36.077997,85.184159,23.049831,49.106162,7.015166,8.017333,522.128786,140.303321,298.645640,43.093163,51.110495,3.000000,2.000000,3.000000,0.000000,1.000000,0.000000,1.000000,2.000000,0.000000,1.000000,0.000000,1.000000,3.000000,0.000000,1.000000,1553.000000,438.000000,932.000000,136.000000,161.000000,5.000000,
0.049399,0.998726,0.145738,0.193132,0.292207,0.002167,-205.631492,3.182821,1396042.894088,1161964.434524,2307282.795384,207665.826674,1090450.794175,366.792967,98.212324,209.452814,30.064997,36.077997,85.184159,23.049831,49.106162,7.015166,8.017333,522.128786,140.303321,298.645640,43.093163,51.110495,3.000000,2.000000,3.000000,0.000000,1.000000,0.000000,1.000000,2.000000,0.000000,1.000000,0.000000,1.000000,3.000000,0.000000,1.000000,1553.000000,438.000000,932.000000,136.000000,161.000000,5.000000,
0.049399,0.998726,0.145738,0.193132,0.292207,0.002167,-205.631492,3.182821,1396042.894088,1161964.434524,2307282.795384,207665.826674,1090450.794175,366.792967,98.212324,209.452814,30.064997,36.077997,85.184159,23.049831,49.106162,7.015166,8.017333,522.128786,140.303321,298.645640,43.093163,51.110495,3.000000,2.000000,3.000000,0.000000,1.000000,0.000000,1.000000,2.000000,0.000000,1.000000,0.000000,1.000000,3.000000,0.000000,1.000000,1553.000000,438.000000,932.000000,136.000000,161.000000,5.000000,
0.049399,0.998726,0.145738,0.193132,0.292207,0.002167,-205.631492,3.182821,1396042.894088,1161964.434524,2307282.795384,207665.826674,1090450.794175,366.792967,98.212324,209.452814,30.064997,36.077997,85.184159,23.049831,49.106162,7.015166,8.017333,522.128786,140.303321,298.645640,43.093163,51.110495,3.000000,2.000000,3.000000,0.000000,1.000000,0.000000,1.000000,2.000000,0.000000,1.000000,0.000000,1.000000,3.000000,0.000000,1.000000,1553.000000,438.000000,932.000000,136.000000,161.000000,5.000000,
0.049399,0.998726,0.145738,0.193132,0.292207,0.002167,-205.631492,3.182821,1396042.894088,1161964.434524,2307282.795384,207665.826674,1090450.794175,366.792967,98.212324,209.452814,30.064997,36.077997,85.184159,23.049831,49.106162,7.015166,8.017333,522.128786,140.303321,298.645640,43.093163,51.110495,3.000000,2.000000,3.000000,0.000000,1.000000,0.000000,1.000000,2.000000,0.000000,1.000000,0.000000,1.000000,3.000000,0.000000,1.000000,1553.000000,438.000000,932.000000,136.000000,161.000000,5.000000,
0.049399,0.998726,0.145738,0.193132,0.292207,0.002167,-205.631492,3.182821,1396042.894088,1161964.434524,2307282.795384,207665.826674,1090450.794175,366.792967,98.212324,209.452814,30.064997,36.077997,85.184159,23.049831,49.106162,7.015166,8.017333,522.128786,140.303321,298.645640,43.093163,51.110495,3.000000,2.000000,3.000000,0.000000,1.000000,0.000000,1.000000,2.000000,0.000000,1.000000,0.000000,1.000000,3.000000,0.000000,1.000000,1553.000000,438.000000,932.000000,136.000000,161.000000,5.000000,
0.049399,0.998726,0.145738,0.193132,0.292207,0.002167,-205.631492,3.182821,1396042.894088,1161964.434524,2307282.795384,207665.826674,1090450.794175,366.792967,98.212324,209.452814,30.064997,36.077997,85.184159,23.049831,49.106162,7.015166,8.017333,522.128786,140.303321,298.645640,43.093163,51.110495,3.000000,2.000000,3.000000,0.000000,1.000000,0.000000,1.000000,2.000000,0.000000,1.000000,0.000000,1.000000,3.000000,0.000000,1.000000,1553.000000,438.000000,932.000000,136.000000,161.000000,5.000000,
0.049399,0.998726,0.145738,0.193132,0.292207,0.002167,-205.631492,3.182821,1396042.894088,1161964.434524,2307282.795384,207665.826674,1090450.794175,366.792967,98.212324,209.452814,30.064997,36.077997,85.184159,23.049831,49.106162,7.015166,8.017333,522.128786,140.303321,298.645640,43.093163,51.110495,3.000000,2.000000,3.000000,0.000000,1.000000,0.000000,1.000000,2.000000,0.000000,1.000000,0.000000,1.000000,3.000000,0.000000,1.000000,1553.000000,438.000000,932.000000,136.000000,161.000000,5.000000,
0.049399,0.998726,0.145738,0.193132,0.292207,0.002167,-205.631492,3.182821,1396042.894088,1161964.434524,2307282.795384,207665.826674,1090450.794175,366.792967,98.212324,209.452814,30.064997,36.077997,85.184159,23.049831,49.106162,7.015166,8.017333,522.128786,140.303321,298.645640,43.093163,51.110495,3.000000,2.000000,3.000000,0.000000,1.000000,0.000000,1.000000,2.000000,0.000000,1.000000,0.000000,1.000000,3.000000,0.000000,1.000000,1553.000000,438.000000,932.000000,136.000000,161.000000,5.000000,
0.049399,0.998726,0.145738,0.193132,0.292207,0.002167,-205.631492,3.182821,1396042.894088,1161964.434524,2307282.795384,207665.826674,1090450.794175,366.792967,98.212324,209.452814,30.064997,36.077997,85.184159,23.049831,49.106162,7.015166,8.017333,522.128786,140.303321,298.645640,43.093163,51.110495,3.000000,2.000000,3.000000,0.000000,1.000000,0.000000,1.000000,2.000000,0.000000,1.000000,0.000000,1.000000,3.000000,0.000000,1.000000,1553.000000,438.000000,932.000000,136.000000,161.000000,5.000000,
0.049399,0.998726,0.145738,0.193132,0.292207,0.002167,-205.631492,3.182821,1396042.894088,1161964.434524,2307282.795384,207665.826674,1090450.794175,366.792967,98.212324,209.452814,30.064997,36.077997,85.184159,23.049831,49.106162,7.015166,8.017333,522.128786,140.303321,298.645640,43.093163,51.110495,3.000000,2.000000,3.000000,0.000000,1.000000,0.000000,1.000000,2.000000,0.000000,1.000000,0.000000,1.000000,3.000000,0.000000,1.000000,1553.000000,438.000000,932.000000,136.000000,161.000000,5.000000,
0.049399,0.998726,0.145738,0.193132,0.292207,0.002167,-205.631492,3.182821,1396042.894088,1161964.434524,2307282.795384,207665.826674,1090450.794175,366.792967,98.212324,209.452814,30.064997,36.077997,85.184159,23.049831,49.106162,7.015166,8.017333,522.128786,140.303321,298.645640,43.093163,51.110495,3.000000,2.000000,3.000000,0.000000,1.000000,0.000000,1.000000,2.000000,0.000000,1.000000,0.000000,1.000000,3.000000,0.000000,1.000000,1553.000000,438.000000,932.000000,136.000000,161.000000,5.000000,
0.049399,0.998726,0.145738,0.193132,0.292207,0.002167,-205.631492,3.182821,1396042.894088,1161964.434524,2307282.795384,207665.826674,1090450.794175,366.792967,98.212324,209.452814,30.064997,36.077997,85.184159,23.049831,49.106162,7.015166,8.017333,522.128786,140.303321,298.645640,43.093163,51.110495,3.000000,2.000000,3.000000,0.000000,1.000000,0.000000,1.000000,2.000000,0.000000,1.000000,0.000000,1.000000,3.000000,0.000000,1.000000,1553.000000,438.000000,932.000000,136.000000,161.000000,5.000000,
0.049399,0.998726,0.145738,0.193132,0.292207,0.002167,-205.631492,3.182821,1396042.894088,1161964.434524,2307282.795384,207665.826674,1090450.794175,366.792967,98.212324,209.452814,30.064997,36.077997,85.184159,23.049831,49.106162,7.015166,8.017333,522.128786,140.303321,298.645640,43.093163,51.110495,3.000000,2.000000,3.000000,0.000000,1.000000,0.000000,1.000000,2.000000,0.000000,1.000000,0.000000,1.000000,3.000000,0.000000,1.000000,1553.000000,438.000000,932.000000,136.000000,161.000000,5.000000,
0.049399,0.998726,0.145738,0.193132,0.292207,0.002167,-205.631492,3.182821,1396042.894088,1161964.434524,2307282.795384,207665.826674,1090450.794175,366.792967,98.212324,209.452814,30.064997,36.077997,85.184159,23.049831,49.106162,7.015166,8.017333,522.128786,140.303321,298.645640,43.093163,51.110495,3.000000,2.000000,3.000000,0.000000,1.000000,0.000000,1.000000,2.000000,0.000000,1.000000,0.000000,1.000000,3.000000,0.000000,1.000000,1553.000000,438.000000,932.000000,136.000000,161.000000,5.000000,
0.049399,0.998726,0.145738,0.193132,0.292207,0.002167,-205.631492,3.182821,1396042.894088,1161964.434524,2307282.795384,207665.826674,1090450.794175,366.792967,98.212324,209.452814,30.064997,36.077997,85.184159,23.049831,49.106162,7.015166,8.017333,522.128786,140.303321,298.645640,43.093163,51.110495,3.000000,2.000000,3.000000,0.000000,1.000000,0.000000,1.000000,2.000000,0.000000,1.000000,0.000000,1.000000,3.000000,0.000000,1.000000,1553.000000,438.000000,932.000000,136.000000,161.000000,5.000000,
0.049399,0.998726,0.145738,0.193132,0.292207,0.002167,-205.631492,3.182821,1396042.894088,1161964.434524,2307282.795384,207665.826674,1090450.794175,366.792967,98.212324,209.452814,30.064997,36.077997,85.184159,23.049831,49.106162,7.015166,8.017333,522.128786,140.303321,298.645640,43.093163,51.110495,3.000000,2.000000,3.000000,0.000000,1.000000,0.000000,1.000000,2.000000,0.000000,1.000000,0.000000,1.000000,3.000000,0.000000,1.000000,1553.000000,438.000000,932.000000,136.000000,161.000000,5.000000,
0.049399,0.998726,0.145738,0.193132,0.292207,0.002167,-205.631492,3.182821,1396042.894088,1161964.434524,2307282.795384,207665.826674,1090450.794175,366.792967,98.212324,209.452814,30.064997,36.077997,85.184159,23.049831,49.106162,7.015166,8.017333,522.128786,140.303321,298.645640,43.093163,51.110495,3.000000,2.000000,3.000000,0.000000,1.000000,0.000000,1.000000,2.000000,0.000000,1.000000,0.000000,1.000000,3.000000,0.000000,1.000000,1553.000000,438.000000,932.000000,136.000000,161.000000,5.000000,
0.049399,0.998726,0.145738,0.193132,0.292207,0.002167,-205.631492,3.182821,1396042.894088,1161964.434524,2307282.795384,207665.826674,1090450.794175,366.792967,98.212324,209.452814,30.064997,36.077997,85.184159,23.049831,49.106162,7.015166,8.017333,522.128786,140.303321,298.645640,43.093163,51.110495,3.000000,2.000000,3.000000,0.000000,1.000000,0.000000,1.000000,2.000000,0.000000,1.000000,0.000000,1.000000,3.000000,0.000000,1.000000,1553.000000,438.000000,932.000000,136.000000,161.000000,5.000000,
0.049399,0.998726,0.145738,0.193132,0.292207,0.002167,-205.631492,3.182821,1396042.894088,1161964.434524,2307282.795384,207665.826674,1090450.794175,366.792967,98.212324,209.452814,30.064997,36.077997,85.184159,23.049831,49.106162,7.015166,8.017333,522.128786,140.303321,298.645640,43.093163,51.110495,3.000000,2.000000,3.000000,0.000000,1.000000,0.000000,1.000000,2.000000,0.000000,1.000000,0.000000,1.000000,3.000000,0.000000,1.000000,1553.000000,438.000000,932.000000,136.000000,161.000000,5.000000,
0.049399,0.998726,0.145738,0.193132,0.292207,0.002167,-205.631492,3.182821,1396042.894088,1161964.434524,2307282.795384,207665.826674,1090450.794175,366.792967,98.212324,209.452814,30.064997,36.077997,85.184159,23.049831,49.106162,7.015166,8.017333,522.128786,140.303321,298.645640,43.093163,51.110495,3.000000,2.000000,3.000000,0.000000,1.000000,0.000000,1.000000,2.000000,0.000000,1.000000,0.000000,1.000000,3.000000,0.000000,1.000000,1553.000000,438.000000,932.000000,136.000000,161.000000,5.000000,
0.049399,0.998726,0.145738,0.193132,0.292207,0.002167,-205.631492,3.182821,1396042.894088,1161964.434524,2307282.795384,207665.826674,1090450.794175,366.792967,98.212324,209.452814,30.064997,36.077997,85.184159,23.049831,49.106162,7.015166,8.017333,522.128786,140.303321,298.645640,43.093163,51.110495,3.000000,2.000000,3.000000,0.000000,1.000000,0.000000,1.000000,2.000000,0.000000,1.000000,0.000000,1.000000,3.000000,0.000000,1.000000,1553.000000,438.000000,932.000000,136.000000,161.000000,5.000000,
0.049399,0.998726,0.145738,0.193132,0.292207,0.002167,-205.631492,3.182821,1396042.894088,1161964.434524,2307282.795384,207665.826674,1090450.794175,366.792967,98.212324,209.452814,30.064997,36.077997,85.184159,23.049831,49.106162,7.015166,8.017333,522.128786,140.303321,298.645640,43.093163,51.110495,3.000000,2.000000,3.000000,0.000000,1.000000,0.000000,1.000000,2.000000,0.000000,1.000000,0.000000,1.000000,3.000000,0.000000,1.000000,1553.000000,438.000000,932.000000,136.000000,161.000000,5.000000,
0.049399,0.998726,0.145738,0.193132,0.292207,0.002167,-205.631492,3.182821,1396042.894088,1161964.434524,2307282.795384,207665.826674,1090450.794175,366.792967,98.212324,209.452814,30.064997,36.077997,85.184159,23.049831,49.106162,7.015166,8.017333,522.128786,140.303321,298.645640,43.093163,51.110495,3.000000,2.000000,3.000000,0.000000,1.000000,0.000000,1.000000,2.000000,0.000000,1.000000,0.000000,1.000000,3.000000,0.000000,1.000000,1553.000000,438.000000,932.000000,136.000000,161.000000,5.000000,
0.049399,0.998726,0.145738,0.193132,0.292207,0.002167,-205.631492,3.182821,1396042.894088,1161964.434524,2307282.795384,207665.826674,1090450.794175,366.792967,98.212324,209.452814,30.064997,36.077997,85.184159,23.049831,49.106162,7.015166,8.017333,522.128786,140.303321,298.645640,43.093163,51.110495,3.000000,2.000000,3.000000,0.000000,1.000000,0.000000,1.000000,2.000000,0.000000,1.000000,0.000000,1.000000,3.000000,0.000000,1.000000,1553.000000,438.000000,932.000000,136.000000,161.000000,5.000000,
0.049399,0.998726,0.145738,0.193132,0.292207,0.002167,-205.631492,3.182821,1396042.894088,1161964.434524,2307282.795384,207665.826674,1090450.794175,366.792967,98.212324,209.452814,30.064997,36.077997,85.184159,23.049831,49.106162,7.015166,8.017333,522.128786,140.303321,298.645640,43.093163,51.110495,3.000000,2.000000,3.000000,0.000000,1.000000,0.000000,1.000000,2.000000,0.000000,1.000000,0.000000,1.000000,3.000000,0.000000,1.000000,1553.000000,438.000000,932.000000,136.000000,161.000000,5.000000,
0.049399,0.998726,0.145738,0.193132,0.292207,0.002167,-205.631492,3.182821,1396042.894088,1161964.434524,2307282.795384,207665.826674,1090450.794175,366.792967,98.212324,209.452814,30.064997,36.077997,85.184159,23.049831,49.106162,7.015166,8.017333,522.128786,140.303321,298.645640,43.093163,51.110495,3.000000,2.000000,3.000000,0.000000,1.000000,0.000000,1.000000,2.000000,0.000000,1.000000,0.000000,1.000000,3.000000,0.000000,1.000000,1553.000000,438.000000,932.000000,136.000000,161.000000,5.000000,
0.049399,0.998726,0.145738,0.193132,0.292207,0.002167,-205.631492,3.182821,1396042.894088,1161964.434524,2307282.795384,207665.826674,1090450.794175,366.792967,98.212324,209.452814,30.064997,36.077997,85.184159,23.049831,49.106162,7.015166,8.017333,522.128786,140.303321,298.645640,43.093163,51.110495,3.000000,2.000000,3.000000,0.000000,1.000000,0.000000,1.000000,2.000000,0.000000,1.000000,0.000000,1.000000,3.000000,0.000000,1.000000,1553.000000,438.000000,932.000000,136.000000,161.000000,5.000000,
0.049399,0.998726,0.145738,0.193132,0.292207,0.002167,-205.631492,3.182821,1396042.894088,1161964.434524,2307282.795384,207665.826674,1090450.794175,366.792967,98.212324,209.452814,30.064997,36.077997,85.184159,23.049831,49.106162,7.015166,8.017333,522.128786,140.303321,298.645640,43.093163,51.110495,3.000000,2.000000,3.000000,0.000000,1.000000,0.000000,1.000000,2.000000,0.000000,1.000000,0.000000,1.000000,3.000000,0.000000,1.000000,1553.000000,438.000000,932.000000,136.000000,161.000000,5.000000,
0.049399,0.998726,0.145738,0.193132,0.292207,0.002167,-205.631492,3.182821,1396042.894088,1161964.434524,2307282.795384,207665.826674,1090450.794175,366.792967,98.212324,209.452814,30.064997,36.077997,85.184159,23.049831,49.106162,7.015166,8.017333,522.128786,140.303321,298.645640,43.093163,51.110495,3.000000,2.000000,3.000000,0.000000,1.000000,0.000000,1.000000,2.000000,0.000000,1.000000,0.000000,1.000000,3.000000,0.000000,1.000000,1553.000000,438.000000,932.000000,136.000000,161.000000,5.000000,
0.049399,0.998726,0.145738,0.193132,0.292207,0.002167,-205.631492,3.182821,1396042.894088,1161964.434524,2307282.795384,207665.826674,1090450.794175,366.792967,98.212324,209.452814,30.064997,36.077997,85.184159,23.049831,49.106162,7.015166,8.017333,522.128786,140.303321,298.645640,43.093163,51.110495,3.000000,2.000000,3.000000,0.000000,1.000000,0.000000,1.000000,2.000000,0.000000,1.000000,0.000000,1.000000,3.000000,0.000000,1.000000,1553.000000,438.000000,932.000000,136.000000,161.000000,5.000000,
0.049399,0.998726,0.145738,0.193132,0.292207,0.002167,-205.631492,3.182821,1396042.894088,1161964.434524,2307282.795384,207665.826674,1090450.794175,366.792967,98.212324,209.452814,30.064997,36.077997,85.184159,23.049831,49.106162,7.015166,8.017333,522.128786,140.303321,298.645640,43.093163,51.110495,3.000000,2.000000,3.000000,0.000000,1.000000,0.000000,1.000000,2.000000,0.000000,1.000000,0.000000,1.000000,3.000000,0.000000,1.000000,1553.000000,438.000000,932.000000,136.000000,161.000000,5.000000,
0.049399,0.998726,0.145738,0.193132,0.292207,0.002167,-205.631492,3.182821,1396042.894088,1161964.434524,2307282.795384,207665.826674,1090450.794175,366.792967,98.212324,209.452814,30.064997,36.077997,85.184159,23.049831,49.106162,7.015166,8.017333,522.128786,140.303321,298.645640,43.093163,51.110495,3.000000,2.000000,3.000000,0.000000,1.000000,0.000000,1.000000,2.000000,0.000000,1.000000,0.000000,1.000000,3.000000,0.000000,1.000000,1553.000000,438.000000,932.000000,136.000000,161.000000,5.000000,
0.049399,0.998726,0.145738,0.193132,0.292207,0.002167,-205.631492,3.182821,1396042.894088,1161964.434524,2307282.795384,207665.826674,1090450.794175,366.792967,98.212324,209.452814,30.064997,36.077997,85.184159,23.049831,49.106162,7.015166,8.017333,522.128786,140.303321,298.645640,43.093163,51.110495,3.000000,2.000000,3.000000,0.000000,1.000000,0.000000,1.000000,2.000000,0.000000,1.000000,0.000000,1.000000,3.000000,0.000000,1.000000,1553.000000,438.000000,932.000000,136.000000,161.000000,5.000000,
0.049399,0.998726,0.145738,0.193132,0.292207,0.002167,-205.631492,3.182821,1396042.894088,1161964.434524,2307282.795384,207665.826674,1090450.794175,366.792967,98.212324,209.452814,30.064997,36.077997,85.184159,23.049831,49.106162,7.015166,8.017333,522.128786,140.303321,298.645640,43.093163,51.110495,3.000000,2.000000,3.000000,0.000000,1.000000,0.000000,1.000000,2.000000,0.000000,1.000000,0.000000,1.000000,3.000000,0.000000,1.000000,1553.000000,438.000000,932.000000,136.000000,161.000000,5.000000,
0.049399,0.998726,0.145738,0.193132,0.292207,0.002167,-205.631492,3.182821,1396042.894088,1161964.434524,2307282.795384,207665.826674,1090450.794175,366.792967,98.212324,209.452814,30.064997,36.077997,85.184159,23.049831,49.106162,7.015166,8.017333,522.128786,140.303321,298.645640,43.093163,51.110495,3.000000,2.000000,3.000000,0.000000,1.000000,0.000000,1.000000,2.000000,0.000000,1.000000,0.000000,1.000000,3.000000,0.000000,1.000000,1553.000000,438.000000,932.000000,136.000000,161.000000,5.000000,
0.049399,0.998726,0.145738,0.193132,0.292207,0.002167,-205.631492,3.182821,1396042.894088,1161964.434524,2307282.795384,207665.826674,1090450.794175,366.792967,98.212324,209.452814,30.064997,36.077997,85.184159,23.049831,49.106162,7.015166,8.017333,522.128786,140.303321,298.645640,43.093163,51.110495,3.000000,2.000000,3.000000,0.000000,1.000000,0.000000,1.000000,2.000000,0.000000,1.000000,0.000000,1.000000,3.000000,0.000000,1.000000,1553.000000,438.000000,932.000000,136.000000,161.000000,5.000000,
0.049399,0.998726,0.145738,0.193132,0.292207,0.002167,-205.631492,3.182821,1396042.894088,1161964.434524,2307282.795384,207665.826674,1090450.794175,366.792967,98.212324,209.452814,30.064997,36.077997,85.184159,23.049831,49.106162,7.015166,8.017333,522.128786,140.303321,298.645640,43.093163,51.110495,3.000000,2.000000,3.000000,0.000000,1.000000,0.000000,1.000000,2.000000,0.000000,1.000000,0.000000,1.000000,3.000000,0.000000,1.000000,1553.000000,438.000000,932.000000,136.000000,161.000000,5.000000,
0.049399,0.998726,0.145738,0.193132,0.292207,0.002167,-205.631492,3.182821,1396042.894088,1161964.434524,2307282.795384,207665.826674,1090450.794175,366.792967,98.212324,209.452814,30.064997,36.077997,85.184159,23.049831,49.106162,7.015166,8.017333,522.128786,140.303321,298.645640,43.093163,51.110495,3.000000,2.000000,3.000000,0.000000,1.000000,0.000000,1.000000,2.000000,0.000000,1.000000,0.000000,1.000000,3.000000,0.000000,1.000000,1553.000000,438.000000,932.000000,136.000000,161.000000,5.000000,
0.049399,0.998726,0.145738,0.193132,0.292207,0.002167,-205.631492,3.182821,1396042.894088,1161964.434524,2307282.795384,207665.826674,1090450.794175,366.792967,98.212324,209.452814,30.064997,36.077997,85.184159,23.049831,49.106162,7.015166,8.017333,522.128786,140.303321,298.645640,43.093163,51.110495,3.000000,2.000000,3.000000,0.000000,1.000000,0.000000,1.000000,2.000000,0.000000,1.000000,0.000000,1.000000,3.000000,0.000000,1.000000,1553.000000,438.000000,932.000000,136.000000,161.000000,5.000000,
0.049399,0.998726,0.145738,0.193132,0.292207,0.002167,-205.631492,3.182821,1396042.894088,1161964.434524,2307282.795384,207665.826674,1090450.794175,366.792967,98.212324,209.452814,30.064997,36.077997,85.184159,23.049831,49.106162,7.015166,8.017333,522.128786,140.303321,298.645640,43.093163,51.110495,3.000000,2.000000,3.000000,0.000000,1.000000,0.000000,1.000000,2.000000,0.000000,1.000000,0.000000,1.000000,3.000000,0.000000,1.000000,1553.000000,438.000000,932.000000,136.000000,161.000000,5.000000,
0.049399,0.998726,0.145738,0.193132,0.292207,0.002167,-205.631492,3.182821,1396042.894088,1161964.434524,2307282.795384,207665.826674,1090450.794175,366.792967,98.212324,209.452814,30.064997,36.077997,85.184159,23.049831,49.106162,7.015166,8.017333,522.128786,140.303321,298.645640,43.093163,51.110495,3.000000,2.000000,3.000000,0.000000,1.000000,0.000000,1.000000,2.000000,0.000000,1.000000,0.000000,1.000000,3.000000,0.000000,1.000000,1553.000000,438.000000,932.000000,136.000000,161.000000,5.000000,
0.049399,0.998726,0.145738,0.193132,0.292207,0.002167,-205.631492,3.182821,1396042.894088,1161964.434524,2307282.795384,207665.826674,1090450.794175,366.792967,98.212324,209.452814,30.064997,36.077997,85.184159,23.049831,49.106162,7.015166,8.017333,522.128786,140.303321,298.645640,43.093163,51.110495,3.000000,2.000000,3.000000,0.000000,1.000000,0.000000,1.000000,2.000000,0.000000,1.000000,0.000000,1.000000,3.000000,0.000000,1.000000,1553.000000,438.000000,932.000000,136.000000,161.000000,5.000000,
0.049399,0.998726,0.145738,0.193132,0.292207,0.002167,-205.631492,3.182821,1396042.894088,1161964.434524,2307282.795384,207665.826674,1090450.794175,366.792967,98.212324,209.452814,30.064997,36.077997,85.184159,23.049831,49.106162,7.015166,8.017333,522.128786,140.303321,298.645640,43.093163,51.110495,3.000000,2.000000,3.000000,0.000000,1.000000,0.000000,1.000000,2.000000,0.000000,1.000000,0.000000,1.000000,3.000000,0.000000,1.000000,1553.000000,438.000000,932.000000,136.000000,161.000000,5.000000,
0.049399,0.998726,0.145738,0.193132,0.292207,0.002167,-205.631492,3.182821,1396042.894088,1161964.434524,2307282.795384,207665.826674,1090450.794175,366.792967,98.212324,209.452814,30.064997,36.077997,85.184159,23.049831,49.106162,7.015166,8.017333,522.128786,140.303321,298.645640,43.093163,51.110495,3.000000,2.000000,3.000000,0.000000,1.000000,0.000000,1.000000,2.000000,0.000000,1.000000,0.000000,1.000000,3.000000,0.000000,1.000000,1553.000000,438.000000,932.000000,136.000000,161.000000,5.000000,
0.049399,0.998726,0.145738,0.193132,0.292207,0.002167,-205.631492,3.182821,1396042.894088,1161964.434524,2307282.795384,207665.826674,1090450.794175,366.792967,98.212324,209.452814,30.064997,36.077997,85.184159,23.049831,49.106162,7.015166,8.017333,522.128786,140.303321,298.645640,43.093163,51.110495,3.000000,2.000000,3.000000,0.000000,1.000000,0.000000,1.000000,2.000000,0.000000,1.000000,0.000000,1.000000,3.000000,0.000000,1.000000,1553.000000,438.000000,932.000000,136.000000,161.000000,5.000000,
0.049399,0.998726,0.145738,0.193132,0.292207,0.002167,-205.631492,3.182821,1396042.894088,1161964.434524,2307282.795384,207665.826674,1090450.794175,366.792967,98.212324,209.452814,30.064997,36.077997,85.184159,23.049831,49.106162,7.015166,8.017333,522.128786,140.303321,298.645640,43.093163,51.110495,3.000000,2.000000,3.000000,0.000000,1.000000,0.000000,1.000000,2.000000,0.000000,1.000000,0.000000,1.000000,3.000000,0.000000,1.000000,1553.000000,438.000000,932.000000,136.000000,161.000000,5.000000,
0.049438,0.984354,0.144206,0.199332,0.277393,0.002051,-209.203361,3.181909,1396043.006731,1161964.464770,2307282.859817,207665.835945,1090450.805185,366.750552,98.200967,209.428594,30.061521,36.073825,85.174308,23.047166,49.100484,7.014355,8.016406,522.068409,140.287096,298.611105,43.088180,51.104585,3.000000,2.000000,3.000000,0.000000,1.000000,0.000000,1.000000,2.000000,0.000000,1.000000,0.000000,1.000000,3.000000,0.000000,1.000000,1553.000000,438.000000,932.000000,136.000000,161.000000,5.000000,
0.049438,0.984354,0.144206,0.199332,0.277393,0.002051,-209.203361,3.181909,1396043.006731,1161964.464770,2307282.859817,207665.835945,1090450.805185,366.750552,98.200967,209.428594,30.061521,36.073825,85.174308,23.047166,49.100484,7.014355,8.016406,522.068409,140.287096,298.611105,43.088180,51.104585,3.000000,2.000000,3.000000,0.000000,1.000000,0.000000,1.000000,2.000000,0.000000,1.000000,0.000000,1.000000,3.000000,0.000000,1.000000,1553.000000,438.000000,932.000000,136.000000,161.000000,5.000000,
0.049438,0.984354,0.144206,0.199332,0.277393,0.002051,-209.203361,3.181909,1396043.006731,1161964.464770,2307282.859817,207665.835945,1090450.805185,366.750552,98.200967,209.428594,30.061521,36.073825,85.174308,23.047166,49.100484,7.014355,8.016406,522.068409,140.287096,298.611105,43.088180,51.104585,3.000000,2.000000,3.000000,0.000000,1.000000,0.000000,1.000000,2.000000,0.000000,1.000000,0.000000,1.000000,3.000000,0.000000,1.000000,1553.000000,438.000000,932.000000,136.000000,161.000000,5.000000,
0.049438,0.984354,0.144206,0.199332,0.277393,0.002051,-209.203361,3.181909,1396043.006731,1161964.464770,2307282.859817,207665.835945,1090450.805185,366.750552,98.200967,209.428594,30.061521,36.073825,85.174308,23.047166,49.100484,7.014355,8.016406,522.068409,140.287096,298.611105,43.088180,51.104585,3.000000,2.000000,3.000000,0.000000,1.000000,0.000000,1.000000,2.000000,0.000000,1.000000,0.000000,1.000000,3.000000,0.000000,1.000000,1553.000000,438.000000,932.000000,136.000000,161.000000,5.000000,
0.049438,0.984354,0.144206,0.199332,0.277393,0.002051,-209.203361,3.181909,1396043.006731,1161964.464770,2307282.859817,207665.835945,1090450.805185,366.750552,98.200967,209.428594,30.061521,36.073825,85.174308,23.047166,49.100484,7.014355,8.016406,522.068409,140.287096,298.611105,43.088180,51.104585,3.000000,2.000000,3.000000,0.000000,1.000000,0.000000,1.000000,2.000000,0.000000,1.000000,0.000000,1.000000,3.000000,0.000000,1.000000,1553.000000,438.000000,932.000000,136.000000,161.000000,5.000000,
0.049438,0.984354,0.144206,0.199332,0.277393,0.002051,-209.203361,3.181909,1396043.006731,1161964.464770,2307282.859817,207665.835945,1090450.805185,366.750552,98.200967,209.428594,30.061521,36.073825,85.174308,23.047166,49.100484,7.014355,8.016406,522.068409,140.287096,298.611105,43.088180,51.104585,3.000000,2.000000,3.000000,0.000000,1.000000,0.000000,1.000000,2.000000,0.000000,1.000000,0.000000,1.000000,3.000000,0.000000,1.000000,1553.000000,438.000000,932.000000,136.000000,161.000000,5.000000,
0.049438,0.984354,0.144206,0.199332,0.277393,0.002051,-209.203361,3.181909,1396043.006731,1161964.464770,2307282.859817,207665.835945,1090450.805185,366.750552,98.200967,209.428594,30.061521,36.073825,85.174308,23.047166,49.100484,7.014355,8.016406,522.068409,140.287096,298.611105,43.088180,51.104585,3.000000,2.000000,3.000000,0.000000,1.000000,0.000000,1.000000,2.000000,0.000000,1.000000,0.000000,1.000000,3.000000,0.000000,1.000000,1553.000000,438.000000,932.000000,136.000000,161.000000,5.000000,
0.049438,0.984354,0.144206,0.199332,0.277393,0.002051,-209.203361,3.181909,1396043.006731,1161964.464770,2307282.859817,207665.835945,1090450.805185,366.750552,98.200967,209.428594,30.061521,36.073825,85.174308,23.047166,49.100484,7.014355,8.016406,522.068409,140.287096,298.611105,43.088180,51.104585,3.000000,2.000000,3.000000,0.000000,1.000000,0.000000,1.000000,2.000000,0.000000,1.000000,0.000000,1.000000,3.000000,0.000000,1.000000,1553.000000,438.000000,932.000000,136.000000,161.000000,5.000000,
0.049438,0.984354,0.144206,0.199332,0.277393,0.002051,-209.203361,3.181909,1396043.006731,1161964.464770,2307282.859817,207665.835945,1090450.805185,366.750552,98.200967,209.428594,30.061521,36.073825,85.174308,23.047166,49.100484,7.014355,8.016406,522.068409,140.287096,298.611105,43.088180,51.104585,3.000000,2.000000,3.000000,0.000000,1.000000,0.000000,1.000000,2.000000,0.000000,1.000000,0.000000,1.000000,3.000000,0.000000,1.000000,1553.000000,438.000000,932.000000,136.000000,161.000000,5.000000,
0.049438,0.984354,0.144206,0.199332,0.277393,0.002051,-209.203361,3.181909,1396043.006731,1161964.464770,2307282.859817,207665.835945,1090450.805185,366.750552,98.200967,209.428594,30.061521,36.073825,85.174308,23.047166,49.100484,7.014355,8.016406,522.068409,140.287096,298.611105,43.088180,51.104585,3.000000,2.000000,3.000000,0.000000,1.000000,0.000000,1.000000,2.000000,0.000000,1.000000,0.000000,1.000000,3.000000,0.000000,1.000000,1553.000000,438.000000,932.000000,136.000000,161.000000,5.000000,
0.049438,0.984354,0.144206,0.199332,0.277393,0.002051,-209.203361,3.181909,1396043.006731,1161964.464770,2307282.859817,207665.835945,1090450.805185,366.750552,98.200967,209.428594,30.061521,36.073825,85.174308,23.047166,49.100484,7.014355,8.016406,522.068409,140.287096,298.611105,43.088180,51.104585,3.000000,2.000000,3.000000,0.000000,1.000000,0.000000,1.000000,2.000000,0.000000,1.000000,0.000000,1.000000,3.000000,0.000000,1.000000,1553.000000,438.000000,932.000000,136.000000,161.000000,5.000000,
0.049438,0.984354,0.144206,0.199332,0.277393,0.002051,-209.203361,3.181909,1396043.006731,1161964.464770,2307282.859817,207665.835945,1090450.805185,366.750552,98.200967,209.428594,30.061521,36.073825,85.174308,23.047166,49.100484,7.014355,8.016406,522.068409,140.287096,298.611105,43.088180,51.104585,3.000000,2.000000,3.000000,0.000000,1.000000,0.000000,1.000000,2.000000,0.000000,1.000000,0.000000,1.000000,3.000000,0.000000,1.000000,1553.000000,438.000000,932.000000,136.000000,161.000000,5.000000,
0.049387,0.990682,0.148211,0.197194,0.267996,0.001146,-207.556734,3.187579,1396043.886171,1161964.700916,2307283.362871,207665.908327,1090450.891138,366.419405,98.112300,209.239496,30.034377,36.041253,85.097403,23.026356,49.056150,7.008021,8.009167,521.597022,140.160428,298.341483,43.049274,51.058442,3.000000,2.000000,3.000000,0.000000,1.000000,0.000000,1.000000,2.000000,0.000000,1.000000,0.000000,1.000000,3.000000,0.000000,1.000000,1553.000000,438.000000,932.000000,136.000000,161.000000,5.000000,
0.049387,0.990682,0.148211,0.197194,0.267996,0.001146,-207.556734,3.187579,1396043.886171,1161964.700916,2307283.362871,207665.908327,1090450.891138,366.419405,98.112300,209.239496,30.034377,36.041253,85.097403,23.026356,49.056150,7.008021,8.009167,521.597022,140.160428,298.341483,43.049274,51.058442,3.000000,2.000000,3.000000,0.000000,1.000000,0.000000,1.000000,2.000000,0.000000,1.000000,0.000000,1.000000,3.000000,0.000000,1.000000,1553.000000,438.000000,932.000000,136.000000,161.000000,5.000000,
0.049387,0.990682,0.148211,0.197194,0.267996,0.001146,-207.556734,3.187579,1396043.886171,1161964.700916,2307283.362871,207665.908327,1090450.891138,366.419405,98.112300,209.239496,30.034377,36.041253,85.097403,23.026356,49.056150,7.008021,8.009167,521.597022,140.160428,298.341483,43.049274,51.058442,3.000000,2.000000,3.000000,0.000000,1.000000,0.000000,1.000000,2.000000,0.000000,1.000000,0.000000,1.000000,3.000000,0.000000,1.000000,1553.000000,438.000000,932.000000,136.000000,161.000000,5.000000,
0.049377,0.985883,0.147417,0.204283,0.253449,0.000800,-208.998558,3.185186,1396044.222882,1161964.791329,2307283.555476,207665.936040,1090450.924047,366.292618,98.078351,209.167096,30.023985,36.028782,85.067958,23.018389,49.039176,7.005597,8.006396,521.416542,140.111931,298.238252,43.034379,51.040775,3.000000,2.000000,3.000000,0.000000,1.000000,0.000000,1.000000,2.000000,0.000000,1.000000,0.000000,1.000000,3.000000,0.000000,1.000000,1553.000000,438.000000,932.000000,136.000000,161.000000,5.000000,
0.049377,0.985883,0.147417,0.204283,0.253449,0.000800,-208.998558,3.185186,1396044.222882,1161964.791329,2307283.555476,207665.936040,1090450.924047,366.292618,98.078351,209.167096,30.023985,36.028782,85.067958,23.018389,49.039176,7.005597,8.006396,521.416542,140.111931,298.238252,43.034379,51.040775,3.000000,2.000000,3.000000,0.000000,1.000000,0.000000,1.000000,2.000000,0.000000,1.000000,0.000000,1.000000,3.000000,0.000000,1.000000,1553.000000,438.000000,932.000000,136.000000,161.000000,5.000000,
0.049377,0.985883,0.147417,0.204283,0.253449,0.000800,-208.998558,3.185186,1396044.222882,1161964.791329,2307283.555476,207665.936040,1090450.924047,366.292618,98.078351,209.167096,30.023985,36.028782,85.067958,23.018389,49.039176,7.005597,8.006396,521.416542,140.111931,298.238252,43.034379,51.040775,3.000000,2.000000,3.000000,0.000000,1.000000,0.000000,1.000000,2.000000,0.000000,1.000000,0.000000,1.000000,3.000000,0.000000,1.000000,1553.000000,438.000000,932.000000,136.000000,161.000000,5.000000,
0.049377,0.985883,0.147417,0.204283,0.253449,0.000800,-208.998558,3.185186,1396044.222882,1161964.791329,2307283.555476,207665.936040,1090450.924047,366.292618,98.078351,209.167096,30.023985,36.028782,85.067958,23.018389,49.039176,7.005597,8.006396,521.416542,140.111931,298.238252,43.034379,51.040775,3.000000,2.000000,3.000000,0.000000,1.000000,0.000000,1.000000,2.000000,0.000000,1.000000,0.000000,1.000000,3.000000,0.000000,1.000000,1553.000000,438.000000,932.000000,136.000000,161.000000,5.000000,
0.049377,0.985883,0.147417,0.204283,0.253449,0.000800,-208.998558,3.185186,1396044.222882,1161964.791329,2307283.555476,207665.936040,1090450.924047,366.292618,98.078351,209.167096,30.023985,36.028782,85.067958,23.018389,49.039176,7.005597,8.006396,521.416542,140.111931,298.238252,43.034379,51.040775,3.000000,2.000000,3.000000,0.000000,1.000000,0.000000,1.000000,2.000000,0.000000,1.000000,0.000000,1.000000,3.000000,0.000000,1.000000,1553.000000,438.000000,932.000000,136.000000,161.000000,5.000000,
0.049377,0.985883,0.147417,0.204283,0.253449,0.000800,-208.998558,3.185186,1396044.222882,1161964.791329,2307283.555476,207665.936040,1090450.924047,366.292618,98.078351,209.167096,30.023985,36.028782,85.067958,23.018389,49.039176,7.005597,8.006396,521.416542,140.111931,298.238252,43.034379,51.040775,3.000000,2.000000,3.000000,0.000000,1.000000,0.000000,1.000000,2.000000,0.000000,1.000000,0.000000,1.000000,3.000000,0.000000,1.000000,1553.000000,438.000000,932.000000,136.000000,161.000000,5.000000,
0.049320,0.994623,0.147436,0.221364,0.225170,0.000348,-207.295963,3.181538,1396044.662032,1161964.909249,2307283.806676,207665.972184,1090450.966968,366.127260,98.034075,209.072670,30.010431,36.012517,85.029555,23.007997,49.017038,7.002434,8.002782,521.181154,140.048679,298.103616,43.014951,51.017733,3.000000,2.000000,3.000000,0.000000,1.000000,0.000000,1.000000,2.000000,0.000000,1.000000,0.000000,1.000000,3.000000,0.000000,1.000000,1553.000000,438.000000,932.000000,136.000000,161.000000,5.000000,
0.049320,0.994623,0.147436,0.221364,0.225170,0.000348,-207.295963,3.181538,1396044.662032,1161964.909249,2307283.806676,207665.972184,1090450.966968,366.127260,98.034075,209.072670,30.010431,36.012517,85.029555,23.007997,49.017038,7.002434,8.002782,521.181154,140.048679,298.103616,43.014951,51.017733,3.000000,2.000000,3.000000,0.000000,1.000000,0.000000,1.000000,2.000000,0.000000,1.000000,0.000000,1.000000,3.000000,0.000000,1.000000,1553.000000,438.000000,932.000000,136.000000,161.000000,5.000000,
0.049320,0.994623,0.147436,0.221364,0.225170,0.000348,-207.295963,3.181538,1396044.662032,1161964.909249,2307283.806676,207665.972184,1090450.966968,366.127260,98.034075,209.072670,30.010431,36.012517,85.029555,23.007997,49.017038,7.002434,8.002782,521.181154,140.048679,298.103616,43.014951,51.017733,3.000000,2.000000,3.000000,0.000000,1.000000,0.000000,1.000000,2.000000,0.000000,1.000000,0.000000,1.000000,3.000000,0.000000,1.000000,1553.000000,438.000000,932.000000,136.000000,161.000000,5.000000,
0.049320,0.994623,0.147436,0.221364,0.225170,0.000348,-207.295963,3.181538,1396044.662032,1161964.909249,2307283.806676,207665.972184,1090450.966968,366.127260,98.034075,209.072670,30.010431,36.012517,85.029555,23.007997,49.017038,7.002434,8.002782,521.181154,140.048679,298.103616,43.014951,51.017733,3.000000,2.000000,3.000000,0.000000,1.000000,0.000000,1.000000,2.000000,0.000000,1.000000,0.000000,1.000000,3.000000,0.000000,1.000000,1553.000000,438.000000,932.000000,136.000000,161.000000,5.000000,
0.049320,0.994623,0.147436,0.221364,0.225170,0.000348,-207.295963,3.181538,1396044.662032,1161964.909249,2307283.806676,207665.972184,1090450.966968,366.127260,98.034075,209.072670,30.010431,36.012517,85.029555,23.007997,49.017038,7.002434,8.002782,521.181154,140.048679,298.103616,43.014951,51.017733,3.000000,2.000000,3.000000,0.000000,1.000000,0.000000,1.000000,2.000000,0.000000,1.000000,0.000000,1.000000,3.000000,0.000000,1.000000,1553.000000,438.000000,932.000000,136.000000,161.000000,5.000000,
0.049320,0.994623,0.147436,0.221364,0.225170,0.000348,-207.295963,3.181538,1396044.662032,1161964.909249,2307283.806676,207665.972184,1090450.966968,366.127260,98.034075,209.072670,30.010431,36.012517,85.029555,23.007997,49.017038,7.002434,8.002782,521.181154,140.048679,298.103616,43.014951,51.017733,3.000000,2.000000,3.000000,0.000000,1.000000,0.000000,1.000000,2.000000,0.000000,1.000000,0.000000,1.000000,3.000000,0.000000,1.000000,1553.000000,438.000000,932.000000,136.000000,161.000000,5.000000,
0.049320,0.994623,0.147436,0.221364,0.225170,0.000348,-207.295963,3.181538,1396044.662032,1161964.909249,2307283.806676,207665.972184,1090450.966968,366.127260,98.034075,209.072670,30.010431,36.012517,85.029555,23.007997,49.017038,7.002434,8.002782,521.181154,140.048679,298.103616,43.014951,51.017733,3.000000,2.000000,3.000000,0.000000,1.000000,0.000000,1.000000,2.000000,0.000000,1.000000,0.000000,1.000000,3.000000,0.000000,1.000000,1553.000000,438.000000,932.000000,136.000000,161.000000,5.000000,
0.049320,0.994623,0.147436,0.221364,0.225170,0.000348,-207.295963,3.181538,1396044.662032,1161964.909249,2307283.806676,207665.972184,1090450.966968,366.127260,98.034075,209.072670,30.010431,36.012517,85.029555,23.007997,49.017038,7.002434,8.002782,521.181154,140.048679,298.103616,43.014951,51.017733,3.000000,2.000000,3.000000,0.000000,1.000000,0.000000,1.000000,2.000000,0.000000,1.000000,0.000000,1.000000,3.000000,0.000000,1.000000,1553.000000,438.000000,932.000000,136.000000,161.000000,5.000000,
0.049320,0.994623,0.147436,0.221364,0.225170,0.000348,-207.295963,3.181538,1396044.662032,1161964.909249,2307283.806676,207665.972184,1090450.966968,366.127260,98.034075,209.072670,30.010431,36.012517,85.029555,23.007997,49.017038,7.002434,8.002782,521.181154,140.048679,298.103616,43.014951,51.017733,3.000000,2.000000,3.000000,0.000000,1.000000,0.000000,1.000000,2.000000,0.000000,1.000000,0.000000,1.000000,3.000000,0.000000,1.000000,1553.000000,438.000000,932.000000,136.000000,161.000000,5.000000,
0.049320,0.994623,0.147436,0.221364,0.225170,0.000348,-207.295963,3.181538,1396044.662032,1161964.909249,2307283.806676,207665.972184,1090450.966968,366.127260,98.034075,209.072670,30.010431,36.012517,85.029555,23.007997,49.017038,7.002434,8.002782,521.181154,140.048679,298.103616,43.014951,51.017733,3.000000,2.000000,3.000000,0.000000,1.000000,0.000000,1.000000,2.000000,0.000000,1.000000,0.000000,1.000000,3.000000,0.000000,1.000000,1553.000000,438.000000,932.000000,136.000000,161.000000,5.000000,
0.049320,0.994623,0.147436,0.221364,0.225170,0.000348,-207.295963,3.181538,1396044.662032,1161964.909249,2307283.806676,207665.972184,1090450.966968,366.127260,98.034075,209.072670,30.010431,36.012517,85.029555,23.007997,49.017038,7.002434,8.002782,521.181154,140.048679,298.103616,43.014951,51.017733,3.000000,2.000000,3.000000,0.000000,1.000000,0.000000,1.000000,2.000000,0.000000,1.000000,0.000000,1.000000,3.000000,0.000000,1.000000,1553.000000,438.000000,932.000000,136.000000,161.000000,5.000000,
0.049320,0.994623,0.147436,0.221364,0.225170,0.000348,-207.295963,3.181538,1396044.662032,1161964.909249,2307283.806676,207665.972184,1090450.966968,366.127260,98.034075,209.072670,30.010431,36.012517,85.029555,23.007997,49.017038,7.002434,8.002782,521.181154,140.048679,298.103616,43.014951,51.017733,3.000000,2.000000,3.000000,0.000000,1.000000,0.000000,1.000000,2.000000,0.000000,1.000000,0.000000,1.000000,3.000000,0.000000,1.000000,1553.000000,438.000000,932.000000,136.000000,161.000000,5.000000,
0.049320,0.994623,0.147436,0.221364,0.225170,0.000348,-207.295963,3.181538,1396044.662032,1161964.909249,2307283.806676,207665.972184,1090450.966968,366.127260,98.034075,209.072670,30.010431,36.012517,85.029555,23.007997,49.017038,7.002434,8.002782,521.181154,140.048679,298.103616,43.014951,51.017733,3.000000,2.000000,3.000000,0.000000,1.000000,0.000000,1.000000,2.000000,0.000000,1.000000,0.000000,1.000000,3.000000,0.000000,1.000000,1553.000000,438.000000,932.000000,136.000000,161.000000,5.000000,
0.049320,0.994623,0.147436,0.221364,0.225170,0.000348,-207.295963,3.181538,1396044.662032,1161964.909249,2307283.806676,207665.972184,1090450.966968,366.127260,98.034075,209.072670,30.010431,36.012517,85.029555,23.007997,49.017038,7.002434,8.002782,521.181154,140.048679,298.103616,43.014951,51.017733,3.000000,2.000000,3.000000,0.000000,1.000000,0.000000,1.000000,2.000000,0.000000,1.000000,0.000000,1.000000,3.000000,0.000000,1.000000,1553.000000,438.000000,932.000000,136.000000,161.000000,5.000000,
0.049320,0.994623,0.147436,0.221364,0.225170,0.000348,-207.295963,3.181538,1396044.662032,1161964.909249,2307283.806676,207665.972184,1090450.966968,366.127260,98.034075,209.072670,30.010431,36.012517,85.029555,23.007997,49.017038,7.002434,8.002782,521.181154,140.048679,298.103616,43.014951,51.017733,3.000000,2.000000,3.000000,0.000000,1.000000,0.000000,1.000000,2.000000,0.000000,1.000000,0.000000,1.000000,3.000000,0.000000,1.000000,1553.000000,438.000000,932.000000,136.000000,161.000000,5.000000,
0.049320,0.994623,0.147436,0.221364,0.225170,0.000348,-207.295963,3.181538,1396044.662032,1161964.909249,2307283.806676,207665.972184,1090450.966968,366.127260,98.034075,209.072670,30.010431,36.012517,85.029555,23.007997,49.017038,7.002434,8.002782,521.181154,140.048679,298.103616,43.014951,51.017733,3.000000,2.000000,3.000000,0.000000,1.000000,0.000000,1.000000,2.000000,0.000000,1.000000,0.000000,1.000000,3.000000,0.000000,1.000000,1553.000000,438.000000,932.000000,136.000000,161.000000,5.000000,
0.049320,0.994623,0.147436,0.221364,0.225170,0.000348,-207.295963,3.181538,1396044.662032,1161964.909249,2307283.806676,207665.972184,1090450.966968,366.127260,98.034075,209.072670,30.010431,36.012517,85.029555,23.007997,49.017038,7.002434,8.002782,521.181154,140.048679,298.103616,43.014951,51.017733,3.000000,2.000000,3.000000,0.000000,1.000000,0.000000,1.000000,2.000000,0.000000,1.000000,0.000000,1.000000,3.000000,0.000000,1.000000,1553.000000,438.000000,932.000000,136.000000,161.000000,5.000000,
0.049320,0.994623,0.147436,0.221364,0.225170,0.000348,-207.295963,3.181538,1396044.662032,1161964.909249,2307283.806676,207665.972184,1090450.966968,366.127260,98.034075,209.072670,30.010431,36.012517,85.029555,23.007997,49.017038,7.002434,8.002782,521.181154,140.048679,298.103616,43.014951,51.017733,3.000000,2.000000,3.000000,0.000000,1.000000,0.000000,1.000000,2.000000,0.000000,1.000000,0.000000,1.000000,3.000000,0.000000,1.000000,1553.000000,438.000000,932.000000,136.000000,161.000000,5.000000,
0.049320,0.994623,0.147436,0.221364,0.225170,0.000348,-207.295963,3.181538,1396044.662032,1161964.909249,2307283.806676,207665.972184,1090450.966968,366.127260,98.034075,209.072670,30.010431,36.012517,85.029555,23.007997,49.017038,7.002434,8.002782,521.181154,140.048679,298.103616,43.014951,51.017733,3.000000,2.000000,3.000000,0.000000,1.000000,0.000000,1.000000,2.000000,0.000000,1.000000,0.000000,1.000000,3.000000,0.000000,1.000000,1553.000000,438.000000,932.000000,136.000000,161.000000,5.000000,
0.049320,0.994623,0.147436,0.221364,0.225170,0.000348,-207.295963,3.181538,1396044.662032,1161964.909249,2307283.806676,207665.972184,1090450.966968,366.127260,98.034075,209.072670,30.010431,36.012517,85.029555,23.007997,49.017038,7.002434,8.002782,521.181154,140.048679,298.103616,43.014951,51.017733,3.000000,2.000000,3.000000,0.000000,1.000000,0.000000,1.000000,2.000000,0.000000,1.000000,0.000000,1.000000,3.000000,0.000000,1.000000,1553.000000,438.000000,932.000000,136.000000,161.000000,5.000000,
0.049320,0.994623,0.147436,0.221364,0.225170,0.000348,-207.295963,3.181538,1396044.662032,1161964.909249,2307283.806676,207665.972184,1090450.966968,366.127260,98.034075,209.072670,30.010431,36.012517,85.029555,23.007997,49.017038,7.002434,8.002782,521.181154,140.048679,298.103616,43.014951,51.017733,3.000000,2.000000,3.000000,0.000000,1.000000,0.000000,1.000000,2.000000,0.000000,1.000000,0.000000,1.000000,3.000000,0.000000,1.000000,1553.000000,438.000000,932.000000,136.000000,161.000000,5.000000,
0.049320,0.994623,0.147436,0.221364,0.225170,0.000348,-207.295963,3.181538,1396044.662032,1161964.909249,2307283.806676,207665.972184,1090450.966968,366.127260,98.034075,209.072670,30.010431,36.012517,85.029555,23.007997,49.017038,7.002434,8.002782,521.181154,140.048679,298.103616,43.014951,51.017733,3.000000,2.000000,3.000000,0.000000,1.000000,0.000000,1.000000,2.000000,0.000000,1.000000,0.000000,1.000000,3.000000,0.000000,1.000000,1553.000000,438.000000,932.000000,136.000000,161.000000,5.000000,
0.049320,0.994623,0.147436,0.221364,0.225170,0.000348,-207.295963,3.181538,1396044.662032,1161964.909249,2307283.806676,207665.972184,1090450.966968,366.127260,98.034075,209.072670,30.010431,36.012517,85.029555,23.007997,49.017038,7.002434,8.002782,521.181154,140.048679,298.103616,43.014951,51.017733,3.000000,2.000000,3.000000,0.000000,1.000000,0.000000,1.000000,2.000000,0.000000,1.000000,0.000000,1.000000,3.000000,0.000000,1.000000,1553.000000,438.000000,932.000000,136.000000,161.000000,5.000000,
0.049294,0.994844,0.148939,0.217131,0.230206,0.000240,-207.405562,3.183178,1396044.766365,1161964.937265,2307283.866357,207665.980771,1090450.977165,366.087974,98.023556,209.050236,30.007211,36.008653,85.020431,23.005528,49.011778,7.001683,8.001923,521.125231,140.033651,298.071629,43.010336,51.012259,3.000000,2.000000,3.000000,0.000000,1.000000,0.000000,1.000000,2.000000,0.000000,1.000000,0.000000,1.000000,3.000000,0.000000,1.000000,1553.000000,438.000000,932.000000,136.000000,161.000000,5.000000,
0.049294,0.994844,0.148939,0.217131,0.230206,0.000240,-207.405562,3.183178,1396044.766365,1161964.937265,2307283.866357,207665.980771,1090450.977165,366.087974,98.023556,209.050236,30.007211,36.008653,85.020431,23.005528,49.011778,7.001683,8.001923,521.125231,140.033651,298.071629,43.010336,51.012259,3.000000,2.000000,3.000000,0.000000,1.000000,0.000000,1.000000,2.000000,0.000000,1.000000,0.000000,1.000000,3.000000,0.000000,1.000000,1553.000000,438.000000,932.000000,136.000000,161.000000,5.000000,
0.049294,0.994844,0.148939,0.217131,0.230206,0.000240,-207.405562,3.183178,1396044.766365,1161964.937265,2307283.866357,207665.980771,1090450.977165,366.087974,98.023556,209.050236,30.007211,36.008653,85.020431,23.005528,49.011778,7.001683,8.001923,521.125231,140.033651,298.071629,43.010336,51.012259,3.000000,2.000000,3.000000,0.000000,1.000000,0.000000,1.000000,2.000000,0.000000,1.000000,0.000000,1.000000,3.000000,0.000000,1.000000,1553.000000,438.000000,932.000000,136.000000,161.000000,5.000000,
0.049294,0.994844,0.148939,0.217131,0.230206,0.000240,-207.405562,3.183178,1396044.766365,1161964.937265,2307283.866357,207665.980771,1090450.977165,366.087974,98.023556,209.050236,30.007211,36.008653,85.020431,23.005528,49.011778,7.001683,8.001923,521.125231,140.033651,298.071629,43.010336,51.012259,3.000000,2.000000,3.000000,0.000000,1.000000,0.000000,1.000000,2.000000,0.000000,1.000000,0.000000,1.000000,3.000000,0.000000,1.000000,1553.000000,438.000000,932.000000,136.000000,161.000000,5.000000,
0.049294,0.994844,0.148939,0.217131,0.230206,0.000240,-207.405562,3.183178,1396044.766365,1161964.937265,2307283.866357,207665.980771,1090450.977165,366.087974,98.023556,209.050236,30.007211,36.008653,85.020431,23.005528,49.011778,7.001683,8.001923,521.125231,140.033651,298.071629,43.010336,51.012259,3.000000,2.000000,3.000000,0.000000,1.000000,0.000000,1.000000,2.000000,0.000000,1.000000,0.000000,1.000000,3.000000,0.000000,1.000000,1553.000000,438.000000,932.000000,136.000000,161.000000,5.000000,
0.049294,0.994844,0.148939,0.217131,0.230206,0.000240,-207.405562,3.183178,1396044.766365,1161964.937265,2307283.866357,207665.980771,1090450.977165,366.087974,98.023556,209.050236,30.007211,36.008653,85.020431,23.005528,49.011778,7.001683,8.001923,521.125231,140.033651,298.071629,43.010336,51.012259,3.000000,2.000000,3.000000,0.000000,1.000000,0.000000,1.000000,2.000000,0.000000,1.000000,0.000000,1.000000,3.000000,0.000000,1.000000,1553.000000,438.000000,932.000000,136.000000,161.000000,5.000000,
0.049294,0.994844,0.148939,0.217131,0.230206,0.000240,-207.405562,3.183178,1396044.766365,1161964.937265,2307283.866357,207665.980771,1090450.977165,366.087974,98.023556,209.050236,30.007211,36.008653,85.020431,23.005528,49.011778,7.001683,8.001923,521.125231,140.033651,298.071629,43.010336,51.012259,3.000000,2.000000,3.000000,0.000000,1.000000,0.000000,1.000000,2.000000,0.000000,1.000000,0.000000,1.000000,3.000000,0.000000,1.000000,1553.000000,438.000000,932.000000,136.000000,161.000000,5.000000,
0.049294,0.994844,0.148939,0.217131,0.230206,0.000240,-207.405562,3.183178,1396044.766365,1161964.937265,2307283.866357,207665.980771,1090450.977165,366.087974,98.023556,209.050236,30.007211,36.008653,85.020431,23.005528,49.011778,7.001683,8.001923,521.125231,140.033651,298.071629,43.010336,51.012259,3.000000,2.000000,3.000000,0.000000,1.000000,0.000000,1.000000,2.000000,0.000000,1.000000,0.000000,1.000000,3.000000,0.000000,1.000000,1553.000000,438.000000,932.000000,136.000000,161.000000,5.000000,
0.049294,0.994844,0.148939,0.217131,0.230206,0.000240,-207.405562,3.183178,1396044.766365,1161964.937265,2307283.866357,207665.980771,1090450.977165,366.087974,98.023556,209.050236,30.007211,36.008653,85.020431,23.005528,49.011778,7.001683,8.001923,521.125231,140.033651,298.071629,43.010336,51.012259,3.000000,2.000000,3.000000,0.000000,1.000000,0.000000,1.000000,2.000000,0.000000,1.000000,0.000000,1.000000,3.000000,0.000000,1.000000,1553.000000,438.000000,932.000000,136.000000,161.000000,5.000000,
0.049294,0.994844,0.148939,0.217131,0.230206,0.000240,-207.405562,3.183178,1396044.766365,1161964.937265,2307283.866357,207665.980771,1090450.977165,366.087974,98.023556,209.050236,30.007211,36.008653,85.020431,23.005528,49.011778,7.001683,8.001923,521.125231,140.033651,298.071629,43.010336,51.012259,3.000000,2.000000,3.000000,0.000000,1.000000,0.000000,1.000000,2.000000,0.000000,1.000000,0.000000,1.000000,3.000000,0.000000,1.000000,1553.000000,438.000000,932.000000,136.000000,161.000000,5.000000,
0.049294,0.994844,0.148939,0.217131,0.230206,0.000240,-207.405562,3.183178,1396044.766365,1161964.937265,2307283.866357,207665.980771,1090450.977165,366.087974,98.023556,209.050236,30.007211,36.008653,85.020431,23.005528,49.011778,7.001683,8.001923,521.125231,140.033651,298.071629,43.010336,51.012259,3.000000,2.000000,3.000000,0.000000,1.000000,0.000000,1.000000,2.000000,0.000000,1.000000,0.000000,1.000000,3.000000,0.000000,1.000000,1553.000000,438.000000,932.000000,136.000000,161.000000,5.000000,
0.049294,0.994844,0.148939,0.217131,0.230206,0.000240,-207.405562,3.183178,1396044.766365,1161964.937265,2307283.866357,207665.980771,1090450.977165,366.087974,98.023556,209.050236,30.007211,36.008653,85.020431,23.005528,49.011778,7.001683,8.001923,521.125231,140.033651,298.071629,43.010336,51.012259,3.000000,2.000000,3.000000,0.000000,1.000000,0.000000,1.000000,2.000000,0.000000,1.000000,0.000000,1.000000,3.000000,0.000000,1.000000,1553.000000,438.000000,932.000000,136.000000,161.000000,5.000000,
0.049294,0.994844,0.148939,0.217131,0.230206,0.000240,-207.405562,3.183178,1396044.766365,1161964.937265,2307283.866357,207665.980771,1090450.977165,366.087974,98.023556,209.050236,30.007211,36.008653,85.020431,23.005528,49.011778,7.001683,8.001923,521.125231,140.033651,298.071629,43.010336,51.012259,3.000000,2.000000,3.000000,0.000000,1.000000,0.000000,1.000000,2.000000,0.000000,1.000000,0.000000,1.000000,3.000000,0.000000,1.000000,1553.000000,438.000000,932.000000,136.000000,161.000000,5.000000,
0.049294,0.994844,0.148939,0.217131,0.230206,0.000240,-207.405562,3.183178,1396044.766365,1161964.937265,2307283.866357,207665.980771,1090450.977165,366.087974,98.023556,209.050236,30.007211,36.008653,85.020431,23.005528,49.011778,7.001683,8.001923,521.125231,140.033651,298.071629,43.010336,51.012259,3.000000,2.000000,3.000000,0.000000,1.000000,0.000000,1.000000,2.000000,0.000000,1.000000,0.000000,1.000000,3.000000,0.000000,1.000000,1553.000000,438.000000,932.000000,136.000000,161.000000,5.000000,
0.049294,0.994844,0.148939,0.217131,0.230206,0.000240,-207.405562,3.183178,1396044.766365,1161964.937265,2307283.866357,207665.980771,1090450.977165,366.087974,98.023556,209.050236,30.007211,36.008653,85.020431,23.005528,49.011778,7.001683,8.001923,521.125231,140.033651,298.071629,43.010336,51.012259,3.000000,2.000000,3.000000,0.000000,1.000000,0.000000,1.000000,2.000000,0.000000,1.000000,0.000000,1.000000,3.000000,0.000000,1.000000,1553.000000,438.000000,932.000000,136.000000,161.000000,5.000000,
0.049294,0.994844,0.148939,0.217131,0.230206,0.000240,-207.405562,3.183178,1396044.766365,1161964.937265,2307283.866357,207665.980771,1090450.977165,366.087974,98.023556,209.050236,30.007211,36.008653,85.020431,23.005528,49.011778,7.001683,8.001923,521.125231,140.033651,298.071629,43.010336,51.012259,3.000000,2.000000,3.000000,0.000000,1.000000,0.000000,1.000000,2.000000,0.000000,1.000000,0.000000,1.000000,3.000000,0.000000,1.000000,1553.000000,438.000000,932.000000,136.000000,161.000000,5.000000,
0.049294,0.994844,0.148939,0.217131,0.230206,0.000240,-207.405562,3.183178,1396044.766365,1161964.937265,2307283.866357,207665.980771,1090450.977165,366.087974,98.023556,209.050236,30.007211,36.008653,85.020431,23.005528,49.011778,7.001683,8.001923,521.125231,140.033651,298.071629,43.010336,51.012259,3.000000,2.000000,3.000000,0.000000,1.000000,0.000000,1.000000,2.000000,0.000000,1.000000,0.000000,1.000000,3.000000,0.000000,1.000000,1553.000000,438.000000,932.000000,136.000000,161.000000,5.000000,
0.049294,0.994844,0.148939,0.217131,0.230206,0.000240,-207.405562,3.183178,1396044.766365,1161964.937265,2307283.866357,207665.980771,1090450.977165,366.087974,98.023556,209.050236,30.007211,36.008653,85.020431,23.005528,49.011778,7.001683,8.001923,521.125231,140.033651,298.071629,43.010336,51.012259,3.000000,2.000000,3.000000,0.000000,1.000000,0.000000,1.000000,2.000000,0.000000,1.000000,0.000000,1.000000,3.000000,0.000000,1.000000,1553.000000,438.000000,932.000000,136.000000,161.000000,5.000000,
0.049294,0.994844,0.148939,0.217131,0.230206,0.000240,-207.405562,3.183178,1396044.766365,1161964.937265,2307283.866357,207665.980771,1090450.977165,366.087974,98.023556,209.050236,30.007211,36.008653,85.020431,23.005528,49.011778,7.001683,8.001923,521.125231,140.033651,298.071629,43.010336,51.012259,3.000000,2.000000,3.000000,0.000000,1.000000,0.000000,1.000000,2.000000,0.000000,1.000000,0.000000,1.000000,3.000000,0.000000,1.000000,1553.000000,438.000000,932.000000,136.000000,161.000000,5.000000,
0.049294,0.994844,0.148939,0.217131,0.230206,0.000240,-207.405562,3.183178,1396044.766365,1161964.937265,2307283.866357,207665.980771,1090450.977165,366.087974,98.023556,209.050236,30.007211,36.008653,85.020431,23.005528,49.011778,7.001683,8.001923,521.125231,140.033651,298.071629,43.010336,51.012259,3.000000,2.000000,3.000000,0.000000,1.000000,0.000000,1.000000,2.000000,0.000000,1.000000,0.000000,1.000000,3.000000,0.000000,1.000000,1553.000000,438.000000,932.000000,136.000000,161.000000,5.000000,
0.049294,0.994844,0.148939,0.217131,0.230206,0.000240,-207.405562,3.183178,1396044.766365,1161964.937265,2307283.866357,207665.980771,1090450.977165,366.087974,98.023556,209.050236,30.007211,36.008653,85.020431,23.005528,49.011778,7.001683,8.001923,521.125231,140.033651,298.071629,43.010336,51.012259,3.000000,2.000000,3.000000,0.000000,1.000000,0.000000,1.000000,2.000000,0.000000,1.000000,0.000000,1.000000,3.000000,0.000000,1.000000,1553.000000,438.000000,932.000000,136.000000,161.000000,5.000000,
0.049294,0.994844,0.148939,0.217131,0.230206,0.000240,-207.405562,3.183178,1396044.766365,1161964.937265,2307283.866357,207665.980771,1090450.977165,366.087974,98.023556,209.050236,30.007211,36.008653,85.020431,23.005528,49.011778,7.001683,8.001923,521.125231,140.033651,298.071629,43.010336,51.012259,3.000000,2.000000,3.000000,0.000000,1.000000,0.000000,1.000000,2.000000,0.000000,1.000000,0.000000,1.000000,3.000000,0.000000,1.000000,1553.000000,438.000000,932.000000,136.000000,161.000000,5.000000,
0.049294,0.994844,0.148939,0.217131,0.230206,0.000240,-207.405562,3.183178,1396044.766365,1161964.937265,2307283.866357,207665.980771,1090450.977165,366.087974,98.023556,209.050236,30.007211,36.008653,85.020431,23.005528,49.011778,7.001683,8.001923,521.125231,140.033651,298.071629,43.010336,51.012259,3.000000,2.000000,3.000000,0.000000,1.000000,0.000000,1.000000,2.000000,0.000000,1.000000,0.000000,1.000000,3.000000,0.000000,1.000000,1553.000000,438.000000,932.000000,136.000000,161.000000,5.000000,
0.049294,0.994844,0.148939,0.217131,0.230206,0.000240,-207.405562,3.183178,1396044.766365,1161964.937265,2307283.866357,207665.980771,1090450.977165,366.087974,98.023556,209.050236,30.007211,36.008653,85.020431,23.005528,49.011778,7.001683,8.001923,521.125231,140.033651,298.071629,43.010336,51.012259,3.000000,2.000000,3.000000,0.000000,1.000000,0.000000,1.000000,2.000000,0.000000,1.000000,0.000000,1.000000,3.000000,0.000000,1.000000,1553.000000,438.000000,932.000000,136.000000,161.000000,5.000000,
0.049294,0.994844,0.148939,0.217131,0.230206,0.000240,-207.405562,3.183178,1396044.766365,1161964.937265,2307283.866357,207665.980771,1090450.977165,366.087974,98.023556,209.050236,30.007211,36.008653,85.020431,23.005528,49.011778,7.001683,8.001923,521.125231,140.033651,298.071629,43.010336,51.012259,3.000000,2.000000,3.000000,0.000000,1.000000,0.000000,1.000000,2.000000,0.000000,1.000000,0.000000,1.000000,3.000000,0.000000,1.000000,1553.000000,438.000000,932.000000,136.000000,161.000000,5.000000,
0.049294,0.994844,0.148939,0.217131,0.230206,0.000240,-207.405562,3.183178,1396044.766365,1161964.937265,2307283.866357,207665.980771,1090450.977165,366.087974,98.023556,209.050236,30.007211,36.008653,85.020431,23.005528,49.011778,7.001683,8.001923,521.125231,140.033651,298.071629,43.010336,51.012259,3.000000,2.000000,3.000000,0.000000,1.000000,0.000000,1.000000,2.000000,0.000000,1.000000,0.000000,1.000000,3.000000,0.000000,1.000000,1553.000000,438.000000,932.000000,136.000000,161.000000,5.000000,
0.049294,0.994844,0.148939,0.217131,0.230206,0.000240,-207.405562,3.183178,1396044.766365,1161964.937265,2307283.866357,207665.980771,1090450.977165,366.087974,98.023556,209.050236,30.007211,36.008653,85.020431,23.005528,49.011778,7.001683,8.001923,521.125231,140.033651,298.071629,43.010336,51.012259,3.000000,2.000000,3.000000,0.000000,1.000000,0.000000,1.000000,2.000000,0.000000,1.000000,0.000000,1.000000,3.000000,0.000000,1.000000,1553.000000,438.000000,932.000000,136.000000,161.000000,5.000000,
0.049294,0.994844,0.148939,0.217131,0.230206,0.000240,-207.405562,3.183178,1396044.766365,1161964.937265,2307283.866357,207665.980771,1090450.977165,366.087974,98.023556,209.050236,30.007211,36.008653,85.020431,23.005528,49.011778,7.001683,8.001923,521.125231,140.033651,298.071629,43.010336,51.012259,3.000000,2.000000,3.000000,0.000000,1.000000,0.000000,1.000000,2.000000,0.000000,1.000000,0.000000,1.000000,3.000000,0.000000,1.000000,1553.000000,438.000000,932.000000,136.000000,161.000000,5.000000,
0.049294,0.994844,0.148939,0.217131,0.230206,0.000240,-207.405562,3.183178,1396044.766365,1161964.937265,2307283.866357,207665.980771,1090450.977165,366.087974,98.023556,209.050236,30.007211,36.008653,85.020431,23.005528,49.011778,7.001683,8.001923,521.125231,140.033651,298.071629,43.010336,51.012259,3.000000,2.000000,3.000000,0.000000,1.000000,0.000000,1.000000,2.000000,0.000000,1.000000,0.000000,1.000000,3.000000,0.000000,1.000000,1553.000000,438.000000,932.000000,136.000000,161.000000,5.000000,
0.049294,0.994844,0.148939,0.217131,0.230206,0.000240,-207.405562,3.183178,1396044.766365,1161964.937265,2307283.866357,207665.980771,1090450.977165,366.087974,98.023556,209.050236,30.007211,36.008653,85.020431,23.005528,49.011778,7.001683,8.001923,521.125231,140.033651,298.071629,43.010336,51.012259,3.000000,2.000000,3.000000,0.000000,1.000000,0.000000,1.000000,2.000000,0.000000,1.000000,0.000000,1.000000,3.000000,0.000000,1.000000,1553.000000,438.000000,932.000000,136.000000,161.000000,5.000000,
0.049294,0.994844,0.148939,0.217131,0.230206,0.000240,-207.405562,3.183178,1396044.766365,1161964.937265,2307283.866357,207665.980771,1090450.977165,366.087974,98.023556,209.050236,30.007211,36.008653,85.020431,23.005528,49.011778,7.001683,8.001923,521.125231,140.033651,298.071629,43.010336,51.012259,3.000000,2.000000,3.000000,0.000000,1.000000,0.000000,1.000000,2.000000,0.000000,1.000000,0.000000,1.000000,3.000000,0.000000,1.000000,1553.000000,438.000000,932.000000,136.000000,161.000000,5.000000,
0.049294,0.994844,0.148939,0.217131,0.230206,0.000240,-207.405562,3.183178,1396044.766365,1161964.937265,2307283.866357,207665.980771,1090450.977165,366.087974,98.023556,209.050236,30.007211,36.008653,85.020431,23.005528,49.011778,7.001683,8.001923,521.125231,140.033651,298.071629,43.010336,51.012259,3.000000,2.000000,3.000000,0.000000,1.000000,0.000000,1.000000,2.000000,0.000000,1.000000,0.000000,1.000000,3.000000,0.000000,1.000000,1553.000000,438.000000,932.000000,136.000000,161.000000,5.000000,
0.049294,0.994844,0.148939,0.217131,0.230206,0.000240,-207.405562,3.183178,1396044.766365,1161964.937265,2307283.866357,207665.980771,1090450.977165,366.087974,98.023556,209.050236,30.007211,36.008653,85.020431,23.005528,49.011778,7.001683,8.001923,521.125231,140.033651,298.071629,43.010336,51.012259,3.000000,2.000000,3.000000,0.000000,1.000000,0.000000,1.000000,2.000000,0.000000,1.000000,0.000000,1.000000,3.000000,0.000000,1.000000,1553.000000,438.000000,932.000000,136.000000,161.000000,5.000000,
0.049294,0.994844,0.148939,0.217131,0.230206,0.000240,-207.405562,3.183178,1396044.766365,1161964.937265,2307283.866357,207665.980771,1090450.977165,366.087974,98.023556,209.050236,30.007211,36.008653,85.020431,23.005528,49.011778,7.001683,8.001923,521.125231,140.033651,298.071629,43.010336,51.012259,3.000000,2.000000,3.000000,0.000000,1.000000,0.000000,1.000000,2.000000,0.000000,1.000000,0.000000,1.000000,3.000000,0.000000,1.000000,1553.000000,438.000000,932.000000,136.000000,161.000000,5.000000,
0.049294,0.994844,0.148939,0.217131,0.230206,0.000240,-207.405562,3.183178,1396044.766365,1161964.937265,2307283.866357,207665.980771,1090450.977165,366.087974,98.023556,209.050236,30.007211,36.008653,85.020431,23.005528,49.011778,7.001683,8.001923,521.125231,140.033651,298.071629,43.010336,51.012259,3.000000,2.000000,3.000000,0.000000,1.000000,0.000000,1.000000,2.000000,0.000000,1.000000,0.000000,1.000000,3.000000,0.000000,1.000000,1553.000000,438.000000,932.000000,136.000000,161.000000,5.000000,
0.049294,0.994844,0.148939,0.217131,0.230206,0.000240,-207.405562,3.183178,1396044.766365,1161964.937265,2307283.866357,207665.980771,1090450.977165,366.087974,98.023556,209.050236,30.007211,36.008653,85.020431,23.005528,49.011778,7.001683,8.001923,521.125231,140.033651,298.071629,43.010336,51.012259,3.000000,2.000000,3.000000,0.000000,1.000000,0.000000,1.000000,2.000000,0.000000,1.000000,0.000000,1.000000,3.000000,0.000000,1.000000,1553.000000,438.000000,932.000000,136.000000,161.000000,5.000000,
0.049294,0.994844,0.148939,0.217131,0.230206,0.000240,-207.405562,3.183178,1396044.766365,1161964.937265,2307283.866357,207665.980771,1090450.977165,366.087974,98.023556,209.050236,30.007211,36.008653,85.020431,23.005528,49.011778,7.001683,8.001923,521.125231,140.033651,298.071629,43.010336,51.012259,3.000000,2.000000,3.000000,0.000000,1.000000,0.000000,1.000000,2.000000,0.000000,1.000000,0.000000,1.000000,3.000000,0.000000,1.000000,1553.000000,438.000000,932.000000,136.000000,161.000000,5.000000,
0.049294,0.994844,0.148939,0.217131,0.230206,0.000240,-207.405562,3.183178,1396044.766365,1161964.937265,2307283.866357,207665.980771,1090450.977165,366.087974,98.023556,209.050236,30.007211,36.008653,85.020431,23.005528,49.011778,7.001683,8.001923,521.125231,140.033651,298.071629,43.010336,51.012259,3.000000,2.000000,3.000000,0.000000,1.000000,0.000000,1.000000,2.000000,0.000000,1.000000,0.000000,1.000000,3.000000,0.000000,1.000000,1553.000000,438.000000,932.000000,136.000000,161.000000,5.000000,
0.049294,0.994844,0.148939,0.217131,0.230206,0.000240,-207.405562,3.183178,1396044.766365,1161964.937265,2307283.866357,207665.980771,1090450.977165,366.087974,98.023556,209.050236,30.007211,36.008653,85.020431,23.005528,49.011778,7.001683,8.001923,521.125231,140.033651,298.071629,43.010336,51.012259,3.000000,2.000000,3.000000,0.000000,1.000000,0.000000,1.000000,2.000000,0.000000,1.000000,0.000000,1.000000,3.000000,0.000000,1.000000,1553.000000,438.000000,932.000000,136.000000,161.000000,5.000000,
0.049294,0.994844,0.148939,0.217131,0.230206,0.000240,-207.405562,3.183178,1396044.766365,1161964.937265,2307283.866357,207665.980771,1090450.977165,366.087974,98.023556,209.050236,30.007211,36.008653,85.020431,23.005528,49.011778,7.001683,8.001923,521.125231,140.033651,298.071629,43.010336,51.012259,3.000000,2.000000,3.000000,0.000000,1.000000,0.000000,1.000000,2.000000,0.000000,1.000000,0.000000,1.000000,3.000000,0.000000,1.000000,1553.000000,438.000000,932.000000,136.000000,161.000000,5.000000,
0.049294,0.994844,0.148939,0.217131,0.230206,0.000240,-207.405562,3.183178,1396044.766365,1161964.937265,2307283.866357,207665.980771,1090450.977165,366.087974,98.023556,209.050236,30.007211,36.008653,85.020431,23.005528,49.011778,7.001683,8.001923,521.125231,140.033651,298.071629,43.010336,51.012259,3.000000,2.000000,3.000000,0.000000,1.000000,0.000000,1.000000,2.000000,0.000000,1.000000,0.000000,1.000000,3.000000,0.000000,1.000000,1553.000000,438.000000,932.000000,136.000000,161.000000,5.000000,
0.049294,0.994844,0.148939,0.217131,0.230206,0.000240,-207.405562,3.183178,1396044.766365,1161964.937265,2307283.866357,207665.980771,1090450.977165,366.087974,98.023556,209.050236,30.007211,36.008653,85.020431,23.005528,49.011778,7.001683,8.001923,521.125231,140.033651,298.071629,43.010336,51.012259,3.000000,2.000000,3.000000,0.000000,1.000000,0.000000,1.000000,2.000000,0.000000,1.000000,0.000000,1.000000,3.000000,0.000000,1.000000,1553.000000,438.000000,932.000000,136.000000,161.000000,5.000000,
0.049294,0.994844,0.148939,0.217131,0.230206,0.000240,-207.405562,3.183178,1396044.766365,1161964.937265,2307283.866357,207665.980771,1090450.977165,366.087974,98.023556,209.050236,30.007211,36.008653,85.020431,23.005528,49.011778,7.001683,8.001923,521.125231,140.033651,298.071629,43.010336,51.012259,3.000000,2.000000,3.000000,0.000000,1.000000,0.000000,1.000000,2.000000,0.000000,1.000000,0.000000,1.000000,3.000000,0.000000,1.000000,1553.000000,438.000000,932.000000,136.000000,161.000000,5.000000,
0.049316,0.992807,0.149144,0.213734,0.230878,0.000442,-207.865390,3.185069,1396044.570102,1161964.884565,2307283.754091,207665.964617,1090450.957983,366.161875,98.043344,209.092437,30.013268,36.015922,85.037594,23.010172,49.021672,7.003096,8.003538,521.230429,140.061919,298.131800,43.019018,51.022556,3.000000,2.000000,3.000000,0.000000,1.000000,0.000000,1.000000,2.000000,0.000000,1.000000,0.000000,1.000000,3.000000,0.000000,1.000000,1553.000000,438.000000,932.000000,136.000000,161.000000,5.000000,
0.049316,0.992807,0.149144,0.213734,0.230878,0.000442,-207.865390,3.185069,1396044.570102,1161964.884565,2307283.754091,207665.964617,1090450.957983,366.161875,98.043344,209.092437,30.013268,36.015922,85.037594,23.010172,49.021672,7.003096,8.003538,521.230429,140.061919,298.131800,43.019018,51.022556,3.000000,2.000000,3.000000,0.000000,1.000000,0.000000,1.000000,2.000000,0.000000,1.000000,0.000000,1.000000,3.000000,0.000000,1.000000,1553.000000,438.000000,932.000000,136.000000,161.000000,5.000000,
0.049316,0.992807,0.149144,0.213734,0.230878,0.000442,-207.865390,3.185069,1396044.570102,1161964.884565,2307283.754091,207665.964617,1090450.957983,366.161875,98.043344,209.092437,30.013268,36.015922,85.037594,23.010172,49.021672,7.003096,8.003538,521.230429,140.061919,298.131800,43.019018,51.022556,3.000000,2.000000,3.000000,0.000000,1.000000,0.000000,1.000000,2.000000,0.000000,1.000000,0.000000,1.000000,3.000000,0.000000,1.000000,1553.000000,438.000000,932.000000,136.000000,161.000000,5.000000,
0.049336,0.993044,0.149624,0.213258,0.225431,0.000458,-207.826316,3.187430,1396044.555310,1161964.880592,2307283.745630,207665.963400,1090450.956537,366.167445,98.044835,209.095618,30.013725,36.016470,85.038888,23.010523,49.022418,7.003203,8.003660,521.238358,140.064050,298.136335,43.019673,51.023333,3.000000,2.000000,3.000000,0.000000,1.000000,0.000000,1.000000,2.000000,0.000000,1.000000,0.000000,1.000000,3.000000,0.000000,1.000000,1553.000000,438.000000,932.000000,136.000000,161.000000,5.000000,
0.049336,0.993044,0.149624,0.213258,0.225431,0.000458,-207.826316,3.187430,1396044.555310,1161964.880592,2307283.745630,207665.963400,1090450.956537,366.167445,98.044835,209.095618,30.013725,36.016470,85.038888,23.010523,49.022418,7.003203,8.003660,521.238358,140.064050,298.136335,43.019673,51.023333,3.000000,2.000000,3.000000,0.000000,1.000000,0.000000,1.000000,2.000000,0.000000,1.000000,0.000000,1.000000,3.000000,0.000000,1.000000,1553.000000,438.000000,932.000000,136.000000,161.000000,5.000000,
0.049336,0.993044,0.149624,0.213258,0.225431,0.000458,-207.826316,3.187430,1396044.555310,1161964.880592,2307283.745630,207665.963400,1090450.956537,366.167445,98.044835,209.095618,30.013725,36.016470,85.038888,23.010523,49.022418,7.003203,8.003660,521.238358,140.064050,298.136335,43.019673,51.023333,3.000000,2.000000,3.000000,0.000000,1.000000,0.000000,1.000000,2.000000,0.000000,1.000000,0.000000,1.000000,3.000000,0.000000,1.000000,1553.000000,438.000000,932.000000,136.000000,161.000000,5.000000,
0.049415,0.986189,0.148080,0.191773,0.269967,0.000282,-209.304973,3.189104,1396044.725548,1161964.926304,2307283.843009,207665.977411,1090450.973176,366.103343,98.027671,209.059013,30.008471,36.010165,85.024000,23.006494,49.013836,7.001977,8.002259,521.147109,140.039530,298.084143,43.012141,51.014400,3.000000,2.000000,3.000000,0.000000,1.000000,0.000000,1.000000,2.000000,0.000000,1.000000,0.000000,1.000000,3.000000,0.000000,1.000000,1553.000000,438.000000,932.000000,136.000000,161.000000,5.000000,
0.049415,0.986189,0.148080,0.191773,0.269967,0.000282,-209.304973,3.189104,1396044.725548,1161964.926304,2307283.843009,207665.977411,1090450.973176,366.103343,98.027671,209.059013,30.008471,36.010165,85.024000,23.006494,49.013836,7.001977,8.002259,521.147109,140.039530,298.084143,43.012141,51.014400,3.000000,2.000000,3.000000,0.000000,1.000000,0.000000,1.000000,2.000000,0.000000,1.000000,0.000000,1.000000,3.000000,0.000000,1.000000,1553.000000,438.000000,932.000000,136.000000,161.000000,5.000000,
0.049415,0.986189,0.148080,0.191773,0.269967,0.000282,-209.304973,3.189104,1396044.725548,1161964.926304,2307283.843009,207665.977411,1090450.973176,366.103343,98.027671,209.059013,30.008471,36.010165,85.024000,23.006494,49.013836,7.001977,8.002259,521.147109,140.039530,298.084143,43.012141,51.014400,3.000000,2.000000,3.000000,0.000000,1.000000,0.000000,1.000000,2.000000,0.000000,1.000000,0.000000,1.000000,3.000000,0.000000,1.000000,1553.000000,438.000000,932.000000,136.000000,161.000000,5.000000,
0.049415,0.986189,0.148080,0.191773,0.269967,0.000282,-209.304973,3.189104,1396044.725548,1161964.926304,2307283.843009,207665.977411,1090450.973176,366.103343,98.027671,209.059013,30.008471,36.010165,85.024000,23.006494,49.013836,7.001977,8.002259,521.147109,140.039530,298.084143,43.012141,51.014400,3.000000,2.000000,3.000000,0.000000,1.000000,0.000000,1.000000,2.000000,0.000000,1.000000,0.000000,1.000000,3.000000,0.000000,1.000000,1553.000000,438.000000,932.000000,136.000000,161.000000,5.000000,
0.049336,0.989876,0.146406,0.197778,0.280961,0.000703,-208.123027,3.180282,1396044.316949,1161964.816588,2307283.609284,207665.943782,1090450.933241,366.257198,98.068867,209.146870,30.021082,36.025298,85.059732,23.016163,49.034434,7.004919,8.005622,521.366121,140.098382,298.209413,43.030217,51.035839,3.000000,2.000000,3.000000,0.000000,1.000000,0.000000,1.000000,2.000000,0.000000,1.000000,0.000000,1.000000,3.000000,0.000000,1.000000,1553.000000,438.000000,932.000000,136.000000,161.000000,5.000000,
0.049336,0.989876,0.146406,0.197778,0.280961,0.000703,-208.123027,3.180282,1396044.316949,1161964.816588,2307283.609284,207665.943782,1090450.933241,366.257198,98.068867,209.146870,30.021082,36.025298,85.059732,23.016163,49.034434,7.004919,8.005622,521.366121,140.098382,298.209413,43.030217,51.035839,3.000000,2.000000,3.000000,0.000000,1.000000,0.000000,1.000000,2.000000,0.000000,1.000000,0.000000,1.000000,3.000000,0.000000,1.000000,1553.000000,438.000000,932.000000,136.000000,161.000000,5.000000,
0.049336,0.989876,0.146406,0.197778,0.280961,0.000703,-208.123027,3.180282,1396044.316949,1161964.816588,2307283.609284,207665.943782,1090450.933241,366.257198,98.068867,209.146870,30.021082,36.025298,85.059732,23.016163,49.034434,7.004919,8.005622,521.366121,140.098382,298.209413,43.030217,51.035839,3.000000,2.000000,3.000000,0.000000,1.000000,0.000000,1.000000,2.000000,0.000000,1.000000,0.000000,1.000000,3.000000,0.000000,1.000000,1553.000000,438.000000,932.000000,136.000000,161.000000,5.000000,
0.049336,0.989876,0.146406,0.197778,0.280961,0.000703,-208.123027,3.180282,1396044.316949,1161964.816588,2307283.609284,207665.943782,1090450.933241,366.257198,98.068867,209.146870,30.021082,36.025298,85.059732,23.016163,49.034434,7.004919,8.005622,521.366121,140.098382,298.209413,43.030217,51.035839,3.000000,2.000000,3.000000,0.000000,1.000000,0.000000,1.000000,2.000000,0.000000,1.000000,0.000000,1.000000,3.000000,0.000000,1.000000,1553.000000,438.000000,932.000000,136.000000,161.000000,5.000000,
0.049281,0.996710,0.146129,0.211305,0.260058,0.000401,-207.083785,3.176098,1396044.610434,1161964.895394,2307283.777162,207665.967937,1090450.961925,366.146688,98.039277,209.083765,30.012024,36.014428,85.034067,23.009218,49.019639,7.002806,8.003206,521.208811,140.056110,298.119435,43.017234,51.020440,3.000000,2.000000,3.000000,0.000000,1.000000,0.000000,1.000000,2.000000,0.000000,1.000000,0.000000,1.000000,3.000000,0.000000,1.000000,1553.000000,438.000000,932.000000,136.000000,161.000000,5.000000,
0.049281,0.996710,0.146129,0.211305,0.260058,0.000401,-207.083785,3.176098,1396044.610434,1161964.895394,2307283.777162,207665.967937,1090450.961925,366.146688,98.039277,209.083765,30.012024,36.014428,85.034067,23.009218,49.019639,7.002806,8.003206,521.208811,140.056110,298.119435,43.017234,51.020440,3.000000,2.000000,3.000000,0.000000,1.000000,0.000000,1.000000,2.000000,0.000000,1.000000,0.000000,1.000000,3.000000,0.000000,1.000000,1553.000000,438.000000,932.000000,136.000000,161.000000,5.000000,
0.049281,0.996710,0.146129,0.211305,0.260058,0.000401,-207.083785,3.176098,1396044.610434,1161964.895394,2307283.777162,207665.967937,1090450.961925,366.146688,98.039277,209.083765,30.012024,36.014428,85.034067,23.009218,49.019639,7.002806,8.003206,521.208811,140.056110,298.119435,43.017234,51.020440,3.000000,2.000000,3.000000,0.000000,1.000000,0.000000,1.000000,2.000000,0.000000,1.000000,0.000000,1.000000,3.000000,0.000000,1.000000,1553.000000,438.000000,932.000000,136.000000,161.000000,5.000000,
0.049281,0.996710,0.146129,0.211305,0.260058,0.000401,-207.083785,3.176098,1396044.610434,1161964.895394,2307283.777162,207665.967937,1090450.961925,366.146688,98.039277,209.083765,30.012024,36.014428,85.034067,23.009218,49.019639,7.002806,8.003206,521.208811,140.056110,298.119435,43.017234,51.020440,3.000000,2.000000,3.000000,0.000000,1.000000,0.000000,1.000000,2.000000,0.000000,1.000000,0.000000,1.000000,3.000000,0.000000,1.000000,1553.000000,438.000000,932.000000,136.000000,161.000000,5.000000,
0.049281,0.996710,0.146129,0.211305,0.260058,0.000401,-207.083785,3.176098,1396044.610434,1161964.895394,2307283.777162,207665.967937,1090450.961925,366.146688,98.039277,209.083765,30.012024,36.014428,85.034067,23.009218,49.019639,7.002806,8.003206,521.208811,140.056110,298.119435,43.017234,51.020440,3.000000,2.000000,3.000000,0.000000,1.000000,0.000000,1.000000,2.000000,0.000000,1.000000,0.000000,1.000000,3.000000,0.000000,1.000000,1553.000000,438.000000,932.000000,136.000000,161.000000,5.000000,
0.049281,0.996710,0.146129,0.211305,0.260058,0.000401,-207.083785,3.176098,1396044.610434,1161964.895394,2307283.777162,207665.967937,1090450.961925,366.146688,98.039277,209.083765,30.012024,36.014428,85.034067,23.009218,49.019639,7.002806,8.003206,521.208811,140.056110,298.119435,43.017234,51.020440,3.000000,2.000000,3.000000,0.000000,1.000000,0.000000,1.000000,2.000000,0.000000,1.000000,0.000000,1.000000,3.000000,0.000000,1.000000,1553.000000,438.000000,932.000000,136.000000,161.000000,5.000000,
0.049281,0.996710,0.146129,0.211305,0.260058,0.000401,-207.083785,3.176098,1396044.610434,1161964.895394,2307283.777162,207665.967937,1090450.961925,366.146688,98.039277,209.083765,30.012024,36.014428,85.034067,23.009218,49.019639,7.002806,8.003206,521.208811,140.056110,298.119435,43.017234,51.020440,3.000000,2.000000,3.000000,0.000000,1.000000,0.000000,1.000000,2.000000,0.000000,1.000000,0.000000,1.000000,3.000000,0.000000,1.000000,1553.000000,438.000000,932.000000,136.000000,161.000000,5.000000,
0.049281,0.996710,0.146129,0.211305,0.260058,0.000401,-207.083785,3.176098,1396044.610434,1161964.895394,2307283.777162,207665.967937,1090450.961925,366.146688,98.039277,209.083765,30.012024,36.014428,85.034067,23.009218,49.019639,7.002806,8.003206,521.208811,140.056110,298.119435,43.017234,51.020440,3.000000,2.000000,3.000000,0.000000,1.000000,0.000000,1.000000,2.000000,0.000000,1.000000,0.000000,1.000000,3.000000,0.000000,1.000000,1553.000000,438.000000,932.000000,136.000000,161.000000,5.000000,
0.049281,0.996710,0.146129,0.211305,0.260058,0.000401,-207.083785,3.176098,1396044.610434,1161964.895394,2307283.777162,207665.967937,1090450.961925,366.146688,98.039277,209.083765,30.012024,36.014428,85.034067,23.009218,49.019639,7.002806,8.003206,521.208811,140.056110,298.119435,43.017234,51.020440,3.000000,2.000000,3.000000,0.000000,1.000000,0.000000,1.000000,2.000000,0.000000,1.000000,0.000000,1.000000,3.000000,0.000000,1.000000,1553.000000,438.000000,932.000000,136.000000,161.000000,5.000000,
0.049281,0.996710,0.146129,0.211305,0.260058,0.000401,-207.083785,3.176098,1396044.610434,1161964.895394,2307283.777162,207665.967937,1090450.961925,366.146688,98.039277,209.083765,30.012024,36.014428,85.034067,23.009218,49.019639,7.002806,8.003206,521.208811,140.056110,298.119435,43.017234,51.020440,3.000000,2.000000,3.000000,0.000000,1.000000,0.000000,1.000000,2.000000,0.000000,1.000000,0.000000,1.000000,3.000000,0.000000,1.000000,1553.000000,438.000000,932.000000,136.000000,161.000000,5.000000,
0.049281,0.996710,0.146129,0.211305,0.260058,0.000401,-207.083785,3.176098,1396044.610434,1161964.895394,2307283.777162,207665.967937,1090450.961925,366.146688,98.039277,209.083765,30.012024,36.014428,85.034067,23.009218,49.019639,7.002806,8.003206,521.208811,140.056110,298.119435,43.017234,51.020440,3.000000,2.000000,3.000000,0.000000,1.000000,0.000000,1.000000,2.000000,0.000000,1.000000,0.000000,1.000000,3.000000,0.000000,1.000000,1553.000000,438.000000,932.000000,136.000000,161.000000,5.000000,
0.049281,0.996710,0.146129,0.211305,0.260058,0.000401,-207.083785,3.176098,1396044.610434,1161964.895394,2307283.777162,207665.967937,1090450.961925,366.146688,98.039277,209.083765,30.012024,36.014428,85.034067,23.009218,49.019639,7.002806,8.003206,521.208811,140.056110,298.119435,43.017234,51.020440,3.000000,2.000000,3.000000,0.000000,1.000000,0.000000,1.000000,2.000000,0.000000,1.000000,0.000000,1.000000,3.000000,0.000000,1.000000,1553.000000,438.000000,932.000000,136.000000,161.000000,5.000000,
0.049281,0.996710,0.146129,0.211305,0.260058,0.000401,-207.083785,3.176098,1396044.610434,1161964.895394,2307283.777162,207665.967937,1090450.961925,366.146688,98.039277,209.083765,30.012024,36.014428,85.034067,23.009218,49.019639,7.002806,8.003206,521.208811,140.056110,298.119435,43.017234,51.020440,3.000000,2.000000,3.000000,0.000000,1.000000,0.000000,1.000000,2.000000,0.000000,1.000000,0.000000,1.000000,3.000000,0.000000,1.000000,1553.000000,438.000000,932.000000,136.000000,161.000000,5.000000,
0.049281,0.996710,0.146129,0.211305,0.260058,0.000401,-207.083785,3.176098,1396044.610434,1161964.895394,2307283.777162,207665.967937,1090450.961925,366.146688,98.039277,209.083765,30.012024,36.014428,85.034067,23.009218,49.019639,7.002806,8.003206,521.208811,140.056110,298.119435,43.017234,51.020440,3.000000,2.000000,3.000000,0.000000,1.000000,0.000000,1.000000,2.000000,0.000000,1.000000,0.000000,1.000000,3.000000,0.000000,1.000000,1553.000000,438.000000,932.000000,136.000000,161.000000,5.000000,
0.049281,0.996710,0.146129,0.211305,0.260058,0.000401,-207.083785,3.176098,1396044.610434,1161964.895394,2307283.777162,207665.967937,1090450.961925,366.146688,98.039277,209.083765,30.012024,36.014428,85.034067,23.009218,49.019639,7.002806,8.003206,521.208811,140.056110,298.119435,43.017234,51.020440,3.000000,2.000000,3.000000,0.000000,1.000000,0.000000,1.000000,2.000000,0.000000,1.000000,0.000000,1.000000,3.000000,0.000000,1.000000,1553.000000,438.000000,932.000000,136.000000,161.000000,5.000000,
0.049281,0.996710,0.146129,0.211305,0.260058,0.000401,-207.083785,3.176098,1396044.610434,1161964.895394,2307283.777162,207665.967937,1090450.961925,366.146688,98.039277,209.083765,30.012024,36.014428,85.034067,23.009218,49.019639,7.002806,8.003206,521.208811,140.056110,298.119435,43.017234,51.020440,3.000000,2.000000,3.000000,0.000000,1.000000,0.000000,1.000000,2.000000,0.000000,1.000000,0.000000,1.000000,3.000000,0.000000,1.000000,1553.000000,438.000000,932.000000,136.000000,161.000000,5.000000,
0.049281,0.996710,0.146129,0.211305,0.260058,0.000401,-207.083785,3.176098,1396044.610434,1161964.895394,2307283.777162,207665.967937,1090450.961925,366.146688,98.039277,209.083765,30.012024,36.014428,85.034067,23.009218,49.019639,7.002806,8.003206,521.208811,140.056110,298.119435,43.017234,51.020440,3.000000,2.000000,3.000000,0.000000,1.000000,0.000000,1.000000,2.000000,0.000000,1.000000,0.000000,1.000000,3.000000,0.000000,1.000000,1553.000000,438.000000,932.000000,136.000000,161.000000,5.000000,
0.049281,0.996710,0.146129,0.211305,0.260058,0.000401,-207.083785,3.176098,1396044.610434,1161964.895394,2307283.777162,207665.967937,1090450.961925,366.146688,98.039277,209.083765,30.012024,36.014428,85.034067,23.009218,49.019639,7.002806,8.003206,521.208811,140.056110,298.119435,43.017234,51.020440,3.000000,2.000000,3.000000,0.000000,1.000000,0.000000,1.000000,2.000000,0.000000,1.000000,0.000000,1.000000,3.000000,0.000000,1.000000,1553.000000,438.000000,932.000000,136.000000,161.000000,5.000000,
0.049281,0.996710,0.146129,0.211305,0.260058,0.000401,-207.083785,3.176098,1396044.610434,1161964.895394,2307283.777162,207665.967937,1090450.961925,366.146688,98.039277,209.083765,30.012024,36.014428,85.034067,23.009218,49.019639,7.002806,8.003206,521.208811,140.056110,298.119435,43.017234,51.020440,3.000000,2.000000,3.000000,0.000000,1.000000,0.000000,1.000000,2.000000,0.000000,1.000000,0.000000,1.000000,3.000000,0.000000,1.000000,1553.000000,438.000000,932.000000,136.000000,161.000000,5.000000,
0.049281,0.996710,0.146129,0.211305,0.260058,0.000401,-207.083785,3.176098,1396044.610434,1161964.895394,2307283.777162,207665.967937,1090450.961925,366.146688,98.039277,209.083765,30.012024,36.014428,85.034067,23.009218,49.019639,7.002806,8.003206,521.208811,140.056110,298.119435,43.017234,51.020440,3.000000,2.000000,3.000000,0.000000,1.000000,0.000000,1.000000,2.000000,0.000000,1.000000,0.000000,1.000000,3.000000,0.000000,1.000000,1553.000000,438.000000,932.000000,136.000000,161.000000,5.000000,
0.049281,0.996710,0.146129,0.211305,0.260058,0.000401,-207.083785,3.176098,1396044.610434,1161964.895394,2307283.777162,207665.967937,1090450.961925,366.146688,98.039277,209.083765,30.012024,36.014428,85.034067,23.009218,49.019639,7.002806,8.003206,521.208811,140.056110,298.119435,43.017234,51.020440,3.000000,2.000000,3.000000,0.000000,1.000000,0.000000,1.000000,2.000000,0.000000,1.000000,0.000000,1.000000,3.000000,0.000000,1.000000,1553.000000,438.000000,932.000000,136.000000,161.000000,5.000000,
0.049281,0.996710,0.146129,0.211305,0.260058,0.000401,-207.083785,3.176098,1396044.610434,1161964.895394,2307283.777162,207665.967937,1090450.961925,366.146688,98.039277,209.083765,30.012024,36.014428,85.034067,23.009218,49.019639,7.002806,8.003206,521.208811,140.056110,298.119435,43.017234,51.020440,3.000000,2.000000,3.000000,0.000000,1.000000,0.000000,1.000000,2.000000,0.000000,1.000000,0.000000,1.000000,3.000000,0.000000,1.000000,1553.000000,438.000000,932.000000,136.000000,161.000000,5.000000,
0.049281,0.996710,0.146129,0.211305,0.260058,0.000401,-207.083785,3.176098,1396044.610434,1161964.895394,2307283.777162,207665.967937,1090450.961925,366.146688,98.039277,209.083765,30.012024,36.014428,85.034067,23.009218,49.019639,7.002806,8.003206,521.208811,140.056110,298.119435,43.017234,51.020440,3.000000,2.000000,3.000000,0.000000,1.000000,0.000000,1.000000,2.000000,0.000000,1.000000,0.000000,1.000000,3.000000,0.000000,1.000000,1553.000000,438.000000,932.000000,136.000000,161.000000,5.000000,
0.049281,0.996710,0.146129,0.211305,0.260058,0.000401,-207.083785,3.176098,1396044.610434,1161964.895394,2307283.777162,207665.967937,1090450.961925,366.146688,98.039277,209.083765,30.012024,36.014428,85.034067,23.009218,49.019639,7.002806,8.003206,521.208811,140.056110,298.119435,43.017234,51.020440,3.000000,2.000000,3.000000,0.000000,1.000000,0.000000,1.000000,2.000000,0.000000,1.000000,0.000000,1.000000,3.000000,0.000000,1.000000,1553.000000,438.000000,932.000000,136.000000,161.000000,5.000000,
0.049281,0.996710,0.146129,0.211305,0.260058,0.000401,-207.083785,3.176098,1396044.610434,1161964.895394,2307283.777162,207665.967937,1090450.961925,366.146688,98.039277,209.083765,30.012024,36.014428,85.034067,23.009218,49.019639,7.002806,8.003206,521.208811,140.056110,298.119435,43.017234,51.020440,3.000000,2.000000,3.000000,0.000000,1.000000,0.000000,1.000000,2.000000,0.000000,1.000000,0.000000,1.000000,3.000000,0.000000,1.000000,1553.000000,438.000000,932.000000,136.000000,161.000000,5.000000,
0.049281,0.996710,0.146129,0.211305,0.260058,0.000401,-207.083785,3.176098,1396044.610434,1161964.895394,2307283.777162,207665.967937,1090450.961925,366.146688,98.039277,209.083765,30.012024,36.014428,85.034067,23.009218,49.019639,7.002806,8.003206,521.208811,140.056110,298.119435,43.017234,51.020440,3.000000,2.000000,3.000000,0.000000,1.000000,0.000000,1.000000,2.000000,0.000000,1.000000,0.000000,1.000000,3.000000,0.000000,1.000000,1553.000000,438.000000,932.000000,136.000000,161.000000,5.000000,
0.049281,0.996710,0.146129,0.211305,0.260058,0.000401,-207.083785,3.176098,1396044.610434,1161964.895394,2307283.777162,207665.967937,1090450.961925,366.146688,98.039277,209.083765,30.012024,36.014428,85.034067,23.009218,49.019639,7.002806,8.003206,521.208811,140.056110,298.119435,43.017234,51.020440,3.000000,2.000000,3.000000,0.000000,1.000000,0.000000,1.000000,2.000000,0.000000,1.000000,0.000000,1.000000,3.000000,0.000000,1.000000,1553.000000,438.000000,932.000000,136.000000,161.000000,5.000000,
0.049281,0.996710,0.146129,0.211305,0.260058,0.000401,-207.083785,3.176098,1396044.610434,1161964.895394,2307283.777162,207665.967937,1090450.961925,366.146688,98.039277,209.083765,30.012024,36.014428,85.034067,23.009218,49.019639,7.002806,8.003206,521.208811,140.056110,298.119435,43.017234,51.020440,3.000000,2.000000,3.000000,0.000000,1.000000,0.000000,1.000000,2.000000,0.000000,1.000000,0.000000,1.000000,3.000000,0.000000,1.000000,1553.000000,438.000000,932.000000,136.000000,161.000000,5.000000,
0.049281,0.996710,0.146129,0.211305,0.260058,0.000401,-207.083785,3.176098,1396044.610434,1161964.895394,2307283.777162,207665.967937,1090450.961925,366.146688,98.039277,209.083765,30.012024,36.014428,85.034067,23.009218,49.019639,7.002806,8.003206,521.208811,140.056110,298.119435,43.017234,51.020440,3.000000,2.000000,3.000000,0.000000,1.000000,0.000000,1.000000,2.000000,0.000000,1.000000,0.000000,1.000000,3.000000,0.000000,1.000000,1553.000000,438.000000,932.000000,136.000000,161.000000,5.000000,
0.049281,0.996710,0.146129,0.211305,0.260058,0.000401,-207.083785,3.176098,1396044.610434,1161964.895394,2307283.777162,207665.967937,1090450.961925,366.146688,98.039277,209.083765,30.012024,36.014428,85.034067,23.009218,49.019639,7.002806,8.003206,521.208811,140.056110,298.119435,43.017234,51.020440,3.000000,2.000000,3.000000,0.000000,1.000000,0.000000,1.000000,2.000000,0.000000,1.000000,0.000000,1.000000,3.000000,0.000000,1.000000,1553.000000,438.000000,932.000000,136.000000,161.000000,5.000000,
0.049281,0.996710,0.146129,0.211305,0.260058,0.000401,-207.083785,3.176098,1396044.610434,1161964.895394,2307283.777162,207665.967937,1090450.961925,366.146688,98.039277,209.083765,30.012024,36.014428,85.034067,23.009218,49.019639,7.002806,8.003206,521.208811,140.056110,298.119435,43.017234,51.020440,3.000000,2.000000,3.000000,0.000000,1.000000,0.000000,1.000000,2.000000,0.000000,1.000000,0.000000,1.000000,3.000000,0.000000,1.000000,1553.000000,438.000000,932.000000,136.000000,161.000000,5.000000,
0.049281,0.996710,0.146129,0.211305,0.260058,0.000401,-207.083785,3.176098,1396044.610434,1161964.895394,2307283.777162,207665.967937,1090450.961925,366.146688,98.039277,209.083765,30.012024,36.014428,85.034067,23.009218,49.019639,7.002806,8.003206,521.208811,140.056110,298.119435,43.017234,51.020440,3.000000,2.000000,3.000000,0.000000,1.000000,0.000000,1.000000,2.000000,0.000000,1.000000,0.000000,1.000000,3.000000,0.000000,1.000000,1553.000000,438.000000,932.000000,136.000000,161.000000,5.000000,
0.049281,0.996710,0.146129,0.211305,0.260058,0.000401,-207.083785,3.176098,1396044.610434,1161964.895394,2307283.777162,207665.967937,1090450.961925,366.146688,98.039277,209.083765,30.012024,36.014428,85.034067,23.009218,49.019639,7.002806,8.003206,521.208811,140.056110,298.119435,43.017234,51.020440,3.000000,2.000000,3.000000,0.000000,1.000000,0.000000,1.000000,2.000000,0.000000,1.000000,0.000000,1.000000,3.000000,0.000000,1.000000,1553.000000,438.000000,932.000000,136.000000,161.000000,5.000000,
0.049281,0.996710,0.146129,0.211305,0.260058,0.000401,-207.083785,3.176098,1396044.610434,1161964.895394,2307283.777162,207665.967937,1090450.961925,366.146688,98.039277,209.083765,30.012024,36.014428,85.034067,23.009218,49.019639,7.002806,8.003206,521.208811,140.056110,298.119435,43.017234,51.020440,3.000000,2.000000,3.000000,0.000000,1.000000,0.000000,1.000000,2.000000,0.000000,1.000000,0.000000,1.000000,3.000000,0.000000,1.000000,1553.000000,438.000000,932.000000,136.000000,161.000000,5.000000,
0.049281,0.996710,0.146129,0.211305,0.260058,0.000401,-207.083785,3.176098,1396044.610434,1161964.895394,2307283.777162,207665.967937,1090450.961925,366.146688,98.039277,209.083765,30.012024,36.014428,85.034067,23.009218,49.019639,7.002806,8.003206,521.208811,140.056110,298.119435,43.017234,51.020440,3.000000,2.000000,3.000000,0.000000,1.000000,0.000000,1.000000,2.000000,0.000000,1.000000,0.000000,1.000000,3.000000,0.000000,1.000000,1553.000000,438.000000,932.000000,136.000000,161.000000,5.000000,
0.049281,0.996710,0.146129,0.211305,0.260058,0.000401,-207.083785,3.176098,1396044.610434,1161964.895394,2307283.777162,207665.967937,1090450.961925,366.146688,98.039277,209.083765,30.012024,36.014428,85.034067,23.009218,49.019639,7.002806,8.003206,521.208811,140.056110,298.119435,43.017234,51.020440,3.000000,2.000000,3.000000,0.000000,1.000000,0.000000,1.000000,2.000000,0.000000,1.000000,0.000000,1.000000,3.000000,0.000000,1.000000,1553.000000,438.000000,932.000000,136.000000,161.000000,5.000000,
0.049281,0.996710,0.146129,0.211305,0.260058,0.000401,-207.083785,3.176098,1396044.610434,1161964.895394,2307283.777162,207665.967937,1090450.961925,366.146688,98.039277,209.083765,30.012024,36.014428,85.034067,23.009218,49.019639,7.002806,8.003206,521.208811,140.056110,298.119435,43.017234,51.020440,3.000000,2.000000,3.000000,0.000000,1.000000,0.000000,1.000000,2.000000,0.000000,1.000000,0.000000,1.000000,3.000000,0.000000,1.000000,1553.000000,438.000000,932.000000,136.000000,161.000000,5.000000,
0.049281,0.996710,0.146129,0.211305,0.260058,0.000401,-207.083785,3.176098,1396044.610434,1161964.895394,2307283.777162,207665.967937,1090450.961925,366.146688,98.039277,209.083765,30.012024,36.014428,85.034067,23.009218,49.019639,7.002806,8.003206,521.208811,140.056110,298.119435,43.017234,51.020440,3.000000,2.000000,3.000000,0.000000,1.000000,0.000000,1.000000,2.000000,0.000000,1.000000,0.000000,1.000000,3.000000,0.000000,1.000000,1553.000000,438.000000,932.000000,136.000000,161.000000,5.000000,
0.049281,0.996710,0.146129,0.211305,0.260058,0.000401,-207.083785,3.176098,1396044.610434,1161964.895394,2307283.777162,207665.967937,1090450.961925,366.146688,98.039277,209.083765,30.012024,36.014428,85.034067,23.009218,49.019639,7.002806,8.003206,521.208811,140.056110,298.119435,43.017234,51.020440,3.000000,2.000000,3.000000,0.000000,1.000000,0.000000,1.000000,2.000000,0.000000,1.000000,0.000000,1.000000,3.000000,0.000000,1.000000,1553.000000,438.000000,932.000000,136.000000,161.000000,5.000000,
0.049281,0.996710,0.146129,0.211305,0.260058,0.000401,-207.083785,3.176098,1396044.610434,1161964.895394,2307283.777162,207665.967937,1090450.961925,366.146688,98.039277,209.083765,30.012024,36.014428,85.034067,23.009218,49.019639,7.002806,8.003206,521.208811,140.056110,298.119435,43.017234,51.020440,3.000000,2.000000,3.000000,0.000000,1.000000,0.000000,1.000000,2.000000,0.000000,1.000000,0.000000,1.000000,3.000000,0.000000,1.000000,1553.000000,438.000000,932.000000,136.000000,161.000000,5.000000,
0.049281,0.996710,0.146129,0.211305,0.260058,0.000401,-207.083785,3.176098,1396044.610434,1161964.895394,2307283.777162,207665.967937,1090450.961925,366.146688,98.039277,209.083765,30.012024,36.014428,85.034067,23.009218,49.019639,7.002806,8.003206,521.208811,140.056110,298.119435,43.017234,51.020440,3.000000,2.000000,3.000000,0.000000,1.000000,0.000000,1.000000,2.000000,0.000000,1.000000,0.000000,1.000000,3.000000,0.000000,1.000000,1553.000000,438.000000,932.000000,136.000000,161.000000,5.000000,
0.049281,0.996710,0.146129,0.211305,0.260058,0.000401,-207.083785,3.176098,1396044.610434,1161964.895394,2307283.777162,207665.967937,1090450.961925,366.146688,98.039277,209.083765,30.012024,36.014428,85.034067,23.009218,49.019639,7.002806,8.003206,521.208811,140.056110,298.119435,43.017234,51.020440,3.000000,2.000000,3.000000,0.000000,1.000000,0.000000,1.000000,2.000000,0.000000,1.000000,0.000000,1.000000,3.000000,0.000000,1.000000,1553.000000,438.000000,932.000000,136.000000,161.000000,5.000000,
0.049281,0.996710,0.146129,0.211305,0.260058,0.000401,-207.083785,3.176098,1396044.610434,1161964.895394,2307283.777162,207665.967937,1090450.961925,366.146688,98.039277,209.083765,30.012024,36.014428,85.034067,23.009218,49.019639,7.002806,8.003206,521.208811,140.056110,298.119435,43.017234,51.020440,3.000000,2.000000,3.000000,0.000000,1.000000,0.000000,1.000000,2.000000,0.000000,1.000000,0.000000,1.000000,3.000000,0.000000,1.000000,1553.000000,438.000000,932.000000,136.000000,161.000000,5.000000,
0.049281,0.996710,0.146129,0.211305,0.260058,0.000401,-207.083785,3.176098,1396044.610434,1161964.895394,2307283.777162,207665.967937,1090450.961925,366.146688,98.039277,209.083765,30.012024,36.014428,85.034067,23.009218,49.019639,7.002806,8.003206,521.208811,140.056110,298.119435,43.017234,51.020440,3.000000,2.000000,3.000000,0.000000,1.000000,0.000000,1.000000,2.000000,0.000000,1.000000,0.000000,1.000000,3.000000,0.000000,1.000000,1553.000000,438.000000,932.000000,136.000000,161.000000,5.000000,
0.049281,0.996710,0.146129,0.211305,0.260058,0.000401,-207.083785,3.176098,1396044.610434,1161964.895394,2307283.777162,207665.967937,1090450.961925,366.146688,98.039277,209.083765,30.012024,36.014428,85.034067,23.009218,49.019639,7.002806,8.003206,521.208811,140.056110,298.119435,43.017234,51.020440,3.000000,2.000000,3.000000,0.000000,1.000000,0.000000,1.000000,2.000000,0.000000,1.000000,0.000000,1.000000,3.000000,0.000000,1.000000,1553.000000,438.000000,932.000000,136.000000,161.000000,5.000000,
0.049296,0.996020,0.145143,0.206767,0.275821,0.000397,-207.147572,3.174877,1396044.613803,1161964.896299,2307283.779089,207665.968214,1090450.962254,366.145420,98.038938,209.083040,30.011920,36.014304,85.033772,23.009138,49.019469,7.002781,8.003179,521.207005,140.055625,298.118402,43.017085,51.020263,3.000000,2.000000,3.000000,0.000000,1.000000,0.000000,1.000000,2.000000,0.000000,1.000000,0.000000,1.000000,3.000000,0.000000,1.000000,1553.000000,438.000000,932.000000,136.000000,161.000000,5.000000,
0.049296,0.996020,0.145143,0.206767,0.275821,0.000397,-207.147572,3.174877,1396044.613803,1161964.896299,2307283.779089,207665.968214,1090450.962254,366.145420,98.038938,209.083040,30.011920,36.014304,85.033772,23.009138,49.019469,7.002781,8.003179,521.207005,140.055625,298.118402,43.017085,51.020263,3.000000,2.000000,3.000000,0.000000,1.000000,0.000000,1.000000,2.000000,0.000000,1.000000,0.000000,1.000000,3.000000,0.000000,1.000000,1553.000000,438.000000,932.000000,136.000000,161.000000,5.000000,
0.049296,0.996020,0.145143,0.206767,0.275821,0.000397,-207.147572,3.174877,1396044.613803,1161964.896299,2307283.779089,207665.968214,1090450.962254,366.145420,98.038938,209.083040,30.011920,36.014304,85.033772,23.009138,49.019469,7.002781,8.003179,521.207005,140.055625,298.118402,43.017085,51.020263,3.000000,2.000000,3.000000,0.000000,1.000000,0.000000,1.000000,2.000000,0.000000,1.000000,0.000000,1.000000,3.000000,0.000000,1.000000,1553.000000,438.000000,932.000000,136.000000,161.000000,5.000000,
0.049296,0.996020,0.145143,0.206767,0.275821,0.000397,-207.147572,3.174877,1396044.613803,1161964.896299,2307283.779089,207665.968214,1090450.962254,366.145420,98.038938,209.083040,30.011920,36.014304,85.033772,23.009138,49.019469,7.002781,8.003179,521.207005,140.055625,298.118402,43.017085,51.020263,3.000000,2.000000,3.000000,0.000000,1.000000,0.000000,1.000000,2.000000,0.000000,1.000000,0.000000,1.000000,3.000000,0.000000,1.000000,1553.000000,438.000000,932.000000,136.000000,161.000000,5.000000,
0.049296,0.996020,0.145143,0.206767,0.275821,0.000397,-207.147572,3.174877,1396044.613803,1161964.896299,2307283.779089,207665.968214,1090450.962254,366.145420,98.038938,209.083040,30.011920,36.014304,85.033772,23.009138,49.019469,7.002781,8.003179,521.207005,140.055625,298.118402,43.017085,51.020263,3.000000,2.000000,3.000000,0.000000,1.000000,0.000000,1.000000,2.000000,0.000000,1.000000,0.000000,1.000000,3.000000,0.000000,1.000000,1553.000000,438.000000,932.000000,136.000000,161.000000,5.000000,
0.049296,0.996020,0.145143,0.206767,0.275821,0.000397,-207.147572,3.174877,1396044.613803,1161964.896299,2307283.779089,207665.968214,1090450.962254,366.145420,98.038938,209.083040,30.011920,36.014304,85.033772,23.009138,49.019469,7.002781,8.003179,521.207005,140.055625,298.118402,43.017085,51.020263,3.000000,2.000000,3.000000,0.000000,1.000000,0.000000,1.000000,2.000000,0.000000,1.000000,0.000000,1.000000,3.000000,0.000000,1.000000,1553.000000,438.000000,932.000000,136.000000,161.000000,5.000000,
0.049296,0.996020,0.145143,0.206767,0.275821,0.000397,-207.147572,3.174877,1396044.613803,1161964.896299,2307283.779089,207665.968214,1090450.962254,366.145420,98.038938,209.083040,30.011920,36.014304,85.033772,23.009138,49.019469,7.002781,8.003179,521.207005,140.055625,298.118402,43.017085,51.020263,3.000000,2.000000,3.000000,0.000000,1.000000,0.000000,1.000000,2.000000,0.000000,1.000000,0.000000,1.000000,3.000000,0.000000,1.000000,1553.000000,438.000000,932.000000,136.000000,161.000000,5.000000,
0.049296,0.996020,0.145143,0.206767,0.275821,0.000397,-207.147572,3.174877,1396044.613803,1161964.896299,2307283.779089,207665.968214,1090450.962254,366.145420,98.038938,209.083040,30.011920,36.014304,85.033772,23.009138,49.019469,7.002781,8.003179,521.207005,140.055625,298.118402,43.017085,51.020263,3.000000,2.000000,3.000000,0.000000,1.000000,0.000000,1.000000,2.000000,0.000000,1.000000,0.000000,1.000000,3.000000,0.000000,1.000000,1553.000000,438.000000,932.000000,136.000000,161.000000,5.000000,
0.049296,0.996020,0.145143,0.206767,0.275821,0.000397,-207.147572,3.174877,1396044.613803,1161964.896299,2307283.779089,207665.968214,1090450.962254,366.145420,98.038938,209.083040,30.011920,36.014304,85.033772,23.009138,49.019469,7.002781,8.003179,521.207005,140.055625,298.118402,43.017085,51.020263,3.000000,2.000000,3.000000,0.000000,1.000000,0.000000,1.000000,2.000000,0.000000,1.000000,0.000000,1.000000,3.000000,0.000000,1.000000,1553.000000,438.000000,932.000000,136.000000,161.000000,5.000000,
0.049296,0.996020,0.145143,0.206767,0.275821,0.000397,-207.147572,3.174877,1396044.613803,1161964.896299,2307283.779089,207665.968214,1090450.962254,366.145420,98.038938,209.083040,30.011920,36.014304,85.033772,23.009138,49.019469,7.002781,8.003179,521.207005,140.055625,298.118402,43.017085,51.020263,3.000000,2.000000,3.000000,0.000000,1.000000,0.000000,1.000000,2.000000,0.000000,1.000000,0.000000,1.000000,3.000000,0.000000,1.000000,1553.000000,438.000000,932.000000,136.000000,161.000000,5.000000,
0.049296,0.996020,0.145143,0.206767,0.275821,0.000397,-207.147572,3.174877,1396044.613803,1161964.896299,2307283.779089,207665.968214,1090450.962254,366.145420,98.038938,209.083040,30.011920,36.014304,85.033772,23.009138,49.019469,7.002781,8.003179,521.207005,140.055625,298.118402,43.017085,51.020263,3.000000,2.000000,3.000000,0.000000,1.000000,0.000000,1.000000,2.000000,0.000000,1.000000,0.000000,1.000000,3.000000,0.000000,1.000000,1553.000000,438.000000,932.000000,136.000000,161.000000,5.000000,
0.049296,0.996020,0.145143,0.206767,0.275821,0.000397,-207.147572,3.174877,1396044.613803,1161964.896299,2307283.779089,207665.968214,1090450.962254,366.145420,98.038938,209.083040,30.011920,36.014304,85.033772,23.009138,49.019469,7.002781,8.003179,521.207005,140.055625,298.118402,43.017085,51.020263,3.000000,2.000000,3.000000,0.000000,1.000000,0.000000,1.000000,2.000000,0.000000,1.000000,0.000000,1.000000,3.000000,0.000000,1.000000,1553.000000,438.000000,932.000000,136.000000,161.000000,5.000000,
0.049296,0.996020,0.145143,0.206767,0.275821,0.000397,-207.147572,3.174877,1396044.613803,1161964.896299,2307283.779089,207665.968214,1090450.962254,366.145420,98.038938,209.083040,30.011920,36.014304,85.033772,23.009138,49.019469,7.002781,8.003179,521.207005,140.055625,298.118402,43.017085,51.020263,3.000000,2.000000,3.000000,0.000000,1.000000,0.000000,1.000000,2.000000,0.000000,1.000000,0.000000,1.000000,3.000000,0.000000,1.000000,1553.000000,438.000000,932.000000,136.000000,161.000000,5.000000,
0.049296,0.996020,0.145143,0.206767,0.275821,0.000397,-207.147572,3.174877,1396044.613803,1161964.896299,2307283.779089,207665.968214,1090450.962254,366.145420,98.038938,209.083040,30.011920,36.014304,85.033772,23.009138,49.019469,7.002781,8.003179,521.207005,140.055625,298.118402,43.017085,51.020263,3.000000,2.000000,3.000000,0.000000,1.000000,0.000000,1.000000,2.000000,0.000000,1.000000,0.000000,1.000000,3.000000,0.000000,1.000000,1553.000000,438.000000,932.000000,136.000000,161.000000,5.000000,
0.049296,0.996020,0.145143,0.206767,0.275821,0.000397,-207.147572,3.174877,1396044.613803,1161964.896299,2307283.779089,207665.968214,1090450.962254,366.145420,98.038938,209.083040,30.011920,36.014304,85.033772,23.009138,49.019469,7.002781,8.003179,521.207005,140.055625,298.118402,43.017085,51.020263,3.000000,2.000000,3.000000,0.000000,1.000000,0.000000,1.000000,2.000000,0.000000,1.000000,0.000000,1.000000,3.000000,0.000000,1.000000,1553.000000,438.000000,932.000000,136.000000,161.000000,5.000000,
0.049296,0.996020,0.145143,0.206767,0.275821,0.000397,-207.147572,3.174877,1396044.613803,1161964.896299,2307283.779089,207665.968214,1090450.962254,366.145420,98.038938,209.083040,30.011920,36.014304,85.033772,23.009138,49.019469,7.002781,8.003179,521.207005,140.055625,298.118402,43.017085,51.020263,3.000000,2.000000,3.000000,0.000000,1.000000,0.000000,1.000000,2.000000,0.000000,1.000000,0.000000,1.000000,3.000000,0.000000,1.000000,1553.000000,438.000000,932.000000,136.000000,161.000000,5.000000,
0.049296,0.996020,0.145143,0.206767,0.275821,0.000397,-207.147572,3.174877,1396044.613803,1161964.896299,2307283.779089,207665.968214,1090450.962254,366.145420,98.038938,209.083040,30.011920,36.014304,85.033772,23.009138,49.019469,7.002781,8.003179,521.207005,140.055625,298.118402,43.017085,51.020263,3.000000,2.000000,3.000000,0.000000,1.000000,0.000000,1.000000,2.000000,0.000000,1.000000,0.000000,1.000000,3.000000,0.000000,1.000000,1553.000000,438.000000,932.000000,136.000000,161.000000,5.000000,
0.049296,0.996020,0.145143,0.206767,0.275821,0.000397,-207.147572,3.174877,1396044.613803,1161964.896299,2307283.779089,207665.968214,1090450.962254,366.145420,98.038938,209.083040,30.011920,36.014304,85.033772,23.009138,49.019469,7.002781,8.003179,521.207005,140.055625,298.118402,43.017085,51.020263,3.000000,2.000000,3.000000,0.000000,1.000000,0.000000,1.000000,2.000000,0.000000,1.000000,0.000000,1.000000,3.000000,0.000000,1.000000,1553.000000,438.000000,932.000000,136.000000,161.000000,5.000000,
0.049296,0.996020,0.145143,0.206767,0.275821,0.000397,-207.147572,3.174877,1396044.613803,1161964.896299,2307283.779089,207665.968214,1090450.962254,366.145420,98.038938,209.083040,30.011920,36.014304,85.033772,23.009138,49.019469,7.002781,8.003179,521.207005,140.055625,298.118402,43.017085,51.020263,3.000000,2.000000,3.000000,0.000000,1.000000,0.000000,1.000000,2.000000,0.000000,1.000000,0.000000,1.000000,3.000000,0.000000,1.000000,1553.000000,438.000000,932.000000,136.000000,161.000000,5.000000,
0.049296,0.996020,0.145143,0.206767,0.275821,0.000397,-207.147572,3.174877,1396044.613803,1161964.896299,2307283.779089,207665.968214,1090450.962254,366.145420,98.038938,209.083040,30.011920,36.014304,85.033772,23.009138,49.019469,7.002781,8.003179,521.207005,140.055625,298.118402,43.017085,51.020263,3.000000,2.000000,3.000000,0.000000,1.000000,0.000000,1.000000,2.000000,0.000000,1.000000,0.000000,1.000000,3.000000,0.000000,1.000000,1553.000000,438.000000,932.000000,136.000000,161.000000,5.000000,
0.049296,0.996020,0.145143,0.206767,0.275821,0.000397,-207.147572,3.174877,1396044.613803,1161964.896299,2307283.779089,207665.968214,1090450.962254,366.145420,98.038938,209.083040,30.011920,36.014304,85.033772,23.009138,49.019469,7.002781,8.003179,521.207005,140.055625,298.118402,43.017085,51.020263,3.000000,2.000000,3.000000,0.000000,1.000000,0.000000,1.000000,2.000000,0.000000,1.000000,0.000000,1.000000,3.000000,0.000000,1.000000,1553.000000,438.000000,932.000000,136.000000,161.000000,5.000000,
0.049296,0.996020,0.145143,0.206767,0.275821,0.000397,-207.147572,3.174877,1396044.613803,1161964.896299,2307283.779089,207665.968214,1090450.962254,366.145420,98.038938,209.083040,30.011920,36.014304,85.033772,23.009138,49.019469,7.002781,8.003179,521.207005,140.055625,298.118402,43.017085,51.020263,3.000000,2.000000,3.000000,0.000000,1.000000,0.000000,1.000000,2.000000,0.000000,1.000000,0.000000,1.000000,3.000000,0.000000,1.000000,1553.000000,438.000000,932.000000,136.000000,161.000000,5.000000,
0.049296,0.996020,0.145143,0.206767,0.275821,0.000397,-207.147572,3.174877,1396044.613803,1161964.896299,2307283.779089,207665.968214,1090450.962254,366.145420,98.038938,209.083040,30.011920,36.014304,85.033772,23.009138,49.019469,7.002781,8.003179,521.207005,140.055625,298.118402,43.017085,51.020263,3.000000,2.000000,3.000000,0.000000,1.000000,0.000000,1.000000,2.000000,0.000000,1.000000,0.000000,1.000000,3.000000,0.000000,1.000000,1553.000000,438.000000,932.000000,136.000000,161.000000,5.000000,
0.049296,0.996020,0.145143,0.206767,0.275821,0.000397,-207.147572,3.174877,1396044.613803,1161964.896299,2307283.779089,207665.968214,1090450.962254,366.145420,98.038938,209.083040,30.011920,36.014304,85.033772,23.009138,49.019469,7.002781,8.003179,521.207005,140.055625,298.118402,43.017085,51.020263,3.000000,2.000000,3.000000,0.000000,1.000000,0.000000,1.000000,2.000000,0.000000,1.000000,0.000000,1.000000,3.000000,0.000000,1.000000,1553.000000,438.000000,932.000000,136.000000,161.000000,5.000000,
0.049296,0.996020,0.145143,0.206767,0.275821,0.000397,-207.147572,3.174877,1396044.613803,1161964.896299,2307283.779089,207665.968214,1090450.962254,366.145420,98.038938,209.083040,30.011920,36.014304,85.033772,23.009138,49.019469,7.002781,8.003179,521.207005,140.055625,298.118402,43.017085,51.020263,3.000000,2.000000,3.000000,0.000000,1.000000,0.000000,1.000000,2.000000,0.000000,1.000000,0.000000,1.000000,3.000000,0.000000,1.000000,1553.000000,438.000000,932.000000,136.000000,161.000000,5.000000,
0.049296,0.996020,0.145143,0.206767,0.275821,0.000397,-207.147572,3.174877,1396044.613803,1161964.896299,2307283.779089,207665.968214,1090450.962254,366.145420,98.038938,209.083040,30.011920,36.014304,85.033772,23.009138,49.019469,7.002781,8.003179,521.207005,140.055625,298.118402,43.017085,51.020263,3.000000,2.000000,3.000000,0.000000,1.000000,0.000000,1.000000,2.000000,0.000000,1.000000,0.000000,1.000000,3.000000,0.000000,1.000000,1553.000000,438.000000,932.000000,136.000000,161.000000,5.000000,
0.049296,0.996020,0.145143,0.206767,0.275821,0.000397,-207.147572,3.174877,1396044.613803,1161964.896299,2307283.779089,207665.968214,1090450.962254,366.145420,98.038938,209.083040,30.011920,36.014304,85.033772,23.009138,49.019469,7.002781,8.003179,521.207005,140.055625,298.118402,43.017085,51.020263,3.000000,2.000000,3.000000,0.000000,1.000000,0.000000,1.000000,2.000000,0.000000,1.000000,0.000000,1.000000,3.000000,0.000000,1.000000,1553.000000,438.000000,932.000000,136.000000,161.000000,5.000000,
0.049296,0.996020,0.145143,0.206767,0.275821,0.000397,-207.147572,3.174877,1396044.613803,1161964.896299,2307283.779089,207665.968214,1090450.962254,366.145420,98.038938,209.083040,30.011920,36.014304,85.033772,23.009138,49.019469,7.002781,8.003179,521.207005,140.055625,298.118402,43.017085,51.020263,3.000000,2.000000,3.000000,0.000000,1.000000,0.000000,1.000000,2.000000,0.000000,1.000000,0.000000,1.000000,3.000000,0.000000,1.000000,1553.000000,438.000000,932.000000,136.000000,161.000000,5.000000,
0.049296,0.996020,0.145143,0.206767,0.275821,0.000397,-207.147572,3.174877,1396044.613803,1161964.896299,2307283.779089,207665.968214,1090450.962254,366.145420,98.038938,209.083040,30.011920,36.014304,85.033772,23.009138,49.019469,7.002781,8.003179,521.207005,140.055625,298.118402,43.017085,51.020263,3.000000,2.000000,3.000000,0.000000,1.000000,0.000000,1.000000,2.000000,0.000000,1.000000,0.000000,1.000000,3.000000,0.000000,1.000000,1553.000000,438.000000,932.000000,136.000000,161.000000,5.000000,
0.049296,0.996020,0.145143,0.206767,0.275821,0.000397,-207.147572,3.174877,1396044.613803,1161964.896299,2307283.779089,207665.968214,1090450.962254,366.145420,98.038938,209.083040,30.011920,36.014304,85.033772,23.009138,49.019469,7.002781,8.003179,521.207005,140.055625,298.118402,43.017085,51.020263,3.000000,2.000000,3.000000,0.000000,1.000000,0.000000,1.000000,2.000000,0.000000,1.000000,0.000000,1.000000,3.000000,0.000000,1.000000,1553.000000,438.000000,932.000000,136.000000,161.000000,5.000000,
0.049296,0.996020,0.145143,0.206767,0.275821,0.000397,-207.147572,3.174877,1396044.613803,1161964.896299,2307283.779089,207665.968214,1090450.962254,366.145420,98.038938,209.083040,30.011920,36.014304,85.033772,23.009138,49.019469,7.002781,8.003179,521.207005,140.055625,298.118402,43.017085,51.020263,3.000000,2.000000,3.000000,0.000000,1.000000,0.000000,1.000000,2.000000,0.000000,1.000000,0.000000,1.000000,3.000000,0.000000,1.000000,1553.000000,438.000000,932.000000,136.000000,161.000000,5.000000,
0.049296,0.996020,0.145143,0.206767,0.275821,0.000397,-207.147572,3.174877,1396044.613803,1161964.896299,2307283.779089,207665.968214,1090450.962254,366.145420,98.038938,209.083040,30.011920,36.014304,85.033772,23.009138,49.019469,7.002781,8.003179,521.207005,140.055625,298.118402,43.017085,51.020263,3.000000,2.000000,3.000000,0.000000,1.000000,0.000000,1.000000,2.000000,0.000000,1.000000,0.000000,1.000000,3.000000,0.000000,1.000000,1553.000000,438.000000,932.000000,136.000000,161.000000,5.000000,
0.049296,0.996020,0.145143,0.206767,0.275821,0.000397,-207.147572,3.174877,1396044.613803,1161964.896299,2307283.779089,207665.968214,1090450.962254,366.145420,98.038938,209.083040,30.011920,36.014304,85.033772,23.009138,49.019469,7.002781,8.003179,521.207005,140.055625,298.118402,43.017085,51.020263,3.000000,2.000000,3.000000,0.000000,1.000000,0.000000,1.000000,2.000000,0.000000,1.000000,0.000000,1.000000,3.000000,0.000000,1.000000,1553.000000,438.000000,932.000000,136.000000,161.000000,5.000000,
0.049296,0.996020,0.145143,0.206767,0.275821,0.000397,-207.147572,3.174877,1396044.613803,1161964.896299,2307283.779089,207665.968214,1090450.962254,366.145420,98.038938,209.083040,30.011920,36.014304,85.033772,23.009138,49.019469,7.002781,8.003179,521.207005,140.055625,298.118402,43.017085,51.020263,3.000000,2.000000,3.000000,0.000000,1.000000,0.000000,1.000000,2.000000,0.000000,1.000000,0.000000,1.000000,3.000000,0.000000,1.000000,1553.000000,438.000000,932.000000,136.000000,161.000000,5.000000,
0.049296,0.996020,0.145143,0.206767,0.275821,0.000397,-207.147572,3.174877,1396044.613803,1161964.896299,2307283.779089,207665.968214,1090450.962254,366.145420,98.038938,209.083040,30.011920,36.014304,85.033772,23.009138,49.019469,7.002781,8.003179,521.207005,140.055625,298.118402,43.017085,51.020263,3.000000,2.000000,3.000000,0.000000,1.000000,0.000000,1.000000,2.000000,0.000000,1.000000,0.000000,1.000000,3.000000,0.000000,1.000000,1553.000000,438.000000,932.000000,136.000000,161.000000,5.000000,
0.049296,0.996020,0.145143,0.206767,0.275821,0.000397,-207.147572,3.174877,1396044.613803,1161964.896299,2307283.779089,207665.968214,1090450.962254,366.145420,98.038938,209.083040,30.011920,36.014304,85.033772,23.009138,49.019469,7.002781,8.003179,521.207005,140.055625,298.118402,43.017085,51.020263,3.000000,2.000000,3.000000,0.000000,1.000000,0.000000,1.000000,2.000000,0.000000,1.000000,0.000000,1.000000,3.000000,0.000000,1.000000,1553.000000,438.000000,932.000000,136.000000,161.000000,5.000000,
0.049296,0.996020,0.145143,0.206767,0.275821,0.000397,-207.147572,3.174877,1396044.613803,1161964.896299,2307283.779089,207665.968214,1090450.962254,366.145420,98.038938,209.083040,30.011920,36.014304,85.033772,23.009138,49.019469,7.002781,8.003179,521.207005,140.055625,298.118402,43.017085,51.020263,3.000000,2.000000,3.000000,0.000000,1.000000,0.000000,1.000000,2.000000,0.000000,1.000000,0.000000,1.000000,3.000000,0.000000,1.000000,1553.000000,438.000000,932.000000,136.000000,161.000000,5.000000,
0.049296,0.996020,0.145143,0.206767,0.275821,0.000397,-207.147572,3.174877,1396044.613803,1161964.896299,2307283.779089,207665.968214,1090450.962254,366.145420,98.038938,209.083040,30.011920,36.014304,85.033772,23.009138,49.019469,7.002781,8.003179,521.207005,140.055625,298.118402,43.017085,51.020263,3.000000,2.000000,3.000000,0.000000,1.000000,0.000000,1.000000,2.000000,0.000000,1.000000,0.000000,1.000000,3.000000,0.000000,1.000000,1553.000000,438.000000,932.000000,136.000000,161.000000,5.000000,
0.049296,0.996020,0.145143,0.206767,0.275821,0.000397,-207.147572,3.174877,1396044.613803,1161964.896299,2307283.779089,207665.968214,1090450.962254,366.145420,98.038938,209.083040,30.011920,36.014304,85.033772,23.009138,49.019469,7.002781,8.003179,521.207005,140.055625,298.118402,43.017085,51.020263,3.000000,2.000000,3.000000,0.000000,1.000000,0.000000,1.000000,2.000000,0.000000,1.000000,0.000000,1.000000,3.000000,0.000000,1.000000,1553.000000,438.000000,932.000000,136.000000,161.000000,5.000000,
0.049296,0.996020,0.145143,0.206767,0.275821,0.000397,-207.147572,3.174877,1396044.613803,1161964.896299,2307283.779089,207665.968214,1090450.962254,366.145420,98.038938,209.083040,30.011920,36.014304,85.033772,23.009138,49.019469,7.002781,8.003179,521.207005,140.055625,298.118402,43.017085,51.020263,3.000000,2.000000,3.000000,0.000000,1.000000,0.000000,1.000000,2.000000,0.000000,1.000000,0.000000,1.000000,3.000000,0.000000,1.000000,1553.000000,438.000000,932.000000,136.000000,161.000000,5.000000,
0.049296,0.996020,0.145143,0.206767,0.275821,0.000397,-207.147572,3.174877,1396044.613803,1161964.896299,2307283.779089,207665.968214,1090450.962254,366.145420,98.038938,209.083040,30.011920,36.014304,85.033772,23.009138,49.019469,7.002781,8.003179,521.207005,140.055625,298.118402,43.017085,51.020263,3.000000,2.000000,3.000000,0.000000,1.000000,0.000000,1.000000,2.000000,0.000000,1.000000,0.000000,1.000000,3.000000,0.000000,1.000000,1553.000000,438.000000,932.000000,136.000000,161.000000,5.000000,
0.049296,0.996020,0.145143,0.206767,0.275821,0.000397,-207.147572,3.174877,1396044.613803,1161964.896299,2307283.779089,207665.968214,1090450.962254,366.145420,98.038938,209.083040,30.011920,36.014304,85.033772,23.009138,49.019469,7.002781,8.003179,521.207005,140.055625,298.118402,43.017085,51.020263,3.000000,2.000000,3.000000,0.000000,1.000000,0.000000,1.000000,2.000000,0.000000,1.000000,0.000000,1.000000,3.000000,0.000000,1.000000,1553.000000,438.000000,932.000000,136.000000,161.000000,5.000000,
0.049296,0.996020,0.145143,0.206767,0.275821,0.000397,-207.147572,3.174877,1396044.613803,1161964.896299,2307283.779089,207665.968214,1090450.962254,366.145420,98.038938,209.083040,30.011920,36.014304,85.033772,23.009138,49.019469,7.002781,8.003179,521.207005,140.055625,298.118402,43.017085,51.020263,3.000000,2.000000,3.000000,0.000000,1.000000,0.000000,1.000000,2.000000,0.000000,1.000000,0.000000,1.000000,3.000000,0.000000,1.000000,1553.000000,438.000000,932.000000,136.000000,161.000000,5.000000,
0.049296,0.996020,0.145143,0.206767,0.275821,0.000397,-207.147572,3.174877,1396044.613803,1161964.896299,2307283.779089,207665.968214,1090450.962254,366.145420,98.038938,209.083040,30.011920,36.014304,85.033772,23.009138,49.019469,7.002781,8.003179,521.207005,140.055625,298.118402,43.017085,51.020263,3.000000,2.000000,3.000000,0.000000,1.000000,0.000000,1.000000,2.000000,0.000000,1.000000,0.000000,1.000000,3.000000,0.000000,1.000000,1553.000000,438.000000,932.000000,136.000000,161.000000,5.000000,
0.049296,0.996020,0.145143,0.206767,0.275821,0.000397,-207.147572,3.174877,1396044.613803,1161964.896299,2307283.779089,207665.968214,1090450.962254,366.145420,98.038938,209.083040,30.011920,36.014304,85.033772,23.009138,49.019469,7.002781,8.003179,521.207005,140.055625,298.118402,43.017085,51.020263,3.000000,2.000000,3.000000,0.000000,1.000000,0.000000,1.000000,2.000000,0.000000,1.000000,0.000000,1.000000,3.000000,0.000000,1.000000,1553.000000,438.000000,932.000000,136.000000,161.000000,5.000000,
0.049296,0.996020,0.145143,0.206767,0.275821,0.000397,-207.147572,3.174877,1396044.613803,1161964.896299,2307283.779089,207665.968214,1090450.962254,366.145420,98.038938,209.083040,30.011920,36.014304,85.033772,23.009138,49.019469,7.002781,8.003179,521.207005,140.055625,298.118402,43.017085,51.020263,3.000000,2.000000,3.000000,0.000000,1.000000,0.000000,1.000000,2.000000,0.000000,1.000000,0.000000,1.000000,3.000000,0.000000,1.000000,1553.000000,438.000000,932.000000,136.000000,161.000000,5.000000,
0.049296,0.996020,0.145143,0.206767,0.275821,0.000397,-207.147572,3.174877,1396044.613803,1161964.896299,2307283.779089,207665.968214,1090450.962254,366.145420,98.038938,209.083040,30.011920,36.014304,85.033772,23.009138,49.019469,7.002781,8.003179,521.207005,140.055625,298.118402,43.017085,51.020263,3.000000,2.000000,3.000000,0.000000,1.000000,0.000000,1.000000,2.000000,0.000000,1.000000,0.000000,1.000000,3.000000,0.000000,1.000000,1553.000000,438.000000,932.000000,136.000000,161.000000,5.000000,
0.049296,0.996020,0.145143,0.206767,0.275821,0.000397,-207.147572,3.174877,1396044.613803,1161964.896299,2307283.779089,207665.968214,1090450.962254,366.145420,98.038938,209.083040,30.011920,36.014304,85.033772,23.009138,49.019469,7.002781,8.003179,521.207005,140.055625,298.118402,43.017085,51.020263,3.000000,2.000000,3.000000,0.000000,1.000000,0.000000,1.000000,2.000000,0.000000,1.000000,0.000000,1.000000,3.000000,0.000000,1.000000,1553.000000,438.000000,932.000000,136.000000,161.000000,5.000000,
0.049296,0.996020,0.145143,0.206767,0.275821,0.000397,-207.147572,3.174877,1396044.613803,1161964.896299,2307283.779089,207665.968214,1090450.962254,366.145420,98.038938,209.083040,30.011920,36.014304,85.033772,23.009138,49.019469,7.002781,8.003179,521.207005,140.055625,298.118402,43.017085,51.020263,3.000000,2.000000,3.000000,0.000000,1.000000,0.000000,1.000000,2.000000,0.000000,1.000000,0.000000,1.000000,3.000000,0.000000,1.000000,1553.000000,438.000000,932.000000,136.000000,161.000000,5.000000,
0.049296,0.996020,0.145143,0.206767,0.275821,0.000397,-207.147572,3.174877,1396044.613803,1161964.896299,2307283.779089,207665.968214,1090450.962254,366.145420,98.038938,209.083040,30.011920,36.014304,85.033772,23.009138,49.019469,7.002781,8.003179,521.207005,140.055625,298.118402,43.017085,51.020263,3.000000,2.000000,3.000000,0.000000,1.000000,0.000000,1.000000,2.000000,0.000000,1.000000,0.000000,1.000000,3.000000,0.000000,1.000000,1553.000000,438.000000,932.000000,136.000000,161.000000,5.000000,
0.049296,0.996020,0.145143,0.206767,0.275821,0.000397,-207.147572,3.174877,1396044.613803,1161964.896299,2307283.779089,207665.968214,1090450.962254,366.145420,98.038938,209.083040,30.011920,36.014304,85.033772,23.009138,49.019469,7.002781,8.003179,521.207005,140.055625,298.118402,43.017085,51.020263,3.000000,2.000000,3.000000,0.000000,1.000000,0.000000,1.000000,2.000000,0.000000,1.000000,0.000000,1.000000,3.000000,0.000000,1.000000,1553.000000,438.000000,932.000000,136.000000,161.000000,5.000000,
0.049296,0.996020,0.145143,0.206767,0.275821,0.000397,-207.147572,3.174877,1396044.613803,1161964.896299,2307283.779089,207665.968214,1090450.962254,366.145420,98.038938,209.083040,30.011920,36.014304,85.033772,23.009138,49.019469,7.002781,8.003179,521.207005,140.055625,298.118402,43.017085,51.020263,3.000000,2.000000,3.000000,0.000000,1.000000,0.000000,1.000000,2.000000,0.000000,1.000000,0.000000,1.000000,3.000000,0.000000,1.000000,1553.000000,438.000000,932.000000,136.000000,161.000000,5.000000,
0.049281,0.991878,0.147446,0.212926,0.246963,0.001007,-208.258129,3.179047,1396044.021332,1161964.737210,2307283.440186,207665.919451,1090450.904348,366.368511,98.098672,209.210434,30.030206,36.036247,85.085583,23.023158,49.049336,7.007048,8.008055,521.524574,140.140960,298.300044,43.043295,51.051350,3.000000,2.000000,3.000000,0.000000,1.000000,0.000000,1.000000,2.000000,0.000000,1.000000,0.000000,1.000000,3.000000,0.000000,1.000000,1553.000000,438.000000,932.000000,136.000000,161.000000,5.000000,
0.049281,0.991878,0.147446,0.212926,0.246963,0.001007,-208.258129,3.179047,1396044.021332,1161964.737210,2307283.440186,207665.919451,1090450.904348,366.368511,98.098672,209.210434,30.030206,36.036247,85.085583,23.023158,49.049336,7.007048,8.008055,521.524574,140.140960,298.300044,43.043295,51.051350,3.000000,2.000000,3.000000,0.000000,1.000000,0.000000,1.000000,2.000000,0.000000,1.000000,0.000000,1.000000,3.000000,0.000000,1.000000,1553.000000,438.000000,932.000000,136.000000,161.000000,5.000000,
0.049281,0.991878,0.147446,0.212926,0.246963,0.001007,-208.258129,3.179047,1396044.021332,1161964.737210,2307283.440186,207665.919451,1090450.904348,366.368511,98.098672,209.210434,30.030206,36.036247,85.085583,23.023158,49.049336,7.007048,8.008055,521.524574,140.140960,298.300044,43.043295,51.051350,3.000000,2.000000,3.000000,0.000000,1.000000,0.000000,1.000000,2.000000,0.000000,1.000000,0.000000,1.000000,3.000000,0.000000,1.000000,1553.000000,438.000000,932.000000,136.000000,161.000000,5.000000,
0.049281,0.991878,0.147446,0.212926,0.246963,0.001007,-208.258129,3.179047,1396044.021332,1161964.737210,2307283.440186,207665.919451,1090450.904348,366.368511,98.098672,209.210434,30.030206,36.036247,85.085583,23.023158,49.049336,7.007048,8.008055,521.524574,140.140960,298.300044,43.043295,51.051350,3.000000,2.000000,3.000000,0.000000,1.000000,0.000000,1.000000,2.000000,0.000000,1.000000,0.000000,1.000000,3.000000,0.000000,1.000000,1553.000000,438.000000,932.000000,136.000000,161.000000,5.000000,
0.049281,0.991878,0.147446,0.212926,0.246963,0.001007,-208.258129,3.179047,1396044.021332,1161964.737210,2307283.440186,207665.919451,1090450.904348,366.368511,98.098672,209.210434,30.030206,36.036247,85.085583,23.023158,49.049336,7.007048,8.008055,521.524574,140.140960,298.300044,43.043295,51.051350,3.000000,2.000000,3.000000,0.000000,1.000000,0.000000,1.000000,2.000000,0.000000,1.000000,0.000000,1.000000,3.000000,0.000000,1.000000,1553.000000,438.000000,932.000000,136.000000,161.000000,5.000000,
0.049281,0.991878,0.147446,0.212926,0.246963,0.001007,-208.258129,3.179047,1396044.021332,1161964.737210,2307283.440186,207665.919451,1090450.904348,366.368511,98.098672,209.210434,30.030206,36.036247,85.085583,23.023158,49.049336,7.007048,8.008055,521.524574,140.140960,298.300044,43.043295,51.051350,3.000000,2.000000,3.000000,0.000000,1.000000,0.000000,1.000000,2.000000,0.000000,1.000000,0.000000,1.000000,3.000000,0.000000,1.000000,1553.000000,438.000000,932.000000,136.000000,161.000000,5.000000,
0.049281,0.991878,0.147446,0.212926,0.246963,0.001007,-208.258129,3.179047,1396044.021332,1161964.737210,2307283.440186,207665.919451,1090450.904348,366.368511,98.098672,209.210434,30.030206,36.036247,85.085583,23.023158,49.049336,7.007048,8.008055,521.524574,140.140960,298.300044,43.043295,51.051350,3.000000,2.000000,3.000000,0.000000,1.000000,0.000000,1.000000,2.000000,0.000000,1.000000,0.000000,1.000000,3.000000,0.000000,1.000000,1553.000000,438.000000,932.000000,136.000000,161.000000,5.000000,
0.049281,0.991878,0.147446,0.212926,0.246963,0.001007,-208.258129,3.179047,1396044.021332,1161964.737210,2307283.440186,207665.919451,1090450.904348,366.368511,98.098672,209.210434,30.030206,36.036247,85.085583,23.023158,49.049336,7.007048,8.008055,521.524574,140.140960,298.300044,43.043295,51.051350,3.000000,2.000000,3.000000,0.000000,1.000000,0.000000,1.000000,2.000000,0.000000,1.000000,0.000000,1.000000,3.000000,0.000000,1.000000,1553.000000,438.000000,932.000000,136.000000,161.000000,5.000000,
0.049281,0.991878,0.147446,0.212926,0.246963,0.001007,-208.258129,3.179047,1396044.021332,1161964.737210,2307283.440186,207665.919451,1090450.904348,366.368511,98.098672,209.210434,30.030206,36.036247,85.085583,23.023158,49.049336,7.007048,8.008055,521.524574,140.140960,298.300044,43.043295,51.051350,3.000000,2.000000,3.000000,0.000000,1.000000,0.000000,1.000000,2.000000,0.000000,1.000000,0.000000,1.000000,3.000000,0.000000,1.000000,1553.000000,438.000000,932.000000,136.000000,161.000000,5.000000,
0.049292,0.997446,0.143749,0.216266,0.260052,0.000999,-207.646083,3.171495,1396044.029286,1161964.739345,2307283.444736,207665.920106,1090450.905126,366.365516,98.097870,209.208723,30.029960,36.035952,85.084888,23.022970,49.048935,7.006991,8.007989,521.520311,140.139815,298.297606,43.042943,51.050933,3.000000,2.000000,3.000000,0.000000,1.000000,0.000000,1.000000,2.000000,0.000000,1.000000,0.000000,1.000000,3.000000,0.000000,1.000000,1553.000000,438.000000,932.000000,136.000000,161.000000,5.000000,
0.049292,0.997446,0.143749,0.216266,0.260052,0.000999,-207.646083,3.171495,1396044.029286,1161964.739345,2307283.444736,207665.920106,1090450.905126,366.365516,98.097870,209.208723,30.029960,36.035952,85.084888,23.022970,49.048935,7.006991,8.007989,521.520311,140.139815,298.297606,43.042943,51.050933,3.000000,2.000000,3.000000,0.000000,1.000000,0.000000,1.000000,2.000000,0.000000,1.000000,0.000000,1.000000,3.000000,0.000000,1.000000,1553.000000,438.000000,932.000000,136.000000,161.000000,5.000000,
0.049292,0.997446,0.143749,0.216266,0.260052,0.000999,-207.646083,3.171495,1396044.029286,1161964.739345,2307283.444736,207665.920106,1090450.905126,366.365516,98.097870,209.208723,30.029960,36.035952,85.084888,23.022970,49.048935,7.006991,8.007989,521.520311,140.139815,298.297606,43.042943,51.050933,3.000000,2.000000,3.000000,0.000000,1.000000,0.000000,1.000000,2.000000,0.000000,1.000000,0.000000,1.000000,3.000000,0.000000,1.000000,1553.000000,438.000000,932.000000,136.000000,161.000000,5.000000,
0.049292,0.997446,0.143749,0.216266,0.260052,0.000999,-207.646083,3.171495,1396044.029286,1161964.739345,2307283.444736,207665.920106,1090450.905126,366.365516,98.097870,209.208723,30.029960,36.035952,85.084888,23.022970,49.048935,7.006991,8.007989,521.520311,140.139815,298.297606,43.042943,51.050933,3.000000,2.000000,3.000000,0.000000,1.000000,0.000000,1.000000,2.000000,0.000000,1.000000,0.000000,1.000000,3.000000,0.000000,1.000000,1553.000000,438.000000,932.000000,136.000000,161.000000,5.000000,
0.049292,0.997446,0.143749,0.216266,0.260052,0.000999,-207.646083,3.171495,1396044.029286,1161964.739345,2307283.444736,207665.920106,1090450.905126,366.365516,98.097870,209.208723,30.029960,36.035952,85.084888,23.022970,49.048935,7.006991,8.007989,521.520311,140.139815,298.297606,43.042943,51.050933,3.000000,2.000000,3.000000,0.000000,1.000000,0.000000,1.000000,2.000000,0.000000,1.000000,0.000000,1.000000,3.000000,0.000000,1.000000,1553.000000,438.000000,932.000000,136.000000,161.000000,5.000000,
0.049292,0.997446,0.143749,0.216266,0.260052,0.000999,-207.646083,3.171495,1396044.029286,1161964.739345,2307283.444736,207665.920106,1090450.905126,366.365516,98.097870,209.208723,30.029960,36.035952,85.084888,23.022970,49.048935,7.006991,8.007989,521.520311,140.139815,298.297606,43.042943,51.050933,3.000000,2.000000,3.000000,0.000000,1.000000,0.000000,1.000000,2.000000,0.000000,1.000000,0.000000,1.000000,3.000000,0.000000,1.000000,1553.000000,438.000000,932.000000,136.000000,161.000000,5.000000,
0.049292,0.997446,0.143749,0.216266,0.260052,0.000999,-207.646083,3.171495,1396044.029286,1161964.739345,2307283.444736,207665.920106,1090450.905126,366.365516,98.097870,209.208723,30.029960,36.035952,85.084888,23.022970,49.048935,7.006991,8.007989,521.520311,140.139815,298.297606,43.042943,51.050933,3.000000,2.000000,3.000000,0.000000,1.000000,0.000000,1.000000,2.000000,0.000000,1.000000,0.000000,1.000000,3.000000,0.000000,1.000000,1553.000000,438.000000,932.000000,136.000000,161.000000,5.000000,
0.049268,0.999577,0.145544,0.232268,0.216121,0.001888,-207.048183,3.173964,1396043.165268,1161964.507340,2307282.950503,207665.848993,1090450.820679,366.690856,98.184983,209.394505,30.056628,36.067953,85.160445,23.043414,49.092492,7.013213,8.015101,521.983432,140.264262,298.562500,43.081166,51.096267,3.000000,2.000000,3.000000,0.000000,1.000000,0.000000,1.000000,2.000000,0.000000,1.000000,0.000000,1.000000,3.000000,0.000000,1.000000,1553.000000,438.000000,932.000000,136.000000,161.000000,5.000000,
0.049268,0.999577,0.145544,0.232268,0.216121,0.001888,-207.048183,3.173964,1396043.165268,1161964.507340,2307282.950503,207665.848993,1090450.820679,366.690856,98.184983,209.394505,30.056628,36.067953,85.160445,23.043414,49.092492,7.013213,8.015101,521.983432,140.264262,298.562500,43.081166,51.096267,3.000000,2.000000,3.000000,0.000000,1.000000,0.000000,1.000000,2.000000,0.000000,1.000000,0.000000,1.000000,3.000000,0.000000,1.000000,1553.000000,438.000000,932.000000,136.000000,161.000000,5.000000,
0.049268,0.999577,0.145544,0.232268,0.216121,0.001888,-207.048183,3.173964,1396043.165268,1161964.507340,2307282.950503,207665.848993,1090450.820679,366.690856,98.184983,209.394505,30.056628,36.067953,85.160445,23.043414,49.092492,7.013213,8.015101,521.983432,140.264262,298.562500,43.081166,51.096267,3.000000,2.000000,3.000000,0.000000,1.000000,0.000000,1.000000,2.000000,0.000000,1.000000,0.000000,1.000000,3.000000,0.000000,1.000000,1553.000000,438.000000,932.000000,136.000000,161.000000,5.000000,
0.049268,0.999577,0.145544,0.232268,0.216121,0.001888,-207.048183,3.173964,1396043.165268,1161964.507340,2307282.950503,207665.848993,1090450.820679,366.690856,98.184983,209.394505,30.056628,36.067953,85.160445,23.043414,49.092492,7.013213,8.015101,521.983432,140.264262,298.562500,43.081166,51.096267,3.000000,2.000000,3.000000,0.000000,1.000000,0.000000,1.000000,2.000000,0.000000,1.000000,0.000000,1.000000,3.000000,0.000000,1.000000,1553.000000,438.000000,932.000000,136.000000,161.000000,5.000000,
0.049268,0.999577,0.145544,0.232268,0.216121,0.001888,-207.048183,3.173964,1396043.165268,1161964.507340,2307282.950503,207665.848993,1090450.820679,366.690856,98.184983,209.394505,30.056628,36.067953,85.160445,23.043414,49.092492,7.013213,8.015101,521.983432,140.264262,298.562500,43.081166,51.096267,3.000000,2.000000,3.000000,0.000000,1.000000,0.000000,1.000000,2.000000,0.000000,1.000000,0.000000,1.000000,3.000000,0.000000,1.000000,1553.000000,438.000000,932.000000,136.000000,161.000000,5.000000,
0.049268,0.999577,0.145544,0.232268,0.216121,0.001888,-207.048183,3.173964,1396043.165268,1161964.507340,2307282.950503,207665.848993,1090450.820679,366.690856,98.184983,209.394505,30.056628,36.067953,85.160445,23.043414,49.092492,7.013213,8.015101,521.983432,140.264262,298.562500,43.081166,51.096267,3.000000,2.000000,3.000000,0.000000,1.000000,0.000000,1.000000,2.000000,0.000000,1.000000,0.000000,1.000000,3.000000,0.000000,1.000000,1553.000000,438.000000,932.000000,136.000000,161.000000,5.000000,
0.049268,0.999577,0.145544,0.232268,0.216121,0.001888,-207.048183,3.173964,1396043.165268,1161964.507340,2307282.950503,207665.848993,1090450.820679,366.690856,98.184983,209.394505,30.056628,36.067953,85.160445,23.043414,49.092492,7.013213,8.015101,521.983432,140.264262,298.562500,43.081166,51.096267,3.000000,2.000000,3.000000,0.000000,1.000000,0.000000,1.000000,2.000000,0.000000,1.000000,0.000000,1.000000,3.000000,0.000000,1.000000,1553.000000,438.000000,932.000000,136.000000,161.000000,5.000000,
0.049268,0.999577,0.145544,0.232268,0.216121,0.001888,-207.048183,3.173964,1396043.165268,1161964.507340,2307282.950503,207665.848993,1090450.820679,366.690856,98.184983,209.394505,30.056628,36.067953,85.160445,23.043414,49.092492,7.013213,8.015101,521.983432,140.264262,298.562500,43.081166,51.096267,3.000000,2.000000,3.000000,0.000000,1.000000,0.000000,1.000000,2.000000,0.000000,1.000000,0.000000,1.000000,3.000000,0.000000,1.000000,1553.000000,438.000000,932.000000,136.000000,161.000000,5.000000,
0.049268,0.999577,0.145544,0.232268,0.216121,0.001888,-207.048183,3.173964,1396043.165268,1161964.507340,2307282.950503,207665.848993,1090450.820679,366.690856,98.184983,209.394505,30.056628,36.067953,85.160445,23.043414,49.092492,7.013213,8.015101,521.983432,140.264262,298.562500,43.081166,51.096267,3.000000,2.000000,3.000000,0.000000,1.000000,0.000000,1.000000,2.000000,0.000000,1.000000,0.000000,1.000000,3.000000,0.000000,1.000000,1553.000000,438.000000,932.000000,136.000000,161.000000,5.000000,
0.049268,0.999577,0.145544,0.232268,0.216121,0.001888,-207.048183,3.173964,1396043.165268,1161964.507340,2307282.950503,207665.848993,1090450.820679,366.690856,98.184983,209.394505,30.056628,36.067953,85.160445,23.043414,49.092492,7.013213,8.015101,521.983432,140.264262,298.562500,43.081166,51.096267,3.000000,2.000000,3.000000,0.000000,1.000000,0.000000,1.000000,2.000000,0.000000,1.000000,0.000000,1.000000,3.000000,0.000000,1.000000,1553.000000,438.000000,932.000000,136.000000,161.000000,5.000000,
0.049268,0.999577,0.145544,0.232268,0.216121,0.001888,-207.048183,3.173964,1396043.165268,1161964.507340,2307282.950503,207665.848993,1090450.820679,366.690856,98.184983,209.394505,30.056628,36.067953,85.160445,23.043414,49.092492,7.013213,8.015101,521.983432,140.264262,298.562500,43.081166,51.096267,3.000000,2.000000,3.000000,0.000000,1.000000,0.000000,1.000000,2.000000,0.000000,1.000000,0.000000,1.000000,3.000000,0.000000,1.000000,1553.000000,438.000000,932.000000,136.000000,161.000000,5.000000,
0.049268,0.999577,0.145544,0.232268,0.216121,0.001888,-207.048183,3.173964,1396043.165268,1161964.507340,2307282.950503,207665.848993,1090450.820679,366.690856,98.184983,209.394505,30.056628,36.067953,85.160445,23.043414,49.092492,7.013213,8.015101,521.983432,140.264262,298.562500,43.081166,51.096267,3.000000,2.000000,3.000000,0.000000,1.000000,0.000000,1.000000,2.000000,0.000000,1.000000,0.000000,1.000000,3.000000,0.000000,1.000000,1553.000000,438.000000,932.000000,136.000000,161.000000,5.000000,
0.049268,0.999577,0.145544,0.232268,0.216121,0.001888,-207.048183,3.173964,1396043.165268,1161964.507340,2307282.950503,207665.848993,1090450.820679,366.690856,98.184983,209.394505,30.056628,36.067953,85.160445,23.043414,49.092492,7.013213,8.015101,521.983432,140.264262,298.562500,43.081166,51.096267,3.000000,2.000000,3.000000,0.000000,1.000000,0.000000,1.000000,2.000000,0.000000,1.000000,0.000000,1.000000,3.000000,0.000000,1.000000,1553.000000,438.000000,932.000000,136.000000,161.000000,5.000000,
0.049268,0.999577,0.145544,0.232268,0.216121,0.001888,-207.048183,3.173964,1396043.165268,1161964.507340,2307282.950503,207665.848993,1090450.820679,366.690856,98.184983,209.394505,30.056628,36.067953,85.160445,23.043414,49.092492,7.013213,8.015101,521.983432,140.264262,298.562500,43.081166,51.096267,3.000000,2.000000,3.000000,0.000000,1.000000,0.000000,1.000000,2.000000,0.000000,1.000000,0.000000,1.000000,3.000000,0.000000,1.000000,1553.000000,438.000000,932.000000,136.000000,161.000000,5.000000,
0.049268,0.999577,0.145544,0.232268,0.216121,0.001888,-207.048183,3.173964,1396043.165268,1161964.507340,2307282.950503,207665.848993,1090450.820679,366.690856,98.184983,209.394505,30.056628,36.067953,85.160445,23.043414,49.092492,7.013213,8.015101,521.983432,140.264262,298.562500,43.081166,51.096267,3.000000,2.000000,3.000000,0.000000,1.000000,0.000000,1.000000,2.000000,0.000000,1.000000,0.000000,1.000000,3.000000,0.000000,1.000000,1553.000000,438.000000,932.000000,136.000000,161.000000,5.000000,
0.049268,0.999577,0.145544,0.232268,0.216121,0.001888,-207.048183,3.173964,1396043.165268,1161964.507340,2307282.950503,207665.848993,1090450.820679,366.690856,98.184983,209.394505,30.056628,36.067953,85.160445,23.043414,49.092492,7.013213,8.015101,521.983432,140.264262,298.562500,43.081166,51.096267,3.000000,2.000000,3.000000,0.000000,1.000000,0.000000,1.000000,2.000000,0.000000,1.000000,0.000000,1.000000,3.000000,0.000000,1.000000,1553.000000,438.000000,932.000000,136.000000,161.000000,5.000000,
0.049268,0.999577,0.145544,0.232268,0.216121,0.001888,-207.048183,3.173964,1396043.165268,1161964.507340,2307282.950503,207665.848993,1090450.820679,366.690856,98.184983,209.394505,30.056628,36.067953,85.160445,23.043414,49.092492,7.013213,8.015101,521.983432,140.264262,298.562500,43.081166,51.096267,3.000000,2.000000,3.000000,0.000000,1.000000,0.000000,1.000000,2.000000,0.000000,1.000000,0.000000,1.000000,3.000000,0.000000,1.000000,1553.000000,438.000000,932.000000,136.000000,161.000000,5.000000,
0.049268,0.999577,0.145544,0.232268,0.216121,0.001888,-207.048183,3.173964,1396043.165268,1161964.507340,2307282.950503,207665.848993,1090450.820679,366.690856,98.184983,209.394505,30.056628,36.067953,85.160445,23.043414,49.092492,7.013213,8.015101,521.983432,140.264262,298.562500,43.081166,51.096267,3.000000,2.000000,3.000000,0.000000,1.000000,0.000000,1.000000,2.000000,0.000000,1.000000,0.000000,1.000000,3.000000,0.000000,1.000000,1553.000000,438.000000,932.000000,136.000000,161.000000,5.000000,
0.049268,0.999577,0.145544,0.232268,0.216121,0.001888,-207.048183,3.173964,1396043.165268,1161964.507340,2307282.950503,207665.848993,1090450.820679,366.690856,98.184983,209.394505,30.056628,36.067953,85.160445,23.043414,49.092492,7.013213,8.015101,521.983432,140.264262,298.562500,43.081166,51.096267,3.000000,2.000000,3.000000,0.000000,1.000000,0.000000,1.000000,2.000000,0.000000,1.000000,0.000000,1.000000,3.000000,0.000000,1.000000,1553.000000,438.000000,932.000000,136.000000,161.000000,5.000000,
0.049268,0.999577,0.145544,0.232268,0.216121,0.001888,-207.048183,3.173964,1396043.165268,1161964.507340,2307282.950503,207665.848993,1090450.820679,366.690856,98.184983,209.394505,30.056628,36.067953,85.160445,23.043414,49.092492,7.013213,8.015101,521.983432,140.264262,298.562500,43.081166,51.096267,3.000000,2.000000,3.000000,0.000000,1.000000,0.000000,1.000000,2.000000,0.000000,1.000000,0.000000,1.000000,3.000000,0.000000,1.000000,1553.000000,438.000000,932.000000,136.000000,161.000000,5.000000,
0.049268,0.999577,0.145544,0.232268,0.216121,0.001888,-207.048183,3.173964,1396043.165268,1161964.507340,2307282.950503,207665.848993,1090450.820679,366.690856,98.184983,209.394505,30.056628,36.067953,85.160445,23.043414,49.092492,7.013213,8.015101,521.983432,140.264262,298.562500,43.081166,51.096267,3.000000,2.000000,3.000000,0.000000,1.000000,0.000000,1.000000,2.000000,0.000000,1.000000,0.000000,1.000000,3.000000,0.000000,1.000000,1553.000000,438.000000,932.000000,136.000000,161.000000,5.000000,
0.049268,0.999577,0.145544,0.232268,0.216121,0.001888,-207.048183,3.173964,1396043.165268,1161964.507340,2307282.950503,207665.848993,1090450.820679,366.690856,98.184983,209.394505,30.056628,36.067953,85.160445,23.043414,49.092492,7.013213,8.015101,521.983432,140.264262,298.562500,43.081166,51.096267,3.000000,2.000000,3.000000,0.000000,1.000000,0.000000,1.000000,2.000000,0.000000,1.000000,0.000000,1.000000,3.000000,0.000000,1.000000,1553.000000,438.000000,932.000000,136.000000,161.000000,5.000000,
0.049268,0.999577,0.145544,0.232268,0.216121,0.001888,-207.048183,3.173964,1396043.165268,1161964.507340,2307282.950503,207665.848993,1090450.820679,366.690856,98.184983,209.394505,30.056628,36.067953,85.160445,23.043414,49.092492,7.013213,8.015101,521.983432,140.264262,298.562500,43.081166,51.096267,3.000000,2.000000,3.000000,0.000000,1.000000,0.000000,1.000000,2.000000,0.000000,1.000000,0.000000,1.000000,3.000000,0.000000,1.000000,1553.000000,438.000000,932.000000,136.000000,161.000000,5.000000,
0.049286,0.997574,0.145067,0.221036,0.244762,0.000991,-207.077921,3.174056,1396044.036695,1161964.741335,2307283.448974,207665.920716,1090450.905850,366.362726,98.097123,209.207130,30.029732,36.035678,85.084240,23.022794,49.048562,7.006937,8.007928,521.516340,140.138748,298.295334,43.042615,51.050544,3.000000,2.000000,3.000000,0.000000,1.000000,0.000000,1.000000,2.000000,0.000000,1.000000,0.000000,1.000000,3.000000,0.000000,1.000000,1553.000000,438.000000,932.000000,136.000000,161.000000,5.000000,
0.049286,0.997574,0.145067,0.221036,0.244762,0.000991,-207.077921,3.174056,1396044.036695,1161964.741335,2307283.448974,207665.920716,1090450.905850,366.362726,98.097123,209.207130,30.029732,36.035678,85.084240,23.022794,49.048562,7.006937,8.007928,521.516340,140.138748,298.295334,43.042615,51.050544,3.000000,2.000000,3.000000,0.000000,1.000000,0.000000,1.000000,2.000000,0.000000,1.000000,0.000000,1.000000,3.000000,0.000000,1.000000,1553.000000,438.000000,932.000000,136.000000,161.000000,5.000000,
0.049286,0.997574,0.145067,0.221036,0.244762,0.000991,-207.077921,3.174056,1396044.036695,1161964.741335,2307283.448974,207665.920716,1090450.905850,366.362726,98.097123,209.207130,30.029732,36.035678,85.084240,23.022794,49.048562,7.006937,8.007928,521.516340,140.138748,298.295334,43.042615,51.050544,3.000000,2.000000,3.000000,0.000000,1.000000,0.000000,1.000000,2.000000,0.000000,1.000000,0.000000,1.000000,3.000000,0.000000,1.000000,1553.000000,438.000000,932.000000,136.000000,161.000000,5.000000,
0.049286,0.997574,0.145067,0.221036,0.244762,0.000991,-207.077921,3.174056,1396044.036695,1161964.741335,2307283.448974,207665.920716,1090450.905850,366.362726,98.097123,209.207130,30.029732,36.035678,85.084240,23.022794,49.048562,7.006937,8.007928,521.516340,140.138748,298.295334,43.042615,51.050544,3.000000,2.000000,3.000000,0.000000,1.000000,0.000000,1.000000,2.000000,0.000000,1.000000,0.000000,1.000000,3.000000,0.000000,1.000000,1553.000000,438.000000,932.000000,136.000000,161.000000,5.000000,
0.049286,0.997574,0.145067,0.221036,0.244762,0.000991,-207.077921,3.174056,1396044.036695,1161964.741335,2307283.448974,207665.920716,1090450.905850,366.362726,98.097123,209.207130,30.029732,36.035678,85.084240,23.022794,49.048562,7.006937,8.007928,521.516340,140.138748,298.295334,43.042615,51.050544,3.000000,2.000000,3.000000,0.000000,1.000000,0.000000,1.000000,2.000000,0.000000,1.000000,0.000000,1.000000,3.000000,0.000000,1.000000,1553.000000,438.000000,932.000000,136.000000,161.000000,5.000000,
0.049286,0.997574,0.145067,0.221036,0.244762,0.000991,-207.077921,3.174056,1396044.036695,1161964.741335,2307283.448974,207665.920716,1090450.905850,366.362726,98.097123,209.207130,30.029732,36.035678,85.084240,23.022794,49.048562,7.006937,8.007928,521.516340,140.138748,298.295334,43.042615,51.050544,3.000000,2.000000,3.000000,0.000000,1.000000,0.000000,1.000000,2.000000,0.000000,1.000000,0.000000,1.000000,3.000000,0.000000,1.000000,1553.000000,438.000000,932.000000,136.000000,161.000000,5.000000,
0.049286,0.997574,0.145067,0.221036,0.244762,0.000991,-207.077921,3.174056,1396044.036695,1161964.741335,2307283.448974,207665.920716,1090450.905850,366.362726,98.097123,209.207130,30.029732,36.035678,85.084240,23.022794,49.048562,7.006937,8.007928,521.516340,140.138748,298.295334,43.042615,51.050544,3.000000,2.000000,3.000000,0.000000,1.000000,0.000000,1.000000,2.000000,0.000000,1.000000,0.000000,1.000000,3.000000,0.000000,1.000000,1553.000000,438.000000,932.000000,136.000000,161.000000,5.000000,
0.049286,0.997574,0.145067,0.221036,0.244762,0.000991,-207.077921,3.174056,1396044.036695,1161964.741335,2307283.448974,207665.920716,1090450.905850,366.362726,98.097123,209.207130,30.029732,36.035678,85.084240,23.022794,49.048562,7.006937,8.007928,521.516340,140.138748,298.295334,43.042615,51.050544,3.000000,2.000000,3.000000,0.000000,1.000000,0.000000,1.000000,2.000000,0.000000,1.000000,0.000000,1.000000,3.000000,0.000000,1.000000,1553.000000,438.000000,932.000000,136.000000,161.000000,5.000000,
0.049286,0.997574,0.145067,0.221036,0.244762,0.000991,-207.077921,3.174056,1396044.036695,1161964.741335,2307283.448974,207665.920716,1090450.905850,366.362726,98.097123,209.207130,30.029732,36.035678,85.084240,23.022794,49.048562,7.006937,8.007928,521.516340,140.138748,298.295334,43.042615,51.050544,3.000000,2.000000,3.000000,0.000000,1.000000,0.000000,1.000000,2.000000,0.000000,1.000000,0.000000,1.000000,3.000000,0.000000,1.000000,1553.000000,438.000000,932.000000,136.000000,161.000000,5.000000,
0.049286,0.997574,0.145067,0.221036,0.244762,0.000991,-207.077921,3.174056,1396044.036695,1161964.741335,2307283.448974,207665.920716,1090450.905850,366.362726,98.097123,209.207130,30.029732,36.035678,85.084240,23.022794,49.048562,7.006937,8.007928,521.516340,140.138748,298.295334,43.042615,51.050544,3.000000,2.000000,3.000000,0.000000,1.000000,0.000000,1.000000,2.000000,0.000000,1.000000,0.000000,1.000000,3.000000,0.000000,1.000000,1553.000000,438.000000,932.000000,136.000000,161.000000,5.000000,
0.049290,0.998638,0.149534,0.217618,0.223097,0.000425,-206.875993,3.184263,1396044.587328,1161964.889190,2307283.763945,207665.966035,1090450.959667,366.155389,98.041607,209.088733,30.012737,36.015284,85.036088,23.009765,49.020803,7.002972,8.003396,521.221195,140.059438,298.126519,43.018256,51.021653,3.000000,2.000000,3.000000,0.000000,1.000000,0.000000,1.000000,2.000000,0.000000,1.000000,0.000000,1.000000,3.000000,0.000000,1.000000,1553.000000,438.000000,932.000000,136.000000,161.000000,5.000000,
0.049290,0.998638,0.149534,0.217618,0.223097,0.000425,-206.875993,3.184263,1396044.587328,1161964.889190,2307283.763945,207665.966035,1090450.959667,366.155389,98.041607,209.088733,30.012737,36.015284,85.036088,23.009765,49.020803,7.002972,8.003396,521.221195,140.059438,298.126519,43.018256,51.021653,3.000000,2.000000,3.000000,0.000000,1.000000,0.000000,1.000000,2.000000,0.000000,1.000000,0.000000,1.000000,3.000000,0.000000,1.000000,1553.000000,438.000000,932.000000,136.000000,161.000000,5.000000,
0.049290,0.998638,0.149534,0.217618,0.223097,0.000425,-206.875993,3.184263,1396044.587328,1161964.889190,2307283.763945,207665.966035,1090450.959667,366.155389,98.041607,209.088733,30.012737,36.015284,85.036088,23.009765,49.020803,7.002972,8.003396,521.221195,140.059438,298.126519,43.018256,51.021653,3.000000,2.000000,3.000000,0.000000,1.000000,0.000000,1.000000,2.000000,0.000000,1.000000,0.000000,1.000000,3.000000,0.000000,1.000000,1553.000000,438.000000,932.000000,136.000000,161.000000,5.000000,
0.049290,0.998638,0.149534,0.217618,0.223097,0.000425,-206.875993,3.184263,1396044.587328,1161964.889190,2307283.763945,207665.966035,1090450.959667,366.155389,98.041607,209.088733,30.012737,36.015284,85.036088,23.009765,49.020803,7.002972,8.003396,521.221195,140.059438,298.126519,43.018256,51.021653,3.000000,2.000000,3.000000,0.000000,1.000000,0.000000,1.000000,2.000000,0.000000,1.000000,0.000000,1.000000,3.000000,0.000000,1.000000,1553.000000,438.000000,932.000000,136.000000,161.000000,5.000000,
0.049290,0.998638,0.149534,0.217618,0.223097,0.000425,-206.875993,3.184263,1396044.587328,1161964.889190,2307283.763945,207665.966035,1090450.959667,366.155389,98.041607,209.088733,30.012737,36.015284,85.036088,23.009765,49.020803,7.002972,8.003396,521.221195,140.059438,298.126519,43.018256,51.021653,3.000000,2.000000,3.000000,0.000000,1.000000,0.000000,1.000000,2.000000,0.000000,1.000000,0.000000,1.000000,3.000000,0.000000,1.000000,1553.000000,438.000000,932.000000,136.000000,161.000000,5.000000,
0.049290,0.998638,0.149534,0.217618,0.223097,0.000425,-206.875993,3.184263,1396044.587328,1161964.889190,2307283.763945,207665.966035,1090450.959667,366.155389,98.041607,209.088733,30.012737,36.015284,85.036088,23.009765,49.020803,7.002972,8.003396,521.221195,140.059438,298.126519,43.018256,51.021653,3.000000,2.000000,3.000000,0.000000,1.000000,0.000000,1.000000,2.000000,0.000000,1.000000,0.000000,1.000000,3.000000,0.000000,1.000000,1553.000000,438.000000,932.000000,136.000000,161.000000,5.000000,
0.049290,0.998638,0.149534,0.217618,0.223097,0.000425,-206.875993,3.184263,1396044.587328,1161964.889190,2307283.763945,207665.966035,1090450.959667,366.155389,98.041607,209.088733,30.012737,36.015284,85.036088,23.009765,49.020803,7.002972,8.003396,521.221195,140.059438,298.126519,43.018256,51.021653,3.000000,2.000000,3.000000,0.000000,1.000000,0.000000,1.000000,2.000000,0.000000,1.000000,0.000000,1.000000,3.000000,0.000000,1.000000,1553.000000,438.000000,932.000000,136.000000,161.000000,5.000000,
0.049290,0.998638,0.149534,0.217618,0.223097,0.000425,-206.875993,3.184263,1396044.587328,1161964.889190,2307283.763945,207665.966035,1090450.959667,366.155389,98.041607,209.088733,30.012737,36.015284,85.036088,23.009765,49.020803,7.002972,8.003396,521.221195,140.059438,298.126519,43.018256,51.021653,3.000000,2.000000,3.000000,0.000000,1.000000,0.000000,1.000000,2.000000,0.000000,1.000000,0.000000,1.000000,3.000000,0.000000,1.000000,1553.000000,438.000000,932.000000,136.000000,161.000000,5.000000,
0.049290,0.998638,0.149534,0.217618,0.223097,0.000425,-206.875993,3.184263,1396044.587328,1161964.889190,2307283.763945,207665.966035,1090450.959667,366.155389,98.041607,209.088733,30.012737,36.015284,85.036088,23.009765,49.020803,7.002972,8.003396,521.221195,140.059438,298.126519,43.018256,51.021653,3.000000,2.000000,3.000000,0.000000,1.000000,0.000000,1.000000,2.000000,0.000000,1.000000,0.000000,1.000000,3.000000,0.000000,1.000000,1553.000000,438.000000,932.000000,136.000000,161.000000,5.000000,
0.049290,0.998638,0.149534,0.217618,0.223097,0.000425,-206.875993,3.184263,1396044.587328,1161964.889190,2307283.763945,207665.966035,1090450.959667,366.155389,98.041607,209.088733,30.012737,36.015284,85.036088,23.009765,49.020803,7.002972,8.003396,521.221195,140.059438,298.126519,43.018256,51.021653,3.000000,2.000000,3.000000,0.000000,1.000000,0.000000,1.000000,2.000000,0.000000,1.000000,0.000000,1.000000,3.000000,0.000000,1.000000,1553.000000,438.000000,932.000000,136.000000,161.000000,5.000000,
0.049290,0.998638,0.149534,0.217618,0.223097,0.000425,-206.875993,3.184263,1396044.587328,1161964.889190,2307283.763945,207665.966035,1090450.959667,366.155389,98.041607,209.088733,30.012737,36.015284,85.036088,23.009765,49.020803,7.002972,8.003396,521.221195,140.059438,298.126519,43.018256,51.021653,3.000000,2.000000,3.000000,0.000000,1.000000,0.000000,1.000000,2.000000,0.000000,1.000000,0.000000,1.000000,3.000000,0.000000,1.000000,1553.000000,438.000000,932.000000,136.000000,161.000000,5.000000,
0.049290,0.998638,0.149534,0.217618,0.223097,0.000425,-206.875993,3.184263,1396044.587328,1161964.889190,2307283.763945,207665.966035,1090450.959667,366.155389,98.041607,209.088733,30.012737,36.015284,85.036088,23.009765,49.020803,7.002972,8.003396,521.221195,140.059438,298.126519,43.018256,51.021653,3.000000,2.000000,3.000000,0.000000,1.000000,0.000000,1.000000,2.000000,0.000000,1.000000,0.000000,1.000000,3.000000,0.000000,1.000000,1553.000000,438.000000,932.000000,136.000000,161.000000,5.000000,
0.049290,0.998638,0.149534,0.217618,0.223097,0.000425,-206.875993,3.184263,1396044.587328,1161964.889190,2307283.763945,207665.966035,1090450.959667,366.155389,98.041607,209.088733,30.012737,36.015284,85.036088,23.009765,49.020803,7.002972,8.003396,521.221195,140.059438,298.126519,43.018256,51.021653,3.000000,2.000000,3.000000,0.000000,1.000000,0.000000,1.000000,2.000000,0.000000,1.000000,0.000000,1.000000,3.000000,0.000000,1.000000,1553.000000,438.000000,932.000000,136.000000,161.000000,5.000000,
0.049290,0.998638,0.149534,0.217618,0.223097,0.000425,-206.875993,3.184263,1396044.587328,1161964.889190,2307283.763945,207665.966035,1090450.959667,366.155389,98.041607,209.088733,30.012737,36.015284,85.036088,23.009765,49.020803,7.002972,8.003396,521.221195,140.059438,298.126519,43.018256,51.021653,3.000000,2.000000,3.000000,0.000000,1.000000,0.000000,1.000000,2.000000,0.000000,1.000000,0.000000,1.000000,3.000000,0.000000,1.000000,1553.000000,438.000000,932.000000,136.000000,161.000000,5.000000,
0.049290,0.998638,0.149534,0.217618,0.223097,0.000425,-206.875993,3.184263,1396044.587328,1161964.889190,2307283.763945,207665.966035,1090450.959667,366.155389,98.041607,209.088733,30.012737,36.015284,85.036088,23.009765,49.020803,7.002972,8.003396,521.221195,140.059438,298.126519,43.018256,51.021653,3.000000,2.000000,3.000000,0.000000,1.000000,0.000000,1.000000,2.000000,0.000000,1.000000,0.000000,1.000000,3.000000,0.000000,1.000000,1553.000000,438.000000,932.000000,136.000000,161.000000,5.000000,
0.049290,0.998638,0.149534,0.217618,0.223097,0.000425,-206.875993,3.184263,1396044.587328,1161964.889190,2307283.763945,207665.966035,1090450.959667,366.155389,98.041607,209.088733,30.012737,36.015284,85.036088,23.009765,49.020803,7.002972,8.003396,521.221195,140.059438,298.126519,43.018256,51.021653,3.000000,2.000000,3.000000,0.000000,1.000000,0.000000,1.000000,2.000000,0.000000,1.000000,0.000000,1.000000,3.000000,0.000000,1.000000,1553.000000,438.000000,932.000000,136.000000,161.000000,5.000000,
0.049290,0.998638,0.149534,0.217618,0.223097,0.000425,-206.875993,3.184263,1396044.587328,1161964.889190,2307283.763945,207665.966035,1090450.959667,366.155389,98.041607,209.088733,30.012737,36.015284,85.036088,23.009765,49.020803,7.002972,8.003396,521.221195,140.059438,298.126519,43.018256,51.021653,3.000000,2.000000,3.000000,0.000000,1.000000,0.000000,1.000000,2.000000,0.000000,1.000000,0.000000,1.000000,3.000000,0.000000,1.000000,1553.000000,438.000000,932.000000,136.000000,161.000000,5.000000,
0.049290,0.998638,0.149534,0.217618,0.223097,0.000425,-206.875993,3.184263,1396044.587328,1161964.889190,2307283.763945,207665.966035,1090450.959667,366.155389,98.041607,209.088733,30.012737,36.015284,85.036088,23.009765,49.020803,7.002972,8.003396,521.221195,140.059438,298.126519,43.018256,51.021653,3.000000,2.000000,3.000000,0.000000,1.000000,0.000000,1.000000,2.000000,0.000000,1.000000,0.000000,1.000000,3.000000,0.000000,1.000000,1553.000000,438.000000,932.000000,136.000000,161.000000,5.000000,
0.049290,0.998638,0.149534,0.217618,0.223097,0.000425,-206.875993,3.184263,1396044.587328,1161964.889190,2307283.763945,207665.966035,1090450.959667,366.155389,98.041607,209.088733,30.012737,36.015284,85.036088,23.009765,49.020803,7.002972,8.003396,521.221195,140.059438,298.126519,43.018256,51.021653,3.000000,2.000000,3.000000,0.000000,1.000000,0.000000,1.000000,2.000000,0.000000,1.000000,0.000000,1.000000,3.000000,0.000000,1.000000,1553.000000,438.000000,932.000000,136.000000,161.000000,5.000000,
0.049290,0.998638,0.149534,0.217618,0.223097,0.000425,-206.875993,3.184263,1396044.587328,1161964.889190,2307283.763945,207665.966035,1090450.959667,366.155389,98.041607,209.088733,30.012737,36.015284,85.036088,23.009765,49.020803,7.002972,8.003396,521.221195,140.059438,298.126519,43.018256,51.021653,3.000000,2.000000,3.000000,0.000000,1.000000,0.000000,1.000000,2.000000,0.000000,1.000000,0.000000,1.000000,3.000000,0.000000,1.000000,1553.000000,438.000000,932.000000,136.000000,161.000000,5.000000,
0.049290,0.998638,0.149534,0.217618,0.223097,0.000425,-206.875993,3.184263,1396044.587328,1161964.889190,2307283.763945,207665.966035,1090450.959667,366.155389,98.041607,209.088733,30.012737,36.015284,85.036088,23.009765,49.020803,7.002972,8.003396,521.221195,140.059438,298.126519,43.018256,51.021653,3.000000,2.000000,3.000000,0.000000,1.000000,0.000000,1.000000,2.000000,0.000000,1.000000,0.000000,1.000000,3.000000,0.000000,1.000000,1553.000000,438.000000,932.000000,136.000000,161.000000,5.000000,
0.049290,0.998638,0.149534,0.217618,0.223097,0.000425,-206.875993,3.184263,1396044.587328,1161964.889190,2307283.763945,207665.966035,1090450.959667,366.155389,98.041607,209.088733,30.012737,36.015284,85.036088,23.009765,49.020803,7.002972,8.003396,521.221195,140.059438,298.126519,43.018256,51.021653,3.000000,2.000000,3.000000,0.000000,1.000000,0.000000,1.000000,2.000000,0.000000,1.000000,0.000000,1.000000,3.000000,0.000000,1.000000,1553.000000,438.000000,932.000000,136.000000,161.000000,5.000000,
0.049290,0.998638,0.149534,0.217618,0.223097,0.000425,-206.875993,3.184263,1396044.587328,1161964.889190,2307283.763945,207665.966035,1090450.959667,366.155389,98.041607,209.088733,30.012737,36.015284,85.036088,23.009765,49.020803,7.002972,8.003396,521.221195,140.059438,298.126519,43.018256,51.021653,3.000000,2.000000,3.000000,0.000000,1.000000,0.000000,1.000000,2.000000,0.000000,1.000000,0.000000,1.000000,3.000000,0.000000,1.000000,1553.000000,438.000000,932.000000,136.000000,161.000000,5.000000,
0.049290,0.998638,0.149534,0.217618,0.223097,0.000425,-206.875993,3.184263,1396044.587328,1161964.889190,2307283.763945,207665.966035,1090450.959667,366.155389,98.041607,209.088733,30.012737,36.015284,85.036088,23.009765,49.020803,7.002972,8.003396,521.221195,140.059438,298.126519,43.018256,51.021653,3.000000,2.000000,3.000000,0.000000,1.000000,0.000000,1.000000,2.000000,0.000000,1.000000,0.000000,1.000000,3.000000,0.000000,1.000000,1553.000000,438.000000,932.000000,136.000000,161.000000,5.000000,
0.049290,0.998638,0.149534,0.217618,0.223097,0.000425,-206.875993,3.184263,1396044.587328,1161964.889190,2307283.763945,207665.966035,1090450.959667,366.155389,98.041607,209.088733,30.012737,36.015284,85.036088,23.009765,49.020803,7.002972,8.003396,521.221195,140.059438,298.126519,43.018256,51.021653,3.000000,2.000000,3.000000,0.000000,1.000000,0.000000,1.000000,2.000000,0.000000,1.000000,0.000000,1.000000,3.000000,0.000000,1.000000,1553.000000,438.000000,932.000000,136.000000,161.000000,5.000000,
0.049290,0.998638,0.149534,0.217618,0.223097,0.000425,-206.875993,3.184263,1396044.587328,1161964.889190,2307283.763945,207665.966035,1090450.959667,366.155389,98.041607,209.088733,30.012737,36.015284,85.036088,23.009765,49.020803,7.002972,8.003396,521.221195,140.059438,298.126519,43.018256,51.021653,3.000000,2.000000,3.000000,0.000000,1.000000,0.000000,1.000000,2.000000,0.000000,1.000000,0.000000,1.000000,3.000000,0.000000,1.000000,1553.000000,438.000000,932.000000,136.000000,161.000000,5.000000,
0.049290,0.998638,0.149534,0.217618,0.223097,0.000425,-206.875993,3.184263,1396044.587328,1161964.889190,2307283.763945,207665.966035,1090450.959667,366.155389,98.041607,209.088733,30.012737,36.015284,85.036088,23.009765,49.020803,7.002972,8.003396,521.221195,140.059438,298.126519,43.018256,51.021653,3.000000,2.000000,3.000000,0.000000,1.000000,0.000000,1.000000,2.000000,0.000000,1.000000,0.000000,1.000000,3.000000,0.000000,1.000000,1553.000000,438.000000,932.000000,136.000000,161.000000,5.000000,
0.049290,0.998638,0.149534,0.217618,0.223097,0.000425,-206.875993,3.184263,1396044.587328,1161964.889190,2307283.763945,207665.966035,1090450.959667,366.155389,98.041607,209.088733,30.012737,36.015284,85.036088,23.009765,49.020803,7.002972,8.003396,521.221195,140.059438,298.126519,43.018256,51.021653,3.000000,2.000000,3.000000,0.000000,1.000000,0.000000,1.000000,2.000000,0.000000,1.000000,0.000000,1.000000,3.000000,0.000000,1.000000,1553.000000,438.000000,932.000000,136.000000,161.000000,5.000000,
0.049290,0.998638,0.149534,0.217618,0.223097,0.000425,-206.875993,3.184263,1396044.587328,1161964.889190,2307283.763945,207665.966035,1090450.959667,366.155389,98.041607,209.088733,30.012737,36.015284,85.036088,23.009765,49.020803,7.002972,8.003396,521.221195,140.059438,298.126519,43.018256,51.021653,3.000000,2.000000,3.000000,0.000000,1.000000,0.000000,1.000000,2.000000,0.000000,1.000000,0.000000,1.000000,3.000000,0.000000,1.000000,1553.000000,438.000000,932.000000,136.000000,161.000000,5.000000,
0.049290,0.998638,0.149534,0.217618,0.223097,0.000425,-206.875993,3.184263,1396044.587328,1161964.889190,2307283.763945,207665.966035,1090450.959667,366.155389,98.041607,209.088733,30.012737,36.015284,85.036088,23.009765,49.020803,7.002972,8.003396,521.221195,140.059438,298.126519,43.018256,51.021653,3.000000,2.000000,3.000000,0.000000,1.000000,0.000000,1.000000,2.000000,0.000000,1.000000,0.000000,1.000000,3.000000,0.000000,1.000000,1553.000000,438.000000,932.000000,136.000000,161.000000,5.000000,
0.049290,0.998638,0.149534,0.217618,0.223097,0.000425,-206.875993,3.184263,1396044.587328,1161964.889190,2307283.763945,207665.966035,1090450.959667,366.155389,98.041607,209.088733,30.012737,36.015284,85.036088,23.009765,49.020803,7.002972,8.003396,521.221195,140.059438,298.126519,43.018256,51.021653,3.000000,2.000000,3.000000,0.000000,1.000000,0.000000,1.000000,2.000000,0.000000,1.000000,0.000000,1.000000,3.000000,0.000000,1.000000,1553.000000,438.000000,932.000000,136.000000,161.000000,5.000000,
0.049290,0.998638,0.149534,0.217618,0.223097,0.000425,-206.875993,3.184263,1396044.587328,1161964.889190,2307283.763945,207665.966035,1090450.959667,366.155389,98.041607,209.088733,30.012737,36.015284,85.036088,23.009765,49.020803,7.002972,8.003396,521.221195,140.059438,298.126519,43.018256,51.021653,3.000000,2.000000,3.000000,0.000000,1.000000,0.000000,1.000000,2.000000,0.000000,1.000000,0.000000,1.000000,3.000000,0.000000,1.000000,1553.000000,438.000000,932.000000,136.000000,161.000000,5.000000,
0.049290,0.998638,0.149534,0.217618,0.223097,0.000425,-206.875993,3.184263,1396044.587328,1161964.889190,2307283.763945,207665.966035,1090450.959667,366.155389,98.041607,209.088733,30.012737,36.015284,85.036088,23.009765,49.020803,7.002972,8.003396,521.221195,140.059438,298.126519,43.018256,51.021653,3.000000,2.000000,3.000000,0.000000,1.000000,0.000000,1.000000,2.000000,0.000000,1.000000,0.000000,1.000000,3.000000,0.000000,1.000000,1553.000000,438.000000,932.000000,136.000000,161.000000,5.000000,
0.049290,0.998638,0.149534,0.217618,0.223097,0.000425,-206.875993,3.184263,1396044.587328,1161964.889190,2307283.763945,207665.966035,1090450.959667,366.155389,98.041607,209.088733,30.012737,36.015284,85.036088,23.009765,49.020803,7.002972,8.003396,521.221195,140.059438,298.126519,43.018256,51.021653,3.000000,2.000000,3.000000,0.000000,1.000000,0.000000,1.000000,2.000000,0.000000,1.000000,0.000000,1.000000,3.000000,0.000000,1.000000,1553.000000,438.000000,932.000000,136.000000,161.000000,5.000000,
0.049290,0.998638,0.149534,0.217618,0.223097,0.000425,-206.875993,3.184263,1396044.587328,1161964.889190,2307283.763945,207665.966035,1090450.959667,366.155389,98.041607,209.088733,30.012737,36.015284,85.036088,23.009765,49.020803,7.002972,8.003396,521.221195,140.059438,298.126519,43.018256,51.021653,3.000000,2.000000,3.000000,0.000000,1.000000,0.000000,1.000000,2.000000,0.000000,1.000000,0.000000,1.000000,3.000000,0.000000,1.000000,1553.000000,438.000000,932.000000,136.000000,161.000000,5.000000,
0.049290,0.998638,0.149534,0.217618,0.223097,0.000425,-206.875993,3.184263,1396044.587328,1161964.889190,2307283.763945,207665.966035,1090450.959667,366.155389,98.041607,209.088733,30.012737,36.015284,85.036088,23.009765,49.020803,7.002972,8.003396,521.221195,140.059438,298.126519,43.018256,51.021653,3.000000,2.000000,3.000000,0.000000,1.000000,0.000000,1.000000,2.000000,0.000000,1.000000,0.000000,1.000000,3.000000,0.000000,1.000000,1553.000000,438.000000,932.000000,136.000000,161.000000,5.000000,
0.049290,0.998638,0.149534,0.217618,0.223097,0.000425,-206.875993,3.184263,1396044.587328,1161964.889190,2307283.763945,207665.966035,1090450.959667,366.155389,98.041607,209.088733,30.012737,36.015284,85.036088,23.009765,49.020803,7.002972,8.003396,521.221195,140.059438,298.126519,43.018256,51.021653,3.000000,2.000000,3.000000,0.000000,1.000000,0.000000,1.000000,2.000000,0.000000,1.000000,0.000000,1.000000,3.000000,0.000000,1.000000,1553.000000,438.000000,932.000000,136.000000,161.000000,5.000000,
0.049290,0.998638,0.149534,0.217618,0.223097,0.000425,-206.875993,3.184263,1396044.587328,1161964.889190,2307283.763945,207665.966035,1090450.959667,366.155389,98.041607,209.088733,30.012737,36.015284,85.036088,23.009765,49.020803,7.002972,8.003396,521.221195,140.059438,298.126519,43.018256,51.021653,3.000000,2.000000,3.000000,0.000000,1.000000,0.000000,1.000000,2.000000,0.000000,1.000000,0.000000,1.000000,3.000000,0.000000,1.000000,1553.000000,438.000000,932.000000,136.000000,161.000000,5.000000,
0.049290,0.998638,0.149534,0.217618,0.223097,0.000425,-206.875993,3.184263,1396044.587328,1161964.889190,2307283.763945,207665.966035,1090450.959667,366.155389,98.041607,209.088733,30.012737,36.015284,85.036088,23.009765,49.020803,7.002972,8.003396,521.221195,140.059438,298.126519,43.018256,51.021653,3.000000,2.000000,3.000000,0.000000,1.000000,0.000000,1.000000,2.000000,0.000000,1.000000,0.000000,1.000000,3.000000,0.000000,1.000000,1553.000000,438.000000,932.000000,136.000000,161.000000,5.000000,
0.049290,0.998638,0.149534,0.217618,0.223097,0.000425,-206.875993,3.184263,1396044.587328,1161964.889190,2307283.763945,207665.966035,1090450.959667,366.155389,98.041607,209.088733,30.012737,36.015284,85.036088,23.009765,49.020803,7.002972,8.003396,521.221195,140.059438,298.126519,43.018256,51.021653,3.000000,2.000000,3.000000,0.000000,1.000000,0.000000,1.000000,2.000000,0.000000,1.000000,0.000000,1.000000,3.000000,0.000000,1.000000,1553.000000,438.000000,932.000000,136.000000,161.000000,5.000000,
0.049290,0.998638,0.149534,0.217618,0.223097,0.000425,-206.875993,3.184263,1396044.587328,1161964.889190,2307283.763945,207665.966035,1090450.959667,366.155389,98.041607,209.088733,30.012737,36.015284,85.036088,23.009765,49.020803,7.002972,8.003396,521.221195,140.059438,298.126519,43.018256,51.021653,3.000000,2.000000,3.000000,0.000000,1.000000,0.000000,1.000000,2.000000,0.000000,1.000000,0.000000,1.000000,3.000000,0.000000,1.000000,1553.000000,438.000000,932.000000,136.000000,161.000000,5.000000,
0.049290,0.998638,0.149534,0.217618,0.223097,0.000425,-206.875993,3.184263,1396044.587328,1161964.889190,2307283.763945,207665.966035,1090450.959667,366.155389,98.041607,209.088733,30.012737,36.015284,85.036088,23.009765,49.020803,7.002972,8.003396,521.221195,140.059438,298.126519,43.018256,51.021653,3.000000,2.000000,3.000000,0.000000,1.000000,0.000000,1.000000,2.000000,0.000000,1.000000,0.000000,1.000000,3.000000,0.000000,1.000000,1553.000000,438.000000,932.000000,136.000000,161.000000,5.000000,
0.049290,0.998638,0.149534,0.217618,0.223097,0.000425,-206.875993,3.184263,1396044.587328,1161964.889190,2307283.763945,207665.966035,1090450.959667,366.155389,98.041607,209.088733,30.012737,36.015284,85.036088,23.009765,49.020803,7.002972,8.003396,521.221195,140.059438,298.126519,43.018256,51.021653,3.000000,2.000000,3.000000,0.000000,1.000000,0.000000,1.000000,2.000000,0.000000,1.000000,0.000000,1.000000,3.000000,0.000000,1.000000,1553.000000,438.000000,932.000000,136.000000,161.000000,5.000000,
0.049290,0.998638,0.149534,0.217618,0.223097,0.000425,-206.875993,3.184263,1396044.587328,1161964.889190,2307283.763945,207665.966035,1090450.959667,366.155389,98.041607,209.088733,30.012737,36.015284,85.036088,23.009765,49.020803,7.002972,8.003396,521.221195,140.059438,298.126519,43.018256,51.021653,3.000000,2.000000,3.000000,0.000000,1.000000,0.000000,1.000000,2.000000,0.000000,1.000000,0.000000,1.000000,3.000000,0.000000,1.000000,1553.000000,438.000000,932.000000,136.000000,161.000000,5.000000,
0.049290,0.998638,0.149534,0.217618,0.223097,0.000425,-206.875993,3.184263,1396044.587328,1161964.889190,2307283.763945,207665.966035,1090450.959667,366.155389,98.041607,209.088733,30.012737,36.015284,85.036088,23.009765,49.020803,7.002972,8.003396,521.221195,140.059438,298.126519,43.018256,51.021653,3.000000,2.000000,3.000000,0.000000,1.000000,0.000000,1.000000,2.000000,0.000000,1.000000,0.000000,1.000000,3.000000,0.000000,1.000000,1553.000000,438.000000,932.000000,136.000000,161.000000,5.000000,
0.049290,0.998638,0.149534,0.217618,0.223097,0.000425,-206.875993,3.184263,1396044.587328,1161964.889190,2307283.763945,207665.966035,1090450.959667,366.155389,98.041607,209.088733,30.012737,36.015284,85.036088,23.009765,49.020803,7.002972,8.003396,521.221195,140.059438,298.126519,43.018256,51.021653,3.000000,2.000000,3.000000,0.000000,1.000000,0.000000,1.000000,2.000000,0.000000,1.000000,0.000000,1.000000,3.000000,0.000000,1.000000,1553.000000,438.000000,932.000000,136.000000,161.000000,5.000000,
0.049290,0.998638,0.149534,0.217618,0.223097,0.000425,-206.875993,3.184263,1396044.587328,1161964.889190,2307283.763945,207665.966035,1090450.959667,366.155389,98.041607,209.088733,30.012737,36.015284,85.036088,23.009765,49.020803,7.002972,8.003396,521.221195,140.059438,298.126519,43.018256,51.021653,3.000000,2.000000,3.000000,0.000000,1.000000,0.000000,1.000000,2.000000,0.000000,1.000000,0.000000,1.000000,3.000000,0.000000,1.000000,1553.000000,438.000000,932.000000,136.000000,161.000000,5.000000,
0.049290,0.998638,0.149534,0.217618,0.223097,0.000425,-206.875993,3.184263,1396044.587328,1161964.889190,2307283.763945,207665.966035,1090450.959667,366.155389,98.041607,209.088733,30.012737,36.015284,85.036088,23.009765,49.020803,7.002972,8.003396,521.221195,140.059438,298.126519,43.018256,51.021653,3.000000,2.000000,3.000000,0.000000,1.000000,0.000000,1.000000,2.000000,0.000000,1.000000,0.000000,1.000000,3.000000,0.000000,1.000000,1553.000000,438.000000,932.000000,136.000000,161.000000,5.000000,
0.049316,0.996801,0.150933,0.203813,0.243137,0.000480,-207.225286,3.189062,1396044.533137,1161964.874639,2307283.732947,207665.961575,1090450.954370,366.175794,98.047071,209.100385,30.014409,36.017291,85.040827,23.011047,49.023535,7.003362,8.003842,521.250243,140.067244,298.143133,43.020653,51.024496,3.000000,2.000000,3.000000,0.000000,1.000000,0.000000,1.000000,2.000000,0.000000,1.000000,0.000000,1.000000,3.000000,0.000000,1.000000,1553.000000,438.000000,932.000000,136.000000,161.000000,5.000000,
0.049316,0.996801,0.150933,0.203813,0.243137,0.000480,-207.225286,3.189062,1396044.533137,1161964.874639,2307283.732947,207665.961575,1090450.954370,366.175794,98.047071,209.100385,30.014409,36.017291,85.040827,23.011047,49.023535,7.003362,8.003842,521.250243,140.067244,298.143133,43.020653,51.024496,3.000000,2.000000,3.000000,0.000000,1.000000,0.000000,1.000000,2.000000,0.000000,1.000000,0.000000,1.000000,3.000000,0.000000,1.000000,1553.000000,438.000000,932.000000,136.000000,161.000000,5.000000,
0.049316,0.996801,0.150933,0.203813,0.243137,0.000480,-207.225286,3.189062,1396044.533137,1161964.874639,2307283.732947,207665.961575,1090450.954370,366.175794,98.047071,209.100385,30.014409,36.017291,85.040827,23.011047,49.023535,7.003362,8.003842,521.250243,140.067244,298.143133,43.020653,51.024496,3.000000,2.000000,3.000000,0.000000,1.000000,0.000000,1.000000,2.000000,0.000000,1.000000,0.000000,1.000000,3.000000,0.000000,1.000000,1553.000000,438.000000,932.000000,136.000000,161.000000,5.000000,
0.049330,0.997035,0.150784,0.188199,0.278572,0.001181,-206.893874,3.189663,1396043.851755,1161964.691675,2307283.343185,207665.905494,1090450.887774,366.432364,98.115770,209.246896,30.035440,36.042528,85.100412,23.027170,49.057885,7.008269,8.009451,521.615469,140.165385,298.352034,43.050797,51.060247,3.000000,2.000000,3.000000,0.000000,1.000000,0.000000,1.000000,2.000000,0.000000,1.000000,0.000000,1.000000,3.000000,0.000000,1.000000,1553.000000,438.000000,932.000000,136.000000,161.000000,5.000000,
0.049330,0.997035,0.150784,0.188199,0.278572,0.001181,-206.893874,3.189663,1396043.851755,1161964.691675,2307283.343185,207665.905494,1090450.887774,366.432364,98.115770,209.246896,30.035440,36.042528,85.100412,23.027170,49.057885,7.008269,8.009451,521.615469,140.165385,298.352034,43.050797,51.060247,3.000000,2.000000,3.000000,0.000000,1.000000,0.000000,1.000000,2.000000,0.000000,1.000000,0.000000,1.000000,3.000000,0.000000,1.000000,1553.000000,438.000000,932.000000,136.000000,161.000000,5.000000,
0.049330,0.997035,0.150784,0.188199,0.278572,0.001181,-206.893874,3.189663,1396043.851755,1161964.691675,2307283.343185,207665.905494,1090450.887774,366.432364,98.115770,209.246896,30.035440,36.042528,85.100412,23.027170,49.057885,7.008269,8.009451,521.615469,140.165385,298.352034,43.050797,51.060247,3.000000,2.000000,3.000000,0.000000,1.000000,0.000000,1.000000,2.000000,0.000000,1.000000,0.000000,1.000000,3.000000,0.000000,1.000000,1553.000000,438.000000,932.000000,136.000000,161.000000,5.000000,
0.049330,0.997035,0.150784,0.188199,0.278572,0.001181,-206.893874,3.189663,1396043.851755,1161964.691675,2307283.343185,207665.905494,1090450.887774,366.432364,98.115770,209.246896,30.035440,36.042528,85.100412,23.027170,49.057885,7.008269,8.009451,521.615469,140.165385,298.352034,43.050797,51.060247,3.000000,2.000000,3.000000,0.000000,1.000000,0.000000,1.000000,2.000000,0.000000,1.000000,0.000000,1.000000,3.000000,0.000000,1.000000,1553.000000,438.000000,932.000000,136.000000,161.000000,5.000000,
0.049330,0.997035,0.150784,0.188199,0.278572,0.001181,-206.893874,3.189663,1396043.851755,1161964.691675,2307283.343185,207665.905494,1090450.887774,366.432364,98.115770,209.246896,30.035440,36.042528,85.100412,23.027170,49.057885,7.008269,8.009451,521.615469,140.165385,298.352034,43.050797,51.060247,3.000000,2.000000,3.000000,0.000000,1.000000,0.000000,1.000000,2.000000,0.000000,1.000000,0.000000,1.000000,3.000000,0.000000,1.000000,1553.000000,438.000000,932.000000,136.000000,161.000000,5.000000,
0.049330,0.997035,0.150784,0.188199,0.278572,0.001181,-206.893874,3.189663,1396043.851755,1161964.691675,2307283.343185,207665.905494,1090450.887774,366.432364,98.115770,209.246896,30.035440,36.042528,85.100412,23.027170,49.057885,7.008269,8.009451,521.615469,140.165385,298.352034,43.050797,51.060247,3.000000,2.000000,3.000000,0.000000,1.000000,0.000000,1.000000,2.000000,0.000000,1.000000,0.000000,1.000000,3.000000,0.000000,1.000000,1553.000000,438.000000,932.000000,136.000000,161.000000,5.000000,
0.049330,0.997035,0.150784,0.188199,0.278572,0.001181,-206.893874,3.189663,1396043.851755,1161964.691675,2307283.343185,207665.905494,1090450.887774,366.432364,98.115770,209.246896,30.035440,36.042528,85.100412,23.027170,49.057885,7.008269,8.009451,521.615469,140.165385,298.352034,43.050797,51.060247,3.000000,2.000000,3.000000,0.000000,1.000000,0.000000,1.000000,2.000000,0.000000,1.000000,0.000000,1.000000,3.000000,0.000000,1.000000,1553.000000,438.000000,932.000000,136.000000,161.000000,5.000000,
0.049330,0.997035,0.150784,0.188199,0.278572,0.001181,-206.893874,3.189663,1396043.851755,1161964.691675,2307283.343185,207665.905494,1090450.887774,366.432364,98.115770,209.246896,30.035440,36.042528,85.100412,23.027170,49.057885,7.008269,8.009451,521.615469,140.165385,298.352034,43.050797,51.060247,3.000000,2.000000,3.000000,0.000000,1.000000,0.000000,1.000000,2.000000,0.000000,1.000000,0.000000,1.000000,3.000000,0.000000,1.000000,1553.000000,438.000000,932.000000,136.000000,161.000000,5.000000,
0.049330,0.997035,0.150784,0.188199,0.278572,0.001181,-206.893874,3.189663,1396043.851755,1161964.691675,2307283.343185,207665.905494,1090450.887774,366.432364,98.115770,209.246896,30.035440,36.042528,85.100412,23.027170,49.057885,7.008269,8.009451,521.615469,140.165385,298.352034,43.050797,51.060247,3.000000,2.000000,3.000000,0.000000,1.000000,0.000000,1.000000,2.000000,0.000000,1.000000,0.000000,1.000000,3.000000,0.000000,1.000000,1553.000000,438.000000,932.000000,136.000000,161.000000,5.000000,
0.049345,0.996348,0.150199,0.186360,0.281607,0.000528,-207.328231,3.189298,1396044.486506,1161964.862117,2307283.706273,207665.957737,1090450.949813,366.193353,98.051772,209.110412,30.015849,36.019018,85.044904,23.012151,49.025886,7.003698,8.004226,521.275237,140.073960,298.157429,43.022716,51.026943,3.000000,2.000000,3.000000,0.000000,1.000000,0.000000,1.000000,2.000000,0.000000,1.000000,0.000000,1.000000,3.000000,0.000000,1.000000,1553.000000,438.000000,932.000000,136.000000,161.000000,5.000000,
0.049345,0.996348,0.150199,0.186360,0.281607,0.000528,-207.328231,3.189298,1396044.486506,1161964.862117,2307283.706273,207665.957737,1090450.949813,366.193353,98.051772,209.110412,30.015849,36.019018,85.044904,23.012151,49.025886,7.003698,8.004226,521.275237,140.073960,298.157429,43.022716,51.026943,3.000000,2.000000,3.000000,0.000000,1.000000,0.000000,1.000000,2.000000,0.000000,1.000000,0.000000,1.000000,3.000000,0.000000,1.000000,1553.000000,438.000000,932.000000,136.000000,161.000000,5.000000,
0.049345,0.996348,0.150199,0.186360,0.281607,0.000528,-207.328231,3.189298,1396044.486506,1161964.862117,2307283.706273,207665.957737,1090450.949813,366.193353,98.051772,209.110412,30.015849,36.019018,85.044904,23.012151,49.025886,7.003698,8.004226,521.275237,140.073960,298.157429,43.022716,51.026943,3.000000,2.000000,3.000000,0.000000,1.000000,0.000000,1.000000,2.000000,0.000000,1.000000,0.000000,1.000000,3.000000,0.000000,1.000000,1553.000000,438.000000,932.000000,136.000000,161.000000,5.000000,
0.049345,0.996348,0.150199,0.186360,0.281607,0.000528,-207.328231,3.189298,1396044.486506,1161964.862117,2307283.706273,207665.957737,1090450.949813,366.193353,98.051772,209.110412,30.015849,36.019018,85.044904,23.012151,49.025886,7.003698,8.004226,521.275237,140.073960,298.157429,43.022716,51.026943,3.000000,2.000000,3.000000,0.000000,1.000000,0.000000,1.000000,2.000000,0.000000,1.000000,0.000000,1.000000,3.000000,0.000000,1.000000,1553.000000,438.000000,932.000000,136.000000,161.000000,5.000000,
0.049345,0.996348,0.150199,0.186360,0.281607,0.000528,-207.328231,3.189298,1396044.486506,1161964.862117,2307283.706273,207665.957737,1090450.949813,366.193353,98.051772,209.110412,30.015849,36.019018,85.044904,23.012151,49.025886,7.003698,8.004226,521.275237,140.073960,298.157429,43.022716,51.026943,3.000000,2.000000,3.000000,0.000000,1.000000,0.000000,1.000000,2.000000,0.000000,1.000000,0.000000,1.000000,3.000000,0.000000,1.000000,1553.000000,438.000000,932.000000,136.000000,161.000000,5.000000,
0.049345,0.996348,0.150199,0.186360,0.281607,0.000528,-207.328231,3.189298,1396044.486506,1161964.862117,2307283.706273,207665.957737,1090450.949813,366.193353,98.051772,209.110412,30.015849,36.019018,85.044904,23.012151,49.025886,7.003698,8.004226,521.275237,140.073960,298.157429,43.022716,51.026943,3.000000,2.000000,3.000000,0.000000,1.000000,0.000000,1.000000,2.000000,0.000000,1.000000,0.000000,1.000000,3.000000,0.000000,1.000000,1553.000000,438.000000,932.000000,136.000000,161.000000,5.000000,
0.049345,0.996348,0.150199,0.186360,0.281607,0.000528,-207.328231,3.189298,1396044.486506,1161964.862117,2307283.706273,207665.957737,1090450.949813,366.193353,98.051772,209.110412,30.015849,36.019018,85.044904,23.012151,49.025886,7.003698,8.004226,521.275237,140.073960,298.157429,43.022716,51.026943,3.000000,2.000000,3.000000,0.000000,1.000000,0.000000,1.000000,2.000000,0.000000,1.000000,0.000000,1.000000,3.000000,0.000000,1.000000,1553.000000,438.000000,932.000000,136.000000,161.000000,5.000000,
0.049345,0.996348,0.150199,0.186360,0.281607,0.000528,-207.328231,3.189298,1396044.486506,1161964.862117,2307283.706273,207665.957737,1090450.949813,366.193353,98.051772,209.110412,30.015849,36.019018,85.044904,23.012151,49.025886,7.003698,8.004226,521.275237,140.073960,298.157429,43.022716,51.026943,3.000000,2.000000,3.000000,0.000000,1.000000,0.000000,1.000000,2.000000,0.000000,1.000000,0.000000,1.000000,3.000000,0.000000,1.000000,1553.000000,438.000000,932.000000,136.000000,161.000000,5.000000,
0.049345,0.996348,0.150199,0.186360,0.281607,0.000528,-207.328231,3.189298,1396044.486506,1161964.862117,2307283.706273,207665.957737,1090450.949813,366.193353,98.051772,209.110412,30.015849,36.019018,85.044904,23.012151,49.025886,7.003698,8.004226,521.275237,140.073960,298.157429,43.022716,51.026943,3.000000,2.000000,3.000000,0.000000,1.000000,0.000000,1.000000,2.000000,0.000000,1.000000,0.000000,1.000000,3.000000,0.000000,1.000000,1553.000000,438.000000,932.000000,136.000000,161.000000,5.000000,
0.049345,0.996348,0.150199,0.186360,0.281607,0.000528,-207.328231,3.189298,1396044.486506,1161964.862117,2307283.706273,207665.957737,1090450.949813,366.193353,98.051772,209.110412,30.015849,36.019018,85.044904,23.012151,49.025886,7.003698,8.004226,521.275237,140.073960,298.157429,43.022716,51.026943,3.000000,2.000000,3.000000,0.000000,1.000000,0.000000,1.000000,2.000000,0.000000,1.000000,0.000000,1.000000,3.000000,0.000000,1.000000,1553.000000,438.000000,932.000000,136.000000,161.000000,5.000000,
0.049345,0.996348,0.150199,0.186360,0.281607,0.000528,-207.328231,3.189298,1396044.486506,1161964.862117,2307283.706273,207665.957737,1090450.949813,366.193353,98.051772,209.110412,30.015849,36.019018,85.044904,23.012151,49.025886,7.003698,8.004226,521.275237,140.073960,298.157429,43.022716,51.026943,3.000000,2.000000,3.000000,0.000000,1.000000,0.000000,1.000000,2.000000,0.000000,1.000000,0.000000,1.000000,3.000000,0.000000,1.000000,1553.000000,438.000000,932.000000,136.000000,161.000000,5.000000,
0.049345,0.996348,0.150199,0.186360,0.281607,0.000528,-207.328231,3.189298,1396044.486506,1161964.862117,2307283.706273,207665.957737,1090450.949813,366.193353,98.051772,209.110412,30.015849,36.019018,85.044904,23.012151,49.025886,7.003698,8.004226,521.275237,140.073960,298.157429,43.022716,51.026943,3.000000,2.000000,3.000000,0.000000,1.000000,0.000000,1.000000,2.000000,0.000000,1.000000,0.000000,1.000000,3.000000,0.000000,1.000000,1553.000000,438.000000,932.000000,136.000000,161.000000,5.000000,
0.049345,0.996348,0.150199,0.186360,0.281607,0.000528,-207.328231,3.189298,1396044.486506,1161964.862117,2307283.706273,207665.957737,1090450.949813,366.193353,98.051772,209.110412,30.015849,36.019018,85.044904,23.012151,49.025886,7.003698,8.004226,521.275237,140.073960,298.157429,43.022716,51.026943,3.000000,2.000000,3.000000,0.000000,1.000000,0.000000,1.000000,2.000000,0.000000,1.000000,0.000000,1.000000,3.000000,0.000000,1.000000,1553.000000,438.000000,932.000000,136.000000,161.000000,5.000000,
0.049323,0.997366,0.149131,0.205931,0.245620,0.000795,-207.188470,3.185526,1396044.227615,1161964.792600,2307283.558183,207665.936429,1090450.924510,366.290836,98.077874,209.166079,30.023839,36.028607,85.067544,23.018277,49.038937,7.005562,8.006357,521.414005,140.111249,298.236801,43.034169,51.040526,3.000000,2.000000,3.000000,0.000000,1.000000,0.000000,1.000000,2.000000,0.000000,1.000000,0.000000,1.000000,3.000000,0.000000,1.000000,1553.000000,438.000000,932.000000,136.000000,161.000000,5.000000,
0.049323,0.997366,0.149131,0.205931,0.245620,0.000795,-207.188470,3.185526,1396044.227615,1161964.792600,2307283.558183,207665.936429,1090450.924510,366.290836,98.077874,209.166079,30.023839,36.028607,85.067544,23.018277,49.038937,7.005562,8.006357,521.414005,140.111249,298.236801,43.034169,51.040526,3.000000,2.000000,3.000000,0.000000,1.000000,0.000000,1.000000,2.000000,0.000000,1.000000,0.000000,1.000000,3.000000,0.000000,1.000000,1553.000000,438.000000,932.000000,136.000000,161.000000,5.000000,
0.049323,0.997366,0.149131,0.205931,0.245620,0.000795,-207.188470,3.185526,1396044.227615,1161964.792600,2307283.558183,207665.936429,1090450.924510,366.290836,98.077874,209.166079,30.023839,36.028607,85.067544,23.018277,49.038937,7.005562,8.006357,521.414005,140.111249,298.236801,43.034169,51.040526,3.000000,2.000000,3.000000,0.000000,1.000000,0.000000,1.000000,2.000000,0.000000,1.000000,0.000000,1.000000,3.000000,0.000000,1.000000,1553.000000,438.000000,932.000000,136.000000,161.000000,5.000000,
0.049323,0.997366,0.149131,0.205931,0.245620,0.000795,-207.188470,3.185526,1396044.227615,1161964.792600,2307283.558183,207665.936429,1090450.924510,366.290836,98.077874,209.166079,30.023839,36.028607,85.067544,23.018277,49.038937,7.005562,8.006357,521.414005,140.111249,298.236801,43.034169,51.040526,3.000000,2.000000,3.000000,0.000000,1.000000,0.000000,1.000000,2.000000,0.000000,1.000000,0.000000,1.000000,3.000000,0.000000,1.000000,1553.000000,438.000000,932.000000,136.000000,161.000000,5.000000,
0.049323,0.997366,0.149131,0.205931,0.245620,0.000795,-207.188470,3.185526,1396044.227615,1161964.792600,2307283.558183,207665.936429,1090450.924510,366.290836,98.077874,209.166079,30.023839,36.028607,85.067544,23.018277,49.038937,7.005562,8.006357,521.414005,140.111249,298.236801,43.034169,51.040526,3.000000,2.000000,3.000000,0.000000,1.000000,0.000000,1.000000,2.000000,0.000000,1.000000,0.000000,1.000000,3.000000,0.000000,1.000000,1553.000000,438.000000,932.000000,136.000000,161.000000,5.000000,
0.049323,0.997366,0.149131,0.205931,0.245620,0.000795,-207.188470,3.185526,1396044.227615,1161964.792600,2307283.558183,207665.936429,1090450.924510,366.290836,98.077874,209.166079,30.023839,36.028607,85.067544,23.018277,49.038937,7.005562,8.006357,521.414005,140.111249,298.236801,43.034169,51.040526,3.000000,2.000000,3.000000,0.000000,1.000000,0.000000,1.000000,2.000000,0.000000,1.000000,0.000000,1.000000,3.000000,0.000000,1.000000,1553.000000,438.000000,932.000000,136.000000,161.000000,5.000000,
0.049323,0.997366,0.149131,0.205931,0.245620,0.000795,-207.188470,3.185526,1396044.227615,1161964.792600,2307283.558183,207665.936429,1090450.924510,366.290836,98.077874,209.166079,30.023839,36.028607,85.067544,23.018277,49.038937,7.005562,8.006357,521.414005,140.111249,298.236801,43.034169,51.040526,3.000000,2.000000,3.000000,0.000000,1.000000,0.000000,1.000000,2.000000,0.000000,1.000000,0.000000,1.000000,3.000000,0.000000,1.000000,1553.000000,438.000000,932.000000,136.000000,161.000000,5.000000,
0.049323,0.997366,0.149131,0.205931,0.245620,0.000795,-207.188470,3.185526,1396044.227615,1161964.792600,2307283.558183,207665.936429,1090450.924510,366.290836,98.077874,209.166079,30.023839,36.028607,85.067544,23.018277,49.038937,7.005562,8.006357,521.414005,140.111249,298.236801,43.034169,51.040526,3.000000,2.000000,3.000000,0.000000,1.000000,0.000000,1.000000,2.000000,0.000000,1.000000,0.000000,1.000000,3.000000,0.000000,1.000000,1553.000000,438.000000,932.000000,136.000000,161.000000,5.000000,
0.049323,0.997366,0.149131,0.205931,0.245620,0.000795,-207.188470,3.185526,1396044.227615,1161964.792600,2307283.558183,207665.936429,1090450.924510,366.290836,98.077874,209.166079,30.023839,36.028607,85.067544,23.018277,49.038937,7.005562,8.006357,521.414005,140.111249,298.236801,43.034169,51.040526,3.000000,2.000000,3.000000,0.000000,1.000000,0.000000,1.000000,2.000000,0.000000,1.000000,0.000000,1.000000,3.000000,0.000000,1.000000,1553.000000,438.000000,932.000000,136.000000,161.000000,5.000000,
0.049323,0.997366,0.149131,0.205931,0.245620,0.000795,-207.188470,3.185526,1396044.227615,1161964.792600,2307283.558183,207665.936429,1090450.924510,366.290836,98.077874,209.166079,30.023839,36.028607,85.067544,23.018277,49.038937,7.005562,8.006357,521.414005,140.111249,298.236801,43.034169,51.040526,3.000000,2.000000,3.000000,0.000000,1.000000,0.000000,1.000000,2.000000,0.000000,1.000000,0.000000,1.000000,3.000000,0.000000,1.000000,1553.000000,438.000000,932.000000,136.000000,161.000000,5.000000,
0.049323,0.997366,0.149131,0.205931,0.245620,0.000795,-207.188470,3.185526,1396044.227615,1161964.792600,2307283.558183,207665.936429,1090450.924510,366.290836,98.077874,209.166079,30.023839,36.028607,85.067544,23.018277,49.038937,7.005562,8.006357,521.414005,140.111249,298.236801,43.034169,51.040526,3.000000,2.000000,3.000000,0.000000,1.000000,0.000000,1.000000,2.000000,0.000000,1.000000,0.000000,1.000000,3.000000,0.000000,1.000000,1553.000000,438.000000,932.000000,136.000000,161.000000,5.000000,
0.049323,0.997366,0.149131,0.205931,0.245620,0.000795,-207.188470,3.185526,1396044.227615,1161964.792600,2307283.558183,207665.936429,1090450.924510,366.290836,98.077874,209.166079,30.023839,36.028607,85.067544,23.018277,49.038937,7.005562,8.006357,521.414005,140.111249,298.236801,43.034169,51.040526,3.000000,2.000000,3.000000,0.000000,1.000000,0.000000,1.000000,2.000000,0.000000,1.000000,0.000000,1.000000,3.000000,0.000000,1.000000,1553.000000,438.000000,932.000000,136.000000,161.000000,5.000000,
0.049309,0.997416,0.149786,0.207369,0.243822,0.001433,-206.866388,3.186080,1396043.607555,1161964.626103,2307283.203498,207665.885395,1090450.863907,366.524316,98.140391,209.299404,30.042977,36.051572,85.121767,23.032949,49.070195,7.010028,8.011460,521.746362,140.200558,298.426902,43.061600,51.073060,3.000000,2.000000,3.000000,0.000000,1.000000,0.000000,1.000000,2.000000,0.000000,1.000000,0.000000,1.000000,3.000000,0.000000,1.000000,1553.000000,438.000000,932.000000,136.000000,161.000000,5.000000,
0.049309,0.997416,0.149786,0.207369,0.243822,0.001433,-206.866388,3.186080,1396043.607555,1161964.626103,2307283.203498,207665.885395,1090450.863907,366.524316,98.140391,209.299404,30.042977,36.051572,85.121767,23.032949,49.070195,7.010028,8.011460,521.746362,140.200558,298.426902,43.061600,51.073060,3.000000,2.000000,3.000000,0.000000,1.000000,0.000000,1.000000,2.000000,0.000000,1.000000,0.000000,1.000000,3.000000,0.000000,1.000000,1553.000000,438.000000,932.000000,136.000000,161.000000,5.000000,
0.049323,0.998112,0.147312,0.207969,0.258641,0.002078,-206.275244,3.181426,1396042.979780,1161964.457534,2307282.844401,207665.833727,1090450.802551,366.760700,98.203685,209.434389,30.062352,36.074823,85.176665,23.047804,49.101842,7.014549,8.016627,522.082854,140.290978,298.619368,43.089372,51.105999,3.000000,2.000000,3.000000,0.000000,1.000000,0.000000,1.000000,2.000000,0.000000,1.000000,0.000000,1.000000,3.000000,0.000000,1.000000,1553.000000,438.000000,932.000000,136.000000,161.000000,5.000000,
0.049323,0.998112,0.147312,0.207969,0.258641,0.002078,-206.275244,3.181426,1396042.979780,1161964.457534,2307282.844401,207665.833727,1090450.802551,366.760700,98.203685,209.434389,30.062352,36.074823,85.176665,23.047804,49.101842,7.014549,8.016627,522.082854,140.290978,298.619368,43.089372,51.105999,3.000000,2.000000,3.000000,0.000000,1.000000,0.000000,1.000000,2.000000,0.000000,1.000000,0.000000,1.000000,3.000000,0.000000,1.000000,1553.000000,438.000000,932.000000,136.000000,161.000000,5.000000,
0.049323,0.998112,0.147312,0.207969,0.258641,0.002078,-206.275244,3.181426,1396042.979780,1161964.457534,2307282.844401,207665.833727,1090450.802551,366.760700,98.203685,209.434389,30.062352,36.074823,85.176665,23.047804,49.101842,7.014549,8.016627,522.082854,140.290978,298.619368,43.089372,51.105999,3.000000,2.000000,3.000000,0.000000,1.000000,0.000000,1.000000,2.000000,0.000000,1.000000,0.000000,1.000000,3.000000,0.000000,1.000000,1553.000000,438.000000,932.000000,136.000000,161.000000,5.000000,
0.049323,0.998112,0.147312,0.207969,0.258641,0.002078,-206.275244,3.181426,1396042.979780,1161964.457534,2307282.844401,207665.833727,1090450.802551,366.760700,98.203685,209.434389,30.062352,36.074823,85.176665,23.047804,49.101842,7.014549,8.016627,522.082854,140.290978,298.619368,43.089372,51.105999,3.000000,2.000000,3.000000,0.000000,1.000000,0.000000,1.000000,2.000000,0.000000,1.000000,0.000000,1.000000,3.000000,0.000000,1.000000,1553.000000,438.000000,932.000000,136.000000,161.000000,5.000000,
0.049323,0.998112,0.147312,0.207969,0.258641,0.002078,-206.275244,3.181426,1396042.979780,1161964.457534,2307282.844401,207665.833727,1090450.802551,366.760700,98.203685,209.434389,30.062352,36.074823,85.176665,23.047804,49.101842,7.014549,8.016627,522.082854,140.290978,298.619368,43.089372,51.105999,3.000000,2.000000,3.000000,0.000000,1.000000,0.000000,1.000000,2.000000,0.000000,1.000000,0.000000,1.000000,3.000000,0.000000,1.000000,1553.000000,438.000000,932.000000,136.000000,161.000000,5.000000,
0.049323,0.998112,0.147312,0.207969,0.258641,0.002078,-206.275244,3.181426,1396042.979780,1161964.457534,2307282.844401,207665.833727,1090450.802551,366.760700,98.203685,209.434389,30.062352,36.074823,85.176665,23.047804,49.101842,7.014549,8.016627,522.082854,140.290978,298.619368,43.089372,51.105999,3.000000,2.000000,3.000000,0.000000,1.000000,0.000000,1.000000,2.000000,0.000000,1.000000,0.000000,1.000000,3.000000,0.000000,1.000000,1553.000000,438.000000,932.000000,136.000000,161.000000,5.000000,
0.049323,0.998112,0.147312,0.207969,0.258641,0.002078,-206.275244,3.181426,1396042.979780,1161964.457534,2307282.844401,207665.833727,1090450.802551,366.760700,98.203685,209.434389,30.062352,36.074823,85.176665,23.047804,49.101842,7.014549,8.016627,522.082854,140.290978,298.619368,43.089372,51.105999,3.000000,2.000000,3.000000,0.000000,1.000000,0.000000,1.000000,2.000000,0.000000,1.000000,0.000000,1.000000,3.000000,0.000000,1.000000,1553.000000,438.000000,932.000000,136.000000,161.000000,5.000000,
0.049323,0.998112,0.147312,0.207969,0.258641,0.002078,-206.275244,3.181426,1396042.979780,1161964.457534,2307282.844401,207665.833727,1090450.802551,366.760700,98.203685,209.434389,30.062352,36.074823,85.176665,23.047804,49.101842,7.014549,8.016627,522.082854,140.290978,298.619368,43.089372,51.105999,3.000000,2.000000,3.000000,0.000000,1.000000,0.000000,1.000000,2.000000,0.000000,1.000000,0.000000,1.000000,3.000000,0.000000,1.000000,1553.000000,438.000000,932.000000,136.000000,161.000000,5.000000,
0.049323,0.998112,0.147312,0.207969,0.258641,0.002078,-206.275244,3.181426,1396042.979780,1161964.457534,2307282.844401,207665.833727,1090450.802551,366.760700,98.203685,209.434389,30.062352,36.074823,85.176665,23.047804,49.101842,7.014549,8.016627,522.082854,140.290978,298.619368,43.089372,51.105999,3.000000,2.000000,3.000000,0.000000,1.000000,0.000000,1.000000,2.000000,0.000000,1.000000,0.000000,1.000000,3.000000,0.000000,1.000000,1553.000000,438.000000,932.000000,136.000000,161.000000,5.000000,
0.049272,0.999461,0.152348,0.215817,0.215320,0.002780,-207.528010,3.189394,1396042.297626,1161964.274362,2307282.454197,207665.777582,1090450.735879,367.017561,98.272462,209.581066,30.083407,36.100088,85.236319,23.063945,49.136231,7.019462,8.022242,522.448495,140.389231,298.828506,43.119549,51.141791,3.000000,2.000000,3.000000,0.000000,1.000000,0.000000,1.000000,2.000000,0.000000,1.000000,0.000000,1.000000,3.000000,0.000000,1.000000,1553.000000,438.000000,932.000000,136.000000,161.000000,5.000000,
0.049272,0.999461,0.152348,0.215817,0.215320,0.002780,-207.528010,3.189394,1396042.297626,1161964.274362,2307282.454197,207665.777582,1090450.735879,367.017561,98.272462,209.581066,30.083407,36.100088,85.236319,23.063945,49.136231,7.019462,8.022242,522.448495,140.389231,298.828506,43.119549,51.141791,3.000000,2.000000,3.000000,0.000000,1.000000,0.000000,1.000000,2.000000,0.000000,1.000000,0.000000,1.000000,3.000000,0.000000,1.000000,1553.000000,438.000000,932.000000,136.000000,161.000000,5.000000,
0.049272,0.999461,0.152348,0.215817,0.215320,0.002780,-207.528010,3.189394,1396042.297626,1161964.274362,2307282.454197,207665.777582,1090450.735879,367.017561,98.272462,209.581066,30.083407,36.100088,85.236319,23.063945,49.136231,7.019462,8.022242,522.448495,140.389231,298.828506,43.119549,51.141791,3.000000,2.000000,3.000000,0.000000,1.000000,0.000000,1.000000,2.000000,0.000000,1.000000,0.000000,1.000000,3.000000,0.000000,1.000000,1553.000000,438.000000,932.000000,136.000000,161.000000,5.000000,
0.049272,0.999461,0.152348,0.215817,0.215320,0.002780,-207.528010,3.189394,1396042.297626,1161964.274362,2307282.454197,207665.777582,1090450.735879,367.017561,98.272462,209.581066,30.083407,36.100088,85.236319,23.063945,49.136231,7.019462,8.022242,522.448495,140.389231,298.828506,43.119549,51.141791,3.000000,2.000000,3.000000,0.000000,1.000000,0.000000,1.000000,2.000000,0.000000,1.000000,0.000000,1.000000,3.000000,0.000000,1.000000,1553.000000,438.000000,932.000000,136.000000,161.000000,5.000000,
0.049272,0.999461,0.152348,0.215817,0.215320,0.002780,-207.528010,3.189394,1396042.297626,1161964.274362,2307282.454197,207665.777582,1090450.735879,367.017561,98.272462,209.581066,30.083407,36.100088,85.236319,23.063945,49.136231,7.019462,8.022242,522.448495,140.389231,298.828506,43.119549,51.141791,3.000000,2.000000,3.000000,0.000000,1.000000,0.000000,1.000000,2.000000,0.000000,1.000000,0.000000,1.000000,3.000000,0.000000,1.000000,1553.000000,438.000000,932.000000,136.000000,161.000000,5.000000,
0.049272,0.999461,0.152348,0.215817,0.215320,0.002780,-207.528010,3.189394,1396042.297626,1161964.274362,2307282.454197,207665.777582,1090450.735879,367.017561,98.272462,209.581066,30.083407,36.100088,85.236319,23.063945,49.136231,7.019462,8.022242,522.448495,140.389231,298.828506,43.119549,51.141791,3.000000,2.000000,3.000000,0.000000,1.000000,0.000000,1.000000,2.000000,0.000000,1.000000,0.000000,1.000000,3.000000,0.000000,1.000000,1553.000000,438.000000,932.000000,136.000000,161.000000,5.000000,
0.049272,0.999461,0.152348,0.215817,0.215320,0.002780,-207.528010,3.189394,1396042.297626,1161964.274362,2307282.454197,207665.777582,1090450.735879,367.017561,98.272462,209.581066,30.083407,36.100088,85.236319,23.063945,49.136231,7.019462,8.022242,522.448495,140.389231,298.828506,43.119549,51.141791,3.000000,2.000000,3.000000,0.000000,1.000000,0.000000,1.000000,2.000000,0.000000,1.000000,0.000000,1.000000,3.000000,0.000000,1.000000,1553.000000,438.000000,932.000000,136.000000,161.000000,5.000000,
0.049272,0.999461,0.152348,0.215817,0.215320,0.002780,-207.528010,3.189394,1396042.297626,1161964.274362,2307282.454197,207665.777582,1090450.735879,367.017561,98.272462,209.581066,30.083407,36.100088,85.236319,23.063945,49.136231,7.019462,8.022242,522.448495,140.389231,298.828506,43.119549,51.141791,3.000000,2.000000,3.000000,0.000000,1.000000,0.000000,1.000000,2.000000,0.000000,1.000000,0.000000,1.000000,3.000000,0.000000,1.000000,1553.000000,438.000000,932.000000,136.000000,161.000000,5.000000,
0.049272,0.999461,0.152348,0.215817,0.215320,0.002780,-207.528010,3.189394,1396042.297626,1161964.274362,2307282.454197,207665.777582,1090450.735879,367.017561,98.272462,209.581066,30.083407,36.100088,85.236319,23.063945,49.136231,7.019462,8.022242,522.448495,140.389231,298.828506,43.119549,51.141791,3.000000,2.000000,3.000000,0.000000,1.000000,0.000000,1.000000,2.000000,0.000000,1.000000,0.000000,1.000000,3.000000,0.000000,1.000000,1553.000000,438.000000,932.000000,136.000000,161.000000,5.000000,
0.049272,0.999461,0.152348,0.215817,0.215320,0.002780,-207.528010,3.189394,1396042.297626,1161964.274362,2307282.454197,207665.777582,1090450.735879,367.017561,98.272462,209.581066,30.083407,36.100088,85.236319,23.063945,49.136231,7.019462,8.022242,522.448495,140.389231,298.828506,43.119549,51.141791,3.000000,2.000000,3.000000,0.000000,1.000000,0.000000,1.000000,2.000000,0.000000,1.000000,0.000000,1.000000,3.000000,0.000000,1.000000,1553.000000,438.000000,932.000000,136.000000,161.000000,5.000000,
0.049272,0.999461,0.152348,0.215817,0.215320,0.002780,-207.528010,3.189394,1396042.297626,1161964.274362,2307282.454197,207665.777582,1090450.735879,367.017561,98.272462,209.581066,30.083407,36.100088,85.236319,23.063945,49.136231,7.019462,8.022242,522.448495,140.389231,298.828506,43.119549,51.141791,3.000000,2.000000,3.000000,0.000000,1.000000,0.000000,1.000000,2.000000,0.000000,1.000000,0.000000,1.000000,3.000000,0.000000,1.000000,1553.000000,438.000000,932.000000,136.000000,161.000000,5.000000,
0.049272,0.999461,0.152348,0.215817,0.215320,0.002780,-207.528010,3.189394,1396042.297626,1161964.274362,2307282.454197,207665.777582,1090450.735879,367.017561,98.272462,209.581066,30.083407,36.100088,85.236319,23.063945,49.136231,7.019462,8.022242,522.448495,140.389231,298.828506,43.119549,51.141791,3.000000,2.000000,3.000000,0.000000,1.000000,0.000000,1.000000,2.000000,0.000000,1.000000,0.000000,1.000000,3.000000,0.000000,1.000000,1553.000000,438.000000,932.000000,136.000000,161.000000,5.000000,
0.049272,0.999461,0.152348,0.215817,0.215320,0.002780,-207.528010,3.189394,1396042.297626,1161964.274362,2307282.454197,207665.777582,1090450.735879,367.017561,98.272462,209.581066,30.083407,36.100088,85.236319,23.063945,49.136231,7.019462,8.022242,522.448495,140.389231,298.828506,43.119549,51.141791,3.000000,2.000000,3.000000,0.000000,1.000000,0.000000,1.000000,2.000000,0.000000,1.000000,0.000000,1.000000,3.000000,0.000000,1.000000,1553.000000,438.000000,932.000000,136.000000,161.000000,5.000000,
0.049272,0.999461,0.152348,0.215817,0.215320,0.002780,-207.528010,3.189394,1396042.297626,1161964.274362,2307282.454197,207665.777582,1090450.735879,367.017561,98.272462,209.581066,30.083407,36.100088,85.236319,23.063945,49.136231,7.019462,8.022242,522.448495,140.389231,298.828506,43.119549,51.141791,3.000000,2.000000,3.000000,0.000000,1.000000,0.000000,1.000000,2.000000,0.000000,1.000000,0.000000,1.000000,3.000000,0.000000,1.000000,1553.000000,438.000000,932.000000,136.000000,161.000000,5.000000,
0.049272,0.999461,0.152348,0.215817,0.215320,0.002780,-207.528010,3.189394,1396042.297626,1161964.274362,2307282.454197,207665.777582,1090450.735879,367.017561,98.272462,209.581066,30.083407,36.100088,85.236319,23.063945,49.136231,7.019462,8.022242,522.448495,140.389231,298.828506,43.119549,51.141791,3.000000,2.000000,3.000000,0.000000,1.000000,0.000000,1.000000,2.000000,0.000000,1.000000,0.000000,1.000000,3.000000,0.000000,1.000000,1553.000000,438.000000,932.000000,136.000000,161.000000,5.000000,
0.049272,0.999461,0.152348,0.215817,0.215320,0.002780,-207.528010,3.189394,1396042.297626,1161964.274362,2307282.454197,207665.777582,1090450.735879,367.017561,98.272462,209.581066,30.083407,36.100088,85.236319,23.063945,49.136231,7.019462,8.022242,522.448495,140.389231,298.828506,43.119549,51.141791,3.000000,2.000000,3.000000,0.000000,1.000000,0.000000,1.000000,2.000000,0.000000,1.000000,0.000000,1.000000,3.000000,0.000000,1.000000,1553.000000,438.000000,932.000000,136.000000,161.000000,5.000000,
0.049272,0.999461,0.152348,0.215817,0.215320,0.002780,-207.528010,3.189394,1396042.297626,1161964.274362,2307282.454197,207665.777582,1090450.735879,367.017561,98.272462,209.581066,30.083407,36.100088,85.236319,23.063945,49.136231,7.019462,8.022242,522.448495,140.389231,298.828506,43.119549,51.141791,3.000000,2.000000,3.000000,0.000000,1.000000,0.000000,1.000000,2.000000,0.000000,1.000000,0.000000,1.000000,3.000000,0.000000,1.000000,1553.000000,438.000000,932.000000,136.000000,161.000000,5.000000,
0.049272,0.999461,0.152348,0.215817,0.215320,0.002780,-207.528010,3.189394,1396042.297626,1161964.274362,2307282.454197,207665.777582,1090450.735879,367.017561,98.272462,209.581066,30.083407,36.100088,85.236319,23.063945,49.136231,7.019462,8.022242,522.448495,140.389231,298.828506,43.119549,51.141791,3.000000,2.000000,3.000000,0.000000,1.000000,0.000000,1.000000,2.000000,0.000000,1.000000,0.000000,1.000000,3.000000,0.000000,1.000000,1553.000000,438.000000,932.000000,136.000000,161.000000,5.000000,
0.049272,0.999461,0.152348,0.215817,0.215320,0.002780,-207.528010,3.189394,1396042.297626,1161964.274362,2307282.454197,207665.777582,1090450.735879,367.017561,98.272462,209.581066,30.083407,36.100088,85.236319,23.063945,49.136231,7.019462,8.022242,522.448495,140.389231,298.828506,43.119549,51.141791,3.000000,2.000000,3.000000,0.000000,1.000000,0.000000,1.000000,2.000000,0.000000,1.000000,0.000000,1.000000,3.000000,0.000000,1.000000,1553.000000,438.000000,932.000000,136.000000,161.000000,5.000000,
0.049323,0.995921,0.150350,0.208590,0.237407,0.001648,-207.263068,3.188218,1396043.398269,1161964.569906,2307283.083783,207665.868170,1090450.843452,366.603121,98.161491,209.344405,30.049436,36.059323,85.140069,23.037901,49.080746,7.011535,8.013183,521.858541,140.230702,298.491066,43.070858,51.084041,3.000000,2.000000,3.000000,0.000000,1.000000,0.000000,1.000000,2.000000,0.000000,1.000000,0.000000,1.000000,3.000000,0.000000,1.000000,1553.000000,438.000000,932.000000,136.000000,161.000000,5.000000,
0.049323,0.995921,0.150350,0.208590,0.237407,0.001648,-207.263068,3.188218,1396043.398269,1161964.569906,2307283.083783,207665.868170,1090450.843452,366.603121,98.161491,209.344405,30.049436,36.059323,85.140069,23.037901,49.080746,7.011535,8.013183,521.858541,140.230702,298.491066,43.070858,51.084041,3.000000,2.000000,3.000000,0.000000,1.000000,0.000000,1.000000,2.000000,0.000000,1.000000,0.000000,1.000000,3.000000,0.000000,1.000000,1553.000000,438.000000,932.000000,136.000000,161.000000,5.000000,
0.049298,0.997919,0.152408,0.203036,0.240128,0.002255,-207.472697,3.191151,1396042.808434,1161964.411524,2307282.746388,207665.819624,1090450.785804,366.825219,98.220960,209.471232,30.067641,36.081169,85.191649,23.051858,49.110480,7.015783,8.018038,522.174698,140.315658,298.671900,43.096952,51.114990,3.000000,2.000000,3.000000,0.000000,1.000000,0.000000,1.000000,2.000000,0.000000,1.000000,0.000000,1.000000,3.000000,0.000000,1.000000,1553.000000,438.000000,932.000000,136.000000,161.000000,5.000000,
0.049298,0.997919,0.152408,0.203036,0.240128,0.002255,-207.472697,3.191151,1396042.808434,1161964.411524,2307282.746388,207665.819624,1090450.785804,366.825219,98.220960,209.471232,30.067641,36.081169,85.191649,23.051858,49.110480,7.015783,8.018038,522.174698,140.315658,298.671900,43.096952,51.114990,3.000000,2.000000,3.000000,0.000000,1.000000,0.000000,1.000000,2.000000,0.000000,1.000000,0.000000,1.000000,3.000000,0.000000,1.000000,1553.000000,438.000000,932.000000,136.000000,161.000000,5.000000,
0.049298,0.997919,0.152408,0.203036,0.240128,0.002255,-207.472697,3.191151,1396042.808434,1161964.411524,2307282.746388,207665.819624,1090450.785804,366.825219,98.220960,209.471232,30.067641,36.081169,85.191649,23.051858,49.110480,7.015783,8.018038,522.174698,140.315658,298.671900,43.096952,51.114990,3.000000,2.000000,3.000000,0.000000,1.000000,0.000000,1.000000,2.000000,0.000000,1.000000,0.000000,1.000000,3.000000,0.000000,1.000000,1553.000000,438.000000,932.000000,136.000000,161.000000,5.000000,
0.049269,0.995647,0.156344,0.208055,0.206087,0.002486,-209.922482,3.198075,1396042.583526,1161964.351132,2307282.617737,207665.801113,1090450.763822,366.909907,98.243636,209.519592,30.074583,36.089499,85.211317,23.057180,49.121818,7.017403,8.019889,522.295250,140.348052,298.740853,43.106902,51.126790,3.000000,2.000000,3.000000,0.000000,1.000000,0.000000,1.000000,2.000000,0.000000,1.000000,0.000000,1.000000,3.000000,0.000000,1.000000,1553.000000,438.000000,932.000000,136.000000,161.000000,5.000000,
0.049269,0.995647,0.156344,0.208055,0.206087,0.002486,-209.922482,3.198075,1396042.583526,1161964.351132,2307282.617737,207665.801113,1090450.763822,366.909907,98.243636,209.519592,30.074583,36.089499,85.211317,23.057180,49.121818,7.017403,8.019889,522.295250,140.348052,298.740853,43.106902,51.126790,3.000000,2.000000,3.000000,0.000000,1.000000,0.000000,1.000000,2.000000,0.000000,1.000000,0.000000,1.000000,3.000000,0.000000,1.000000,1553.000000,438.000000,932.000000,136.000000,161.000000,5.000000,
0.049269,0.995647,0.156344,0.208055,0.206087,0.002486,-209.922482,3.198075,1396042.583526,1161964.351132,2307282.617737,207665.801113,1090450.763822,366.909907,98.243636,209.519592,30.074583,36.089499,85.211317,23.057180,49.121818,7.017403,8.019889,522.295250,140.348052,298.740853,43.106902,51.126790,3.000000,2.000000,3.000000,0.000000,1.000000,0.000000,1.000000,2.000000,0.000000,1.000000,0.000000,1.000000,3.000000,0.000000,1.000000,1553.000000,438.000000,932.000000,136.000000,161.000000,5.000000,
0.049269,0.995647,0.156344,0.208055,0.206087,0.002486,-209.922482,3.198075,1396042.583526,1161964.351132,2307282.617737,207665.801113,1090450.763822,366.909907,98.243636,209.519592,30.074583,36.089499,85.211317,23.057180,49.121818,7.017403,8.019889,522.295250,140.348052,298.740853,43.106902,51.126790,3.000000,2.000000,3.000000,0.000000,1.000000,0.000000,1.000000,2.000000,0.000000,1.000000,0.000000,1.000000,3.000000,0.000000,1.000000,1553.000000,438.000000,932.000000,136.000000,161.000000,5.000000,
0.049269,0.995647,0.156344,0.208055,0.206087,0.002486,-209.922482,3.198075,1396042.583526,1161964.351132,2307282.617737,207665.801113,1090450.763822,366.909907,98.243636,209.519592,30.074583,36.089499,85.211317,23.057180,49.121818,7.017403,8.019889,522.295250,140.348052,298.740853,43.106902,51.126790,3.000000,2.000000,3.000000,0.000000,1.000000,0.000000,1.000000,2.000000,0.000000,1.000000,0.000000,1.000000,3.000000,0.000000,1.000000,1553.000000,438.000000,932.000000,136.000000,161.000000,5.000000,
0.049269,0.995647,0.156344,0.208055,0.206087,0.002486,-209.922482,3.198075,1396042.583526,1161964.351132,2307282.617737,207665.801113,1090450.763822,366.909907,98.243636,209.519592,30.074583,36.089499,85.211317,23.057180,49.121818,7.017403,8.019889,522.295250,140.348052,298.740853,43.106902,51.126790,3.000000,2.000000,3.000000,0.000000,1.000000,0.000000,1.000000,2.000000,0.000000,1.000000,0.000000,1.000000,3.000000,0.000000,1.000000,1553.000000,438.000000,932.000000,136.000000,161.000000,5.000000,
0.049269,0.995647,0.156344,0.208055,0.206087,0.002486,-209.922482,3.198075,1396042.583526,1161964.351132,2307282.617737,207665.801113,1090450.763822,366.909907,98.243636,209.519592,30.074583,36.089499,85.211317,23.057180,49.121818,7.017403,8.019889,522.295250,140.348052,298.740853,43.106902,51.126790,3.000000,2.000000,3.000000,0.000000,1.000000,0.000000,1.000000,2.000000,0.000000,1.000000,0.000000,1.000000,3.000000,0.000000,1.000000,1553.000000,438.000000,932.000000,136.000000,161.000000,5.000000,
0.049269,0.995647,0.156344,0.208055,0.206087,0.002486,-209.922482,3.198075,1396042.583526,1161964.351132,2307282.617737,207665.801113,1090450.763822,366.909907,98.243636,209.519592,30.074583,36.089499,85.211317,23.057180,49.121818,7.017403,8.019889,522.295250,140.348052,298.740853,43.106902,51.126790,3.000000,2.000000,3.000000,0.000000,1.000000,0.000000,1.000000,2.000000,0.000000,1.000000,0.000000,1.000000,3.000000,0.000000,1.000000,1553.000000,438.000000,932.000000,136.000000,161.000000,5.000000,
0.049269,0.995647,0.156344,0.208055,0.206087,0.002486,-209.922482,3.198075,1396042.583526,1161964.351132,2307282.617737,207665.801113,1090450.763822,366.909907,98.243636,209.519592,30.074583,36.089499,85.211317,23.057180,49.121818,7.017403,8.019889,522.295250,140.348052,298.740853,43.106902,51.126790,3.000000,2.000000,3.000000,0.000000,1.000000,0.000000,1.000000,2.000000,0.000000,1.000000,0.000000,1.000000,3.000000,0.000000,1.000000,1553.000000,438.000000,932.000000,136.000000,161.000000,5.000000,
0.049269,0.995647,0.156344,0.208055,0.206087,0.002486,-209.922482,3.198075,1396042.583526,1161964.351132,2307282.617737,207665.801113,1090450.763822,366.909907,98.243636,209.519592,30.074583,36.089499,85.211317,23.057180,49.121818,7.017403,8.019889,522.295250,140.348052,298.740853,43.106902,51.126790,3.000000,2.000000,3.000000,0.000000,1.000000,0.000000,1.000000,2.000000,0.000000,1.000000,0.000000,1.000000,3.000000,0.000000,1.000000,1553.000000,438.000000,932.000000,136.000000,161.000000,5.000000,
0.049269,0.995647,0.156344,0.208055,0.206087,0.002486,-209.922482,3.198075,1396042.583526,1161964.351132,2307282.617737,207665.801113,1090450.763822,366.909907,98.243636,209.519592,30.074583,36.089499,85.211317,23.057180,49.121818,7.017403,8.019889,522.295250,140.348052,298.740853,43.106902,51.126790,3.000000,2.000000,3.000000,0.000000,1.000000,0.000000,1.000000,2.000000,0.000000,1.000000,0.000000,1.000000,3.000000,0.000000,1.000000,1553.000000,438.000000,932.000000,136.000000,161.000000,5.000000,
0.049269,0.995647,0.156344,0.208055,0.206087,0.002486,-209.922482,3.198075,1396042.583526,1161964.351132,2307282.617737,207665.801113,1090450.763822,366.909907,98.243636,209.519592,30.074583,36.089499,85.211317,23.057180,49.121818,7.017403,8.019889,522.295250,140.348052,298.740853,43.106902,51.126790,3.000000,2.000000,3.000000,0.000000,1.000000,0.000000,1.000000,2.000000,0.000000,1.000000,0.000000,1.000000,3.000000,0.000000,1.000000,1553.000000,438.000000,932.000000,136.000000,161.000000,5.000000,
0.049269,0.995647,0.156344,0.208055,0.206087,0.002486,-209.922482,3.198075,1396042.583526,1161964.351132,2307282.617737,207665.801113,1090450.763822,366.909907,98.243636,209.519592,30.074583,36.089499,85.211317,23.057180,49.121818,7.017403,8.019889,522.295250,140.348052,298.740853,43.106902,51.126790,3.000000,2.000000,3.000000,0.000000,1.000000,0.000000,1.000000,2.000000,0.000000,1.000000,0.000000,1.000000,3.000000,0.000000,1.000000,1553.000000,438.000000,932.000000,136.000000,161.000000,5.000000,
0.049269,0.995647,0.156344,0.208055,0.206087,0.002486,-209.922482,3.198075,1396042.583526,1161964.351132,2307282.617737,207665.801113,1090450.763822,366.909907,98.243636,209.519592,30.074583,36.089499,85.211317,23.057180,49.121818,7.017403,8.019889,522.295250,140.348052,298.740853,43.106902,51.126790,3.000000,2.000000,3.000000,0.000000,1.000000,0.000000,1.000000,2.000000,0.000000,1.000000,0.000000,1.000000,3.000000,0.000000,1.000000,1553.000000,438.000000,932.000000,136.000000,161.000000,5.000000,
0.049269,0.995647,0.156344,0.208055,0.206087,0.002486,-209.922482,3.198075,1396042.583526,1161964.351132,2307282.617737,207665.801113,1090450.763822,366.909907,98.243636,209.519592,30.074583,36.089499,85.211317,23.057180,49.121818,7.017403,8.019889,522.295250,140.348052,298.740853,43.106902,51.126790,3.000000,2.000000,3.000000,0.000000,1.000000,0.000000,1.000000,2.000000,0.000000,1.000000,0.000000,1.000000,3.000000,0.000000,1.000000,1553.000000,438.000000,932.000000,136.000000,161.000000,5.000000,
0.049269,0.995647,0.156344,0.208055,0.206087,0.002486,-209.922482,3.198075,1396042.583526,1161964.351132,2307282.617737,207665.801113,1090450.763822,366.909907,98.243636,209.519592,30.074583,36.089499,85.211317,23.057180,49.121818,7.017403,8.019889,522.295250,140.348052,298.740853,43.106902,51.126790,3.000000,2.000000,3.000000,0.000000,1.000000,0.000000,1.000000,2.000000,0.000000,1.000000,0.000000,1.000000,3.000000,0.000000,1.000000,1553.000000,438.000000,932.000000,136.000000,161.000000,5.000000,
0.049269,0.995647,0.156344,0.208055,0.206087,0.002486,-209.922482,3.198075,1396042.583526,1161964.351132,2307282.617737,207665.801113,1090450.763822,366.909907,98.243636,209.519592,30.074583,36.089499,85.211317,23.057180,49.121818,7.017403,8.019889,522.295250,140.348052,298.740853,43.106902,51.126790,3.000000,2.000000,3.000000,0.000000,1.000000,0.000000,1.000000,2.000000,0.000000,1.000000,0.000000,1.000000,3.000000,0.000000,1.000000,1553.000000,438.000000,932.000000,136.000000,161.000000,5.000000,
0.049269,0.995647,0.156344,0.208055,0.206087,0.002486,-209.922482,3.198075,1396042.583526,1161964.351132,2307282.617737,207665.801113,1090450.763822,366.909907,98.243636,209.519592,30.074583,36.089499,85.211317,23.057180,49.121818,7.017403,8.019889,522.295250,140.348052,298.740853,43.106902,51.126790,3.000000,2.000000,3.000000,0.000000,1.000000,0.000000,1.000000,2.000000,0.000000,1.000000,0.000000,1.000000,3.000000,0.000000,1.000000,1553.000000,438.000000,932.000000,136.000000,161.000000,5.000000,
0.049269,0.995647,0.156344,0.208055,0.206087,0.002486,-209.922482,3.198075,1396042.583526,1161964.351132,2307282.617737,207665.801113,1090450.763822,366.909907,98.243636,209.519592,30.074583,36.089499,85.211317,23.057180,49.121818,7.017403,8.019889,522.295250,140.348052,298.740853,43.106902,51.126790,3.000000,2.000000,3.000000,0.000000,1.000000,0.000000,1.000000,2.000000,0.000000,1.000000,0.000000,1.000000,3.000000,0.000000,1.000000,1553.000000,438.000000,932.000000,136.000000,161.000000,5.000000,
0.049269,0.995647,0.156344,0.208055,0.206087,0.002486,-209.922482,3.198075,1396042.583526,1161964.351132,2307282.617737,207665.801113,1090450.763822,366.909907,98.243636,209.519592,30.074583,36.089499,85.211317,23.057180,49.121818,7.017403,8.019889,522.295250,140.348052,298.740853,43.106902,51.126790,3.000000,2.000000,3.000000,0.000000,1.000000,0.000000,1.000000,2.000000,0.000000,1.000000,0.000000,1.000000,3.000000,0.000000,1.000000,1553.000000,438.000000,932.000000,136.000000,161.000000,5.000000,
0.049269,0.995647,0.156344,0.208055,0.206087,0.002486,-209.922482,3.198075,1396042.583526,1161964.351132,2307282.617737,207665.801113,1090450.763822,366.909907,98.243636,209.519592,30.074583,36.089499,85.211317,23.057180,49.121818,7.017403,8.019889,522.295250,140.348052,298.740853,43.106902,51.126790,3.000000,2.000000,3.000000,0.000000,1.000000,0.000000,1.000000,2.000000,0.000000,1.000000,0.000000,1.000000,3.000000,0.000000,1.000000,1553.000000,438.000000,932.000000,136.000000,161.000000,5.000000,
0.049269,0.995647,0.156344,0.208055,0.206087,0.002486,-209.922482,3.198075,1396042.583526,1161964.351132,2307282.617737,207665.801113,1090450.763822,366.909907,98.243636,209.519592,30.074583,36.089499,85.211317,23.057180,49.121818,7.017403,8.019889,522.295250,140.348052,298.740853,43.106902,51.126790,3.000000,2.000000,3.000000,0.000000,1.000000,0.000000,1.000000,2.000000,0.000000,1.000000,0.000000,1.000000,3.000000,0.000000,1.000000,1553.000000,438.000000,932.000000,136.000000,161.000000,5.000000,
0.049269,0.995647,0.156344,0.208055,0.206087,0.002486,-209.922482,3.198075,1396042.583526,1161964.351132,2307282.617737,207665.801113,1090450.763822,366.909907,98.243636,209.519592,30.074583,36.089499,85.211317,23.057180,49.121818,7.017403,8.019889,522.295250,140.348052,298.740853,43.106902,51.126790,3.000000,2.000000,3.000000,0.000000,1.000000,0.000000,1.000000,2.000000,0.000000,1.000000,0.000000,1.000000,3.000000,0.000000,1.000000,1553.000000,438.000000,932.000000,136.000000,161.000000,5.000000,
0.049213,0.999153,0.157812,0.200901,0.225823,0.002227,-210.066716,3.197692,1396042.835479,1161964.418786,2307282.761859,207665.821850,1090450.788447,366.815036,98.218234,209.465416,30.066806,36.080167,85.189284,23.051218,49.109117,7.015588,8.017815,522.160201,140.311762,298.663608,43.095756,51.113571,3.000000,2.000000,3.000000,0.000000,1.000000,0.000000,1.000000,2.000000,0.000000,1.000000,0.000000,1.000000,3.000000,0.000000,1.000000,1553.000000,438.000000,932.000000,136.000000,161.000000,5.000000,
0.049213,0.999153,0.157812,0.200901,0.225823,0.002227,-210.066716,3.197692,1396042.835479,1161964.418786,2307282.761859,207665.821850,1090450.788447,366.815036,98.218234,209.465416,30.066806,36.080167,85.189284,23.051218,49.109117,7.015588,8.017815,522.160201,140.311762,298.663608,43.095756,51.113571,3.000000,2.000000,3.000000,0.000000,1.000000,0.000000,1.000000,2.000000,0.000000,1.000000,0.000000,1.000000,3.000000,0.000000,1.000000,1553.000000,438.000000,932.000000,136.000000,161.000000,5.000000,
0.049213,0.999153,0.157812,0.200901,0.225823,0.002227,-210.066716,3.197692,1396042.835479,1161964.418786,2307282.761859,207665.821850,1090450.788447,366.815036,98.218234,209.465416,30.066806,36.080167,85.189284,23.051218,49.109117,7.015588,8.017815,522.160201,140.311762,298.663608,43.095756,51.113571,3.000000,2.000000,3.000000,0.000000,1.000000,0.000000,1.000000,2.000000,0.000000,1.000000,0.000000,1.000000,3.000000,0.000000,1.000000,1553.000000,438.000000,932.000000,136.000000,161.000000,5.000000,
0.049213,0.999153,0.157812,0.200901,0.225823,0.002227,-210.066716,3.197692,1396042.835479,1161964.418786,2307282.761859,207665.821850,1090450.788447,366.815036,98.218234,209.465416,30.066806,36.080167,85.189284,23.051218,49.109117,7.015588,8.017815,522.160201,140.311762,298.663608,43.095756,51.113571,3.000000,2.000000,3.000000,0.000000,1.000000,0.000000,1.000000,2.000000,0.000000,1.000000,0.000000,1.000000,3.000000,0.000000,1.000000,1553.000000,438.000000,932.000000,136.000000,161.000000,5.000000,
0.049213,0.999153,0.157812,0.200901,0.225823,0.002227,-210.066716,3.197692,1396042.835479,1161964.418786,2307282.761859,207665.821850,1090450.788447,366.815036,98.218234,209.465416,30.066806,36.080167,85.189284,23.051218,49.109117,7.015588,8.017815,522.160201,140.311762,298.663608,43.095756,51.113571,3.000000,2.000000,3.000000,0.000000,1.000000,0.000000,1.000000,2.000000,0.000000,1.000000,0.000000,1.000000,3.000000,0.000000,1.000000,1553.000000,438.000000,932.000000,136.000000,161.000000,5.000000,
0.049213,0.999153,0.157812,0.200901,0.225823,0.002227,-210.066716,3.197692,1396042.835479,1161964.418786,2307282.761859,207665.821850,1090450.788447,366.815036,98.218234,209.465416,30.066806,36.080167,85.189284,23.051218,49.109117,7.015588,8.017815,522.160201,140.311762,298.663608,43.095756,51.113571,3.000000,2.000000,3.000000,0.000000,1.000000,0.000000,1.000000,2.000000,0.000000,1.000000,0.000000,1.000000,3.000000,0.000000,1.000000,1553.000000,438.000000,932.000000,136.000000,161.000000,5.000000,
0.049213,0.999153,0.157812,0.200901,0.225823,0.002227,-210.066716,3.197692,1396042.835479,1161964.418786,2307282.761859,207665.821850,1090450.788447,366.815036,98.218234,209.465416,30.066806,36.080167,85.189284,23.051218,49.109117,7.015588,8.017815,522.160201,140.311762,298.663608,43.095756,51.113571,3.000000,2.000000,3.000000,0.000000,1.000000,0.000000,1.000000,2.000000,0.000000,1.000000,0.000000,1.000000,3.000000,0.000000,1.000000,1553.000000,438.000000,932.000000,136.000000,161.000000,5.000000,
0.049213,0.999153,0.157812,0.200901,0.225823,0.002227,-210.066716,3.197692,1396042.835479,1161964.418786,2307282.761859,207665.821850,1090450.788447,366.815036,98.218234,209.465416,30.066806,36.080167,85.189284,23.051218,49.109117,7.015588,8.017815,522.160201,140.311762,298.663608,43.095756,51.113571,3.000000,2.000000,3.000000,0.000000,1.000000,0.000000,1.000000,2.000000,0.000000,1.000000,0.000000,1.000000,3.000000,0.000000,1.000000,1553.000000,438.000000,932.000000,136.000000,161.000000,5.000000,
0.049213,0.999153,0.157812,0.200901,0.225823,0.002227,-210.066716,3.197692,1396042.835479,1161964.418786,2307282.761859,207665.821850,1090450.788447,366.815036,98.218234,209.465416,30.066806,36.080167,85.189284,23.051218,49.109117,7.015588,8.017815,522.160201,140.311762,298.663608,43.095756,51.113571,3.000000,2.000000,3.000000,0.000000,1.000000,0.000000,1.000000,2.000000,0.000000,1.000000,0.000000,1.000000,3.000000,0.000000,1.000000,1553.000000,438.000000,932.000000,136.000000,161.000000,5.000000,
0.049213,0.999153,0.157812,0.200901,0.225823,0.002227,-210.066716,3.197692,1396042.835479,1161964.418786,2307282.761859,207665.821850,1090450.788447,366.815036,98.218234,209.465416,30.066806,36.080167,85.189284,23.051218,49.109117,7.015588,8.017815,522.160201,140.311762,298.663608,43.095756,51.113571,3.000000,2.000000,3.000000,0.000000,1.000000,0.000000,1.000000,2.000000,0.000000,1.000000,0.000000,1.000000,3.000000,0.000000,1.000000,1553.000000,438.000000,932.000000,136.000000,161.000000,5.000000,
0.049213,0.999153,0.157812,0.200901,0.225823,0.002227,-210.066716,3.197692,1396042.835479,1161964.418786,2307282.761859,207665.821850,1090450.788447,366.815036,98.218234,209.465416,30.066806,36.080167,85.189284,23.051218,49.109117,7.015588,8.017815,522.160201,140.311762,298.663608,43.095756,51.113571,3.000000,2.000000,3.000000,0.000000,1.000000,0.000000,1.000000,2.000000,0.000000,1.000000,0.000000,1.000000,3.000000,0.000000,1.000000,1553.000000,438.000000,932.000000,136.000000,161.000000,5.000000,
0.049213,0.999153,0.157812,0.200901,0.225823,0.002227,-210.066716,3.197692,1396042.835479,1161964.418786,2307282.761859,207665.821850,1090450.788447,366.815036,98.218234,209.465416,30.066806,36.080167,85.189284,23.051218,49.109117,7.015588,8.017815,522.160201,140.311762,298.663608,43.095756,51.113571,3.000000,2.000000,3.000000,0.000000,1.000000,0.000000,1.000000,2.000000,0.000000,1.000000,0.000000,1.000000,3.000000,0.000000,1.000000,1553.000000,438.000000,932.000000,136.000000,161.000000,5.000000,
0.049213,0.999153,0.157812,0.200901,0.225823,0.002227,-210.066716,3.197692,1396042.835479,1161964.418786,2307282.761859,207665.821850,1090450.788447,366.815036,98.218234,209.465416,30.066806,36.080167,85.189284,23.051218,49.109117,7.015588,8.017815,522.160201,140.311762,298.663608,43.095756,51.113571,3.000000,2.000000,3.000000,0.000000,1.000000,0.000000,1.000000,2.000000,0.000000,1.000000,0.000000,1.000000,3.000000,0.000000,1.000000,1553.000000,438.000000,932.000000,136.000000,161.000000,5.000000,
0.049213,0.999153,0.157812,0.200901,0.225823,0.002227,-210.066716,3.197692,1396042.835479,1161964.418786,2307282.761859,207665.821850,1090450.788447,366.815036,98.218234,209.465416,30.066806,36.080167,85.189284,23.051218,49.109117,7.015588,8.017815,522.160201,140.311762,298.663608,43.095756,51.113571,3.000000,2.000000,3.000000,0.000000,1.000000,0.000000,1.000000,2.000000,0.000000,1.000000,0.000000,1.000000,3.000000,0.000000,1.000000,1553.000000,438.000000,932.000000,136.000000,161.000000,5.000000,
0.049213,0.999153,0.157812,0.200901,0.225823,0.002227,-210.066716,3.197692,1396042.835479,1161964.418786,2307282.761859,207665.821850,1090450.788447,366.815036,98.218234,209.465416,30.066806,36.080167,85.189284,23.051218,49.109117,7.015588,8.017815,522.160201,140.311762,298.663608,43.095756,51.113571,3.000000,2.000000,3.000000,0.000000,1.000000,0.000000,1.000000,2.000000,0.000000,1.000000,0.000000,1.000000,3.000000,0.000000,1.000000,1553.000000,438.000000,932.000000,136.000000,161.000000,5.000000,
0.049213,0.999153,0.157812,0.200901,0.225823,0.002227,-210.066716,3.197692,1396042.835479,1161964.418786,2307282.761859,207665.821850,1090450.788447,366.815036,98.218234,209.465416,30.066806,36.080167,85.189284,23.051218,49.109117,7.015588,8.017815,522.160201,140.311762,298.663608,43.095756,51.113571,3.000000,2.000000,3.000000,0.000000,1.000000,0.000000,1.000000,2.000000,0.000000,1.000000,0.000000,1.000000,3.000000,0.000000,1.000000,1553.000000,438.000000,932.000000,136.000000,161.000000,5.000000,
0.049213,0.999153,0.157812,0.200901,0.225823,0.002227,-210.066716,3.197692,1396042.835479,1161964.418786,2307282.761859,207665.821850,1090450.788447,366.815036,98.218234,209.465416,30.066806,36.080167,85.189284,23.051218,49.109117,7.015588,8.017815,522.160201,140.311762,298.663608,43.095756,51.113571,3.000000,2.000000,3.000000,0.000000,1.000000,0.000000,1.000000,2.000000,0.000000,1.000000,0.000000,1.000000,3.000000,0.000000,1.000000,1553.000000,438.000000,932.000000,136.000000,161.000000,5.000000,
0.049213,0.999153,0.157812,0.200901,0.225823,0.002227,-210.066716,3.197692,1396042.835479,1161964.418786,2307282.761859,207665.821850,1090450.788447,366.815036,98.218234,209.465416,30.066806,36.080167,85.189284,23.051218,49.109117,7.015588,8.017815,522.160201,140.311762,298.663608,43.095756,51.113571,3.000000,2.000000,3.000000,0.000000,1.000000,0.000000,1.000000,2.000000,0.000000,1.000000,0.000000,1.000000,3.000000,0.000000,1.000000,1553.000000,438.000000,932.000000,136.000000,161.000000,5.000000,
0.049255,0.991817,0.156609,0.202125,0.218418,0.002248,-210.696030,3.197736,1396042.814502,1161964.413153,2307282.749859,207665.820124,1090450.786397,366.822934,98.220349,209.469927,30.067454,36.080944,85.191119,23.051714,49.110174,7.015739,8.017988,522.171445,140.314784,298.670039,43.096684,51.114671,3.000000,2.000000,3.000000,0.000000,1.000000,0.000000,1.000000,2.000000,0.000000,1.000000,0.000000,1.000000,3.000000,0.000000,1.000000,1553.000000,438.000000,932.000000,136.000000,161.000000,5.000000,
0.049255,0.991817,0.156609,0.202125,0.218418,0.002248,-210.696030,3.197736,1396042.814502,1161964.413153,2307282.749859,207665.820124,1090450.786397,366.822934,98.220349,209.469927,30.067454,36.080944,85.191119,23.051714,49.110174,7.015739,8.017988,522.171445,140.314784,298.670039,43.096684,51.114671,3.000000,2.000000,3.000000,0.000000,1.000000,0.000000,1.000000,2.000000,0.000000,1.000000,0.000000,1.000000,3.000000,0.000000,1.000000,1553.000000,438.000000,932.000000,136.000000,161.000000,5.000000,
0.049253,0.998220,0.154573,0.215651,0.200736,0.002150,-208.683083,3.193088,1396042.910300,1161964.438877,2307282.804657,207665.828008,1090450.795760,366.786862,98.210690,209.449328,30.064497,36.077396,85.182741,23.049448,49.105345,7.015049,8.017199,522.120096,140.300986,298.640669,43.092446,51.109645,3.000000,2.000000,3.000000,0.000000,1.000000,0.000000,1.000000,2.000000,0.000000,1.000000,0.000000,1.000000,3.000000,0.000000,1.000000,1553.000000,438.000000,932.000000,136.000000,161.000000,5.000000,
0.049253,0.998220,0.154573,0.215651,0.200736,0.002150,-208.683083,3.193088,1396042.910300,1161964.438877,2307282.804657,207665.828008,1090450.795760,366.786862,98.210690,209.449328,30.064497,36.077396,85.182741,23.049448,49.105345,7.015049,8.017199,522.120096,140.300986,298.640669,43.092446,51.109645,3.000000,2.000000,3.000000,0.000000,1.000000,0.000000,1.000000,2.000000,0.000000,1.000000,0.000000,1.000000,3.000000,0.000000,1.000000,1553.000000,438.000000,932.000000,136.000000,161.000000,5.000000,
0.049253,0.998220,0.154573,0.215651,0.200736,0.002150,-208.683083,3.193088,1396042.910300,1161964.438877,2307282.804657,207665.828008,1090450.795760,366.786862,98.210690,209.449328,30.064497,36.077396,85.182741,23.049448,49.105345,7.015049,8.017199,522.120096,140.300986,298.640669,43.092446,51.109645,3.000000,2.000000,3.000000,0.000000,1.000000,0.000000,1.000000,2.000000,0.000000,1.000000,0.000000,1.000000,3.000000,0.000000,1.000000,1553.000000,438.000000,932.000000,136.000000,161.000000,5.000000,
0.049253,0.998220,0.154573,0.215651,0.200736,0.002150,-208.683083,3.193088,1396042.910300,1161964.438877,2307282.804657,207665.828008,1090450.795760,366.786862,98.210690,209.449328,30.064497,36.077396,85.182741,23.049448,49.105345,7.015049,8.017199,522.120096,140.300986,298.640669,43.092446,51.109645,3.000000,2.000000,3.000000,0.000000,1.000000,0.000000,1.000000,2.000000,0.000000,1.000000,0.000000,1.000000,3.000000,0.000000,1.000000,1553.000000,438.000000,932.000000,136.000000,161.000000,5.000000,
0.049253,0.998220,0.154573,0.215651,0.200736,0.002150,-208.683083,3.193088,1396042.910300,1161964.438877,2307282.804657,207665.828008,1090450.795760,366.786862,98.210690,209.449328,30.064497,36.077396,85.182741,23.049448,49.105345,7.015049,8.017199,522.120096,140.300986,298.640669,43.092446,51.109645,3.000000,2.000000,3.000000,0.000000,1.000000,0.000000,1.000000,2.000000,0.000000,1.000000,0.000000,1.000000,3.000000,0.000000,1.000000,1553.000000,438.000000,932.000000,136.000000,161.000000,5.000000,
0.049325,0.996113,0.153122,0.194995,0.248221,0.001397,-208.025474,3.194521,1396043.641945,1161964.635337,2307283.223170,207665.888226,1090450.867268,366.511367,98.136923,209.292010,30.041915,36.050298,85.118760,23.032135,49.068462,7.009780,8.011177,521.727929,140.195605,298.416359,43.060079,51.071256,3.000000,2.000000,3.000000,0.000000,1.000000,0.000000,1.000000,2.000000,0.000000,1.000000,0.000000,1.000000,3.000000,0.000000,1.000000,1553.000000,438.000000,932.000000,136.000000,161.000000,5.000000,
0.049325,0.996113,0.153122,0.194995,0.248221,0.001397,-208.025474,3.194521,1396043.641945,1161964.635337,2307283.223170,207665.888226,1090450.867268,366.511367,98.136923,209.292010,30.041915,36.050298,85.118760,23.032135,49.068462,7.009780,8.011177,521.727929,140.195605,298.416359,43.060079,51.071256,3.000000,2.000000,3.000000,0.000000,1.000000,0.000000,1.000000,2.000000,0.000000,1.000000,0.000000,1.000000,3.000000,0.000000,1.000000,1553.000000,438.000000,932.000000,136.000000,161.000000,5.000000,
0.049325,0.996113,0.153122,0.194995,0.248221,0.001397,-208.025474,3.194521,1396043.641945,1161964.635337,2307283.223170,207665.888226,1090450.867268,366.511367,98.136923,209.292010,30.041915,36.050298,85.118760,23.032135,49.068462,7.009780,8.011177,521.727929,140.195605,298.416359,43.060079,51.071256,3.000000,2.000000,3.000000,0.000000,1.000000,0.000000,1.000000,2.000000,0.000000,1.000000,0.000000,1.000000,3.000000,0.000000,1.000000,1553.000000,438.000000,932.000000,136.000000,161.000000,5.000000,
0.049325,0.996113,0.153122,0.194995,0.248221,0.001397,-208.025474,3.194521,1396043.641945,1161964.635337,2307283.223170,207665.888226,1090450.867268,366.511367,98.136923,209.292010,30.041915,36.050298,85.118760,23.032135,49.068462,7.009780,8.011177,521.727929,140.195605,298.416359,43.060079,51.071256,3.000000,2.000000,3.000000,0.000000,1.000000,0.000000,1.000000,2.000000,0.000000,1.000000,0.000000,1.000000,3.000000,0.000000,1.000000,1553.000000,438.000000,932.000000,136.000000,161.000000,5.000000,
0.049325,0.996113,0.153122,0.194995,0.248221,0.001397,-208.025474,3.194521,1396043.641945,1161964.635337,2307283.223170,207665.888226,1090450.867268,366.511367,98.136923,209.292010,30.041915,36.050298,85.118760,23.032135,49.068462,7.009780,8.011177,521.727929,140.195605,298.416359,43.060079,51.071256,3.000000,2.000000,3.000000,0.000000,1.000000,0.000000,1.000000,2.000000,0.000000,1.000000,0.000000,1.000000,3.000000,0.000000,1.000000,1553.000000,438.000000,932.000000,136.000000,161.000000,5.000000,
0.049325,0.996113,0.153122,0.194995,0.248221,0.001397,-208.025474,3.194521,1396043.641945,1161964.635337,2307283.223170,207665.888226,1090450.867268,366.511367,98.136923,209.292010,30.041915,36.050298,85.118760,23.032135,49.068462,7.009780,8.011177,521.727929,140.195605,298.416359,43.060079,51.071256,3.000000,2.000000,3.000000,0.000000,1.000000,0.000000,1.000000,2.000000,0.000000,1.000000,0.000000,1.000000,3.000000,0.000000,1.000000,1553.000000,438.000000,932.000000,136.000000,161.000000,5.000000,
0.049325,0.996113,0.153122,0.194995,0.248221,0.001397,-208.025474,3.194521,1396043.641945,1161964.635337,2307283.223170,207665.888226,1090450.867268,366.511367,98.136923,209.292010,30.041915,36.050298,85.118760,23.032135,49.068462,7.009780,8.011177,521.727929,140.195605,298.416359,43.060079,51.071256,3.000000,2.000000,3.000000,0.000000,1.000000,0.000000,1.000000,2.000000,0.000000,1.000000,0.000000,1.000000,3.000000,0.000000,1.000000,1553.000000,438.000000,932.000000,136.000000,161.000000,5.000000,
0.049377,0.985353,0.152255,0.199380,0.231514,0.001371,-210.459436,3.195938,1396043.666923,1161964.642044,2307283.237458,207665.890282,1090450.869710,366.501961,98.134405,209.286639,30.041144,36.049373,85.116576,23.031544,49.067202,7.009600,8.010972,521.714540,140.192007,298.408701,43.058974,51.069945,3.000000,2.000000,3.000000,0.000000,1.000000,0.000000,1.000000,2.000000,0.000000,1.000000,0.000000,1.000000,3.000000,0.000000,1.000000,1553.000000,438.000000,932.000000,136.000000,161.000000,5.000000,
0.049377,0.985353,0.152255,0.199380,0.231514,0.001371,-210.459436,3.195938,1396043.666923,1161964.642044,2307283.237458,207665.890282,1090450.869710,366.501961,98.134405,209.286639,30.041144,36.049373,85.116576,23.031544,49.067202,7.009600,8.010972,521.714540,140.192007,298.408701,43.058974,51.069945,3.000000,2.000000,3.000000,0.000000,1.000000,0.000000,1.000000,2.000000,0.000000,1.000000,0.000000,1.000000,3.000000,0.000000,1.000000,1553.000000,438.000000,932.000000,136.000000,161.000000,5.000000,
0.049377,0.985353,0.152255,0.199380,0.231514,0.001371,-210.459436,3.195938,1396043.666923,1161964.642044,2307283.237458,207665.890282,1090450.869710,366.501961,98.134405,209.286639,30.041144,36.049373,85.116576,23.031544,49.067202,7.009600,8.010972,521.714540,140.192007,298.408701,43.058974,51.069945,3.000000,2.000000,3.000000,0.000000,1.000000,0.000000,1.000000,2.000000,0.000000,1.000000,0.000000,1.000000,3.000000,0.000000,1.000000,1553.000000,438.000000,932.000000,136.000000,161.000000,5.000000,
0.049377,0.985353,0.152255,0.199380,0.231514,0.001371,-210.459436,3.195938,1396043.666923,1161964.642044,2307283.237458,207665.890282,1090450.869710,366.501961,98.134405,209.286639,30.041144,36.049373,85.116576,23.031544,49.067202,7.009600,8.010972,521.714540,140.192007,298.408701,43.058974,51.069945,3.000000,2.000000,3.000000,0.000000,1.000000,0.000000,1.000000,2.000000,0.000000,1.000000,0.000000,1.000000,3.000000,0.000000,1.000000,1553.000000,438.000000,932.000000,136.000000,161.000000,5.000000,
0.049316,0.997772,0.153675,0.212673,0.205757,0.001419,-208.275890,3.195183,1396043.620613,1161964.629609,2307283.210968,207665.886470,1090450.865183,366.519399,98.139074,209.296597,30.042574,36.051088,85.120625,23.032640,49.069537,7.009934,8.011353,521.739363,140.198677,298.422899,43.061022,51.072375,3.000000,2.000000,3.000000,0.000000,1.000000,0.000000,1.000000,2.000000,0.000000,1.000000,0.000000,1.000000,3.000000,0.000000,1.000000,1553.000000,438.000000,932.000000,136.000000,161.000000,5.000000,
0.049316,0.997772,0.153675,0.212673,0.205757,0.001419,-208.275890,3.195183,1396043.620613,1161964.629609,2307283.210968,207665.886470,1090450.865183,366.519399,98.139074,209.296597,30.042574,36.051088,85.120625,23.032640,49.069537,7.009934,8.011353,521.739363,140.198677,298.422899,43.061022,51.072375,3.000000,2.000000,3.000000,0.000000,1.000000,0.000000,1.000000,2.000000,0.000000,1.000000,0.000000,1.000000,3.000000,0.000000,1.000000,1553.000000,438.000000,932.000000,136.000000,161.000000,5.000000,
0.049316,0.997772,0.153675,0.212673,0.205757,0.001419,-208.275890,3.195183,1396043.620613,1161964.629609,2307283.210968,207665.886470,1090450.865183,366.519399,98.139074,209.296597,30.042574,36.051088,85.120625,23.032640,49.069537,7.009934,8.011353,521.739363,140.198677,298.422899,43.061022,51.072375,3.000000,2.000000,3.000000,0.000000,1.000000,0.000000,1.000000,2.000000,0.000000,1.000000,0.000000,1.000000,3.000000,0.000000,1.000000,1553.000000,438.000000,932.000000,136.000000,161.000000,5.000000,
0.049316,0.997772,0.153675,0.212673,0.205757,0.001419,-208.275890,3.195183,1396043.620613,1161964.629609,2307283.210968,207665.886470,1090450.865183,366.519399,98.139074,209.296597,30.042574,36.051088,85.120625,23.032640,49.069537,7.009934,8.011353,521.739363,140.198677,298.422899,43.061022,51.072375,3.000000,2.000000,3.000000,0.000000,1.000000,0.000000,1.000000,2.000000,0.000000,1.000000,0.000000,1.000000,3.000000,0.000000,1.000000,1553.000000,438.000000,932.000000,136.000000,161.000000,5.000000,
0.049316,0.997772,0.153675,0.212673,0.205757,0.001419,-208.275890,3.195183,1396043.620613,1161964.629609,2307283.210968,207665.886470,1090450.865183,366.519399,98.139074,209.296597,30.042574,36.051088,85.120625,23.032640,49.069537,7.009934,8.011353,521.739363,140.198677,298.422899,43.061022,51.072375,3.000000,2.000000,3.000000,0.000000,1.000000,0.000000,1.000000,2.000000,0.000000,1.000000,0.000000,1.000000,3.000000,0.000000,1.000000,1553.000000,438.000000,932.000000,136.000000,161.000000,5.000000,
0.049316,0.997772,0.153675,0.212673,0.205757,0.001419,-208.275890,3.195183,1396043.620613,1161964.629609,2307283.210968,207665.886470,1090450.865183,366.519399,98.139074,209.296597,30.042574,36.051088,85.120625,23.032640,49.069537,7.009934,8.011353,521.739363,140.198677,298.422899,43.061022,51.072375,3.000000,2.000000,3.000000,0.000000,1.000000,0.000000,1.000000,2.000000,0.000000,1.000000,0.000000,1.000000,3.000000,0.000000,1.000000,1553.000000,438.000000,932.000000,136.000000,161.000000,5.000000,
0.049316,0.997772,0.153675,0.212673,0.205757,0.001419,-208.275890,3.195183,1396043.620613,1161964.629609,2307283.210968,207665.886470,1090450.865183,366.519399,98.139074,209.296597,30.042574,36.051088,85.120625,23.032640,49.069537,7.009934,8.011353,521.739363,140.198677,298.422899,43.061022,51.072375,3.000000,2.000000,3.000000,0.000000,1.000000,0.000000,1.000000,2.000000,0.000000,1.000000,0.000000,1.000000,3.000000,0.000000,1.000000,1553.000000,438.000000,932.000000,136.000000,161.000000,5.000000,
0.049316,0.997772,0.153675,0.212673,0.205757,0.001419,-208.275890,3.195183,1396043.620613,1161964.629609,2307283.210968,207665.886470,1090450.865183,366.519399,98.139074,209.296597,30.042574,36.051088,85.120625,23.032640,49.069537,7.009934,8.011353,521.739363,140.198677,298.422899,43.061022,51.072375,3.000000,2.000000,3.000000,0.000000,1.000000,0.000000,1.000000,2.000000,0.000000,1.000000,0.000000,1.000000,3.000000,0.000000,1.000000,1553.000000,438.000000,932.000000,136.000000,161.000000,5.000000,
0.049415,0.990933,0.149436,0.202110,0.243138,0.000208,-207.987933,3.192090,1396044.797923,1161964.945738,2307283.884408,207665.983368,1090450.980250,366.076091,98.020374,209.043451,30.006237,36.007484,85.017671,23.004782,49.010187,7.001455,8.001663,521.108315,140.029106,298.061954,43.008940,51.010603,3.000000,2.000000,3.000000,0.000000,1.000000,0.000000,1.000000,2.000000,0.000000,1.000000,0.000000,1.000000,3.000000,0.000000,1.000000,1553.000000,438.000000,932.000000,136.000000,161.000000,5.000000,
0.049415,0.990933,0.149436,0.202110,0.243138,0.000208,-207.987933,3.192090,1396044.797923,1161964.945738,2307283.884408,207665.983368,1090450.980250,366.076091,98.020374,209.043451,30.006237,36.007484,85.017671,23.004782,49.010187,7.001455,8.001663,521.108315,140.029106,298.061954,43.008940,51.010603,3.000000,2.000000,3.000000,0.000000,1.000000,0.000000,1.000000,2.000000,0.000000,1.000000,0.000000,1.000000,3.000000,0.000000,1.000000,1553.000000,438.000000,932.000000,136.000000,161.000000,5.000000,
0.049405,0.997660,0.148171,0.208702,0.239380,0.000120,-206.490432,3.188638,1396044.883305,1161964.968665,2307283.933248,207665.990395,1090450.988595,366.043941,98.011766,209.025092,30.003602,36.004322,85.010205,23.002761,49.005883,7.000840,8.000960,521.062550,140.016808,298.035777,43.005162,51.006123,3.000000,2.000000,3.000000,0.000000,1.000000,0.000000,1.000000,2.000000,0.000000,1.000000,0.000000,1.000000,3.000000,0.000000,1.000000,1553.000000,438.000000,932.000000,136.000000,161.000000,5.000000,
0.049405,0.997660,0.148171,0.208702,0.239380,0.000120,-206.490432,3.188638,1396044.883305,1161964.968665,2307283.933248,207665.990395,1090450.988595,366.043941,98.011766,209.025092,30.003602,36.004322,85.010205,23.002761,49.005883,7.000840,8.000960,521.062550,140.016808,298.035777,43.005162,51.006123,3.000000,2.000000,3.000000,0.000000,1.000000,0.000000,1.000000,2.000000,0.000000,1.000000,0.000000,1.000000,3.000000,0.000000,1.000000,1553.000000,438.000000,932.000000,136.000000,161.000000,5.000000,
0.049405,0.997660,0.148171,0.208702,0.239380,0.000120,-206.490432,3.188638,1396044.883305,1161964.968665,2307283.933248,207665.990395,1090450.988595,366.043941,98.011766,209.025092,30.003602,36.004322,85.010205,23.002761,49.005883,7.000840,8.000960,521.062550,140.016808,298.035777,43.005162,51.006123,3.000000,2.000000,3.000000,0.000000,1.000000,0.000000,1.000000,2.000000,0.000000,1.000000,0.000000,1.000000,3.000000,0.000000,1.000000,1553.000000,438.000000,932.000000,136.000000,161.000000,5.000000,
0.049405,0.997660,0.148171,0.208702,0.239380,0.000120,-206.490432,3.188638,1396044.883305,1161964.968665,2307283.933248,207665.990395,1090450.988595,366.043941,98.011766,209.025092,30.003602,36.004322,85.010205,23.002761,49.005883,7.000840,8.000960,521.062550,140.016808,298.035777,43.005162,51.006123,3.000000,2.000000,3.000000,0.000000,1.000000,0.000000,1.000000,2.000000,0.000000,1.000000,0.000000,1.000000,3.000000,0.000000,1.000000,1553.000000,438.000000,932.000000,136.000000,161.000000,5.000000,
0.049405,0.997660,0.148171,0.208702,0.239380,0.000120,-206.490432,3.188638,1396044.883305,1161964.968665,2307283.933248,207665.990395,1090450.988595,366.043941,98.011766,209.025092,30.003602,36.004322,85.010205,23.002761,49.005883,7.000840,8.000960,521.062550,140.016808,298.035777,43.005162,51.006123,3.000000,2.000000,3.000000,0.000000,1.000000,0.000000,1.000000,2.000000,0.000000,1.000000,0.000000,1.000000,3.000000,0.000000,1.000000,1553.000000,438.000000,932.000000,136.000000,161.000000,5.000000,
0.049405,0.997660,0.148171,0.208702,0.239380,0.000120,-206.490432,3.188638,1396044.883305,1161964.968665,2307283.933248,207665.990395,1090450.988595,366.043941,98.011766,209.025092,30.003602,36.004322,85.010205,23.002761,49.005883,7.000840,8.000960,521.062550,140.016808,298.035777,43.005162,51.006123,3.000000,2.000000,3.000000,0.000000,1.000000,0.000000,1.000000,2.000000,0.000000,1.000000,0.000000,1.000000,3.000000,0.000000,1.000000,1553.000000,438.000000,932.000000,136.000000,161.000000,5.000000,
0.049405,0.997660,0.148171,0.208702,0.239380,0.000120,-206.490432,3.188638,1396044.883305,1161964.968665,2307283.933248,207665.990395,1090450.988595,366.043941,98.011766,209.025092,30.003602,36.004322,85.010205,23.002761,49.005883,7.000840,8.000960,521.062550,140.016808,298.035777,43.005162,51.006123,3.000000,2.000000,3.000000,0.000000,1.000000,0.000000,1.000000,2.000000,0.000000,1.000000,0.000000,1.000000,3.000000,0.000000,1.000000,1553.000000,438.000000,932.000000,136.000000,161.000000,5.000000,
0.049405,0.997660,0.148171,0.208702,0.239380,0.000120,-206.490432,3.188638,1396044.883305,1161964.968665,2307283.933248,207665.990395,1090450.988595,366.043941,98.011766,209.025092,30.003602,36.004322,85.010205,23.002761,49.005883,7.000840,8.000960,521.062550,140.016808,298.035777,43.005162,51.006123,3.000000,2.000000,3.000000,0.000000,1.000000,0.000000,1.000000,2.000000,0.000000,1.000000,0.000000,1.000000,3.000000,0.000000,1.000000,1553.000000,438.000000,932.000000,136.000000,161.000000,5.000000,
0.049405,0.997660,0.148171,0.208702,0.239380,0.000120,-206.490432,3.188638,1396044.883305,1161964.968665,2307283.933248,207665.990395,1090450.988595,366.043941,98.011766,209.025092,30.003602,36.004322,85.010205,23.002761,49.005883,7.000840,8.000960,521.062550,140.016808,298.035777,43.005162,51.006123,3.000000,2.000000,3.000000,0.000000,1.000000,0.000000,1.000000,2.000000,0.000000,1.000000,0.000000,1.000000,3.000000,0.000000,1.000000,1553.000000,438.000000,932.000000,136.000000,161.000000,5.000000,
0.049405,0.997660,0.148171,0.208702,0.239380,0.000120,-206.490432,3.188638,1396044.883305,1161964.968665,2307283.933248,207665.990395,1090450.988595,366.043941,98.011766,209.025092,30.003602,36.004322,85.010205,23.002761,49.005883,7.000840,8.000960,521.062550,140.016808,298.035777,43.005162,51.006123,3.000000,2.000000,3.000000,0.000000,1.000000,0.000000,1.000000,2.000000,0.000000,1.000000,0.000000,1.000000,3.000000,0.000000,1.000000,1553.000000,438.000000,932.000000,136.000000,161.000000,5.000000,
0.049405,0.997660,0.148171,0.208702,0.239380,0.000120,-206.490432,3.188638,1396044.883305,1161964.968665,2307283.933248,207665.990395,1090450.988595,366.043941,98.011766,209.025092,30.003602,36.004322,85.010205,23.002761,49.005883,7.000840,8.000960,521.062550,140.016808,298.035777,43.005162,51.006123,3.000000,2.000000,3.000000,0.000000,1.000000,0.000000,1.000000,2.000000,0.000000,1.000000,0.000000,1.000000,3.000000,0.000000,1.000000,1553.000000,438.000000,932.000000,136.000000,161.000000,5.000000,
0.049405,0.997660,0.148171,0.208702,0.239380,0.000120,-206.490432,3.188638,1396044.883305,1161964.968665,2307283.933248,207665.990395,1090450.988595,366.043941,98.011766,209.025092,30.003602,36.004322,85.010205,23.002761,49.005883,7.000840,8.000960,521.062550,140.016808,298.035777,43.005162,51.006123,3.000000,2.000000,3.000000,0.000000,1.000000,0.000000,1.000000,2.000000,0.000000,1.000000,0.000000,1.000000,3.000000,0.000000,1.000000,1553.000000,438.000000,932.000000,136.000000,161.000000,5.000000,
0.049405,0.997660,0.148171,0.208702,0.239380,0.000120,-206.490432,3.188638,1396044.883305,1161964.968665,2307283.933248,207665.990395,1090450.988595,366.043941,98.011766,209.025092,30.003602,36.004322,85.010205,23.002761,49.005883,7.000840,8.000960,521.062550,140.016808,298.035777,43.005162,51.006123,3.000000,2.000000,3.000000,0.000000,1.000000,0.000000,1.000000,2.000000,0.000000,1.000000,0.000000,1.000000,3.000000,0.000000,1.000000,1553.000000,438.000000,932.000000,136.000000,161.000000,5.000000,
0.049405,0.997660,0.148171,0.208702,0.239380,0.000120,-206.490432,3.188638,1396044.883305,1161964.968665,2307283.933248,207665.990395,1090450.988595,366.043941,98.011766,209.025092,30.003602,36.004322,85.010205,23.002761,49.005883,7.000840,8.000960,521.062550,140.016808,298.035777,43.005162,51.006123,3.000000,2.000000,3.000000,0.000000,1.000000,0.000000,1.000000,2.000000,0.000000,1.000000,0.000000,1.000000,3.000000,0.000000,1.000000,1553.000000,438.000000,932.000000,136.000000,161.000000,5.000000,
0.049405,0.997660,0.148171,0.208702,0.239380,0.000120,-206.490432,3.188638,1396044.883305,1161964.968665,2307283.933248,207665.990395,1090450.988595,366.043941,98.011766,209.025092,30.003602,36.004322,85.010205,23.002761,49.005883,7.000840,8.000960,521.062550,140.016808,298.035777,43.005162,51.006123,3.000000,2.000000,3.000000,0.000000,1.000000,0.000000,1.000000,2.000000,0.000000,1.000000,0.000000,1.000000,3.000000,0.000000,1.000000,1553.000000,438.000000,932.000000,136.000000,161.000000,5.000000,
0.049405,0.997660,0.148171,0.208702,0.239380,0.000120,-206.490432,3.188638,1396044.883305,1161964.968665,2307283.933248,207665.990395,1090450.988595,366.043941,98.011766,209.025092,30.003602,36.004322,85.010205,23.002761,49.005883,7.000840,8.000960,521.062550,140.016808,298.035777,43.005162,51.006123,3.000000,2.000000,3.000000,0.000000,1.000000,0.000000,1.000000,2.000000,0.000000,1.000000,0.000000,1.000000,3.000000,0.000000,1.000000,1553.000000,438.000000,932.000000,136.000000,161.000000,5.000000,
0.049405,0.997660,0.148171,0.208702,0.239380,0.000120,-206.490432,3.188638,1396044.883305,1161964.968665,2307283.933248,207665.990395,1090450.988595,366.043941,98.011766,209.025092,30.003602,36.004322,85.010205,23.002761,49.005883,7.000840,8.000960,521.062550,140.016808,298.035777,43.005162,51.006123,3.000000,2.000000,3.000000,0.000000,1.000000,0.000000,1.000000,2.000000,0.000000,1.000000,0.000000,1.000000,3.000000,0.000000,1.000000,1553.000000,438.000000,932.000000,136.000000,161.000000,5.000000,
0.049405,0.997660,0.148171,0.208702,0.239380,0.000120,-206.490432,3.188638,1396044.883305,1161964.968665,2307283.933248,207665.990395,1090450.988595,366.043941,98.011766,209.025092,30.003602,36.004322,85.010205,23.002761,49.005883,7.000840,8.000960,521.062550,140.016808,298.035777,43.005162,51.006123,3.000000,2.000000,3.000000,0.000000,1.000000,0.000000,1.000000,2.000000,0.000000,1.000000,0.000000,1.000000,3.000000,0.000000,1.000000,1553.000000,438.000000,932.000000,136.000000,161.000000,5.000000,
0.049405,0.997660,0.148171,0.208702,0.239380,0.000120,-206.490432,3.188638,1396044.883305,1161964.968665,2307283.933248,207665.990395,1090450.988595,366.043941,98.011766,209.025092,30.003602,36.004322,85.010205,23.002761,49.005883,7.000840,8.000960,521.062550,140.016808,298.035777,43.005162,51.006123,3.000000,2.000000,3.000000,0.000000,1.000000,0.000000,1.000000,2.000000,0.000000,1.000000,0.000000,1.000000,3.000000,0.000000,1.000000,1553.000000,438.000000,932.000000,136.000000,161.000000,5.000000,
0.049405,0.997660,0.148171,0.208702,0.239380,0.000120,-206.490432,3.188638,1396044.883305,1161964.968665,2307283.933248,207665.990395,1090450.988595,366.043941,98.011766,209.025092,30.003602,36.004322,85.010205,23.002761,49.005883,7.000840,8.000960,521.062550,140.016808,298.035777,43.005162,51.006123,3.000000,2.000000,3.000000,0.000000,1.000000,0.000000,1.000000,2.000000,0.000000,1.000000,0.000000,1.000000,3.000000,0.000000,1.000000,1553.000000,438.000000,932.000000,136.000000,161.000000,5.000000,
0.049405,0.997660,0.148171,0.208702,0.239380,0.000120,-206.490432,3.188638,1396044.883305,1161964.968665,2307283.933248,207665.990395,1090450.988595,366.043941,98.011766,209.025092,30.003602,36.004322,85.010205,23.002761,49.005883,7.000840,8.000960,521.062550,140.016808,298.035777,43.005162,51.006123,3.000000,2.000000,3.000000,0.000000,1.000000,0.000000,1.000000,2.000000,0.000000,1.000000,0.000000,1.000000,3.000000,0.000000,1.000000,1553.000000,438.000000,932.000000,136.000000,161.000000,5.000000,
0.049405,0.997660,0.148171,0.208702,0.239380,0.000120,-206.490432,3.188638,1396044.883305,1161964.968665,2307283.933248,207665.990395,1090450.988595,366.043941,98.011766,209.025092,30.003602,36.004322,85.010205,23.002761,49.005883,7.000840,8.000960,521.062550,140.016808,298.035777,43.005162,51.006123,3.000000,2.000000,3.000000,0.000000,1.000000,0.000000,1.000000,2.000000,0.000000,1.000000,0.000000,1.000000,3.000000,0.000000,1.000000,1553.000000,438.000000,932.000000,136.000000,161.000000,5.000000,
0.049405,0.997660,0.148171,0.208702,0.239380,0.000120,-206.490432,3.188638,1396044.883305,1161964.968665,2307283.933248,207665.990395,1090450.988595,366.043941,98.011766,209.025092,30.003602,36.004322,85.010205,23.002761,49.005883,7.000840,8.000960,521.062550,140.016808,298.035777,43.005162,51.006123,3.000000,2.000000,3.000000,0.000000,1.000000,0.000000,1.000000,2.000000,0.000000,1.000000,0.000000,1.000000,3.000000,0.000000,1.000000,1553.000000,438.000000,932.000000,136.000000,161.000000,5.000000,
0.049405,0.997660,0.148171,0.208702,0.239380,0.000120,-206.490432,3.188638,1396044.883305,1161964.968665,2307283.933248,207665.990395,1090450.988595,366.043941,98.011766,209.025092,30.003602,36.004322,85.010205,23.002761,49.005883,7.000840,8.000960,521.062550,140.016808,298.035777,43.005162,51.006123,3.000000,2.000000,3.000000,0.000000,1.000000,0.000000,1.000000,2.000000,0.000000,1.000000,0.000000,1.000000,3.000000,0.000000,1.000000,1553.000000,438.000000,932.000000,136.000000,161.000000,5.000000,
0.049405,0.997660,0.148171,0.208702,0.239380,0.000120,-206.490432,3.188638,1396044.883305,1161964.968665,2307283.933248,207665.990395,1090450.988595,366.043941,98.011766,209.025092,30.003602,36.004322,85.010205,23.002761,49.005883,7.000840,8.000960,521.062550,140.016808,298.035777,43.005162,51.006123,3.000000,2.000000,3.000000,0.000000,1.000000,0.000000,1.000000,2.000000,0.000000,1.000000,0.000000,1.000000,3.000000,0.000000,1.000000,1553.000000,438.000000,932.000000,136.000000,161.000000,5.000000,
0.049405,0.997660,0.148171,0.208702,0.239380,0.000120,-206.490432,3.188638,1396044.883305,1161964.968665,2307283.933248,207665.990395,1090450.988595,366.043941,98.011766,209.025092,30.003602,36.004322,85.010205,23.002761,49.005883,7.000840,8.000960,521.062550,140.016808,298.035777,43.005162,51.006123,3.000000,2.000000,3.000000,0.000000,1.000000,0.000000,1.000000,2.000000,0.000000,1.000000,0.000000,1.000000,3.000000,0.000000,1.000000,1553.000000,438.000000,932.000000,136.000000,161.000000,5.000000,
0.049405,0.997660,0.148171,0.208702,0.239380,0.000120,-206.490432,3.188638,1396044.883305,1161964.968665,2307283.933248,207665.990395,1090450.988595,366.043941,98.011766,209.025092,30.003602,36.004322,85.010205,23.002761,49.005883,7.000840,8.000960,521.062550,140.016808,298.035777,43.005162,51.006123,3.000000,2.000000,3.000000,0.000000,1.000000,0.000000,1.000000,2.000000,0.000000,1.000000,0.000000,1.000000,3.000000,0.000000,1.000000,1553.000000,438.000000,932.000000,136.000000,161.000000,5.000000,
0.049405,0.997660,0.148171,0.208702,0.239380,0.000120,-206.490432,3.188638,1396044.883305,1161964.968665,2307283.933248,207665.990395,1090450.988595,366.043941,98.011766,209.025092,30.003602,36.004322,85.010205,23.002761,49.005883,7.000840,8.000960,521.062550,140.016808,298.035777,43.005162,51.006123,3.000000,2.000000,3.000000,0.000000,1.000000,0.000000,1.000000,2.000000,0.000000,1.000000,0.000000,1.000000,3.000000,0.000000,1.000000,1553.000000,438.000000,932.000000,136.000000,161.000000,5.000000,
0.049405,0.997660,0.148171,0.208702,0.239380,0.000120,-206.490432,3.188638,1396044.883305,1161964.968665,2307283.933248,207665.990395,1090450.988595,366.043941,98.011766,209.025092,30.003602,36.004322,85.010205,23.002761,49.005883,7.000840,8.000960,521.062550,140.016808,298.035777,43.005162,51.006123,3.000000,2.000000,3.000000,0.000000,1.000000,0.000000,1.000000,2.000000,0.000000,1.000000,0.000000,1.000000,3.000000,0.000000,1.000000,1553.000000,438.000000,932.000000,136.000000,161.000000,5.000000,
0.049405,0.997660,0.148171,0.208702,0.239380,0.000120,-206.490432,3.188638,1396044.883305,1161964.968665,2307283.933248,207665.990395,1090450.988595,366.043941,98.011766,209.025092,30.003602,36.004322,85.010205,23.002761,49.005883,7.000840,8.000960,521.062550,140.016808,298.035777,43.005162,51.006123,3.000000,2.000000,3.000000,0.000000,1.000000,0.000000,1.000000,2.000000,0.000000,1.000000,0.000000,1.000000,3.000000,0.000000,1.000000,1553.000000,438.000000,932.000000,136.000000,161.000000,5.000000,
0.049405,0.997660,0.148171,0.208702,0.239380,0.000120,-206.490432,3.188638,1396044.883305,1161964.968665,2307283.933248,207665.990395,1090450.988595,366.043941,98.011766,209.025092,30.003602,36.004322,85.010205,23.002761,49.005883,7.000840,8.000960,521.062550,140.016808,298.035777,43.005162,51.006123,3.000000,2.000000,3.000000,0.000000,1.000000,0.000000,1.000000,2.000000,0.000000,1.000000,0.000000,1.000000,3.000000,0.000000,1.000000,1553.000000,438.000000,932.000000,136.000000,161.000000,5.000000,
0.049405,0.997660,0.148171,0.208702,0.239380,0.000120,-206.490432,3.188638,1396044.883305,1161964.968665,2307283.933248,207665.990395,1090450.988595,366.043941,98.011766,209.025092,30.003602,36.004322,85.010205,23.002761,49.005883,7.000840,8.000960,521.062550,140.016808,298.035777,43.005162,51.006123,3.000000,2.000000,3.000000,0.000000,1.000000,0.000000,1.000000,2.000000,0.000000,1.000000,0.000000,1.000000,3.000000,0.000000,1.000000,1553.000000,438.000000,932.000000,136.000000,161.000000,5.000000,
0.049405,0.997660,0.148171,0.208702,0.239380,0.000120,-206.490432,3.188638,1396044.883305,1161964.968665,2307283.933248,207665.990395,1090450.988595,366.043941,98.011766,209.025092,30.003602,36.004322,85.010205,23.002761,49.005883,7.000840,8.000960,521.062550,140.016808,298.035777,43.005162,51.006123,3.000000,2.000000,3.000000,0.000000,1.000000,0.000000,1.000000,2.000000,0.000000,1.000000,0.000000,1.000000,3.000000,0.000000,1.000000,1553.000000,438.000000,932.000000,136.000000,161.000000,5.000000,
0.049405,0.997660,0.148171,0.208702,0.239380,0.000120,-206.490432,3.188638,1396044.883305,1161964.968665,2307283.933248,207665.990395,1090450.988595,366.043941,98.011766,209.025092,30.003602,36.004322,85.010205,23.002761,49.005883,7.000840,8.000960,521.062550,140.016808,298.035777,43.005162,51.006123,3.000000,2.000000,3.000000,0.000000,1.000000,0.000000,1.000000,2.000000,0.000000,1.000000,0.000000,1.000000,3.000000,0.000000,1.000000,1553.000000,438.000000,932.000000,136.000000,161.000000,5.000000,
0.049405,0.997660,0.148171,0.208702,0.239380,0.000120,-206.490432,3.188638,1396044.883305,1161964.968665,2307283.933248,207665.990395,1090450.988595,366.043941,98.011766,209.025092,30.003602,36.004322,85.010205,23.002761,49.005883,7.000840,8.000960,521.062550,140.016808,298.035777,43.005162,51.006123,3.000000,2.000000,3.000000,0.000000,1.000000,0.000000,1.000000,2.000000,0.000000,1.000000,0.000000,1.000000,3.000000,0.000000,1.000000,1553.000000,438.000000,932.000000,136.000000,161.000000,5.000000,
0.049405,0.997660,0.148171,0.208702,0.239380,0.000120,-206.490432,3.188638,1396044.883305,1161964.968665,2307283.933248,207665.990395,1090450.988595,366.043941,98.011766,209.025092,30.003602,36.004322,85.010205,23.002761,49.005883,7.000840,8.000960,521.062550,140.016808,298.035777,43.005162,51.006123,3.000000,2.000000,3.000000,0.000000,1.000000,0.000000,1.000000,2.000000,0.000000,1.000000,0.000000,1.000000,3.000000,0.000000,1.000000,1553.000000,438.000000,932.000000,136.000000,161.000000,5.000000,
0.049405,0.997660,0.148171,0.208702,0.239380,0.000120,-206.490432,3.188638,1396044.883305,1161964.968665,2307283.933248,207665.990395,1090450.988595,366.043941,98.011766,209.025092,30.003602,36.004322,85.010205,23.002761,49.005883,7.000840,8.000960,521.062550,140.016808,298.035777,43.005162,51.006123,3.000000,2.000000,3.000000,0.000000,1.000000,0.000000,1.000000,2.000000,0.000000,1.000000,0.000000,1.000000,3.000000,0.000000,1.000000,1553.000000,438.000000,932.000000,136.000000,161.000000,5.000000,
0.049405,0.997660,0.148171,0.208702,0.239380,0.000120,-206.490432,3.188638,1396044.883305,1161964.968665,2307283.933248,207665.990395,1090450.988595,366.043941,98.011766,209.025092,30.003602,36.004322,85.010205,23.002761,49.005883,7.000840,8.000960,521.062550,140.016808,298.035777,43.005162,51.006123,3.000000,2.000000,3.000000,0.000000,1.000000,0.000000,1.000000,2.000000,0.000000,1.000000,0.000000,1.000000,3.000000,0.000000,1.000000,1553.000000,438.000000,932.000000,136.000000,161.000000,5.000000,
0.049405,0.997660,0.148171,0.208702,0.239380,0.000120,-206.490432,3.188638,1396044.883305,1161964.968665,2307283.933248,207665.990395,1090450.988595,366.043941,98.011766,209.025092,30.003602,36.004322,85.010205,23.002761,49.005883,7.000840,8.000960,521.062550,140.016808,298.035777,43.005162,51.006123,3.000000,2.000000,3.000000,0.000000,1.000000,0.000000,1.000000,2.000000,0.000000,1.000000,0.000000,1.000000,3.000000,0.000000,1.000000,1553.000000,438.000000,932.000000,136.000000,161.000000,5.000000,
0.049405,0.997660,0.148171,0.208702,0.239380,0.000120,-206.490432,3.188638,1396044.883305,1161964.968665,2307283.933248,207665.990395,1090450.988595,366.043941,98.011766,209.025092,30.003602,36.004322,85.010205,23.002761,49.005883,7.000840,8.000960,521.062550,140.016808,298.035777,43.005162,51.006123,3.000000,2.000000,3.000000,0.000000,1.000000,0.000000,1.000000,2.000000,0.000000,1.000000,0.000000,1.000000,3.000000,0.000000,1.000000,1553.000000,438.000000,932.000000,136.000000,161.000000,5.000000,
0.049405,0.997660,0.148171,0.208702,0.239380,0.000120,-206.490432,3.188638,1396044.883305,1161964.968665,2307283.933248,207665.990395,1090450.988595,366.043941,98.011766,209.025092,30.003602,36.004322,85.010205,23.002761,49.005883,7.000840,8.000960,521.062550,140.016808,298.035777,43.005162,51.006123,3.000000,2.000000,3.000000,0.000000,1.000000,0.000000,1.000000,2.000000,0.000000,1.000000,0.000000,1.000000,3.000000,0.000000,1.000000,1553.000000,438.000000,932.000000,136.000000,161.000000,5.000000,
0.049405,0.997660,0.148171,0.208702,0.239380,0.000120,-206.490432,3.188638,1396044.883305,1161964.968665,2307283.933248,207665.990395,1090450.988595,366.043941,98.011766,209.025092,30.003602,36.004322,85.010205,23.002761,49.005883,7.000840,8.000960,521.062550,140.016808,298.035777,43.005162,51.006123,3.000000,2.000000,3.000000,0.000000,1.000000,0.000000,1.000000,2.000000,0.000000,1.000000,0.000000,1.000000,3.000000,0.000000,1.000000,1553.000000,438.000000,932.000000,136.000000,161.000000,5.000000,
0.049405,0.997660,0.148171,0.208702,0.239380,0.000120,-206.490432,3.188638,1396044.883305,1161964.968665,2307283.933248,207665.990395,1090450.988595,366.043941,98.011766,209.025092,30.003602,36.004322,85.010205,23.002761,49.005883,7.000840,8.000960,521.062550,140.016808,298.035777,43.005162,51.006123,3.000000,2.000000,3.000000,0.000000,1.000000,0.000000,1.000000,2.000000,0.000000,1.000000,0.000000,1.000000,3.000000,0.000000,1.000000,1553.000000,438.000000,932.000000,136.000000,161.000000,5.000000,
0.049405,0.997660,0.148171,0.208702,0.239380,0.000120,-206.490432,3.188638,1396044.883305,1161964.968665,2307283.933248,207665.990395,1090450.988595,366.043941,98.011766,209.025092,30.003602,36.004322,85.010205,23.002761,49.005883,7.000840,8.000960,521.062550,140.016808,298.035777,43.005162,51.006123,3.000000,2.000000,3.000000,0.000000,1.000000,0.000000,1.000000,2.000000,0.000000,1.000000,0.000000,1.000000,3.000000,0.000000,1.000000,1553.000000,438.000000,932.000000,136.000000,161.000000,5.000000,
0.049405,0.997660,0.148171,0.208702,0.239380,0.000120,-206.490432,3.188638,1396044.883305,1161964.968665,2307283.933248,207665.990395,1090450.988595,366.043941,98.011766,209.025092,30.003602,36.004322,85.010205,23.002761,49.005883,7.000840,8.000960,521.062550,140.016808,298.035777,43.005162,51.006123,3.000000,2.000000,3.000000,0.000000,1.000000,0.000000,1.000000,2.000000,0.000000,1.000000,0.000000,1.000000,3.000000,0.000000,1.000000,1553.000000,438.000000,932.000000,136.000000,161.000000,5.000000,
0.049405,0.997660,0.148171,0.208702,0.239380,0.000120,-206.490432,3.188638,1396044.883305,1161964.968665,2307283.933248,207665.990395,1090450.988595,366.043941,98.011766,209.025092,30.003602,36.004322,85.010205,23.002761,49.005883,7.000840,8.000960,521.062550,140.016808,298.035777,43.005162,51.006123,3.000000,2.000000,3.000000,0.000000,1.000000,0.000000,1.000000,2.000000,0.000000,1.000000,0.000000,1.000000,3.000000,0.000000,1.000000,1553.000000,438.000000,932.000000,136.000000,161.000000,5.000000,
0.049405,0.997660,0.148171,0.208702,0.239380,0.000120,-206.490432,3.188638,1396044.883305,1161964.968665,2307283.933248,207665.990395,1090450.988595,366.043941,98.011766,209.025092,30.003602,36.004322,85.010205,23.002761,49.005883,7.000840,8.000960,521.062550,140.016808,298.035777,43.005162,51.006123,3.000000,2.000000,3.000000,0.000000,1.000000,0.000000,1.000000,2.000000,0.000000,1.000000,0.000000,1.000000,3.000000,0.000000,1.000000,1553.000000,438.000000,932.000000,136.000000,161.000000,5.000000,
0.049405,0.997660,0.148171,0.208702,0.239380,0.000120,-206.490432,3.188638,1396044.883305,1161964.968665,2307283.933248,207665.990395,1090450.988595,366.043941,98.011766,209.025092,30.003602,36.004322,85.010205,23.002761,49.005883,7.000840,8.000960,521.062550,140.016808,298.035777,43.005162,51.006123,3.000000,2.000000,3.000000,0.000000,1.000000,0.000000,1.000000,2.000000,0.000000,1.000000,0.000000,1.000000,3.000000,0.000000,1.000000,1553.000000,438.000000,932.000000,136.000000,161.000000,5.000000,
0.049405,0.997660,0.148171,0.208702,0.239380,0.000120,-206.490432,3.188638,1396044.883305,1161964.968665,2307283.933248,207665.990395,1090450.988595,366.043941,98.011766,209.025092,30.003602,36.004322,85.010205,23.002761,49.005883,7.000840,8.000960,521.062550,140.016808,298.035777,43.005162,51.006123,3.000000,2.000000,3.000000,0.000000,1.000000,0.000000,1.000000,2.000000,0.000000,1.000000,0.000000,1.000000,3.000000,0.000000,1.000000,1553.000000,438.000000,932.000000,136.000000,161.000000,5.000000,
0.049405,0.997660,0.148171,0.208702,0.239380,0.000120,-206.490432,3.188638,1396044.883305,1161964.968665,2307283.933248,207665.990395,1090450.988595,366.043941,98.011766,209.025092,30.003602,36.004322,85.010205,23.002761,49.005883,7.000840,8.000960,521.062550,140.016808,298.035777,43.005162,51.006123,3.000000,2.000000,3.000000,0.000000,1.000000,0.000000,1.000000,2.000000,0.000000,1.000000,0.000000,1.000000,3.000000,0.000000,1.000000,1553.000000,438.000000,932.000000,136.000000,161.000000,5.000000,
0.049405,0.997660,0.148171,0.208702,0.239380,0.000120,-206.490432,3.188638,1396044.883305,1161964.968665,2307283.933248,207665.990395,1090450.988595,366.043941,98.011766,209.025092,30.003602,36.004322,85.010205,23.002761,49.005883,7.000840,8.000960,521.062550,140.016808,298.035777,43.005162,51.006123,3.000000,2.000000,3.000000,0.000000,1.000000,0.000000,1.000000,2.000000,0.000000,1.000000,0.000000,1.000000,3.000000,0.000000,1.000000,1553.000000,438.000000,932.000000,136.000000,161.000000,5.000000,
0.049405,0.997660,0.148171,0.208702,0.239380,0.000120,-206.490432,3.188638,1396044.883305,1161964.968665,2307283.933248,207665.990395,1090450.988595,366.043941,98.011766,209.025092,30.003602,36.004322,85.010205,23.002761,49.005883,7.000840,8.000960,521.062550,140.016808,298.035777,43.005162,51.006123,3.000000,2.000000,3.000000,0.000000,1.000000,0.000000,1.000000,2.000000,0.000000,1.000000,0.000000,1.000000,3.000000,0.000000,1.000000,1553.000000,438.000000,932.000000,136.000000,161.000000,5.000000,
0.049405,0.997660,0.148171,0.208702,0.239380,0.000120,-206.490432,3.188638,1396044.883305,1161964.968665,2307283.933248,207665.990395,1090450.988595,366.043941,98.011766,209.025092,30.003602,36.004322,85.010205,23.002761,49.005883,7.000840,8.000960,521.062550,140.016808,298.035777,43.005162,51.006123,3.000000,2.000000,3.000000,0.000000,1.000000,0.000000,1.000000,2.000000,0.000000,1.000000,0.000000,1.000000,3.000000,0.000000,1.000000,1553.000000,438.000000,932.000000,136.000000,161.000000,5.000000,
0.049405,0.997660,0.148171,0.208702,0.239380,0.000120,-206.490432,3.188638,1396044.883305,1161964.968665,2307283.933248,207665.990395,1090450.988595,366.043941,98.011766,209.025092,30.003602,36.004322,85.010205,23.002761,49.005883,7.000840,8.000960,521.062550,140.016808,298.035777,43.005162,51.006123,3.000000,2.000000,3.000000,0.000000,1.000000,0.000000,1.000000,2.000000,0.000000,1.000000,0.000000,1.000000,3.000000,0.000000,1.000000,1553.000000,438.000000,932.000000,136.000000,161.000000,5.000000,
0.049405,0.997660,0.148171,0.208702,0.239380,0.000120,-206.490432,3.188638,1396044.883305,1161964.968665,2307283.933248,207665.990395,1090450.988595,366.043941,98.011766,209.025092,30.003602,36.004322,85.010205,23.002761,49.005883,7.000840,8.000960,521.062550,140.016808,298.035777,43.005162,51.006123,3.000000,2.000000,3.000000,0.000000,1.000000,0.000000,1.000000,2.000000,0.000000,1.000000,0.000000,1.000000,3.000000,0.000000,1.000000,1553.000000,438.000000,932.000000,136.000000,161.000000,5.000000,
0.049404,0.992170,0.148153,0.205464,0.243902,0.000119,-207.722725,3.188556,1396044.884464,1161964.968976,2307283.933911,207665.990491,1090450.988708,366.043504,98.011649,209.024843,30.003566,36.004279,85.010103,23.002734,49.005824,7.000832,8.000951,521.061928,140.016641,298.035422,43.005111,51.006062,3.000000,2.000000,3.000000,0.000000,1.000000,0.000000,1.000000,2.000000,0.000000,1.000000,0.000000,1.000000,3.000000,0.000000,1.000000,1553.000000,438.000000,932.000000,136.000000,161.000000,5.000000,
0.049404,0.992170,0.148153,0.205464,0.243902,0.000119,-207.722725,3.188556,1396044.884464,1161964.968976,2307283.933911,207665.990491,1090450.988708,366.043504,98.011649,209.024843,30.003566,36.004279,85.010103,23.002734,49.005824,7.000832,8.000951,521.061928,140.016641,298.035422,43.005111,51.006062,3.000000,2.000000,3.000000,0.000000,1.000000,0.000000,1.000000,2.000000,0.000000,1.000000,0.000000,1.000000,3.000000,0.000000,1.000000,1553.000000,438.000000,932.000000,136.000000,161.000000,5.000000,
0.049404,0.992170,0.148153,0.205464,0.243902,0.000119,-207.722725,3.188556,1396044.884464,1161964.968976,2307283.933911,207665.990491,1090450.988708,366.043504,98.011649,209.024843,30.003566,36.004279,85.010103,23.002734,49.005824,7.000832,8.000951,521.061928,140.016641,298.035422,43.005111,51.006062,3.000000,2.000000,3.000000,0.000000,1.000000,0.000000,1.000000,2.000000,0.000000,1.000000,0.000000,1.000000,3.000000,0.000000,1.000000,1553.000000,438.000000,932.000000,136.000000,161.000000,5.000000,
0.049404,0.992170,0.148153,0.205464,0.243902,0.000119,-207.722725,3.188556,1396044.884464,1161964.968976,2307283.933911,207665.990491,1090450.988708,366.043504,98.011649,209.024843,30.003566,36.004279,85.010103,23.002734,49.005824,7.000832,8.000951,521.061928,140.016641,298.035422,43.005111,51.006062,3.000000,2.000000,3.000000,0.000000,1.000000,0.000000,1.000000,2.000000,0.000000,1.000000,0.000000,1.000000,3.000000,0.000000,1.000000,1553.000000,438.000000,932.000000,136.000000,161.000000,5.000000,
0.049404,0.992170,0.148153,0.205464,0.243902,0.000119,-207.722725,3.188556,1396044.884464,1161964.968976,2307283.933911,207665.990491,1090450.988708,366.043504,98.011649,209.024843,30.003566,36.004279,85.010103,23.002734,49.005824,7.000832,8.000951,521.061928,140.016641,298.035422,43.005111,51.006062,3.000000,2.000000,3.000000,0.000000,1.000000,0.000000,1.000000,2.000000,0.000000,1.000000,0.000000,1.000000,3.000000,0.000000,1.000000,1553.000000,438.000000,932.000000,136.000000,161.000000,5.000000,
0.049404,0.992170,0.148153,0.205464,0.243902,0.000119,-207.722725,3.188556,1396044.884464,1161964.968976,2307283.933911,207665.990491,1090450.988708,366.043504,98.011649,209.024843,30.003566,36.004279,85.010103,23.002734,49.005824,7.000832,8.000951,521.061928,140.016641,298.035422,43.005111,51.006062,3.000000,2.000000,3.000000,0.000000,1.000000,0.000000,1.000000,2.000000,0.000000,1.000000,0.000000,1.000000,3.000000,0.000000,1.000000,1553.000000,438.000000,932.000000,136.000000,161.000000,5.000000,
0.049404,0.992170,0.148153,0.205464,0.243902,0.000119,-207.722725,3.188556,1396044.884464,1161964.968976,2307283.933911,207665.990491,1090450.988708,366.043504,98.011649,209.024843,30.003566,36.004279,85.010103,23.002734,49.005824,7.000832,8.000951,521.061928,140.016641,298.035422,43.005111,51.006062,3.000000,2.000000,3.000000,0.000000,1.000000,0.000000,1.000000,2.000000,0.000000,1.000000,0.000000,1.000000,3.000000,0.000000,1.000000,1553.000000,438.000000,932.000000,136.000000,161.000000,5.000000,
0.049341,0.994931,0.149523,0.228743,0.189389,0.000638,-207.843414,3.187515,1396044.380019,1161964.833524,2307283.645361,207665.948973,1090450.939405,366.233450,98.062508,209.133309,30.019135,36.022962,85.054216,23.014670,49.031254,7.004465,8.005103,521.332315,140.089298,298.190076,43.027427,51.032530,3.000000,2.000000,3.000000,0.000000,1.000000,0.000000,1.000000,2.000000,0.000000,1.000000,0.000000,1.000000,3.000000,0.000000,1.000000,1553.000000,438.000000,932.000000,136.000000,161.000000,5.000000,
0.049341,0.994931,0.149523,0.228743,0.189389,0.000638,-207.843414,3.187515,1396044.380019,1161964.833524,2307283.645361,207665.948973,1090450.939405,366.233450,98.062508,209.133309,30.019135,36.022962,85.054216,23.014670,49.031254,7.004465,8.005103,521.332315,140.089298,298.190076,43.027427,51.032530,3.000000,2.000000,3.000000,0.000000,1.000000,0.000000,1.000000,2.000000,0.000000,1.000000,0.000000,1.000000,3.000000,0.000000,1.000000,1553.000000,438.000000,932.000000,136.000000,161.000000,5.000000,
0.049341,0.994931,0.149523,0.228743,0.189389,0.000638,-207.843414,3.187515,1396044.380019,1161964.833524,2307283.645361,207665.948973,1090450.939405,366.233450,98.062508,209.133309,30.019135,36.022962,85.054216,23.014670,49.031254,7.004465,8.005103,521.332315,140.089298,298.190076,43.027427,51.032530,3.000000,2.000000,3.000000,0.000000,1.000000,0.000000,1.000000,2.000000,0.000000,1.000000,0.000000,1.000000,3.000000,0.000000,1.000000,1553.000000,438.000000,932.000000,136.000000,161.000000,5.000000,
0.049341,0.994931,0.149523,0.228743,0.189389,0.000638,-207.843414,3.187515,1396044.380019,1161964.833524,2307283.645361,207665.948973,1090450.939405,366.233450,98.062508,209.133309,30.019135,36.022962,85.054216,23.014670,49.031254,7.004465,8.005103,521.332315,140.089298,298.190076,43.027427,51.032530,3.000000,2.000000,3.000000,0.000000,1.000000,0.000000,1.000000,2.000000,0.000000,1.000000,0.000000,1.000000,3.000000,0.000000,1.000000,1553.000000,438.000000,932.000000,136.000000,161.000000,5.000000,
0.049341,0.994931,0.149523,0.228743,0.189389,0.000638,-207.843414,3.187515,1396044.380019,1161964.833524,2307283.645361,207665.948973,1090450.939405,366.233450,98.062508,209.133309,30.019135,36.022962,85.054216,23.014670,49.031254,7.004465,8.005103,521.332315,140.089298,298.190076,43.027427,51.032530,3.000000,2.000000,3.000000,0.000000,1.000000,0.000000,1.000000,2.000000,0.000000,1.000000,0.000000,1.000000,3.000000,0.000000,1.000000,1553.000000,438.000000,932.000000,136.000000,161.000000,5.000000,
0.049341,0.994931,0.149523,0.228743,0.189389,0.000638,-207.843414,3.187515,1396044.380019,1161964.833524,2307283.645361,207665.948973,1090450.939405,366.233450,98.062508,209.133309,30.019135,36.022962,85.054216,23.014670,49.031254,7.004465,8.005103,521.332315,140.089298,298.190076,43.027427,51.032530,3.000000,2.000000,3.000000,0.000000,1.000000,0.000000,1.000000,2.000000,0.000000,1.000000,0.000000,1.000000,3.000000,0.000000,1.000000,1553.000000,438.000000,932.000000,136.000000,161.000000,5.000000,
0.049341,0.994931,0.149523,0.228743,0.189389,0.000638,-207.843414,3.187515,1396044.380019,1161964.833524,2307283.645361,207665.948973,1090450.939405,366.233450,98.062508,209.133309,30.019135,36.022962,85.054216,23.014670,49.031254,7.004465,8.005103,521.332315,140.089298,298.190076,43.027427,51.032530,3.000000,2.000000,3.000000,0.000000,1.000000,0.000000,1.000000,2.000000,0.000000,1.000000,0.000000,1.000000,3.000000,0.000000,1.000000,1553.000000,438.000000,932.000000,136.000000,161.000000,5.000000,
0.049341,0.994931,0.149523,0.228743,0.189389,0.000638,-207.843414,3.187515,1396044.380019,1161964.833524,2307283.645361,207665.948973,1090450.939405,366.233450,98.062508,209.133309,30.019135,36.022962,85.054216,23.014670,49.031254,7.004465,8.005103,521.332315,140.089298,298.190076,43.027427,51.032530,3.000000,2.000000,3.000000,0.000000,1.000000,0.000000,1.000000,2.000000,0.000000,1.000000,0.000000,1.000000,3.000000,0.000000,1.000000,1553.000000,438.000000,932.000000,136.000000,161.000000,5.000000,
0.049341,0.994931,0.149523,0.228743,0.189389,0.000638,-207.843414,3.187515,1396044.380019,1161964.833524,2307283.645361,207665.948973,1090450.939405,366.233450,98.062508,209.133309,30.019135,36.022962,85.054216,23.014670,49.031254,7.004465,8.005103,521.332315,140.089298,298.190076,43.027427,51.032530,3.000000,2.000000,3.000000,0.000000,1.000000,0.000000,1.000000,2.000000,0.000000,1.000000,0.000000,1.000000,3.000000,0.000000,1.000000,1553.000000,438.000000,932.000000,136.000000,161.000000,5.000000,
0.049341,0.994931,0.149523,0.228743,0.189389,0.000638,-207.843414,3.187515,1396044.380019,1161964.833524,2307283.645361,207665.948973,1090450.939405,366.233450,98.062508,209.133309,30.019135,36.022962,85.054216,23.014670,49.031254,7.004465,8.005103,521.332315,140.089298,298.190076,43.027427,51.032530,3.000000,2.000000,3.000000,0.000000,1.000000,0.000000,1.000000,2.000000,0.000000,1.000000,0.000000,1.000000,3.000000,0.000000,1.000000,1553.000000,438.000000,932.000000,136.000000,161.000000,5.000000,
0.049341,0.994931,0.149523,0.228743,0.189389,0.000638,-207.843414,3.187515,1396044.380019,1161964.833524,2307283.645361,207665.948973,1090450.939405,366.233450,98.062508,209.133309,30.019135,36.022962,85.054216,23.014670,49.031254,7.004465,8.005103,521.332315,140.089298,298.190076,43.027427,51.032530,3.000000,2.000000,3.000000,0.000000,1.000000,0.000000,1.000000,2.000000,0.000000,1.000000,0.000000,1.000000,3.000000,0.000000,1.000000,1553.000000,438.000000,932.000000,136.000000,161.000000,5.000000,
0.049341,0.994931,0.149523,0.228743,0.189389,0.000638,-207.843414,3.187515,1396044.380019,1161964.833524,2307283.645361,207665.948973,1090450.939405,366.233450,98.062508,209.133309,30.019135,36.022962,85.054216,23.014670,49.031254,7.004465,8.005103,521.332315,140.089298,298.190076,43.027427,51.032530,3.000000,2.000000,3.000000,0.000000,1.000000,0.000000,1.000000,2.000000,0.000000,1.000000,0.000000,1.000000,3.000000,0.000000,1.000000,1553.000000,438.000000,932.000000,136.000000,161.000000,5.000000,
0.049341,0.994931,0.149523,0.228743,0.189389,0.000638,-207.843414,3.187515,1396044.380019,1161964.833524,2307283.645361,207665.948973,1090450.939405,366.233450,98.062508,209.133309,30.019135,36.022962,85.054216,23.014670,49.031254,7.004465,8.005103,521.332315,140.089298,298.190076,43.027427,51.032530,3.000000,2.000000,3.000000,0.000000,1.000000,0.000000,1.000000,2.000000,0.000000,1.000000,0.000000,1.000000,3.000000,0.000000,1.000000,1553.000000,438.000000,932.000000,136.000000,161.000000,5.000000,
0.049341,0.994931,0.149523,0.228743,0.189389,0.000638,-207.843414,3.187515,1396044.380019,1161964.833524,2307283.645361,207665.948973,1090450.939405,366.233450,98.062508,209.133309,30.019135,36.022962,85.054216,23.014670,49.031254,7.004465,8.005103,521.332315,140.089298,298.190076,43.027427,51.032530,3.000000,2.000000,3.000000,0.000000,1.000000,0.000000,1.000000,2.000000,0.000000,1.000000,0.000000,1.000000,3.000000,0.000000,1.000000,1553.000000,438.000000,932.000000,136.000000,161.000000,5.000000,
0.049341,0.994931,0.149523,0.228743,0.189389,0.000638,-207.843414,3.187515,1396044.380019,1161964.833524,2307283.645361,207665.948973,1090450.939405,366.233450,98.062508,209.133309,30.019135,36.022962,85.054216,23.014670,49.031254,7.004465,8.005103,521.332315,140.089298,298.190076,43.027427,51.032530,3.000000,2.000000,3.000000,0.000000,1.000000,0.000000,1.000000,2.000000,0.000000,1.000000,0.000000,1.000000,3.000000,0.000000,1.000000,1553.000000,438.000000,932.000000,136.000000,161.000000,5.000000,
0.049341,0.994931,0.149523,0.228743,0.189389,0.000638,-207.843414,3.187515,1396044.380019,1161964.833524,2307283.645361,207665.948973,1090450.939405,366.233450,98.062508,209.133309,30.019135,36.022962,85.054216,23.014670,49.031254,7.004465,8.005103,521.332315,140.089298,298.190076,43.027427,51.032530,3.000000,2.000000,3.000000,0.000000,1.000000,0.000000,1.000000,2.000000,0.000000,1.000000,0.000000,1.000000,3.000000,0.000000,1.000000,1553.000000,438.000000,932.000000,136.000000,161.000000,5.000000,
0.049341,0.994931,0.149523,0.228743,0.189389,0.000638,-207.843414,3.187515,1396044.380019,1161964.833524,2307283.645361,207665.948973,1090450.939405,366.233450,98.062508,209.133309,30.019135,36.022962,85.054216,23.014670,49.031254,7.004465,8.005103,521.332315,140.089298,298.190076,43.027427,51.032530,3.000000,2.000000,3.000000,0.000000,1.000000,0.000000,1.000000,2.000000,0.000000,1.000000,0.000000,1.000000,3.000000,0.000000,1.000000,1553.000000,438.000000,932.000000,136.000000,161.000000,5.000000,
0.049341,0.994931,0.149523,0.228743,0.189389,0.000638,-207.843414,3.187515,1396044.380019,1161964.833524,2307283.645361,207665.948973,1090450.939405,366.233450,98.062508,209.133309,30.019135,36.022962,85.054216,23.014670,49.031254,7.004465,8.005103,521.332315,140.089298,298.190076,43.027427,51.032530,3.000000,2.000000,3.000000,0.000000,1.000000,0.000000,1.000000,2.000000,0.000000,1.000000,0.000000,1.000000,3.000000,0.000000,1.000000,1553.000000,438.000000,932.000000,136.000000,161.000000,5.000000,
0.049341,0.994931,0.149523,0.228743,0.189389,0.000638,-207.843414,3.187515,1396044.380019,1161964.833524,2307283.645361,207665.948973,1090450.939405,366.233450,98.062508,209.133309,30.019135,36.022962,85.054216,23.014670,49.031254,7.004465,8.005103,521.332315,140.089298,298.190076,43.027427,51.032530,3.000000,2.000000,3.000000,0.000000,1.000000,0.000000,1.000000,2.000000,0.000000,1.000000,0.000000,1.000000,3.000000,0.000000,1.000000,1553.000000,438.000000,932.000000,136.000000,161.000000,5.000000,
0.049341,0.994931,0.149523,0.228743,0.189389,0.000638,-207.843414,3.187515,1396044.380019,1161964.833524,2307283.645361,207665.948973,1090450.939405,366.233450,98.062508,209.133309,30.019135,36.022962,85.054216,23.014670,49.031254,7.004465,8.005103,521.332315,140.089298,298.190076,43.027427,51.032530,3.000000,2.000000,3.000000,0.000000,1.000000,0.000000,1.000000,2.000000,0.000000,1.000000,0.000000,1.000000,3.000000,0.000000,1.000000,1553.000000,438.000000,932.000000,136.000000,161.000000,5.000000,
0.049341,0.994931,0.149523,0.228743,0.189389,0.000638,-207.843414,3.187515,1396044.380019,1161964.833524,2307283.645361,207665.948973,1090450.939405,366.233450,98.062508,209.133309,30.019135,36.022962,85.054216,23.014670,49.031254,7.004465,8.005103,521.332315,140.089298,298.190076,43.027427,51.032530,3.000000,2.000000,3.000000,0.000000,1.000000,0.000000,1.000000,2.000000,0.000000,1.000000,0.000000,1.000000,3.000000,0.000000,1.000000,1553.000000,438.000000,932.000000,136.000000,161.000000,5.000000,
0.049341,0.994931,0.149523,0.228743,0.189389,0.000638,-207.843414,3.187515,1396044.380019,1161964.833524,2307283.645361,207665.948973,1090450.939405,366.233450,98.062508,209.133309,30.019135,36.022962,85.054216,23.014670,49.031254,7.004465,8.005103,521.332315,140.089298,298.190076,43.027427,51.032530,3.000000,2.000000,3.000000,0.000000,1.000000,0.000000,1.000000,2.000000,0.000000,1.000000,0.000000,1.000000,3.000000,0.000000,1.000000,1553.000000,438.000000,932.000000,136.000000,161.000000,5.000000,
0.049341,0.994931,0.149523,0.228743,0.189389,0.000638,-207.843414,3.187515,1396044.380019,1161964.833524,2307283.645361,207665.948973,1090450.939405,366.233450,98.062508,209.133309,30.019135,36.022962,85.054216,23.014670,49.031254,7.004465,8.005103,521.332315,140.089298,298.190076,43.027427,51.032530,3.000000,2.000000,3.000000,0.000000,1.000000,0.000000,1.000000,2.000000,0.000000,1.000000,0.000000,1.000000,3.000000,0.000000,1.000000,1553.000000,438.000000,932.000000,136.000000,161.000000,5.000000,
0.049341,0.994931,0.149523,0.228743,0.189389,0.000638,-207.843414,3.187515,1396044.380019,1161964.833524,2307283.645361,207665.948973,1090450.939405,366.233450,98.062508,209.133309,30.019135,36.022962,85.054216,23.014670,49.031254,7.004465,8.005103,521.332315,140.089298,298.190076,43.027427,51.032530,3.000000,2.000000,3.000000,0.000000,1.000000,0.000000,1.000000,2.000000,0.000000,1.000000,0.000000,1.000000,3.000000,0.000000,1.000000,1553.000000,438.000000,932.000000,136.000000,161.000000,5.000000,
0.049341,0.994931,0.149523,0.228743,0.189389,0.000638,-207.843414,3.187515,1396044.380019,1161964.833524,2307283.645361,207665.948973,1090450.939405,366.233450,98.062508,209.133309,30.019135,36.022962,85.054216,23.014670,49.031254,7.004465,8.005103,521.332315,140.089298,298.190076,43.027427,51.032530,3.000000,2.000000,3.000000,0.000000,1.000000,0.000000,1.000000,2.000000,0.000000,1.000000,0.000000,1.000000,3.000000,0.000000,1.000000,1553.000000,438.000000,932.000000,136.000000,161.000000,5.000000,
0.049341,0.994931,0.149523,0.228743,0.189389,0.000638,-207.843414,3.187515,1396044.380019,1161964.833524,2307283.645361,207665.948973,1090450.939405,366.233450,98.062508,209.133309,30.019135,36.022962,85.054216,23.014670,49.031254,7.004465,8.005103,521.332315,140.089298,298.190076,43.027427,51.032530,3.000000,2.000000,3.000000,0.000000,1.000000,0.000000,1.000000,2.000000,0.000000,1.000000,0.000000,1.000000,3.000000,0.000000,1.000000,1553.000000,438.000000,932.000000,136.000000,161.000000,5.000000,
0.049341,0.994931,0.149523,0.228743,0.189389,0.000638,-207.843414,3.187515,1396044.380019,1161964.833524,2307283.645361,207665.948973,1090450.939405,366.233450,98.062508,209.133309,30.019135,36.022962,85.054216,23.014670,49.031254,7.004465,8.005103,521.332315,140.089298,298.190076,43.027427,51.032530,3.000000,2.000000,3.000000,0.000000,1.000000,0.000000,1.000000,2.000000,0.000000,1.000000,0.000000,1.000000,3.000000,0.000000,1.000000,1553.000000,438.000000,932.000000,136.000000,161.000000,5.000000,
0.049341,0.994931,0.149523,0.228743,0.189389,0.000638,-207.843414,3.187515,1396044.380019,1161964.833524,2307283.645361,207665.948973,1090450.939405,366.233450,98.062508,209.133309,30.019135,36.022962,85.054216,23.014670,49.031254,7.004465,8.005103,521.332315,140.089298,298.190076,43.027427,51.032530,3.000000,2.000000,3.000000,0.000000,1.000000,0.000000,1.000000,2.000000,0.000000,1.000000,0.000000,1.000000,3.000000,0.000000,1.000000,1553.000000,438.000000,932.000000,136.000000,161.000000,5.000000,
0.049341,0.994931,0.149523,0.228743,0.189389,0.000638,-207.843414,3.187515,1396044.380019,1161964.833524,2307283.645361,207665.948973,1090450.939405,366.233450,98.062508,209.133309,30.019135,36.022962,85.054216,23.014670,49.031254,7.004465,8.005103,521.332315,140.089298,298.190076,43.027427,51.032530,3.000000,2.000000,3.000000,0.000000,1.000000,0.000000,1.000000,2.000000,0.000000,1.000000,0.000000,1.000000,3.000000,0.000000,1.000000,1553.000000,438.000000,932.000000,136.000000,161.000000,5.000000,
0.049341,0.994931,0.149523,0.228743,0.189389,0.000638,-207.843414,3.187515,1396044.380019,1161964.833524,2307283.645361,207665.948973,1090450.939405,366.233450,98.062508,209.133309,30.019135,36.022962,85.054216,23.014670,49.031254,7.004465,8.005103,521.332315,140.089298,298.190076,43.027427,51.032530,3.000000,2.000000,3.000000,0.000000,1.000000,0.000000,1.000000,2.000000,0.000000,1.000000,0.000000,1.000000,3.000000,0.000000,1.000000,1553.000000,438.000000,932.000000,136.000000,161.000000,5.000000,
0.049341,0.994931,0.149523,0.228743,0.189389,0.000638,-207.843414,3.187515,1396044.380019,1161964.833524,2307283.645361,207665.948973,1090450.939405,366.233450,98.062508,209.133309,30.019135,36.022962,85.054216,23.014670,49.031254,7.004465,8.005103,521.332315,140.089298,298.190076,43.027427,51.032530,3.000000,2.000000,3.000000,0.000000,1.000000,0.000000,1.000000,2.000000,0.000000,1.000000,0.000000,1.000000,3.000000,0.000000,1.000000,1553.000000,438.000000,932.000000,136.000000,161.000000,5.000000,
0.049341,0.994931,0.149523,0.228743,0.189389,0.000638,-207.843414,3.187515,1396044.380019,1161964.833524,2307283.645361,207665.948973,1090450.939405,366.233450,98.062508,209.133309,30.019135,36.022962,85.054216,23.014670,49.031254,7.004465,8.005103,521.332315,140.089298,298.190076,43.027427,51.032530,3.000000,2.000000,3.000000,0.000000,1.000000,0.000000,1.000000,2.000000,0.000000,1.000000,0.000000,1.000000,3.000000,0.000000,1.000000,1553.000000,438.000000,932.000000,136.000000,161.000000,5.000000,
0.049341,0.994931,0.149523,0.228743,0.189389,0.000638,-207.843414,3.187515,1396044.380019,1161964.833524,2307283.645361,207665.948973,1090450.939405,366.233450,98.062508,209.133309,30.019135,36.022962,85.054216,23.014670,49.031254,7.004465,8.005103,521.332315,140.089298,298.190076,43.027427,51.032530,3.000000,2.000000,3.000000,0.000000,1.000000,0.000000,1.000000,2.000000,0.000000,1.000000,0.000000,1.000000,3.000000,0.000000,1.000000,1553.000000,438.000000,932.000000,136.000000,161.000000,5.000000,
0.049341,0.994931,0.149523,0.228743,0.189389,0.000638,-207.843414,3.187515,1396044.380019,1161964.833524,2307283.645361,207665.948973,1090450.939405,366.233450,98.062508,209.133309,30.019135,36.022962,85.054216,23.014670,49.031254,7.004465,8.005103,521.332315,140.089298,298.190076,43.027427,51.032530,3.000000,2.000000,3.000000,0.000000,1.000000,0.000000,1.000000,2.000000,0.000000,1.000000,0.000000,1.000000,3.000000,0.000000,1.000000,1553.000000,438.000000,932.000000,136.000000,161.000000,5.000000,
0.049374,0.992564,0.147478,0.221980,0.214772,0.000803,-207.825455,3.185093,1396044.219060,1161964.790303,2307283.553289,207665.935725,1090450.923674,366.294058,98.078737,209.167918,30.024103,36.028924,85.068292,23.018479,49.039368,7.005624,8.006427,521.418590,140.112481,298.239424,43.034548,51.040975,3.000000,2.000000,3.000000,0.000000,1.000000,0.000000,1.000000,2.000000,0.000000,1.000000,0.000000,1.000000,3.000000,0.000000,1.000000,1553.000000,438.000000,932.000000,136.000000,161.000000,5.000000,
0.049374,0.992564,0.147478,0.221980,0.214772,0.000803,-207.825455,3.185093,1396044.219060,1161964.790303,2307283.553289,207665.935725,1090450.923674,366.294058,98.078737,209.167918,30.024103,36.028924,85.068292,23.018479,49.039368,7.005624,8.006427,521.418590,140.112481,298.239424,43.034548,51.040975,3.000000,2.000000,3.000000,0.000000,1.000000,0.000000,1.000000,2.000000,0.000000,1.000000,0.000000,1.000000,3.000000,0.000000,1.000000,1553.000000,438.000000,932.000000,136.000000,161.000000,5.000000,
0.049374,0.992564,0.147478,0.221980,0.214772,0.000803,-207.825455,3.185093,1396044.219060,1161964.790303,2307283.553289,207665.935725,1090450.923674,366.294058,98.078737,209.167918,30.024103,36.028924,85.068292,23.018479,49.039368,7.005624,8.006427,521.418590,140.112481,298.239424,43.034548,51.040975,3.000000,2.000000,3.000000,0.000000,1.000000,0.000000,1.000000,2.000000,0.000000,1.000000,0.000000,1.000000,3.000000,0.000000,1.000000,1553.000000,438.000000,932.000000,136.000000,161.000000,5.000000,
0.049374,0.992564,0.147478,0.221980,0.214772,0.000803,-207.825455,3.185093,1396044.219060,1161964.790303,2307283.553289,207665.935725,1090450.923674,366.294058,98.078737,209.167918,30.024103,36.028924,85.068292,23.018479,49.039368,7.005624,8.006427,521.418590,140.112481,298.239424,43.034548,51.040975,3.000000,2.000000,3.000000,0.000000,1.000000,0.000000,1.000000,2.000000,0.000000,1.000000,0.000000,1.000000,3.000000,0.000000,1.000000,1553.000000,438.000000,932.000000,136.000000,161.000000,5.000000,
0.049320,0.998939,0.151136,0.215804,0.214659,0.001169,-207.090771,3.189785,1396043.864197,1161964.695016,2307283.350302,207665.906518,1090450.888990,366.427679,98.114515,209.244221,30.035056,36.042067,85.099324,23.026876,49.057258,7.008180,8.009348,521.608800,140.163593,298.348219,43.050246,51.059595,3.000000,2.000000,3.000000,0.000000,1.000000,0.000000,1.000000,2.000000,0.000000,1.000000,0.000000,1.000000,3.000000,0.000000,1.000000,1553.000000,438.000000,932.000000,136.000000,161.000000,5.000000,
0.049320,0.998939,0.151136,0.215804,0.214659,0.001169,-207.090771,3.189785,1396043.864197,1161964.695016,2307283.350302,207665.906518,1090450.888990,366.427679,98.114515,209.244221,30.035056,36.042067,85.099324,23.026876,49.057258,7.008180,8.009348,521.608800,140.163593,298.348219,43.050246,51.059595,3.000000,2.000000,3.000000,0.000000,1.000000,0.000000,1.000000,2.000000,0.000000,1.000000,0.000000,1.000000,3.000000,0.000000,1.000000,1553.000000,438.000000,932.000000,136.000000,161.000000,5.000000,
0.049320,0.998939,0.151136,0.215804,0.214659,0.001169,-207.090771,3.189785,1396043.864197,1161964.695016,2307283.350302,207665.906518,1090450.888990,366.427679,98.114515,209.244221,30.035056,36.042067,85.099324,23.026876,49.057258,7.008180,8.009348,521.608800,140.163593,298.348219,43.050246,51.059595,3.000000,2.000000,3.000000,0.000000,1.000000,0.000000,1.000000,2.000000,0.000000,1.000000,0.000000,1.000000,3.000000,0.000000,1.000000,1553.000000,438.000000,932.000000,136.000000,161.000000,5.000000,
0.049320,0.998939,0.151136,0.215804,0.214659,0.001169,-207.090771,3.189785,1396043.864197,1161964.695016,2307283.350302,207665.906518,1090450.888990,366.427679,98.114515,209.244221,30.035056,36.042067,85.099324,23.026876,49.057258,7.008180,8.009348,521.608800,140.163593,298.348219,43.050246,51.059595,3.000000,2.000000,3.000000,0.000000,1.000000,0.000000,1.000000,2.000000,0.000000,1.000000,0.000000,1.000000,3.000000,0.000000,1.000000,1553.000000,438.000000,932.000000,136.000000,161.000000,5.000000,
0.049323,0.998023,0.154300,0.129918,0.405082,0.000220,-207.641179,3.197040,1396044.786060,1161964.942553,2307283.877623,207665.982392,1090450.979090,366.080558,98.021570,209.046002,30.006603,36.007924,85.018709,23.005062,49.010785,7.001541,8.001761,521.114674,140.030814,298.065591,43.009464,51.011225,3.000000,2.000000,3.000000,0.000000,1.000000,0.000000,1.000000,2.000000,0.000000,1.000000,0.000000,1.000000,3.000000,0.000000,1.000000,1553.000000,438.000000,932.000000,136.000000,161.000000,5.000000,
0.049323,0.998023,0.154300,0.129918,0.405082,0.000220,-207.641179,3.197040,1396044.786060,1161964.942553,2307283.877623,207665.982392,1090450.979090,366.080558,98.021570,209.046002,30.006603,36.007924,85.018709,23.005062,49.010785,7.001541,8.001761,521.114674,140.030814,298.065591,43.009464,51.011225,3.000000,2.000000,3.000000,0.000000,1.000000,0.000000,1.000000,2.000000,0.000000,1.000000,0.000000,1.000000,3.000000,0.000000,1.000000,1553.000000,438.000000,932.000000,136.000000,161.000000,5.000000,
0.049323,0.998023,0.154300,0.129918,0.405082,0.000220,-207.641179,3.197040,1396044.786060,1161964.942553,2307283.877623,207665.982392,1090450.979090,366.080558,98.021570,209.046002,30.006603,36.007924,85.018709,23.005062,49.010785,7.001541,8.001761,521.114674,140.030814,298.065591,43.009464,51.011225,3.000000,2.000000,3.000000,0.000000,1.000000,0.000000,1.000000,2.000000,0.000000,1.000000,0.000000,1.000000,3.000000,0.000000,1.000000,1553.000000,438.000000,932.000000,136.000000,161.000000,5.000000,
0.049323,0.998023,0.154300,0.129918,0.405082,0.000220,-207.641179,3.197040,1396044.786060,1161964.942553,2307283.877623,207665.982392,1090450.979090,366.080558,98.021570,209.046002,30.006603,36.007924,85.018709,23.005062,49.010785,7.001541,8.001761,521.114674,140.030814,298.065591,43.009464,51.011225,3.000000,2.000000,3.000000,0.000000,1.000000,0.000000,1.000000,2.000000,0.000000,1.000000,0.000000,1.000000,3.000000,0.000000,1.000000,1553.000000,438.000000,932.000000,136.000000,161.000000,5.000000,
0.049323,0.998023,0.154300,0.129918,0.405082,0.000220,-207.641179,3.197040,1396044.786060,1161964.942553,2307283.877623,207665.982392,1090450.979090,366.080558,98.021570,209.046002,30.006603,36.007924,85.018709,23.005062,49.010785,7.001541,8.001761,521.114674,140.030814,298.065591,43.009464,51.011225,3.000000,2.000000,3.000000,0.000000,1.000000,0.000000,1.000000,2.000000,0.000000,1.000000,0.000000,1.000000,3.000000,0.000000,1.000000,1553.000000,438.000000,932.000000,136.000000,161.000000,5.000000,
0.049323,0.998023,0.154300,0.129918,0.405082,0.000220,-207.641179,3.197040,1396044.786060,1161964.942553,2307283.877623,207665.982392,1090450.979090,366.080558,98.021570,209.046002,30.006603,36.007924,85.018709,23.005062,49.010785,7.001541,8.001761,521.114674,140.030814,298.065591,43.009464,51.011225,3.000000,2.000000,3.000000,0.000000,1.000000,0.000000,1.000000,2.000000,0.000000,1.000000,0.000000,1.000000,3.000000,0.000000,1.000000,1553.000000,438.000000,932.000000,136.000000,161.000000,5.000000,
0.049290,0.998865,0.154334,0.137971,0.389876,0.001037,-207.743217,3.194959,1396043.992273,1161964.729407,2307283.423563,207665.917059,1090450.901508,366.379453,98.101602,209.216682,30.031103,36.037323,85.088124,23.023845,49.050801,7.007257,8.008294,521.540150,140.145146,298.308953,43.044581,51.052875,3.000000,2.000000,3.000000,0.000000,1.000000,0.000000,1.000000,2.000000,0.000000,1.000000,0.000000,1.000000,3.000000,0.000000,1.000000,1553.000000,438.000000,932.000000,136.000000,161.000000,5.000000,
0.049290,0.998865,0.154334,0.137971,0.389876,0.001037,-207.743217,3.194959,1396043.992273,1161964.729407,2307283.423563,207665.917059,1090450.901508,366.379453,98.101602,209.216682,30.031103,36.037323,85.088124,23.023845,49.050801,7.007257,8.008294,521.540150,140.145146,298.308953,43.044581,51.052875,3.000000,2.000000,3.000000,0.000000,1.000000,0.000000,1.000000,2.000000,0.000000,1.000000,0.000000,1.000000,3.000000,0.000000,1.000000,1553.000000,438.000000,932.000000,136.000000,161.000000,5.000000,
0.049290,0.998865,0.154334,0.137971,0.389876,0.001037,-207.743217,3.194959,1396043.992273,1161964.729407,2307283.423563,207665.917059,1090450.901508,366.379453,98.101602,209.216682,30.031103,36.037323,85.088124,23.023845,49.050801,7.007257,8.008294,521.540150,140.145146,298.308953,43.044581,51.052875,3.000000,2.000000,3.000000,0.000000,1.000000,0.000000,1.000000,2.000000,0.000000,1.000000,0.000000,1.000000,3.000000,0.000000,1.000000,1553.000000,438.000000,932.000000,136.000000,161.000000,5.000000,
0.049290,0.998865,0.154334,0.137971,0.389876,0.001037,-207.743217,3.194959,1396043.992273,1161964.729407,2307283.423563,207665.917059,1090450.901508,366.379453,98.101602,209.216682,30.031103,36.037323,85.088124,23.023845,49.050801,7.007257,8.008294,521.540150,140.145146,298.308953,43.044581,51.052875,3.000000,2.000000,3.000000,0.000000,1.000000,0.000000,1.000000,2.000000,0.000000,1.000000,0.000000,1.000000,3.000000,0.000000,1.000000,1553.000000,438.000000,932.000000,136.000000,161.000000,5.000000,
0.049290,0.998865,0.154334,0.137971,0.389876,0.001037,-207.743217,3.194959,1396043.992273,1161964.729407,2307283.423563,207665.917059,1090450.901508,366.379453,98.101602,209.216682,30.031103,36.037323,85.088124,23.023845,49.050801,7.007257,8.008294,521.540150,140.145146,298.308953,43.044581,51.052875,3.000000,2.000000,3.000000,0.000000,1.000000,0.000000,1.000000,2.000000,0.000000,1.000000,0.000000,1.000000,3.000000,0.000000,1.000000,1553.000000,438.000000,932.000000,136.000000,161.000000,5.000000,
0.049290,0.998865,0.154334,0.137971,0.389876,0.001037,-207.743217,3.194959,1396043.992273,1161964.729407,2307283.423563,207665.917059,1090450.901508,366.379453,98.101602,209.216682,30.031103,36.037323,85.088124,23.023845,49.050801,7.007257,8.008294,521.540150,140.145146,298.308953,43.044581,51.052875,3.000000,2.000000,3.000000,0.000000,1.000000,0.000000,1.000000,2.000000,0.000000,1.000000,0.000000,1.000000,3.000000,0.000000,1.000000,1553.000000,438.000000,932.000000,136.000000,161.000000,5.000000,
0.049290,0.998865,0.154334,0.137971,0.389876,0.001037,-207.743217,3.194959,1396043.992273,1161964.729407,2307283.423563,207665.917059,1090450.901508,366.379453,98.101602,209.216682,30.031103,36.037323,85.088124,23.023845,49.050801,7.007257,8.008294,521.540150,140.145146,298.308953,43.044581,51.052875,3.000000,2.000000,3.000000,0.000000,1.000000,0.000000,1.000000,2.000000,0.000000,1.000000,0.000000,1.000000,3.000000,0.000000,1.000000,1553.000000,438.000000,932.000000,136.000000,161.000000,5.000000,
0.049290,0.998865,0.154334,0.137971,0.389876,0.001037,-207.743217,3.194959,1396043.992273,1161964.729407,2307283.423563,207665.917059,1090450.901508,366.379453,98.101602,209.216682,30.031103,36.037323,85.088124,23.023845,49.050801,7.007257,8.008294,521.540150,140.145146,298.308953,43.044581,51.052875,3.000000,2.000000,3.000000,0.000000,1.000000,0.000000,1.000000,2.000000,0.000000,1.000000,0.000000,1.000000,3.000000,0.000000,1.000000,1553.000000,438.000000,932.000000,136.000000,161.000000,5.000000,
0.049290,0.998865,0.154334,0.137971,0.389876,0.001037,-207.743217,3.194959,1396043.992273,1161964.729407,2307283.423563,207665.917059,1090450.901508,366.379453,98.101602,209.216682,30.031103,36.037323,85.088124,23.023845,49.050801,7.007257,8.008294,521.540150,140.145146,298.308953,43.044581,51.052875,3.000000,2.000000,3.000000,0.000000,1.000000,0.000000,1.000000,2.000000,0.000000,1.000000,0.000000,1.000000,3.000000,0.000000,1.000000,1553.000000,438.000000,932.000000,136.000000,161.000000,5.000000,
0.049290,0.998865,0.154334,0.137971,0.389876,0.001037,-207.743217,3.194959,1396043.992273,1161964.729407,2307283.423563,207665.917059,1090450.901508,366.379453,98.101602,209.216682,30.031103,36.037323,85.088124,23.023845,49.050801,7.007257,8.008294,521.540150,140.145146,298.308953,43.044581,51.052875,3.000000,2.000000,3.000000,0.000000,1.000000,0.000000,1.000000,2.000000,0.000000,1.000000,0.000000,1.000000,3.000000,0.000000,1.000000,1553.000000,438.000000,932.000000,136.000000,161.000000,5.000000,
0.049290,0.998865,0.154334,0.137971,0.389876,0.001037,-207.743217,3.194959,1396043.992273,1161964.729407,2307283.423563,207665.917059,1090450.901508,366.379453,98.101602,209.216682,30.031103,36.037323,85.088124,23.023845,49.050801,7.007257,8.008294,521.540150,140.145146,298.308953,43.044581,51.052875,3.000000,2.000000,3.000000,0.000000,1.000000,0.000000,1.000000,2.000000,0.000000,1.000000,0.000000,1.000000,3.000000,0.000000,1.000000,1553.000000,438.000000,932.000000,136.000000,161.000000,5.000000,
0.049290,0.998865,0.154334,0.137971,0.389876,0.001037,-207.743217,3.194959,1396043.992273,1161964.729407,2307283.423563,207665.917059,1090450.901508,366.379453,98.101602,209.216682,30.031103,36.037323,85.088124,23.023845,49.050801,7.007257,8.008294,521.540150,140.145146,298.308953,43.044581,51.052875,3.000000,2.000000,3.000000,0.000000,1.000000,0.000000,1.000000,2.000000,0.000000,1.000000,0.000000,1.000000,3.000000,0.000000,1.000000,1553.000000,438.000000,932.000000,136.000000,161.000000,5.000000,
0.049290,0.998865,0.154334,0.137971,0.389876,0.001037,-207.743217,3.194959,1396043.992273,1161964.729407,2307283.423563,207665.917059,1090450.901508,366.379453,98.101602,209.216682,30.031103,36.037323,85.088124,23.023845,49.050801,7.007257,8.008294,521.540150,140.145146,298.308953,43.044581,51.052875,3.000000,2.000000,3.000000,0.000000,1.000000,0.000000,1.000000,2.000000,0.000000,1.000000,0.000000,1.000000,3.000000,0.000000,1.000000,1553.000000,438.000000,932.000000,136.000000,161.000000,5.000000,
0.049290,0.998865,0.154334,0.137971,0.389876,0.001037,-207.743217,3.194959,1396043.992273,1161964.729407,2307283.423563,207665.917059,1090450.901508,366.379453,98.101602,209.216682,30.031103,36.037323,85.088124,23.023845,49.050801,7.007257,8.008294,521.540150,140.145146,298.308953,43.044581,51.052875,3.000000,2.000000,3.000000,0.000000,1.000000,0.000000,1.000000,2.000000,0.000000,1.000000,0.000000,1.000000,3.000000,0.000000,1.000000,1553.000000,438.000000,932.000000,136.000000,161.000000,5.000000,
0.049290,0.998865,0.154334,0.137971,0.389876,0.001037,-207.743217,3.194959,1396043.992273,1161964.729407,2307283.423563,207665.917059,1090450.901508,366.379453,98.101602,209.216682,30.031103,36.037323,85.088124,23.023845,49.050801,7.007257,8.008294,521.540150,140.145146,298.308953,43.044581,51.052875,3.000000,2.000000,3.000000,0.000000,1.000000,0.000000,1.000000,2.000000,0.000000,1.000000,0.000000,1.000000,3.000000,0.000000,1.000000,1553.000000,438.000000,932.000000,136.000000,161.000000,5.000000,
0.049290,0.998865,0.154334,0.137971,0.389876,0.001037,-207.743217,3.194959,1396043.992273,1161964.729407,2307283.423563,207665.917059,1090450.901508,366.379453,98.101602,209.216682,30.031103,36.037323,85.088124,23.023845,49.050801,7.007257,8.008294,521.540150,140.145146,298.308953,43.044581,51.052875,3.000000,2.000000,3.000000,0.000000,1.000000,0.000000,1.000000,2.000000,0.000000,1.000000,0.000000,1.000000,3.000000,0.000000,1.000000,1553.000000,438.000000,932.000000,136.000000,161.000000,5.000000,
0.049290,0.998865,0.154334,0.137971,0.389876,0.001037,-207.743217,3.194959,1396043.992273,1161964.729407,2307283.423563,207665.917059,1090450.901508,366.379453,98.101602,209.216682,30.031103,36.037323,85.088124,23.023845,49.050801,7.007257,8.008294,521.540150,140.145146,298.308953,43.044581,51.052875,3.000000,2.000000,3.000000,0.000000,1.000000,0.000000,1.000000,2.000000,0.000000,1.000000,0.000000,1.000000,3.000000,0.000000,1.000000,1553.000000,438.000000,932.000000,136.000000,161.000000,5.000000,
0.049290,0.998865,0.154334,0.137971,0.389876,0.001037,-207.743217,3.194959,1396043.992273,1161964.729407,2307283.423563,207665.917059,1090450.901508,366.379453,98.101602,209.216682,30.031103,36.037323,85.088124,23.023845,49.050801,7.007257,8.008294,521.540150,140.145146,298.308953,43.044581,51.052875,3.000000,2.000000,3.000000,0.000000,1.000000,0.000000,1.000000,2.000000,0.000000,1.000000,0.000000,1.000000,3.000000,0.000000,1.000000,1553.000000,438.000000,932.000000,136.000000,161.000000,5.000000,
0.049290,0.998865,0.154334,0.137971,0.389876,0.001037,-207.743217,3.194959,1396043.992273,1161964.729407,2307283.423563,207665.917059,1090450.901508,366.379453,98.101602,209.216682,30.031103,36.037323,85.088124,23.023845,49.050801,7.007257,8.008294,521.540150,140.145146,298.308953,43.044581,51.052875,3.000000,2.000000,3.000000,0.000000,1.000000,0.000000,1.000000,2.000000,0.000000,1.000000,0.000000,1.000000,3.000000,0.000000,1.000000,1553.000000,438.000000,932.000000,136.000000,161.000000,5.000000,
0.049290,0.998865,0.154334,0.137971,0.389876,0.001037,-207.743217,3.194959,1396043.992273,1161964.729407,2307283.423563,207665.917059,1090450.901508,366.379453,98.101602,209.216682,30.031103,36.037323,85.088124,23.023845,49.050801,7.007257,8.008294,521.540150,140.145146,298.308953,43.044581,51.052875,3.000000,2.000000,3.000000,0.000000,1.000000,0.000000,1.000000,2.000000,0.000000,1.000000,0.000000,1.000000,3.000000,0.000000,1.000000,1553.000000,438.000000,932.000000,136.000000,161.000000,5.000000,
0.049290,0.998865,0.154334,0.137971,0.389876,0.001037,-207.743217,3.194959,1396043.992273,1161964.729407,2307283.423563,207665.917059,1090450.901508,366.379453,98.101602,209.216682,30.031103,36.037323,85.088124,23.023845,49.050801,7.007257,8.008294,521.540150,140.145146,298.308953,43.044581,51.052875,3.000000,2.000000,3.000000,0.000000,1.000000,0.000000,1.000000,2.000000,0.000000,1.000000,0.000000,1.000000,3.000000,0.000000,1.000000,1553.000000,438.000000,932.000000,136.000000,161.000000,5.000000,
0.049290,0.998865,0.154334,0.137971,0.389876,0.001037,-207.743217,3.194959,1396043.992273,1161964.729407,2307283.423563,207665.917059,1090450.901508,366.379453,98.101602,209.216682,30.031103,36.037323,85.088124,23.023845,49.050801,7.007257,8.008294,521.540150,140.145146,298.308953,43.044581,51.052875,3.000000,2.000000,3.000000,0.000000,1.000000,0.000000,1.000000,2.000000,0.000000,1.000000,0.000000,1.000000,3.000000,0.000000,1.000000,1553.000000,438.000000,932.000000,136.000000,161.000000,5.000000,
0.049290,0.998865,0.154334,0.137971,0.389876,0.001037,-207.743217,3.194959,1396043.992273,1161964.729407,2307283.423563,207665.917059,1090450.901508,366.379453,98.101602,209.216682,30.031103,36.037323,85.088124,23.023845,49.050801,7.007257,8.008294,521.540150,140.145146,298.308953,43.044581,51.052875,3.000000,2.000000,3.000000,0.000000,1.000000,0.000000,1.000000,2.000000,0.000000,1.000000,0.000000,1.000000,3.000000,0.000000,1.000000,1553.000000,438.000000,932.000000,136.000000,161.000000,5.000000,
0.049290,0.998865,0.154334,0.137971,0.389876,0.001037,-207.743217,3.194959,1396043.992273,1161964.729407,2307283.423563,207665.917059,1090450.901508,366.379453,98.101602,209.216682,30.031103,36.037323,85.088124,23.023845,49.050801,7.007257,8.008294,521.540150,140.145146,298.308953,43.044581,51.052875,3.000000,2.000000,3.000000,0.000000,1.000000,0.000000,1.000000,2.000000,0.000000,1.000000,0.000000,1.000000,3.000000,0.000000,1.000000,1553.000000,438.000000,932.000000,136.000000,161.000000,5.000000,
0.049290,0.998865,0.154334,0.137971,0.389876,0.001037,-207.743217,3.194959,1396043.992273,1161964.729407,2307283.423563,207665.917059,1090450.901508,366.379453,98.101602,209.216682,30.031103,36.037323,85.088124,23.023845,49.050801,7.007257,8.008294,521.540150,140.145146,298.308953,43.044581,51.052875,3.000000,2.000000,3.000000,0.000000,1.000000,0.000000,1.000000,2.000000,0.000000,1.000000,0.000000,1.000000,3.000000,0.000000,1.000000,1553.000000,438.000000,932.000000,136.000000,161.000000,5.000000,
0.049290,0.998865,0.154334,0.137971,0.389876,0.001037,-207.743217,3.194959,1396043.992273,1161964.729407,2307283.423563,207665.917059,1090450.901508,366.379453,98.101602,209.216682,30.031103,36.037323,85.088124,23.023845,49.050801,7.007257,8.008294,521.540150,140.145146,298.308953,43.044581,51.052875,3.000000,2.000000,3.000000,0.000000,1.000000,0.000000,1.000000,2.000000,0.000000,1.000000,0.000000,1.000000,3.000000,0.000000,1.000000,1553.000000,438.000000,932.000000,136.000000,161.000000,5.000000,
0.049290,0.998865,0.154334,0.137971,0.389876,0.001037,-207.743217,3.194959,1396043.992273,1161964.729407,2307283.423563,207665.917059,1090450.901508,366.379453,98.101602,209.216682,30.031103,36.037323,85.088124,23.023845,49.050801,7.007257,8.008294,521.540150,140.145146,298.308953,43.044581,51.052875,3.000000,2.000000,3.000000,0.000000,1.000000,0.000000,1.000000,2.000000,0.000000,1.000000,0.000000,1.000000,3.000000,0.000000,1.000000,1553.000000,438.000000,932.000000,136.000000,161.000000,5.000000,
0.049290,0.998865,0.154334,0.137971,0.389876,0.001037,-207.743217,3.194959,1396043.992273,1161964.729407,2307283.423563,207665.917059,1090450.901508,366.379453,98.101602,209.216682,30.031103,36.037323,85.088124,23.023845,49.050801,7.007257,8.008294,521.540150,140.145146,298.308953,43.044581,51.052875,3.000000,2.000000,3.000000,0.000000,1.000000,0.000000,1.000000,2.000000,0.000000,1.000000,0.000000,1.000000,3.000000,0.000000,1.000000,1553.000000,438.000000,932.000000,136.000000,161.000000,5.000000,
0.049290,0.998865,0.154334,0.137971,0.389876,0.001037,-207.743217,3.194959,1396043.992273,1161964.729407,2307283.423563,207665.917059,1090450.901508,366.379453,98.101602,209.216682,30.031103,36.037323,85.088124,23.023845,49.050801,7.007257,8.008294,521.540150,140.145146,298.308953,43.044581,51.052875,3.000000,2.000000,3.000000,0.000000,1.000000,0.000000,1.000000,2.000000,0.000000,1.000000,0.000000,1.000000,3.000000,0.000000,1.000000,1553.000000,438.000000,932.000000,136.000000,161.000000,5.000000,
0.049290,0.998865,0.154334,0.137971,0.389876,0.001037,-207.743217,3.194959,1396043.992273,1161964.729407,2307283.423563,207665.917059,1090450.901508,366.379453,98.101602,209.216682,30.031103,36.037323,85.088124,23.023845,49.050801,7.007257,8.008294,521.540150,140.145146,298.308953,43.044581,51.052875,3.000000,2.000000,3.000000,0.000000,1.000000,0.000000,1.000000,2.000000,0.000000,1.000000,0.000000,1.000000,3.000000,0.000000,1.000000,1553.000000,438.000000,932.000000,136.000000,161.000000,5.000000,
0.049290,0.998865,0.154334,0.137971,0.389876,0.001037,-207.743217,3.194959,1396043.992273,1161964.729407,2307283.423563,207665.917059,1090450.901508,366.379453,98.101602,209.216682,30.031103,36.037323,85.088124,23.023845,49.050801,7.007257,8.008294,521.540150,140.145146,298.308953,43.044581,51.052875,3.000000,2.000000,3.000000,0.000000,1.000000,0.000000,1.000000,2.000000,0.000000,1.000000,0.000000,1.000000,3.000000,0.000000,1.000000,1553.000000,438.000000,932.000000,136.000000,161.000000,5.000000,
0.049290,0.998865,0.154334,0.137971,0.389876,0.001037,-207.743217,3.194959,1396043.992273,1161964.729407,2307283.423563,207665.917059,1090450.901508,366.379453,98.101602,209.216682,30.031103,36.037323,85.088124,23.023845,49.050801,7.007257,8.008294,521.540150,140.145146,298.308953,43.044581,51.052875,3.000000,2.000000,3.000000,0.000000,1.000000,0.000000,1.000000,2.000000,0.000000,1.000000,0.000000,1.000000,3.000000,0.000000,1.000000,1553.000000,438.000000,932.000000,136.000000,161.000000,5.000000,
0.049290,0.998865,0.154334,0.137971,0.389876,0.001037,-207.743217,3.194959,1396043.992273,1161964.729407,2307283.423563,207665.917059,1090450.901508,366.379453,98.101602,209.216682,30.031103,36.037323,85.088124,23.023845,49.050801,7.007257,8.008294,521.540150,140.145146,298.308953,43.044581,51.052875,3.000000,2.000000,3.000000,0.000000,1.000000,0.000000,1.000000,2.000000,0.000000,1.000000,0.000000,1.000000,3.000000,0.000000,1.000000,1553.000000,438.000000,932.000000,136.000000,161.000000,5.000000,
0.049290,0.998865,0.154334,0.137971,0.389876,0.001037,-207.743217,3.194959,1396043.992273,1161964.729407,2307283.423563,207665.917059,1090450.901508,366.379453,98.101602,209.216682,30.031103,36.037323,85.088124,23.023845,49.050801,7.007257,8.008294,521.540150,140.145146,298.308953,43.044581,51.052875,3.000000,2.000000,3.000000,0.000000,1.000000,0.000000,1.000000,2.000000,0.000000,1.000000,0.000000,1.000000,3.000000,0.000000,1.000000,1553.000000,438.000000,932.000000,136.000000,161.000000,5.000000,
0.049290,0.998865,0.154334,0.137971,0.389876,0.001037,-207.743217,3.194959,1396043.992273,1161964.729407,2307283.423563,207665.917059,1090450.901508,366.379453,98.101602,209.216682,30.031103,36.037323,85.088124,23.023845,49.050801,7.007257,8.008294,521.540150,140.145146,298.308953,43.044581,51.052875,3.000000,2.000000,3.000000,0.000000,1.000000,0.000000,1.000000,2.000000,0.000000,1.000000,0.000000,1.000000,3.000000,0.000000,1.000000,1553.000000,438.000000,932.000000,136.000000,161.000000,5.000000,
0.049290,0.998865,0.154334,0.137971,0.389876,0.001037,-207.743217,3.194959,1396043.992273,1161964.729407,2307283.423563,207665.917059,1090450.901508,366.379453,98.101602,209.216682,30.031103,36.037323,85.088124,23.023845,49.050801,7.007257,8.008294,521.540150,140.145146,298.308953,43.044581,51.052875,3.000000,2.000000,3.000000,0.000000,1.000000,0.000000,1.000000,2.000000,0.000000,1.000000,0.000000,1.000000,3.000000,0.000000,1.000000,1553.000000,438.000000,932.000000,136.000000,161.000000,5.000000,
0.049290,0.998865,0.154334,0.137971,0.389876,0.001037,-207.743217,3.194959,1396043.992273,1161964.729407,2307283.423563,207665.917059,1090450.901508,366.379453,98.101602,209.216682,30.031103,36.037323,85.088124,23.023845,49.050801,7.007257,8.008294,521.540150,140.145146,298.308953,43.044581,51.052875,3.000000,2.000000,3.000000,0.000000,1.000000,0.000000,1.000000,2.000000,0.000000,1.000000,0.000000,1.000000,3.000000,0.000000,1.000000,1553.000000,438.000000,932.000000,136.000000,161.000000,5.000000,
0.049290,0.998865,0.154334,0.137971,0.389876,0.001037,-207.743217,3.194959,1396043.992273,1161964.729407,2307283.423563,207665.917059,1090450.901508,366.379453,98.101602,209.216682,30.031103,36.037323,85.088124,23.023845,49.050801,7.007257,8.008294,521.540150,140.145146,298.308953,43.044581,51.052875,3.000000,2.000000,3.000000,0.000000,1.000000,0.000000,1.000000,2.000000,0.000000,1.000000,0.000000,1.000000,3.000000,0.000000,1.000000,1553.000000,438.000000,932.000000,136.000000,161.000000,5.000000,
0.049290,0.998865,0.154334,0.137971,0.389876,0.001037,-207.743217,3.194959,1396043.992273,1161964.729407,2307283.423563,207665.917059,1090450.901508,366.379453,98.101602,209.216682,30.031103,36.037323,85.088124,23.023845,49.050801,7.007257,8.008294,521.540150,140.145146,298.308953,43.044581,51.052875,3.000000,2.000000,3.000000,0.000000,1.000000,0.000000,1.000000,2.000000,0.000000,1.000000,0.000000,1.000000,3.000000,0.000000,1.000000,1553.000000,438.000000,932.000000,136.000000,161.000000,5.000000,
0.049290,0.998865,0.154334,0.137971,0.389876,0.001037,-207.743217,3.194959,1396043.992273,1161964.729407,2307283.423563,207665.917059,1090450.901508,366.379453,98.101602,209.216682,30.031103,36.037323,85.088124,23.023845,49.050801,7.007257,8.008294,521.540150,140.145146,298.308953,43.044581,51.052875,3.000000,2.000000,3.000000,0.000000,1.000000,0.000000,1.000000,2.000000,0.000000,1.000000,0.000000,1.000000,3.000000,0.000000,1.000000,1553.000000,438.000000,932.000000,136.000000,161.000000,5.000000,
0.049290,0.998865,0.154334,0.137971,0.389876,0.001037,-207.743217,3.194959,1396043.992273,1161964.729407,2307283.423563,207665.917059,1090450.901508,366.379453,98.101602,209.216682,30.031103,36.037323,85.088124,23.023845,49.050801,7.007257,8.008294,521.540150,140.145146,298.308953,43.044581,51.052875,3.000000,2.000000,3.000000,0.000000,1.000000,0.000000,1.000000,2.000000,0.000000,1.000000,0.000000,1.000000,3.000000,0.000000,1.000000,1553.000000,438.000000,932.000000,136.000000,161.000000,5.000000,
0.049290,0.998865,0.154334,0.137971,0.389876,0.001037,-207.743217,3.194959,1396043.992273,1161964.729407,2307283.423563,207665.917059,1090450.901508,366.379453,98.101602,209.216682,30.031103,36.037323,85.088124,23.023845,49.050801,7.007257,8.008294,521.540150,140.145146,298.308953,43.044581,51.052875,3.000000,2.000000,3.000000,0.000000,1.000000,0.000000,1.000000,2.000000,0.000000,1.000000,0.000000,1.000000,3.000000,0.000000,1.000000,1553.000000,438.000000,932.000000,136.000000,161.000000,5.000000,
0.049290,0.998865,0.154334,0.137971,0.389876,0.001037,-207.743217,3.194959,1396043.992273,1161964.729407,2307283.423563,207665.917059,1090450.901508,366.379453,98.101602,209.216682,30.031103,36.037323,85.088124,23.023845,49.050801,7.007257,8.008294,521.540150,140.145146,298.308953,43.044581,51.052875,3.000000,2.000000,3.000000,0.000000,1.000000,0.000000,1.000000,2.000000,0.000000,1.000000,0.000000,1.000000,3.000000,0.000000,1.000000,1553.000000,438.000000,932.000000,136.000000,161.000000,5.000000,
0.049290,0.998865,0.154334,0.137971,0.389876,0.001037,-207.743217,3.194959,1396043.992273,1161964.729407,2307283.423563,207665.917059,1090450.901508,366.379453,98.101602,209.216682,30.031103,36.037323,85.088124,23.023845,49.050801,7.007257,8.008294,521.540150,140.145146,298.308953,43.044581,51.052875,3.000000,2.000000,3.000000,0.000000,1.000000,0.000000,1.000000,2.000000,0.000000,1.000000,0.000000,1.000000,3.000000,0.000000,1.000000,1553.000000,438.000000,932.000000,136.000000,161.000000,5.000000,
0.049290,0.998865,0.154334,0.137971,0.389876,0.001037,-207.743217,3.194959,1396043.992273,1161964.729407,2307283.423563,207665.917059,1090450.901508,366.379453,98.101602,209.216682,30.031103,36.037323,85.088124,23.023845,49.050801,7.007257,8.008294,521.540150,140.145146,298.308953,43.044581,51.052875,3.000000,2.000000,3.000000,0.000000,1.000000,0.000000,1.000000,2.000000,0.000000,1.000000,0.000000,1.000000,3.000000,0.000000,1.000000,1553.000000,438.000000,932.000000,136.000000,161.000000,5.000000,
0.049290,0.998865,0.154334,0.137971,0.389876,0.001037,-207.743217,3.194959,1396043.992273,1161964.729407,2307283.423563,207665.917059,1090450.901508,366.379453,98.101602,209.216682,30.031103,36.037323,85.088124,23.023845,49.050801,7.007257,8.008294,521.540150,140.145146,298.308953,43.044581,51.052875,3.000000,2.000000,3.000000,0.000000,1.000000,0.000000,1.000000,2.000000,0.000000,1.000000,0.000000,1.000000,3.000000,0.000000,1.000000,1553.000000,438.000000,932.000000,136.000000,161.000000,5.000000,
0.049290,0.998865,0.154334,0.137971,0.389876,0.001037,-207.743217,3.194959,1396043.992273,1161964.729407,2307283.423563,207665.917059,1090450.901508,366.379453,98.101602,209.216682,30.031103,36.037323,85.088124,23.023845,49.050801,7.007257,8.008294,521.540150,140.145146,298.308953,43.044581,51.052875,3.000000,2.000000,3.000000,0.000000,1.000000,0.000000,1.000000,2.000000,0.000000,1.000000,0.000000,1.000000,3.000000,0.000000,1.000000,1553.000000,438.000000,932.000000,136.000000,161.000000,5.000000,
0.049290,0.998865,0.154334,0.137971,0.389876,0.001037,-207.743217,3.194959,1396043.992273,1161964.729407,2307283.423563,207665.917059,1090450.901508,366.379453,98.101602,209.216682,30.031103,36.037323,85.088124,23.023845,49.050801,7.007257,8.008294,521.540150,140.145146,298.308953,43.044581,51.052875,3.000000,2.000000,3.000000,0.000000,1.000000,0.000000,1.000000,2.000000,0.000000,1.000000,0.000000,1.000000,3.000000,0.000000,1.000000,1553.000000,438.000000,932.000000,136.000000,161.000000,5.000000,
0.049290,0.998865,0.154334,0.137971,0.389876,0.001037,-207.743217,3.194959,1396043.992273,1161964.729407,2307283.423563,207665.917059,1090450.901508,366.379453,98.101602,209.216682,30.031103,36.037323,85.088124,23.023845,49.050801,7.007257,8.008294,521.540150,140.145146,298.308953,43.044581,51.052875,3.000000,2.000000,3.000000,0.000000,1.000000,0.000000,1.000000,2.000000,0.000000,1.000000,0.000000,1.000000,3.000000,0.000000,1.000000,1553.000000,438.000000,932.000000,136.000000,161.000000,5.000000,
0.049290,0.998865,0.154334,0.137971,0.389876,0.001037,-207.743217,3.194959,1396043.992273,1161964.729407,2307283.423563,207665.917059,1090450.901508,366.379453,98.101602,209.216682,30.031103,36.037323,85.088124,23.023845,49.050801,7.007257,8.008294,521.540150,140.145146,298.308953,43.044581,51.052875,3.000000,2.000000,3.000000,0.000000,1.000000,0.000000,1.000000,2.000000,0.000000,1.000000,0.000000,1.000000,3.000000,0.000000,1.000000,1553.000000,438.000000,932.000000,136.000000,161.000000,5.000000,
0.049252,0.997270,0.153154,0.162624,0.343810,0.002318,-208.110214,3.189880,1396042.746758,1161964.394963,2307282.711108,207665.814548,1090450.779776,366.848443,98.227179,209.484493,30.069545,36.083453,85.197043,23.053317,49.113589,7.016227,8.018545,522.207756,140.324541,298.690809,43.099680,51.118226,3.000000,2.000000,3.000000,0.000000,1.000000,0.000000,1.000000,2.000000,0.000000,1.000000,0.000000,1.000000,3.000000,0.000000,1.000000,1553.000000,438.000000,932.000000,136.000000,161.000000,5.000000,
0.049252,0.997270,0.153154,0.162624,0.343810,0.002318,-208.110214,3.189880,1396042.746758,1161964.394963,2307282.711108,207665.814548,1090450.779776,366.848443,98.227179,209.484493,30.069545,36.083453,85.197043,23.053317,49.113589,7.016227,8.018545,522.207756,140.324541,298.690809,43.099680,51.118226,3.000000,2.000000,3.000000,0.000000,1.000000,0.000000,1.000000,2.000000,0.000000,1.000000,0.000000,1.000000,3.000000,0.000000,1.000000,1553.000000,438.000000,932.000000,136.000000,161.000000,5.000000,
0.049252,0.997270,0.153154,0.162624,0.343810,0.002318,-208.110214,3.189880,1396042.746758,1161964.394963,2307282.711108,207665.814548,1090450.779776,366.848443,98.227179,209.484493,30.069545,36.083453,85.197043,23.053317,49.113589,7.016227,8.018545,522.207756,140.324541,298.690809,43.099680,51.118226,3.000000,2.000000,3.000000,0.000000,1.000000,0.000000,1.000000,2.000000,0.000000,1.000000,0.000000,1.000000,3.000000,0.000000,1.000000,1553.000000,438.000000,932.000000,136.000000,161.000000,5.000000,
0.049252,0.997270,0.153154,0.162624,0.343810,0.002318,-208.110214,3.189880,1396042.746758,1161964.394963,2307282.711108,207665.814548,1090450.779776,366.848443,98.227179,209.484493,30.069545,36.083453,85.197043,23.053317,49.113589,7.016227,8.018545,522.207756,140.324541,298.690809,43.099680,51.118226,3.000000,2.000000,3.000000,0.000000,1.000000,0.000000,1.000000,2.000000,0.000000,1.000000,0.000000,1.000000,3.000000,0.000000,1.000000,1553.000000,438.000000,932.000000,136.000000,161.000000,5.000000,
0.049252,0.997270,0.153154,0.162624,0.343810,0.002318,-208.110214,3.189880,1396042.746758,1161964.394963,2307282.711108,207665.814548,1090450.779776,366.848443,98.227179,209.484493,30.069545,36.083453,85.197043,23.053317,49.113589,7.016227,8.018545,522.207756,140.324541,298.690809,43.099680,51.118226,3.000000,2.000000,3.000000,0.000000,1.000000,0.000000,1.000000,2.000000,0.000000,1.000000,0.000000,1.000000,3.000000,0.000000,1.000000,1553.000000,438.000000,932.000000,136.000000,161.000000,5.000000,
0.049252,0.997270,0.153154,0.162624,0.343810,0.002318,-208.110214,3.189880,1396042.746758,1161964.394963,2307282.711108,207665.814548,1090450.779776,366.848443,98.227179,209.484493,30.069545,36.083453,85.197043,23.053317,49.113589,7.016227,8.018545,522.207756,140.324541,298.690809,43.099680,51.118226,3.000000,2.000000,3.000000,0.000000,1.000000,0.000000,1.000000,2.000000,0.000000,1.000000,0.000000,1.000000,3.000000,0.000000,1.000000,1553.000000,438.000000,932.000000,136.000000,161.000000,5.000000,
0.049252,0.997270,0.153154,0.162624,0.343810,0.002318,-208.110214,3.189880,1396042.746758,1161964.394963,2307282.711108,207665.814548,1090450.779776,366.848443,98.227179,209.484493,30.069545,36.083453,85.197043,23.053317,49.113589,7.016227,8.018545,522.207756,140.324541,298.690809,43.099680,51.118226,3.000000,2.000000,3.000000,0.000000,1.000000,0.000000,1.000000,2.000000,0.000000,1.000000,0.000000,1.000000,3.000000,0.000000,1.000000,1553.000000,438.000000,932.000000,136.000000,161.000000,5.000000,
0.049252,0.997270,0.153154,0.162624,0.343810,0.002318,-208.110214,3.189880,1396042.746758,1161964.394963,2307282.711108,207665.814548,1090450.779776,366.848443,98.227179,209.484493,30.069545,36.083453,85.197043,23.053317,49.113589,7.016227,8.018545,522.207756,140.324541,298.690809,43.099680,51.118226,3.000000,2.000000,3.000000,0.000000,1.000000,0.000000,1.000000,2.000000,0.000000,1.000000,0.000000,1.000000,3.000000,0.000000,1.000000,1553.000000,438.000000,932.000000,136.000000,161.000000,5.000000,
0.049252,0.997270,0.153154,0.162624,0.343810,0.002318,-208.110214,3.189880,1396042.746758,1161964.394963,2307282.711108,207665.814548,1090450.779776,366.848443,98.227179,209.484493,30.069545,36.083453,85.197043,23.053317,49.113589,7.016227,8.018545,522.207756,140.324541,298.690809,43.099680,51.118226,3.000000,2.000000,3.000000,0.000000,1.000000,0.000000,1.000000,2.000000,0.000000,1.000000,0.000000,1.000000,3.000000,0.000000,1.000000,1553.000000,438.000000,932.000000,136.000000,161.000000,5.000000,
0.049252,0.997270,0.153154,0.162624,0.343810,0.002318,-208.110214,3.189880,1396042.746758,1161964.394963,2307282.711108,207665.814548,1090450.779776,366.848443,98.227179,209.484493,30.069545,36.083453,85.197043,23.053317,49.113589,7.016227,8.018545,522.207756,140.324541,298.690809,43.099680,51.118226,3.000000,2.000000,3.000000,0.000000,1.000000,0.000000,1.000000,2.000000,0.000000,1.000000,0.000000,1.000000,3.000000,0.000000,1.000000,1553.000000,438.000000,932.000000,136.000000,161.000000,5.000000,
0.049268,0.999468,0.151255,0.141827,0.403079,0.001455,-207.140431,3.186682,1396043.585657,1161964.620223,2307283.190973,207665.883593,1090450.861767,366.532561,98.142598,209.304113,30.043653,36.052383,85.123682,23.033467,49.071299,7.010186,8.011641,521.758099,140.203712,298.433615,43.062569,51.074209,3.000000,2.000000,3.000000,0.000000,1.000000,0.000000,1.000000,2.000000,0.000000,1.000000,0.000000,1.000000,3.000000,0.000000,1.000000,1553.000000,438.000000,932.000000,136.000000,161.000000,5.000000,
0.049268,0.999468,0.151255,0.141827,0.403079,0.001455,-207.140431,3.186682,1396043.585657,1161964.620223,2307283.190973,207665.883593,1090450.861767,366.532561,98.142598,209.304113,30.043653,36.052383,85.123682,23.033467,49.071299,7.010186,8.011641,521.758099,140.203712,298.433615,43.062569,51.074209,3.000000,2.000000,3.000000,0.000000,1.000000,0.000000,1.000000,2.000000,0.000000,1.000000,0.000000,1.000000,3.000000,0.000000,1.000000,1553.000000,438.000000,932.000000,136.000000,161.000000,5.000000,
0.049268,0.999468,0.151255,0.141827,0.403079,0.001455,-207.140431,3.186682,1396043.585657,1161964.620223,2307283.190973,207665.883593,1090450.861767,366.532561,98.142598,209.304113,30.043653,36.052383,85.123682,23.033467,49.071299,7.010186,8.011641,521.758099,140.203712,298.433615,43.062569,51.074209,3.000000,2.000000,3.000000,0.000000,1.000000,0.000000,1.000000,2.000000,0.000000,1.000000,0.000000,1.000000,3.000000,0.000000,1.000000,1553.000000,438.000000,932.000000,136.000000,161.000000,5.000000,
0.049268,0.999468,0.151255,0.141827,0.403079,0.001455,-207.140431,3.186682,1396043.585657,1161964.620223,2307283.190973,207665.883593,1090450.861767,366.532561,98.142598,209.304113,30.043653,36.052383,85.123682,23.033467,49.071299,7.010186,8.011641,521.758099,140.203712,298.433615,43.062569,51.074209,3.000000,2.000000,3.000000,0.000000,1.000000,0.000000,1.000000,2.000000,0.000000,1.000000,0.000000,1.000000,3.000000,0.000000,1.000000,1553.000000,438.000000,932.000000,136.000000,161.000000,5.000000,
0.049268,0.999468,0.151255,0.141827,0.403079,0.001455,-207.140431,3.186682,1396043.585657,1161964.620223,2307283.190973,207665.883593,1090450.861767,366.532561,98.142598,209.304113,30.043653,36.052383,85.123682,23.033467,49.071299,7.010186,8.011641,521.758099,140.203712,298.433615,43.062569,51.074209,3.000000,2.000000,3.000000,0.000000,1.000000,0.000000,1.000000,2.000000,0.000000,1.000000,0.000000,1.000000,3.000000,0.000000,1.000000,1553.000000,438.000000,932.000000,136.000000,161.000000,5.000000,
0.049268,0.999468,0.151255,0.141827,0.403079,0.001455,-207.140431,3.186682,1396043.585657,1161964.620223,2307283.190973,207665.883593,1090450.861767,366.532561,98.142598,209.304113,30.043653,36.052383,85.123682,23.033467,49.071299,7.010186,8.011641,521.758099,140.203712,298.433615,43.062569,51.074209,3.000000,2.000000,3.000000,0.000000,1.000000,0.000000,1.000000,2.000000,0.000000,1.000000,0.000000,1.000000,3.000000,0.000000,1.000000,1553.000000,438.000000,932.000000,136.000000,161.000000,5.000000,
0.049268,0.999468,0.151255,0.141827,0.403079,0.001455,-207.140431,3.186682,1396043.585657,1161964.620223,2307283.190973,207665.883593,1090450.861767,366.532561,98.142598,209.304113,30.043653,36.052383,85.123682,23.033467,49.071299,7.010186,8.011641,521.758099,140.203712,298.433615,43.062569,51.074209,3.000000,2.000000,3.000000,0.000000,1.000000,0.000000,1.000000,2.000000,0.000000,1.000000,0.000000,1.000000,3.000000,0.000000,1.000000,1553.000000,438.000000,932.000000,136.000000,161.000000,5.000000,
0.049268,0.999468,0.151255,0.141827,0.403079,0.001455,-207.140431,3.186682,1396043.585657,1161964.620223,2307283.190973,207665.883593,1090450.861767,366.532561,98.142598,209.304113,30.043653,36.052383,85.123682,23.033467,49.071299,7.010186,8.011641,521.758099,140.203712,298.433615,43.062569,51.074209,3.000000,2.000000,3.000000,0.000000,1.000000,0.000000,1.000000,2.000000,0.000000,1.000000,0.000000,1.000000,3.000000,0.000000,1.000000,1553.000000,438.000000,932.000000,136.000000,161.000000,5.000000,
0.049268,0.999468,0.151255,0.141827,0.403079,0.001455,-207.140431,3.186682,1396043.585657,1161964.620223,2307283.190973,207665.883593,1090450.861767,366.532561,98.142598,209.304113,30.043653,36.052383,85.123682,23.033467,49.071299,7.010186,8.011641,521.758099,140.203712,298.433615,43.062569,51.074209,3.000000,2.000000,3.000000,0.000000,1.000000,0.000000,1.000000,2.000000,0.000000,1.000000,0.000000,1.000000,3.000000,0.000000,1.000000,1553.000000,438.000000,932.000000,136.000000,161.000000,5.000000,
0.049268,0.999468,0.151255,0.141827,0.403079,0.001455,-207.140431,3.186682,1396043.585657,1161964.620223,2307283.190973,207665.883593,1090450.861767,366.532561,98.142598,209.304113,30.043653,36.052383,85.123682,23.033467,49.071299,7.010186,8.011641,521.758099,140.203712,298.433615,43.062569,51.074209,3.000000,2.000000,3.000000,0.000000,1.000000,0.000000,1.000000,2.000000,0.000000,1.000000,0.000000,1.000000,3.000000,0.000000,1.000000,1553.000000,438.000000,932.000000,136.000000,161.000000,5.000000,
0.049268,0.999468,0.151255,0.141827,0.403079,0.001455,-207.140431,3.186682,1396043.585657,1161964.620223,2307283.190973,207665.883593,1090450.861767,366.532561,98.142598,209.304113,30.043653,36.052383,85.123682,23.033467,49.071299,7.010186,8.011641,521.758099,140.203712,298.433615,43.062569,51.074209,3.000000,2.000000,3.000000,0.000000,1.000000,0.000000,1.000000,2.000000,0.000000,1.000000,0.000000,1.000000,3.000000,0.000000,1.000000,1553.000000,438.000000,932.000000,136.000000,161.000000,5.000000,
0.049268,0.999468,0.151255,0.141827,0.403079,0.001455,-207.140431,3.186682,1396043.585657,1161964.620223,2307283.190973,207665.883593,1090450.861767,366.532561,98.142598,209.304113,30.043653,36.052383,85.123682,23.033467,49.071299,7.010186,8.011641,521.758099,140.203712,298.433615,43.062569,51.074209,3.000000,2.000000,3.000000,0.000000,1.000000,0.000000,1.000000,2.000000,0.000000,1.000000,0.000000,1.000000,3.000000,0.000000,1.000000,1553.000000,438.000000,932.000000,136.000000,161.000000,5.000000,
0.049286,0.998862,0.151786,0.127575,0.430248,0.001457,-207.384585,3.189047,1396043.583827,1161964.619731,2307283.189926,207665.883443,1090450.861588,366.533250,98.142783,209.304506,30.043709,36.052451,85.123842,23.033510,49.071391,7.010199,8.011656,521.759080,140.203976,298.434177,43.062650,51.074305,3.000000,2.000000,3.000000,0.000000,1.000000,0.000000,1.000000,2.000000,0.000000,1.000000,0.000000,1.000000,3.000000,0.000000,1.000000,1553.000000,438.000000,932.000000,136.000000,161.000000,5.000000,
0.049286,0.998862,0.151786,0.127575,0.430248,0.001457,-207.384585,3.189047,1396043.583827,1161964.619731,2307283.189926,207665.883443,1090450.861588,366.533250,98.142783,209.304506,30.043709,36.052451,85.123842,23.033510,49.071391,7.010199,8.011656,521.759080,140.203976,298.434177,43.062650,51.074305,3.000000,2.000000,3.000000,0.000000,1.000000,0.000000,1.000000,2.000000,0.000000,1.000000,0.000000,1.000000,3.000000,0.000000,1.000000,1553.000000,438.000000,932.000000,136.000000,161.000000,5.000000,
0.049286,0.998862,0.151786,0.127575,0.430248,0.001457,-207.384585,3.189047,1396043.583827,1161964.619731,2307283.189926,207665.883443,1090450.861588,366.533250,98.142783,209.304506,30.043709,36.052451,85.123842,23.033510,49.071391,7.010199,8.011656,521.759080,140.203976,298.434177,43.062650,51.074305,3.000000,2.000000,3.000000,0.000000,1.000000,0.000000,1.000000,2.000000,0.000000,1.000000,0.000000,1.000000,3.000000,0.000000,1.000000,1553.000000,438.000000,932.000000,136.000000,161.000000,5.000000,
0.049286,0.998862,0.151786,0.127575,0.430248,0.001457,-207.384585,3.189047,1396043.583827,1161964.619731,2307283.189926,207665.883443,1090450.861588,366.533250,98.142783,209.304506,30.043709,36.052451,85.123842,23.033510,49.071391,7.010199,8.011656,521.759080,140.203976,298.434177,43.062650,51.074305,3.000000,2.000000,3.000000,0.000000,1.000000,0.000000,1.000000,2.000000,0.000000,1.000000,0.000000,1.000000,3.000000,0.000000,1.000000,1553.000000,438.000000,932.000000,136.000000,161.000000,5.000000,
0.049286,0.998862,0.151786,0.127575,0.430248,0.001457,-207.384585,3.189047,1396043.583827,1161964.619731,2307283.189926,207665.883443,1090450.861588,366.533250,98.142783,209.304506,30.043709,36.052451,85.123842,23.033510,49.071391,7.010199,8.011656,521.759080,140.203976,298.434177,43.062650,51.074305,3.000000,2.000000,3.000000,0.000000,1.000000,0.000000,1.000000,2.000000,0.000000,1.000000,0.000000,1.000000,3.000000,0.000000,1.000000,1553.000000,438.000000,932.000000,136.000000,161.000000,5.000000,
0.049286,0.998862,0.151786,0.127575,0.430248,0.001457,-207.384585,3.189047,1396043.583827,1161964.619731,2307283.189926,207665.883443,1090450.861588,366.533250,98.142783,209.304506,30.043709,36.052451,85.123842,23.033510,49.071391,7.010199,8.011656,521.759080,140.203976,298.434177,43.062650,51.074305,3.000000,2.000000,3.000000,0.000000,1.000000,0.000000,1.000000,2.000000,0.000000,1.000000,0.000000,1.000000,3.000000,0.000000,1.000000,1553.000000,438.000000,932.000000,136.000000,161.000000,5.000000,
0.049286,0.998862,0.151786,0.127575,0.430248,0.001457,-207.384585,3.189047,1396043.583827,1161964.619731,2307283.189926,207665.883443,1090450.861588,366.533250,98.142783,209.304506,30.043709,36.052451,85.123842,23.033510,49.071391,7.010199,8.011656,521.759080,140.203976,298.434177,43.062650,51.074305,3.000000,2.000000,3.000000,0.000000,1.000000,0.000000,1.000000,2.000000,0.000000,1.000000,0.000000,1.000000,3.000000,0.000000,1.000000,1553.000000,438.000000,932.000000,136.000000,161.000000,5.000000,
0.049286,0.998862,0.151786,0.127575,0.430248,0.001457,-207.384585,3.189047,1396043.583827,1161964.619731,2307283.189926,207665.883443,1090450.861588,366.533250,98.142783,209.304506,30.043709,36.052451,85.123842,23.033510,49.071391,7.010199,8.011656,521.759080,140.203976,298.434177,43.062650,51.074305,3.000000,2.000000,3.000000,0.000000,1.000000,0.000000,1.000000,2.000000,0.000000,1.000000,0.000000,1.000000,3.000000,0.000000,1.000000,1553.000000,438.000000,932.000000,136.000000,161.000000,5.000000,
0.049286,0.998862,0.151786,0.127575,0.430248,0.001457,-207.384585,3.189047,1396043.583827,1161964.619731,2307283.189926,207665.883443,1090450.861588,366.533250,98.142783,209.304506,30.043709,36.052451,85.123842,23.033510,49.071391,7.010199,8.011656,521.759080,140.203976,298.434177,43.062650,51.074305,3.000000,2.000000,3.000000,0.000000,1.000000,0.000000,1.000000,2.000000,0.000000,1.000000,0.000000,1.000000,3.000000,0.000000,1.000000,1553.000000,438.000000,932.000000,136.000000,161.000000,5.000000,
0.049286,0.998862,0.151786,0.127575,0.430248,0.001457,-207.384585,3.189047,1396043.583827,1161964.619731,2307283.189926,207665.883443,1090450.861588,366.533250,98.142783,209.304506,30.043709,36.052451,85.123842,23.033510,49.071391,7.010199,8.011656,521.759080,140.203976,298.434177,43.062650,51.074305,3.000000,2.000000,3.000000,0.000000,1.000000,0.000000,1.000000,2.000000,0.000000,1.000000,0.000000,1.000000,3.000000,0.000000,1.000000,1553.000000,438.000000,932.000000,136.000000,161.000000,5.000000,
0.049286,0.998862,0.151786,0.127575,0.430248,0.001457,-207.384585,3.189047,1396043.583827,1161964.619731,2307283.189926,207665.883443,1090450.861588,366.533250,98.142783,209.304506,30.043709,36.052451,85.123842,23.033510,49.071391,7.010199,8.011656,521.759080,140.203976,298.434177,43.062650,51.074305,3.000000,2.000000,3.000000,0.000000,1.000000,0.000000,1.000000,2.000000,0.000000,1.000000,0.000000,1.000000,3.000000,0.000000,1.000000,1553.000000,438.000000,932.000000,136.000000,161.000000,5.000000,
0.049286,0.998862,0.151786,0.127575,0.430248,0.001457,-207.384585,3.189047,1396043.583827,1161964.619731,2307283.189926,207665.883443,1090450.861588,366.533250,98.142783,209.304506,30.043709,36.052451,85.123842,23.033510,49.071391,7.010199,8.011656,521.759080,140.203976,298.434177,43.062650,51.074305,3.000000,2.000000,3.000000,0.000000,1.000000,0.000000,1.000000,2.000000,0.000000,1.000000,0.000000,1.000000,3.000000,0.000000,1.000000,1553.000000,438.000000,932.000000,136.000000,161.000000,5.000000,
0.049286,0.998862,0.151786,0.127575,0.430248,0.001457,-207.384585,3.189047,1396043.583827,1161964.619731,2307283.189926,207665.883443,1090450.861588,366.533250,98.142783,209.304506,30.043709,36.052451,85.123842,23.033510,49.071391,7.010199,8.011656,521.759080,140.203976,298.434177,43.062650,51.074305,3.000000,2.000000,3.000000,0.000000,1.000000,0.000000,1.000000,2.000000,0.000000,1.000000,0.000000,1.000000,3.000000,0.000000,1.000000,1553.000000,438.000000,932.000000,136.000000,161.000000,5.000000,
0.049365,0.990256,0.150099,0.120283,0.442886,0.000649,-207.811930,3.190344,1396044.369279,1161964.830640,2307283.639217,207665.948089,1090450.938355,366.237494,98.063591,209.135618,30.019467,36.023360,85.055156,23.014924,49.031796,7.004542,8.005191,521.338071,140.090845,298.193369,43.027902,51.033093,3.000000,2.000000,3.000000,0.000000,1.000000,0.000000,1.000000,2.000000,0.000000,1.000000,0.000000,1.000000,3.000000,0.000000,1.000000,1553.000000,438.000000,932.000000,136.000000,161.000000,5.000000,
0.049365,0.990256,0.150099,0.120283,0.442886,0.000649,-207.811930,3.190344,1396044.369279,1161964.830640,2307283.639217,207665.948089,1090450.938355,366.237494,98.063591,209.135618,30.019467,36.023360,85.055156,23.014924,49.031796,7.004542,8.005191,521.338071,140.090845,298.193369,43.027902,51.033093,3.000000,2.000000,3.000000,0.000000,1.000000,0.000000,1.000000,2.000000,0.000000,1.000000,0.000000,1.000000,3.000000,0.000000,1.000000,1553.000000,438.000000,932.000000,136.000000,161.000000,5.000000,
0.049365,0.990256,0.150099,0.120283,0.442886,0.000649,-207.811930,3.190344,1396044.369279,1161964.830640,2307283.639217,207665.948089,1090450.938355,366.237494,98.063591,209.135618,30.019467,36.023360,85.055156,23.014924,49.031796,7.004542,8.005191,521.338071,140.090845,298.193369,43.027902,51.033093,3.000000,2.000000,3.000000,0.000000,1.000000,0.000000,1.000000,2.000000,0.000000,1.000000,0.000000,1.000000,3.000000,0.000000,1.000000,1553.000000,438.000000,932.000000,136.000000,161.000000,5.000000,
0.049365,0.990256,0.150099,0.120283,0.442886,0.000649,-207.811930,3.190344,1396044.369279,1161964.830640,2307283.639217,207665.948089,1090450.938355,366.237494,98.063591,209.135618,30.019467,36.023360,85.055156,23.014924,49.031796,7.004542,8.005191,521.338071,140.090845,298.193369,43.027902,51.033093,3.000000,2.000000,3.000000,0.000000,1.000000,0.000000,1.000000,2.000000,0.000000,1.000000,0.000000,1.000000,3.000000,0.000000,1.000000,1553.000000,438.000000,932.000000,136.000000,161.000000,5.000000,
0.049321,0.997247,0.151469,0.106148,0.477504,0.000046,-207.726092,3.190546,1396044.955229,1161964.987978,2307283.974390,207665.996315,1090450.995624,366.016858,98.004514,209.009627,30.001382,36.001658,85.003915,23.001059,49.002257,7.000322,8.000368,521.023998,140.006449,298.013726,43.001981,51.002349,3.000000,2.000000,3.000000,0.000000,1.000000,0.000000,1.000000,2.000000,0.000000,1.000000,0.000000,1.000000,3.000000,0.000000,1.000000,1553.000000,438.000000,932.000000,136.000000,161.000000,5.000000,
0.049321,0.997247,0.151469,0.106148,0.477504,0.000046,-207.726092,3.190546,1396044.955229,1161964.987978,2307283.974390,207665.996315,1090450.995624,366.016858,98.004514,209.009627,30.001382,36.001658,85.003915,23.001059,49.002257,7.000322,8.000368,521.023998,140.006449,298.013726,43.001981,51.002349,3.000000,2.000000,3.000000,0.000000,1.000000,0.000000,1.000000,2.000000,0.000000,1.000000,0.000000,1.000000,3.000000,0.000000,1.000000,1553.000000,438.000000,932.000000,136.000000,161.000000,5.000000,
0.049321,0.997247,0.151469,0.106148,0.477504,0.000046,-207.726092,3.190546,1396044.955229,1161964.987978,2307283.974390,207665.996315,1090450.995624,366.016858,98.004514,209.009627,30.001382,36.001658,85.003915,23.001059,49.002257,7.000322,8.000368,521.023998,140.006449,298.013726,43.001981,51.002349,3.000000,2.000000,3.000000,0.000000,1.000000,0.000000,1.000000,2.000000,0.000000,1.000000,0.000000,1.000000,3.000000,0.000000,1.000000,1553.000000,438.000000,932.000000,136.000000,161.000000,5.000000,
0.049321,0.997247,0.151469,0.106148,0.477504,0.000046,-207.726092,3.190546,1396044.955229,1161964.987978,2307283.974390,207665.996315,1090450.995624,366.016858,98.004514,209.009627,30.001382,36.001658,85.003915,23.001059,49.002257,7.000322,8.000368,521.023998,140.006449,298.013726,43.001981,51.002349,3.000000,2.000000,3.000000,0.000000,1.000000,0.000000,1.000000,2.000000,0.000000,1.000000,0.000000,1.000000,3.000000,0.000000,1.000000,1553.000000,438.000000,932.000000,136.000000,161.000000,5.000000,
0.049321,0.997247,0.151469,0.106148,0.477504,0.000046,-207.726092,3.190546,1396044.955229,1161964.987978,2307283.974390,207665.996315,1090450.995624,366.016858,98.004514,209.009627,30.001382,36.001658,85.003915,23.001059,49.002257,7.000322,8.000368,521.023998,140.006449,298.013726,43.001981,51.002349,3.000000,2.000000,3.000000,0.000000,1.000000,0.000000,1.000000,2.000000,0.000000,1.000000,0.000000,1.000000,3.000000,0.000000,1.000000,1553.000000,438.000000,932.000000,136.000000,161.000000,5.000000,
0.049321,0.997247,0.151469,0.106148,0.477504,0.000046,-207.726092,3.190546,1396044.955229,1161964.987978,2307283.974390,207665.996315,1090450.995624,366.016858,98.004514,209.009627,30.001382,36.001658,85.003915,23.001059,49.002257,7.000322,8.000368,521.023998,140.006449,298.013726,43.001981,51.002349,3.000000,2.000000,3.000000,0.000000,1.000000,0.000000,1.000000,2.000000,0.000000,1.000000,0.000000,1.000000,3.000000,0.000000,1.000000,1553.000000,438.000000,932.000000,136.000000,161.000000,5.000000,
0.049321,0.997247,0.151469,0.106148,0.477504,0.000046,-207.726092,3.190546,1396044.955229,1161964.987978,2307283.974390,207665.996315,1090450.995624,366.016858,98.004514,209.009627,30.001382,36.001658,85.003915,23.001059,49.002257,7.000322,8.000368,521.023998,140.006449,298.013726,43.001981,51.002349,3.000000,2.000000,3.000000,0.000000,1.000000,0.000000,1.000000,2.000000,0.000000,1.000000,0.000000,1.000000,3.000000,0.000000,1.000000,1553.000000,438.000000,932.000000,136.000000,161.000000,5.000000,
0.049321,0.997247,0.151469,0.106148,0.477504,0.000046,-207.726092,3.190546,1396044.955229,1161964.987978,2307283.974390,207665.996315,1090450.995624,366.016858,98.004514,209.009627,30.001382,36.001658,85.003915,23.001059,49.002257,7.000322,8.000368,521.023998,140.006449,298.013726,43.001981,51.002349,3.000000,2.000000,3.000000,0.000000,1.000000,0.000000,1.000000,2.000000,0.000000,1.000000,0.000000,1.000000,3.000000,0.000000,1.000000,1553.000000,438.000000,932.000000,136.000000,161.000000,5.000000,
0.049321,0.997247,0.151469,0.106148,0.477504,0.000046,-207.726092,3.190546,1396044.955229,1161964.987978,2307283.974390,207665.996315,1090450.995624,366.016858,98.004514,209.009627,30.001382,36.001658,85.003915,23.001059,49.002257,7.000322,8.000368,521.023998,140.006449,298.013726,43.001981,51.002349,3.000000,2.000000,3.000000,0.000000,1.000000,0.000000,1.000000,2.000000,0.000000,1.000000,0.000000,1.000000,3.000000,0.000000,1.000000,1553.000000,438.000000,932.000000,136.000000,161.000000,5.000000,
0.049321,0.997247,0.151469,0.106148,0.477504,0.000046,-207.726092,3.190546,1396044.955229,1161964.987978,2307283.974390,207665.996315,1090450.995624,366.016858,98.004514,209.009627,30.001382,36.001658,85.003915,23.001059,49.002257,7.000322,8.000368,521.023998,140.006449,298.013726,43.001981,51.002349,3.000000,2.000000,3.000000,0.000000,1.000000,0.000000,1.000000,2.000000,0.000000,1.000000,0.000000,1.000000,3.000000,0.000000,1.000000,1553.000000,438.000000,932.000000,136.000000,161.000000,5.000000,
0.049300,0.998782,0.152793,0.112750,0.456002,0.000702,-207.615263,3.192186,1396044.318006,1161964.816872,2307283.609888,207665.943869,1090450.933344,366.256800,98.068761,209.146643,30.021049,36.025259,85.059639,23.016138,49.034380,7.004911,8.005613,521.365554,140.098230,298.209089,43.030170,51.035784,3.000000,2.000000,3.000000,0.000000,1.000000,0.000000,1.000000,2.000000,0.000000,1.000000,0.000000,1.000000,3.000000,0.000000,1.000000,1553.000000,438.000000,932.000000,136.000000,161.000000,5.000000,
0.049300,0.998782,0.152793,0.112750,0.456002,0.000702,-207.615263,3.192186,1396044.318006,1161964.816872,2307283.609888,207665.943869,1090450.933344,366.256800,98.068761,209.146643,30.021049,36.025259,85.059639,23.016138,49.034380,7.004911,8.005613,521.365554,140.098230,298.209089,43.030170,51.035784,3.000000,2.000000,3.000000,0.000000,1.000000,0.000000,1.000000,2.000000,0.000000,1.000000,0.000000,1.000000,3.000000,0.000000,1.000000,1553.000000,438.000000,932.000000,136.000000,161.000000,5.000000,
0.049300,0.998782,0.152793,0.112750,0.456002,0.000702,-207.615263,3.192186,1396044.318006,1161964.816872,2307283.609888,207665.943869,1090450.933344,366.256800,98.068761,209.146643,30.021049,36.025259,85.059639,23.016138,49.034380,7.004911,8.005613,521.365554,140.098230,298.209089,43.030170,51.035784,3.000000,2.000000,3.000000,0.000000,1.000000,0.000000,1.000000,2.000000,0.000000,1.000000,0.000000,1.000000,3.000000,0.000000,1.000000,1553.000000,438.000000,932.000000,136.000000,161.000000,5.000000,
0.049300,0.998782,0.152793,0.112750,0.456002,0.000702,-207.615263,3.192186,1396044.318006,1161964.816872,2307283.609888,207665.943869,1090450.933344,366.256800,98.068761,209.146643,30.021049,36.025259,85.059639,23.016138,49.034380,7.004911,8.005613,521.365554,140.098230,298.209089,43.030170,51.035784,3.000000,2.000000,3.000000,0.000000,1.000000,0.000000,1.000000,2.000000,0.000000,1.000000,0.000000,1.000000,3.000000,0.000000,1.000000,1553.000000,438.000000,932.000000,136.000000,161.000000,5.000000,
0.049300,0.998782,0.152793,0.112750,0.456002,0.000702,-207.615263,3.192186,1396044.318006,1161964.816872,2307283.609888,207665.943869,1090450.933344,366.256800,98.068761,209.146643,30.021049,36.025259,85.059639,23.016138,49.034380,7.004911,8.005613,521.365554,140.098230,298.209089,43.030170,51.035784,3.000000,2.000000,3.000000,0.000000,1.000000,0.000000,1.000000,2.000000,0.000000,1.000000,0.000000,1.000000,3.000000,0.000000,1.000000,1553.000000,438.000000,932.000000,136.000000,161.000000,5.000000,
0.049300,0.998782,0.152793,0.112750,0.456002,0.000702,-207.615263,3.192186,1396044.318006,1161964.816872,2307283.609888,207665.943869,1090450.933344,366.256800,98.068761,209.146643,30.021049,36.025259,85.059639,23.016138,49.034380,7.004911,8.005613,521.365554,140.098230,298.209089,43.030170,51.035784,3.000000,2.000000,3.000000,0.000000,1.000000,0.000000,1.000000,2.000000,0.000000,1.000000,0.000000,1.000000,3.000000,0.000000,1.000000,1553.000000,438.000000,932.000000,136.000000,161.000000,5.000000,
0.049300,0.998782,0.152793,0.112750,0.456002,0.000702,-207.615263,3.192186,1396044.318006,1161964.816872,2307283.609888,207665.943869,1090450.933344,366.256800,98.068761,209.146643,30.021049,36.025259,85.059639,23.016138,49.034380,7.004911,8.005613,521.365554,140.098230,298.209089,43.030170,51.035784,3.000000,2.000000,3.000000,0.000000,1.000000,0.000000,1.000000,2.000000,0.000000,1.000000,0.000000,1.000000,3.000000,0.000000,1.000000,1553.000000,438.000000,932.000000,136.000000,161.000000,5.000000,
0.049335,0.996854,0.150362,0.100399,0.490580,0.000177,-206.884744,3.189011,1396044.827502,1161964.953681,2307283.901328,207665.985803,1090450.983141,366.064953,98.017392,209.037091,30.005324,36.006389,85.015085,23.004082,49.008696,7.001242,8.001420,521.092460,140.024845,298.052885,43.007631,51.009051,3.000000,2.000000,3.000000,0.000000,1.000000,0.000000,1.000000,2.000000,0.000000,1.000000,0.000000,1.000000,3.000000,0.000000,1.000000,1553.000000,438.000000,932.000000,136.000000,161.000000,5.000000,
0.049330,0.998729,0.151579,0.088737,0.510150,0.000010,-207.030323,3.191421,1396044.990675,1161964.997496,2307283.994666,207665.999232,1090450.999089,366.003511,98.000940,209.002005,30.000288,36.000345,85.000815,23.000221,49.000470,7.000067,8.000077,521.004998,140.001343,298.002859,43.000413,51.000489,3.000000,2.000000,3.000000,0.000000,1.000000,0.000000,1.000000,2.000000,0.000000,1.000000,0.000000,1.000000,3.000000,0.000000,1.000000,1553.000000,438.000000,932.000000,136.000000,161.000000,5.000000,
0.049330,0.998729,0.151579,0.088737,0.510150,0.000010,-207.030323,3.191421,1396044.990675,1161964.997496,2307283.994666,207665.999232,1090450.999089,366.003511,98.000940,209.002005,30.000288,36.000345,85.000815,23.000221,49.000470,7.000067,8.000077,521.004998,140.001343,298.002859,43.000413,51.000489,3.000000,2.000000,3.000000,0.000000,1.000000,0.000000,1.000000,2.000000,0.000000,1.000000,0.000000,1.000000,3.000000,0.000000,1.000000,1553.000000,438.000000,932.000000,136.000000,161.000000,5.000000,
0.049330,0.998729,0.151579,0.088737,0.510150,0.000010,-207.030323,3.191421,1396044.990675,1161964.997496,2307283.994666,207665.999232,1090450.999089,366.003511,98.000940,209.002005,30.000288,36.000345,85.000815,23.000221,49.000470,7.000067,8.000077,521.004998,140.001343,298.002859,43.000413,51.000489,3.000000,2.000000,3.000000,0.000000,1.000000,0.000000,1.000000,2.000000,0.000000,1.000000,0.000000,1.000000,3.000000,0.000000,1.000000,1553.000000,438.000000,932.000000,136.000000,161.000000,5.000000,
0.049330,0.998729,0.151579,0.088737,0.510150,0.000010,-207.030323,3.191421,1396044.990675,1161964.997496,2307283.994666,207665.999232,1090450.999089,366.003511,98.000940,209.002005,30.000288,36.000345,85.000815,23.000221,49.000470,7.000067,8.000077,521.004998,140.001343,298.002859,43.000413,51.000489,3.000000,2.000000,3.000000,0.000000,1.000000,0.000000,1.000000,2.000000,0.000000,1.000000,0.000000,1.000000,3.000000,0.000000,1.000000,1553.000000,438.000000,932.000000,136.000000,161.000000,5.000000,
0.049330,0.998729,0.151579,0.088737,0.510150,0.000010,-207.030323,3.191421,1396044.990675,1161964.997496,2307283.994666,207665.999232,1090450.999089,366.003511,98.000940,209.002005,30.000288,36.000345,85.000815,23.000221,49.000470,7.000067,8.000077,521.004998,140.001343,298.002859,43.000413,51.000489,3.000000,2.000000,3.000000,0.000000,1.000000,0.000000,1.000000,2.000000,0.000000,1.000000,0.000000,1.000000,3.000000,0.000000,1.000000,1553.000000,438.000000,932.000000,136.000000,161.000000,5.000000,
0.049330,0.998729,0.151579,0.088737,0.510150,0.000010,-207.030323,3.191421,1396044.990675,1161964.997496,2307283.994666,207665.999232,1090450.999089,366.003511,98.000940,209.002005,30.000288,36.000345,85.000815,23.000221,49.000470,7.000067,8.000077,521.004998,140.001343,298.002859,43.000413,51.000489,3.000000,2.000000,3.000000,0.000000,1.000000,0.000000,1.000000,2.000000,0.000000,1.000000,0.000000,1.000000,3.000000,0.000000,1.000000,1553.000000,438.000000,932.000000,136.000000,161.000000,5.000000,
0.049330,0.998729,0.151579,0.088737,0.510150,0.000010,-207.030323,3.191421,1396044.990675,1161964.997496,2307283.994666,207665.999232,1090450.999089,366.003511,98.000940,209.002005,30.000288,36.000345,85.000815,23.000221,49.000470,7.000067,8.000077,521.004998,140.001343,298.002859,43.000413,51.000489,3.000000,2.000000,3.000000,0.000000,1.000000,0.000000,1.000000,2.000000,0.000000,1.000000,0.000000,1.000000,3.000000,0.000000,1.000000,1553.000000,438.000000,932.000000,136.000000,161.000000,5.000000,
0.049330,0.998729,0.151579,0.088737,0.510150,0.000010,-207.030323,3.191421,1396044.990675,1161964.997496,2307283.994666,207665.999232,1090450.999089,366.003511,98.000940,209.002005,30.000288,36.000345,85.000815,23.000221,49.000470,7.000067,8.000077,521.004998,140.001343,298.002859,43.000413,51.000489,3.000000,2.000000,3.000000,0.000000,1.000000,0.000000,1.000000,2.000000,0.000000,1.000000,0.000000,1.000000,3.000000,0.000000,1.000000,1553.000000,438.000000,932.000000,136.000000,161.000000,5.000000,
0.049330,0.998729,0.151579,0.088737,0.510150,0.000010,-207.030323,3.191421,1396044.990675,1161964.997496,2307283.994666,207665.999232,1090450.999089,366.003511,98.000940,209.002005,30.000288,36.000345,85.000815,23.000221,49.000470,7.000067,8.000077,521.004998,140.001343,298.002859,43.000413,51.000489,3.000000,2.000000,3.000000,0.000000,1.000000,0.000000,1.000000,2.000000,0.000000,1.000000,0.000000,1.000000,3.000000,0.000000,1.000000,1553.000000,438.000000,932.000000,136.000000,161.000000,5.000000,
0.049330,0.998729,0.151579,0.088737,0.510150,0.000010,-207.030323,3.191421,1396044.990675,1161964.997496,2307283.994666,207665.999232,1090450.999089,366.003511,98.000940,209.002005,30.000288,36.000345,85.000815,23.000221,49.000470,7.000067,8.000077,521.004998,140.001343,298.002859,43.000413,51.000489,3.000000,2.000000,3.000000,0.000000,1.000000,0.000000,1.000000,2.000000,0.000000,1.000000,0.000000,1.000000,3.000000,0.000000,1.000000,1553.000000,438.000000,932.000000,136.000000,161.000000,5.000000,
0.049330,0.998729,0.151579,0.088737,0.510150,0.000010,-207.030323,3.191421,1396044.990675,1161964.997496,2307283.994666,207665.999232,1090450.999089,366.003511,98.000940,209.002005,30.000288,36.000345,85.000815,23.000221,49.000470,7.000067,8.000077,521.004998,140.001343,298.002859,43.000413,51.000489,3.000000,2.000000,3.000000,0.000000,1.000000,0.000000,1.000000,2.000000,0.000000,1.000000,0.000000,1.000000,3.000000,0.000000,1.000000,1553.000000,438.000000,932.000000,136.000000,161.000000,5.000000,
0.049330,0.998729,0.151579,0.088737,0.510150,0.000010,-207.030323,3.191421,1396044.990675,1161964.997496,2307283.994666,207665.999232,1090450.999089,366.003511,98.000940,209.002005,30.000288,36.000345,85.000815,23.000221,49.000470,7.000067,8.000077,521.004998,140.001343,298.002859,43.000413,51.000489,3.000000,2.000000,3.000000,0.000000,1.000000,0.000000,1.000000,2.000000,0.000000,1.000000,0.000000,1.000000,3.000000,0.000000,1.000000,1553.000000,438.000000,932.000000,136.000000,161.000000,5.000000,
0.049330,0.998729,0.151579,0.088737,0.510150,0.000010,-207.030323,3.191421,1396044.990675,1161964.997496,2307283.994666,207665.999232,1090450.999089,366.003511,98.000940,209.002005,30.000288,36.000345,85.000815,23.000221,49.000470,7.000067,8.000077,521.004998,140.001343,298.002859,43.000413,51.000489,3.000000,2.000000,3.000000,0.000000,1.000000,0.000000,1.000000,2.000000,0.000000,1.000000,0.000000,1.000000,3.000000,0.000000,1.000000,1553.000000,438.000000,932.000000,136.000000,161.000000,5.000000,
0.049330,0.998729,0.151579,0.088737,0.510150,0.000010,-207.030323,3.191421,1396044.990675,1161964.997496,2307283.994666,207665.999232,1090450.999089,366.003511,98.000940,209.002005,30.000288,36.000345,85.000815,23.000221,49.000470,7.000067,8.000077,521.004998,140.001343,298.002859,43.000413,51.000489,3.000000,2.000000,3.000000,0.000000,1.000000,0.000000,1.000000,2.000000,0.000000,1.000000,0.000000,1.000000,3.000000,0.000000,1.000000,1553.000000,438.000000,932.000000,136.000000,161.000000,5.000000,
0.049330,0.998729,0.151579,0.088737,0.510150,0.000010,-207.030323,3.191421,1396044.990675,1161964.997496,2307283.994666,207665.999232,1090450.999089,366.003511,98.000940,209.002005,30.000288,36.000345,85.000815,23.000221,49.000470,7.000067,8.000077,521.004998,140.001343,298.002859,43.000413,51.000489,3.000000,2.000000,3.000000,0.000000,1.000000,0.000000,1.000000,2.000000,0.000000,1.000000,0.000000,1.000000,3.000000,0.000000,1.000000,1553.000000,438.000000,932.000000,136.000000,161.000000,5.000000,
0.049330,0.998729,0.151579,0.088737,0.510150,0.000010,-207.030323,3.191421,1396044.990675,1161964.997496,2307283.994666,207665.999232,1090450.999089,366.003511,98.000940,209.002005,30.000288,36.000345,85.000815,23.000221,49.000470,7.000067,8.000077,521.004998,140.001343,298.002859,43.000413,51.000489,3.000000,2.000000,3.000000,0.000000,1.000000,0.000000,1.000000,2.000000,0.000000,1.000000,0.000000,1.000000,3.000000,0.000000,1.000000,1553.000000,438.000000,932.000000,136.000000,161.000000,5.000000,
0.049330,0.998729,0.151579,0.088737,0.510150,0.000010,-207.030323,3.191421,1396044.990675,1161964.997496,2307283.994666,207665.999232,1090450.999089,366.003511,98.000940,209.002005,30.000288,36.000345,85.000815,23.000221,49.000470,7.000067,8.000077,521.004998,140.001343,298.002859,43.000413,51.000489,3.000000,2.000000,3.000000,0.000000,1.000000,0.000000,1.000000,2.000000,0.000000,1.000000,0.000000,1.000000,3.000000,0.000000,1.000000,1553.000000,438.000000,932.000000,136.000000,161.000000,5.000000,
0.049304,0.992968,0.152077,0.105407,0.471927,0.000133,-208.536280,3.190834,1396044.870737,1161964.965291,2307283.926060,207665.989361,1090450.987366,366.048673,98.013033,209.027794,30.003990,36.004788,85.011304,23.003059,49.006516,7.000931,8.001064,521.069286,140.018618,298.039630,43.005718,51.006782,3.000000,2.000000,3.000000,0.000000,1.000000,0.000000,1.000000,2.000000,0.000000,1.000000,0.000000,1.000000,3.000000,0.000000,1.000000,1553.000000,438.000000,932.000000,136.000000,161.000000,5.000000,
0.049304,0.992968,0.152077,0.105407,0.471927,0.000133,-208.536280,3.190834,1396044.870737,1161964.965291,2307283.926060,207665.989361,1090450.987366,366.048673,98.013033,209.027794,30.003990,36.004788,85.011304,23.003059,49.006516,7.000931,8.001064,521.069286,140.018618,298.039630,43.005718,51.006782,3.000000,2.000000,3.000000,0.000000,1.000000,0.000000,1.000000,2.000000,0.000000,1.000000,0.000000,1.000000,3.000000,0.000000,1.000000,1553.000000,438.000000,932.000000,136.000000,161.000000,5.000000,
0.049304,0.992968,0.152077,0.105407,0.471927,0.000133,-208.536280,3.190834,1396044.870737,1161964.965291,2307283.926060,207665.989361,1090450.987366,366.048673,98.013033,209.027794,30.003990,36.004788,85.011304,23.003059,49.006516,7.000931,8.001064,521.069286,140.018618,298.039630,43.005718,51.006782,3.000000,2.000000,3.000000,0.000000,1.000000,0.000000,1.000000,2.000000,0.000000,1.000000,0.000000,1.000000,3.000000,0.000000,1.000000,1553.000000,438.000000,932.000000,136.000000,161.000000,5.000000,
0.049304,0.992968,0.152077,0.105407,0.471927,0.000133,-208.536280,3.190834,1396044.870737,1161964.965291,2307283.926060,207665.989361,1090450.987366,366.048673,98.013033,209.027794,30.003990,36.004788,85.011304,23.003059,49.006516,7.000931,8.001064,521.069286,140.018618,298.039630,43.005718,51.006782,3.000000,2.000000,3.000000,0.000000,1.000000,0.000000,1.000000,2.000000,0.000000,1.000000,0.000000,1.000000,3.000000,0.000000,1.000000,1553.000000,438.000000,932.000000,136.000000,161.000000,5.000000,
0.049304,0.992968,0.152077,0.105407,0.471927,0.000133,-208.536280,3.190834,1396044.870737,1161964.965291,2307283.926060,207665.989361,1090450.987366,366.048673,98.013033,209.027794,30.003990,36.004788,85.011304,23.003059,49.006516,7.000931,8.001064,521.069286,140.018618,298.039630,43.005718,51.006782,3.000000,2.000000,3.000000,0.000000,1.000000,0.000000,1.000000,2.000000,0.000000,1.000000,0.000000,1.000000,3.000000,0.000000,1.000000,1553.000000,438.000000,932.000000,136.000000,161.000000,5.000000,
0.049304,0.992968,0.152077,0.105407,0.471927,0.000133,-208.536280,3.190834,1396044.870737,1161964.965291,2307283.926060,207665.989361,1090450.987366,366.048673,98.013033,209.027794,30.003990,36.004788,85.011304,23.003059,49.006516,7.000931,8.001064,521.069286,140.018618,298.039630,43.005718,51.006782,3.000000,2.000000,3.000000,0.000000,1.000000,0.000000,1.000000,2.000000,0.000000,1.000000,0.000000,1.000000,3.000000,0.000000,1.000000,1553.000000,438.000000,932.000000,136.000000,161.000000,5.000000,
0.049246,0.997647,0.153789,0.134127,0.404186,0.000818,-208.122711,3.190875,1396044.204942,1161964.786512,2307283.545213,207665.934563,1090450.922294,366.299374,98.080160,209.170954,30.024539,36.029447,85.069527,23.018813,49.040080,7.005726,8.006544,521.426158,140.114515,298.243752,43.035172,51.041716,3.000000,2.000000,3.000000,0.000000,1.000000,0.000000,1.000000,2.000000,0.000000,1.000000,0.000000,1.000000,3.000000,0.000000,1.000000,1553.000000,438.000000,932.000000,136.000000,161.000000,5.000000,
0.049246,0.997647,0.153789,0.134127,0.404186,0.000818,-208.122711,3.190875,1396044.204942,1161964.786512,2307283.545213,207665.934563,1090450.922294,366.299374,98.080160,209.170954,30.024539,36.029447,85.069527,23.018813,49.040080,7.005726,8.006544,521.426158,140.114515,298.243752,43.035172,51.041716,3.000000,2.000000,3.000000,0.000000,1.000000,0.000000,1.000000,2.000000,0.000000,1.000000,0.000000,1.000000,3.000000,0.000000,1.000000,1553.000000,438.000000,932.000000,136.000000,161.000000,5.000000,
0.049246,0.997647,0.153789,0.134127,0.404186,0.000818,-208.122711,3.190875,1396044.204942,1161964.786512,2307283.545213,207665.934563,1090450.922294,366.299374,98.080160,209.170954,30.024539,36.029447,85.069527,23.018813,49.040080,7.005726,8.006544,521.426158,140.114515,298.243752,43.035172,51.041716,3.000000,2.000000,3.000000,0.000000,1.000000,0.000000,1.000000,2.000000,0.000000,1.000000,0.000000,1.000000,3.000000,0.000000,1.000000,1553.000000,438.000000,932.000000,136.000000,161.000000,5.000000,
0.049337,0.977066,0.151157,0.146192,0.374522,0.000977,-210.749343,3.190924,1396044.050566,1161964.745059,2307283.456908,207665.921857,1090450.907206,366.357503,98.095725,209.204148,30.029304,36.035164,85.083027,23.022466,49.047862,7.006837,8.007814,521.508905,140.136750,298.291082,43.042002,51.049816,3.000000,2.000000,3.000000,0.000000,1.000000,0.000000,1.000000,2.000000,0.000000,1.000000,0.000000,1.000000,3.000000,0.000000,1.000000,1553.000000,438.000000,932.000000,136.000000,161.000000,5.000000,
0.049337,0.977066,0.151157,0.146192,0.374522,0.000977,-210.749343,3.190924,1396044.050566,1161964.745059,2307283.456908,207665.921857,1090450.907206,366.357503,98.095725,209.204148,30.029304,36.035164,85.083027,23.022466,49.047862,7.006837,8.007814,521.508905,140.136750,298.291082,43.042002,51.049816,3.000000,2.000000,3.000000,0.000000,1.000000,0.000000,1.000000,2.000000,0.000000,1.000000,0.000000,1.000000,3.000000,0.000000,1.000000,1553.000000,438.000000,932.000000,136.000000,161.000000,5.000000,
0.049272,0.992126,0.151208,0.161336,0.350643,0.000908,-207.798495,3.186835,1396044.117095,1161964.762924,2307283.494964,207665.927333,1090450.913708,366.332452,98.089017,209.189843,30.027250,36.032700,85.077209,23.020892,49.044509,7.006358,8.007267,521.473244,140.127167,298.270685,43.039059,51.046325,3.000000,2.000000,3.000000,0.000000,1.000000,0.000000,1.000000,2.000000,0.000000,1.000000,0.000000,1.000000,3.000000,0.000000,1.000000,1553.000000,438.000000,932.000000,136.000000,161.000000,5.000000,
0.049272,0.992126,0.151208,0.161336,0.350643,0.000908,-207.798495,3.186835,1396044.117095,1161964.762924,2307283.494964,207665.927333,1090450.913708,366.332452,98.089017,209.189843,30.027250,36.032700,85.077209,23.020892,49.044509,7.006358,8.007267,521.473244,140.127167,298.270685,43.039059,51.046325,3.000000,2.000000,3.000000,0.000000,1.000000,0.000000,1.000000,2.000000,0.000000,1.000000,0.000000,1.000000,3.000000,0.000000,1.000000,1553.000000,438.000000,932.000000,136.000000,161.000000,5.000000,
0.049272,0.992126,0.151208,0.161336,0.350643,0.000908,-207.798495,3.186835,1396044.117095,1161964.762924,2307283.494964,207665.927333,1090450.913708,366.332452,98.089017,209.189843,30.027250,36.032700,85.077209,23.020892,49.044509,7.006358,8.007267,521.473244,140.127167,298.270685,43.039059,51.046325,3.000000,2.000000,3.000000,0.000000,1.000000,0.000000,1.000000,2.000000,0.000000,1.000000,0.000000,1.000000,3.000000,0.000000,1.000000,1553.000000,438.000000,932.000000,136.000000,161.000000,5.000000,
0.049279,0.995384,0.149166,0.163359,0.362543,0.000411,-207.070759,3.182746,1396044.600190,1161964.892644,2307283.771302,207665.967094,1090450.960924,366.150546,98.040310,209.085967,30.012340,36.014808,85.034963,23.009461,49.020155,7.002879,8.003291,521.214301,140.057586,298.122575,43.017687,51.020978,3.000000,2.000000,3.000000,0.000000,1.000000,0.000000,1.000000,2.000000,0.000000,1.000000,0.000000,1.000000,3.000000,0.000000,1.000000,1553.000000,438.000000,932.000000,136.000000,161.000000,5.000000,
0.049279,0.995384,0.149166,0.163359,0.362543,0.000411,-207.070759,3.182746,1396044.600190,1161964.892644,2307283.771302,207665.967094,1090450.960924,366.150546,98.040310,209.085967,30.012340,36.014808,85.034963,23.009461,49.020155,7.002879,8.003291,521.214301,140.057586,298.122575,43.017687,51.020978,3.000000,2.000000,3.000000,0.000000,1.000000,0.000000,1.000000,2.000000,0.000000,1.000000,0.000000,1.000000,3.000000,0.000000,1.000000,1553.000000,438.000000,932.000000,136.000000,161.000000,5.000000,
0.049265,0.995228,0.146964,0.167538,0.365299,0.000694,-207.151213,3.176902,1396044.325560,1161964.818900,2307283.614209,207665.944491,1090450.934082,366.253956,98.067999,209.145019,30.020816,36.024979,85.058979,23.015959,49.034000,7.004857,8.005551,521.361506,140.097142,298.206773,43.029836,51.035387,3.000000,2.000000,3.000000,0.000000,1.000000,0.000000,1.000000,2.000000,0.000000,1.000000,0.000000,1.000000,3.000000,0.000000,1.000000,1553.000000,438.000000,932.000000,136.000000,161.000000,5.000000,
0.049265,0.995228,0.146964,0.167538,0.365299,0.000694,-207.151213,3.176902,1396044.325560,1161964.818900,2307283.614209,207665.944491,1090450.934082,366.253956,98.067999,209.145019,30.020816,36.024979,85.058979,23.015959,49.034000,7.004857,8.005551,521.361506,140.097142,298.206773,43.029836,51.035387,3.000000,2.000000,3.000000,0.000000,1.000000,0.000000,1.000000,2.000000,0.000000,1.000000,0.000000,1.000000,3.000000,0.000000,1.000000,1553.000000,438.000000,932.000000,136.000000,161.000000,5.000000,
0.049265,0.995228,0.146964,0.167538,0.365299,0.000694,-207.151213,3.176902,1396044.325560,1161964.818900,2307283.614209,207665.944491,1090450.934082,366.253956,98.067999,209.145019,30.020816,36.024979,85.058979,23.015959,49.034000,7.004857,8.005551,521.361506,140.097142,298.206773,43.029836,51.035387,3.000000,2.000000,3.000000,0.000000,1.000000,0.000000,1.000000,2.000000,0.000000,1.000000,0.000000,1.000000,3.000000,0.000000,1.000000,1553.000000,438.000000,932.000000,136.000000,161.000000,5.000000,
0.049265,0.995228,0.146964,0.167538,0.365299,0.000694,-207.151213,3.176902,1396044.325560,1161964.818900,2307283.614209,207665.944491,1090450.934082,366.253956,98.067999,209.145019,30.020816,36.024979,85.058979,23.015959,49.034000,7.004857,8.005551,521.361506,140.097142,298.206773,43.029836,51.035387,3.000000,2.000000,3.000000,0.000000,1.000000,0.000000,1.000000,2.000000,0.000000,1.000000,0.000000,1.000000,3.000000,0.000000,1.000000,1553.000000,438.000000,932.000000,136.000000,161.000000,5.000000,
0.049265,0.995228,0.146964,0.167538,0.365299,0.000694,-207.151213,3.176902,1396044.325560,1161964.818900,2307283.614209,207665.944491,1090450.934082,366.253956,98.067999,209.145019,30.020816,36.024979,85.058979,23.015959,49.034000,7.004857,8.005551,521.361506,140.097142,298.206773,43.029836,51.035387,3.000000,2.000000,3.000000,0.000000,1.000000,0.000000,1.000000,2.000000,0.000000,1.000000,0.000000,1.000000,3.000000,0.000000,1.000000,1553.000000,438.000000,932.000000,136.000000,161.000000,5.000000,
0.049265,0.995228,0.146964,0.167538,0.365299,0.000694,-207.151213,3.176902,1396044.325560,1161964.818900,2307283.614209,207665.944491,1090450.934082,366.253956,98.067999,209.145019,30.020816,36.024979,85.058979,23.015959,49.034000,7.004857,8.005551,521.361506,140.097142,298.206773,43.029836,51.035387,3.000000,2.000000,3.000000,0.000000,1.000000,0.000000,1.000000,2.000000,0.000000,1.000000,0.000000,1.000000,3.000000,0.000000,1.000000,1553.000000,438.000000,932.000000,136.000000,161.000000,5.000000,
0.049265,0.995228,0.146964,0.167538,0.365299,0.000694,-207.151213,3.176902,1396044.325560,1161964.818900,2307283.614209,207665.944491,1090450.934082,366.253956,98.067999,209.145019,30.020816,36.024979,85.058979,23.015959,49.034000,7.004857,8.005551,521.361506,140.097142,298.206773,43.029836,51.035387,3.000000,2.000000,3.000000,0.000000,1.000000,0.000000,1.000000,2.000000,0.000000,1.000000,0.000000,1.000000,3.000000,0.000000,1.000000,1553.000000,438.000000,932.000000,136.000000,161.000000,5.000000,
0.049265,0.995228,0.146964,0.167538,0.365299,0.000694,-207.151213,3.176902,1396044.325560,1161964.818900,2307283.614209,207665.944491,1090450.934082,366.253956,98.067999,209.145019,30.020816,36.024979,85.058979,23.015959,49.034000,7.004857,8.005551,521.361506,140.097142,298.206773,43.029836,51.035387,3.000000,2.000000,3.000000,0.000000,1.000000,0.000000,1.000000,2.000000,0.000000,1.000000,0.000000,1.000000,3.000000,0.000000,1.000000,1553.000000,438.000000,932.000000,136.000000,161.000000,5.000000,
0.049265,0.995228,0.146964,0.167538,0.365299,0.000694,-207.151213,3.176902,1396044.325560,1161964.818900,2307283.614209,207665.944491,1090450.934082,366.253956,98.067999,209.145019,30.020816,36.024979,85.058979,23.015959,49.034000,7.004857,8.005551,521.361506,140.097142,298.206773,43.029836,51.035387,3.000000,2.000000,3.000000,0.000000,1.000000,0.000000,1.000000,2.000000,0.000000,1.000000,0.000000,1.000000,3.000000,0.000000,1.000000,1553.000000,438.000000,932.000000,136.000000,161.000000,5.000000,
0.049265,0.995228,0.146964,0.167538,0.365299,0.000694,-207.151213,3.176902,1396044.325560,1161964.818900,2307283.614209,207665.944491,1090450.934082,366.253956,98.067999,209.145019,30.020816,36.024979,85.058979,23.015959,49.034000,7.004857,8.005551,521.361506,140.097142,298.206773,43.029836,51.035387,3.000000,2.000000,3.000000,0.000000,1.000000,0.000000,1.000000,2.000000,0.000000,1.000000,0.000000,1.000000,3.000000,0.000000,1.000000,1553.000000,438.000000,932.000000,136.000000,161.000000,5.000000,
0.049265,0.995228,0.146964,0.167538,0.365299,0.000694,-207.151213,3.176902,1396044.325560,1161964.818900,2307283.614209,207665.944491,1090450.934082,366.253956,98.067999,209.145019,30.020816,36.024979,85.058979,23.015959,49.034000,7.004857,8.005551,521.361506,140.097142,298.206773,43.029836,51.035387,3.000000,2.000000,3.000000,0.000000,1.000000,0.000000,1.000000,2.000000,0.000000,1.000000,0.000000,1.000000,3.000000,0.000000,1.000000,1553.000000,438.000000,932.000000,136.000000,161.000000,5.000000,
0.049265,0.995228,0.146964,0.167538,0.365299,0.000694,-207.151213,3.176902,1396044.325560,1161964.818900,2307283.614209,207665.944491,1090450.934082,366.253956,98.067999,209.145019,30.020816,36.024979,85.058979,23.015959,49.034000,7.004857,8.005551,521.361506,140.097142,298.206773,43.029836,51.035387,3.000000,2.000000,3.000000,0.000000,1.000000,0.000000,1.000000,2.000000,0.000000,1.000000,0.000000,1.000000,3.000000,0.000000,1.000000,1553.000000,438.000000,932.000000,136.000000,161.000000,5.000000,
0.049265,0.995228,0.146964,0.167538,0.365299,0.000694,-207.151213,3.176902,1396044.325560,1161964.818900,2307283.614209,207665.944491,1090450.934082,366.253956,98.067999,209.145019,30.020816,36.024979,85.058979,23.015959,49.034000,7.004857,8.005551,521.361506,140.097142,298.206773,43.029836,51.035387,3.000000,2.000000,3.000000,0.000000,1.000000,0.000000,1.000000,2.000000,0.000000,1.000000,0.000000,1.000000,3.000000,0.000000,1.000000,1553.000000,438.000000,932.000000,136.000000,161.000000,5.000000,
0.049265,0.995228,0.146964,0.167538,0.365299,0.000694,-207.151213,3.176902,1396044.325560,1161964.818900,2307283.614209,207665.944491,1090450.934082,366.253956,98.067999,209.145019,30.020816,36.024979,85.058979,23.015959,49.034000,7.004857,8.005551,521.361506,140.097142,298.206773,43.029836,51.035387,3.000000,2.000000,3.000000,0.000000,1.000000,0.000000,1.000000,2.000000,0.000000,1.000000,0.000000,1.000000,3.000000,0.000000,1.000000,1553.000000,438.000000,932.000000,136.000000,161.000000,5.000000,
0.049265,0.995228,0.146964,0.167538,0.365299,0.000694,-207.151213,3.176902,1396044.325560,1161964.818900,2307283.614209,207665.944491,1090450.934082,366.253956,98.067999,209.145019,30.020816,36.024979,85.058979,23.015959,49.034000,7.004857,8.005551,521.361506,140.097142,298.206773,43.029836,51.035387,3.000000,2.000000,3.000000,0.000000,1.000000,0.000000,1.000000,2.000000,0.000000,1.000000,0.000000,1.000000,3.000000,0.000000,1.000000,1553.000000,438.000000,932.000000,136.000000,161.000000,5.000000,
0.049265,0.995228,0.146964,0.167538,0.365299,0.000694,-207.151213,3.176902,1396044.325560,1161964.818900,2307283.614209,207665.944491,1090450.934082,366.253956,98.067999,209.145019,30.020816,36.024979,85.058979,23.015959,49.034000,7.004857,8.005551,521.361506,140.097142,298.206773,43.029836,51.035387,3.000000,2.000000,3.000000,0.000000,1.000000,0.000000,1.000000,2.000000,0.000000,1.000000,0.000000,1.000000,3.000000,0.000000,1.000000,1553.000000,438.000000,932.000000,136.000000,161.000000,5.000000,
0.049265,0.995228,0.146964,0.167538,0.365299,0.000694,-207.151213,3.176902,1396044.325560,1161964.818900,2307283.614209,207665.944491,1090450.934082,366.253956,98.067999,209.145019,30.020816,36.024979,85.058979,23.015959,49.034000,7.004857,8.005551,521.361506,140.097142,298.206773,43.029836,51.035387,3.000000,2.000000,3.000000,0.000000,1.000000,0.000000,1.000000,2.000000,0.000000,1.000000,0.000000,1.000000,3.000000,0.000000,1.000000,1553.000000,438.000000,932.000000,136.000000,161.000000,5.000000,
0.049265,0.995228,0.146964,0.167538,0.365299,0.000694,-207.151213,3.176902,1396044.325560,1161964.818900,2307283.614209,207665.944491,1090450.934082,366.253956,98.067999,209.145019,30.020816,36.024979,85.058979,23.015959,49.034000,7.004857,8.005551,521.361506,140.097142,298.206773,43.029836,51.035387,3.000000,2.000000,3.000000,0.000000,1.000000,0.000000,1.000000,2.000000,0.000000,1.000000,0.000000,1.000000,3.000000,0.000000,1.000000,1553.000000,438.000000,932.000000,136.000000,161.000000,5.000000,
0.049265,0.995228,0.146964,0.167538,0.365299,0.000694,-207.151213,3.176902,1396044.325560,1161964.818900,2307283.614209,207665.944491,1090450.934082,366.253956,98.067999,209.145019,30.020816,36.024979,85.058979,23.015959,49.034000,7.004857,8.005551,521.361506,140.097142,298.206773,43.029836,51.035387,3.000000,2.000000,3.000000,0.000000,1.000000,0.000000,1.000000,2.000000,0.000000,1.000000,0.000000,1.000000,3.000000,0.000000,1.000000,1553.000000,438.000000,932.000000,136.000000,161.000000,5.000000,
0.049265,0.995228,0.146964,0.167538,0.365299,0.000694,-207.151213,3.176902,1396044.325560,1161964.818900,2307283.614209,207665.944491,1090450.934082,366.253956,98.067999,209.145019,30.020816,36.024979,85.058979,23.015959,49.034000,7.004857,8.005551,521.361506,140.097142,298.206773,43.029836,51.035387,3.000000,2.000000,3.000000,0.000000,1.000000,0.000000,1.000000,2.000000,0.000000,1.000000,0.000000,1.000000,3.000000,0.000000,1.000000,1553.000000,438.000000,932.000000,136.000000,161.000000,5.000000,
0.049265,0.995228,0.146964,0.167538,0.365299,0.000694,-207.151213,3.176902,1396044.325560,1161964.818900,2307283.614209,207665.944491,1090450.934082,366.253956,98.067999,209.145019,30.020816,36.024979,85.058979,23.015959,49.034000,7.004857,8.005551,521.361506,140.097142,298.206773,43.029836,51.035387,3.000000,2.000000,3.000000,0.000000,1.000000,0.000000,1.000000,2.000000,0.000000,1.000000,0.000000,1.000000,3.000000,0.000000,1.000000,1553.000000,438.000000,932.000000,136.000000,161.000000,5.000000,
0.049265,0.995228,0.146964,0.167538,0.365299,0.000694,-207.151213,3.176902,1396044.325560,1161964.818900,2307283.614209,207665.944491,1090450.934082,366.253956,98.067999,209.145019,30.020816,36.024979,85.058979,23.015959,49.034000,7.004857,8.005551,521.361506,140.097142,298.206773,43.029836,51.035387,3.000000,2.000000,3.000000,0.000000,1.000000,0.000000,1.000000,2.000000,0.000000,1.000000,0.000000,1.000000,3.000000,0.000000,1.000000,1553.000000,438.000000,932.000000,136.000000,161.000000,5.000000,
0.049306,0.993071,0.143856,0.166474,0.382902,0.001352,-207.824870,3.172658,1396043.685913,1161964.647143,2307283.248320,207665.891845,1090450.871566,366.494811,98.132490,209.282556,30.040558,36.048670,85.114915,23.031095,49.066245,7.009464,8.010816,521.704362,140.189272,298.402879,43.058133,51.068949,3.000000,2.000000,3.000000,0.000000,1.000000,0.000000,1.000000,2.000000,0.000000,1.000000,0.000000,1.000000,3.000000,0.000000,1.000000,1553.000000,438.000000,932.000000,136.000000,161.000000,5.000000,
0.049306,0.993071,0.143856,0.166474,0.382902,0.001352,-207.824870,3.172658,1396043.685913,1161964.647143,2307283.248320,207665.891845,1090450.871566,366.494811,98.132490,209.282556,30.040558,36.048670,85.114915,23.031095,49.066245,7.009464,8.010816,521.704362,140.189272,298.402879,43.058133,51.068949,3.000000,2.000000,3.000000,0.000000,1.000000,0.000000,1.000000,2.000000,0.000000,1.000000,0.000000,1.000000,3.000000,0.000000,1.000000,1553.000000,438.000000,932.000000,136.000000,161.000000,5.000000,
0.049306,0.993071,0.143856,0.166474,0.382902,0.001352,-207.824870,3.172658,1396043.685913,1161964.647143,2307283.248320,207665.891845,1090450.871566,366.494811,98.132490,209.282556,30.040558,36.048670,85.114915,23.031095,49.066245,7.009464,8.010816,521.704362,140.189272,298.402879,43.058133,51.068949,3.000000,2.000000,3.000000,0.000000,1.000000,0.000000,1.000000,2.000000,0.000000,1.000000,0.000000,1.000000,3.000000,0.000000,1.000000,1553.000000,438.000000,932.000000,136.000000,161.000000,5.000000,
0.049306,0.993071,0.143856,0.166474,0.382902,0.001352,-207.824870,3.172658,1396043.685913,1161964.647143,2307283.248320,207665.891845,1090450.871566,366.494811,98.132490,209.282556,30.040558,36.048670,85.114915,23.031095,49.066245,7.009464,8.010816,521.704362,140.189272,298.402879,43.058133,51.068949,3.000000,2.000000,3.000000,0.000000,1.000000,0.000000,1.000000,2.000000,0.000000,1.000000,0.000000,1.000000,3.000000,0.000000,1.000000,1553.000000,438.000000,932.000000,136.000000,161.000000,5.000000,
0.049306,0.993071,0.143856,0.166474,0.382902,0.001352,-207.824870,3.172658,1396043.685913,1161964.647143,2307283.248320,207665.891845,1090450.871566,366.494811,98.132490,209.282556,30.040558,36.048670,85.114915,23.031095,49.066245,7.009464,8.010816,521.704362,140.189272,298.402879,43.058133,51.068949,3.000000,2.000000,3.000000,0.000000,1.000000,0.000000,1.000000,2.000000,0.000000,1.000000,0.000000,1.000000,3.000000,0.000000,1.000000,1553.000000,438.000000,932.000000,136.000000,161.000000,5.000000,
0.049306,0.993071,0.143856,0.166474,0.382902,0.001352,-207.824870,3.172658,1396043.685913,1161964.647143,2307283.248320,207665.891845,1090450.871566,366.494811,98.132490,209.282556,30.040558,36.048670,85.114915,23.031095,49.066245,7.009464,8.010816,521.704362,140.189272,298.402879,43.058133,51.068949,3.000000,2.000000,3.000000,0.000000,1.000000,0.000000,1.000000,2.000000,0.000000,1.000000,0.000000,1.000000,3.000000,0.000000,1.000000,1553.000000,438.000000,932.000000,136.000000,161.000000,5.000000,
0.049306,0.993071,0.143856,0.166474,0.382902,0.001352,-207.824870,3.172658,1396043.685913,1161964.647143,2307283.248320,207665.891845,1090450.871566,366.494811,98.132490,209.282556,30.040558,36.048670,85.114915,23.031095,49.066245,7.009464,8.010816,521.704362,140.189272,298.402879,43.058133,51.068949,3.000000,2.000000,3.000000,0.000000,1.000000,0.000000,1.000000,2.000000,0.000000,1.000000,0.000000,1.000000,3.000000,0.000000,1.000000,1553.000000,438.000000,932.000000,136.000000,161.000000,5.000000,
0.049306,0.993071,0.143856,0.166474,0.382902,0.001352,-207.824870,3.172658,1396043.685913,1161964.647143,2307283.248320,207665.891845,1090450.871566,366.494811,98.132490,209.282556,30.040558,36.048670,85.114915,23.031095,49.066245,7.009464,8.010816,521.704362,140.189272,298.402879,43.058133,51.068949,3.000000,2.000000,3.000000,0.000000,1.000000,0.000000,1.000000,2.000000,0.000000,1.000000,0.000000,1.000000,3.000000,0.000000,1.000000,1553.000000,438.000000,932.000000,136.000000,161.000000,5.000000,
0.049288,0.999457,0.140929,0.187435,0.358728,0.001507,-207.506697,3.165010,1396043.535173,1161964.606667,2307283.162095,207665.879438,1090450.856833,366.551571,98.147688,209.314968,30.045211,36.054253,85.128097,23.034662,49.073844,7.010549,8.012056,521.785160,140.210983,298.449093,43.064802,51.076858,3.000000,2.000000,3.000000,0.000000,1.000000,0.000000,1.000000,2.000000,0.000000,1.000000,0.000000,1.000000,3.000000,0.000000,1.000000,1553.000000,438.000000,932.000000,136.000000,161.000000,5.000000,
0.049288,0.999457,0.140929,0.187435,0.358728,0.001507,-207.506697,3.165010,1396043.535173,1161964.606667,2307283.162095,207665.879438,1090450.856833,366.551571,98.147688,209.314968,30.045211,36.054253,85.128097,23.034662,49.073844,7.010549,8.012056,521.785160,140.210983,298.449093,43.064802,51.076858,3.000000,2.000000,3.000000,0.000000,1.000000,0.000000,1.000000,2.000000,0.000000,1.000000,0.000000,1.000000,3.000000,0.000000,1.000000,1553.000000,438.000000,932.000000,136.000000,161.000000,5.000000,
0.049288,0.999457,0.140929,0.187435,0.358728,0.001507,-207.506697,3.165010,1396043.535173,1161964.606667,2307283.162095,207665.879438,1090450.856833,366.551571,98.147688,209.314968,30.045211,36.054253,85.128097,23.034662,49.073844,7.010549,8.012056,521.785160,140.210983,298.449093,43.064802,51.076858,3.000000,2.000000,3.000000,0.000000,1.000000,0.000000,1.000000,2.000000,0.000000,1.000000,0.000000,1.000000,3.000000,0.000000,1.000000,1553.000000,438.000000,932.000000,136.000000,161.000000,5.000000,
0.049288,0.999457,0.140929,0.187435,0.358728,0.001507,-207.506697,3.165010,1396043.535173,1161964.606667,2307283.162095,207665.879438,1090450.856833,366.551571,98.147688,209.314968,30.045211,36.054253,85.128097,23.034662,49.073844,7.010549,8.012056,521.785160,140.210983,298.449093,43.064802,51.076858,3.000000,2.000000,3.000000,0.000000,1.000000,0.000000,1.000000,2.000000,0.000000,1.000000,0.000000,1.000000,3.000000,0.000000,1.000000,1553.000000,438.000000,932.000000,136.000000,161.000000,5.000000,
0.049288,0.999457,0.140929,0.187435,0.358728,0.001507,-207.506697,3.165010,1396043.535173,1161964.606667,2307283.162095,207665.879438,1090450.856833,366.551571,98.147688,209.314968,30.045211,36.054253,85.128097,23.034662,49.073844,7.010549,8.012056,521.785160,140.210983,298.449093,43.064802,51.076858,3.000000,2.000000,3.000000,0.000000,1.000000,0.000000,1.000000,2.000000,0.000000,1.000000,0.000000,1.000000,3.000000,0.000000,1.000000,1553.000000,438.000000,932.000000,136.000000,161.000000,5.000000,
0.049288,0.999457,0.140929,0.187435,0.358728,0.001507,-207.506697,3.165010,1396043.535173,1161964.606667,2307283.162095,207665.879438,1090450.856833,366.551571,98.147688,209.314968,30.045211,36.054253,85.128097,23.034662,49.073844,7.010549,8.012056,521.785160,140.210983,298.449093,43.064802,51.076858,3.000000,2.000000,3.000000,0.000000,1.000000,0.000000,1.000000,2.000000,0.000000,1.000000,0.000000,1.000000,3.000000,0.000000,1.000000,1553.000000,438.000000,932.000000,136.000000,161.000000,5.000000,
0.049288,0.999457,0.140929,0.187435,0.358728,0.001507,-207.506697,3.165010,1396043.535173,1161964.606667,2307283.162095,207665.879438,1090450.856833,366.551571,98.147688,209.314968,30.045211,36.054253,85.128097,23.034662,49.073844,7.010549,8.012056,521.785160,140.210983,298.449093,43.064802,51.076858,3.000000,2.000000,3.000000,0.000000,1.000000,0.000000,1.000000,2.000000,0.000000,1.000000,0.000000,1.000000,3.000000,0.000000,1.000000,1553.000000,438.000000,932.000000,136.000000,161.000000,5.000000,
0.049288,0.999457,0.140929,0.187435,0.358728,0.001507,-207.506697,3.165010,1396043.535173,1161964.606667,2307283.162095,207665.879438,1090450.856833,366.551571,98.147688,209.314968,30.045211,36.054253,85.128097,23.034662,49.073844,7.010549,8.012056,521.785160,140.210983,298.449093,43.064802,51.076858,3.000000,2.000000,3.000000,0.000000,1.000000,0.000000,1.000000,2.000000,0.000000,1.000000,0.000000,1.000000,3.000000,0.000000,1.000000,1553.000000,438.000000,932.000000,136.000000,161.000000,5.000000,
0.049288,0.999457,0.140929,0.187435,0.358728,0.001507,-207.506697,3.165010,1396043.535173,1161964.606667,2307283.162095,207665.879438,1090450.856833,366.551571,98.147688,209.314968,30.045211,36.054253,85.128097,23.034662,49.073844,7.010549,8.012056,521.785160,140.210983,298.449093,43.064802,51.076858,3.000000,2.000000,3.000000,0.000000,1.000000,0.000000,1.000000,2.000000,0.000000,1.000000,0.000000,1.000000,3.000000,0.000000,1.000000,1553.000000,438.000000,932.000000,136.000000,161.000000,5.000000,
0.049288,0.999457,0.140929,0.187435,0.358728,0.001507,-207.506697,3.165010,1396043.535173,1161964.606667,2307283.162095,207665.879438,1090450.856833,366.551571,98.147688,209.314968,30.045211,36.054253,85.128097,23.034662,49.073844,7.010549,8.012056,521.785160,140.210983,298.449093,43.064802,51.076858,3.000000,2.000000,3.000000,0.000000,1.000000,0.000000,1.000000,2.000000,0.000000,1.000000,0.000000,1.000000,3.000000,0.000000,1.000000,1553.000000,438.000000,932.000000,136.000000,161.000000,5.000000,
0.049288,0.999457,0.140929,0.187435,0.358728,0.001507,-207.506697,3.165010,1396043.535173,1161964.606667,2307283.162095,207665.879438,1090450.856833,366.551571,98.147688,209.314968,30.045211,36.054253,85.128097,23.034662,49.073844,7.010549,8.012056,521.785160,140.210983,298.449093,43.064802,51.076858,3.000000,2.000000,3.000000,0.000000,1.000000,0.000000,1.000000,2.000000,0.000000,1.000000,0.000000,1.000000,3.000000,0.000000,1.000000,1553.000000,438.000000,932.000000,136.000000,161.000000,5.000000,
0.049288,0.999457,0.140929,0.187435,0.358728,0.001507,-207.506697,3.165010,1396043.535173,1161964.606667,2307283.162095,207665.879438,1090450.856833,366.551571,98.147688,209.314968,30.045211,36.054253,85.128097,23.034662,49.073844,7.010549,8.012056,521.785160,140.210983,298.449093,43.064802,51.076858,3.000000,2.000000,3.000000,0.000000,1.000000,0.000000,1.000000,2.000000,0.000000,1.000000,0.000000,1.000000,3.000000,0.000000,1.000000,1553.000000,438.000000,932.000000,136.000000,161.000000,5.000000,
0.049304,0.999678,0.142941,0.177134,0.368425,0.001145,-206.533126,3.170476,1396043.887490,1161964.701271,2307283.363626,207665.908435,1090450.891267,366.418908,98.112167,209.239212,30.034337,36.041204,85.097287,23.026325,49.056083,7.008012,8.009156,521.596314,140.160238,298.341078,43.049216,51.058372,3.000000,2.000000,3.000000,0.000000,1.000000,0.000000,1.000000,2.000000,0.000000,1.000000,0.000000,1.000000,3.000000,0.000000,1.000000,1553.000000,438.000000,932.000000,136.000000,161.000000,5.000000,
0.049304,0.999678,0.142941,0.177134,0.368425,0.001145,-206.533126,3.170476,1396043.887490,1161964.701271,2307283.363626,207665.908435,1090450.891267,366.418908,98.112167,209.239212,30.034337,36.041204,85.097287,23.026325,49.056083,7.008012,8.009156,521.596314,140.160238,298.341078,43.049216,51.058372,3.000000,2.000000,3.000000,0.000000,1.000000,0.000000,1.000000,2.000000,0.000000,1.000000,0.000000,1.000000,3.000000,0.000000,1.000000,1553.000000,438.000000,932.000000,136.000000,161.000000,5.000000,
0.049304,0.999678,0.142941,0.177134,0.368425,0.001145,-206.533126,3.170476,1396043.887490,1161964.701271,2307283.363626,207665.908435,1090450.891267,366.418908,98.112167,209.239212,30.034337,36.041204,85.097287,23.026325,49.056083,7.008012,8.009156,521.596314,140.160238,298.341078,43.049216,51.058372,3.000000,2.000000,3.000000,0.000000,1.000000,0.000000,1.000000,2.000000,0.000000,1.000000,0.000000,1.000000,3.000000,0.000000,1.000000,1553.000000,438.000000,932.000000,136.000000,161.000000,5.000000,
0.049304,0.999678,0.142941,0.177134,0.368425,0.001145,-206.533126,3.170476,1396043.887490,1161964.701271,2307283.363626,207665.908435,1090450.891267,366.418908,98.112167,209.239212,30.034337,36.041204,85.097287,23.026325,49.056083,7.008012,8.009156,521.596314,140.160238,298.341078,43.049216,51.058372,3.000000,2.000000,3.000000,0.000000,1.000000,0.000000,1.000000,2.000000,0.000000,1.000000,0.000000,1.000000,3.000000,0.000000,1.000000,1553.000000,438.000000,932.000000,136.000000,161.000000,5.000000,
0.049304,0.999678,0.142941,0.177134,0.368425,0.001145,-206.533126,3.170476,1396043.887490,1161964.701271,2307283.363626,207665.908435,1090450.891267,366.418908,98.112167,209.239212,30.034337,36.041204,85.097287,23.026325,49.056083,7.008012,8.009156,521.596314,140.160238,298.341078,43.049216,51.058372,3.000000,2.000000,3.000000,0.000000,1.000000,0.000000,1.000000,2.000000,0.000000,1.000000,0.000000,1.000000,3.000000,0.000000,1.000000,1553.000000,438.000000,932.000000,136.000000,161.000000,5.000000,
0.049304,0.999678,0.142941,0.177134,0.368425,0.001145,-206.533126,3.170476,1396043.887490,1161964.701271,2307283.363626,207665.908435,1090450.891267,366.418908,98.112167,209.239212,30.034337,36.041204,85.097287,23.026325,49.056083,7.008012,8.009156,521.596314,140.160238,298.341078,43.049216,51.058372,3.000000,2.000000,3.000000,0.000000,1.000000,0.000000,1.000000,2.000000,0.000000,1.000000,0.000000,1.000000,3.000000,0.000000,1.000000,1553.000000,438.000000,932.000000,136.000000,161.000000,5.000000,
0.049363,0.989409,0.141511,0.163929,0.396251,0.000257,-208.458233,3.171086,1396044.750145,1161964.932909,2307283.857079,207665.979436,1090450.975580,366.094081,98.025191,209.053724,30.007712,36.009254,85.021849,23.005912,49.012596,7.001799,8.002056,521.133924,140.035987,298.076602,43.011053,51.013110,3.000000,2.000000,3.000000,0.000000,1.000000,0.000000,1.000000,2.000000,0.000000,1.000000,0.000000,1.000000,3.000000,0.000000,1.000000,1553.000000,438.000000,932.000000,136.000000,161.000000,5.000000,
0.049363,0.989409,0.141511,0.163929,0.396251,0.000257,-208.458233,3.171086,1396044.750145,1161964.932909,2307283.857079,207665.979436,1090450.975580,366.094081,98.025191,209.053724,30.007712,36.009254,85.021849,23.005912,49.012596,7.001799,8.002056,521.133924,140.035987,298.076602,43.011053,51.013110,3.000000,2.000000,3.000000,0.000000,1.000000,0.000000,1.000000,2.000000,0.000000,1.000000,0.000000,1.000000,3.000000,0.000000,1.000000,1553.000000,438.000000,932.000000,136.000000,161.000000,5.000000,
0.049395,0.986042,0.141323,0.159612,0.406392,0.000052,-209.481848,3.172700,1396044.949386,1161964.986409,2307283.971048,207665.995834,1090450.995053,366.019058,98.005103,209.010883,30.001562,36.001875,85.004426,23.001198,49.002552,7.000365,8.000417,521.027129,140.007290,298.015517,43.002239,51.002656,3.000000,2.000000,3.000000,0.000000,1.000000,0.000000,1.000000,2.000000,0.000000,1.000000,0.000000,1.000000,3.000000,0.000000,1.000000,1553.000000,438.000000,932.000000,136.000000,161.000000,5.000000,
0.049395,0.986042,0.141323,0.159612,0.406392,0.000052,-209.481848,3.172700,1396044.949386,1161964.986409,2307283.971048,207665.995834,1090450.995053,366.019058,98.005103,209.010883,30.001562,36.001875,85.004426,23.001198,49.002552,7.000365,8.000417,521.027129,140.007290,298.015517,43.002239,51.002656,3.000000,2.000000,3.000000,0.000000,1.000000,0.000000,1.000000,2.000000,0.000000,1.000000,0.000000,1.000000,3.000000,0.000000,1.000000,1553.000000,438.000000,932.000000,136.000000,161.000000,5.000000,
0.049395,0.986042,0.141323,0.159612,0.406392,0.000052,-209.481848,3.172700,1396044.949386,1161964.986409,2307283.971048,207665.995834,1090450.995053,366.019058,98.005103,209.010883,30.001562,36.001875,85.004426,23.001198,49.002552,7.000365,8.000417,521.027129,140.007290,298.015517,43.002239,51.002656,3.000000,2.000000,3.000000,0.000000,1.000000,0.000000,1.000000,2.000000,0.000000,1.000000,0.000000,1.000000,3.000000,0.000000,1.000000,1553.000000,438.000000,932.000000,136.000000,161.000000,5.000000,
0.049395,0.986042,0.141323,0.159612,0.406392,0.000052,-209.481848,3.172700,1396044.949386,1161964.986409,2307283.971048,207665.995834,1090450.995053,366.019058,98.005103,209.010883,30.001562,36.001875,85.004426,23.001198,49.002552,7.000365,8.000417,521.027129,140.007290,298.015517,43.002239,51.002656,3.000000,2.000000,3.000000,0.000000,1.000000,0.000000,1.000000,2.000000,0.000000,1.000000,0.000000,1.000000,3.000000,0.000000,1.000000,1553.000000,438.000000,932.000000,136.000000,161.000000,5.000000,
0.049395,0.986042,0.141323,0.159612,0.406392,0.000052,-209.481848,3.172700,1396044.949386,1161964.986409,2307283.971048,207665.995834,1090450.995053,366.019058,98.005103,209.010883,30.001562,36.001875,85.004426,23.001198,49.002552,7.000365,8.000417,521.027129,140.007290,298.015517,43.002239,51.002656,3.000000,2.000000,3.000000,0.000000,1.000000,0.000000,1.000000,2.000000,0.000000,1.000000,0.000000,1.000000,3.000000,0.000000,1.000000,1553.000000,438.000000,932.000000,136.000000,161.000000,5.000000,
0.049395,0.986042,0.141323,0.159612,0.406392,0.000052,-209.481848,3.172700,1396044.949386,1161964.986409,2307283.971048,207665.995834,1090450.995053,366.019058,98.005103,209.010883,30.001562,36.001875,85.004426,23.001198,49.002552,7.000365,8.000417,521.027129,140.007290,298.015517,43.002239,51.002656,3.000000,2.000000,3.000000,0.000000,1.000000,0.000000,1.000000,2.000000,0.000000,1.000000,0.000000,1.000000,3.000000,0.000000,1.000000,1553.000000,438.000000,932.000000,136.000000,161.000000,5.000000,
0.049354,0.999356,0.140930,0.172905,0.386716,0.000424,-206.724575,3.169188,1396044.587892,1161964.889341,2307283.764267,207665.966082,1090450.959722,366.155176,98.041550,209.088612,30.012719,36.015263,85.036038,23.009752,49.020775,7.002968,8.003392,521.220893,140.059357,298.126346,43.018231,51.021623,3.000000,2.000000,3.000000,0.000000,1.000000,0.000000,1.000000,2.000000,0.000000,1.000000,0.000000,1.000000,3.000000,0.000000,1.000000,1553.000000,438.000000,932.000000,136.000000,161.000000,5.000000,
0.049354,0.999356,0.140930,0.172905,0.386716,0.000424,-206.724575,3.169188,1396044.587892,1161964.889341,2307283.764267,207665.966082,1090450.959722,366.155176,98.041550,209.088612,30.012719,36.015263,85.036038,23.009752,49.020775,7.002968,8.003392,521.220893,140.059357,298.126346,43.018231,51.021623,3.000000,2.000000,3.000000,0.000000,1.000000,0.000000,1.000000,2.000000,0.000000,1.000000,0.000000,1.000000,3.000000,0.000000,1.000000,1553.000000,438.000000,932.000000,136.000000,161.000000,5.000000,
0.049354,0.999356,0.140930,0.172905,0.386716,0.000424,-206.724575,3.169188,1396044.587892,1161964.889341,2307283.764267,207665.966082,1090450.959722,366.155176,98.041550,209.088612,30.012719,36.015263,85.036038,23.009752,49.020775,7.002968,8.003392,521.220893,140.059357,298.126346,43.018231,51.021623,3.000000,2.000000,3.000000,0.000000,1.000000,0.000000,1.000000,2.000000,0.000000,1.000000,0.000000,1.000000,3.000000,0.000000,1.000000,1553.000000,438.000000,932.000000,136.000000,161.000000,5.000000,
0.049354,0.999356,0.140930,0.172905,0.386716,0.000424,-206.724575,3.169188,1396044.587892,1161964.889341,2307283.764267,207665.966082,1090450.959722,366.155176,98.041550,209.088612,30.012719,36.015263,85.036038,23.009752,49.020775,7.002968,8.003392,521.220893,140.059357,298.126346,43.018231,51.021623,3.000000,2.000000,3.000000,0.000000,1.000000,0.000000,1.000000,2.000000,0.000000,1.000000,0.000000,1.000000,3.000000,0.000000,1.000000,1553.000000,438.000000,932.000000,136.000000,161.000000,5.000000,
0.049354,0.999356,0.140930,0.172905,0.386716,0.000424,-206.724575,3.169188,1396044.587892,1161964.889341,2307283.764267,207665.966082,1090450.959722,366.155176,98.041550,209.088612,30.012719,36.015263,85.036038,23.009752,49.020775,7.002968,8.003392,521.220893,140.059357,298.126346,43.018231,51.021623,3.000000,2.000000,3.000000,0.000000,1.000000,0.000000,1.000000,2.000000,0.000000,1.000000,0.000000,1.000000,3.000000,0.000000,1.000000,1553.000000,438.000000,932.000000,136.000000,161.000000,5.000000,
0.049354,0.999356,0.140930,0.172905,0.386716,0.000424,-206.724575,3.169188,1396044.587892,1161964.889341,2307283.764267,207665.966082,1090450.959722,366.155176,98.041550,209.088612,30.012719,36.015263,85.036038,23.009752,49.020775,7.002968,8.003392,521.220893,140.059357,298.126346,43.018231,51.021623,3.000000,2.000000,3.000000,0.000000,1.000000,0.000000,1.000000,2.000000,0.000000,1.000000,0.000000,1.000000,3.000000,0.000000,1.000000,1553.000000,438.000000,932.000000,136.000000,161.000000,5.000000,
0.049354,0.999356,0.140930,0.172905,0.386716,0.000424,-206.724575,3.169188,1396044.587892,1161964.889341,2307283.764267,207665.966082,1090450.959722,366.155176,98.041550,209.088612,30.012719,36.015263,85.036038,23.009752,49.020775,7.002968,8.003392,521.220893,140.059357,298.126346,43.018231,51.021623,3.000000,2.000000,3.000000,0.000000,1.000000,0.000000,1.000000,2.000000,0.000000,1.000000,0.000000,1.000000,3.000000,0.000000,1.000000,1553.000000,438.000000,932.000000,136.000000,161.000000,5.000000,
0.049354,0.999356,0.140930,0.172905,0.386716,0.000424,-206.724575,3.169188,1396044.587892,1161964.889341,2307283.764267,207665.966082,1090450.959722,366.155176,98.041550,209.088612,30.012719,36.015263,85.036038,23.009752,49.020775,7.002968,8.003392,521.220893,140.059357,298.126346,43.018231,51.021623,3.000000,2.000000,3.000000,0.000000,1.000000,0.000000,1.000000,2.000000,0.000000,1.000000,0.000000,1.000000,3.000000,0.000000,1.000000,1553.000000,438.000000,932.000000,136.000000,161.000000,5.000000,
0.049354,0.999356,0.140930,0.172905,0.386716,0.000424,-206.724575,3.169188,1396044.587892,1161964.889341,2307283.764267,207665.966082,1090450.959722,366.155176,98.041550,209.088612,30.012719,36.015263,85.036038,23.009752,49.020775,7.002968,8.003392,521.220893,140.059357,298.126346,43.018231,51.021623,3.000000,2.000000,3.000000,0.000000,1.000000,0.000000,1.000000,2.000000,0.000000,1.000000,0.000000,1.000000,3.000000,0.000000,1.000000,1553.000000,438.000000,932.000000,136.000000,161.000000,5.000000,
0.049354,0.999356,0.140930,0.172905,0.386716,0.000424,-206.724575,3.169188,1396044.587892,1161964.889341,2307283.764267,207665.966082,1090450.959722,366.155176,98.041550,209.088612,30.012719,36.015263,85.036038,23.009752,49.020775,7.002968,8.003392,521.220893,140.059357,298.126346,43.018231,51.021623,3.000000,2.000000,3.000000,0.000000,1.000000,0.000000,1.000000,2.000000,0.000000,1.000000,0.000000,1.000000,3.000000,0.000000,1.000000,1553.000000,438.000000,932.000000,136.000000,161.000000,5.000000,
0.049354,0.999356,0.140930,0.172905,0.386716,0.000424,-206.724575,3.169188,1396044.587892,1161964.889341,2307283.764267,207665.966082,1090450.959722,366.155176,98.041550,209.088612,30.012719,36.015263,85.036038,23.009752,49.020775,7.002968,8.003392,521.220893,140.059357,298.126346,43.018231,51.021623,3.000000,2.000000,3.000000,0.000000,1.000000,0.000000,1.000000,2.000000,0.000000,1.000000,0.000000,1.000000,3.000000,0.000000,1.000000,1553.000000,438.000000,932.000000,136.000000,161.000000,5.000000,
0.049354,0.999356,0.140930,0.172905,0.386716,0.000424,-206.724575,3.169188,1396044.587892,1161964.889341,2307283.764267,207665.966082,1090450.959722,366.155176,98.041550,209.088612,30.012719,36.015263,85.036038,23.009752,49.020775,7.002968,8.003392,521.220893,140.059357,298.126346,43.018231,51.021623,3.000000,2.000000,3.000000,0.000000,1.000000,0.000000,1.000000,2.000000,0.000000,1.000000,0.000000,1.000000,3.000000,0.000000,1.000000,1553.000000,438.000000,932.000000,136.000000,161.000000,5.000000,
0.049354,0.999356,0.140930,0.172905,0.386716,0.000424,-206.724575,3.169188,1396044.587892,1161964.889341,2307283.764267,207665.966082,1090450.959722,366.155176,98.041550,209.088612,30.012719,36.015263,85.036038,23.009752,49.020775,7.002968,8.003392,521.220893,140.059357,298.126346,43.018231,51.021623,3.000000,2.000000,3.000000,0.000000,1.000000,0.000000,1.000000,2.000000,0.000000,1.000000,0.000000,1.000000,3.000000,0.000000,1.000000,1553.000000,438.000000,932.000000,136.000000,161.000000,5.000000,
0.049354,0.999356,0.140930,0.172905,0.386716,0.000424,-206.724575,3.169188,1396044.587892,1161964.889341,2307283.764267,207665.966082,1090450.959722,366.155176,98.041550,209.088612,30.012719,36.015263,85.036038,23.009752,49.020775,7.002968,8.003392,521.220893,140.059357,298.126346,43.018231,51.021623,3.000000,2.000000,3.000000,0.000000,1.000000,0.000000,1.000000,2.000000,0.000000,1.000000,0.000000,1.000000,3.000000,0.000000,1.000000,1553.000000,438.000000,932.000000,136.000000,161.000000,5.000000,
0.049354,0.999356,0.140930,0.172905,0.386716,0.000424,-206.724575,3.169188,1396044.587892,1161964.889341,2307283.764267,207665.966082,1090450.959722,366.155176,98.041550,209.088612,30.012719,36.015263,85.036038,23.009752,49.020775,7.002968,8.003392,521.220893,140.059357,298.126346,43.018231,51.021623,3.000000,2.000000,3.000000,0.000000,1.000000,0.000000,1.000000,2.000000,0.000000,1.000000,0.000000,1.000000,3.000000,0.000000,1.000000,1553.000000,438.000000,932.000000,136.000000,161.000000,5.000000,
0.049354,0.999356,0.140930,0.172905,0.386716,0.000424,-206.724575,3.169188,1396044.587892,1161964.889341,2307283.764267,207665.966082,1090450.959722,366.155176,98.041550,209.088612,30.012719,36.015263,85.036038,23.009752,49.020775,7.002968,8.003392,521.220893,140.059357,298.126346,43.018231,51.021623,3.000000,2.000000,3.000000,0.000000,1.000000,0.000000,1.000000,2.000000,0.000000,1.000000,0.000000,1.000000,3.000000,0.000000,1.000000,1553.000000,438.000000,932.000000,136.000000,161.000000,5.000000,
0.049354,0.999356,0.140930,0.172905,0.386716,0.000424,-206.724575,3.169188,1396044.587892,1161964.889341,2307283.764267,207665.966082,1090450.959722,366.155176,98.041550,209.088612,30.012719,36.015263,85.036038,23.009752,49.020775,7.002968,8.003392,521.220893,140.059357,298.126346,43.018231,51.021623,3.000000,2.000000,3.000000,0.000000,1.000000,0.000000,1.000000,2.000000,0.000000,1.000000,0.000000,1.000000,3.000000,0.000000,1.000000,1553.000000,438.000000,932.000000,136.000000,161.000000,5.000000,
0.049354,0.999356,0.140930,0.172905,0.386716,0.000424,-206.724575,3.169188,1396044.587892,1161964.889341,2307283.764267,207665.966082,1090450.959722,366.155176,98.041550,209.088612,30.012719,36.015263,85.036038,23.009752,49.020775,7.002968,8.003392,521.220893,140.059357,298.126346,43.018231,51.021623,3.000000,2.000000,3.000000,0.000000,1.000000,0.000000,1.000000,2.000000,0.000000,1.000000,0.000000,1.000000,3.000000,0.000000,1.000000,1553.000000,438.000000,932.000000,136.000000,161.000000,5.000000,
0.049354,0.999356,0.140930,0.172905,0.386716,0.000424,-206.724575,3.169188,1396044.587892,1161964.889341,2307283.764267,207665.966082,1090450.959722,366.155176,98.041550,209.088612,30.012719,36.015263,85.036038,23.009752,49.020775,7.002968,8.003392,521.220893,140.059357,298.126346,43.018231,51.021623,3.000000,2.000000,3.000000,0.000000,1.000000,0.000000,1.000000,2.000000,0.000000,1.000000,0.000000,1.000000,3.000000,0.000000,1.000000,1553.000000,438.000000,932.000000,136.000000,161.000000,5.000000,
0.049354,0.999356,0.140930,0.172905,0.386716,0.000424,-206.724575,3.169188,1396044.587892,1161964.889341,2307283.764267,207665.966082,1090450.959722,366.155176,98.041550,209.088612,30.012719,36.015263,85.036038,23.009752,49.020775,7.002968,8.003392,521.220893,140.059357,298.126346,43.018231,51.021623,3.000000,2.000000,3.000000,0.000000,1.000000,0.000000,1.000000,2.000000,0.000000,1.000000,0.000000,1.000000,3.000000,0.000000,1.000000,1553.000000,438.000000,932.000000,136.000000,161.000000,5.000000,
0.049354,0.999356,0.140930,0.172905,0.386716,0.000424,-206.724575,3.169188,1396044.587892,1161964.889341,2307283.764267,207665.966082,1090450.959722,366.155176,98.041550,209.088612,30.012719,36.015263,85.036038,23.009752,49.020775,7.002968,8.003392,521.220893,140.059357,298.126346,43.018231,51.021623,3.000000,2.000000,3.000000,0.000000,1.000000,0.000000,1.000000,2.000000,0.000000,1.000000,0.000000,1.000000,3.000000,0.000000,1.000000,1553.000000,438.000000,932.000000,136.000000,161.000000,5.000000,
0.049354,0.999356,0.140930,0.172905,0.386716,0.000424,-206.724575,3.169188,1396044.587892,1161964.889341,2307283.764267,207665.966082,1090450.959722,366.155176,98.041550,209.088612,30.012719,36.015263,85.036038,23.009752,49.020775,7.002968,8.003392,521.220893,140.059357,298.126346,43.018231,51.021623,3.000000,2.000000,3.000000,0.000000,1.000000,0.000000,1.000000,2.000000,0.000000,1.000000,0.000000,1.000000,3.000000,0.000000,1.000000,1553.000000,438.000000,932.000000,136.000000,161.000000,5.000000,
0.049354,0.999356,0.140930,0.172905,0.386716,0.000424,-206.724575,3.169188,1396044.587892,1161964.889341,2307283.764267,207665.966082,1090450.959722,366.155176,98.041550,209.088612,30.012719,36.015263,85.036038,23.009752,49.020775,7.002968,8.003392,521.220893,140.059357,298.126346,43.018231,51.021623,3.000000,2.000000,3.000000,0.000000,1.000000,0.000000,1.000000,2.000000,0.000000,1.000000,0.000000,1.000000,3.000000,0.000000,1.000000,1553.000000,438.000000,932.000000,136.000000,161.000000,5.000000,
0.049354,0.999356,0.140930,0.172905,0.386716,0.000424,-206.724575,3.169188,1396044.587892,1161964.889341,2307283.764267,207665.966082,1090450.959722,366.155176,98.041550,209.088612,30.012719,36.015263,85.036038,23.009752,49.020775,7.002968,8.003392,521.220893,140.059357,298.126346,43.018231,51.021623,3.000000,2.000000,3.000000,0.000000,1.000000,0.000000,1.000000,2.000000,0.000000,1.000000,0.000000,1.000000,3.000000,0.000000,1.000000,1553.000000,438.000000,932.000000,136.000000,161.000000,5.000000,
0.049354,0.999356,0.140930,0.172905,0.386716,0.000424,-206.724575,3.169188,1396044.587892,1161964.889341,2307283.764267,207665.966082,1090450.959722,366.155176,98.041550,209.088612,30.012719,36.015263,85.036038,23.009752,49.020775,7.002968,8.003392,521.220893,140.059357,298.126346,43.018231,51.021623,3.000000,2.000000,3.000000,0.000000,1.000000,0.000000,1.000000,2.000000,0.000000,1.000000,0.000000,1.000000,3.000000,0.000000,1.000000,1553.000000,438.000000,932.000000,136.000000,161.000000,5.000000,
0.049354,0.999356,0.140930,0.172905,0.386716,0.000424,-206.724575,3.169188,1396044.587892,1161964.889341,2307283.764267,207665.966082,1090450.959722,366.155176,98.041550,209.088612,30.012719,36.015263,85.036038,23.009752,49.020775,7.002968,8.003392,521.220893,140.059357,298.126346,43.018231,51.021623,3.000000,2.000000,3.000000,0.000000,1.000000,0.000000,1.000000,2.000000,0.000000,1.000000,0.000000,1.000000,3.000000,0.000000,1.000000,1553.000000,438.000000,932.000000,136.000000,161.000000,5.000000,
0.049354,0.999356,0.140930,0.172905,0.386716,0.000424,-206.724575,3.169188,1396044.587892,1161964.889341,2307283.764267,207665.966082,1090450.959722,366.155176,98.041550,209.088612,30.012719,36.015263,85.036038,23.009752,49.020775,7.002968,8.003392,521.220893,140.059357,298.126346,43.018231,51.021623,3.000000,2.000000,3.000000,0.000000,1.000000,0.000000,1.000000,2.000000,0.000000,1.000000,0.000000,1.000000,3.000000,0.000000,1.000000,1553.000000,438.000000,932.000000,136.000000,161.000000,5.000000,
0.049354,0.999356,0.140930,0.172905,0.386716,0.000424,-206.724575,3.169188,1396044.587892,1161964.889341,2307283.764267,207665.966082,1090450.959722,366.155176,98.041550,209.088612,30.012719,36.015263,85.036038,23.009752,49.020775,7.002968,8.003392,521.220893,140.059357,298.126346,43.018231,51.021623,3.000000,2.000000,3.000000,0.000000,1.000000,0.000000,1.000000,2.000000,0.000000,1.000000,0.000000,1.000000,3.000000,0.000000,1.000000,1553.000000,438.000000,932.000000,136.000000,161.000000,5.000000,
0.049354,0.999356,0.140930,0.172905,0.386716,0.000424,-206.724575,3.169188,1396044.587892,1161964.889341,2307283.764267,207665.966082,1090450.959722,366.155176,98.041550,209.088612,30.012719,36.015263,85.036038,23.009752,49.020775,7.002968,8.003392,521.220893,140.059357,298.126346,43.018231,51.021623,3.000000,2.000000,3.000000,0.000000,1.000000,0.000000,1.000000,2.000000,0.000000,1.000000,0.000000,1.000000,3.000000,0.000000,1.000000,1553.000000,438.000000,932.000000,136.000000,161.000000,5.000000,
0.049354,0.999356,0.140930,0.172905,0.386716,0.000424,-206.724575,3.169188,1396044.587892,1161964.889341,2307283.764267,207665.966082,1090450.959722,366.155176,98.041550,209.088612,30.012719,36.015263,85.036038,23.009752,49.020775,7.002968,8.003392,521.220893,140.059357,298.126346,43.018231,51.021623,3.000000,2.000000,3.000000,0.000000,1.000000,0.000000,1.000000,2.000000,0.000000,1.000000,0.000000,1.000000,3.000000,0.000000,1.000000,1553.000000,438.000000,932.000000,136.000000,161.000000,5.000000,
0.049354,0.999356,0.140930,0.172905,0.386716,0.000424,-206.724575,3.169188,1396044.587892,1161964.889341,2307283.764267,207665.966082,1090450.959722,366.155176,98.041550,209.088612,30.012719,36.015263,85.036038,23.009752,49.020775,7.002968,8.003392,521.220893,140.059357,298.126346,43.018231,51.021623,3.000000,2.000000,3.000000,0.000000,1.000000,0.000000,1.000000,2.000000,0.000000,1.000000,0.000000,1.000000,3.000000,0.000000,1.000000,1553.000000,438.000000,932.000000,136.000000,161.000000,5.000000,
0.049354,0.999356,0.140930,0.172905,0.386716,0.000424,-206.724575,3.169188,1396044.587892,1161964.889341,2307283.764267,207665.966082,1090450.959722,366.155176,98.041550,209.088612,30.012719,36.015263,85.036038,23.009752,49.020775,7.002968,8.003392,521.220893,140.059357,298.126346,43.018231,51.021623,3.000000,2.000000,3.000000,0.000000,1.000000,0.000000,1.000000,2.000000,0.000000,1.000000,0.000000,1.000000,3.000000,0.000000,1.000000,1553.000000,438.000000,932.000000,136.000000,161.000000,5.000000,
0.049354,0.999356,0.140930,0.172905,0.386716,0.000424,-206.724575,3.169188,1396044.587892,1161964.889341,2307283.764267,207665.966082,1090450.959722,366.155176,98.041550,209.088612,30.012719,36.015263,85.036038,23.009752,49.020775,7.002968,8.003392,521.220893,140.059357,298.126346,43.018231,51.021623,3.000000,2.000000,3.000000,0.000000,1.000000,0.000000,1.000000,2.000000,0.000000,1.000000,0.000000,1.000000,3.000000,0.000000,1.000000,1553.000000,438.000000,932.000000,136.000000,161.000000,5.000000,
0.049354,0.999356,0.140930,0.172905,0.386716,0.000424,-206.724575,3.169188,1396044.587892,1161964.889341,2307283.764267,207665.966082,1090450.959722,366.155176,98.041550,209.088612,30.012719,36.015263,85.036038,23.009752,49.020775,7.002968,8.003392,521.220893,140.059357,298.126346,43.018231,51.021623,3.000000,2.000000,3.000000,0.000000,1.000000,0.000000,1.000000,2.000000,0.000000,1.000000,0.000000,1.000000,3.000000,0.000000,1.000000,1553.000000,438.000000,932.000000,136.000000,161.000000,5.000000,
0.049354,0.999356,0.140930,0.172905,0.386716,0.000424,-206.724575,3.169188,1396044.587892,1161964.889341,2307283.764267,207665.966082,1090450.959722,366.155176,98.041550,209.088612,30.012719,36.015263,85.036038,23.009752,49.020775,7.002968,8.003392,521.220893,140.059357,298.126346,43.018231,51.021623,3.000000,2.000000,3.000000,0.000000,1.000000,0.000000,1.000000,2.000000,0.000000,1.000000,0.000000,1.000000,3.000000,0.000000,1.000000,1553.000000,438.000000,932.000000,136.000000,161.000000,5.000000,
0.049354,0.999356,0.140930,0.172905,0.386716,0.000424,-206.724575,3.169188,1396044.587892,1161964.889341,2307283.764267,207665.966082,1090450.959722,366.155176,98.041550,209.088612,30.012719,36.015263,85.036038,23.009752,49.020775,7.002968,8.003392,521.220893,140.059357,298.126346,43.018231,51.021623,3.000000,2.000000,3.000000,0.000000,1.000000,0.000000,1.000000,2.000000,0.000000,1.000000,0.000000,1.000000,3.000000,0.000000,1.000000,1553.000000,438.000000,932.000000,136.000000,161.000000,5.000000,
0.049354,0.999356,0.140930,0.172905,0.386716,0.000424,-206.724575,3.169188,1396044.587892,1161964.889341,2307283.764267,207665.966082,1090450.959722,366.155176,98.041550,209.088612,30.012719,36.015263,85.036038,23.009752,49.020775,7.002968,8.003392,521.220893,140.059357,298.126346,43.018231,51.021623,3.000000,2.000000,3.000000,0.000000,1.000000,0.000000,1.000000,2.000000,0.000000,1.000000,0.000000,1.000000,3.000000,0.000000,1.000000,1553.000000,438.000000,932.000000,136.000000,161.000000,5.000000,
0.049354,0.999356,0.140930,0.172905,0.386716,0.000424,-206.724575,3.169188,1396044.587892,1161964.889341,2307283.764267,207665.966082,1090450.959722,366.155176,98.041550,209.088612,30.012719,36.015263,85.036038,23.009752,49.020775,7.002968,8.003392,521.220893,140.059357,298.126346,43.018231,51.021623,3.000000,2.000000,3.000000,0.000000,1.000000,0.000000,1.000000,2.000000,0.000000,1.000000,0.000000,1.000000,3.000000,0.000000,1.000000,1553.000000,438.000000,932.000000,136.000000,161.000000,5.000000,
0.049354,0.999356,0.140930,0.172905,0.386716,0.000424,-206.724575,3.169188,1396044.587892,1161964.889341,2307283.764267,207665.966082,1090450.959722,366.155176,98.041550,209.088612,30.012719,36.015263,85.036038,23.009752,49.020775,7.002968,8.003392,521.220893,140.059357,298.126346,43.018231,51.021623,3.000000,2.000000,3.000000,0.000000,1.000000,0.000000,1.000000,2.000000,0.000000,1.000000,0.000000,1.000000,3.000000,0.000000,1.000000,1553.000000,438.000000,932.000000,136.000000,161.000000,5.000000,
0.049354,0.999356,0.140930,0.172905,0.386716,0.000424,-206.724575,3.169188,1396044.587892,1161964.889341,2307283.764267,207665.966082,1090450.959722,366.155176,98.041550,209.088612,30.012719,36.015263,85.036038,23.009752,49.020775,7.002968,8.003392,521.220893,140.059357,298.126346,43.018231,51.021623,3.000000,2.000000,3.000000,0.000000,1.000000,0.000000,1.000000,2.000000,0.000000,1.000000,0.000000,1.000000,3.000000,0.000000,1.000000,1553.000000,438.000000,932.000000,136.000000,161.000000,5.000000,
0.049354,0.999356,0.140930,0.172905,0.386716,0.000424,-206.724575,3.169188,1396044.587892,1161964.889341,2307283.764267,207665.966082,1090450.959722,366.155176,98.041550,209.088612,30.012719,36.015263,85.036038,23.009752,49.020775,7.002968,8.003392,521.220893,140.059357,298.126346,43.018231,51.021623,3.000000,2.000000,3.000000,0.000000,1.000000,0.000000,1.000000,2.000000,0.000000,1.000000,0.000000,1.000000,3.000000,0.000000,1.000000,1553.000000,438.000000,932.000000,136.000000,161.000000,5.000000,
0.049354,0.999356,0.140930,0.172905,0.386716,0.000424,-206.724575,3.169188,1396044.587892,1161964.889341,2307283.764267,207665.966082,1090450.959722,366.155176,98.041550,209.088612,30.012719,36.015263,85.036038,23.009752,49.020775,7.002968,8.003392,521.220893,140.059357,298.126346,43.018231,51.021623,3.000000,2.000000,3.000000,0.000000,1.000000,0.000000,1.000000,2.000000,0.000000,1.000000,0.000000,1.000000,3.000000,0.000000,1.000000,1553.000000,438.000000,932.000000,136.000000,161.000000,5.000000,
0.049354,0.999356,0.140930,0.172905,0.386716,0.000424,-206.724575,3.169188,1396044.587892,1161964.889341,2307283.764267,207665.966082,1090450.959722,366.155176,98.041550,209.088612,30.012719,36.015263,85.036038,23.009752,49.020775,7.002968,8.003392,521.220893,140.059357,298.126346,43.018231,51.021623,3.000000,2.000000,3.000000,0.000000,1.000000,0.000000,1.000000,2.000000,0.000000,1.000000,0.000000,1.000000,3.000000,0.000000,1.000000,1553.000000,438.000000,932.000000,136.000000,161.000000,5.000000,
0.049354,0.999356,0.140930,0.172905,0.386716,0.000424,-206.724575,3.169188,1396044.587892,1161964.889341,2307283.764267,207665.966082,1090450.959722,366.155176,98.041550,209.088612,30.012719,36.015263,85.036038,23.009752,49.020775,7.002968,8.003392,521.220893,140.059357,298.126346,43.018231,51.021623,3.000000,2.000000,3.000000,0.000000,1.000000,0.000000,1.000000,2.000000,0.000000,1.000000,0.000000,1.000000,3.000000,0.000000,1.000000,1553.000000,438.000000,932.000000,136.000000,161.000000,5.000000,
0.049354,0.999356,0.140930,0.172905,0.386716,0.000424,-206.724575,3.169188,1396044.587892,1161964.889341,2307283.764267,207665.966082,1090450.959722,366.155176,98.041550,209.088612,30.012719,36.015263,85.036038,23.009752,49.020775,7.002968,8.003392,521.220893,140.059357,298.126346,43.018231,51.021623,3.000000,2.000000,3.000000,0.000000,1.000000,0.000000,1.000000,2.000000,0.000000,1.000000,0.000000,1.000000,3.000000,0.000000,1.000000,1553.000000,438.000000,932.000000,136.000000,161.000000,5.000000,
0.049354,0.999356,0.140930,0.172905,0.386716,0.000424,-206.724575,3.169188,1396044.587892,1161964.889341,2307283.764267,207665.966082,1090450.959722,366.155176,98.041550,209.088612,30.012719,36.015263,85.036038,23.009752,49.020775,7.002968,8.003392,521.220893,140.059357,298.126346,43.018231,51.021623,3.000000,2.000000,3.000000,0.000000,1.000000,0.000000,1.000000,2.000000,0.000000,1.000000,0.000000,1.000000,3.000000,0.000000,1.000000,1553.000000,438.000000,932.000000,136.000000,161.000000,5.000000,
0.049354,0.999356,0.140930,0.172905,0.386716,0.000424,-206.724575,3.169188,1396044.587892,1161964.889341,2307283.764267,207665.966082,1090450.959722,366.155176,98.041550,209.088612,30.012719,36.015263,85.036038,23.009752,49.020775,7.002968,8.003392,521.220893,140.059357,298.126346,43.018231,51.021623,3.000000,2.000000,3.000000,0.000000,1.000000,0.000000,1.000000,2.000000,0.000000,1.000000,0.000000,1.000000,3.000000,0.000000,1.000000,1553.000000,438.000000,932.000000,136.000000,161.000000,5.000000,
0.049354,0.999356,0.140930,0.172905,0.386716,0.000424,-206.724575,3.169188,1396044.587892,1161964.889341,2307283.764267,207665.966082,1090450.959722,366.155176,98.041550,209.088612,30.012719,36.015263,85.036038,23.009752,49.020775,7.002968,8.003392,521.220893,140.059357,298.126346,43.018231,51.021623,3.000000,2.000000,3.000000,0.000000,1.000000,0.000000,1.000000,2.000000,0.000000,1.000000,0.000000,1.000000,3.000000,0.000000,1.000000,1553.000000,438.000000,932.000000,136.000000,161.000000,5.000000,
0.049354,0.999356,0.140930,0.172905,0.386716,0.000424,-206.724575,3.169188,1396044.587892,1161964.889341,2307283.764267,207665.966082,1090450.959722,366.155176,98.041550,209.088612,30.012719,36.015263,85.036038,23.009752,49.020775,7.002968,8.003392,521.220893,140.059357,298.126346,43.018231,51.021623,3.000000,2.000000,3.000000,0.000000,1.000000,0.000000,1.000000,2.000000,0.000000,1.000000,0.000000,1.000000,3.000000,0.000000,1.000000,1553.000000,438.000000,932.000000,136.000000,161.000000,5.000000,
0.049354,0.999356,0.140930,0.172905,0.386716,0.000424,-206.724575,3.169188,1396044.587892,1161964.889341,2307283.764267,207665.966082,1090450.959722,366.155176,98.041550,209.088612,30.012719,36.015263,85.036038,23.009752,49.020775,7.002968,8.003392,521.220893,140.059357,298.126346,43.018231,51.021623,3.000000,2.000000,3.000000,0.000000,1.000000,0.000000,1.000000,2.000000,0.000000,1.000000,0.000000,1.000000,3.000000,0.000000,1.000000,1553.000000,438.000000,932.000000,136.000000,161.000000,5.000000,
0.049354,0.999356,0.140930,0.172905,0.386716,0.000424,-206.724575,3.169188,1396044.587892,1161964.889341,2307283.764267,207665.966082,1090450.959722,366.155176,98.041550,209.088612,30.012719,36.015263,85.036038,23.009752,49.020775,7.002968,8.003392,521.220893,140.059357,298.126346,43.018231,51.021623,3.000000,2.000000,3.000000,0.000000,1.000000,0.000000,1.000000,2.000000,0.000000,1.000000,0.000000,1.000000,3.000000,0.000000,1.000000,1553.000000,438.000000,932.000000,136.000000,161.000000,5.000000,
0.049354,0.999356,0.140930,0.172905,0.386716,0.000424,-206.724575,3.169188,1396044.587892,1161964.889341,2307283.764267,207665.966082,1090450.959722,366.155176,98.041550,209.088612,30.012719,36.015263,85.036038,23.009752,49.020775,7.002968,8.003392,521.220893,140.059357,298.126346,43.018231,51.021623,3.000000,2.000000,3.000000,0.000000,1.000000,0.000000,1.000000,2.000000,0.000000,1.000000,0.000000,1.000000,3.000000,0.000000,1.000000,1553.000000,438.000000,932.000000,136.000000,161.000000,5.000000,
0.049354,0.999356,0.140930,0.172905,0.386716,0.000424,-206.724575,3.169188,1396044.587892,1161964.889341,2307283.764267,207665.966082,1090450.959722,366.155176,98.041550,209.088612,30.012719,36.015263,85.036038,23.009752,49.020775,7.002968,8.003392,521.220893,140.059357,298.126346,43.018231,51.021623,3.000000,2.000000,3.000000,0.000000,1.000000,0.000000,1.000000,2.000000,0.000000,1.000000,0.000000,1.000000,3.000000,0.000000,1.000000,1553.000000,438.000000,932.000000,136.000000,161.000000,5.000000,
0.049354,0.999356,0.140930,0.172905,0.386716,0.000424,-206.724575,3.169188,1396044.587892,1161964.889341,2307283.764267,207665.966082,1090450.959722,366.155176,98.041550,209.088612,30.012719,36.015263,85.036038,23.009752,49.020775,7.002968,8.003392,521.220893,140.059357,298.126346,43.018231,51.021623,3.000000,2.000000,3.000000,0.000000,1.000000,0.000000,1.000000,2.000000,0.000000,1.000000,0.000000,1.000000,3.000000,0.000000,1.000000,1553.000000,438.000000,932.000000,136.000000,161.000000,5.000000,
0.049354,0.999356,0.140930,0.172905,0.386716,0.000424,-206.724575,3.169188,1396044.587892,1161964.889341,2307283.764267,207665.966082,1090450.959722,366.155176,98.041550,209.088612,30.012719,36.015263,85.036038,23.009752,49.020775,7.002968,8.003392,521.220893,140.059357,298.126346,43.018231,51.021623,3.000000,2.000000,3.000000,0.000000,1.000000,0.000000,1.000000,2.000000,0.000000,1.000000,0.000000,1.000000,3.000000,0.000000,1.000000,1553.000000,438.000000,932.000000,136.000000,161.000000,5.000000,
0.049354,0.999356,0.140930,0.172905,0.386716,0.000424,-206.724575,3.169188,1396044.587892,1161964.889341,2307283.764267,207665.966082,1090450.959722,366.155176,98.041550,209.088612,30.012719,36.015263,85.036038,23.009752,49.020775,7.002968,8.003392,521.220893,140.059357,298.126346,43.018231,51.021623,3.000000,2.000000,3.000000,0.000000,1.000000,0.000000,1.000000,2.000000,0.000000,1.000000,0.000000,1.000000,3.000000,0.000000,1.000000,1553.000000,438.000000,932.000000,136.000000,161.000000,5.000000,
0.049354,0.999356,0.140930,0.172905,0.386716,0.000424,-206.724575,3.169188,1396044.587892,1161964.889341,2307283.764267,207665.966082,1090450.959722,366.155176,98.041550,209.088612,30.012719,36.015263,85.036038,23.009752,49.020775,7.002968,8.003392,521.220893,140.059357,298.126346,43.018231,51.021623,3.000000,2.000000,3.000000,0.000000,1.000000,0.000000,1.000000,2.000000,0.000000,1.000000,0.000000,1.000000,3.000000,0.000000,1.000000,1553.000000,438.000000,932.000000,136.000000,161.000000,5.000000,
0.049354,0.999356,0.140930,0.172905,0.386716,0.000424,-206.724575,3.169188,1396044.587892,1161964.889341,2307283.764267,207665.966082,1090450.959722,366.155176,98.041550,209.088612,30.012719,36.015263,85.036038,23.009752,49.020775,7.002968,8.003392,521.220893,140.059357,298.126346,43.018231,51.021623,3.000000,2.000000,3.000000,0.000000,1.000000,0.000000,1.000000,2.000000,0.000000,1.000000,0.000000,1.000000,3.000000,0.000000,1.000000,1553.000000,438.000000,932.000000,136.000000,161.000000,5.000000,
0.049354,0.999356,0.140930,0.172905,0.386716,0.000424,-206.724575,3.169188,1396044.587892,1161964.889341,2307283.764267,207665.966082,1090450.959722,366.155176,98.041550,209.088612,30.012719,36.015263,85.036038,23.009752,49.020775,7.002968,8.003392,521.220893,140.059357,298.126346,43.018231,51.021623,3.000000,2.000000,3.000000,0.000000,1.000000,0.000000,1.000000,2.000000,0.000000,1.000000,0.000000,1.000000,3.000000,0.000000,1.000000,1553.000000,438.000000,932.000000,136.000000,161.000000,5.000000,
0.049413,0.990428,0.140503,0.168929,0.384995,0.000337,-207.737350,3.172046,1396044.672453,1161964.912047,2307283.812638,207665.973041,1090450.967987,366.123336,98.033024,209.070429,30.010109,36.012131,85.028644,23.007751,49.016512,7.002359,8.002696,521.175568,140.047178,298.100421,43.014490,51.017186,3.000000,2.000000,3.000000,0.000000,1.000000,0.000000,1.000000,2.000000,0.000000,1.000000,0.000000,1.000000,3.000000,0.000000,1.000000,1553.000000,438.000000,932.000000,136.000000,161.000000,5.000000,
0.049413,0.990428,0.140503,0.168929,0.384995,0.000337,-207.737350,3.172046,1396044.672453,1161964.912047,2307283.812638,207665.973041,1090450.967987,366.123336,98.033024,209.070429,30.010109,36.012131,85.028644,23.007751,49.016512,7.002359,8.002696,521.175568,140.047178,298.100421,43.014490,51.017186,3.000000,2.000000,3.000000,0.000000,1.000000,0.000000,1.000000,2.000000,0.000000,1.000000,0.000000,1.000000,3.000000,0.000000,1.000000,1553.000000,438.000000,932.000000,136.000000,161.000000,5.000000,
0.049413,0.990428,0.140503,0.168929,0.384995,0.000337,-207.737350,3.172046,1396044.672453,1161964.912047,2307283.812638,207665.973041,1090450.967987,366.123336,98.033024,209.070429,30.010109,36.012131,85.028644,23.007751,49.016512,7.002359,8.002696,521.175568,140.047178,298.100421,43.014490,51.017186,3.000000,2.000000,3.000000,0.000000,1.000000,0.000000,1.000000,2.000000,0.000000,1.000000,0.000000,1.000000,3.000000,0.000000,1.000000,1553.000000,438.000000,932.000000,136.000000,161.000000,5.000000,
0.049413,0.990428,0.140503,0.168929,0.384995,0.000337,-207.737350,3.172046,1396044.672453,1161964.912047,2307283.812638,207665.973041,1090450.967987,366.123336,98.033024,209.070429,30.010109,36.012131,85.028644,23.007751,49.016512,7.002359,8.002696,521.175568,140.047178,298.100421,43.014490,51.017186,3.000000,2.000000,3.000000,0.000000,1.000000,0.000000,1.000000,2.000000,0.000000,1.000000,0.000000,1.000000,3.000000,0.000000,1.000000,1553.000000,438.000000,932.000000,136.000000,161.000000,5.000000,
0.049413,0.990428,0.140503,0.168929,0.384995,0.000337,-207.737350,3.172046,1396044.672453,1161964.912047,2307283.812638,207665.973041,1090450.967987,366.123336,98.033024,209.070429,30.010109,36.012131,85.028644,23.007751,49.016512,7.002359,8.002696,521.175568,140.047178,298.100421,43.014490,51.017186,3.000000,2.000000,3.000000,0.000000,1.000000,0.000000,1.000000,2.000000,0.000000,1.000000,0.000000,1.000000,3.000000,0.000000,1.000000,1553.000000,438.000000,932.000000,136.000000,161.000000,5.000000,
0.049413,0.990428,0.140503,0.168929,0.384995,0.000337,-207.737350,3.172046,1396044.672453,1161964.912047,2307283.812638,207665.973041,1090450.967987,366.123336,98.033024,209.070429,30.010109,36.012131,85.028644,23.007751,49.016512,7.002359,8.002696,521.175568,140.047178,298.100421,43.014490,51.017186,3.000000,2.000000,3.000000,0.000000,1.000000,0.000000,1.000000,2.000000,0.000000,1.000000,0.000000,1.000000,3.000000,0.000000,1.000000,1553.000000,438.000000,932.000000,136.000000,161.000000,5.000000,
0.049413,0.990428,0.140503,0.168929,0.384995,0.000337,-207.737350,3.172046,1396044.672453,1161964.912047,2307283.812638,207665.973041,1090450.967987,366.123336,98.033024,209.070429,30.010109,36.012131,85.028644,23.007751,49.016512,7.002359,8.002696,521.175568,140.047178,298.100421,43.014490,51.017186,3.000000,2.000000,3.000000,0.000000,1.000000,0.000000,1.000000,2.000000,0.000000,1.000000,0.000000,1.000000,3.000000,0.000000,1.000000,1553.000000,438.000000,932.000000,136.000000,161.000000,5.000000,
0.049413,0.990428,0.140503,0.168929,0.384995,0.000337,-207.737350,3.172046,1396044.672453,1161964.912047,2307283.812638,207665.973041,1090450.967987,366.123336,98.033024,209.070429,30.010109,36.012131,85.028644,23.007751,49.016512,7.002359,8.002696,521.175568,140.047178,298.100421,43.014490,51.017186,3.000000,2.000000,3.000000,0.000000,1.000000,0.000000,1.000000,2.000000,0.000000,1.000000,0.000000,1.000000,3.000000,0.000000,1.000000,1553.000000,438.000000,932.000000,136.000000,161.000000,5.000000,
0.049413,0.990428,0.140503,0.168929,0.384995,0.000337,-207.737350,3.172046,1396044.672453,1161964.912047,2307283.812638,207665.973041,1090450.967987,366.123336,98.033024,209.070429,30.010109,36.012131,85.028644,23.007751,49.016512,7.002359,8.002696,521.175568,140.047178,298.100421,43.014490,51.017186,3.000000,2.000000,3.000000,0.000000,1.000000,0.000000,1.000000,2.000000,0.000000,1.000000,0.000000,1.000000,3.000000,0.000000,1.000000,1553.000000,438.000000,932.000000,136.000000,161.000000,5.000000,
0.049413,0.990428,0.140503,0.168929,0.384995,0.000337,-207.737350,3.172046,1396044.672453,1161964.912047,2307283.812638,207665.973041,1090450.967987,366.123336,98.033024,209.070429,30.010109,36.012131,85.028644,23.007751,49.016512,7.002359,8.002696,521.175568,140.047178,298.100421,43.014490,51.017186,3.000000,2.000000,3.000000,0.000000,1.000000,0.000000,1.000000,2.000000,0.000000,1.000000,0.000000,1.000000,3.000000,0.000000,1.000000,1553.000000,438.000000,932.000000,136.000000,161.000000,5.000000,
0.049404,0.980972,0.144361,0.176378,0.340223,0.001531,-209.516651,3.180110,1396043.511551,1161964.600324,2307283.148583,207665.877494,1090450.854524,366.560465,98.150070,209.320047,30.045940,36.055128,85.130163,23.035221,49.075035,7.010719,8.012251,521.797821,140.214386,298.456335,43.065847,51.078098,3.000000,2.000000,3.000000,0.000000,1.000000,0.000000,1.000000,2.000000,0.000000,1.000000,0.000000,1.000000,3.000000,0.000000,1.000000,1553.000000,438.000000,932.000000,136.000000,161.000000,5.000000,
0.049404,0.980972,0.144361,0.176378,0.340223,0.001531,-209.516651,3.180110,1396043.511551,1161964.600324,2307283.148583,207665.877494,1090450.854524,366.560465,98.150070,209.320047,30.045940,36.055128,85.130163,23.035221,49.075035,7.010719,8.012251,521.797821,140.214386,298.456335,43.065847,51.078098,3.000000,2.000000,3.000000,0.000000,1.000000,0.000000,1.000000,2.000000,0.000000,1.000000,0.000000,1.000000,3.000000,0.000000,1.000000,1553.000000,438.000000,932.000000,136.000000,161.000000,5.000000,
0.049404,0.980972,0.144361,0.176378,0.340223,0.001531,-209.516651,3.180110,1396043.511551,1161964.600324,2307283.148583,207665.877494,1090450.854524,366.560465,98.150070,209.320047,30.045940,36.055128,85.130163,23.035221,49.075035,7.010719,8.012251,521.797821,140.214386,298.456335,43.065847,51.078098,3.000000,2.000000,3.000000,0.000000,1.000000,0.000000,1.000000,2.000000,0.000000,1.000000,0.000000,1.000000,3.000000,0.000000,1.000000,1553.000000,438.000000,932.000000,136.000000,161.000000,5.000000,
0.049404,0.980972,0.144361,0.176378,0.340223,0.001531,-209.516651,3.180110,1396043.511551,1161964.600324,2307283.148583,207665.877494,1090450.854524,366.560465,98.150070,209.320047,30.045940,36.055128,85.130163,23.035221,49.075035,7.010719,8.012251,521.797821,140.214386,298.456335,43.065847,51.078098,3.000000,2.000000,3.000000,0.000000,1.000000,0.000000,1.000000,2.000000,0.000000,1.000000,0.000000,1.000000,3.000000,0.000000,1.000000,1553.000000,438.000000,932.000000,136.000000,161.000000,5.000000,
0.049404,0.980972,0.144361,0.176378,0.340223,0.001531,-209.516651,3.180110,1396043.511551,1161964.600324,2307283.148583,207665.877494,1090450.854524,366.560465,98.150070,209.320047,30.045940,36.055128,85.130163,23.035221,49.075035,7.010719,8.012251,521.797821,140.214386,298.456335,43.065847,51.078098,3.000000,2.000000,3.000000,0.000000,1.000000,0.000000,1.000000,2.000000,0.000000,1.000000,0.000000,1.000000,3.000000,0.000000,1.000000,1553.000000,438.000000,932.000000,136.000000,161.000000,5.000000,
0.049404,0.980972,0.144361,0.176378,0.340223,0.001531,-209.516651,3.180110,1396043.511551,1161964.600324,2307283.148583,207665.877494,1090450.854524,366.560465,98.150070,209.320047,30.045940,36.055128,85.130163,23.035221,49.075035,7.010719,8.012251,521.797821,140.214386,298.456335,43.065847,51.078098,3.000000,2.000000,3.000000,0.000000,1.000000,0.000000,1.000000,2.000000,0.000000,1.000000,0.000000,1.000000,3.000000,0.000000,1.000000,1553.000000,438.000000,932.000000,136.000000,161.000000,5.000000,
0.049357,0.992000,0.145890,0.180861,0.327253,0.001336,-206.904735,3.180484,1396043.701336,1161964.651285,2307283.257143,207665.893114,1090450.873073,366.489003,98.130935,209.279239,30.040082,36.048099,85.113566,23.030730,49.065468,7.009353,8.010689,521.696094,140.187050,298.398150,43.057451,51.068140,3.000000,2.000000,3.000000,0.000000,1.000000,0.000000,1.000000,2.000000,0.000000,1.000000,0.000000,1.000000,3.000000,0.000000,1.000000,1553.000000,438.000000,932.000000,136.000000,161.000000,5.000000,
0.049312,0.993788,0.146401,0.196272,0.293748,0.001286,-207.170609,3.178733,1396043.750374,1161964.664452,2307283.285193,207665.897150,1090450.877866,366.470538,98.125991,209.268695,30.038569,36.046282,85.109278,23.029569,49.062996,7.008999,8.010285,521.669810,140.179987,298.383116,43.055282,51.065567,3.000000,2.000000,3.000000,0.000000,1.000000,0.000000,1.000000,2.000000,0.000000,1.000000,0.000000,1.000000,3.000000,0.000000,1.000000,1553.000000,438.000000,932.000000,136.000000,161.000000,5.000000,
0.049312,0.993788,0.146401,0.196272,0.293748,0.001286,-207.170609,3.178733,1396043.750374,1161964.664452,2307283.285193,207665.897150,1090450.877866,366.470538,98.125991,209.268695,30.038569,36.046282,85.109278,23.029569,49.062996,7.008999,8.010285,521.669810,140.179987,298.383116,43.055282,51.065567,3.000000,2.000000,3.000000,0.000000,1.000000,0.000000,1.000000,2.000000,0.000000,1.000000,0.000000,1.000000,3.000000,0.000000,1.000000,1553.000000,438.000000,932.000000,136.000000,161.000000,5.000000,
0.049312,0.993788,0.146401,0.196272,0.293748,0.001286,-207.170609,3.178733,1396043.750374,1161964.664452,2307283.285193,207665.897150,1090450.877866,366.470538,98.125991,209.268695,30.038569,36.046282,85.109278,23.029569,49.062996,7.008999,8.010285,521.669810,140.179987,298.383116,43.055282,51.065567,3.000000,2.000000,3.000000,0.000000,1.000000,0.000000,1.000000,2.000000,0.000000,1.000000,0.000000,1.000000,3.000000,0.000000,1.000000,1553.000000,438.000000,932.000000,136.000000,161.000000,5.000000,
0.049312,0.993788,0.146401,0.196272,0.293748,0.001286,-207.170609,3.178733,1396043.750374,1161964.664452,2307283.285193,207665.897150,1090450.877866,366.470538,98.125991,209.268695,30.038569,36.046282,85.109278,23.029569,49.062996,7.008999,8.010285,521.669810,140.179987,298.383116,43.055282,51.065567,3.000000,2.000000,3.000000,0.000000,1.000000,0.000000,1.000000,2.000000,0.000000,1.000000,0.000000,1.000000,3.000000,0.000000,1.000000,1553.000000,438.000000,932.000000,136.000000,161.000000,5.000000,
0.049280,0.998234,0.147558,0.201650,0.278401,0.001620,-206.318496,3.179231,1396043.425607,1161964.577246,2307283.099421,207665.870420,1090450.846124,366.592827,98.158735,209.338527,30.048592,36.058311,85.137678,23.037254,49.079368,7.011338,8.012958,521.843888,140.226764,298.482684,43.069649,51.082607,3.000000,2.000000,3.000000,0.000000,1.000000,0.000000,1.000000,2.000000,0.000000,1.000000,0.000000,1.000000,3.000000,0.000000,1.000000,1553.000000,438.000000,932.000000,136.000000,161.000000,5.000000,
0.049280,0.998234,0.147558,0.201650,0.278401,0.001620,-206.318496,3.179231,1396043.425607,1161964.577246,2307283.099421,207665.870420,1090450.846124,366.592827,98.158735,209.338527,30.048592,36.058311,85.137678,23.037254,49.079368,7.011338,8.012958,521.843888,140.226764,298.482684,43.069649,51.082607,3.000000,2.000000,3.000000,0.000000,1.000000,0.000000,1.000000,2.000000,0.000000,1.000000,0.000000,1.000000,3.000000,0.000000,1.000000,1553.000000,438.000000,932.000000,136.000000,161.000000,5.000000,
0.049280,0.998234,0.147558,0.201650,0.278401,0.001620,-206.318496,3.179231,1396043.425607,1161964.577246,2307283.099421,207665.870420,1090450.846124,366.592827,98.158735,209.338527,30.048592,36.058311,85.137678,23.037254,49.079368,7.011338,8.012958,521.843888,140.226764,298.482684,43.069649,51.082607,3.000000,2.000000,3.000000,0.000000,1.000000,0.000000,1.000000,2.000000,0.000000,1.000000,0.000000,1.000000,3.000000,0.000000,1.000000,1553.000000,438.000000,932.000000,136.000000,161.000000,5.000000,
0.049271,0.996809,0.143385,0.225098,0.251222,0.002642,-207.752729,3.169379,1396042.432109,1161964.310474,2307282.531124,207665.788651,1090450.749023,366.966922,98.258903,209.552149,30.079256,36.095107,85.224558,23.060763,49.129451,7.018493,8.021135,522.376411,140.369861,298.787275,43.113600,51.134735,3.000000,2.000000,3.000000,0.000000,1.000000,0.000000,1.000000,2.000000,0.000000,1.000000,0.000000,1.000000,3.000000,0.000000,1.000000,1553.000000,438.000000,932.000000,136.000000,161.000000,5.000000,
0.049271,0.996809,0.143385,0.225098,0.251222,0.002642,-207.752729,3.169379,1396042.432109,1161964.310474,2307282.531124,207665.788651,1090450.749023,366.966922,98.258903,209.552149,30.079256,36.095107,85.224558,23.060763,49.129451,7.018493,8.021135,522.376411,140.369861,298.787275,43.113600,51.134735,3.000000,2.000000,3.000000,0.000000,1.000000,0.000000,1.000000,2.000000,0.000000,1.000000,0.000000,1.000000,3.000000,0.000000,1.000000,1553.000000,438.000000,932.000000,136.000000,161.000000,5.000000,
0.049271,0.996809,0.143385,0.225098,0.251222,0.002642,-207.752729,3.169379,1396042.432109,1161964.310474,2307282.531124,207665.788651,1090450.749023,366.966922,98.258903,209.552149,30.079256,36.095107,85.224558,23.060763,49.129451,7.018493,8.021135,522.376411,140.369861,298.787275,43.113600,51.134735,3.000000,2.000000,3.000000,0.000000,1.000000,0.000000,1.000000,2.000000,0.000000,1.000000,0.000000,1.000000,3.000000,0.000000,1.000000,1553.000000,438.000000,932.000000,136.000000,161.000000,5.000000,
0.049271,0.996809,0.143385,0.225098,0.251222,0.002642,-207.752729,3.169379,1396042.432109,1161964.310474,2307282.531124,207665.788651,1090450.749023,366.966922,98.258903,209.552149,30.079256,36.095107,85.224558,23.060763,49.129451,7.018493,8.021135,522.376411,140.369861,298.787275,43.113600,51.134735,3.000000,2.000000,3.000000,0.000000,1.000000,0.000000,1.000000,2.000000,0.000000,1.000000,0.000000,1.000000,3.000000,0.000000,1.000000,1553.000000,438.000000,932.000000,136.000000,161.000000,5.000000,
0.049294,0.992375,0.146872,0.220833,0.234054,0.002166,-208.110100,3.178590,1396042.895043,1161964.434780,2307282.795930,207665.826753,1090450.794269,366.792607,98.212228,209.452609,30.064968,36.077961,85.184075,23.049809,49.106114,7.015159,8.017325,522.128274,140.303183,298.645347,43.093121,51.110445,3.000000,2.000000,3.000000,0.000000,1.000000,0.000000,1.000000,2.000000,0.000000,1.000000,0.000000,1.000000,3.000000,0.000000,1.000000,1553.000000,438.000000,932.000000,136.000000,161.000000,5.000000,
0.049294,0.992375,0.146872,0.220833,0.234054,0.002166,-208.110100,3.178590,1396042.895043,1161964.434780,2307282.795930,207665.826753,1090450.794269,366.792607,98.212228,209.452609,30.064968,36.077961,85.184075,23.049809,49.106114,7.015159,8.017325,522.128274,140.303183,298.645347,43.093121,51.110445,3.000000,2.000000,3.000000,0.000000,1.000000,0.000000,1.000000,2.000000,0.000000,1.000000,0.000000,1.000000,3.000000,0.000000,1.000000,1553.000000,438.000000,932.000000,136.000000,161.000000,5.000000,
0.049294,0.992375,0.146872,0.220833,0.234054,0.002166,-208.110100,3.178590,1396042.895043,1161964.434780,2307282.795930,207665.826753,1090450.794269,366.792607,98.212228,209.452609,30.064968,36.077961,85.184075,23.049809,49.106114,7.015159,8.017325,522.128274,140.303183,298.645347,43.093121,51.110445,3.000000,2.000000,3.000000,0.000000,1.000000,0.000000,1.000000,2.000000,0.000000,1.000000,0.000000,1.000000,3.000000,0.000000,1.000000,1553.000000,438.000000,932.000000,136.000000,161.000000,5.000000,
0.049294,0.992375,0.146872,0.220833,0.234054,0.002166,-208.110100,3.178590,1396042.895043,1161964.434780,2307282.795930,207665.826753,1090450.794269,366.792607,98.212228,209.452609,30.064968,36.077961,85.184075,23.049809,49.106114,7.015159,8.017325,522.128274,140.303183,298.645347,43.093121,51.110445,3.000000,2.000000,3.000000,0.000000,1.000000,0.000000,1.000000,2.000000,0.000000,1.000000,0.000000,1.000000,3.000000,0.000000,1.000000,1553.000000,438.000000,932.000000,136.000000,161.000000,5.000000,
0.049294,0.992375,0.146872,0.220833,0.234054,0.002166,-208.110100,3.178590,1396042.895043,1161964.434780,2307282.795930,207665.826753,1090450.794269,366.792607,98.212228,209.452609,30.064968,36.077961,85.184075,23.049809,49.106114,7.015159,8.017325,522.128274,140.303183,298.645347,43.093121,51.110445,3.000000,2.000000,3.000000,0.000000,1.000000,0.000000,1.000000,2.000000,0.000000,1.000000,0.000000,1.000000,3.000000,0.000000,1.000000,1553.000000,438.000000,932.000000,136.000000,161.000000,5.000000,
0.049294,0.992375,0.146872,0.220833,0.234054,0.002166,-208.110100,3.178590,1396042.895043,1161964.434780,2307282.795930,207665.826753,1090450.794269,366.792607,98.212228,209.452609,30.064968,36.077961,85.184075,23.049809,49.106114,7.015159,8.017325,522.128274,140.303183,298.645347,43.093121,51.110445,3.000000,2.000000,3.000000,0.000000,1.000000,0.000000,1.000000,2.000000,0.000000,1.000000,0.000000,1.000000,3.000000,0.000000,1.000000,1553.000000,438.000000,932.000000,136.000000,161.000000,5.000000,
0.049294,0.992375,0.146872,0.220833,0.234054,0.002166,-208.110100,3.178590,1396042.895043,1161964.434780,2307282.795930,207665.826753,1090450.794269,366.792607,98.212228,209.452609,30.064968,36.077961,85.184075,23.049809,49.106114,7.015159,8.017325,522.128274,140.303183,298.645347,43.093121,51.110445,3.000000,2.000000,3.000000,0.000000,1.000000,0.000000,1.000000,2.000000,0.000000,1.000000,0.000000,1.000000,3.000000,0.000000,1.000000,1553.000000,438.000000,932.000000,136.000000,161.000000,5.000000,
0.049294,0.992375,0.146872,0.220833,0.234054,0.002166,-208.110100,3.178590,1396042.895043,1161964.434780,2307282.795930,207665.826753,1090450.794269,366.792607,98.212228,209.452609,30.064968,36.077961,85.184075,23.049809,49.106114,7.015159,8.017325,522.128274,140.303183,298.645347,43.093121,51.110445,3.000000,2.000000,3.000000,0.000000,1.000000,0.000000,1.000000,2.000000,0.000000,1.000000,0.000000,1.000000,3.000000,0.000000,1.000000,1553.000000,438.000000,932.000000,136.000000,161.000000,5.000000,
0.049294,0.998439,0.146081,0.197338,0.301495,0.001983,-206.572224,3.176842,1396043.072543,1161964.482442,2307282.897463,207665.841362,1090450.811617,366.725771,98.194332,209.414443,30.059489,36.071387,85.168553,23.045609,49.097166,7.013881,8.015864,522.033133,140.277617,298.590928,43.085268,51.101132,3.000000,2.000000,3.000000,0.000000,1.000000,0.000000,1.000000,2.000000,0.000000,1.000000,0.000000,1.000000,3.000000,0.000000,1.000000,1553.000000,438.000000,932.000000,136.000000,161.000000,5.000000,
0.049294,0.998439,0.146081,0.197338,0.301495,0.001983,-206.572224,3.176842,1396043.072543,1161964.482442,2307282.897463,207665.841362,1090450.811617,366.725771,98.194332,209.414443,30.059489,36.071387,85.168553,23.045609,49.097166,7.013881,8.015864,522.033133,140.277617,298.590928,43.085268,51.101132,3.000000,2.000000,3.000000,0.000000,1.000000,0.000000,1.000000,2.000000,0.000000,1.000000,0.000000,1.000000,3.000000,0.000000,1.000000,1553.000000,438.000000,932.000000,136.000000,161.000000,5.000000,
0.049294,0.998439,0.146081,0.197338,0.301495,0.001983,-206.572224,3.176842,1396043.072543,1161964.482442,2307282.897463,207665.841362,1090450.811617,366.725771,98.194332,209.414443,30.059489,36.071387,85.168553,23.045609,49.097166,7.013881,8.015864,522.033133,140.277617,298.590928,43.085268,51.101132,3.000000,2.000000,3.000000,0.000000,1.000000,0.000000,1.000000,2.000000,0.000000,1.000000,0.000000,1.000000,3.000000,0.000000,1.000000,1553.000000,438.000000,932.000000,136.000000,161.000000,5.000000,
0.049294,0.998439,0.146081,0.197338,0.301495,0.001983,-206.572224,3.176842,1396043.072543,1161964.482442,2307282.897463,207665.841362,1090450.811617,366.725771,98.194332,209.414443,30.059489,36.071387,85.168553,23.045609,49.097166,7.013881,8.015864,522.033133,140.277617,298.590928,43.085268,51.101132,3.000000,2.000000,3.000000,0.000000,1.000000,0.000000,1.000000,2.000000,0.000000,1.000000,0.000000,1.000000,3.000000,0.000000,1.000000,1553.000000,438.000000,932.000000,136.000000,161.000000,5.000000,
0.049294,0.998439,0.146081,0.197338,0.301495,0.001983,-206.572224,3.176842,1396043.072543,1161964.482442,2307282.897463,207665.841362,1090450.811617,366.725771,98.194332,209.414443,30.059489,36.071387,85.168553,23.045609,49.097166,7.013881,8.015864,522.033133,140.277617,298.590928,43.085268,51.101132,3.000000,2.000000,3.000000,0.000000,1.000000,0.000000,1.000000,2.000000,0.000000,1.000000,0.000000,1.000000,3.000000,0.000000,1.000000,1553.000000,438.000000,932.000000,136.000000,161.000000,5.000000,
0.049294,0.998439,0.146081,0.197338,0.301495,0.001983,-206.572224,3.176842,1396043.072543,1161964.482442,2307282.897463,207665.841362,1090450.811617,366.725771,98.194332,209.414443,30.059489,36.071387,85.168553,23.045609,49.097166,7.013881,8.015864,522.033133,140.277617,298.590928,43.085268,51.101132,3.000000,2.000000,3.000000,0.000000,1.000000,0.000000,1.000000,2.000000,0.000000,1.000000,0.000000,1.000000,3.000000,0.000000,1.000000,1553.000000,438.000000,932.000000,136.000000,161.000000,5.000000,
0.049294,0.998439,0.146081,0.197338,0.301495,0.001983,-206.572224,3.176842,1396043.072543,1161964.482442,2307282.897463,207665.841362,1090450.811617,366.725771,98.194332,209.414443,30.059489,36.071387,85.168553,23.045609,49.097166,7.013881,8.015864,522.033133,140.277617,298.590928,43.085268,51.101132,3.000000,2.000000,3.000000,0.000000,1.000000,0.000000,1.000000,2.000000,0.000000,1.000000,0.000000,1.000000,3.000000,0.000000,1.000000,1553.000000,438.000000,932.000000,136.000000,161.000000,5.000000,
0.049294,0.998439,0.146081,0.197338,0.301495,0.001983,-206.572224,3.176842,1396043.072543,1161964.482442,2307282.897463,207665.841362,1090450.811617,366.725771,98.194332,209.414443,30.059489,36.071387,85.168553,23.045609,49.097166,7.013881,8.015864,522.033133,140.277617,298.590928,43.085268,51.101132,3.000000,2.000000,3.000000,0.000000,1.000000,0.000000,1.000000,2.000000,0.000000,1.000000,0.000000,1.000000,3.000000,0.000000,1.000000,1553.000000,438.000000,932.000000,136.000000,161.000000,5.000000,
0.049294,0.998439,0.146081,0.197338,0.301495,0.001983,-206.572224,3.176842,1396043.072543,1161964.482442,2307282.897463,207665.841362,1090450.811617,366.725771,98.194332,209.414443,30.059489,36.071387,85.168553,23.045609,49.097166,7.013881,8.015864,522.033133,140.277617,298.590928,43.085268,51.101132,3.000000,2.000000,3.000000,0.000000,1.000000,0.000000,1.000000,2.000000,0.000000,1.000000,0.000000,1.000000,3.000000,0.000000,1.000000,1553.000000,438.000000,932.000000,136.000000,161.000000,5.000000,
0.049294,0.998439,0.146081,0.197338,0.301495,0.001983,-206.572224,3.176842,1396043.072543,1161964.482442,2307282.897463,207665.841362,1090450.811617,366.725771,98.194332,209.414443,30.059489,36.071387,85.168553,23.045609,49.097166,7.013881,8.015864,522.033133,140.277617,298.590928,43.085268,51.101132,3.000000,2.000000,3.000000,0.000000,1.000000,0.000000,1.000000,2.000000,0.000000,1.000000,0.000000,1.000000,3.000000,0.000000,1.000000,1553.000000,438.000000,932.000000,136.000000,161.000000,5.000000,
0.049294,0.998439,0.146081,0.197338,0.301495,0.001983,-206.572224,3.176842,1396043.072543,1161964.482442,2307282.897463,207665.841362,1090450.811617,366.725771,98.194332,209.414443,30.059489,36.071387,85.168553,23.045609,49.097166,7.013881,8.015864,522.033133,140.277617,298.590928,43.085268,51.101132,3.000000,2.000000,3.000000,0.000000,1.000000,0.000000,1.000000,2.000000,0.000000,1.000000,0.000000,1.000000,3.000000,0.000000,1.000000,1553.000000,438.000000,932.000000,136.000000,161.000000,5.000000,
0.049294,0.998439,0.146081,0.197338,0.301495,0.001983,-206.572224,3.176842,1396043.072543,1161964.482442,2307282.897463,207665.841362,1090450.811617,366.725771,98.194332,209.414443,30.059489,36.071387,85.168553,23.045609,49.097166,7.013881,8.015864,522.033133,140.277617,298.590928,43.085268,51.101132,3.000000,2.000000,3.000000,0.000000,1.000000,0.000000,1.000000,2.000000,0.000000,1.000000,0.000000,1.000000,3.000000,0.000000,1.000000,1553.000000,438.000000,932.000000,136.000000,161.000000,5.000000,
0.049294,0.998439,0.146081,0.197338,0.301495,0.001983,-206.572224,3.176842,1396043.072543,1161964.482442,2307282.897463,207665.841362,1090450.811617,366.725771,98.194332,209.414443,30.059489,36.071387,85.168553,23.045609,49.097166,7.013881,8.015864,522.033133,140.277617,298.590928,43.085268,51.101132,3.000000,2.000000,3.000000,0.000000,1.000000,0.000000,1.000000,2.000000,0.000000,1.000000,0.000000,1.000000,3.000000,0.000000,1.000000,1553.000000,438.000000,932.000000,136.000000,161.000000,5.000000,
0.049294,0.998439,0.146081,0.197338,0.301495,0.001983,-206.572224,3.176842,1396043.072543,1161964.482442,2307282.897463,207665.841362,1090450.811617,366.725771,98.194332,209.414443,30.059489,36.071387,85.168553,23.045609,49.097166,7.013881,8.015864,522.033133,140.277617,298.590928,43.085268,51.101132,3.000000,2.000000,3.000000,0.000000,1.000000,0.000000,1.000000,2.000000,0.000000,1.000000,0.000000,1.000000,3.000000,0.000000,1.000000,1553.000000,438.000000,932.000000,136.000000,161.000000,5.000000,
0.049294,0.998439,0.146081,0.197338,0.301495,0.001983,-206.572224,3.176842,1396043.072543,1161964.482442,2307282.897463,207665.841362,1090450.811617,366.725771,98.194332,209.414443,30.059489,36.071387,85.168553,23.045609,49.097166,7.013881,8.015864,522.033133,140.277617,298.590928,43.085268,51.101132,3.000000,2.000000,3.000000,0.000000,1.000000,0.000000,1.000000,2.000000,0.000000,1.000000,0.000000,1.000000,3.000000,0.000000,1.000000,1553.000000,438.000000,932.000000,136.000000,161.000000,5.000000,
0.049359,0.989581,0.144948,0.186985,0.317316,0.000881,-207.705565,3.178478,1396044.144032,1161964.770157,2307283.510372,207665.929550,1090450.916341,366.322309,98.086301,209.184051,30.026419,36.031703,85.074853,23.020254,49.043151,7.006164,8.007045,521.458806,140.123288,298.262426,43.037867,51.044912,3.000000,2.000000,3.000000,0.000000,1.000000,0.000000,1.000000,2.000000,0.000000,1.000000,0.000000,1.000000,3.000000,0.000000,1.000000,1553.000000,438.000000,932.000000,136.000000,161.000000,5.000000,
0.049359,0.989581,0.144948,0.186985,0.317316,0.000881,-207.705565,3.178478,1396044.144032,1161964.770157,2307283.510372,207665.929550,1090450.916341,366.322309,98.086301,209.184051,30.026419,36.031703,85.074853,23.020254,49.043151,7.006164,8.007045,521.458806,140.123288,298.262426,43.037867,51.044912,3.000000,2.000000,3.000000,0.000000,1.000000,0.000000,1.000000,2.000000,0.000000,1.000000,0.000000,1.000000,3.000000,0.000000,1.000000,1553.000000,438.000000,932.000000,136.000000,161.000000,5.000000,
0.049359,0.989581,0.144948,0.186985,0.317316,0.000881,-207.705565,3.178478,1396044.144032,1161964.770157,2307283.510372,207665.929550,1090450.916341,366.322309,98.086301,209.184051,30.026419,36.031703,85.074853,23.020254,49.043151,7.006164,8.007045,521.458806,140.123288,298.262426,43.037867,51.044912,3.000000,2.000000,3.000000,0.000000,1.000000,0.000000,1.000000,2.000000,0.000000,1.000000,0.000000,1.000000,3.000000,0.000000,1.000000,1553.000000,438.000000,932.000000,136.000000,161.000000,5.000000,
0.049359,0.989581,0.144948,0.186985,0.317316,0.000881,-207.705565,3.178478,1396044.144032,1161964.770157,2307283.510372,207665.929550,1090450.916341,366.322309,98.086301,209.184051,30.026419,36.031703,85.074853,23.020254,49.043151,7.006164,8.007045,521.458806,140.123288,298.262426,43.037867,51.044912,3.000000,2.000000,3.000000,0.000000,1.000000,0.000000,1.000000,2.000000,0.000000,1.000000,0.000000,1.000000,3.000000,0.000000,1.000000,1553.000000,438.000000,932.000000,136.000000,161.000000,5.000000,
0.049359,0.989581,0.144948,0.186985,0.317316,0.000881,-207.705565,3.178478,1396044.144032,1161964.770157,2307283.510372,207665.929550,1090450.916341,366.322309,98.086301,209.184051,30.026419,36.031703,85.074853,23.020254,49.043151,7.006164,8.007045,521.458806,140.123288,298.262426,43.037867,51.044912,3.000000,2.000000,3.000000,0.000000,1.000000,0.000000,1.000000,2.000000,0.000000,1.000000,0.000000,1.000000,3.000000,0.000000,1.000000,1553.000000,438.000000,932.000000,136.000000,161.000000,5.000000,
0.049359,0.989581,0.144948,0.186985,0.317316,0.000881,-207.705565,3.178478,1396044.144032,1161964.770157,2307283.510372,207665.929550,1090450.916341,366.322309,98.086301,209.184051,30.026419,36.031703,85.074853,23.020254,49.043151,7.006164,8.007045,521.458806,140.123288,298.262426,43.037867,51.044912,3.000000,2.000000,3.000000,0.000000,1.000000,0.000000,1.000000,2.000000,0.000000,1.000000,0.000000,1.000000,3.000000,0.000000,1.000000,1553.000000,438.000000,932.000000,136.000000,161.000000,5.000000,
0.049359,0.989581,0.144948,0.186985,0.317316,0.000881,-207.705565,3.178478,1396044.144032,1161964.770157,2307283.510372,207665.929550,1090450.916341,366.322309,98.086301,209.184051,30.026419,36.031703,85.074853,23.020254,49.043151,7.006164,8.007045,521.458806,140.123288,298.262426,43.037867,51.044912,3.000000,2.000000,3.000000,0.000000,1.000000,0.000000,1.000000,2.000000,0.000000,1.000000,0.000000,1.000000,3.000000,0.000000,1.000000,1553.000000,438.000000,932.000000,136.000000,161.000000,5.000000,
0.049354,0.996213,0.142231,0.198351,0.310741,0.000337,-206.656895,3.172105,1396044.672567,1161964.912078,2307283.812703,207665.973051,1090450.967998,366.123293,98.033013,209.070405,30.010106,36.012127,85.028634,23.007748,49.016506,7.002358,8.002695,521.175507,140.047161,298.100386,43.014485,51.017180,3.000000,2.000000,3.000000,0.000000,1.000000,0.000000,1.000000,2.000000,0.000000,1.000000,0.000000,1.000000,3.000000,0.000000,1.000000,1553.000000,438.000000,932.000000,136.000000,161.000000,5.000000,
0.049354,0.996213,0.142231,0.198351,0.310741,0.000337,-206.656895,3.172105,1396044.672567,1161964.912078,2307283.812703,207665.973051,1090450.967998,366.123293,98.033013,209.070405,30.010106,36.012127,85.028634,23.007748,49.016506,7.002358,8.002695,521.175507,140.047161,298.100386,43.014485,51.017180,3.000000,2.000000,3.000000,0.000000,1.000000,0.000000,1.000000,2.000000,0.000000,1.000000,0.000000,1.000000,3.000000,0.000000,1.000000,1553.000000,438.000000,932.000000,136.000000,161.000000,5.000000,
0.049354,0.996213,0.142231,0.198351,0.310741,0.000337,-206.656895,3.172105,1396044.672567,1161964.912078,2307283.812703,207665.973051,1090450.967998,366.123293,98.033013,209.070405,30.010106,36.012127,85.028634,23.007748,49.016506,7.002358,8.002695,521.175507,140.047161,298.100386,43.014485,51.017180,3.000000,2.000000,3.000000,0.000000,1.000000,0.000000,1.000000,2.000000,0.000000,1.000000,0.000000,1.000000,3.000000,0.000000,1.000000,1553.000000,438.000000,932.000000,136.000000,161.000000,5.000000,
0.049354,0.996213,0.142231,0.198351,0.310741,0.000337,-206.656895,3.172105,1396044.672567,1161964.912078,2307283.812703,207665.973051,1090450.967998,366.123293,98.033013,209.070405,30.010106,36.012127,85.028634,23.007748,49.016506,7.002358,8.002695,521.175507,140.047161,298.100386,43.014485,51.017180,3.000000,2.000000,3.000000,0.000000,1.000000,0.000000,1.000000,2.000000,0.000000,1.000000,0.000000,1.000000,3.000000,0.000000,1.000000,1553.000000,438.000000,932.000000,136.000000,161.000000,5.000000,
0.049354,0.996213,0.142231,0.198351,0.310741,0.000337,-206.656895,3.172105,1396044.672567,1161964.912078,2307283.812703,207665.973051,1090450.967998,366.123293,98.033013,209.070405,30.010106,36.012127,85.028634,23.007748,49.016506,7.002358,8.002695,521.175507,140.047161,298.100386,43.014485,51.017180,3.000000,2.000000,3.000000,0.000000,1.000000,0.000000,1.000000,2.000000,0.000000,1.000000,0.000000,1.000000,3.000000,0.000000,1.000000,1553.000000,438.000000,932.000000,136.000000,161.000000,5.000000,
0.049354,0.996213,0.142231,0.198351,0.310741,0.000337,-206.656895,3.172105,1396044.672567,1161964.912078,2307283.812703,207665.973051,1090450.967998,366.123293,98.033013,209.070405,30.010106,36.012127,85.028634,23.007748,49.016506,7.002358,8.002695,521.175507,140.047161,298.100386,43.014485,51.017180,3.000000,2.000000,3.000000,0.000000,1.000000,0.000000,1.000000,2.000000,0.000000,1.000000,0.000000,1.000000,3.000000,0.000000,1.000000,1553.000000,438.000000,932.000000,136.000000,161.000000,5.000000,
0.049354,0.996213,0.142231,0.198351,0.310741,0.000337,-206.656895,3.172105,1396044.672567,1161964.912078,2307283.812703,207665.973051,1090450.967998,366.123293,98.033013,209.070405,30.010106,36.012127,85.028634,23.007748,49.016506,7.002358,8.002695,521.175507,140.047161,298.100386,43.014485,51.017180,3.000000,2.000000,3.000000,0.000000,1.000000,0.000000,1.000000,2.000000,0.000000,1.000000,0.000000,1.000000,3.000000,0.000000,1.000000,1553.000000,438.000000,932.000000,136.000000,161.000000,5.000000,
0.049354,0.996213,0.142231,0.198351,0.310741,0.000337,-206.656895,3.172105,1396044.672567,1161964.912078,2307283.812703,207665.973051,1090450.967998,366.123293,98.033013,209.070405,30.010106,36.012127,85.028634,23.007748,49.016506,7.002358,8.002695,521.175507,140.047161,298.100386,43.014485,51.017180,3.000000,2.000000,3.000000,0.000000,1.000000,0.000000,1.000000,2.000000,0.000000,1.000000,0.000000,1.000000,3.000000,0.000000,1.000000,1553.000000,438.000000,932.000000,136.000000,161.000000,5.000000,
0.049354,0.996213,0.142231,0.198351,0.310741,0.000337,-206.656895,3.172105,1396044.672567,1161964.912078,2307283.812703,207665.973051,1090450.967998,366.123293,98.033013,209.070405,30.010106,36.012127,85.028634,23.007748,49.016506,7.002358,8.002695,521.175507,140.047161,298.100386,43.014485,51.017180,3.000000,2.000000,3.000000,0.000000,1.000000,0.000000,1.000000,2.000000,0.000000,1.000000,0.000000,1.000000,3.000000,0.000000,1.000000,1553.000000,438.000000,932.000000,136.000000,161.000000,5.000000,
0.049354,0.996213,0.142231,0.198351,0.310741,0.000337,-206.656895,3.172105,1396044.672567,1161964.912078,2307283.812703,207665.973051,1090450.967998,366.123293,98.033013,209.070405,30.010106,36.012127,85.028634,23.007748,49.016506,7.002358,8.002695,521.175507,140.047161,298.100386,43.014485,51.017180,3.000000,2.000000,3.000000,0.000000,1.000000,0.000000,1.000000,2.000000,0.000000,1.000000,0.000000,1.000000,3.000000,0.000000,1.000000,1553.000000,438.000000,932.000000,136.000000,161.000000,5.000000,
0.049354,0.996213,0.142231,0.198351,0.310741,0.000337,-206.656895,3.172105,1396044.672567,1161964.912078,2307283.812703,207665.973051,1090450.967998,366.123293,98.033013,209.070405,30.010106,36.012127,85.028634,23.007748,49.016506,7.002358,8.002695,521.175507,140.047161,298.100386,43.014485,51.017180,3.000000,2.000000,3.000000,0.000000,1.000000,0.000000,1.000000,2.000000,0.000000,1.000000,0.000000,1.000000,3.000000,0.000000,1.000000,1553.000000,438.000000,932.000000,136.000000,161.000000,5.000000,
0.049354,0.996213,0.142231,0.198351,0.310741,0.000337,-206.656895,3.172105,1396044.672567,1161964.912078,2307283.812703,207665.973051,1090450.967998,366.123293,98.033013,209.070405,30.010106,36.012127,85.028634,23.007748,49.016506,7.002358,8.002695,521.175507,140.047161,298.100386,43.014485,51.017180,3.000000,2.000000,3.000000,0.000000,1.000000,0.000000,1.000000,2.000000,0.000000,1.000000,0.000000,1.000000,3.000000,0.000000,1.000000,1553.000000,438.000000,932.000000,136.000000,161.000000,5.000000,
0.049354,0.996213,0.142231,0.198351,0.310741,0.000337,-206.656895,3.172105,1396044.672567,1161964.912078,2307283.812703,207665.973051,1090450.967998,366.123293,98.033013,209.070405,30.010106,36.012127,85.028634,23.007748,49.016506,7.002358,8.002695,521.175507,140.047161,298.100386,43.014485,51.017180,3.000000,2.000000,3.000000,0.000000,1.000000,0.000000,1.000000,2.000000,0.000000,1.000000,0.000000,1.000000,3.000000,0.000000,1.000000,1553.000000,438.000000,932.000000,136.000000,161.000000,5.000000,
0.049354,0.996213,0.142231,0.198351,0.310741,0.000337,-206.656895,3.172105,1396044.672567,1161964.912078,2307283.812703,207665.973051,1090450.967998,366.123293,98.033013,209.070405,30.010106,36.012127,85.028634,23.007748,49.016506,7.002358,8.002695,521.175507,140.047161,298.100386,43.014485,51.017180,3.000000,2.000000,3.000000,0.000000,1.000000,0.000000,1.000000,2.000000,0.000000,1.000000,0.000000,1.000000,3.000000,0.000000,1.000000,1553.000000,438.000000,932.000000,136.000000,161.000000,5.000000,
0.049354,0.996213,0.142231,0.198351,0.310741,0.000337,-206.656895,3.172105,1396044.672567,1161964.912078,2307283.812703,207665.973051,1090450.967998,366.123293,98.033013,209.070405,30.010106,36.012127,85.028634,23.007748,49.016506,7.002358,8.002695,521.175507,140.047161,298.100386,43.014485,51.017180,3.000000,2.000000,3.000000,0.000000,1.000000,0.000000,1.000000,2.000000,0.000000,1.000000,0.000000,1.000000,3.000000,0.000000,1.000000,1553.000000,438.000000,932.000000,136.000000,161.000000,5.000000,
0.049354,0.996213,0.142231,0.198351,0.310741,0.000337,-206.656895,3.172105,1396044.672567,1161964.912078,2307283.812703,207665.973051,1090450.967998,366.123293,98.033013,209.070405,30.010106,36.012127,85.028634,23.007748,49.016506,7.002358,8.002695,521.175507,140.047161,298.100386,43.014485,51.017180,3.000000,2.000000,3.000000,0.000000,1.000000,0.000000,1.000000,2.000000,0.000000,1.000000,0.000000,1.000000,3.000000,0.000000,1.000000,1553.000000,438.000000,932.000000,136.000000,161.000000,5.000000,
0.049354,0.996213,0.142231,0.198351,0.310741,0.000337,-206.656895,3.172105,1396044.672567,1161964.912078,2307283.812703,207665.973051,1090450.967998,366.123293,98.033013,209.070405,30.010106,36.012127,85.028634,23.007748,49.016506,7.002358,8.002695,521.175507,140.047161,298.100386,43.014485,51.017180,3.000000,2.000000,3.000000,0.000000,1.000000,0.000000,1.000000,2.000000,0.000000,1.000000,0.000000,1.000000,3.000000,0.000000,1.000000,1553.000000,438.000000,932.000000,136.000000,161.000000,5.000000,
0.049354,0.996213,0.142231,0.198351,0.310741,0.000337,-206.656895,3.172105,1396044.672567,1161964.912078,2307283.812703,207665.973051,1090450.967998,366.123293,98.033013,209.070405,30.010106,36.012127,85.028634,23.007748,49.016506,7.002358,8.002695,521.175507,140.047161,298.100386,43.014485,51.017180,3.000000,2.000000,3.000000,0.000000,1.000000,0.000000,1.000000,2.000000,0.000000,1.000000,0.000000,1.000000,3.000000,0.000000,1.000000,1553.000000,438.000000,932.000000,136.000000,161.000000,5.000000,
0.049354,0.996213,0.142231,0.198351,0.310741,0.000337,-206.656895,3.172105,1396044.672567,1161964.912078,2307283.812703,207665.973051,1090450.967998,366.123293,98.033013,209.070405,30.010106,36.012127,85.028634,23.007748,49.016506,7.002358,8.002695,521.175507,140.047161,298.100386,43.014485,51.017180,3.000000,2.000000,3.000000,0.000000,1.000000,0.000000,1.000000,2.000000,0.000000,1.000000,0.000000,1.000000,3.000000,0.000000,1.000000,1553.000000,438.000000,932.000000,136.000000,161.000000,5.000000,
0.049354,0.996213,0.142231,0.198351,0.310741,0.000337,-206.656895,3.172105,1396044.672567,1161964.912078,2307283.812703,207665.973051,1090450.967998,366.123293,98.033013,209.070405,30.010106,36.012127,85.028634,23.007748,49.016506,7.002358,8.002695,521.175507,140.047161,298.100386,43.014485,51.017180,3.000000,2.000000,3.000000,0.000000,1.000000,0.000000,1.000000,2.000000,0.000000,1.000000,0.000000,1.000000,3.000000,0.000000,1.000000,1553.000000,438.000000,932.000000,136.000000,161.000000,5.000000,
0.049354,0.996213,0.142231,0.198351,0.310741,0.000337,-206.656895,3.172105,1396044.672567,1161964.912078,2307283.812703,207665.973051,1090450.967998,366.123293,98.033013,209.070405,30.010106,36.012127,85.028634,23.007748,49.016506,7.002358,8.002695,521.175507,140.047161,298.100386,43.014485,51.017180,3.000000,2.000000,3.000000,0.000000,1.000000,0.000000,1.000000,2.000000,0.000000,1.000000,0.000000,1.000000,3.000000,0.000000,1.000000,1553.000000,438.000000,932.000000,136.000000,161.000000,5.000000,
0.049354,0.996213,0.142231,0.198351,0.310741,0.000337,-206.656895,3.172105,1396044.672567,1161964.912078,2307283.812703,207665.973051,1090450.967998,366.123293,98.033013,209.070405,30.010106,36.012127,85.028634,23.007748,49.016506,7.002358,8.002695,521.175507,140.047161,298.100386,43.014485,51.017180,3.000000,2.000000,3.000000,0.000000,1.000000,0.000000,1.000000,2.000000,0.000000,1.000000,0.000000,1.000000,3.000000,0.000000,1.000000,1553.000000,438.000000,932.000000,136.000000,161.000000,5.000000,
0.049354,0.996213,0.142231,0.198351,0.310741,0.000337,-206.656895,3.172105,1396044.672567,1161964.912078,2307283.812703,207665.973051,1090450.967998,366.123293,98.033013,209.070405,30.010106,36.012127,85.028634,23.007748,49.016506,7.002358,8.002695,521.175507,140.047161,298.100386,43.014485,51.017180,3.000000,2.000000,3.000000,0.000000,1.000000,0.000000,1.000000,2.000000,0.000000,1.000000,0.000000,1.000000,3.000000,0.000000,1.000000,1553.000000,438.000000,932.000000,136.000000,161.000000,5.000000,
0.049354,0.996213,0.142231,0.198351,0.310741,0.000337,-206.656895,3.172105,1396044.672567,1161964.912078,2307283.812703,207665.973051,1090450.967998,366.123293,98.033013,209.070405,30.010106,36.012127,85.028634,23.007748,49.016506,7.002358,8.002695,521.175507,140.047161,298.100386,43.014485,51.017180,3.000000,2.000000,3.000000,0.000000,1.000000,0.000000,1.000000,2.000000,0.000000,1.000000,0.000000,1.000000,3.000000,0.000000,1.000000,1553.000000,438.000000,932.000000,136.000000,161.000000,5.000000,
0.049354,0.996213,0.142231,0.198351,0.310741,0.000337,-206.656895,3.172105,1396044.672567,1161964.912078,2307283.812703,207665.973051,1090450.967998,366.123293,98.033013,209.070405,30.010106,36.012127,85.028634,23.007748,49.016506,7.002358,8.002695,521.175507,140.047161,298.100386,43.014485,51.017180,3.000000,2.000000,3.000000,0.000000,1.000000,0.000000,1.000000,2.000000,0.000000,1.000000,0.000000,1.000000,3.000000,0.000000,1.000000,1553.000000,438.000000,932.000000,136.000000,161.000000,5.000000,
0.049354,0.996213,0.142231,0.198351,0.310741,0.000337,-206.656895,3.172105,1396044.672567,1161964.912078,2307283.812703,207665.973051,1090450.967998,366.123293,98.033013,209.070405,30.010106,36.012127,85.028634,23.007748,49.016506,7.002358,8.002695,521.175507,140.047161,298.100386,43.014485,51.017180,3.000000,2.000000,3.000000,0.000000,1.000000,0.000000,1.000000,2.000000,0.000000,1.000000,0.000000,1.000000,3.000000,0.000000,1.000000,1553.000000,438.000000,932.000000,136.000000,161.000000,5.000000,
0.049354,0.996213,0.142231,0.198351,0.310741,0.000337,-206.656895,3.172105,1396044.672567,1161964.912078,2307283.812703,207665.973051,1090450.967998,366.123293,98.033013,209.070405,30.010106,36.012127,85.028634,23.007748,49.016506,7.002358,8.002695,521.175507,140.047161,298.100386,43.014485,51.017180,3.000000,2.000000,3.000000,0.000000,1.000000,0.000000,1.000000,2.000000,0.000000,1.000000,0.000000,1.000000,3.000000,0.000000,1.000000,1553.000000,438.000000,932.000000,136.000000,161.000000,5.000000,
0.049354,0.996213,0.142231,0.198351,0.310741,0.000337,-206.656895,3.172105,1396044.672567,1161964.912078,2307283.812703,207665.973051,1090450.967998,366.123293,98.033013,209.070405,30.010106,36.012127,85.028634,23.007748,49.016506,7.002358,8.002695,521.175507,140.047161,298.100386,43.014485,51.017180,3.000000,2.000000,3.000000,0.000000,1.000000,0.000000,1.000000,2.000000,0.000000,1.000000,0.000000,1.000000,3.000000,0.000000,1.000000,1553.000000,438.000000,932.000000,136.000000,161.000000,5.000000,
0.049354,0.996213,0.142231,0.198351,0.310741,0.000337,-206.656895,3.172105,1396044.672567,1161964.912078,2307283.812703,207665.973051,1090450.967998,366.123293,98.033013,209.070405,30.010106,36.012127,85.028634,23.007748,49.016506,7.002358,8.002695,521.175507,140.047161,298.100386,43.014485,51.017180,3.000000,2.000000,3.000000,0.000000,1.000000,0.000000,1.000000,2.000000,0.000000,1.000000,0.000000,1.000000,3.000000,0.000000,1.000000,1553.000000,438.000000,932.000000,136.000000,161.000000,5.000000,
0.049354,0.996213,0.142231,0.198351,0.310741,0.000337,-206.656895,3.172105,1396044.672567,1161964.912078,2307283.812703,207665.973051,1090450.967998,366.123293,98.033013,209.070405,30.010106,36.012127,85.028634,23.007748,49.016506,7.002358,8.002695,521.175507,140.047161,298.100386,43.014485,51.017180,3.000000,2.000000,3.000000,0.000000,1.000000,0.000000,1.000000,2.000000,0.000000,1.000000,0.000000,1.000000,3.000000,0.000000,1.000000,1553.000000,438.000000,932.000000,136.000000,161.000000,5.000000,
0.049354,0.996213,0.142231,0.198351,0.310741,0.000337,-206.656895,3.172105,1396044.672567,1161964.912078,2307283.812703,207665.973051,1090450.967998,366.123293,98.033013,209.070405,30.010106,36.012127,85.028634,23.007748,49.016506,7.002358,8.002695,521.175507,140.047161,298.100386,43.014485,51.017180,3.000000,2.000000,3.000000,0.000000,1.000000,0.000000,1.000000,2.000000,0.000000,1.000000,0.000000,1.000000,3.000000,0.000000,1.000000,1553.000000,438.000000,932.000000,136.000000,161.000000,5.000000,
0.049354,0.996213,0.142231,0.198351,0.310741,0.000337,-206.656895,3.172105,1396044.672567,1161964.912078,2307283.812703,207665.973051,1090450.967998,366.123293,98.033013,209.070405,30.010106,36.012127,85.028634,23.007748,49.016506,7.002358,8.002695,521.175507,140.047161,298.100386,43.014485,51.017180,3.000000,2.000000,3.000000,0.000000,1.000000,0.000000,1.000000,2.000000,0.000000,1.000000,0.000000,1.000000,3.000000,0.000000,1.000000,1553.000000,438.000000,932.000000,136.000000,161.000000,5.000000,
0.049354,0.996213,0.142231,0.198351,0.310741,0.000337,-206.656895,3.172105,1396044.672567,1161964.912078,2307283.812703,207665.973051,1090450.967998,366.123293,98.033013,209.070405,30.010106,36.012127,85.028634,23.007748,49.016506,7.002358,8.002695,521.175507,140.047161,298.100386,43.014485,51.017180,3.000000,2.000000,3.000000,0.000000,1.000000,0.000000,1.000000,2.000000,0.000000,1.000000,0.000000,1.000000,3.000000,0.000000,1.000000,1553.000000,438.000000,932.000000,136.000000,161.000000,5.000000,
0.049354,0.996213,0.142231,0.198351,0.310741,0.000337,-206.656895,3.172105,1396044.672567,1161964.912078,2307283.812703,207665.973051,1090450.967998,366.123293,98.033013,209.070405,30.010106,36.012127,85.028634,23.007748,49.016506,7.002358,8.002695,521.175507,140.047161,298.100386,43.014485,51.017180,3.000000,2.000000,3.000000,0.000000,1.000000,0.000000,1.000000,2.000000,0.000000,1.000000,0.000000,1.000000,3.000000,0.000000,1.000000,1553.000000,438.000000,932.000000,136.000000,161.000000,5.000000,
0.049354,0.996213,0.142231,0.198351,0.310741,0.000337,-206.656895,3.172105,1396044.672567,1161964.912078,2307283.812703,207665.973051,1090450.967998,366.123293,98.033013,209.070405,30.010106,36.012127,85.028634,23.007748,49.016506,7.002358,8.002695,521.175507,140.047161,298.100386,43.014485,51.017180,3.000000,2.000000,3.000000,0.000000,1.000000,0.000000,1.000000,2.000000,0.000000,1.000000,0.000000,1.000000,3.000000,0.000000,1.000000,1553.000000,438.000000,932.000000,136.000000,161.000000,5.000000,
0.049354,0.996213,0.142231,0.198351,0.310741,0.000337,-206.656895,3.172105,1396044.672567,1161964.912078,2307283.812703,207665.973051,1090450.967998,366.123293,98.033013,209.070405,30.010106,36.012127,85.028634,23.007748,49.016506,7.002358,8.002695,521.175507,140.047161,298.100386,43.014485,51.017180,3.000000,2.000000,3.000000,0.000000,1.000000,0.000000,1.000000,2.000000,0.000000,1.000000,0.000000,1.000000,3.000000,0.000000,1.000000,1553.000000,438.000000,932.000000,136.000000,161.000000,5.000000,
0.049354,0.996213,0.142231,0.198351,0.310741,0.000337,-206.656895,3.172105,1396044.672567,1161964.912078,2307283.812703,207665.973051,1090450.967998,366.123293,98.033013,209.070405,30.010106,36.012127,85.028634,23.007748,49.016506,7.002358,8.002695,521.175507,140.047161,298.100386,43.014485,51.017180,3.000000,2.000000,3.000000,0.000000,1.000000,0.000000,1.000000,2.000000,0.000000,1.000000,0.000000,1.000000,3.000000,0.000000,1.000000,1553.000000,438.000000,932.000000,136.000000,161.000000,5.000000,
0.049354,0.996213,0.142231,0.198351,0.310741,0.000337,-206.656895,3.172105,1396044.672567,1161964.912078,2307283.812703,207665.973051,1090450.967998,366.123293,98.033013,209.070405,30.010106,36.012127,85.028634,23.007748,49.016506,7.002358,8.002695,521.175507,140.047161,298.100386,43.014485,51.017180,3.000000,2.000000,3.000000,0.000000,1.000000,0.000000,1.000000,2.000000,0.000000,1.000000,0.000000,1.000000,3.000000,0.000000,1.000000,1553.000000,438.000000,932.000000,136.000000,161.000000,5.000000,
0.049354,0.996213,0.142231,0.198351,0.310741,0.000337,-206.656895,3.172105,1396044.672567,1161964.912078,2307283.812703,207665.973051,1090450.967998,366.123293,98.033013,209.070405,30.010106,36.012127,85.028634,23.007748,49.016506,7.002358,8.002695,521.175507,140.047161,298.100386,43.014485,51.017180,3.000000,2.000000,3.000000,0.000000,1.000000,0.000000,1.000000,2.000000,0.000000,1.000000,0.000000,1.000000,3.000000,0.000000,1.000000,1553.000000,438.000000,932.000000,136.000000,161.000000,5.000000,
0.049354,0.996213,0.142231,0.198351,0.310741,0.000337,-206.656895,3.172105,1396044.672567,1161964.912078,2307283.812703,207665.973051,1090450.967998,366.123293,98.033013,209.070405,30.010106,36.012127,85.028634,23.007748,49.016506,7.002358,8.002695,521.175507,140.047161,298.100386,43.014485,51.017180,3.000000,2.000000,3.000000,0.000000,1.000000,0.000000,1.000000,2.000000,0.000000,1.000000,0.000000,1.000000,3.000000,0.000000,1.000000,1553.000000,438.000000,932.000000,136.000000,161.000000,5.000000,
0.049354,0.996213,0.142231,0.198351,0.310741,0.000337,-206.656895,3.172105,1396044.672567,1161964.912078,2307283.812703,207665.973051,1090450.967998,366.123293,98.033013,209.070405,30.010106,36.012127,85.028634,23.007748,49.016506,7.002358,8.002695,521.175507,140.047161,298.100386,43.014485,51.017180,3.000000,2.000000,3.000000,0.000000,1.000000,0.000000,1.000000,2.000000,0.000000,1.000000,0.000000,1.000000,3.000000,0.000000,1.000000,1553.000000,438.000000,932.000000,136.000000,161.000000,5.000000,
0.049354,0.996213,0.142231,0.198351,0.310741,0.000337,-206.656895,3.172105,1396044.672567,1161964.912078,2307283.812703,207665.973051,1090450.967998,366.123293,98.033013,209.070405,30.010106,36.012127,85.028634,23.007748,49.016506,7.002358,8.002695,521.175507,140.047161,298.100386,43.014485,51.017180,3.000000,2.000000,3.000000,0.000000,1.000000,0.000000,1.000000,2.000000,0.000000,1.000000,0.000000,1.000000,3.000000,0.000000,1.000000,1553.000000,438.000000,932.000000,136.000000,161.000000,5.000000,
0.049354,0.996213,0.142231,0.198351,0.310741,0.000337,-206.656895,3.172105,1396044.672567,1161964.912078,2307283.812703,207665.973051,1090450.967998,366.123293,98.033013,209.070405,30.010106,36.012127,85.028634,23.007748,49.016506,7.002358,8.002695,521.175507,140.047161,298.100386,43.014485,51.017180,3.000000,2.000000,3.000000,0.000000,1.000000,0.000000,1.000000,2.000000,0.000000,1.000000,0.000000,1.000000,3.000000,0.000000,1.000000,1553.000000,438.000000,932.000000,136.000000,161.000000,5.000000,
0.049354,0.996213,0.142231,0.198351,0.310741,0.000337,-206.656895,3.172105,1396044.672567,1161964.912078,2307283.812703,207665.973051,1090450.967998,366.123293,98.033013,209.070405,30.010106,36.012127,85.028634,23.007748,49.016506,7.002358,8.002695,521.175507,140.047161,298.100386,43.014485,51.017180,3.000000,2.000000,3.000000,0.000000,1.000000,0.000000,1.000000,2.000000,0.000000,1.000000,0.000000,1.000000,3.000000,0.000000,1.000000,1553.000000,438.000000,932.000000,136.000000,161.000000,5.000000,
0.049354,0.996213,0.142231,0.198351,0.310741,0.000337,-206.656895,3.172105,1396044.672567,1161964.912078,2307283.812703,207665.973051,1090450.967998,366.123293,98.033013,209.070405,30.010106,36.012127,85.028634,23.007748,49.016506,7.002358,8.002695,521.175507,140.047161,298.100386,43.014485,51.017180,3.000000,2.000000,3.000000,0.000000,1.000000,0.000000,1.000000,2.000000,0.000000,1.000000,0.000000,1.000000,3.000000,0.000000,1.000000,1553.000000,438.000000,932.000000,136.000000,161.000000,5.000000,
0.049354,0.996213,0.142231,0.198351,0.310741,0.000337,-206.656895,3.172105,1396044.672567,1161964.912078,2307283.812703,207665.973051,1090450.967998,366.123293,98.033013,209.070405,30.010106,36.012127,85.028634,23.007748,49.016506,7.002358,8.002695,521.175507,140.047161,298.100386,43.014485,51.017180,3.000000,2.000000,3.000000,0.000000,1.000000,0.000000,1.000000,2.000000,0.000000,1.000000,0.000000,1.000000,3.000000,0.000000,1.000000,1553.000000,438.000000,932.000000,136.000000,161.000000,5.000000,
0.049354,0.996213,0.142231,0.198351,0.310741,0.000337,-206.656895,3.172105,1396044.672567,1161964.912078,2307283.812703,207665.973051,1090450.967998,366.123293,98.033013,209.070405,30.010106,36.012127,85.028634,23.007748,49.016506,7.002358,8.002695,521.175507,140.047161,298.100386,43.014485,51.017180,3.000000,2.000000,3.000000,0.000000,1.000000,0.000000,1.000000,2.000000,0.000000,1.000000,0.000000,1.000000,3.000000,0.000000,1.000000,1553.000000,438.000000,932.000000,136.000000,161.000000,5.000000,
0.049354,0.996213,0.142231,0.198351,0.310741,0.000337,-206.656895,3.172105,1396044.672567,1161964.912078,2307283.812703,207665.973051,1090450.967998,366.123293,98.033013,209.070405,30.010106,36.012127,85.028634,23.007748,49.016506,7.002358,8.002695,521.175507,140.047161,298.100386,43.014485,51.017180,3.000000,2.000000,3.000000,0.000000,1.000000,0.000000,1.000000,2.000000,0.000000,1.000000,0.000000,1.000000,3.000000,0.000000,1.000000,1553.000000,438.000000,932.000000,136.000000,161.000000,5.000000,
0.049354,0.996213,0.142231,0.198351,0.310741,0.000337,-206.656895,3.172105,1396044.672567,1161964.912078,2307283.812703,207665.973051,1090450.967998,366.123293,98.033013,209.070405,30.010106,36.012127,85.028634,23.007748,49.016506,7.002358,8.002695,521.175507,140.047161,298.100386,43.014485,51.017180,3.000000,2.000000,3.000000,0.000000,1.000000,0.000000,1.000000,2.000000,0.000000,1.000000,0.000000,1.000000,3.000000,0.000000,1.000000,1553.000000,438.000000,932.000000,136.000000,161.000000,5.000000,
0.049354,0.996213,0.142231,0.198351,0.310741,0.000337,-206.656895,3.172105,1396044.672567,1161964.912078,2307283.812703,207665.973051,1090450.967998,366.123293,98.033013,209.070405,30.010106,36.012127,85.028634,23.007748,49.016506,7.002358,8.002695,521.175507,140.047161,298.100386,43.014485,51.017180,3.000000,2.000000,3.000000,0.000000,1.000000,0.000000,1.000000,2.000000,0.000000,1.000000,0.000000,1.000000,3.000000,0.000000,1.000000,1553.000000,438.000000,932.000000,136.000000,161.000000,5.000000,
0.049354,0.996213,0.142231,0.198351,0.310741,0.000337,-206.656895,3.172105,1396044.672567,1161964.912078,2307283.812703,207665.973051,1090450.967998,366.123293,98.033013,209.070405,30.010106,36.012127,85.028634,23.007748,49.016506,7.002358,8.002695,521.175507,140.047161,298.100386,43.014485,51.017180,3.000000,2.000000,3.000000,0.000000,1.000000,0.000000,1.000000,2.000000,0.000000,1.000000,0.000000,1.000000,3.000000,0.000000,1.000000,1553.000000,438.000000,932.000000,136.000000,161.000000,5.000000,
0.049354,0.996213,0.142231,0.198351,0.310741,0.000337,-206.656895,3.172105,1396044.672567,1161964.912078,2307283.812703,207665.973051,1090450.967998,366.123293,98.033013,209.070405,30.010106,36.012127,85.028634,23.007748,49.016506,7.002358,8.002695,521.175507,140.047161,298.100386,43.014485,51.017180,3.000000,2.000000,3.000000,0.000000,1.000000,0.000000,1.000000,2.000000,0.000000,1.000000,0.000000,1.000000,3.000000,0.000000,1.000000,1553.000000,438.000000,932.000000,136.000000,161.000000,5.000000,
0.049354,0.996213,0.142231,0.198351,0.310741,0.000337,-206.656895,3.172105,1396044.672567,1161964.912078,2307283.812703,207665.973051,1090450.967998,366.123293,98.033013,209.070405,30.010106,36.012127,85.028634,23.007748,49.016506,7.002358,8.002695,521.175507,140.047161,298.100386,43.014485,51.017180,3.000000,2.000000,3.000000,0.000000,1.000000,0.000000,1.000000,2.000000,0.000000,1.000000,0.000000,1.000000,3.000000,0.000000,1.000000,1553.000000,438.000000,932.000000,136.000000,161.000000,5.000000,
0.049354,0.996213,0.142231,0.198351,0.310741,0.000337,-206.656895,3.172105,1396044.672567,1161964.912078,2307283.812703,207665.973051,1090450.967998,366.123293,98.033013,209.070405,30.010106,36.012127,85.028634,23.007748,49.016506,7.002358,8.002695,521.175507,140.047161,298.100386,43.014485,51.017180,3.000000,2.000000,3.000000,0.000000,1.000000,0.000000,1.000000,2.000000,0.000000,1.000000,0.000000,1.000000,3.000000,0.000000,1.000000,1553.000000,438.000000,932.000000,136.000000,161.000000,5.000000,
0.049354,0.996213,0.142231,0.198351,0.310741,0.000337,-206.656895,3.172105,1396044.672567,1161964.912078,2307283.812703,207665.973051,1090450.967998,366.123293,98.033013,209.070405,30.010106,36.012127,85.028634,23.007748,49.016506,7.002358,8.002695,521.175507,140.047161,298.100386,43.014485,51.017180,3.000000,2.000000,3.000000,0.000000,1.000000,0.000000,1.000000,2.000000,0.000000,1.000000,0.000000,1.000000,3.000000,0.000000,1.000000,1553.000000,438.000000,932.000000,136.000000,161.000000,5.000000,
0.049354,0.996213,0.142231,0.198351,0.310741,0.000337,-206.656895,3.172105,1396044.672567,1161964.912078,2307283.812703,207665.973051,1090450.967998,366.123293,98.033013,209.070405,30.010106,36.012127,85.028634,23.007748,49.016506,7.002358,8.002695,521.175507,140.047161,298.100386,43.014485,51.017180,3.000000,2.000000,3.000000,0.000000,1.000000,0.000000,1.000000,2.000000,0.000000,1.000000,0.000000,1.000000,3.000000,0.000000,1.000000,1553.000000,438.000000,932.000000,136.000000,161.000000,5.000000,
0.049354,0.996213,0.142231,0.198351,0.310741,0.000337,-206.656895,3.172105,1396044.672567,1161964.912078,2307283.812703,207665.973051,1090450.967998,366.123293,98.033013,209.070405,30.010106,36.012127,85.028634,23.007748,49.016506,7.002358,8.002695,521.175507,140.047161,298.100386,43.014485,51.017180,3.000000,2.000000,3.000000,0.000000,1.000000,0.000000,1.000000,2.000000,0.000000,1.000000,0.000000,1.000000,3.000000,0.000000,1.000000,1553.000000,438.000000,932.000000,136.000000,161.000000,5.000000,
0.049354,0.996213,0.142231,0.198351,0.310741,0.000337,-206.656895,3.172105,1396044.672567,1161964.912078,2307283.812703,207665.973051,1090450.967998,366.123293,98.033013,209.070405,30.010106,36.012127,85.028634,23.007748,49.016506,7.002358,8.002695,521.175507,140.047161,298.100386,43.014485,51.017180,3.000000,2.000000,3.000000,0.000000,1.000000,0.000000,1.000000,2.000000,0.000000,1.000000,0.000000,1.000000,3.000000,0.000000,1.000000,1553.000000,438.000000,932.000000,136.000000,161.000000,5.000000,
0.049354,0.996213,0.142231,0.198351,0.310741,0.000337,-206.656895,3.172105,1396044.672567,1161964.912078,2307283.812703,207665.973051,1090450.967998,366.123293,98.033013,209.070405,30.010106,36.012127,85.028634,23.007748,49.016506,7.002358,8.002695,521.175507,140.047161,298.100386,43.014485,51.017180,3.000000,2.000000,3.000000,0.000000,1.000000,0.000000,1.000000,2.000000,0.000000,1.000000,0.000000,1.000000,3.000000,0.000000,1.000000,1553.000000,438.000000,932.000000,136.000000,161.000000,5.000000,
0.049354,0.996213,0.142231,0.198351,0.310741,0.000337,-206.656895,3.172105,1396044.672567,1161964.912078,2307283.812703,207665.973051,1090450.967998,366.123293,98.033013,209.070405,30.010106,36.012127,85.028634,23.007748,49.016506,7.002358,8.002695,521.175507,140.047161,298.100386,43.014485,51.017180,3.000000,2.000000,3.000000,0.000000,1.000000,0.000000,1.000000,2.000000,0.000000,1.000000,0.000000,1.000000,3.000000,0.000000,1.000000,1553.000000,438.000000,932.000000,136.000000,161.000000,5.000000,
0.049354,0.996213,0.142231,0.198351,0.310741,0.000337,-206.656895,3.172105,1396044.672567,1161964.912078,2307283.812703,207665.973051,1090450.967998,366.123293,98.033013,209.070405,30.010106,36.012127,85.028634,23.007748,49.016506,7.002358,8.002695,521.175507,140.047161,298.100386,43.014485,51.017180,3.000000,2.000000,3.000000,0.000000,1.000000,0.000000,1.000000,2.000000,0.000000,1.000000,0.000000,1.000000,3.000000,0.000000,1.000000,1553.000000,438.000000,932.000000,136.000000,161.000000,5.000000,
0.049354,0.996213,0.142231,0.198351,0.310741,0.000337,-206.656895,3.172105,1396044.672567,1161964.912078,2307283.812703,207665.973051,1090450.967998,366.123293,98.033013,209.070405,30.010106,36.012127,85.028634,23.007748,49.016506,7.002358,8.002695,521.175507,140.047161,298.100386,43.014485,51.017180,3.000000,2.000000,3.000000,0.000000,1.000000,0.000000,1.000000,2.000000,0.000000,1.000000,0.000000,1.000000,3.000000,0.000000,1.000000,1553.000000,438.000000,932.000000,136.000000,161.000000,5.000000,
0.049354,0.996213,0.142231,0.198351,0.310741,0.000337,-206.656895,3.172105,1396044.672567,1161964.912078,2307283.812703,207665.973051,1090450.967998,366.123293,98.033013,209.070405,30.010106,36.012127,85.028634,23.007748,49.016506,7.002358,8.002695,521.175507,140.047161,298.100386,43.014485,51.017180,3.000000,2.000000,3.000000,0.000000,1.000000,0.000000,1.000000,2.000000,0.000000,1.000000,0.000000,1.000000,3.000000,0.000000,1.000000,1553.000000,438.000000,932.000000,136.000000,161.000000,5.000000,
0.049354,0.996213,0.142231,0.198351,0.310741,0.000337,-206.656895,3.172105,1396044.672567,1161964.912078,2307283.812703,207665.973051,1090450.967998,366.123293,98.033013,209.070405,30.010106,36.012127,85.028634,23.007748,49.016506,7.002358,8.002695,521.175507,140.047161,298.100386,43.014485,51.017180,3.000000,2.000000,3.000000,0.000000,1.000000,0.000000,1.000000,2.000000,0.000000,1.000000,0.000000,1.000000,3.000000,0.000000,1.000000,1553.000000,438.000000,932.000000,136.000000,161.000000,5.000000,
0.049345,0.993099,0.145711,0.203750,0.275717,0.000836,-207.224384,3.179310,1396044.187436,1161964.781811,2307283.535200,207665.933122,1090450.920583,366.305965,98.081925,209.174718,30.025079,36.030095,85.071058,23.019227,49.040963,7.005852,8.006688,521.435541,140.117036,298.249119,43.035947,51.042635,3.000000,2.000000,3.000000,0.000000,1.000000,0.000000,1.000000,2.000000,0.000000,1.000000,0.000000,1.000000,3.000000,0.000000,1.000000,1553.000000,438.000000,932.000000,136.000000,161.000000,5.000000,
0.049345,0.993099,0.145711,0.203750,0.275717,0.000836,-207.224384,3.179310,1396044.187436,1161964.781811,2307283.535200,207665.933122,1090450.920583,366.305965,98.081925,209.174718,30.025079,36.030095,85.071058,23.019227,49.040963,7.005852,8.006688,521.435541,140.117036,298.249119,43.035947,51.042635,3.000000,2.000000,3.000000,0.000000,1.000000,0.000000,1.000000,2.000000,0.000000,1.000000,0.000000,1.000000,3.000000,0.000000,1.000000,1553.000000,438.000000,932.000000,136.000000,161.000000,5.000000,
0.049345,0.993099,0.145711,0.203750,0.275717,0.000836,-207.224384,3.179310,1396044.187436,1161964.781811,2307283.535200,207665.933122,1090450.920583,366.305965,98.081925,209.174718,30.025079,36.030095,85.071058,23.019227,49.040963,7.005852,8.006688,521.435541,140.117036,298.249119,43.035947,51.042635,3.000000,2.000000,3.000000,0.000000,1.000000,0.000000,1.000000,2.000000,0.000000,1.000000,0.000000,1.000000,3.000000,0.000000,1.000000,1553.000000,438.000000,932.000000,136.000000,161.000000,5.000000,
0.049345,0.993099,0.145711,0.203750,0.275717,0.000836,-207.224384,3.179310,1396044.187436,1161964.781811,2307283.535200,207665.933122,1090450.920583,366.305965,98.081925,209.174718,30.025079,36.030095,85.071058,23.019227,49.040963,7.005852,8.006688,521.435541,140.117036,298.249119,43.035947,51.042635,3.000000,2.000000,3.000000,0.000000,1.000000,0.000000,1.000000,2.000000,0.000000,1.000000,0.000000,1.000000,3.000000,0.000000,1.000000,1553.000000,438.000000,932.000000,136.000000,161.000000,5.000000,
0.049345,0.993099,0.145711,0.203750,0.275717,0.000836,-207.224384,3.179310,1396044.187436,1161964.781811,2307283.535200,207665.933122,1090450.920583,366.305965,98.081925,209.174718,30.025079,36.030095,85.071058,23.019227,49.040963,7.005852,8.006688,521.435541,140.117036,298.249119,43.035947,51.042635,3.000000,2.000000,3.000000,0.000000,1.000000,0.000000,1.000000,2.000000,0.000000,1.000000,0.000000,1.000000,3.000000,0.000000,1.000000,1553.000000,438.000000,932.000000,136.000000,161.000000,5.000000,
0.049345,0.993099,0.145711,0.203750,0.275717,0.000836,-207.224384,3.179310,1396044.187436,1161964.781811,2307283.535200,207665.933122,1090450.920583,366.305965,98.081925,209.174718,30.025079,36.030095,85.071058,23.019227,49.040963,7.005852,8.006688,521.435541,140.117036,298.249119,43.035947,51.042635,3.000000,2.000000,3.000000,0.000000,1.000000,0.000000,1.000000,2.000000,0.000000,1.000000,0.000000,1.000000,3.000000,0.000000,1.000000,1553.000000,438.000000,932.000000,136.000000,161.000000,5.000000,
0.049345,0.993099,0.145711,0.203750,0.275717,0.000836,-207.224384,3.179310,1396044.187436,1161964.781811,2307283.535200,207665.933122,1090450.920583,366.305965,98.081925,209.174718,30.025079,36.030095,85.071058,23.019227,49.040963,7.005852,8.006688,521.435541,140.117036,298.249119,43.035947,51.042635,3.000000,2.000000,3.000000,0.000000,1.000000,0.000000,1.000000,2.000000,0.000000,1.000000,0.000000,1.000000,3.000000,0.000000,1.000000,1553.000000,438.000000,932.000000,136.000000,161.000000,5.000000,
0.049345,0.993099,0.145711,0.203750,0.275717,0.000836,-207.224384,3.179310,1396044.187436,1161964.781811,2307283.535200,207665.933122,1090450.920583,366.305965,98.081925,209.174718,30.025079,36.030095,85.071058,23.019227,49.040963,7.005852,8.006688,521.435541,140.117036,298.249119,43.035947,51.042635,3.000000,2.000000,3.000000,0.000000,1.000000,0.000000,1.000000,2.000000,0.000000,1.000000,0.000000,1.000000,3.000000,0.000000,1.000000,1553.000000,438.000000,932.000000,136.000000,161.000000,5.000000,
0.049345,0.993099,0.145711,0.203750,0.275717,0.000836,-207.224384,3.179310,1396044.187436,1161964.781811,2307283.535200,207665.933122,1090450.920583,366.305965,98.081925,209.174718,30.025079,36.030095,85.071058,23.019227,49.040963,7.005852,8.006688,521.435541,140.117036,298.249119,43.035947,51.042635,3.000000,2.000000,3.000000,0.000000,1.000000,0.000000,1.000000,2.000000,0.000000,1.000000,0.000000,1.000000,3.000000,0.000000,1.000000,1553.000000,438.000000,932.000000,136.000000,161.000000,5.000000,
0.049345,0.993099,0.145711,0.203750,0.275717,0.000836,-207.224384,3.179310,1396044.187436,1161964.781811,2307283.535200,207665.933122,1090450.920583,366.305965,98.081925,209.174718,30.025079,36.030095,85.071058,23.019227,49.040963,7.005852,8.006688,521.435541,140.117036,298.249119,43.035947,51.042635,3.000000,2.000000,3.000000,0.000000,1.000000,0.000000,1.000000,2.000000,0.000000,1.000000,0.000000,1.000000,3.000000,0.000000,1.000000,1553.000000,438.000000,932.000000,136.000000,161.000000,5.000000,
0.049345,0.993099,0.145711,0.203750,0.275717,0.000836,-207.224384,3.179310,1396044.187436,1161964.781811,2307283.535200,207665.933122,1090450.920583,366.305965,98.081925,209.174718,30.025079,36.030095,85.071058,23.019227,49.040963,7.005852,8.006688,521.435541,140.117036,298.249119,43.035947,51.042635,3.000000,2.000000,3.000000,0.000000,1.000000,0.000000,1.000000,2.000000,0.000000,1.000000,0.000000,1.000000,3.000000,0.000000,1.000000,1553.000000,438.000000,932.000000,136.000000,161.000000,5.000000,
0.049345,0.993099,0.145711,0.203750,0.275717,0.000836,-207.224384,3.179310,1396044.187436,1161964.781811,2307283.535200,207665.933122,1090450.920583,366.305965,98.081925,209.174718,30.025079,36.030095,85.071058,23.019227,49.040963,7.005852,8.006688,521.435541,140.117036,298.249119,43.035947,51.042635,3.000000,2.000000,3.000000,0.000000,1.000000,0.000000,1.000000,2.000000,0.000000,1.000000,0.000000,1.000000,3.000000,0.000000,1.000000,1553.000000,438.000000,932.000000,136.000000,161.000000,5.000000,
0.049345,0.993099,0.145711,0.203750,0.275717,0.000836,-207.224384,3.179310,1396044.187436,1161964.781811,2307283.535200,207665.933122,1090450.920583,366.305965,98.081925,209.174718,30.025079,36.030095,85.071058,23.019227,49.040963,7.005852,8.006688,521.435541,140.117036,298.249119,43.035947,51.042635,3.000000,2.000000,3.000000,0.000000,1.000000,0.000000,1.000000,2.000000,0.000000,1.000000,0.000000,1.000000,3.000000,0.000000,1.000000,1553.000000,438.000000,932.000000,136.000000,161.000000,5.000000,
0.049345,0.993099,0.145711,0.203750,0.275717,0.000836,-207.224384,3.179310,1396044.187436,1161964.781811,2307283.535200,207665.933122,1090450.920583,366.305965,98.081925,209.174718,30.025079,36.030095,85.071058,23.019227,49.040963,7.005852,8.006688,521.435541,140.117036,298.249119,43.035947,51.042635,3.000000,2.000000,3.000000,0.000000,1.000000,0.000000,1.000000,2.000000,0.000000,1.000000,0.000000,1.000000,3.000000,0.000000,1.000000,1553.000000,438.000000,932.000000,136.000000,161.000000,5.000000,
0.049345,0.993099,0.145711,0.203750,0.275717,0.000836,-207.224384,3.179310,1396044.187436,1161964.781811,2307283.535200,207665.933122,1090450.920583,366.305965,98.081925,209.174718,30.025079,36.030095,85.071058,23.019227,49.040963,7.005852,8.006688,521.435541,140.117036,298.249119,43.035947,51.042635,3.000000,2.000000,3.000000,0.000000,1.000000,0.000000,1.000000,2.000000,0.000000,1.000000,0.000000,1.000000,3.000000,0.000000,1.000000,1553.000000,438.000000,932.000000,136.000000,161.000000,5.000000,
0.049345,0.993099,0.145711,0.203750,0.275717,0.000836,-207.224384,3.179310,1396044.187436,1161964.781811,2307283.535200,207665.933122,1090450.920583,366.305965,98.081925,209.174718,30.025079,36.030095,85.071058,23.019227,49.040963,7.005852,8.006688,521.435541,140.117036,298.249119,43.035947,51.042635,3.000000,2.000000,3.000000,0.000000,1.000000,0.000000,1.000000,2.000000,0.000000,1.000000,0.000000,1.000000,3.000000,0.000000,1.000000,1553.000000,438.000000,932.000000,136.000000,161.000000,5.000000,
0.049321,0.997612,0.146281,0.204157,0.272763,0.000806,-206.210742,3.179034,1396044.216280,1161964.789557,2307283.551699,207665.935496,1090450.923402,366.295104,98.079017,209.168516,30.024189,36.029027,85.068535,23.018545,49.039509,7.005644,8.006450,521.420080,140.112881,298.240276,43.034671,51.041121,3.000000,2.000000,3.000000,0.000000,1.000000,0.000000,1.000000,2.000000,0.000000,1.000000,0.000000,1.000000,3.000000,0.000000,1.000000,1553.000000,438.000000,932.000000,136.000000,161.000000,5.000000,
0.049321,0.997612,0.146281,0.204157,0.272763,0.000806,-206.210742,3.179034,1396044.216280,1161964.789557,2307283.551699,207665.935496,1090450.923402,366.295104,98.079017,209.168516,30.024189,36.029027,85.068535,23.018545,49.039509,7.005644,8.006450,521.420080,140.112881,298.240276,43.034671,51.041121,3.000000,2.000000,3.000000,0.000000,1.000000,0.000000,1.000000,2.000000,0.000000,1.000000,0.000000,1.000000,3.000000,0.000000,1.000000,1553.000000,438.000000,932.000000,136.000000,161.000000,5.000000,
0.049321,0.997612,0.146281,0.204157,0.272763,0.000806,-206.210742,3.179034,1396044.216280,1161964.789557,2307283.551699,207665.935496,1090450.923402,366.295104,98.079017,209.168516,30.024189,36.029027,85.068535,23.018545,49.039509,7.005644,8.006450,521.420080,140.112881,298.240276,43.034671,51.041121,3.000000,2.000000,3.000000,0.000000,1.000000,0.000000,1.000000,2.000000,0.000000,1.000000,0.000000,1.000000,3.000000,0.000000,1.000000,1553.000000,438.000000,932.000000,136.000000,161.000000,5.000000,
0.049321,0.997612,0.146281,0.204157,0.272763,0.000806,-206.210742,3.179034,1396044.216280,1161964.789557,2307283.551699,207665.935496,1090450.923402,366.295104,98.079017,209.168516,30.024189,36.029027,85.068535,23.018545,49.039509,7.005644,8.006450,521.420080,140.112881,298.240276,43.034671,51.041121,3.000000,2.000000,3.000000,0.000000,1.000000,0.000000,1.000000,2.000000,0.000000,1.000000,0.000000,1.000000,3.000000,0.000000,1.000000,1553.000000,438.000000,932.000000,136.000000,161.000000,5.000000,
0.049321,0.997612,0.146281,0.204157,0.272763,0.000806,-206.210742,3.179034,1396044.216280,1161964.789557,2307283.551699,207665.935496,1090450.923402,366.295104,98.079017,209.168516,30.024189,36.029027,85.068535,23.018545,49.039509,7.005644,8.006450,521.420080,140.112881,298.240276,43.034671,51.041121,3.000000,2.000000,3.000000,0.000000,1.000000,0.000000,1.000000,2.000000,0.000000,1.000000,0.000000,1.000000,3.000000,0.000000,1.000000,1553.000000,438.000000,932.000000,136.000000,161.000000,5.000000,
0.049321,0.997612,0.146281,0.204157,0.272763,0.000806,-206.210742,3.179034,1396044.216280,1161964.789557,2307283.551699,207665.935496,1090450.923402,366.295104,98.079017,209.168516,30.024189,36.029027,85.068535,23.018545,49.039509,7.005644,8.006450,521.420080,140.112881,298.240276,43.034671,51.041121,3.000000,2.000000,3.000000,0.000000,1.000000,0.000000,1.000000,2.000000,0.000000,1.000000,0.000000,1.000000,3.000000,0.000000,1.000000,1553.000000,438.000000,932.000000,136.000000,161.000000,5.000000,
0.049314,0.990297,0.145654,0.206092,0.270486,0.001435,-207.966162,3.177176,1396043.605547,1161964.625564,2307283.202350,207665.885230,1090450.863711,366.525072,98.140593,209.299836,30.043039,36.051646,85.121943,23.032996,49.070296,7.010042,8.011477,521.747438,140.200847,298.427517,43.061689,51.073166,3.000000,2.000000,3.000000,0.000000,1.000000,0.000000,1.000000,2.000000,0.000000,1.000000,0.000000,1.000000,3.000000,0.000000,1.000000,1553.000000,438.000000,932.000000,136.000000,161.000000,5.000000,
0.049314,0.990297,0.145654,0.206092,0.270486,0.001435,-207.966162,3.177176,1396043.605547,1161964.625564,2307283.202350,207665.885230,1090450.863711,366.525072,98.140593,209.299836,30.043039,36.051646,85.121943,23.032996,49.070296,7.010042,8.011477,521.747438,140.200847,298.427517,43.061689,51.073166,3.000000,2.000000,3.000000,0.000000,1.000000,0.000000,1.000000,2.000000,0.000000,1.000000,0.000000,1.000000,3.000000,0.000000,1.000000,1553.000000,438.000000,932.000000,136.000000,161.000000,5.000000,
0.049314,0.990297,0.145654,0.206092,0.270486,0.001435,-207.966162,3.177176,1396043.605547,1161964.625564,2307283.202350,207665.885230,1090450.863711,366.525072,98.140593,209.299836,30.043039,36.051646,85.121943,23.032996,49.070296,7.010042,8.011477,521.747438,140.200847,298.427517,43.061689,51.073166,3.000000,2.000000,3.000000,0.000000,1.000000,0.000000,1.000000,2.000000,0.000000,1.000000,0.000000,1.000000,3.000000,0.000000,1.000000,1553.000000,438.000000,932.000000,136.000000,161.000000,5.000000,
0.049314,0.990297,0.145654,0.206092,0.270486,0.001435,-207.966162,3.177176,1396043.605547,1161964.625564,2307283.202350,207665.885230,1090450.863711,366.525072,98.140593,209.299836,30.043039,36.051646,85.121943,23.032996,49.070296,7.010042,8.011477,521.747438,140.200847,298.427517,43.061689,51.073166,3.000000,2.000000,3.000000,0.000000,1.000000,0.000000,1.000000,2.000000,0.000000,1.000000,0.000000,1.000000,3.000000,0.000000,1.000000,1553.000000,438.000000,932.000000,136.000000,161.000000,5.000000,
0.049314,0.990297,0.145654,0.206092,0.270486,0.001435,-207.966162,3.177176,1396043.605547,1161964.625564,2307283.202350,207665.885230,1090450.863711,366.525072,98.140593,209.299836,30.043039,36.051646,85.121943,23.032996,49.070296,7.010042,8.011477,521.747438,140.200847,298.427517,43.061689,51.073166,3.000000,2.000000,3.000000,0.000000,1.000000,0.000000,1.000000,2.000000,0.000000,1.000000,0.000000,1.000000,3.000000,0.000000,1.000000,1553.000000,438.000000,932.000000,136.000000,161.000000,5.000000,
0.049314,0.990297,0.145654,0.206092,0.270486,0.001435,-207.966162,3.177176,1396043.605547,1161964.625564,2307283.202350,207665.885230,1090450.863711,366.525072,98.140593,209.299836,30.043039,36.051646,85.121943,23.032996,49.070296,7.010042,8.011477,521.747438,140.200847,298.427517,43.061689,51.073166,3.000000,2.000000,3.000000,0.000000,1.000000,0.000000,1.000000,2.000000,0.000000,1.000000,0.000000,1.000000,3.000000,0.000000,1.000000,1553.000000,438.000000,932.000000,136.000000,161.000000,5.000000,
0.049314,0.990297,0.145654,0.206092,0.270486,0.001435,-207.966162,3.177176,1396043.605547,1161964.625564,2307283.202350,207665.885230,1090450.863711,366.525072,98.140593,209.299836,30.043039,36.051646,85.121943,23.032996,49.070296,7.010042,8.011477,521.747438,140.200847,298.427517,43.061689,51.073166,3.000000,2.000000,3.000000,0.000000,1.000000,0.000000,1.000000,2.000000,0.000000,1.000000,0.000000,1.000000,3.000000,0.000000,1.000000,1553.000000,438.000000,932.000000,136.000000,161.000000,5.000000,
0.049314,0.990297,0.145654,0.206092,0.270486,0.001435,-207.966162,3.177176,1396043.605547,1161964.625564,2307283.202350,207665.885230,1090450.863711,366.525072,98.140593,209.299836,30.043039,36.051646,85.121943,23.032996,49.070296,7.010042,8.011477,521.747438,140.200847,298.427517,43.061689,51.073166,3.000000,2.000000,3.000000,0.000000,1.000000,0.000000,1.000000,2.000000,0.000000,1.000000,0.000000,1.000000,3.000000,0.000000,1.000000,1553.000000,438.000000,932.000000,136.000000,161.000000,5.000000,
0.049314,0.990297,0.145654,0.206092,0.270486,0.001435,-207.966162,3.177176,1396043.605547,1161964.625564,2307283.202350,207665.885230,1090450.863711,366.525072,98.140593,209.299836,30.043039,36.051646,85.121943,23.032996,49.070296,7.010042,8.011477,521.747438,140.200847,298.427517,43.061689,51.073166,3.000000,2.000000,3.000000,0.000000,1.000000,0.000000,1.000000,2.000000,0.000000,1.000000,0.000000,1.000000,3.000000,0.000000,1.000000,1553.000000,438.000000,932.000000,136.000000,161.000000,5.000000,
0.049314,0.990297,0.145654,0.206092,0.270486,0.001435,-207.966162,3.177176,1396043.605547,1161964.625564,2307283.202350,207665.885230,1090450.863711,366.525072,98.140593,209.299836,30.043039,36.051646,85.121943,23.032996,49.070296,7.010042,8.011477,521.747438,140.200847,298.427517,43.061689,51.073166,3.000000,2.000000,3.000000,0.000000,1.000000,0.000000,1.000000,2.000000,0.000000,1.000000,0.000000,1.000000,3.000000,0.000000,1.000000,1553.000000,438.000000,932.000000,136.000000,161.000000,5.000000,
0.049296,0.996916,0.145192,0.211472,0.265311,0.001819,-206.912474,3.175006,1396043.231475,1161964.525118,2307282.988375,207665.854442,1090450.827150,366.665926,98.178308,209.380269,30.054584,36.065501,85.154655,23.041848,49.089154,7.012736,8.014556,521.947944,140.254726,298.542202,43.078237,51.092793,3.000000,2.000000,3.000000,0.000000,1.000000,0.000000,1.000000,2.000000,0.000000,1.000000,0.000000,1.000000,3.000000,0.000000,1.000000,1553.000000,438.000000,932.000000,136.000000,161.000000,5.000000,
0.049296,0.996916,0.145192,0.211472,0.265311,0.001819,-206.912474,3.175006,1396043.231475,1161964.525118,2307282.988375,207665.854442,1090450.827150,366.665926,98.178308,209.380269,30.054584,36.065501,85.154655,23.041848,49.089154,7.012736,8.014556,521.947944,140.254726,298.542202,43.078237,51.092793,3.000000,2.000000,3.000000,0.000000,1.000000,0.000000,1.000000,2.000000,0.000000,1.000000,0.000000,1.000000,3.000000,0.000000,1.000000,1553.000000,438.000000,932.000000,136.000000,161.000000,5.000000,
0.049296,0.996916,0.145192,0.211472,0.265311,0.001819,-206.912474,3.175006,1396043.231475,1161964.525118,2307282.988375,207665.854442,1090450.827150,366.665926,98.178308,209.380269,30.054584,36.065501,85.154655,23.041848,49.089154,7.012736,8.014556,521.947944,140.254726,298.542202,43.078237,51.092793,3.000000,2.000000,3.000000,0.000000,1.000000,0.000000,1.000000,2.000000,0.000000,1.000000,0.000000,1.000000,3.000000,0.000000,1.000000,1553.000000,438.000000,932.000000,136.000000,161.000000,5.000000,
0.049296,0.996916,0.145192,0.211472,0.265311,0.001819,-206.912474,3.175006,1396043.231475,1161964.525118,2307282.988375,207665.854442,1090450.827150,366.665926,98.178308,209.380269,30.054584,36.065501,85.154655,23.041848,49.089154,7.012736,8.014556,521.947944,140.254726,298.542202,43.078237,51.092793,3.000000,2.000000,3.000000,0.000000,1.000000,0.000000,1.000000,2.000000,0.000000,1.000000,0.000000,1.000000,3.000000,0.000000,1.000000,1553.000000,438.000000,932.000000,136.000000,161.000000,5.000000,
0.049296,0.996916,0.145192,0.211472,0.265311,0.001819,-206.912474,3.175006,1396043.231475,1161964.525118,2307282.988375,207665.854442,1090450.827150,366.665926,98.178308,209.380269,30.054584,36.065501,85.154655,23.041848,49.089154,7.012736,8.014556,521.947944,140.254726,298.542202,43.078237,51.092793,3.000000,2.000000,3.000000,0.000000,1.000000,0.000000,1.000000,2.000000,0.000000,1.000000,0.000000,1.000000,3.000000,0.000000,1.000000,1553.000000,438.000000,932.000000,136.000000,161.000000,5.000000,
0.049350,0.988276,0.146170,0.199616,0.276235,0.001697,-208.421714,3.180673,1396043.350734,1161964.557141,2307283.056592,207665.864258,1090450.838806,366.621020,98.166284,209.354626,30.050903,36.061084,85.144226,23.039026,49.083142,7.011877,8.013574,521.884020,140.237549,298.505639,43.072961,51.086536,3.000000,2.000000,3.000000,0.000000,1.000000,0.000000,1.000000,2.000000,0.000000,1.000000,0.000000,1.000000,3.000000,0.000000,1.000000,1553.000000,438.000000,932.000000,136.000000,161.000000,5.000000,
0.049350,0.988276,0.146170,0.199616,0.276235,0.001697,-208.421714,3.180673,1396043.350734,1161964.557141,2307283.056592,207665.864258,1090450.838806,366.621020,98.166284,209.354626,30.050903,36.061084,85.144226,23.039026,49.083142,7.011877,8.013574,521.884020,140.237549,298.505639,43.072961,51.086536,3.000000,2.000000,3.000000,0.000000,1.000000,0.000000,1.000000,2.000000,0.000000,1.000000,0.000000,1.000000,3.000000,0.000000,1.000000,1553.000000,438.000000,932.000000,136.000000,161.000000,5.000000,
0.049298,0.988080,0.142026,0.282952,0.113016,0.005248,-211.715221,3.168065,1396039.898611,1161963.630183,2307281.081921,207665.580133,1090450.501407,367.920893,98.514338,210.096904,30.157450,36.188940,85.446109,23.120712,49.257169,7.036738,8.041987,523.734387,140.734768,299.564006,43.225679,51.267665,3.000000,2.000000,3.000000,0.000000,1.000000,0.000000,1.000000,2.000000,0.000000,1.000000,0.000000,1.000000,3.000000,0.000000,1.000000,1553.000000,438.000000,932.000000,136.000000,161.000000,5.000000,
0.049298,0.988080,0.142026,0.282952,0.113016,0.005248,-211.715221,3.168065,1396039.898611,1161963.630183,2307281.081921,207665.580133,1090450.501407,367.920893,98.514338,210.096904,30.157450,36.188940,85.446109,23.120712,49.257169,7.036738,8.041987,523.734387,140.734768,299.564006,43.225679,51.267665,3.000000,2.000000,3.000000,0.000000,1.000000,0.000000,1.000000,2.000000,0.000000,1.000000,0.000000,1.000000,3.000000,0.000000,1.000000,1553.000000,438.000000,932.000000,136.000000,161.000000,5.000000,
0.049298,0.988080,0.142026,0.282952,0.113016,0.005248,-211.715221,3.168065,1396039.898611,1161963.630183,2307281.081921,207665.580133,1090450.501407,367.920893,98.514338,210.096904,30.157450,36.188940,85.446109,23.120712,49.257169,7.036738,8.041987,523.734387,140.734768,299.564006,43.225679,51.267665,3.000000,2.000000,3.000000,0.000000,1.000000,0.000000,1.000000,2.000000,0.000000,1.000000,0.000000,1.000000,3.000000,0.000000,1.000000,1553.000000,438.000000,932.000000,136.000000,161.000000,5.000000,
0.049300,0.987817,0.142566,0.283778,0.104197,0.005119,-212.108465,3.169421,1396040.024116,1161963.663883,2307281.153712,207665.590462,1090450.513674,367.873635,98.501684,210.069917,30.153577,36.184292,85.435134,23.117742,49.250842,7.035835,8.040954,523.667115,140.716691,299.525528,43.220127,51.261080,3.000000,2.000000,3.000000,0.000000,1.000000,0.000000,1.000000,2.000000,0.000000,1.000000,0.000000,1.000000,3.000000,0.000000,1.000000,1553.000000,438.000000,932.000000,136.000000,161.000000,5.000000,
0.049300,0.987817,0.142566,0.283778,0.104197,0.005119,-212.108465,3.169421,1396040.024116,1161963.663883,2307281.153712,207665.590462,1090450.513674,367.873635,98.501684,210.069917,30.153577,36.184292,85.435134,23.117742,49.250842,7.035835,8.040954,523.667115,140.716691,299.525528,43.220127,51.261080,3.000000,2.000000,3.000000,0.000000,1.000000,0.000000,1.000000,2.000000,0.000000,1.000000,0.000000,1.000000,3.000000,0.000000,1.000000,1553.000000,438.000000,932.000000,136.000000,161.000000,5.000000,
0.049251,0.994875,0.144569,0.271396,0.125420,0.005217,-210.020137,3.170708,1396039.929551,1161963.638490,2307281.099620,207665.582679,1090450.504431,367.909243,98.511218,210.090251,30.156495,36.187794,85.443403,23.119980,49.255609,7.036516,8.041732,523.717803,140.730312,299.554520,43.224310,51.266042,3.000000,2.000000,3.000000,0.000000,1.000000,0.000000,1.000000,2.000000,0.000000,1.000000,0.000000,1.000000,3.000000,0.000000,1.000000,1553.000000,438.000000,932.000000,136.000000,161.000000,5.000000,
0.049251,0.994875,0.144569,0.271396,0.125420,0.005217,-210.020137,3.170708,1396039.929551,1161963.638490,2307281.099620,207665.582679,1090450.504431,367.909243,98.511218,210.090251,30.156495,36.187794,85.443403,23.119980,49.255609,7.036516,8.041732,523.717803,140.730312,299.554520,43.224310,51.266042,3.000000,2.000000,3.000000,0.000000,1.000000,0.000000,1.000000,2.000000,0.000000,1.000000,0.000000,1.000000,3.000000,0.000000,1.000000,1553.000000,438.000000,932.000000,136.000000,161.000000,5.000000,
0.049251,0.994875,0.144569,0.271396,0.125420,0.005217,-210.020137,3.170708,1396039.929551,1161963.638490,2307281.099620,207665.582679,1090450.504431,367.909243,98.511218,210.090251,30.156495,36.187794,85.443403,23.119980,49.255609,7.036516,8.041732,523.717803,140.730312,299.554520,43.224310,51.266042,3.000000,2.000000,3.000000,0.000000,1.000000,0.000000,1.000000,2.000000,0.000000,1.000000,0.000000,1.000000,3.000000,0.000000,1.000000,1553.000000,438.000000,932.000000,136.000000,161.000000,5.000000,
0.049251,0.994875,0.144569,0.271396,0.125420,0.005217,-210.020137,3.170708,1396039.929551,1161963.638490,2307281.099620,207665.582679,1090450.504431,367.909243,98.511218,210.090251,30.156495,36.187794,85.443403,23.119980,49.255609,7.036516,8.041732,523.717803,140.730312,299.554520,43.224310,51.266042,3.000000,2.000000,3.000000,0.000000,1.000000,0.000000,1.000000,2.000000,0.000000,1.000000,0.000000,1.000000,3.000000,0.000000,1.000000,1553.000000,438.000000,932.000000,136.000000,161.000000,5.000000,
0.049251,0.994875,0.144569,0.271396,0.125420,0.005217,-210.020137,3.170708,1396039.929551,1161963.638490,2307281.099620,207665.582679,1090450.504431,367.909243,98.511218,210.090251,30.156495,36.187794,85.443403,23.119980,49.255609,7.036516,8.041732,523.717803,140.730312,299.554520,43.224310,51.266042,3.000000,2.000000,3.000000,0.000000,1.000000,0.000000,1.000000,2.000000,0.000000,1.000000,0.000000,1.000000,3.000000,0.000000,1.000000,1553.000000,438.000000,932.000000,136.000000,161.000000,5.000000,
0.049251,0.994875,0.144569,0.271396,0.125420,0.005217,-210.020137,3.170708,1396039.929551,1161963.638490,2307281.099620,207665.582679,1090450.504431,367.909243,98.511218,210.090251,30.156495,36.187794,85.443403,23.119980,49.255609,7.036516,8.041732,523.717803,140.730312,299.554520,43.224310,51.266042,3.000000,2.000000,3.000000,0.000000,1.000000,0.000000,1.000000,2.000000,0.000000,1.000000,0.000000,1.000000,3.000000,0.000000,1.000000,1553.000000,438.000000,932.000000,136.000000,161.000000,5.000000,
0.049251,0.994875,0.144569,0.271396,0.125420,0.005217,-210.020137,3.170708,1396039.929551,1161963.638490,2307281.099620,207665.582679,1090450.504431,367.909243,98.511218,210.090251,30.156495,36.187794,85.443403,23.119980,49.255609,7.036516,8.041732,523.717803,140.730312,299.554520,43.224310,51.266042,3.000000,2.000000,3.000000,0.000000,1.000000,0.000000,1.000000,2.000000,0.000000,1.000000,0.000000,1.000000,3.000000,0.000000,1.000000,1553.000000,438.000000,932.000000,136.000000,161.000000,5.000000,
0.049251,0.994875,0.144569,0.271396,0.125420,0.005217,-210.020137,3.170708,1396039.929551,1161963.638490,2307281.099620,207665.582679,1090450.504431,367.909243,98.511218,210.090251,30.156495,36.187794,85.443403,23.119980,49.255609,7.036516,8.041732,523.717803,140.730312,299.554520,43.224310,51.266042,3.000000,2.000000,3.000000,0.000000,1.000000,0.000000,1.000000,2.000000,0.000000,1.000000,0.000000,1.000000,3.000000,0.000000,1.000000,1553.000000,438.000000,932.000000,136.000000,161.000000,5.000000,
0.049259,0.988438,0.146367,0.282233,0.088009,0.006813,-211.729446,3.175183,1396038.377816,1161963.221821,2307280.212002,207665.454964,1090450.352770,368.493538,98.667669,210.423906,30.204388,36.245266,85.579100,23.156698,49.333834,7.047691,8.054504,524.549545,140.953812,300.030258,43.292957,51.347460,3.000000,2.000000,3.000000,0.000000,1.000000,0.000000,1.000000,2.000000,0.000000,1.000000,0.000000,1.000000,3.000000,0.000000,1.000000,1553.000000,438.000000,932.000000,136.000000,161.000000,5.000000,
0.049259,0.988438,0.146367,0.282233,0.088009,0.006813,-211.729446,3.175183,1396038.377816,1161963.221821,2307280.212002,207665.454964,1090450.352770,368.493538,98.667669,210.423906,30.204388,36.245266,85.579100,23.156698,49.333834,7.047691,8.054504,524.549545,140.953812,300.030258,43.292957,51.347460,3.000000,2.000000,3.000000,0.000000,1.000000,0.000000,1.000000,2.000000,0.000000,1.000000,0.000000,1.000000,3.000000,0.000000,1.000000,1553.000000,438.000000,932.000000,136.000000,161.000000,5.000000,
0.049259,0.988438,0.146367,0.282233,0.088009,0.006813,-211.729446,3.175183,1396038.377816,1161963.221821,2307280.212002,207665.454964,1090450.352770,368.493538,98.667669,210.423906,30.204388,36.245266,85.579100,23.156698,49.333834,7.047691,8.054504,524.549545,140.953812,300.030258,43.292957,51.347460,3.000000,2.000000,3.000000,0.000000,1.000000,0.000000,1.000000,2.000000,0.000000,1.000000,0.000000,1.000000,3.000000,0.000000,1.000000,1553.000000,438.000000,932.000000,136.000000,161.000000,5.000000,
0.049227,0.987588,0.148713,0.276139,0.089711,0.008352,-211.960691,3.178339,1396036.881454,1161962.820020,2307279.356058,207665.331807,1090450.206521,369.056983,98.818537,210.745654,30.250572,36.300687,85.709955,23.192106,49.409268,7.058467,8.066819,525.351608,141.169338,300.489019,43.359154,51.425973,3.000000,2.000000,3.000000,0.000000,1.000000,0.000000,1.000000,2.000000,0.000000,1.000000,0.000000,1.000000,3.000000,0.000000,1.000000,1553.000000,438.000000,932.000000,136.000000,161.000000,5.000000,
0.049185,0.997164,0.151293,0.292410,0.042417,0.007561,-211.082450,3.181359,1396037.650417,1161963.026501,2307279.795917,207665.395096,1090450.281677,368.767436,98.741007,210.580312,30.226839,36.272207,85.642710,23.173910,49.370504,7.052929,8.060490,524.939437,141.058582,300.253267,43.325136,51.385626,3.000000,2.000000,3.000000,0.000000,1.000000,0.000000,1.000000,2.000000,0.000000,1.000000,0.000000,1.000000,3.000000,0.000000,1.000000,1553.000000,438.000000,932.000000,136.000000,161.000000,5.000000,
0.049185,0.997164,0.151293,0.292410,0.042417,0.007561,-211.082450,3.181359,1396037.650417,1161963.026501,2307279.795917,207665.395096,1090450.281677,368.767436,98.741007,210.580312,30.226839,36.272207,85.642710,23.173910,49.370504,7.052929,8.060490,524.939437,141.058582,300.253267,43.325136,51.385626,3.000000,2.000000,3.000000,0.000000,1.000000,0.000000,1.000000,2.000000,0.000000,1.000000,0.000000,1.000000,3.000000,0.000000,1.000000,1553.000000,438.000000,932.000000,136.000000,161.000000,5.000000,
0.049185,0.997164,0.151293,0.292410,0.042417,0.007561,-211.082450,3.181359,1396037.650417,1161963.026501,2307279.795917,207665.395096,1090450.281677,368.767436,98.741007,210.580312,30.226839,36.272207,85.642710,23.173910,49.370504,7.052929,8.060490,524.939437,141.058582,300.253267,43.325136,51.385626,3.000000,2.000000,3.000000,0.000000,1.000000,0.000000,1.000000,2.000000,0.000000,1.000000,0.000000,1.000000,3.000000,0.000000,1.000000,1553.000000,438.000000,932.000000,136.000000,161.000000,5.000000,
0.049185,0.997164,0.151293,0.292410,0.042417,0.007561,-211.082450,3.181359,1396037.650417,1161963.026501,2307279.795917,207665.395096,1090450.281677,368.767436,98.741007,210.580312,30.226839,36.272207,85.642710,23.173910,49.370504,7.052929,8.060490,524.939437,141.058582,300.253267,43.325136,51.385626,3.000000,2.000000,3.000000,0.000000,1.000000,0.000000,1.000000,2.000000,0.000000,1.000000,0.000000,1.000000,3.000000,0.000000,1.000000,1553.000000,438.000000,932.000000,136.000000,161.000000,5.000000,
0.049185,0.997164,0.151293,0.292410,0.042417,0.007561,-211.082450,3.181359,1396037.650417,1161963.026501,2307279.795917,207665.395096,1090450.281677,368.767436,98.741007,210.580312,30.226839,36.272207,85.642710,23.173910,49.370504,7.052929,8.060490,524.939437,141.058582,300.253267,43.325136,51.385626,3.000000,2.000000,3.000000,0.000000,1.000000,0.000000,1.000000,2.000000,0.000000,1.000000,0.000000,1.000000,3.000000,0.000000,1.000000,1553.000000,438.000000,932.000000,136.000000,161.000000,5.000000,
0.049185,0.997164,0.151293,0.292410,0.042417,0.007561,-211.082450,3.181359,1396037.650417,1161963.026501,2307279.795917,207665.395096,1090450.281677,368.767436,98.741007,210.580312,30.226839,36.272207,85.642710,23.173910,49.370504,7.052929,8.060490,524.939437,141.058582,300.253267,43.325136,51.385626,3.000000,2.000000,3.000000,0.000000,1.000000,0.000000,1.000000,2.000000,0.000000,1.000000,0.000000,1.000000,3.000000,0.000000,1.000000,1553.000000,438.000000,932.000000,136.000000,161.000000,5.000000,
0.049185,0.997164,0.151293,0.292410,0.042417,0.007561,-211.082450,3.181359,1396037.650417,1161963.026501,2307279.795917,207665.395096,1090450.281677,368.767436,98.741007,210.580312,30.226839,36.272207,85.642710,23.173910,49.370504,7.052929,8.060490,524.939437,141.058582,300.253267,43.325136,51.385626,3.000000,2.000000,3.000000,0.000000,1.000000,0.000000,1.000000,2.000000,0.000000,1.000000,0.000000,1.000000,3.000000,0.000000,1.000000,1553.000000,438.000000,932.000000,136.000000,161.000000,5.000000,
0.049185,0.997164,0.151293,0.292410,0.042417,0.007561,-211.082450,3.181359,1396037.650417,1161963.026501,2307279.795917,207665.395096,1090450.281677,368.767436,98.741007,210.580312,30.226839,36.272207,85.642710,23.173910,49.370504,7.052929,8.060490,524.939437,141.058582,300.253267,43.325136,51.385626,3.000000,2.000000,3.000000,0.000000,1.000000,0.000000,1.000000,2.000000,0.000000,1.000000,0.000000,1.000000,3.000000,0.000000,1.000000,1553.000000,438.000000,932.000000,136.000000,161.000000,5.000000,
0.049185,0.997164,0.151293,0.292410,0.042417,0.007561,-211.082450,3.181359,1396037.650417,1161963.026501,2307279.795917,207665.395096,1090450.281677,368.767436,98.741007,210.580312,30.226839,36.272207,85.642710,23.173910,49.370504,7.052929,8.060490,524.939437,141.058582,300.253267,43.325136,51.385626,3.000000,2.000000,3.000000,0.000000,1.000000,0.000000,1.000000,2.000000,0.000000,1.000000,0.000000,1.000000,3.000000,0.000000,1.000000,1553.000000,438.000000,932.000000,136.000000,161.000000,5.000000,
0.049185,0.997164,0.151293,0.292410,0.042417,0.007561,-211.082450,3.181359,1396037.650417,1161963.026501,2307279.795917,207665.395096,1090450.281677,368.767436,98.741007,210.580312,30.226839,36.272207,85.642710,23.173910,49.370504,7.052929,8.060490,524.939437,141.058582,300.253267,43.325136,51.385626,3.000000,2.000000,3.000000,0.000000,1.000000,0.000000,1.000000,2.000000,0.000000,1.000000,0.000000,1.000000,3.000000,0.000000,1.000000,1553.000000,438.000000,932.000000,136.000000,161.000000,5.000000,
0.049185,0.997164,0.151293,0.292410,0.042417,0.007561,-211.082450,3.181359,1396037.650417,1161963.026501,2307279.795917,207665.395096,1090450.281677,368.767436,98.741007,210.580312,30.226839,36.272207,85.642710,23.173910,49.370504,7.052929,8.060490,524.939437,141.058582,300.253267,43.325136,51.385626,3.000000,2.000000,3.000000,0.000000,1.000000,0.000000,1.000000,2.000000,0.000000,1.000000,0.000000,1.000000,3.000000,0.000000,1.000000,1553.000000,438.000000,932.000000,136.000000,161.000000,5.000000,
0.049185,0.997164,0.151293,0.292410,0.042417,0.007561,-211.082450,3.181359,1396037.650417,1161963.026501,2307279.795917,207665.395096,1090450.281677,368.767436,98.741007,210.580312,30.226839,36.272207,85.642710,23.173910,49.370504,7.052929,8.060490,524.939437,141.058582,300.253267,43.325136,51.385626,3.000000,2.000000,3.000000,0.000000,1.000000,0.000000,1.000000,2.000000,0.000000,1.000000,0.000000,1.000000,3.000000,0.000000,1.000000,1553.000000,438.000000,932.000000,136.000000,161.000000,5.000000,
0.049185,0.997164,0.151293,0.292410,0.042417,0.007561,-211.082450,3.181359,1396037.650417,1161963.026501,2307279.795917,207665.395096,1090450.281677,368.767436,98.741007,210.580312,30.226839,36.272207,85.642710,23.173910,49.370504,7.052929,8.060490,524.939437,141.058582,300.253267,43.325136,51.385626,3.000000,2.000000,3.000000,0.000000,1.000000,0.000000,1.000000,2.000000,0.000000,1.000000,0.000000,1.000000,3.000000,0.000000,1.000000,1553.000000,438.000000,932.000000,136.000000,161.000000,5.000000,
0.049185,0.997164,0.151293,0.292410,0.042417,0.007561,-211.082450,3.181359,1396037.650417,1161963.026501,2307279.795917,207665.395096,1090450.281677,368.767436,98.741007,210.580312,30.226839,36.272207,85.642710,23.173910,49.370504,7.052929,8.060490,524.939437,141.058582,300.253267,43.325136,51.385626,3.000000,2.000000,3.000000,0.000000,1.000000,0.000000,1.000000,2.000000,0.000000,1.000000,0.000000,1.000000,3.000000,0.000000,1.000000,1553.000000,438.000000,932.000000,136.000000,161.000000,5.000000,
0.049185,0.997164,0.151293,0.292410,0.042417,0.007561,-211.082450,3.181359,1396037.650417,1161963.026501,2307279.795917,207665.395096,1090450.281677,368.767436,98.741007,210.580312,30.226839,36.272207,85.642710,23.173910,49.370504,7.052929,8.060490,524.939437,141.058582,300.253267,43.325136,51.385626,3.000000,2.000000,3.000000,0.000000,1.000000,0.000000,1.000000,2.000000,0.000000,1.000000,0.000000,1.000000,3.000000,0.000000,1.000000,1553.000000,438.000000,932.000000,136.000000,161.000000,5.000000,
0.049185,0.997164,0.151293,0.292410,0.042417,0.007561,-211.082450,3.181359,1396037.650417,1161963.026501,2307279.795917,207665.395096,1090450.281677,368.767436,98.741007,210.580312,30.226839,36.272207,85.642710,23.173910,49.370504,7.052929,8.060490,524.939437,141.058582,300.253267,43.325136,51.385626,3.000000,2.000000,3.000000,0.000000,1.000000,0.000000,1.000000,2.000000,0.000000,1.000000,0.000000,1.000000,3.000000,0.000000,1.000000,1553.000000,438.000000,932.000000,136.000000,161.000000,5.000000,
0.049185,0.997164,0.151293,0.292410,0.042417,0.007561,-211.082450,3.181359,1396037.650417,1161963.026501,2307279.795917,207665.395096,1090450.281677,368.767436,98.741007,210.580312,30.226839,36.272207,85.642710,23.173910,49.370504,7.052929,8.060490,524.939437,141.058582,300.253267,43.325136,51.385626,3.000000,2.000000,3.000000,0.000000,1.000000,0.000000,1.000000,2.000000,0.000000,1.000000,0.000000,1.000000,3.000000,0.000000,1.000000,1553.000000,438.000000,932.000000,136.000000,161.000000,5.000000,
0.049185,0.997164,0.151293,0.292410,0.042417,0.007561,-211.082450,3.181359,1396037.650417,1161963.026501,2307279.795917,207665.395096,1090450.281677,368.767436,98.741007,210.580312,30.226839,36.272207,85.642710,23.173910,49.370504,7.052929,8.060490,524.939437,141.058582,300.253267,43.325136,51.385626,3.000000,2.000000,3.000000,0.000000,1.000000,0.000000,1.000000,2.000000,0.000000,1.000000,0.000000,1.000000,3.000000,0.000000,1.000000,1553.000000,438.000000,932.000000,136.000000,161.000000,5.000000,
0.049185,0.997164,0.151293,0.292410,0.042417,0.007561,-211.082450,3.181359,1396037.650417,1161963.026501,2307279.795917,207665.395096,1090450.281677,368.767436,98.741007,210.580312,30.226839,36.272207,85.642710,23.173910,49.370504,7.052929,8.060490,524.939437,141.058582,300.253267,43.325136,51.385626,3.000000,2.000000,3.000000,0.000000,1.000000,0.000000,1.000000,2.000000,0.000000,1.000000,0.000000,1.000000,3.000000,0.000000,1.000000,1553.000000,438.000000,932.000000,136.000000,161.000000,5.000000,
0.049185,0.997164,0.151293,0.292410,0.042417,0.007561,-211.082450,3.181359,1396037.650417,1161963.026501,2307279.795917,207665.395096,1090450.281677,368.767436,98.741007,210.580312,30.226839,36.272207,85.642710,23.173910,49.370504,7.052929,8.060490,524.939437,141.058582,300.253267,43.325136,51.385626,3.000000,2.000000,3.000000,0.000000,1.000000,0.000000,1.000000,2.000000,0.000000,1.000000,0.000000,1.000000,3.000000,0.000000,1.000000,1553.000000,438.000000,932.000000,136.000000,161.000000,5.000000,
0.049185,0.997164,0.151293,0.292410,0.042417,0.007561,-211.082450,3.181359,1396037.650417,1161963.026501,2307279.795917,207665.395096,1090450.281677,368.767436,98.741007,210.580312,30.226839,36.272207,85.642710,23.173910,49.370504,7.052929,8.060490,524.939437,141.058582,300.253267,43.325136,51.385626,3.000000,2.000000,3.000000,0.000000,1.000000,0.000000,1.000000,2.000000,0.000000,1.000000,0.000000,1.000000,3.000000,0.000000,1.000000,1553.000000,438.000000,932.000000,136.000000,161.000000,5.000000,
0.049185,0.997164,0.151293,0.292410,0.042417,0.007561,-211.082450,3.181359,1396037.650417,1161963.026501,2307279.795917,207665.395096,1090450.281677,368.767436,98.741007,210.580312,30.226839,36.272207,85.642710,23.173910,49.370504,7.052929,8.060490,524.939437,141.058582,300.253267,43.325136,51.385626,3.000000,2.000000,3.000000,0.000000,1.000000,0.000000,1.000000,2.000000,0.000000,1.000000,0.000000,1.000000,3.000000,0.000000,1.000000,1553.000000,438.000000,932.000000,136.000000,161.000000,5.000000,
0.049185,0.997164,0.151293,0.292410,0.042417,0.007561,-211.082450,3.181359,1396037.650417,1161963.026501,2307279.795917,207665.395096,1090450.281677,368.767436,98.741007,210.580312,30.226839,36.272207,85.642710,23.173910,49.370504,7.052929,8.060490,524.939437,141.058582,300.253267,43.325136,51.385626,3.000000,2.000000,3.000000,0.000000,1.000000,0.000000,1.000000,2.000000,0.000000,1.000000,0.000000,1.000000,3.000000,0.000000,1.000000,1553.000000,438.000000,932.000000,136.000000,161.000000,5.000000,
0.049185,0.997164,0.151293,0.292410,0.042417,0.007561,-211.082450,3.181359,1396037.650417,1161963.026501,2307279.795917,207665.395096,1090450.281677,368.767436,98.741007,210.580312,30.226839,36.272207,85.642710,23.173910,49.370504,7.052929,8.060490,524.939437,141.058582,300.253267,43.325136,51.385626,3.000000,2.000000,3.000000,0.000000,1.000000,0.000000,1.000000,2.000000,0.000000,1.000000,0.000000,1.000000,3.000000,0.000000,1.000000,1553.000000,438.000000,932.000000,136.000000,161.000000,5.000000,
0.049185,0.997164,0.151293,0.292410,0.042417,0.007561,-211.082450,3.181359,1396037.650417,1161963.026501,2307279.795917,207665.395096,1090450.281677,368.767436,98.741007,210.580312,30.226839,36.272207,85.642710,23.173910,49.370504,7.052929,8.060490,524.939437,141.058582,300.253267,43.325136,51.385626,3.000000,2.000000,3.000000,0.000000,1.000000,0.000000,1.000000,2.000000,0.000000,1.000000,0.000000,1.000000,3.000000,0.000000,1.000000,1553.000000,438.000000,932.000000,136.000000,161.000000,5.000000,
0.049185,0.997164,0.151293,0.292410,0.042417,0.007561,-211.082450,3.181359,1396037.650417,1161963.026501,2307279.795917,207665.395096,1090450.281677,368.767436,98.741007,210.580312,30.226839,36.272207,85.642710,23.173910,49.370504,7.052929,8.060490,524.939437,141.058582,300.253267,43.325136,51.385626,3.000000,2.000000,3.000000,0.000000,1.000000,0.000000,1.000000,2.000000,0.000000,1.000000,0.000000,1.000000,3.000000,0.000000,1.000000,1553.000000,438.000000,932.000000,136.000000,161.000000,5.000000,
0.049185,0.997164,0.151293,0.292410,0.042417,0.007561,-211.082450,3.181359,1396037.650417,1161963.026501,2307279.795917,207665.395096,1090450.281677,368.767436,98.741007,210.580312,30.226839,36.272207,85.642710,23.173910,49.370504,7.052929,8.060490,524.939437,141.058582,300.253267,43.325136,51.385626,3.000000,2.000000,3.000000,0.000000,1.000000,0.000000,1.000000,2.000000,0.000000,1.000000,0.000000,1.000000,3.000000,0.000000,1.000000,1553.000000,438.000000,932.000000,136.000000,161.000000,5.000000,
0.049185,0.997164,0.151293,0.292410,0.042417,0.007561,-211.082450,3.181359,1396037.650417,1161963.026501,2307279.795917,207665.395096,1090450.281677,368.767436,98.741007,210.580312,30.226839,36.272207,85.642710,23.173910,49.370504,7.052929,8.060490,524.939437,141.058582,300.253267,43.325136,51.385626,3.000000,2.000000,3.000000,0.000000,1.000000,0.000000,1.000000,2.000000,0.000000,1.000000,0.000000,1.000000,3.000000,0.000000,1.000000,1553.000000,438.000000,932.000000,136.000000,161.000000,5.000000,
0.049185,0.997164,0.151293,0.292410,0.042417,0.007561,-211.082450,3.181359,1396037.650417,1161963.026501,2307279.795917,207665.395096,1090450.281677,368.767436,98.741007,210.580312,30.226839,36.272207,85.642710,23.173910,49.370504,7.052929,8.060490,524.939437,141.058582,300.253267,43.325136,51.385626,3.000000,2.000000,3.000000,0.000000,1.000000,0.000000,1.000000,2.000000,0.000000,1.000000,0.000000,1.000000,3.000000,0.000000,1.000000,1553.000000,438.000000,932.000000,136.000000,161.000000,5.000000,
0.049191,0.995849,0.150640,0.307132,0.013991,0.008393,-212.797926,3.180317,1396036.841646,1161962.809331,2307279.333287,207665.328531,1090450.202630,369.071973,98.822550,210.754214,30.251801,36.302161,85.713436,23.193047,49.411275,7.058754,8.067147,525.372945,141.175071,300.501224,43.360915,51.428062,3.000000,2.000000,3.000000,0.000000,1.000000,0.000000,1.000000,2.000000,0.000000,1.000000,0.000000,1.000000,3.000000,0.000000,1.000000,1553.000000,438.000000,932.000000,136.000000,161.000000,5.000000,
0.049191,0.995849,0.150640,0.307132,0.013991,0.008393,-212.797926,3.180317,1396036.841646,1161962.809331,2307279.333287,207665.328531,1090450.202630,369.071973,98.822550,210.754214,30.251801,36.302161,85.713436,23.193047,49.411275,7.058754,8.067147,525.372945,141.175071,300.501224,43.360915,51.428062,3.000000,2.000000,3.000000,0.000000,1.000000,0.000000,1.000000,2.000000,0.000000,1.000000,0.000000,1.000000,3.000000,0.000000,1.000000,1553.000000,438.000000,932.000000,136.000000,161.000000,5.000000,
0.049191,0.995849,0.150640,0.307132,0.013991,0.008393,-212.797926,3.180317,1396036.841646,1161962.809331,2307279.333287,207665.328531,1090450.202630,369.071973,98.822550,210.754214,30.251801,36.302161,85.713436,23.193047,49.411275,7.058754,8.067147,525.372945,141.175071,300.501224,43.360915,51.428062,3.000000,2.000000,3.000000,0.000000,1.000000,0.000000,1.000000,2.000000,0.000000,1.000000,0.000000,1.000000,3.000000,0.000000,1.000000,1553.000000,438.000000,932.000000,136.000000,161.000000,5.000000,
0.049191,0.995849,0.150640,0.307132,0.013991,0.008393,-212.797926,3.180317,1396036.841646,1161962.809331,2307279.333287,207665.328531,1090450.202630,369.071973,98.822550,210.754214,30.251801,36.302161,85.713436,23.193047,49.411275,7.058754,8.067147,525.372945,141.175071,300.501224,43.360915,51.428062,3.000000,2.000000,3.000000,0.000000,1.000000,0.000000,1.000000,2.000000,0.000000,1.000000,0.000000,1.000000,3.000000,0.000000,1.000000,1553.000000,438.000000,932.000000,136.000000,161.000000,5.000000,
0.049191,0.995849,0.150640,0.307132,0.013991,0.008393,-212.797926,3.180317,1396036.841646,1161962.809331,2307279.333287,207665.328531,1090450.202630,369.071973,98.822550,210.754214,30.251801,36.302161,85.713436,23.193047,49.411275,7.058754,8.067147,525.372945,141.175071,300.501224,43.360915,51.428062,3.000000,2.000000,3.000000,0.000000,1.000000,0.000000,1.000000,2.000000,0.000000,1.000000,0.000000,1.000000,3.000000,0.000000,1.000000,1553.000000,438.000000,932.000000,136.000000,161.000000,5.000000,
0.049191,0.995849,0.150640,0.307132,0.013991,0.008393,-212.797926,3.180317,1396036.841646,1161962.809331,2307279.333287,207665.328531,1090450.202630,369.071973,98.822550,210.754214,30.251801,36.302161,85.713436,23.193047,49.411275,7.058754,8.067147,525.372945,141.175071,300.501224,43.360915,51.428062,3.000000,2.000000,3.000000,0.000000,1.000000,0.000000,1.000000,2.000000,0.000000,1.000000,0.000000,1.000000,3.000000,0.000000,1.000000,1553.000000,438.000000,932.000000,136.000000,161.000000,5.000000,
0.049191,0.995849,0.150640,0.307132,0.013991,0.008393,-212.797926,3.180317,1396036.841646,1161962.809331,2307279.333287,207665.328531,1090450.202630,369.071973,98.822550,210.754214,30.251801,36.302161,85.713436,23.193047,49.411275,7.058754,8.067147,525.372945,141.175071,300.501224,43.360915,51.428062,3.000000,2.000000,3.000000,0.000000,1.000000,0.000000,1.000000,2.000000,0.000000,1.000000,0.000000,1.000000,3.000000,0.000000,1.000000,1553.000000,438.000000,932.000000,136.000000,161.000000,5.000000,
0.049191,0.995849,0.150640,0.307132,0.013991,0.008393,-212.797926,3.180317,1396036.841646,1161962.809331,2307279.333287,207665.328531,1090450.202630,369.071973,98.822550,210.754214,30.251801,36.302161,85.713436,23.193047,49.411275,7.058754,8.067147,525.372945,141.175071,300.501224,43.360915,51.428062,3.000000,2.000000,3.000000,0.000000,1.000000,0.000000,1.000000,2.000000,0.000000,1.000000,0.000000,1.000000,3.000000,0.000000,1.000000,1553.000000,438.000000,932.000000,136.000000,161.000000,5.000000,
0.049191,0.995849,0.150640,0.307132,0.013991,0.008393,-212.797926,3.180317,1396036.841646,1161962.809331,2307279.333287,207665.328531,1090450.202630,369.071973,98.822550,210.754214,30.251801,36.302161,85.713436,23.193047,49.411275,7.058754,8.067147,525.372945,141.175071,300.501224,43.360915,51.428062,3.000000,2.000000,3.000000,0.000000,1.000000,0.000000,1.000000,2.000000,0.000000,1.000000,0.000000,1.000000,3.000000,0.000000,1.000000,1553.000000,438.000000,932.000000,136.000000,161.000000,5.000000,
0.049191,0.995849,0.150640,0.307132,0.013991,0.008393,-212.797926,3.180317,1396036.841646,1161962.809331,2307279.333287,207665.328531,1090450.202630,369.071973,98.822550,210.754214,30.251801,36.302161,85.713436,23.193047,49.411275,7.058754,8.067147,525.372945,141.175071,300.501224,43.360915,51.428062,3.000000,2.000000,3.000000,0.000000,1.000000,0.000000,1.000000,2.000000,0.000000,1.000000,0.000000,1.000000,3.000000,0.000000,1.000000,1553.000000,438.000000,932.000000,136.000000,161.000000,5.000000,
0.049191,0.995849,0.150640,0.307132,0.013991,0.008393,-212.797926,3.180317,1396036.841646,1161962.809331,2307279.333287,207665.328531,1090450.202630,369.071973,98.822550,210.754214,30.251801,36.302161,85.713436,23.193047,49.411275,7.058754,8.067147,525.372945,141.175071,300.501224,43.360915,51.428062,3.000000,2.000000,3.000000,0.000000,1.000000,0.000000,1.000000,2.000000,0.000000,1.000000,0.000000,1.000000,3.000000,0.000000,1.000000,1553.000000,438.000000,932.000000,136.000000,161.000000,5.000000,
0.049191,0.995849,0.150640,0.307132,0.013991,0.008393,-212.797926,3.180317,1396036.841646,1161962.809331,2307279.333287,207665.328531,1090450.202630,369.071973,98.822550,210.754214,30.251801,36.302161,85.713436,23.193047,49.411275,7.058754,8.067147,525.372945,141.175071,300.501224,43.360915,51.428062,3.000000,2.000000,3.000000,0.000000,1.000000,0.000000,1.000000,2.000000,0.000000,1.000000,0.000000,1.000000,3.000000,0.000000,1.000000,1553.000000,438.000000,932.000000,136.000000,161.000000,5.000000,
0.049191,0.995849,0.150640,0.307132,0.013991,0.008393,-212.797926,3.180317,1396036.841646,1161962.809331,2307279.333287,207665.328531,1090450.202630,369.071973,98.822550,210.754214,30.251801,36.302161,85.713436,23.193047,49.411275,7.058754,8.067147,525.372945,141.175071,300.501224,43.360915,51.428062,3.000000,2.000000,3.000000,0.000000,1.000000,0.000000,1.000000,2.000000,0.000000,1.000000,0.000000,1.000000,3.000000,0.000000,1.000000,1553.000000,438.000000,932.000000,136.000000,161.000000,5.000000,
0.049191,0.995849,0.150640,0.307132,0.013991,0.008393,-212.797926,3.180317,1396036.841646,1161962.809331,2307279.333287,207665.328531,1090450.202630,369.071973,98.822550,210.754214,30.251801,36.302161,85.713436,23.193047,49.411275,7.058754,8.067147,525.372945,141.175071,300.501224,43.360915,51.428062,3.000000,2.000000,3.000000,0.000000,1.000000,0.000000,1.000000,2.000000,0.000000,1.000000,0.000000,1.000000,3.000000,0.000000,1.000000,1553.000000,438.000000,932.000000,136.000000,161.000000,5.000000,
0.049191,0.995849,0.150640,0.307132,0.013991,0.008393,-212.797926,3.180317,1396036.841646,1161962.809331,2307279.333287,207665.328531,1090450.202630,369.071973,98.822550,210.754214,30.251801,36.302161,85.713436,23.193047,49.411275,7.058754,8.067147,525.372945,141.175071,300.501224,43.360915,51.428062,3.000000,2.000000,3.000000,0.000000,1.000000,0.000000,1.000000,2.000000,0.000000,1.000000,0.000000,1.000000,3.000000,0.000000,1.000000,1553.000000,438.000000,932.000000,136.000000,161.000000,5.000000,
0.049191,0.995849,0.150640,0.307132,0.013991,0.008393,-212.797926,3.180317,1396036.841646,1161962.809331,2307279.333287,207665.328531,1090450.202630,369.071973,98.822550,210.754214,30.251801,36.302161,85.713436,23.193047,49.411275,7.058754,8.067147,525.372945,141.175071,300.501224,43.360915,51.428062,3.000000,2.000000,3.000000,0.000000,1.000000,0.000000,1.000000,2.000000,0.000000,1.000000,0.000000,1.000000,3.000000,0.000000,1.000000,1553.000000,438.000000,932.000000,136.000000,161.000000,5.000000,
0.049191,0.995849,0.150640,0.307132,0.013991,0.008393,-212.797926,3.180317,1396036.841646,1161962.809331,2307279.333287,207665.328531,1090450.202630,369.071973,98.822550,210.754214,30.251801,36.302161,85.713436,23.193047,49.411275,7.058754,8.067147,525.372945,141.175071,300.501224,43.360915,51.428062,3.000000,2.000000,3.000000,0.000000,1.000000,0.000000,1.000000,2.000000,0.000000,1.000000,0.000000,1.000000,3.000000,0.000000,1.000000,1553.000000,438.000000,932.000000,136.000000,161.000000,5.000000,
0.049191,0.995849,0.150640,0.307132,0.013991,0.008393,-212.797926,3.180317,1396036.841646,1161962.809331,2307279.333287,207665.328531,1090450.202630,369.071973,98.822550,210.754214,30.251801,36.302161,85.713436,23.193047,49.411275,7.058754,8.067147,525.372945,141.175071,300.501224,43.360915,51.428062,3.000000,2.000000,3.000000,0.000000,1.000000,0.000000,1.000000,2.000000,0.000000,1.000000,0.000000,1.000000,3.000000,0.000000,1.000000,1553.000000,438.000000,932.000000,136.000000,161.000000,5.000000,
0.049191,0.995849,0.150640,0.307132,0.013991,0.008393,-212.797926,3.180317,1396036.841646,1161962.809331,2307279.333287,207665.328531,1090450.202630,369.071973,98.822550,210.754214,30.251801,36.302161,85.713436,23.193047,49.411275,7.058754,8.067147,525.372945,141.175071,300.501224,43.360915,51.428062,3.000000,2.000000,3.000000,0.000000,1.000000,0.000000,1.000000,2.000000,0.000000,1.000000,0.000000,1.000000,3.000000,0.000000,1.000000,1553.000000,438.000000,932.000000,136.000000,161.000000,5.000000,
0.049191,0.995849,0.150640,0.307132,0.013991,0.008393,-212.797926,3.180317,1396036.841646,1161962.809331,2307279.333287,207665.328531,1090450.202630,369.071973,98.822550,210.754214,30.251801,36.302161,85.713436,23.193047,49.411275,7.058754,8.067147,525.372945,141.175071,300.501224,43.360915,51.428062,3.000000,2.000000,3.000000,0.000000,1.000000,0.000000,1.000000,2.000000,0.000000,1.000000,0.000000,1.000000,3.000000,0.000000,1.000000,1553.000000,438.000000,932.000000,136.000000,161.000000,5.000000,
0.049191,0.995849,0.150640,0.307132,0.013991,0.008393,-212.797926,3.180317,1396036.841646,1161962.809331,2307279.333287,207665.328531,1090450.202630,369.071973,98.822550,210.754214,30.251801,36.302161,85.713436,23.193047,49.411275,7.058754,8.067147,525.372945,141.175071,300.501224,43.360915,51.428062,3.000000,2.000000,3.000000,0.000000,1.000000,0.000000,1.000000,2.000000,0.000000,1.000000,0.000000,1.000000,3.000000,0.000000,1.000000,1553.000000,438.000000,932.000000,136.000000,161.000000,5.000000,
0.049191,0.995849,0.150640,0.307132,0.013991,0.008393,-212.797926,3.180317,1396036.841646,1161962.809331,2307279.333287,207665.328531,1090450.202630,369.071973,98.822550,210.754214,30.251801,36.302161,85.713436,23.193047,49.411275,7.058754,8.067147,525.372945,141.175071,300.501224,43.360915,51.428062,3.000000,2.000000,3.000000,0.000000,1.000000,0.000000,1.000000,2.000000,0.000000,1.000000,0.000000,1.000000,3.000000,0.000000,1.000000,1553.000000,438.000000,932.000000,136.000000,161.000000,5.000000,
0.049210,0.991778,0.150679,0.296173,0.031397,0.008039,-212.405179,3.181665,1396037.186228,1161962.901858,2307279.530394,207665.356891,1090450.236308,368.942223,98.787808,210.680122,30.241166,36.289399,85.683303,23.184894,49.393904,7.056272,8.064311,525.188246,141.125440,300.395580,43.345671,51.409982,3.000000,2.000000,3.000000,0.000000,1.000000,0.000000,1.000000,2.000000,0.000000,1.000000,0.000000,1.000000,3.000000,0.000000,1.000000,1553.000000,438.000000,932.000000,136.000000,161.000000,5.000000,
0.049210,0.991778,0.150679,0.296173,0.031397,0.008039,-212.405179,3.181665,1396037.186228,1161962.901858,2307279.530394,207665.356891,1090450.236308,368.942223,98.787808,210.680122,30.241166,36.289399,85.683303,23.184894,49.393904,7.056272,8.064311,525.188246,141.125440,300.395580,43.345671,51.409982,3.000000,2.000000,3.000000,0.000000,1.000000,0.000000,1.000000,2.000000,0.000000,1.000000,0.000000,1.000000,3.000000,0.000000,1.000000,1553.000000,438.000000,932.000000,136.000000,161.000000,5.000000,
0.049206,0.998098,0.147350,0.311901,0.017902,0.008050,-211.310397,3.173986,1396037.175089,1161962.898867,2307279.524022,207665.355974,1090450.235220,368.946417,98.788931,210.682517,30.241510,36.289812,85.684277,23.185157,49.394466,7.056352,8.064403,525.194217,141.127045,300.398995,43.346164,51.410566,3.000000,2.000000,3.000000,0.000000,1.000000,0.000000,1.000000,2.000000,0.000000,1.000000,0.000000,1.000000,3.000000,0.000000,1.000000,1553.000000,438.000000,932.000000,136.000000,161.000000,5.000000,
0.049206,0.998098,0.147350,0.311901,0.017902,0.008050,-211.310397,3.173986,1396037.175089,1161962.898867,2307279.524022,207665.355974,1090450.235220,368.946417,98.788931,210.682517,30.241510,36.289812,85.684277,23.185157,49.394466,7.056352,8.064403,525.194217,141.127045,300.398995,43.346164,51.410566,3.000000,2.000000,3.000000,0.000000,1.000000,0.000000,1.000000,2.000000,0.000000,1.000000,0.000000,1.000000,3.000000,0.000000,1.000000,1553.000000,438.000000,932.000000,136.000000,161.000000,5.000000,
0.049206,0.998098,0.147350,0.311901,0.017902,0.008050,-211.310397,3.173986,1396037.175089,1161962.898867,2307279.524022,207665.355974,1090450.235220,368.946417,98.788931,210.682517,30.241510,36.289812,85.684277,23.185157,49.394466,7.056352,8.064403,525.194217,141.127045,300.398995,43.346164,51.410566,3.000000,2.000000,3.000000,0.000000,1.000000,0.000000,1.000000,2.000000,0.000000,1.000000,0.000000,1.000000,3.000000,0.000000,1.000000,1553.000000,438.000000,932.000000,136.000000,161.000000,5.000000,
0.049206,0.998098,0.147350,0.311901,0.017902,0.008050,-211.310397,3.173986,1396037.175089,1161962.898867,2307279.524022,207665.355974,1090450.235220,368.946417,98.788931,210.682517,30.241510,36.289812,85.684277,23.185157,49.394466,7.056352,8.064403,525.194217,141.127045,300.398995,43.346164,51.410566,3.000000,2.000000,3.000000,0.000000,1.000000,0.000000,1.000000,2.000000,0.000000,1.000000,0.000000,1.000000,3.000000,0.000000,1.000000,1553.000000,438.000000,932.000000,136.000000,161.000000,5.000000,
0.049206,0.998098,0.147350,0.311901,0.017902,0.008050,-211.310397,3.173986,1396037.175089,1161962.898867,2307279.524022,207665.355974,1090450.235220,368.946417,98.788931,210.682517,30.241510,36.289812,85.684277,23.185157,49.394466,7.056352,8.064403,525.194217,141.127045,300.398995,43.346164,51.410566,3.000000,2.000000,3.000000,0.000000,1.000000,0.000000,1.000000,2.000000,0.000000,1.000000,0.000000,1.000000,3.000000,0.000000,1.000000,1553.000000,438.000000,932.000000,136.000000,161.000000,5.000000,
0.049206,0.998098,0.147350,0.311901,0.017902,0.008050,-211.310397,3.173986,1396037.175089,1161962.898867,2307279.524022,207665.355974,1090450.235220,368.946417,98.788931,210.682517,30.241510,36.289812,85.684277,23.185157,49.394466,7.056352,8.064403,525.194217,141.127045,300.398995,43.346164,51.410566,3.000000,2.000000,3.000000,0.000000,1.000000,0.000000,1.000000,2.000000,0.000000,1.000000,0.000000,1.000000,3.000000,0.000000,1.000000,1553.000000,438.000000,932.000000,136.000000,161.000000,5.000000,
0.049206,0.998098,0.147350,0.311901,0.017902,0.008050,-211.310397,3.173986,1396037.175089,1161962.898867,2307279.524022,207665.355974,1090450.235220,368.946417,98.788931,210.682517,30.241510,36.289812,85.684277,23.185157,49.394466,7.056352,8.064403,525.194217,141.127045,300.398995,43.346164,51.410566,3.000000,2.000000,3.000000,0.000000,1.000000,0.000000,1.000000,2.000000,0.000000,1.000000,0.000000,1.000000,3.000000,0.000000,1.000000,1553.000000,438.000000,932.000000,136.000000,161.000000,5.000000,
0.049206,0.998098,0.147350,0.311901,0.017902,0.008050,-211.310397,3.173986,1396037.175089,1161962.898867,2307279.524022,207665.355974,1090450.235220,368.946417,98.788931,210.682517,30.241510,36.289812,85.684277,23.185157,49.394466,7.056352,8.064403,525.194217,141.127045,300.398995,43.346164,51.410566,3.000000,2.000000,3.000000,0.000000,1.000000,0.000000,1.000000,2.000000,0.000000,1.000000,0.000000,1.000000,3.000000,0.000000,1.000000,1553.000000,438.000000,932.000000,136.000000,161.000000,5.000000,
0.049206,0.998098,0.147350,0.311901,0.017902,0.008050,-211.310397,3.173986,1396037.175089,1161962.898867,2307279.524022,207665.355974,1090450.235220,368.946417,98.788931,210.682517,30.241510,36.289812,85.684277,23.185157,49.394466,7.056352,8.064403,525.194217,141.127045,300.398995,43.346164,51.410566,3.000000,2.000000,3.000000,0.000000,1.000000,0.000000,1.000000,2.000000,0.000000,1.000000,0.000000,1.000000,3.000000,0.000000,1.000000,1553.000000,438.000000,932.000000,136.000000,161.000000,5.000000,
0.049206,0.998098,0.147350,0.311901,0.017902,0.008050,-211.310397,3.173986,1396037.175089,1161962.898867,2307279.524022,207665.355974,1090450.235220,368.946417,98.788931,210.682517,30.241510,36.289812,85.684277,23.185157,49.394466,7.056352,8.064403,525.194217,141.127045,300.398995,43.346164,51.410566,3.000000,2.000000,3.000000,0.000000,1.000000,0.000000,1.000000,2.000000,0.000000,1.000000,0.000000,1.000000,3.000000,0.000000,1.000000,1553.000000,438.000000,932.000000,136.000000,161.000000,5.000000,
0.049206,0.998098,0.147350,0.311901,0.017902,0.008050,-211.310397,3.173986,1396037.175089,1161962.898867,2307279.524022,207665.355974,1090450.235220,368.946417,98.788931,210.682517,30.241510,36.289812,85.684277,23.185157,49.394466,7.056352,8.064403,525.194217,141.127045,300.398995,43.346164,51.410566,3.000000,2.000000,3.000000,0.000000,1.000000,0.000000,1.000000,2.000000,0.000000,1.000000,0.000000,1.000000,3.000000,0.000000,1.000000,1553.000000,438.000000,932.000000,136.000000,161.000000,5.000000,
0.049206,0.998098,0.147350,0.311901,0.017902,0.008050,-211.310397,3.173986,1396037.175089,1161962.898867,2307279.524022,207665.355974,1090450.235220,368.946417,98.788931,210.682517,30.241510,36.289812,85.684277,23.185157,49.394466,7.056352,8.064403,525.194217,141.127045,300.398995,43.346164,51.410566,3.000000,2.000000,3.000000,0.000000,1.000000,0.000000,1.000000,2.000000,0.000000,1.000000,0.000000,1.000000,3.000000,0.000000,1.000000,1553.000000,438.000000,932.000000,136.000000,161.000000,5.000000,
0.049206,0.998098,0.147350,0.311901,0.017902,0.008050,-211.310397,3.173986,1396037.175089,1161962.898867,2307279.524022,207665.355974,1090450.235220,368.946417,98.788931,210.682517,30.241510,36.289812,85.684277,23.185157,49.394466,7.056352,8.064403,525.194217,141.127045,300.398995,43.346164,51.410566,3.000000,2.000000,3.000000,0.000000,1.000000,0.000000,1.000000,2.000000,0.000000,1.000000,0.000000,1.000000,3.000000,0.000000,1.000000,1553.000000,438.000000,932.000000,136.000000,161.000000,5.000000,
0.049206,0.998098,0.147350,0.311901,0.017902,0.008050,-211.310397,3.173986,1396037.175089,1161962.898867,2307279.524022,207665.355974,1090450.235220,368.946417,98.788931,210.682517,30.241510,36.289812,85.684277,23.185157,49.394466,7.056352,8.064403,525.194217,141.127045,300.398995,43.346164,51.410566,3.000000,2.000000,3.000000,0.000000,1.000000,0.000000,1.000000,2.000000,0.000000,1.000000,0.000000,1.000000,3.000000,0.000000,1.000000,1553.000000,438.000000,932.000000,136.000000,161.000000,5.000000,
0.049206,0.998098,0.147350,0.311901,0.017902,0.008050,-211.310397,3.173986,1396037.175089,1161962.898867,2307279.524022,207665.355974,1090450.235220,368.946417,98.788931,210.682517,30.241510,36.289812,85.684277,23.185157,49.394466,7.056352,8.064403,525.194217,141.127045,300.398995,43.346164,51.410566,3.000000,2.000000,3.000000,0.000000,1.000000,0.000000,1.000000,2.000000,0.000000,1.000000,0.000000,1.000000,3.000000,0.000000,1.000000,1553.000000,438.000000,932.000000,136.000000,161.000000,5.000000,
0.049206,0.998098,0.147350,0.311901,0.017902,0.008050,-211.310397,3.173986,1396037.175089,1161962.898867,2307279.524022,207665.355974,1090450.235220,368.946417,98.788931,210.682517,30.241510,36.289812,85.684277,23.185157,49.394466,7.056352,8.064403,525.194217,141.127045,300.398995,43.346164,51.410566,3.000000,2.000000,3.000000,0.000000,1.000000,0.000000,1.000000,2.000000,0.000000,1.000000,0.000000,1.000000,3.000000,0.000000,1.000000,1553.000000,438.000000,932.000000,136.000000,161.000000,5.000000,
0.049206,0.998098,0.147350,0.311901,0.017902,0.008050,-211.310397,3.173986,1396037.175089,1161962.898867,2307279.524022,207665.355974,1090450.235220,368.946417,98.788931,210.682517,30.241510,36.289812,85.684277,23.185157,49.394466,7.056352,8.064403,525.194217,141.127045,300.398995,43.346164,51.410566,3.000000,2.000000,3.000000,0.000000,1.000000,0.000000,1.000000,2.000000,0.000000,1.000000,0.000000,1.000000,3.000000,0.000000,1.000000,1553.000000,438.000000,932.000000,136.000000,161.000000,5.000000,
0.049206,0.998098,0.147350,0.311901,0.017902,0.008050,-211.310397,3.173986,1396037.175089,1161962.898867,2307279.524022,207665.355974,1090450.235220,368.946417,98.788931,210.682517,30.241510,36.289812,85.684277,23.185157,49.394466,7.056352,8.064403,525.194217,141.127045,300.398995,43.346164,51.410566,3.000000,2.000000,3.000000,0.000000,1.000000,0.000000,1.000000,2.000000,0.000000,1.000000,0.000000,1.000000,3.000000,0.000000,1.000000,1553.000000,438.000000,932.000000,136.000000,161.000000,5.000000,
0.049206,0.998098,0.147350,0.311901,0.017902,0.008050,-211.310397,3.173986,1396037.175089,1161962.898867,2307279.524022,207665.355974,1090450.235220,368.946417,98.788931,210.682517,30.241510,36.289812,85.684277,23.185157,49.394466,7.056352,8.064403,525.194217,141.127045,300.398995,43.346164,51.410566,3.000000,2.000000,3.000000,0.000000,1.000000,0.000000,1.000000,2.000000,0.000000,1.000000,0.000000,1.000000,3.000000,0.000000,1.000000,1553.000000,438.000000,932.000000,136.000000,161.000000,5.000000,
0.049206,0.998098,0.147350,0.311901,0.017902,0.008050,-211.310397,3.173986,1396037.175089,1161962.898867,2307279.524022,207665.355974,1090450.235220,368.946417,98.788931,210.682517,30.241510,36.289812,85.684277,23.185157,49.394466,7.056352,8.064403,525.194217,141.127045,300.398995,43.346164,51.410566,3.000000,2.000000,3.000000,0.000000,1.000000,0.000000,1.000000,2.000000,0.000000,1.000000,0.000000,1.000000,3.000000,0.000000,1.000000,1553.000000,438.000000,932.000000,136.000000,161.000000,5.000000,
0.049206,0.998098,0.147350,0.311901,0.017902,0.008050,-211.310397,3.173986,1396037.175089,1161962.898867,2307279.524022,207665.355974,1090450.235220,368.946417,98.788931,210.682517,30.241510,36.289812,85.684277,23.185157,49.394466,7.056352,8.064403,525.194217,141.127045,300.398995,43.346164,51.410566,3.000000,2.000000,3.000000,0.000000,1.000000,0.000000,1.000000,2.000000,0.000000,1.000000,0.000000,1.000000,3.000000,0.000000,1.000000,1553.000000,438.000000,932.000000,136.000000,161.000000,5.000000,
0.049206,0.998098,0.147350,0.311901,0.017902,0.008050,-211.310397,3.173986,1396037.175089,1161962.898867,2307279.524022,207665.355974,1090450.235220,368.946417,98.788931,210.682517,30.241510,36.289812,85.684277,23.185157,49.394466,7.056352,8.064403,525.194217,141.127045,300.398995,43.346164,51.410566,3.000000,2.000000,3.000000,0.000000,1.000000,0.000000,1.000000,2.000000,0.000000,1.000000,0.000000,1.000000,3.000000,0.000000,1.000000,1553.000000,438.000000,932.000000,136.000000,161.000000,5.000000,
0.049206,0.998098,0.147350,0.311901,0.017902,0.008050,-211.310397,3.173986,1396037.175089,1161962.898867,2307279.524022,207665.355974,1090450.235220,368.946417,98.788931,210.682517,30.241510,36.289812,85.684277,23.185157,49.394466,7.056352,8.064403,525.194217,141.127045,300.398995,43.346164,51.410566,3.000000,2.000000,3.000000,0.000000,1.000000,0.000000,1.000000,2.000000,0.000000,1.000000,0.000000,1.000000,3.000000,0.000000,1.000000,1553.000000,438.000000,932.000000,136.000000,161.000000,5.000000,
0.049206,0.998098,0.147350,0.311901,0.017902,0.008050,-211.310397,3.173986,1396037.175089,1161962.898867,2307279.524022,207665.355974,1090450.235220,368.946417,98.788931,210.682517,30.241510,36.289812,85.684277,23.185157,49.394466,7.056352,8.064403,525.194217,141.127045,300.398995,43.346164,51.410566,3.000000,2.000000,3.000000,0.000000,1.000000,0.000000,1.000000,2.000000,0.000000,1.000000,0.000000,1.000000,3.000000,0.000000,1.000000,1553.000000,438.000000,932.000000,136.000000,161.000000,5.000000,
0.049206,0.998098,0.147350,0.311901,0.017902,0.008050,-211.310397,3.173986,1396037.175089,1161962.898867,2307279.524022,207665.355974,1090450.235220,368.946417,98.788931,210.682517,30.241510,36.289812,85.684277,23.185157,49.394466,7.056352,8.064403,525.194217,141.127045,300.398995,43.346164,51.410566,3.000000,2.000000,3.000000,0.000000,1.000000,0.000000,1.000000,2.000000,0.000000,1.000000,0.000000,1.000000,3.000000,0.000000,1.000000,1553.000000,438.000000,932.000000,136.000000,161.000000,5.000000,
0.049206,0.998098,0.147350,0.311901,0.017902,0.008050,-211.310397,3.173986,1396037.175089,1161962.898867,2307279.524022,207665.355974,1090450.235220,368.946417,98.788931,210.682517,30.241510,36.289812,85.684277,23.185157,49.394466,7.056352,8.064403,525.194217,141.127045,300.398995,43.346164,51.410566,3.000000,2.000000,3.000000,0.000000,1.000000,0.000000,1.000000,2.000000,0.000000,1.000000,0.000000,1.000000,3.000000,0.000000,1.000000,1553.000000,438.000000,932.000000,136.000000,161.000000,5.000000,
0.049196,0.999788,0.147184,0.300721,0.044711,0.007490,-210.278653,3.172950,1396037.719334,1161963.045006,2307279.835339,207665.400768,1090450.288412,368.741485,98.734059,210.565493,30.224712,36.269654,85.636684,23.172279,49.367029,7.052433,8.059923,524.902497,141.048656,300.232138,43.322087,51.382010,3.000000,2.000000,3.000000,0.000000,1.000000,0.000000,1.000000,2.000000,0.000000,1.000000,0.000000,1.000000,3.000000,0.000000,1.000000,1553.000000,438.000000,932.000000,136.000000,161.000000,5.000000,
0.049196,0.999788,0.147184,0.300721,0.044711,0.007490,-210.278653,3.172950,1396037.719334,1161963.045006,2307279.835339,207665.400768,1090450.288412,368.741485,98.734059,210.565493,30.224712,36.269654,85.636684,23.172279,49.367029,7.052433,8.059923,524.902497,141.048656,300.232138,43.322087,51.382010,3.000000,2.000000,3.000000,0.000000,1.000000,0.000000,1.000000,2.000000,0.000000,1.000000,0.000000,1.000000,3.000000,0.000000,1.000000,1553.000000,438.000000,932.000000,136.000000,161.000000,5.000000,
0.049196,0.999788,0.147184,0.300721,0.044711,0.007490,-210.278653,3.172950,1396037.719334,1161963.045006,2307279.835339,207665.400768,1090450.288412,368.741485,98.734059,210.565493,30.224712,36.269654,85.636684,23.172279,49.367029,7.052433,8.059923,524.902497,141.048656,300.232138,43.322087,51.382010,3.000000,2.000000,3.000000,0.000000,1.000000,0.000000,1.000000,2.000000,0.000000,1.000000,0.000000,1.000000,3.000000,0.000000,1.000000,1553.000000,438.000000,932.000000,136.000000,161.000000,5.000000,
0.049196,0.999788,0.147184,0.300721,0.044711,0.007490,-210.278653,3.172950,1396037.719334,1161963.045006,2307279.835339,207665.400768,1090450.288412,368.741485,98.734059,210.565493,30.224712,36.269654,85.636684,23.172279,49.367029,7.052433,8.059923,524.902497,141.048656,300.232138,43.322087,51.382010,3.000000,2.000000,3.000000,0.000000,1.000000,0.000000,1.000000,2.000000,0.000000,1.000000,0.000000,1.000000,3.000000,0.000000,1.000000,1553.000000,438.000000,932.000000,136.000000,161.000000,5.000000,
0.049196,0.999788,0.147184,0.300721,0.044711,0.007490,-210.278653,3.172950,1396037.719334,1161963.045006,2307279.835339,207665.400768,1090450.288412,368.741485,98.734059,210.565493,30.224712,36.269654,85.636684,23.172279,49.367029,7.052433,8.059923,524.902497,141.048656,300.232138,43.322087,51.382010,3.000000,2.000000,3.000000,0.000000,1.000000,0.000000,1.000000,2.000000,0.000000,1.000000,0.000000,1.000000,3.000000,0.000000,1.000000,1553.000000,438.000000,932.000000,136.000000,161.000000,5.000000,
0.049196,0.999788,0.147184,0.300721,0.044711,0.007490,-210.278653,3.172950,1396037.719334,1161963.045006,2307279.835339,207665.400768,1090450.288412,368.741485,98.734059,210.565493,30.224712,36.269654,85.636684,23.172279,49.367029,7.052433,8.059923,524.902497,141.048656,300.232138,43.322087,51.382010,3.000000,2.000000,3.000000,0.000000,1.000000,0.000000,1.000000,2.000000,0.000000,1.000000,0.000000,1.000000,3.000000,0.000000,1.000000,1553.000000,438.000000,932.000000,136.000000,161.000000,5.000000,
0.049196,0.999788,0.147184,0.300721,0.044711,0.007490,-210.278653,3.172950,1396037.719334,1161963.045006,2307279.835339,207665.400768,1090450.288412,368.741485,98.734059,210.565493,30.224712,36.269654,85.636684,23.172279,49.367029,7.052433,8.059923,524.902497,141.048656,300.232138,43.322087,51.382010,3.000000,2.000000,3.000000,0.000000,1.000000,0.000000,1.000000,2.000000,0.000000,1.000000,0.000000,1.000000,3.000000,0.000000,1.000000,1553.000000,438.000000,932.000000,136.000000,161.000000,5.000000,
0.049196,0.999788,0.147184,0.300721,0.044711,0.007490,-210.278653,3.172950,1396037.719334,1161963.045006,2307279.835339,207665.400768,1090450.288412,368.741485,98.734059,210.565493,30.224712,36.269654,85.636684,23.172279,49.367029,7.052433,8.059923,524.902497,141.048656,300.232138,43.322087,51.382010,3.000000,2.000000,3.000000,0.000000,1.000000,0.000000,1.000000,2.000000,0.000000,1.000000,0.000000,1.000000,3.000000,0.000000,1.000000,1553.000000,438.000000,932.000000,136.000000,161.000000,5.000000,
0.049196,0.999788,0.147184,0.300721,0.044711,0.007490,-210.278653,3.172950,1396037.719334,1161963.045006,2307279.835339,207665.400768,1090450.288412,368.741485,98.734059,210.565493,30.224712,36.269654,85.636684,23.172279,49.367029,7.052433,8.059923,524.902497,141.048656,300.232138,43.322087,51.382010,3.000000,2.000000,3.000000,0.000000,1.000000,0.000000,1.000000,2.000000,0.000000,1.000000,0.000000,1.000000,3.000000,0.000000,1.000000,1553.000000,438.000000,932.000000,136.000000,161.000000,5.000000,
0.049196,0.999788,0.147184,0.300721,0.044711,0.007490,-210.278653,3.172950,1396037.719334,1161963.045006,2307279.835339,207665.400768,1090450.288412,368.741485,98.734059,210.565493,30.224712,36.269654,85.636684,23.172279,49.367029,7.052433,8.059923,524.902497,141.048656,300.232138,43.322087,51.382010,3.000000,2.000000,3.000000,0.000000,1.000000,0.000000,1.000000,2.000000,0.000000,1.000000,0.000000,1.000000,3.000000,0.000000,1.000000,1553.000000,438.000000,932.000000,136.000000,161.000000,5.000000,
0.049196,0.999788,0.147184,0.300721,0.044711,0.007490,-210.278653,3.172950,1396037.719334,1161963.045006,2307279.835339,207665.400768,1090450.288412,368.741485,98.734059,210.565493,30.224712,36.269654,85.636684,23.172279,49.367029,7.052433,8.059923,524.902497,141.048656,300.232138,43.322087,51.382010,3.000000,2.000000,3.000000,0.000000,1.000000,0.000000,1.000000,2.000000,0.000000,1.000000,0.000000,1.000000,3.000000,0.000000,1.000000,1553.000000,438.000000,932.000000,136.000000,161.000000,5.000000,
0.049196,0.999788,0.147184,0.300721,0.044711,0.007490,-210.278653,3.172950,1396037.719334,1161963.045006,2307279.835339,207665.400768,1090450.288412,368.741485,98.734059,210.565493,30.224712,36.269654,85.636684,23.172279,49.367029,7.052433,8.059923,524.902497,141.048656,300.232138,43.322087,51.382010,3.000000,2.000000,3.000000,0.000000,1.000000,0.000000,1.000000,2.000000,0.000000,1.000000,0.000000,1.000000,3.000000,0.000000,1.000000,1553.000000,438.000000,932.000000,136.000000,161.000000,5.000000,
0.049196,0.999788,0.147184,0.300721,0.044711,0.007490,-210.278653,3.172950,1396037.719334,1161963.045006,2307279.835339,207665.400768,1090450.288412,368.741485,98.734059,210.565493,30.224712,36.269654,85.636684,23.172279,49.367029,7.052433,8.059923,524.902497,141.048656,300.232138,43.322087,51.382010,3.000000,2.000000,3.000000,0.000000,1.000000,0.000000,1.000000,2.000000,0.000000,1.000000,0.000000,1.000000,3.000000,0.000000,1.000000,1553.000000,438.000000,932.000000,136.000000,161.000000,5.000000,
0.049196,0.999788,0.147184,0.300721,0.044711,0.007490,-210.278653,3.172950,1396037.719334,1161963.045006,2307279.835339,207665.400768,1090450.288412,368.741485,98.734059,210.565493,30.224712,36.269654,85.636684,23.172279,49.367029,7.052433,8.059923,524.902497,141.048656,300.232138,43.322087,51.382010,3.000000,2.000000,3.000000,0.000000,1.000000,0.000000,1.000000,2.000000,0.000000,1.000000,0.000000,1.000000,3.000000,0.000000,1.000000,1553.000000,438.000000,932.000000,136.000000,161.000000,5.000000,
0.049298,0.996112,0.153343,0.232943,0.152709,0.011211,-210.887096,3.193287,1396034.102667,1161962.073864,2307277.766546,207665.103100,1090449.934931,370.103317,99.098702,211.343151,30.336337,36.403605,85.952956,23.257859,49.549351,7.078479,8.089690,526.841060,141.569575,301.340952,43.482084,51.571774,3.000000,2.000000,3.000000,0.000000,1.000000,0.000000,1.000000,2.000000,0.000000,1.000000,0.000000,1.000000,3.000000,0.000000,1.000000,1553.000000,438.000000,932.000000,136.000000,161.000000,5.000000,
0.049298,0.996112,0.153343,0.232943,0.152709,0.011211,-210.887096,3.193287,1396034.102667,1161962.073864,2307277.766546,207665.103100,1090449.934931,370.103317,99.098702,211.343151,30.336337,36.403605,85.952956,23.257859,49.549351,7.078479,8.089690,526.841060,141.569575,301.340952,43.482084,51.571774,3.000000,2.000000,3.000000,0.000000,1.000000,0.000000,1.000000,2.000000,0.000000,1.000000,0.000000,1.000000,3.000000,0.000000,1.000000,1553.000000,438.000000,932.000000,136.000000,161.000000,5.000000,
0.049298,0.996112,0.153343,0.232943,0.152709,0.011211,-210.887096,3.193287,1396034.102667,1161962.073864,2307277.766546,207665.103100,1090449.934931,370.103317,99.098702,211.343151,30.336337,36.403605,85.952956,23.257859,49.549351,7.078479,8.089690,526.841060,141.569575,301.340952,43.482084,51.571774,3.000000,2.000000,3.000000,0.000000,1.000000,0.000000,1.000000,2.000000,0.000000,1.000000,0.000000,1.000000,3.000000,0.000000,1.000000,1553.000000,438.000000,932.000000,136.000000,161.000000,5.000000,
0.049298,0.996112,0.153343,0.232943,0.152709,0.011211,-210.887096,3.193287,1396034.102667,1161962.073864,2307277.766546,207665.103100,1090449.934931,370.103317,99.098702,211.343151,30.336337,36.403605,85.952956,23.257859,49.549351,7.078479,8.089690,526.841060,141.569575,301.340952,43.482084,51.571774,3.000000,2.000000,3.000000,0.000000,1.000000,0.000000,1.000000,2.000000,0.000000,1.000000,0.000000,1.000000,3.000000,0.000000,1.000000,1553.000000,438.000000,932.000000,136.000000,161.000000,5.000000,
0.049298,0.996112,0.153343,0.232943,0.152709,0.011211,-210.887096,3.193287,1396034.102667,1161962.073864,2307277.766546,207665.103100,1090449.934931,370.103317,99.098702,211.343151,30.336337,36.403605,85.952956,23.257859,49.549351,7.078479,8.089690,526.841060,141.569575,301.340952,43.482084,51.571774,3.000000,2.000000,3.000000,0.000000,1.000000,0.000000,1.000000,2.000000,0.000000,1.000000,0.000000,1.000000,3.000000,0.000000,1.000000,1553.000000,438.000000,932.000000,136.000000,161.000000,5.000000,
0.049298,0.996112,0.153343,0.232943,0.152709,0.011211,-210.887096,3.193287,1396034.102667,1161962.073864,2307277.766546,207665.103100,1090449.934931,370.103317,99.098702,211.343151,30.336337,36.403605,85.952956,23.257859,49.549351,7.078479,8.089690,526.841060,141.569575,301.340952,43.482084,51.571774,3.000000,2.000000,3.000000,0.000000,1.000000,0.000000,1.000000,2.000000,0.000000,1.000000,0.000000,1.000000,3.000000,0.000000,1.000000,1553.000000,438.000000,932.000000,136.000000,161.000000,5.000000,
0.049298,0.996112,0.153343,0.232943,0.152709,0.011211,-210.887096,3.193287,1396034.102667,1161962.073864,2307277.766546,207665.103100,1090449.934931,370.103317,99.098702,211.343151,30.336337,36.403605,85.952956,23.257859,49.549351,7.078479,8.089690,526.841060,141.569575,301.340952,43.482084,51.571774,3.000000,2.000000,3.000000,0.000000,1.000000,0.000000,1.000000,2.000000,0.000000,1.000000,0.000000,1.000000,3.000000,0.000000,1.000000,1553.000000,438.000000,932.000000,136.000000,161.000000,5.000000,
0.049298,0.996112,0.153343,0.232943,0.152709,0.011211,-210.887096,3.193287,1396034.102667,1161962.073864,2307277.766546,207665.103100,1090449.934931,370.103317,99.098702,211.343151,30.336337,36.403605,85.952956,23.257859,49.549351,7.078479,8.089690,526.841060,141.569575,301.340952,43.482084,51.571774,3.000000,2.000000,3.000000,0.000000,1.000000,0.000000,1.000000,2.000000,0.000000,1.000000,0.000000,1.000000,3.000000,0.000000,1.000000,1553.000000,438.000000,932.000000,136.000000,161.000000,5.000000,
0.049298,0.996112,0.153343,0.232943,0.152709,0.011211,-210.887096,3.193287,1396034.102667,1161962.073864,2307277.766546,207665.103100,1090449.934931,370.103317,99.098702,211.343151,30.336337,36.403605,85.952956,23.257859,49.549351,7.078479,8.089690,526.841060,141.569575,301.340952,43.482084,51.571774,3.000000,2.000000,3.000000,0.000000,1.000000,0.000000,1.000000,2.000000,0.000000,1.000000,0.000000,1.000000,3.000000,0.000000,1.000000,1553.000000,438.000000,932.000000,136.000000,161.000000,5.000000,
0.049298,0.996112,0.153343,0.232943,0.152709,0.011211,-210.887096,3.193287,1396034.102667,1161962.073864,2307277.766546,207665.103100,1090449.934931,370.103317,99.098702,211.343151,30.336337,36.403605,85.952956,23.257859,49.549351,7.078479,8.089690,526.841060,141.569575,301.340952,43.482084,51.571774,3.000000,2.000000,3.000000,0.000000,1.000000,0.000000,1.000000,2.000000,0.000000,1.000000,0.000000,1.000000,3.000000,0.000000,1.000000,1553.000000,438.000000,932.000000,136.000000,161.000000,5.000000,
0.049298,0.996112,0.153343,0.232943,0.152709,0.011211,-210.887096,3.193287,1396034.102667,1161962.073864,2307277.766546,207665.103100,1090449.934931,370.103317,99.098702,211.343151,30.336337,36.403605,85.952956,23.257859,49.549351,7.078479,8.089690,526.841060,141.569575,301.340952,43.482084,51.571774,3.000000,2.000000,3.000000,0.000000,1.000000,0.000000,1.000000,2.000000,0.000000,1.000000,0.000000,1.000000,3.000000,0.000000,1.000000,1553.000000,438.000000,932.000000,136.000000,161.000000,5.000000,
0.049298,0.996112,0.153343,0.232943,0.152709,0.011211,-210.887096,3.193287,1396034.102667,1161962.073864,2307277.766546,207665.103100,1090449.934931,370.103317,99.098702,211.343151,30.336337,36.403605,85.952956,23.257859,49.549351,7.078479,8.089690,526.841060,141.569575,301.340952,43.482084,51.571774,3.000000,2.000000,3.000000,0.000000,1.000000,0.000000,1.000000,2.000000,0.000000,1.000000,0.000000,1.000000,3.000000,0.000000,1.000000,1553.000000,438.000000,932.000000,136.000000,161.000000,5.000000,
0.049298,0.996112,0.153343,0.232943,0.152709,0.011211,-210.887096,3.193287,1396034.102667,1161962.073864,2307277.766546,207665.103100,1090449.934931,370.103317,99.098702,211.343151,30.336337,36.403605,85.952956,23.257859,49.549351,7.078479,8.089690,526.841060,141.569575,301.340952,43.482084,51.571774,3.000000,2.000000,3.000000,0.000000,1.000000,0.000000,1.000000,2.000000,0.000000,1.000000,0.000000,1.000000,3.000000,0.000000,1.000000,1553.000000,438.000000,932.000000,136.000000,161.000000,5.000000,
0.049298,0.996112,0.153343,0.232943,0.152709,0.011211,-210.887096,3.193287,1396034.102667,1161962.073864,2307277.766546,207665.103100,1090449.934931,370.103317,99.098702,211.343151,30.336337,36.403605,85.952956,23.257859,49.549351,7.078479,8.089690,526.841060,141.569575,301.340952,43.482084,51.571774,3.000000,2.000000,3.000000,0.000000,1.000000,0.000000,1.000000,2.000000,0.000000,1.000000,0.000000,1.000000,3.000000,0.000000,1.000000,1553.000000,438.000000,932.000000,136.000000,161.000000,5.000000,
0.049298,0.996112,0.153343,0.232943,0.152709,0.011211,-210.887096,3.193287,1396034.102667,1161962.073864,2307277.766546,207665.103100,1090449.934931,370.103317,99.098702,211.343151,30.336337,36.403605,85.952956,23.257859,49.549351,7.078479,8.089690,526.841060,141.569575,301.340952,43.482084,51.571774,3.000000,2.000000,3.000000,0.000000,1.000000,0.000000,1.000000,2.000000,0.000000,1.000000,0.000000,1.000000,3.000000,0.000000,1.000000,1553.000000,438.000000,932.000000,136.000000,161.000000,5.000000,
0.049298,0.996112,0.153343,0.232943,0.152709,0.011211,-210.887096,3.193287,1396034.102667,1161962.073864,2307277.766546,207665.103100,1090449.934931,370.103317,99.098702,211.343151,30.336337,36.403605,85.952956,23.257859,49.549351,7.078479,8.089690,526.841060,141.569575,301.340952,43.482084,51.571774,3.000000,2.000000,3.000000,0.000000,1.000000,0.000000,1.000000,2.000000,0.000000,1.000000,0.000000,1.000000,3.000000,0.000000,1.000000,1553.000000,438.000000,932.000000,136.000000,161.000000,5.000000,
0.049298,0.996112,0.153343,0.232943,0.152709,0.011211,-210.887096,3.193287,1396034.102667,1161962.073864,2307277.766546,207665.103100,1090449.934931,370.103317,99.098702,211.343151,30.336337,36.403605,85.952956,23.257859,49.549351,7.078479,8.089690,526.841060,141.569575,301.340952,43.482084,51.571774,3.000000,2.000000,3.000000,0.000000,1.000000,0.000000,1.000000,2.000000,0.000000,1.000000,0.000000,1.000000,3.000000,0.000000,1.000000,1553.000000,438.000000,932.000000,136.000000,161.000000,5.000000,
0.049298,0.996112,0.153343,0.232943,0.152709,0.011211,-210.887096,3.193287,1396034.102667,1161962.073864,2307277.766546,207665.103100,1090449.934931,370.103317,99.098702,211.343151,30.336337,36.403605,85.952956,23.257859,49.549351,7.078479,8.089690,526.841060,141.569575,301.340952,43.482084,51.571774,3.000000,2.000000,3.000000,0.000000,1.000000,0.000000,1.000000,2.000000,0.000000,1.000000,0.000000,1.000000,3.000000,0.000000,1.000000,1553.000000,438.000000,932.000000,136.000000,161.000000,5.000000,
0.049298,0.996112,0.153343,0.232943,0.152709,0.011211,-210.887096,3.193287,1396034.102667,1161962.073864,2307277.766546,207665.103100,1090449.934931,370.103317,99.098702,211.343151,30.336337,36.403605,85.952956,23.257859,49.549351,7.078479,8.089690,526.841060,141.569575,301.340952,43.482084,51.571774,3.000000,2.000000,3.000000,0.000000,1.000000,0.000000,1.000000,2.000000,0.000000,1.000000,0.000000,1.000000,3.000000,0.000000,1.000000,1553.000000,438.000000,932.000000,136.000000,161.000000,5.000000,
0.049298,0.996112,0.153343,0.232943,0.152709,0.011211,-210.887096,3.193287,1396034.102667,1161962.073864,2307277.766546,207665.103100,1090449.934931,370.103317,99.098702,211.343151,30.336337,36.403605,85.952956,23.257859,49.549351,7.078479,8.089690,526.841060,141.569575,301.340952,43.482084,51.571774,3.000000,2.000000,3.000000,0.000000,1.000000,0.000000,1.000000,2.000000,0.000000,1.000000,0.000000,1.000000,3.000000,0.000000,1.000000,1553.000000,438.000000,932.000000,136.000000,161.000000,5.000000,
0.049298,0.996112,0.153343,0.232943,0.152709,0.011211,-210.887096,3.193287,1396034.102667,1161962.073864,2307277.766546,207665.103100,1090449.934931,370.103317,99.098702,211.343151,30.336337,36.403605,85.952956,23.257859,49.549351,7.078479,8.089690,526.841060,141.569575,301.340952,43.482084,51.571774,3.000000,2.000000,3.000000,0.000000,1.000000,0.000000,1.000000,2.000000,0.000000,1.000000,0.000000,1.000000,3.000000,0.000000,1.000000,1553.000000,438.000000,932.000000,136.000000,161.000000,5.000000,
0.049298,0.996112,0.153343,0.232943,0.152709,0.011211,-210.887096,3.193287,1396034.102667,1161962.073864,2307277.766546,207665.103100,1090449.934931,370.103317,99.098702,211.343151,30.336337,36.403605,85.952956,23.257859,49.549351,7.078479,8.089690,526.841060,141.569575,301.340952,43.482084,51.571774,3.000000,2.000000,3.000000,0.000000,1.000000,0.000000,1.000000,2.000000,0.000000,1.000000,0.000000,1.000000,3.000000,0.000000,1.000000,1553.000000,438.000000,932.000000,136.000000,161.000000,5.000000,
0.049298,0.996112,0.153343,0.232943,0.152709,0.011211,-210.887096,3.193287,1396034.102667,1161962.073864,2307277.766546,207665.103100,1090449.934931,370.103317,99.098702,211.343151,30.336337,36.403605,85.952956,23.257859,49.549351,7.078479,8.089690,526.841060,141.569575,301.340952,43.482084,51.571774,3.000000,2.000000,3.000000,0.000000,1.000000,0.000000,1.000000,2.000000,0.000000,1.000000,0.000000,1.000000,3.000000,0.000000,1.000000,1553.000000,438.000000,932.000000,136.000000,161.000000,5.000000,
0.049299,0.996444,0.151940,0.240472,0.145609,0.011762,-210.282135,3.190180,1396033.567438,1161961.930145,2307277.460386,207665.059048,1090449.882620,370.304854,99.152666,211.458236,30.352857,36.423428,85.999761,23.270524,49.576333,7.082333,8.094095,527.127947,141.646665,301.505045,43.505761,51.599857,3.000000,2.000000,3.000000,0.000000,1.000000,0.000000,1.000000,2.000000,0.000000,1.000000,0.000000,1.000000,3.000000,0.000000,1.000000,1553.000000,438.000000,932.000000,136.000000,161.000000,5.000000,
0.049299,0.996444,0.151940,0.240472,0.145609,0.011762,-210.282135,3.190180,1396033.567438,1161961.930145,2307277.460386,207665.059048,1090449.882620,370.304854,99.152666,211.458236,30.352857,36.423428,85.999761,23.270524,49.576333,7.082333,8.094095,527.127947,141.646665,301.505045,43.505761,51.599857,3.000000,2.000000,3.000000,0.000000,1.000000,0.000000,1.000000,2.000000,0.000000,1.000000,0.000000,1.000000,3.000000,0.000000,1.000000,1553.000000,438.000000,932.000000,136.000000,161.000000,5.000000,
0.049299,0.996444,0.151940,0.240472,0.145609,0.011762,-210.282135,3.190180,1396033.567438,1161961.930145,2307277.460386,207665.059048,1090449.882620,370.304854,99.152666,211.458236,30.352857,36.423428,85.999761,23.270524,49.576333,7.082333,8.094095,527.127947,141.646665,301.505045,43.505761,51.599857,3.000000,2.000000,3.000000,0.000000,1.000000,0.000000,1.000000,2.000000,0.000000,1.000000,0.000000,1.000000,3.000000,0.000000,1.000000,1553.000000,438.000000,932.000000,136.000000,161.000000,5.000000,
0.049299,0.996444,0.151940,0.240472,0.145609,0.011762,-210.282135,3.190180,1396033.567438,1161961.930145,2307277.460386,207665.059048,1090449.882620,370.304854,99.152666,211.458236,30.352857,36.423428,85.999761,23.270524,49.576333,7.082333,8.094095,527.127947,141.646665,301.505045,43.505761,51.599857,3.000000,2.000000,3.000000,0.000000,1.000000,0.000000,1.000000,2.000000,0.000000,1.000000,0.000000,1.000000,3.000000,0.000000,1.000000,1553.000000,438.000000,932.000000,136.000000,161.000000,5.000000,
0.049299,0.996444,0.151940,0.240472,0.145609,0.011762,-210.282135,3.190180,1396033.567438,1161961.930145,2307277.460386,207665.059048,1090449.882620,370.304854,99.152666,211.458236,30.352857,36.423428,85.999761,23.270524,49.576333,7.082333,8.094095,527.127947,141.646665,301.505045,43.505761,51.599857,3.000000,2.000000,3.000000,0.000000,1.000000,0.000000,1.000000,2.000000,0.000000,1.000000,0.000000,1.000000,3.000000,0.000000,1.000000,1553.000000,438.000000,932.000000,136.000000,161.000000,5.000000,
0.049299,0.996444,0.151940,0.240472,0.145609,0.011762,-210.282135,3.190180,1396033.567438,1161961.930145,2307277.460386,207665.059048,1090449.882620,370.304854,99.152666,211.458236,30.352857,36.423428,85.999761,23.270524,49.576333,7.082333,8.094095,527.127947,141.646665,301.505045,43.505761,51.599857,3.000000,2.000000,3.000000,0.000000,1.000000,0.000000,1.000000,2.000000,0.000000,1.000000,0.000000,1.000000,3.000000,0.000000,1.000000,1553.000000,438.000000,932.000000,136.000000,161.000000,5.000000,
0.049299,0.996444,0.151940,0.240472,0.145609,0.011762,-210.282135,3.190180,1396033.567438,1161961.930145,2307277.460386,207665.059048,1090449.882620,370.304854,99.152666,211.458236,30.352857,36.423428,85.999761,23.270524,49.576333,7.082333,8.094095,527.127947,141.646665,301.505045,43.505761,51.599857,3.000000,2.000000,3.000000,0.000000,1.000000,0.000000,1.000000,2.000000,0.000000,1.000000,0.000000,1.000000,3.000000,0.000000,1.000000,1553.000000,438.000000,932.000000,136.000000,161.000000,5.000000,
0.049299,0.996444,0.151940,0.240472,0.145609,0.011762,-210.282135,3.190180,1396033.567438,1161961.930145,2307277.460386,207665.059048,1090449.882620,370.304854,99.152666,211.458236,30.352857,36.423428,85.999761,23.270524,49.576333,7.082333,8.094095,527.127947,141.646665,301.505045,43.505761,51.599857,3.000000,2.000000,3.000000,0.000000,1.000000,0.000000,1.000000,2.000000,0.000000,1.000000,0.000000,1.000000,3.000000,0.000000,1.000000,1553.000000,438.000000,932.000000,136.000000,161.000000,5.000000,
0.049299,0.996444,0.151940,0.240472,0.145609,0.011762,-210.282135,3.190180,1396033.567438,1161961.930145,2307277.460386,207665.059048,1090449.882620,370.304854,99.152666,211.458236,30.352857,36.423428,85.999761,23.270524,49.576333,7.082333,8.094095,527.127947,141.646665,301.505045,43.505761,51.599857,3.000000,2.000000,3.000000,0.000000,1.000000,0.000000,1.000000,2.000000,0.000000,1.000000,0.000000,1.000000,3.000000,0.000000,1.000000,1553.000000,438.000000,932.000000,136.000000,161.000000,5.000000,
0.049299,0.996444,0.151940,0.240472,0.145609,0.011762,-210.282135,3.190180,1396033.567438,1161961.930145,2307277.460386,207665.059048,1090449.882620,370.304854,99.152666,211.458236,30.352857,36.423428,85.999761,23.270524,49.576333,7.082333,8.094095,527.127947,141.646665,301.505045,43.505761,51.599857,3.000000,2.000000,3.000000,0.000000,1.000000,0.000000,1.000000,2.000000,0.000000,1.000000,0.000000,1.000000,3.000000,0.000000,1.000000,1553.000000,438.000000,932.000000,136.000000,161.000000,5.000000,
0.049299,0.996444,0.151940,0.240472,0.145609,0.011762,-210.282135,3.190180,1396033.567438,1161961.930145,2307277.460386,207665.059048,1090449.882620,370.304854,99.152666,211.458236,30.352857,36.423428,85.999761,23.270524,49.576333,7.082333,8.094095,527.127947,141.646665,301.505045,43.505761,51.599857,3.000000,2.000000,3.000000,0.000000,1.000000,0.000000,1.000000,2.000000,0.000000,1.000000,0.000000,1.000000,3.000000,0.000000,1.000000,1553.000000,438.000000,932.000000,136.000000,161.000000,5.000000,
0.049299,0.996444,0.151940,0.240472,0.145609,0.011762,-210.282135,3.190180,1396033.567438,1161961.930145,2307277.460386,207665.059048,1090449.882620,370.304854,99.152666,211.458236,30.352857,36.423428,85.999761,23.270524,49.576333,7.082333,8.094095,527.127947,141.646665,301.505045,43.505761,51.599857,3.000000,2.000000,3.000000,0.000000,1.000000,0.000000,1.000000,2.000000,0.000000,1.000000,0.000000,1.000000,3.000000,0.000000,1.000000,1553.000000,438.000000,932.000000,136.000000,161.000000,5.000000,
0.049299,0.996444,0.151940,0.240472,0.145609,0.011762,-210.282135,3.190180,1396033.567438,1161961.930145,2307277.460386,207665.059048,1090449.882620,370.304854,99.152666,211.458236,30.352857,36.423428,85.999761,23.270524,49.576333,7.082333,8.094095,527.127947,141.646665,301.505045,43.505761,51.599857,3.000000,2.000000,3.000000,0.000000,1.000000,0.000000,1.000000,2.000000,0.000000,1.000000,0.000000,1.000000,3.000000,0.000000,1.000000,1553.000000,438.000000,932.000000,136.000000,161.000000,5.000000,
0.049299,0.996444,0.151940,0.240472,0.145609,0.011762,-210.282135,3.190180,1396033.567438,1161961.930145,2307277.460386,207665.059048,1090449.882620,370.304854,99.152666,211.458236,30.352857,36.423428,85.999761,23.270524,49.576333,7.082333,8.094095,527.127947,141.646665,301.505045,43.505761,51.599857,3.000000,2.000000,3.000000,0.000000,1.000000,0.000000,1.000000,2.000000,0.000000,1.000000,0.000000,1.000000,3.000000,0.000000,1.000000,1553.000000,438.000000,932.000000,136.000000,161.000000,5.000000,
0.049299,0.996444,0.151940,0.240472,0.145609,0.011762,-210.282135,3.190180,1396033.567438,1161961.930145,2307277.460386,207665.059048,1090449.882620,370.304854,99.152666,211.458236,30.352857,36.423428,85.999761,23.270524,49.576333,7.082333,8.094095,527.127947,141.646665,301.505045,43.505761,51.599857,3.000000,2.000000,3.000000,0.000000,1.000000,0.000000,1.000000,2.000000,0.000000,1.000000,0.000000,1.000000,3.000000,0.000000,1.000000,1553.000000,438.000000,932.000000,136.000000,161.000000,5.000000,
0.049299,0.996444,0.151940,0.240472,0.145609,0.011762,-210.282135,3.190180,1396033.567438,1161961.930145,2307277.460386,207665.059048,1090449.882620,370.304854,99.152666,211.458236,30.352857,36.423428,85.999761,23.270524,49.576333,7.082333,8.094095,527.127947,141.646665,301.505045,43.505761,51.599857,3.000000,2.000000,3.000000,0.000000,1.000000,0.000000,1.000000,2.000000,0.000000,1.000000,0.000000,1.000000,3.000000,0.000000,1.000000,1553.000000,438.000000,932.000000,136.000000,161.000000,5.000000,
0.049299,0.996444,0.151940,0.240472,0.145609,0.011762,-210.282135,3.190180,1396033.567438,1161961.930145,2307277.460386,207665.059048,1090449.882620,370.304854,99.152666,211.458236,30.352857,36.423428,85.999761,23.270524,49.576333,7.082333,8.094095,527.127947,141.646665,301.505045,43.505761,51.599857,3.000000,2.000000,3.000000,0.000000,1.000000,0.000000,1.000000,2.000000,0.000000,1.000000,0.000000,1.000000,3.000000,0.000000,1.000000,1553.000000,438.000000,932.000000,136.000000,161.000000,5.000000,
0.049299,0.996444,0.151940,0.240472,0.145609,0.011762,-210.282135,3.190180,1396033.567438,1161961.930145,2307277.460386,207665.059048,1090449.882620,370.304854,99.152666,211.458236,30.352857,36.423428,85.999761,23.270524,49.576333,7.082333,8.094095,527.127947,141.646665,301.505045,43.505761,51.599857,3.000000,2.000000,3.000000,0.000000,1.000000,0.000000,1.000000,2.000000,0.000000,1.000000,0.000000,1.000000,3.000000,0.000000,1.000000,1553.000000,438.000000,932.000000,136.000000,161.000000,5.000000,
0.049299,0.996444,0.151940,0.240472,0.145609,0.011762,-210.282135,3.190180,1396033.567438,1161961.930145,2307277.460386,207665.059048,1090449.882620,370.304854,99.152666,211.458236,30.352857,36.423428,85.999761,23.270524,49.576333,7.082333,8.094095,527.127947,141.646665,301.505045,43.505761,51.599857,3.000000,2.000000,3.000000,0.000000,1.000000,0.000000,1.000000,2.000000,0.000000,1.000000,0.000000,1.000000,3.000000,0.000000,1.000000,1553.000000,438.000000,932.000000,136.000000,161.000000,5.000000,
0.049299,0.996444,0.151940,0.240472,0.145609,0.011762,-210.282135,3.190180,1396033.567438,1161961.930145,2307277.460386,207665.059048,1090449.882620,370.304854,99.152666,211.458236,30.352857,36.423428,85.999761,23.270524,49.576333,7.082333,8.094095,527.127947,141.646665,301.505045,43.505761,51.599857,3.000000,2.000000,3.000000,0.000000,1.000000,0.000000,1.000000,2.000000,0.000000,1.000000,0.000000,1.000000,3.000000,0.000000,1.000000,1553.000000,438.000000,932.000000,136.000000,161.000000,5.000000,
0.049299,0.996444,0.151940,0.240472,0.145609,0.011762,-210.282135,3.190180,1396033.567438,1161961.930145,2307277.460386,207665.059048,1090449.882620,370.304854,99.152666,211.458236,30.352857,36.423428,85.999761,23.270524,49.576333,7.082333,8.094095,527.127947,141.646665,301.505045,43.505761,51.599857,3.000000,2.000000,3.000000,0.000000,1.000000,0.000000,1.000000,2.000000,0.000000,1.000000,0.000000,1.000000,3.000000,0.000000,1.000000,1553.000000,438.000000,932.000000,136.000000,161.000000,5.000000,
0.049299,0.996444,0.151940,0.240472,0.145609,0.011762,-210.282135,3.190180,1396033.567438,1161961.930145,2307277.460386,207665.059048,1090449.882620,370.304854,99.152666,211.458236,30.352857,36.423428,85.999761,23.270524,49.576333,7.082333,8.094095,527.127947,141.646665,301.505045,43.505761,51.599857,3.000000,2.000000,3.000000,0.000000,1.000000,0.000000,1.000000,2.000000,0.000000,1.000000,0.000000,1.000000,3.000000,0.000000,1.000000,1553.000000,438.000000,932.000000,136.000000,161.000000,5.000000,
0.049299,0.996444,0.151940,0.240472,0.145609,0.011762,-210.282135,3.190180,1396033.567438,1161961.930145,2307277.460386,207665.059048,1090449.882620,370.304854,99.152666,211.458236,30.352857,36.423428,85.999761,23.270524,49.576333,7.082333,8.094095,527.127947,141.646665,301.505045,43.505761,51.599857,3.000000,2.000000,3.000000,0.000000,1.000000,0.000000,1.000000,2.000000,0.000000,1.000000,0.000000,1.000000,3.000000,0.000000,1.000000,1553.000000,438.000000,932.000000,136.000000,161.000000,5.000000,
0.049299,0.996444,0.151940,0.240472,0.145609,0.011762,-210.282135,3.190180,1396033.567438,1161961.930145,2307277.460386,207665.059048,1090449.882620,370.304854,99.152666,211.458236,30.352857,36.423428,85.999761,23.270524,49.576333,7.082333,8.094095,527.127947,141.646665,301.505045,43.505761,51.599857,3.000000,2.000000,3.000000,0.000000,1.000000,0.000000,1.000000,2.000000,0.000000,1.000000,0.000000,1.000000,3.000000,0.000000,1.000000,1553.000000,438.000000,932.000000,136.000000,161.000000,5.000000,
0.049299,0.996444,0.151940,0.240472,0.145609,0.011762,-210.282135,3.190180,1396033.567438,1161961.930145,2307277.460386,207665.059048,1090449.882620,370.304854,99.152666,211.458236,30.352857,36.423428,85.999761,23.270524,49.576333,7.082333,8.094095,527.127947,141.646665,301.505045,43.505761,51.599857,3.000000,2.000000,3.000000,0.000000,1.000000,0.000000,1.000000,2.000000,0.000000,1.000000,0.000000,1.000000,3.000000,0.000000,1.000000,1553.000000,438.000000,932.000000,136.000000,161.000000,5.000000,
0.049299,0.996444,0.151940,0.240472,0.145609,0.011762,-210.282135,3.190180,1396033.567438,1161961.930145,2307277.460386,207665.059048,1090449.882620,370.304854,99.152666,211.458236,30.352857,36.423428,85.999761,23.270524,49.576333,7.082333,8.094095,527.127947,141.646665,301.505045,43.505761,51.599857,3.000000,2.000000,3.000000,0.000000,1.000000,0.000000,1.000000,2.000000,0.000000,1.000000,0.000000,1.000000,3.000000,0.000000,1.000000,1553.000000,438.000000,932.000000,136.000000,161.000000,5.000000,
0.049299,0.996444,0.151940,0.240472,0.145609,0.011762,-210.282135,3.190180,1396033.567438,1161961.930145,2307277.460386,207665.059048,1090449.882620,370.304854,99.152666,211.458236,30.352857,36.423428,85.999761,23.270524,49.576333,7.082333,8.094095,527.127947,141.646665,301.505045,43.505761,51.599857,3.000000,2.000000,3.000000,0.000000,1.000000,0.000000,1.000000,2.000000,0.000000,1.000000,0.000000,1.000000,3.000000,0.000000,1.000000,1553.000000,438.000000,932.000000,136.000000,161.000000,5.000000,
0.049299,0.996444,0.151940,0.240472,0.145609,0.011762,-210.282135,3.190180,1396033.567438,1161961.930145,2307277.460386,207665.059048,1090449.882620,370.304854,99.152666,211.458236,30.352857,36.423428,85.999761,23.270524,49.576333,7.082333,8.094095,527.127947,141.646665,301.505045,43.505761,51.599857,3.000000,2.000000,3.000000,0.000000,1.000000,0.000000,1.000000,2.000000,0.000000,1.000000,0.000000,1.000000,3.000000,0.000000,1.000000,1553.000000,438.000000,932.000000,136.000000,161.000000,5.000000,
0.049299,0.996444,0.151940,0.240472,0.145609,0.011762,-210.282135,3.190180,1396033.567438,1161961.930145,2307277.460386,207665.059048,1090449.882620,370.304854,99.152666,211.458236,30.352857,36.423428,85.999761,23.270524,49.576333,7.082333,8.094095,527.127947,141.646665,301.505045,43.505761,51.599857,3.000000,2.000000,3.000000,0.000000,1.000000,0.000000,1.000000,2.000000,0.000000,1.000000,0.000000,1.000000,3.000000,0.000000,1.000000,1553.000000,438.000000,932.000000,136.000000,161.000000,5.000000,
0.049299,0.996444,0.151940,0.240472,0.145609,0.011762,-210.282135,3.190180,1396033.567438,1161961.930145,2307277.460386,207665.059048,1090449.882620,370.304854,99.152666,211.458236,30.352857,36.423428,85.999761,23.270524,49.576333,7.082333,8.094095,527.127947,141.646665,301.505045,43.505761,51.599857,3.000000,2.000000,3.000000,0.000000,1.000000,0.000000,1.000000,2.000000,0.000000,1.000000,0.000000,1.000000,3.000000,0.000000,1.000000,1553.000000,438.000000,932.000000,136.000000,161.000000,5.000000,
0.049299,0.996444,0.151940,0.240472,0.145609,0.011762,-210.282135,3.190180,1396033.567438,1161961.930145,2307277.460386,207665.059048,1090449.882620,370.304854,99.152666,211.458236,30.352857,36.423428,85.999761,23.270524,49.576333,7.082333,8.094095,527.127947,141.646665,301.505045,43.505761,51.599857,3.000000,2.000000,3.000000,0.000000,1.000000,0.000000,1.000000,2.000000,0.000000,1.000000,0.000000,1.000000,3.000000,0.000000,1.000000,1553.000000,438.000000,932.000000,136.000000,161.000000,5.000000,
0.049325,0.994262,0.149479,0.244004,0.151138,0.012092,-210.074126,3.186419,1396033.246292,1161961.843912,2307277.276685,207665.032617,1090449.851232,370.425779,99.185045,211.527289,30.362769,36.435323,86.027845,23.278123,49.592522,7.084646,8.096738,527.300084,141.692921,301.603503,43.519969,51.616707,3.000000,2.000000,3.000000,0.000000,1.000000,0.000000,1.000000,2.000000,0.000000,1.000000,0.000000,1.000000,3.000000,0.000000,1.000000,1553.000000,438.000000,932.000000,136.000000,161.000000,5.000000,
0.049325,0.994262,0.149479,0.244004,0.151138,0.012092,-210.074126,3.186419,1396033.246292,1161961.843912,2307277.276685,207665.032617,1090449.851232,370.425779,99.185045,211.527289,30.362769,36.435323,86.027845,23.278123,49.592522,7.084646,8.096738,527.300084,141.692921,301.603503,43.519969,51.616707,3.000000,2.000000,3.000000,0.000000,1.000000,0.000000,1.000000,2.000000,0.000000,1.000000,0.000000,1.000000,3.000000,0.000000,1.000000,1553.000000,438.000000,932.000000,136.000000,161.000000,5.000000,
0.049325,0.994262,0.149479,0.244004,0.151138,0.012092,-210.074126,3.186419,1396033.246292,1161961.843912,2307277.276685,207665.032617,1090449.851232,370.425779,99.185045,211.527289,30.362769,36.435323,86.027845,23.278123,49.592522,7.084646,8.096738,527.300084,141.692921,301.603503,43.519969,51.616707,3.000000,2.000000,3.000000,0.000000,1.000000,0.000000,1.000000,2.000000,0.000000,1.000000,0.000000,1.000000,3.000000,0.000000,1.000000,1553.000000,438.000000,932.000000,136.000000,161.000000,5.000000,
0.049325,0.994262,0.149479,0.244004,0.151138,0.012092,-210.074126,3.186419,1396033.246292,1161961.843912,2307277.276685,207665.032617,1090449.851232,370.425779,99.185045,211.527289,30.362769,36.435323,86.027845,23.278123,49.592522,7.084646,8.096738,527.300084,141.692921,301.603503,43.519969,51.616707,3.000000,2.000000,3.000000,0.000000,1.000000,0.000000,1.000000,2.000000,0.000000,1.000000,0.000000,1.000000,3.000000,0.000000,1.000000,1553.000000,438.000000,932.000000,136.000000,161.000000,5.000000,
0.049325,0.994262,0.149479,0.244004,0.151138,0.012092,-210.074126,3.186419,1396033.246292,1161961.843912,2307277.276685,207665.032617,1090449.851232,370.425779,99.185045,211.527289,30.362769,36.435323,86.027845,23.278123,49.592522,7.084646,8.096738,527.300084,141.692921,301.603503,43.519969,51.616707,3.000000,2.000000,3.000000,0.000000,1.000000,0.000000,1.000000,2.000000,0.000000,1.000000,0.000000,1.000000,3.000000,0.000000,1.000000,1553.000000,438.000000,932.000000,136.000000,161.000000,5.000000,
0.049325,0.994262,0.149479,0.244004,0.151138,0.012092,-210.074126,3.186419,1396033.246292,1161961.843912,2307277.276685,207665.032617,1090449.851232,370.425779,99.185045,211.527289,30.362769,36.435323,86.027845,23.278123,49.592522,7.084646,8.096738,527.300084,141.692921,301.603503,43.519969,51.616707,3.000000,2.000000,3.000000,0.000000,1.000000,0.000000,1.000000,2.000000,0.000000,1.000000,0.000000,1.000000,3.000000,0.000000,1.000000,1553.000000,438.000000,932.000000,136.000000,161.000000,5.000000,
0.049325,0.994262,0.149479,0.244004,0.151138,0.012092,-210.074126,3.186419,1396033.246292,1161961.843912,2307277.276685,207665.032617,1090449.851232,370.425779,99.185045,211.527289,30.362769,36.435323,86.027845,23.278123,49.592522,7.084646,8.096738,527.300084,141.692921,301.603503,43.519969,51.616707,3.000000,2.000000,3.000000,0.000000,1.000000,0.000000,1.000000,2.000000,0.000000,1.000000,0.000000,1.000000,3.000000,0.000000,1.000000,1553.000000,438.000000,932.000000,136.000000,161.000000,5.000000,
0.049325,0.994262,0.149479,0.244004,0.151138,0.012092,-210.074126,3.186419,1396033.246292,1161961.843912,2307277.276685,207665.032617,1090449.851232,370.425779,99.185045,211.527289,30.362769,36.435323,86.027845,23.278123,49.592522,7.084646,8.096738,527.300084,141.692921,301.603503,43.519969,51.616707,3.000000,2.000000,3.000000,0.000000,1.000000,0.000000,1.000000,2.000000,0.000000,1.000000,0.000000,1.000000,3.000000,0.000000,1.000000,1553.000000,438.000000,932.000000,136.000000,161.000000,5.000000,
0.049325,0.994262,0.149479,0.244004,0.151138,0.012092,-210.074126,3.186419,1396033.246292,1161961.843912,2307277.276685,207665.032617,1090449.851232,370.425779,99.185045,211.527289,30.362769,36.435323,86.027845,23.278123,49.592522,7.084646,8.096738,527.300084,141.692921,301.603503,43.519969,51.616707,3.000000,2.000000,3.000000,0.000000,1.000000,0.000000,1.000000,2.000000,0.000000,1.000000,0.000000,1.000000,3.000000,0.000000,1.000000,1553.000000,438.000000,932.000000,136.000000,161.000000,5.000000,
0.049325,0.994262,0.149479,0.244004,0.151138,0.012092,-210.074126,3.186419,1396033.246292,1161961.843912,2307277.276685,207665.032617,1090449.851232,370.425779,99.185045,211.527289,30.362769,36.435323,86.027845,23.278123,49.592522,7.084646,8.096738,527.300084,141.692921,301.603503,43.519969,51.616707,3.000000,2.000000,3.000000,0.000000,1.000000,0.000000,1.000000,2.000000,0.000000,1.000000,0.000000,1.000000,3.000000,0.000000,1.000000,1553.000000,438.000000,932.000000,136.000000,161.000000,5.000000,
0.049325,0.994262,0.149479,0.244004,0.151138,0.012092,-210.074126,3.186419,1396033.246292,1161961.843912,2307277.276685,207665.032617,1090449.851232,370.425779,99.185045,211.527289,30.362769,36.435323,86.027845,23.278123,49.592522,7.084646,8.096738,527.300084,141.692921,301.603503,43.519969,51.616707,3.000000,2.000000,3.000000,0.000000,1.000000,0.000000,1.000000,2.000000,0.000000,1.000000,0.000000,1.000000,3.000000,0.000000,1.000000,1553.000000,438.000000,932.000000,136.000000,161.000000,5.000000,
0.049325,0.994262,0.149479,0.244004,0.151138,0.012092,-210.074126,3.186419,1396033.246292,1161961.843912,2307277.276685,207665.032617,1090449.851232,370.425779,99.185045,211.527289,30.362769,36.435323,86.027845,23.278123,49.592522,7.084646,8.096738,527.300084,141.692921,301.603503,43.519969,51.616707,3.000000,2.000000,3.000000,0.000000,1.000000,0.000000,1.000000,2.000000,0.000000,1.000000,0.000000,1.000000,3.000000,0.000000,1.000000,1553.000000,438.000000,932.000000,136.000000,161.000000,5.000000,
0.049325,0.994262,0.149479,0.244004,0.151138,0.012092,-210.074126,3.186419,1396033.246292,1161961.843912,2307277.276685,207665.032617,1090449.851232,370.425779,99.185045,211.527289,30.362769,36.435323,86.027845,23.278123,49.592522,7.084646,8.096738,527.300084,141.692921,301.603503,43.519969,51.616707,3.000000,2.000000,3.000000,0.000000,1.000000,0.000000,1.000000,2.000000,0.000000,1.000000,0.000000,1.000000,3.000000,0.000000,1.000000,1553.000000,438.000000,932.000000,136.000000,161.000000,5.000000,
0.049325,0.994262,0.149479,0.244004,0.151138,0.012092,-210.074126,3.186419,1396033.246292,1161961.843912,2307277.276685,207665.032617,1090449.851232,370.425779,99.185045,211.527289,30.362769,36.435323,86.027845,23.278123,49.592522,7.084646,8.096738,527.300084,141.692921,301.603503,43.519969,51.616707,3.000000,2.000000,3.000000,0.000000,1.000000,0.000000,1.000000,2.000000,0.000000,1.000000,0.000000,1.000000,3.000000,0.000000,1.000000,1553.000000,438.000000,932.000000,136.000000,161.000000,5.000000,
0.049325,0.994262,0.149479,0.244004,0.151138,0.012092,-210.074126,3.186419,1396033.246292,1161961.843912,2307277.276685,207665.032617,1090449.851232,370.425779,99.185045,211.527289,30.362769,36.435323,86.027845,23.278123,49.592522,7.084646,8.096738,527.300084,141.692921,301.603503,43.519969,51.616707,3.000000,2.000000,3.000000,0.000000,1.000000,0.000000,1.000000,2.000000,0.000000,1.000000,0.000000,1.000000,3.000000,0.000000,1.000000,1553.000000,438.000000,932.000000,136.000000,161.000000,5.000000,
0.049325,0.994262,0.149479,0.244004,0.151138,0.012092,-210.074126,3.186419,1396033.246292,1161961.843912,2307277.276685,207665.032617,1090449.851232,370.425779,99.185045,211.527289,30.362769,36.435323,86.027845,23.278123,49.592522,7.084646,8.096738,527.300084,141.692921,301.603503,43.519969,51.616707,3.000000,2.000000,3.000000,0.000000,1.000000,0.000000,1.000000,2.000000,0.000000,1.000000,0.000000,1.000000,3.000000,0.000000,1.000000,1553.000000,438.000000,932.000000,136.000000,161.000000,5.000000,
0.049325,0.994262,0.149479,0.244004,0.151138,0.012092,-210.074126,3.186419,1396033.246292,1161961.843912,2307277.276685,207665.032617,1090449.851232,370.425779,99.185045,211.527289,30.362769,36.435323,86.027845,23.278123,49.592522,7.084646,8.096738,527.300084,141.692921,301.603503,43.519969,51.616707,3.000000,2.000000,3.000000,0.000000,1.000000,0.000000,1.000000,2.000000,0.000000,1.000000,0.000000,1.000000,3.000000,0.000000,1.000000,1553.000000,438.000000,932.000000,136.000000,161.000000,5.000000,
0.049325,0.994262,0.149479,0.244004,0.151138,0.012092,-210.074126,3.186419,1396033.246292,1161961.843912,2307277.276685,207665.032617,1090449.851232,370.425779,99.185045,211.527289,30.362769,36.435323,86.027845,23.278123,49.592522,7.084646,8.096738,527.300084,141.692921,301.603503,43.519969,51.616707,3.000000,2.000000,3.000000,0.000000,1.000000,0.000000,1.000000,2.000000,0.000000,1.000000,0.000000,1.000000,3.000000,0.000000,1.000000,1553.000000,438.000000,932.000000,136.000000,161.000000,5.000000,
0.049325,0.994262,0.149479,0.244004,0.151138,0.012092,-210.074126,3.186419,1396033.246292,1161961.843912,2307277.276685,207665.032617,1090449.851232,370.425779,99.185045,211.527289,30.362769,36.435323,86.027845,23.278123,49.592522,7.084646,8.096738,527.300084,141.692921,301.603503,43.519969,51.616707,3.000000,2.000000,3.000000,0.000000,1.000000,0.000000,1.000000,2.000000,0.000000,1.000000,0.000000,1.000000,3.000000,0.000000,1.000000,1553.000000,438.000000,932.000000,136.000000,161.000000,5.000000,
0.049325,0.994262,0.149479,0.244004,0.151138,0.012092,-210.074126,3.186419,1396033.246292,1161961.843912,2307277.276685,207665.032617,1090449.851232,370.425779,99.185045,211.527289,30.362769,36.435323,86.027845,23.278123,49.592522,7.084646,8.096738,527.300084,141.692921,301.603503,43.519969,51.616707,3.000000,2.000000,3.000000,0.000000,1.000000,0.000000,1.000000,2.000000,0.000000,1.000000,0.000000,1.000000,3.000000,0.000000,1.000000,1553.000000,438.000000,932.000000,136.000000,161.000000,5.000000,
0.049325,0.994262,0.149479,0.244004,0.151138,0.012092,-210.074126,3.186419,1396033.246292,1161961.843912,2307277.276685,207665.032617,1090449.851232,370.425779,99.185045,211.527289,30.362769,36.435323,86.027845,23.278123,49.592522,7.084646,8.096738,527.300084,141.692921,301.603503,43.519969,51.616707,3.000000,2.000000,3.000000,0.000000,1.000000,0.000000,1.000000,2.000000,0.000000,1.000000,0.000000,1.000000,3.000000,0.000000,1.000000,1553.000000,438.000000,932.000000,136.000000,161.000000,5.000000,
0.049325,0.994262,0.149479,0.244004,0.151138,0.012092,-210.074126,3.186419,1396033.246292,1161961.843912,2307277.276685,207665.032617,1090449.851232,370.425779,99.185045,211.527289,30.362769,36.435323,86.027845,23.278123,49.592522,7.084646,8.096738,527.300084,141.692921,301.603503,43.519969,51.616707,3.000000,2.000000,3.000000,0.000000,1.000000,0.000000,1.000000,2.000000,0.000000,1.000000,0.000000,1.000000,3.000000,0.000000,1.000000,1553.000000,438.000000,932.000000,136.000000,161.000000,5.000000,
0.049325,0.994262,0.149479,0.244004,0.151138,0.012092,-210.074126,3.186419,1396033.246292,1161961.843912,2307277.276685,207665.032617,1090449.851232,370.425779,99.185045,211.527289,30.362769,36.435323,86.027845,23.278123,49.592522,7.084646,8.096738,527.300084,141.692921,301.603503,43.519969,51.616707,3.000000,2.000000,3.000000,0.000000,1.000000,0.000000,1.000000,2.000000,0.000000,1.000000,0.000000,1.000000,3.000000,0.000000,1.000000,1553.000000,438.000000,932.000000,136.000000,161.000000,5.000000,
0.049325,0.994262,0.149479,0.244004,0.151138,0.012092,-210.074126,3.186419,1396033.246292,1161961.843912,2307277.276685,207665.032617,1090449.851232,370.425779,99.185045,211.527289,30.362769,36.435323,86.027845,23.278123,49.592522,7.084646,8.096738,527.300084,141.692921,301.603503,43.519969,51.616707,3.000000,2.000000,3.000000,0.000000,1.000000,0.000000,1.000000,2.000000,0.000000,1.000000,0.000000,1.000000,3.000000,0.000000,1.000000,1553.000000,438.000000,932.000000,136.000000,161.000000,5.000000,
0.049325,0.994262,0.149479,0.244004,0.151138,0.012092,-210.074126,3.186419,1396033.246292,1161961.843912,2307277.276685,207665.032617,1090449.851232,370.425779,99.185045,211.527289,30.362769,36.435323,86.027845,23.278123,49.592522,7.084646,8.096738,527.300084,141.692921,301.603503,43.519969,51.616707,3.000000,2.000000,3.000000,0.000000,1.000000,0.000000,1.000000,2.000000,0.000000,1.000000,0.000000,1.000000,3.000000,0.000000,1.000000,1553.000000,438.000000,932.000000,136.000000,161.000000,5.000000,
0.049325,0.994262,0.149479,0.244004,0.151138,0.012092,-210.074126,3.186419,1396033.246292,1161961.843912,2307277.276685,207665.032617,1090449.851232,370.425779,99.185045,211.527289,30.362769,36.435323,86.027845,23.278123,49.592522,7.084646,8.096738,527.300084,141.692921,301.603503,43.519969,51.616707,3.000000,2.000000,3.000000,0.000000,1.000000,0.000000,1.000000,2.000000,0.000000,1.000000,0.000000,1.000000,3.000000,0.000000,1.000000,1553.000000,438.000000,932.000000,136.000000,161.000000,5.000000,
0.049325,0.994262,0.149479,0.244004,0.151138,0.012092,-210.074126,3.186419,1396033.246292,1161961.843912,2307277.276685,207665.032617,1090449.851232,370.425779,99.185045,211.527289,30.362769,36.435323,86.027845,23.278123,49.592522,7.084646,8.096738,527.300084,141.692921,301.603503,43.519969,51.616707,3.000000,2.000000,3.000000,0.000000,1.000000,0.000000,1.000000,2.000000,0.000000,1.000000,0.000000,1.000000,3.000000,0.000000,1.000000,1553.000000,438.000000,932.000000,136.000000,161.000000,5.000000,
0.049325,0.994262,0.149479,0.244004,0.151138,0.012092,-210.074126,3.186419,1396033.246292,1161961.843912,2307277.276685,207665.032617,1090449.851232,370.425779,99.185045,211.527289,30.362769,36.435323,86.027845,23.278123,49.592522,7.084646,8.096738,527.300084,141.692921,301.603503,43.519969,51.616707,3.000000,2.000000,3.000000,0.000000,1.000000,0.000000,1.000000,2.000000,0.000000,1.000000,0.000000,1.000000,3.000000,0.000000,1.000000,1553.000000,438.000000,932.000000,136.000000,161.000000,5.000000,
0.049325,0.994262,0.149479,0.244004,0.151138,0.012092,-210.074126,3.186419,1396033.246292,1161961.843912,2307277.276685,207665.032617,1090449.851232,370.425779,99.185045,211.527289,30.362769,36.435323,86.027845,23.278123,49.592522,7.084646,8.096738,527.300084,141.692921,301.603503,43.519969,51.616707,3.000000,2.000000,3.000000,0.000000,1.000000,0.000000,1.000000,2.000000,0.000000,1.000000,0.000000,1.000000,3.000000,0.000000,1.000000,1553.000000,438.000000,932.000000,136.000000,161.000000,5.000000,
0.049325,0.994262,0.149479,0.244004,0.151138,0.012092,-210.074126,3.186419,1396033.246292,1161961.843912,2307277.276685,207665.032617,1090449.851232,370.425779,99.185045,211.527289,30.362769,36.435323,86.027845,23.278123,49.592522,7.084646,8.096738,527.300084,141.692921,301.603503,43.519969,51.616707,3.000000,2.000000,3.000000,0.000000,1.000000,0.000000,1.000000,2.000000,0.000000,1.000000,0.000000,1.000000,3.000000,0.000000,1.000000,1553.000000,438.000000,932.000000,136.000000,161.000000,5.000000,
0.049325,0.994262,0.149479,0.244004,0.151138,0.012092,-210.074126,3.186419,1396033.246292,1161961.843912,2307277.276685,207665.032617,1090449.851232,370.425779,99.185045,211.527289,30.362769,36.435323,86.027845,23.278123,49.592522,7.084646,8.096738,527.300084,141.692921,301.603503,43.519969,51.616707,3.000000,2.000000,3.000000,0.000000,1.000000,0.000000,1.000000,2.000000,0.000000,1.000000,0.000000,1.000000,3.000000,0.000000,1.000000,1553.000000,438.000000,932.000000,136.000000,161.000000,5.000000,
0.049325,0.994262,0.149479,0.244004,0.151138,0.012092,-210.074126,3.186419,1396033.246292,1161961.843912,2307277.276685,207665.032617,1090449.851232,370.425779,99.185045,211.527289,30.362769,36.435323,86.027845,23.278123,49.592522,7.084646,8.096738,527.300084,141.692921,301.603503,43.519969,51.616707,3.000000,2.000000,3.000000,0.000000,1.000000,0.000000,1.000000,2.000000,0.000000,1.000000,0.000000,1.000000,3.000000,0.000000,1.000000,1553.000000,438.000000,932.000000,136.000000,161.000000,5.000000,
0.049325,0.994262,0.149479,0.244004,0.151138,0.012092,-210.074126,3.186419,1396033.246292,1161961.843912,2307277.276685,207665.032617,1090449.851232,370.425779,99.185045,211.527289,30.362769,36.435323,86.027845,23.278123,49.592522,7.084646,8.096738,527.300084,141.692921,301.603503,43.519969,51.616707,3.000000,2.000000,3.000000,0.000000,1.000000,0.000000,1.000000,2.000000,0.000000,1.000000,0.000000,1.000000,3.000000,0.000000,1.000000,1553.000000,438.000000,932.000000,136.000000,161.000000,5.000000,
0.049325,0.994262,0.149479,0.244004,0.151138,0.012092,-210.074126,3.186419,1396033.246292,1161961.843912,2307277.276685,207665.032617,1090449.851232,370.425779,99.185045,211.527289,30.362769,36.435323,86.027845,23.278123,49.592522,7.084646,8.096738,527.300084,141.692921,301.603503,43.519969,51.616707,3.000000,2.000000,3.000000,0.000000,1.000000,0.000000,1.000000,2.000000,0.000000,1.000000,0.000000,1.000000,3.000000,0.000000,1.000000,1553.000000,438.000000,932.000000,136.000000,161.000000,5.000000,
0.049325,0.994262,0.149479,0.244004,0.151138,0.012092,-210.074126,3.186419,1396033.246292,1161961.843912,2307277.276685,207665.032617,1090449.851232,370.425779,99.185045,211.527289,30.362769,36.435323,86.027845,23.278123,49.592522,7.084646,8.096738,527.300084,141.692921,301.603503,43.519969,51.616707,3.000000,2.000000,3.000000,0.000000,1.000000,0.000000,1.000000,2.000000,0.000000,1.000000,0.000000,1.000000,3.000000,0.000000,1.000000,1553.000000,438.000000,932.000000,136.000000,161.000000,5.000000,
0.049325,0.994262,0.149479,0.244004,0.151138,0.012092,-210.074126,3.186419,1396033.246292,1161961.843912,2307277.276685,207665.032617,1090449.851232,370.425779,99.185045,211.527289,30.362769,36.435323,86.027845,23.278123,49.592522,7.084646,8.096738,527.300084,141.692921,301.603503,43.519969,51.616707,3.000000,2.000000,3.000000,0.000000,1.000000,0.000000,1.000000,2.000000,0.000000,1.000000,0.000000,1.000000,3.000000,0.000000,1.000000,1553.000000,438.000000,932.000000,136.000000,161.000000,5.000000,
0.049325,0.994262,0.149479,0.244004,0.151138,0.012092,-210.074126,3.186419,1396033.246292,1161961.843912,2307277.276685,207665.032617,1090449.851232,370.425779,99.185045,211.527289,30.362769,36.435323,86.027845,23.278123,49.592522,7.084646,8.096738,527.300084,141.692921,301.603503,43.519969,51.616707,3.000000,2.000000,3.000000,0.000000,1.000000,0.000000,1.000000,2.000000,0.000000,1.000000,0.000000,1.000000,3.000000,0.000000,1.000000,1553.000000,438.000000,932.000000,136.000000,161.000000,5.000000,
0.049325,0.994262,0.149479,0.244004,0.151138,0.012092,-210.074126,3.186419,1396033.246292,1161961.843912,2307277.276685,207665.032617,1090449.851232,370.425779,99.185045,211.527289,30.362769,36.435323,86.027845,23.278123,49.592522,7.084646,8.096738,527.300084,141.692921,301.603503,43.519969,51.616707,3.000000,2.000000,3.000000,0.000000,1.000000,0.000000,1.000000,2.000000,0.000000,1.000000,0.000000,1.000000,3.000000,0.000000,1.000000,1553.000000,438.000000,932.000000,136.000000,161.000000,5.000000,
0.049325,0.994262,0.149479,0.244004,0.151138,0.012092,-210.074126,3.186419,1396033.246292,1161961.843912,2307277.276685,207665.032617,1090449.851232,370.425779,99.185045,211.527289,30.362769,36.435323,86.027845,23.278123,49.592522,7.084646,8.096738,527.300084,141.692921,301.603503,43.519969,51.616707,3.000000,2.000000,3.000000,0.000000,1.000000,0.000000,1.000000,2.000000,0.000000,1.000000,0.000000,1.000000,3.000000,0.000000,1.000000,1553.000000,438.000000,932.000000,136.000000,161.000000,5.000000,
0.049325,0.994262,0.149479,0.244004,0.151138,0.012092,-210.074126,3.186419,1396033.246292,1161961.843912,2307277.276685,207665.032617,1090449.851232,370.425779,99.185045,211.527289,30.362769,36.435323,86.027845,23.278123,49.592522,7.084646,8.096738,527.300084,141.692921,301.603503,43.519969,51.616707,3.000000,2.000000,3.000000,0.000000,1.000000,0.000000,1.000000,2.000000,0.000000,1.000000,0.000000,1.000000,3.000000,0.000000,1.000000,1553.000000,438.000000,932.000000,136.000000,161.000000,5.000000,
0.049325,0.994262,0.149479,0.244004,0.151138,0.012092,-210.074126,3.186419,1396033.246292,1161961.843912,2307277.276685,207665.032617,1090449.851232,370.425779,99.185045,211.527289,30.362769,36.435323,86.027845,23.278123,49.592522,7.084646,8.096738,527.300084,141.692921,301.603503,43.519969,51.616707,3.000000,2.000000,3.000000,0.000000,1.000000,0.000000,1.000000,2.000000,0.000000,1.000000,0.000000,1.000000,3.000000,0.000000,1.000000,1553.000000,438.000000,932.000000,136.000000,161.000000,5.000000,
0.049325,0.994262,0.149479,0.244004,0.151138,0.012092,-210.074126,3.186419,1396033.246292,1161961.843912,2307277.276685,207665.032617,1090449.851232,370.425779,99.185045,211.527289,30.362769,36.435323,86.027845,23.278123,49.592522,7.084646,8.096738,527.300084,141.692921,301.603503,43.519969,51.616707,3.000000,2.000000,3.000000,0.000000,1.000000,0.000000,1.000000,2.000000,0.000000,1.000000,0.000000,1.000000,3.000000,0.000000,1.000000,1553.000000,438.000000,932.000000,136.000000,161.000000,5.000000,
0.049325,0.994262,0.149479,0.244004,0.151138,0.012092,-210.074126,3.186419,1396033.246292,1161961.843912,2307277.276685,207665.032617,1090449.851232,370.425779,99.185045,211.527289,30.362769,36.435323,86.027845,23.278123,49.592522,7.084646,8.096738,527.300084,141.692921,301.603503,43.519969,51.616707,3.000000,2.000000,3.000000,0.000000,1.000000,0.000000,1.000000,2.000000,0.000000,1.000000,0.000000,1.000000,3.000000,0.000000,1.000000,1553.000000,438.000000,932.000000,136.000000,161.000000,5.000000,
0.049325,0.994262,0.149479,0.244004,0.151138,0.012092,-210.074126,3.186419,1396033.246292,1161961.843912,2307277.276685,207665.032617,1090449.851232,370.425779,99.185045,211.527289,30.362769,36.435323,86.027845,23.278123,49.592522,7.084646,8.096738,527.300084,141.692921,301.603503,43.519969,51.616707,3.000000,2.000000,3.000000,0.000000,1.000000,0.000000,1.000000,2.000000,0.000000,1.000000,0.000000,1.000000,3.000000,0.000000,1.000000,1553.000000,438.000000,932.000000,136.000000,161.000000,5.000000,
0.049325,0.994262,0.149479,0.244004,0.151138,0.012092,-210.074126,3.186419,1396033.246292,1161961.843912,2307277.276685,207665.032617,1090449.851232,370.425779,99.185045,211.527289,30.362769,36.435323,86.027845,23.278123,49.592522,7.084646,8.096738,527.300084,141.692921,301.603503,43.519969,51.616707,3.000000,2.000000,3.000000,0.000000,1.000000,0.000000,1.000000,2.000000,0.000000,1.000000,0.000000,1.000000,3.000000,0.000000,1.000000,1553.000000,438.000000,932.000000,136.000000,161.000000,5.000000,
0.049325,0.994262,0.149479,0.244004,0.151138,0.012092,-210.074126,3.186419,1396033.246292,1161961.843912,2307277.276685,207665.032617,1090449.851232,370.425779,99.185045,211.527289,30.362769,36.435323,86.027845,23.278123,49.592522,7.084646,8.096738,527.300084,141.692921,301.603503,43.519969,51.616707,3.000000,2.000000,3.000000,0.000000,1.000000,0.000000,1.000000,2.000000,0.000000,1.000000,0.000000,1.000000,3.000000,0.000000,1.000000,1553.000000,438.000000,932.000000,136.000000,161.000000,5.000000,
0.049325,0.994262,0.149479,0.244004,0.151138,0.012092,-210.074126,3.186419,1396033.246292,1161961.843912,2307277.276685,207665.032617,1090449.851232,370.425779,99.185045,211.527289,30.362769,36.435323,86.027845,23.278123,49.592522,7.084646,8.096738,527.300084,141.692921,301.603503,43.519969,51.616707,3.000000,2.000000,3.000000,0.000000,1.000000,0.000000,1.000000,2.000000,0.000000,1.000000,0.000000,1.000000,3.000000,0.000000,1.000000,1553.000000,438.000000,932.000000,136.000000,161.000000,5.000000,
0.049325,0.994262,0.149479,0.244004,0.151138,0.012092,-210.074126,3.186419,1396033.246292,1161961.843912,2307277.276685,207665.032617,1090449.851232,370.425779,99.185045,211.527289,30.362769,36.435323,86.027845,23.278123,49.592522,7.084646,8.096738,527.300084,141.692921,301.603503,43.519969,51.616707,3.000000,2.000000,3.000000,0.000000,1.000000,0.000000,1.000000,2.000000,0.000000,1.000000,0.000000,1.000000,3.000000,0.000000,1.000000,1553.000000,438.000000,932.000000,136.000000,161.000000,5.000000,
0.049325,0.994262,0.149479,0.244004,0.151138,0.012092,-210.074126,3.186419,1396033.246292,1161961.843912,2307277.276685,207665.032617,1090449.851232,370.425779,99.185045,211.527289,30.362769,36.435323,86.027845,23.278123,49.592522,7.084646,8.096738,527.300084,141.692921,301.603503,43.519969,51.616707,3.000000,2.000000,3.000000,0.000000,1.000000,0.000000,1.000000,2.000000,0.000000,1.000000,0.000000,1.000000,3.000000,0.000000,1.000000,1553.000000,438.000000,932.000000,136.000000,161.000000,5.000000,
0.049325,0.994262,0.149479,0.244004,0.151138,0.012092,-210.074126,3.186419,1396033.246292,1161961.843912,2307277.276685,207665.032617,1090449.851232,370.425779,99.185045,211.527289,30.362769,36.435323,86.027845,23.278123,49.592522,7.084646,8.096738,527.300084,141.692921,301.603503,43.519969,51.616707,3.000000,2.000000,3.000000,0.000000,1.000000,0.000000,1.000000,2.000000,0.000000,1.000000,0.000000,1.000000,3.000000,0.000000,1.000000,1553.000000,438.000000,932.000000,136.000000,161.000000,5.000000,
0.049325,0.994262,0.149479,0.244004,0.151138,0.012092,-210.074126,3.186419,1396033.246292,1161961.843912,2307277.276685,207665.032617,1090449.851232,370.425779,99.185045,211.527289,30.362769,36.435323,86.027845,23.278123,49.592522,7.084646,8.096738,527.300084,141.692921,301.603503,43.519969,51.616707,3.000000,2.000000,3.000000,0.000000,1.000000,0.000000,1.000000,2.000000,0.000000,1.000000,0.000000,1.000000,3.000000,0.000000,1.000000,1553.000000,438.000000,932.000000,136.000000,161.000000,5.000000,
0.049325,0.994262,0.149479,0.244004,0.151138,0.012092,-210.074126,3.186419,1396033.246292,1161961.843912,2307277.276685,207665.032617,1090449.851232,370.425779,99.185045,211.527289,30.362769,36.435323,86.027845,23.278123,49.592522,7.084646,8.096738,527.300084,141.692921,301.603503,43.519969,51.616707,3.000000,2.000000,3.000000,0.000000,1.000000,0.000000,1.000000,2.000000,0.000000,1.000000,0.000000,1.000000,3.000000,0.000000,1.000000,1553.000000,438.000000,932.000000,136.000000,161.000000,5.000000,
0.049325,0.994262,0.149479,0.244004,0.151138,0.012092,-210.074126,3.186419,1396033.246292,1161961.843912,2307277.276685,207665.032617,1090449.851232,370.425779,99.185045,211.527289,30.362769,36.435323,86.027845,23.278123,49.592522,7.084646,8.096738,527.300084,141.692921,301.603503,43.519969,51.616707,3.000000,2.000000,3.000000,0.000000,1.000000,0.000000,1.000000,2.000000,0.000000,1.000000,0.000000,1.000000,3.000000,0.000000,1.000000,1553.000000,438.000000,932.000000,136.000000,161.000000,5.000000,
0.049325,0.994262,0.149479,0.244004,0.151138,0.012092,-210.074126,3.186419,1396033.246292,1161961.843912,2307277.276685,207665.032617,1090449.851232,370.425779,99.185045,211.527289,30.362769,36.435323,86.027845,23.278123,49.592522,7.084646,8.096738,527.300084,141.692921,301.603503,43.519969,51.616707,3.000000,2.000000,3.000000,0.000000,1.000000,0.000000,1.000000,2.000000,0.000000,1.000000,0.000000,1.000000,3.000000,0.000000,1.000000,1553.000000,438.000000,932.000000,136.000000,161.000000,5.000000,
0.049325,0.994262,0.149479,0.244004,0.151138,0.012092,-210.074126,3.186419,1396033.246292,1161961.843912,2307277.276685,207665.032617,1090449.851232,370.425779,99.185045,211.527289,30.362769,36.435323,86.027845,23.278123,49.592522,7.084646,8.096738,527.300084,141.692921,301.603503,43.519969,51.616707,3.000000,2.000000,3.000000,0.000000,1.000000,0.000000,1.000000,2.000000,0.000000,1.000000,0.000000,1.000000,3.000000,0.000000,1.000000,1553.000000,438.000000,932.000000,136.000000,161.000000,5.000000,
0.049325,0.994262,0.149479,0.244004,0.151138,0.012092,-210.074126,3.186419,1396033.246292,1161961.843912,2307277.276685,207665.032617,1090449.851232,370.425779,99.185045,211.527289,30.362769,36.435323,86.027845,23.278123,49.592522,7.084646,8.096738,527.300084,141.692921,301.603503,43.519969,51.616707,3.000000,2.000000,3.000000,0.000000,1.000000,0.000000,1.000000,2.000000,0.000000,1.000000,0.000000,1.000000,3.000000,0.000000,1.000000,1553.000000,438.000000,932.000000,136.000000,161.000000,5.000000,
0.049325,0.994262,0.149479,0.244004,0.151138,0.012092,-210.074126,3.186419,1396033.246292,1161961.843912,2307277.276685,207665.032617,1090449.851232,370.425779,99.185045,211.527289,30.362769,36.435323,86.027845,23.278123,49.592522,7.084646,8.096738,527.300084,141.692921,301.603503,43.519969,51.616707,3.000000,2.000000,3.000000,0.000000,1.000000,0.000000,1.000000,2.000000,0.000000,1.000000,0.000000,1.000000,3.000000,0.000000,1.000000,1553.000000,438.000000,932.000000,136.000000,161.000000,5.000000,
0.049325,0.994262,0.149479,0.244004,0.151138,0.012092,-210.074126,3.186419,1396033.246292,1161961.843912,2307277.276685,207665.032617,1090449.851232,370.425779,99.185045,211.527289,30.362769,36.435323,86.027845,23.278123,49.592522,7.084646,8.096738,527.300084,141.692921,301.603503,43.519969,51.616707,3.000000,2.000000,3.000000,0.000000,1.000000,0.000000,1.000000,2.000000,0.000000,1.000000,0.000000,1.000000,3.000000,0.000000,1.000000,1553.000000,438.000000,932.000000,136.000000,161.000000,5.000000,
0.049325,0.994262,0.149479,0.244004,0.151138,0.012092,-210.074126,3.186419,1396033.246292,1161961.843912,2307277.276685,207665.032617,1090449.851232,370.425779,99.185045,211.527289,30.362769,36.435323,86.027845,23.278123,49.592522,7.084646,8.096738,527.300084,141.692921,301.603503,43.519969,51.616707,3.000000,2.000000,3.000000,0.000000,1.000000,0.000000,1.000000,2.000000,0.000000,1.000000,0.000000,1.000000,3.000000,0.000000,1.000000,1553.000000,438.000000,932.000000,136.000000,161.000000,5.000000,
0.049367,0.999721,0.146474,0.220443,0.222635,0.010645,-207.573803,3.182384,1396034.652926,1161962.221619,2307278.081303,207665.148389,1090449.988712,369.896120,99.043224,211.224834,30.319354,36.383225,85.904837,23.244838,49.521612,7.074516,8.085161,526.546117,141.490319,301.172251,43.457741,51.542902,3.000000,2.000000,3.000000,0.000000,1.000000,0.000000,1.000000,2.000000,0.000000,1.000000,0.000000,1.000000,3.000000,0.000000,1.000000,1553.000000,438.000000,932.000000,136.000000,161.000000,5.000000,
0.049367,0.999721,0.146474,0.220443,0.222635,0.010645,-207.573803,3.182384,1396034.652926,1161962.221619,2307278.081303,207665.148389,1090449.988712,369.896120,99.043224,211.224834,30.319354,36.383225,85.904837,23.244838,49.521612,7.074516,8.085161,526.546117,141.490319,301.172251,43.457741,51.542902,3.000000,2.000000,3.000000,0.000000,1.000000,0.000000,1.000000,2.000000,0.000000,1.000000,0.000000,1.000000,3.000000,0.000000,1.000000,1553.000000,438.000000,932.000000,136.000000,161.000000,5.000000,
0.049367,0.999721,0.146474,0.220443,0.222635,0.010645,-207.573803,3.182384,1396034.652926,1161962.221619,2307278.081303,207665.148389,1090449.988712,369.896120,99.043224,211.224834,30.319354,36.383225,85.904837,23.244838,49.521612,7.074516,8.085161,526.546117,141.490319,301.172251,43.457741,51.542902,3.000000,2.000000,3.000000,0.000000,1.000000,0.000000,1.000000,2.000000,0.000000,1.000000,0.000000,1.000000,3.000000,0.000000,1.000000,1553.000000,438.000000,932.000000,136.000000,161.000000,5.000000,
0.049367,0.999721,0.146474,0.220443,0.222635,0.010645,-207.573803,3.182384,1396034.652926,1161962.221619,2307278.081303,207665.148389,1090449.988712,369.896120,99.043224,211.224834,30.319354,36.383225,85.904837,23.244838,49.521612,7.074516,8.085161,526.546117,141.490319,301.172251,43.457741,51.542902,3.000000,2.000000,3.000000,0.000000,1.000000,0.000000,1.000000,2.000000,0.000000,1.000000,0.000000,1.000000,3.000000,0.000000,1.000000,1553.000000,438.000000,932.000000,136.000000,161.000000,5.000000,
0.049367,0.999721,0.146474,0.220443,0.222635,0.010645,-207.573803,3.182384,1396034.652926,1161962.221619,2307278.081303,207665.148389,1090449.988712,369.896120,99.043224,211.224834,30.319354,36.383225,85.904837,23.244838,49.521612,7.074516,8.085161,526.546117,141.490319,301.172251,43.457741,51.542902,3.000000,2.000000,3.000000,0.000000,1.000000,0.000000,1.000000,2.000000,0.000000,1.000000,0.000000,1.000000,3.000000,0.000000,1.000000,1553.000000,438.000000,932.000000,136.000000,161.000000,5.000000,
0.049367,0.999721,0.146474,0.220443,0.222635,0.010645,-207.573803,3.182384,1396034.652926,1161962.221619,2307278.081303,207665.148389,1090449.988712,369.896120,99.043224,211.224834,30.319354,36.383225,85.904837,23.244838,49.521612,7.074516,8.085161,526.546117,141.490319,301.172251,43.457741,51.542902,3.000000,2.000000,3.000000,0.000000,1.000000,0.000000,1.000000,2.000000,0.000000,1.000000,0.000000,1.000000,3.000000,0.000000,1.000000,1553.000000,438.000000,932.000000,136.000000,161.000000,5.000000,
0.049367,0.999721,0.146474,0.220443,0.222635,0.010645,-207.573803,3.182384,1396034.652926,1161962.221619,2307278.081303,207665.148389,1090449.988712,369.896120,99.043224,211.224834,30.319354,36.383225,85.904837,23.244838,49.521612,7.074516,8.085161,526.546117,141.490319,301.172251,43.457741,51.542902,3.000000,2.000000,3.000000,0.000000,1.000000,0.000000,1.000000,2.000000,0.000000,1.000000,0.000000,1.000000,3.000000,0.000000,1.000000,1553.000000,438.000000,932.000000,136.000000,161.000000,5.000000,
0.049367,0.999721,0.146474,0.220443,0.222635,0.010645,-207.573803,3.182384,1396034.652926,1161962.221619,2307278.081303,207665.148389,1090449.988712,369.896120,99.043224,211.224834,30.319354,36.383225,85.904837,23.244838,49.521612,7.074516,8.085161,526.546117,141.490319,301.172251,43.457741,51.542902,3.000000,2.000000,3.000000,0.000000,1.000000,0.000000,1.000000,2.000000,0.000000,1.000000,0.000000,1.000000,3.000000,0.000000,1.000000,1553.000000,438.000000,932.000000,136.000000,161.000000,5.000000,
0.049367,0.999721,0.146474,0.220443,0.222635,0.010645,-207.573803,3.182384,1396034.652926,1161962.221619,2307278.081303,207665.148389,1090449.988712,369.896120,99.043224,211.224834,30.319354,36.383225,85.904837,23.244838,49.521612,7.074516,8.085161,526.546117,141.490319,301.172251,43.457741,51.542902,3.000000,2.000000,3.000000,0.000000,1.000000,0.000000,1.000000,2.000000,0.000000,1.000000,0.000000,1.000000,3.000000,0.000000,1.000000,1553.000000,438.000000,932.000000,136.000000,161.000000,5.000000,
0.049367,0.999721,0.146474,0.220443,0.222635,0.010645,-207.573803,3.182384,1396034.652926,1161962.221619,2307278.081303,207665.148389,1090449.988712,369.896120,99.043224,211.224834,30.319354,36.383225,85.904837,23.244838,49.521612,7.074516,8.085161,526.546117,141.490319,301.172251,43.457741,51.542902,3.000000,2.000000,3.000000,0.000000,1.000000,0.000000,1.000000,2.000000,0.000000,1.000000,0.000000,1.000000,3.000000,0.000000,1.000000,1553.000000,438.000000,932.000000,136.000000,161.000000,5.000000,
0.049367,0.999721,0.146474,0.220443,0.222635,0.010645,-207.573803,3.182384,1396034.652926,1161962.221619,2307278.081303,207665.148389,1090449.988712,369.896120,99.043224,211.224834,30.319354,36.383225,85.904837,23.244838,49.521612,7.074516,8.085161,526.546117,141.490319,301.172251,43.457741,51.542902,3.000000,2.000000,3.000000,0.000000,1.000000,0.000000,1.000000,2.000000,0.000000,1.000000,0.000000,1.000000,3.000000,0.000000,1.000000,1553.000000,438.000000,932.000000,136.000000,161.000000,5.000000,
0.049367,0.999721,0.146474,0.220443,0.222635,0.010645,-207.573803,3.182384,1396034.652926,1161962.221619,2307278.081303,207665.148389,1090449.988712,369.896120,99.043224,211.224834,30.319354,36.383225,85.904837,23.244838,49.521612,7.074516,8.085161,526.546117,141.490319,301.172251,43.457741,51.542902,3.000000,2.000000,3.000000,0.000000,1.000000,0.000000,1.000000,2.000000,0.000000,1.000000,0.000000,1.000000,3.000000,0.000000,1.000000,1553.000000,438.000000,932.000000,136.000000,161.000000,5.000000,
0.049367,0.999721,0.146474,0.220443,0.222635,0.010645,-207.573803,3.182384,1396034.652926,1161962.221619,2307278.081303,207665.148389,1090449.988712,369.896120,99.043224,211.224834,30.319354,36.383225,85.904837,23.244838,49.521612,7.074516,8.085161,526.546117,141.490319,301.172251,43.457741,51.542902,3.000000,2.000000,3.000000,0.000000,1.000000,0.000000,1.000000,2.000000,0.000000,1.000000,0.000000,1.000000,3.000000,0.000000,1.000000,1553.000000,438.000000,932.000000,136.000000,161.000000,5.000000,
0.049367,0.999721,0.146474,0.220443,0.222635,0.010645,-207.573803,3.182384,1396034.652926,1161962.221619,2307278.081303,207665.148389,1090449.988712,369.896120,99.043224,211.224834,30.319354,36.383225,85.904837,23.244838,49.521612,7.074516,8.085161,526.546117,141.490319,301.172251,43.457741,51.542902,3.000000,2.000000,3.000000,0.000000,1.000000,0.000000,1.000000,2.000000,0.000000,1.000000,0.000000,1.000000,3.000000,0.000000,1.000000,1553.000000,438.000000,932.000000,136.000000,161.000000,5.000000,
0.049367,0.999721,0.146474,0.220443,0.222635,0.010645,-207.573803,3.182384,1396034.652926,1161962.221619,2307278.081303,207665.148389,1090449.988712,369.896120,99.043224,211.224834,30.319354,36.383225,85.904837,23.244838,49.521612,7.074516,8.085161,526.546117,141.490319,301.172251,43.457741,51.542902,3.000000,2.000000,3.000000,0.000000,1.000000,0.000000,1.000000,2.000000,0.000000,1.000000,0.000000,1.000000,3.000000,0.000000,1.000000,1553.000000,438.000000,932.000000,136.000000,161.000000,5.000000,
0.049367,0.999721,0.146474,0.220443,0.222635,0.010645,-207.573803,3.182384,1396034.652926,1161962.221619,2307278.081303,207665.148389,1090449.988712,369.896120,99.043224,211.224834,30.319354,36.383225,85.904837,23.244838,49.521612,7.074516,8.085161,526.546117,141.490319,301.172251,43.457741,51.542902,3.000000,2.000000,3.000000,0.000000,1.000000,0.000000,1.000000,2.000000,0.000000,1.000000,0.000000,1.000000,3.000000,0.000000,1.000000,1553.000000,438.000000,932.000000,136.000000,161.000000,5.000000,
0.049367,0.999721,0.146474,0.220443,0.222635,0.010645,-207.573803,3.182384,1396034.652926,1161962.221619,2307278.081303,207665.148389,1090449.988712,369.896120,99.043224,211.224834,30.319354,36.383225,85.904837,23.244838,49.521612,7.074516,8.085161,526.546117,141.490319,301.172251,43.457741,51.542902,3.000000,2.000000,3.000000,0.000000,1.000000,0.000000,1.000000,2.000000,0.000000,1.000000,0.000000,1.000000,3.000000,0.000000,1.000000,1553.000000,438.000000,932.000000,136.000000,161.000000,5.000000,
0.049367,0.999721,0.146474,0.220443,0.222635,0.010645,-207.573803,3.182384,1396034.652926,1161962.221619,2307278.081303,207665.148389,1090449.988712,369.896120,99.043224,211.224834,30.319354,36.383225,85.904837,23.244838,49.521612,7.074516,8.085161,526.546117,141.490319,301.172251,43.457741,51.542902,3.000000,2.000000,3.000000,0.000000,1.000000,0.000000,1.000000,2.000000,0.000000,1.000000,0.000000,1.000000,3.000000,0.000000,1.000000,1553.000000,438.000000,932.000000,136.000000,161.000000,5.000000,
0.049367,0.999721,0.146474,0.220443,0.222635,0.010645,-207.573803,3.182384,1396034.652926,1161962.221619,2307278.081303,207665.148389,1090449.988712,369.896120,99.043224,211.224834,30.319354,36.383225,85.904837,23.244838,49.521612,7.074516,8.085161,526.546117,141.490319,301.172251,43.457741,51.542902,3.000000,2.000000,3.000000,0.000000,1.000000,0.000000,1.000000,2.000000,0.000000,1.000000,0.000000,1.000000,3.000000,0.000000,1.000000,1553.000000,438.000000,932.000000,136.000000,161.000000,5.000000,
0.049367,0.999721,0.146474,0.220443,0.222635,0.010645,-207.573803,3.182384,1396034.652926,1161962.221619,2307278.081303,207665.148389,1090449.988712,369.896120,99.043224,211.224834,30.319354,36.383225,85.904837,23.244838,49.521612,7.074516,8.085161,526.546117,141.490319,301.172251,43.457741,51.542902,3.000000,2.000000,3.000000,0.000000,1.000000,0.000000,1.000000,2.000000,0.000000,1.000000,0.000000,1.000000,3.000000,0.000000,1.000000,1553.000000,438.000000,932.000000,136.000000,161.000000,5.000000,
0.049367,0.999721,0.146474,0.220443,0.222635,0.010645,-207.573803,3.182384,1396034.652926,1161962.221619,2307278.081303,207665.148389,1090449.988712,369.896120,99.043224,211.224834,30.319354,36.383225,85.904837,23.244838,49.521612,7.074516,8.085161,526.546117,141.490319,301.172251,43.457741,51.542902,3.000000,2.000000,3.000000,0.000000,1.000000,0.000000,1.000000,2.000000,0.000000,1.000000,0.000000,1.000000,3.000000,0.000000,1.000000,1553.000000,438.000000,932.000000,136.000000,161.000000,5.000000,
0.049367,0.999721,0.146474,0.220443,0.222635,0.010645,-207.573803,3.182384,1396034.652926,1161962.221619,2307278.081303,207665.148389,1090449.988712,369.896120,99.043224,211.224834,30.319354,36.383225,85.904837,23.244838,49.521612,7.074516,8.085161,526.546117,141.490319,301.172251,43.457741,51.542902,3.000000,2.000000,3.000000,0.000000,1.000000,0.000000,1.000000,2.000000,0.000000,1.000000,0.000000,1.000000,3.000000,0.000000,1.000000,1553.000000,438.000000,932.000000,136.000000,161.000000,5.000000,
0.049367,0.999721,0.146474,0.220443,0.222635,0.010645,-207.573803,3.182384,1396034.652926,1161962.221619,2307278.081303,207665.148389,1090449.988712,369.896120,99.043224,211.224834,30.319354,36.383225,85.904837,23.244838,49.521612,7.074516,8.085161,526.546117,141.490319,301.172251,43.457741,51.542902,3.000000,2.000000,3.000000,0.000000,1.000000,0.000000,1.000000,2.000000,0.000000,1.000000,0.000000,1.000000,3.000000,0.000000,1.000000,1553.000000,438.000000,932.000000,136.000000,161.000000,5.000000,
0.049367,0.999721,0.146474,0.220443,0.222635,0.010645,-207.573803,3.182384,1396034.652926,1161962.221619,2307278.081303,207665.148389,1090449.988712,369.896120,99.043224,211.224834,30.319354,36.383225,85.904837,23.244838,49.521612,7.074516,8.085161,526.546117,141.490319,301.172251,43.457741,51.542902,3.000000,2.000000,3.000000,0.000000,1.000000,0.000000,1.000000,2.000000,0.000000,1.000000,0.000000,1.000000,3.000000,0.000000,1.000000,1553.000000,438.000000,932.000000,136.000000,161.000000,5.000000,
0.049367,0.999721,0.146474,0.220443,0.222635,0.010645,-207.573803,3.182384,1396034.652926,1161962.221619,2307278.081303,207665.148389,1090449.988712,369.896120,99.043224,211.224834,30.319354,36.383225,85.904837,23.244838,49.521612,7.074516,8.085161,526.546117,141.490319,301.172251,43.457741,51.542902,3.000000,2.000000,3.000000,0.000000,1.000000,0.000000,1.000000,2.000000,0.000000,1.000000,0.000000,1.000000,3.000000,0.000000,1.000000,1553.000000,438.000000,932.000000,136.000000,161.000000,5.000000,
0.049367,0.999721,0.146474,0.220443,0.222635,0.010645,-207.573803,3.182384,1396034.652926,1161962.221619,2307278.081303,207665.148389,1090449.988712,369.896120,99.043224,211.224834,30.319354,36.383225,85.904837,23.244838,49.521612,7.074516,8.085161,526.546117,141.490319,301.172251,43.457741,51.542902,3.000000,2.000000,3.000000,0.000000,1.000000,0.000000,1.000000,2.000000,0.000000,1.000000,0.000000,1.000000,3.000000,0.000000,1.000000,1553.000000,438.000000,932.000000,136.000000,161.000000,5.000000,
0.049367,0.999721,0.146474,0.220443,0.222635,0.010645,-207.573803,3.182384,1396034.652926,1161962.221619,2307278.081303,207665.148389,1090449.988712,369.896120,99.043224,211.224834,30.319354,36.383225,85.904837,23.244838,49.521612,7.074516,8.085161,526.546117,141.490319,301.172251,43.457741,51.542902,3.000000,2.000000,3.000000,0.000000,1.000000,0.000000,1.000000,2.000000,0.000000,1.000000,0.000000,1.000000,3.000000,0.000000,1.000000,1553.000000,438.000000,932.000000,136.000000,161.000000,5.000000,
0.049367,0.999721,0.146474,0.220443,0.222635,0.010645,-207.573803,3.182384,1396034.652926,1161962.221619,2307278.081303,207665.148389,1090449.988712,369.896120,99.043224,211.224834,30.319354,36.383225,85.904837,23.244838,49.521612,7.074516,8.085161,526.546117,141.490319,301.172251,43.457741,51.542902,3.000000,2.000000,3.000000,0.000000,1.000000,0.000000,1.000000,2.000000,0.000000,1.000000,0.000000,1.000000,3.000000,0.000000,1.000000,1553.000000,438.000000,932.000000,136.000000,161.000000,5.000000,
0.049367,0.999721,0.146474,0.220443,0.222635,0.010645,-207.573803,3.182384,1396034.652926,1161962.221619,2307278.081303,207665.148389,1090449.988712,369.896120,99.043224,211.224834,30.319354,36.383225,85.904837,23.244838,49.521612,7.074516,8.085161,526.546117,141.490319,301.172251,43.457741,51.542902,3.000000,2.000000,3.000000,0.000000,1.000000,0.000000,1.000000,2.000000,0.000000,1.000000,0.000000,1.000000,3.000000,0.000000,1.000000,1553.000000,438.000000,932.000000,136.000000,161.000000,5.000000,
0.049367,0.999721,0.146474,0.220443,0.222635,0.010645,-207.573803,3.182384,1396034.652926,1161962.221619,2307278.081303,207665.148389,1090449.988712,369.896120,99.043224,211.224834,30.319354,36.383225,85.904837,23.244838,49.521612,7.074516,8.085161,526.546117,141.490319,301.172251,43.457741,51.542902,3.000000,2.000000,3.000000,0.000000,1.000000,0.000000,1.000000,2.000000,0.000000,1.000000,0.000000,1.000000,3.000000,0.000000,1.000000,1553.000000,438.000000,932.000000,136.000000,161.000000,5.000000,
0.049367,0.999721,0.146474,0.220443,0.222635,0.010645,-207.573803,3.182384,1396034.652926,1161962.221619,2307278.081303,207665.148389,1090449.988712,369.896120,99.043224,211.224834,30.319354,36.383225,85.904837,23.244838,49.521612,7.074516,8.085161,526.546117,141.490319,301.172251,43.457741,51.542902,3.000000,2.000000,3.000000,0.000000,1.000000,0.000000,1.000000,2.000000,0.000000,1.000000,0.000000,1.000000,3.000000,0.000000,1.000000,1553.000000,438.000000,932.000000,136.000000,161.000000,5.000000,
0.049367,0.999721,0.146474,0.220443,0.222635,0.010645,-207.573803,3.182384,1396034.652926,1161962.221619,2307278.081303,207665.148389,1090449.988712,369.896120,99.043224,211.224834,30.319354,36.383225,85.904837,23.244838,49.521612,7.074516,8.085161,526.546117,141.490319,301.172251,43.457741,51.542902,3.000000,2.000000,3.000000,0.000000,1.000000,0.000000,1.000000,2.000000,0.000000,1.000000,0.000000,1.000000,3.000000,0.000000,1.000000,1553.000000,438.000000,932.000000,136.000000,161.000000,5.000000,
0.049367,0.999721,0.146474,0.220443,0.222635,0.010645,-207.573803,3.182384,1396034.652926,1161962.221619,2307278.081303,207665.148389,1090449.988712,369.896120,99.043224,211.224834,30.319354,36.383225,85.904837,23.244838,49.521612,7.074516,8.085161,526.546117,141.490319,301.172251,43.457741,51.542902,3.000000,2.000000,3.000000,0.000000,1.000000,0.000000,1.000000,2.000000,0.000000,1.000000,0.000000,1.000000,3.000000,0.000000,1.000000,1553.000000,438.000000,932.000000,136.000000,161.000000,5.000000,
0.049367,0.999721,0.146474,0.220443,0.222635,0.010645,-207.573803,3.182384,1396034.652926,1161962.221619,2307278.081303,207665.148389,1090449.988712,369.896120,99.043224,211.224834,30.319354,36.383225,85.904837,23.244838,49.521612,7.074516,8.085161,526.546117,141.490319,301.172251,43.457741,51.542902,3.000000,2.000000,3.000000,0.000000,1.000000,0.000000,1.000000,2.000000,0.000000,1.000000,0.000000,1.000000,3.000000,0.000000,1.000000,1553.000000,438.000000,932.000000,136.000000,161.000000,5.000000,
0.049367,0.999721,0.146474,0.220443,0.222635,0.010645,-207.573803,3.182384,1396034.652926,1161962.221619,2307278.081303,207665.148389,1090449.988712,369.896120,99.043224,211.224834,30.319354,36.383225,85.904837,23.244838,49.521612,7.074516,8.085161,526.546117,141.490319,301.172251,43.457741,51.542902,3.000000,2.000000,3.000000,0.000000,1.000000,0.000000,1.000000,2.000000,0.000000,1.000000,0.000000,1.000000,3.000000,0.000000,1.000000,1553.000000,438.000000,932.000000,136.000000,161.000000,5.000000,
0.049367,0.999721,0.146474,0.220443,0.222635,0.010645,-207.573803,3.182384,1396034.652926,1161962.221619,2307278.081303,207665.148389,1090449.988712,369.896120,99.043224,211.224834,30.319354,36.383225,85.904837,23.244838,49.521612,7.074516,8.085161,526.546117,141.490319,301.172251,43.457741,51.542902,3.000000,2.000000,3.000000,0.000000,1.000000,0.000000,1.000000,2.000000,0.000000,1.000000,0.000000,1.000000,3.000000,0.000000,1.000000,1553.000000,438.000000,932.000000,136.000000,161.000000,5.000000,
0.049367,0.999721,0.146474,0.220443,0.222635,0.010645,-207.573803,3.182384,1396034.652926,1161962.221619,2307278.081303,207665.148389,1090449.988712,369.896120,99.043224,211.224834,30.319354,36.383225,85.904837,23.244838,49.521612,7.074516,8.085161,526.546117,141.490319,301.172251,43.457741,51.542902,3.000000,2.000000,3.000000,0.000000,1.000000,0.000000,1.000000,2.000000,0.000000,1.000000,0.000000,1.000000,3.000000,0.000000,1.000000,1553.000000,438.000000,932.000000,136.000000,161.000000,5.000000,
0.049367,0.999721,0.146474,0.220443,0.222635,0.010645,-207.573803,3.182384,1396034.652926,1161962.221619,2307278.081303,207665.148389,1090449.988712,369.896120,99.043224,211.224834,30.319354,36.383225,85.904837,23.244838,49.521612,7.074516,8.085161,526.546117,141.490319,301.172251,43.457741,51.542902,3.000000,2.000000,3.000000,0.000000,1.000000,0.000000,1.000000,2.000000,0.000000,1.000000,0.000000,1.000000,3.000000,0.000000,1.000000,1553.000000,438.000000,932.000000,136.000000,161.000000,5.000000,
0.049367,0.999721,0.146474,0.220443,0.222635,0.010645,-207.573803,3.182384,1396034.652926,1161962.221619,2307278.081303,207665.148389,1090449.988712,369.896120,99.043224,211.224834,30.319354,36.383225,85.904837,23.244838,49.521612,7.074516,8.085161,526.546117,141.490319,301.172251,43.457741,51.542902,3.000000,2.000000,3.000000,0.000000,1.000000,0.000000,1.000000,2.000000,0.000000,1.000000,0.000000,1.000000,3.000000,0.000000,1.000000,1553.000000,438.000000,932.000000,136.000000,161.000000,5.000000,
0.049367,0.999721,0.146474,0.220443,0.222635,0.010645,-207.573803,3.182384,1396034.652926,1161962.221619,2307278.081303,207665.148389,1090449.988712,369.896120,99.043224,211.224834,30.319354,36.383225,85.904837,23.244838,49.521612,7.074516,8.085161,526.546117,141.490319,301.172251,43.457741,51.542902,3.000000,2.000000,3.000000,0.000000,1.000000,0.000000,1.000000,2.000000,0.000000,1.000000,0.000000,1.000000,3.000000,0.000000,1.000000,1553.000000,438.000000,932.000000,136.000000,161.000000,5.000000,
0.049367,0.999721,0.146474,0.220443,0.222635,0.010645,-207.573803,3.182384,1396034.652926,1161962.221619,2307278.081303,207665.148389,1090449.988712,369.896120,99.043224,211.224834,30.319354,36.383225,85.904837,23.244838,49.521612,7.074516,8.085161,526.546117,141.490319,301.172251,43.457741,51.542902,3.000000,2.000000,3.000000,0.000000,1.000000,0.000000,1.000000,2.000000,0.000000,1.000000,0.000000,1.000000,3.000000,0.000000,1.000000,1553.000000,438.000000,932.000000,136.000000,161.000000,5.000000,
0.049367,0.999721,0.146474,0.220443,0.222635,0.010645,-207.573803,3.182384,1396034.652926,1161962.221619,2307278.081303,207665.148389,1090449.988712,369.896120,99.043224,211.224834,30.319354,36.383225,85.904837,23.244838,49.521612,7.074516,8.085161,526.546117,141.490319,301.172251,43.457741,51.542902,3.000000,2.000000,3.000000,0.000000,1.000000,0.000000,1.000000,2.000000,0.000000,1.000000,0.000000,1.000000,3.000000,0.000000,1.000000,1553.000000,438.000000,932.000000,136.000000,161.000000,5.000000,
0.049367,0.999721,0.146474,0.220443,0.222635,0.010645,-207.573803,3.182384,1396034.652926,1161962.221619,2307278.081303,207665.148389,1090449.988712,369.896120,99.043224,211.224834,30.319354,36.383225,85.904837,23.244838,49.521612,7.074516,8.085161,526.546117,141.490319,301.172251,43.457741,51.542902,3.000000,2.000000,3.000000,0.000000,1.000000,0.000000,1.000000,2.000000,0.000000,1.000000,0.000000,1.000000,3.000000,0.000000,1.000000,1553.000000,438.000000,932.000000,136.000000,161.000000,5.000000,
0.049367,0.999721,0.146474,0.220443,0.222635,0.010645,-207.573803,3.182384,1396034.652926,1161962.221619,2307278.081303,207665.148389,1090449.988712,369.896120,99.043224,211.224834,30.319354,36.383225,85.904837,23.244838,49.521612,7.074516,8.085161,526.546117,141.490319,301.172251,43.457741,51.542902,3.000000,2.000000,3.000000,0.000000,1.000000,0.000000,1.000000,2.000000,0.000000,1.000000,0.000000,1.000000,3.000000,0.000000,1.000000,1553.000000,438.000000,932.000000,136.000000,161.000000,5.000000,
0.049367,0.999721,0.146474,0.220443,0.222635,0.010645,-207.573803,3.182384,1396034.652926,1161962.221619,2307278.081303,207665.148389,1090449.988712,369.896120,99.043224,211.224834,30.319354,36.383225,85.904837,23.244838,49.521612,7.074516,8.085161,526.546117,141.490319,301.172251,43.457741,51.542902,3.000000,2.000000,3.000000,0.000000,1.000000,0.000000,1.000000,2.000000,0.000000,1.000000,0.000000,1.000000,3.000000,0.000000,1.000000,1553.000000,438.000000,932.000000,136.000000,161.000000,5.000000,
0.049367,0.999721,0.146474,0.220443,0.222635,0.010645,-207.573803,3.182384,1396034.652926,1161962.221619,2307278.081303,207665.148389,1090449.988712,369.896120,99.043224,211.224834,30.319354,36.383225,85.904837,23.244838,49.521612,7.074516,8.085161,526.546117,141.490319,301.172251,43.457741,51.542902,3.000000,2.000000,3.000000,0.000000,1.000000,0.000000,1.000000,2.000000,0.000000,1.000000,0.000000,1.000000,3.000000,0.000000,1.000000,1553.000000,438.000000,932.000000,136.000000,161.000000,5.000000,
0.049367,0.999721,0.146474,0.220443,0.222635,0.010645,-207.573803,3.182384,1396034.652926,1161962.221619,2307278.081303,207665.148389,1090449.988712,369.896120,99.043224,211.224834,30.319354,36.383225,85.904837,23.244838,49.521612,7.074516,8.085161,526.546117,141.490319,301.172251,43.457741,51.542902,3.000000,2.000000,3.000000,0.000000,1.000000,0.000000,1.000000,2.000000,0.000000,1.000000,0.000000,1.000000,3.000000,0.000000,1.000000,1553.000000,438.000000,932.000000,136.000000,161.000000,5.000000,
0.049367,0.999721,0.146474,0.220443,0.222635,0.010645,-207.573803,3.182384,1396034.652926,1161962.221619,2307278.081303,207665.148389,1090449.988712,369.896120,99.043224,211.224834,30.319354,36.383225,85.904837,23.244838,49.521612,7.074516,8.085161,526.546117,141.490319,301.172251,43.457741,51.542902,3.000000,2.000000,3.000000,0.000000,1.000000,0.000000,1.000000,2.000000,0.000000,1.000000,0.000000,1.000000,3.000000,0.000000,1.000000,1553.000000,438.000000,932.000000,136.000000,161.000000,5.000000,
0.049367,0.999721,0.146474,0.220443,0.222635,0.010645,-207.573803,3.182384,1396034.652926,1161962.221619,2307278.081303,207665.148389,1090449.988712,369.896120,99.043224,211.224834,30.319354,36.383225,85.904837,23.244838,49.521612,7.074516,8.085161,526.546117,141.490319,301.172251,43.457741,51.542902,3.000000,2.000000,3.000000,0.000000,1.000000,0.000000,1.000000,2.000000,0.000000,1.000000,0.000000,1.000000,3.000000,0.000000,1.000000,1553.000000,438.000000,932.000000,136.000000,161.000000,5.000000,
0.049367,0.999721,0.146474,0.220443,0.222635,0.010645,-207.573803,3.182384,1396034.652926,1161962.221619,2307278.081303,207665.148389,1090449.988712,369.896120,99.043224,211.224834,30.319354,36.383225,85.904837,23.244838,49.521612,7.074516,8.085161,526.546117,141.490319,301.172251,43.457741,51.542902,3.000000,2.000000,3.000000,0.000000,1.000000,0.000000,1.000000,2.000000,0.000000,1.000000,0.000000,1.000000,3.000000,0.000000,1.000000,1553.000000,438.000000,932.000000,136.000000,161.000000,5.000000,
0.049367,0.999721,0.146474,0.220443,0.222635,0.010645,-207.573803,3.182384,1396034.652926,1161962.221619,2307278.081303,207665.148389,1090449.988712,369.896120,99.043224,211.224834,30.319354,36.383225,85.904837,23.244838,49.521612,7.074516,8.085161,526.546117,141.490319,301.172251,43.457741,51.542902,3.000000,2.000000,3.000000,0.000000,1.000000,0.000000,1.000000,2.000000,0.000000,1.000000,0.000000,1.000000,3.000000,0.000000,1.000000,1553.000000,438.000000,932.000000,136.000000,161.000000,5.000000,
0.049367,0.999721,0.146474,0.220443,0.222635,0.010645,-207.573803,3.182384,1396034.652926,1161962.221619,2307278.081303,207665.148389,1090449.988712,369.896120,99.043224,211.224834,30.319354,36.383225,85.904837,23.244838,49.521612,7.074516,8.085161,526.546117,141.490319,301.172251,43.457741,51.542902,3.000000,2.000000,3.000000,0.000000,1.000000,0.000000,1.000000,2.000000,0.000000,1.000000,0.000000,1.000000,3.000000,0.000000,1.000000,1553.000000,438.000000,932.000000,136.000000,161.000000,5.000000,
0.049367,0.999721,0.146474,0.220443,0.222635,0.010645,-207.573803,3.182384,1396034.652926,1161962.221619,2307278.081303,207665.148389,1090449.988712,369.896120,99.043224,211.224834,30.319354,36.383225,85.904837,23.244838,49.521612,7.074516,8.085161,526.546117,141.490319,301.172251,43.457741,51.542902,3.000000,2.000000,3.000000,0.000000,1.000000,0.000000,1.000000,2.000000,0.000000,1.000000,0.000000,1.000000,3.000000,0.000000,1.000000,1553.000000,438.000000,932.000000,136.000000,161.000000,5.000000,
0.049367,0.999721,0.146474,0.220443,0.222635,0.010645,-207.573803,3.182384,1396034.652926,1161962.221619,2307278.081303,207665.148389,1090449.988712,369.896120,99.043224,211.224834,30.319354,36.383225,85.904837,23.244838,49.521612,7.074516,8.085161,526.546117,141.490319,301.172251,43.457741,51.542902,3.000000,2.000000,3.000000,0.000000,1.000000,0.000000,1.000000,2.000000,0.000000,1.000000,0.000000,1.000000,3.000000,0.000000,1.000000,1553.000000,438.000000,932.000000,136.000000,161.000000,5.000000,
0.049367,0.999721,0.146474,0.220443,0.222635,0.010645,-207.573803,3.182384,1396034.652926,1161962.221619,2307278.081303,207665.148389,1090449.988712,369.896120,99.043224,211.224834,30.319354,36.383225,85.904837,23.244838,49.521612,7.074516,8.085161,526.546117,141.490319,301.172251,43.457741,51.542902,3.000000,2.000000,3.000000,0.000000,1.000000,0.000000,1.000000,2.000000,0.000000,1.000000,0.000000,1.000000,3.000000,0.000000,1.000000,1553.000000,438.000000,932.000000,136.000000,161.000000,5.000000,
0.049367,0.999721,0.146474,0.220443,0.222635,0.010645,-207.573803,3.182384,1396034.652926,1161962.221619,2307278.081303,207665.148389,1090449.988712,369.896120,99.043224,211.224834,30.319354,36.383225,85.904837,23.244838,49.521612,7.074516,8.085161,526.546117,141.490319,301.172251,43.457741,51.542902,3.000000,2.000000,3.000000,0.000000,1.000000,0.000000,1.000000,2.000000,0.000000,1.000000,0.000000,1.000000,3.000000,0.000000,1.000000,1553.000000,438.000000,932.000000,136.000000,161.000000,5.000000,
0.049367,0.999721,0.146474,0.220443,0.222635,0.010645,-207.573803,3.182384,1396034.652926,1161962.221619,2307278.081303,207665.148389,1090449.988712,369.896120,99.043224,211.224834,30.319354,36.383225,85.904837,23.244838,49.521612,7.074516,8.085161,526.546117,141.490319,301.172251,43.457741,51.542902,3.000000,2.000000,3.000000,0.000000,1.000000,0.000000,1.000000,2.000000,0.000000,1.000000,0.000000,1.000000,3.000000,0.000000,1.000000,1553.000000,438.000000,932.000000,136.000000,161.000000,5.000000,
0.049367,0.999721,0.146474,0.220443,0.222635,0.010645,-207.573803,3.182384,1396034.652926,1161962.221619,2307278.081303,207665.148389,1090449.988712,369.896120,99.043224,211.224834,30.319354,36.383225,85.904837,23.244838,49.521612,7.074516,8.085161,526.546117,141.490319,301.172251,43.457741,51.542902,3.000000,2.000000,3.000000,0.000000,1.000000,0.000000,1.000000,2.000000,0.000000,1.000000,0.000000,1.000000,3.000000,0.000000,1.000000,1553.000000,438.000000,932.000000,136.000000,161.000000,5.000000,
0.049367,0.999721,0.146474,0.220443,0.222635,0.010645,-207.573803,3.182384,1396034.652926,1161962.221619,2307278.081303,207665.148389,1090449.988712,369.896120,99.043224,211.224834,30.319354,36.383225,85.904837,23.244838,49.521612,7.074516,8.085161,526.546117,141.490319,301.172251,43.457741,51.542902,3.000000,2.000000,3.000000,0.000000,1.000000,0.000000,1.000000,2.000000,0.000000,1.000000,0.000000,1.000000,3.000000,0.000000,1.000000,1553.000000,438.000000,932.000000,136.000000,161.000000,5.000000,
0.049381,0.999456,0.145123,0.204296,0.266401,0.010923,-207.122850,3.180323,1396034.382478,1161962.148999,2307277.926602,207665.126130,1090449.962279,369.997956,99.070491,211.282986,30.327701,36.393242,85.928487,23.251238,49.535245,7.076464,8.087387,526.691079,141.529273,301.255166,43.469705,51.557092,3.000000,2.000000,3.000000,0.000000,1.000000,0.000000,1.000000,2.000000,0.000000,1.000000,0.000000,1.000000,3.000000,0.000000,1.000000,1553.000000,438.000000,932.000000,136.000000,161.000000,5.000000,
0.049381,0.999456,0.145123,0.204296,0.266401,0.010923,-207.122850,3.180323,1396034.382478,1161962.148999,2307277.926602,207665.126130,1090449.962279,369.997956,99.070491,211.282986,30.327701,36.393242,85.928487,23.251238,49.535245,7.076464,8.087387,526.691079,141.529273,301.255166,43.469705,51.557092,3.000000,2.000000,3.000000,0.000000,1.000000,0.000000,1.000000,2.000000,0.000000,1.000000,0.000000,1.000000,3.000000,0.000000,1.000000,1553.000000,438.000000,932.000000,136.000000,161.000000,5.000000,
0.049381,0.999456,0.145123,0.204296,0.266401,0.010923,-207.122850,3.180323,1396034.382478,1161962.148999,2307277.926602,207665.126130,1090449.962279,369.997956,99.070491,211.282986,30.327701,36.393242,85.928487,23.251238,49.535245,7.076464,8.087387,526.691079,141.529273,301.255166,43.469705,51.557092,3.000000,2.000000,3.000000,0.000000,1.000000,0.000000,1.000000,2.000000,0.000000,1.000000,0.000000,1.000000,3.000000,0.000000,1.000000,1553.000000,438.000000,932.000000,136.000000,161.000000,5.000000,
0.049381,0.999456,0.145123,0.204296,0.266401,0.010923,-207.122850,3.180323,1396034.382478,1161962.148999,2307277.926602,207665.126130,1090449.962279,369.997956,99.070491,211.282986,30.327701,36.393242,85.928487,23.251238,49.535245,7.076464,8.087387,526.691079,141.529273,301.255166,43.469705,51.557092,3.000000,2.000000,3.000000,0.000000,1.000000,0.000000,1.000000,2.000000,0.000000,1.000000,0.000000,1.000000,3.000000,0.000000,1.000000,1553.000000,438.000000,932.000000,136.000000,161.000000,5.000000,
0.049381,0.999456,0.145123,0.204296,0.266401,0.010923,-207.122850,3.180323,1396034.382478,1161962.148999,2307277.926602,207665.126130,1090449.962279,369.997956,99.070491,211.282986,30.327701,36.393242,85.928487,23.251238,49.535245,7.076464,8.087387,526.691079,141.529273,301.255166,43.469705,51.557092,3.000000,2.000000,3.000000,0.000000,1.000000,0.000000,1.000000,2.000000,0.000000,1.000000,0.000000,1.000000,3.000000,0.000000,1.000000,1553.000000,438.000000,932.000000,136.000000,161.000000,5.000000,
0.049381,0.999456,0.145123,0.204296,0.266401,0.010923,-207.122850,3.180323,1396034.382478,1161962.148999,2307277.926602,207665.126130,1090449.962279,369.997956,99.070491,211.282986,30.327701,36.393242,85.928487,23.251238,49.535245,7.076464,8.087387,526.691079,141.529273,301.255166,43.469705,51.557092,3.000000,2.000000,3.000000,0.000000,1.000000,0.000000,1.000000,2.000000,0.000000,1.000000,0.000000,1.000000,3.000000,0.000000,1.000000,1553.000000,438.000000,932.000000,136.000000,161.000000,5.000000,
0.049381,0.999456,0.145123,0.204296,0.266401,0.010923,-207.122850,3.180323,1396034.382478,1161962.148999,2307277.926602,207665.126130,1090449.962279,369.997956,99.070491,211.282986,30.327701,36.393242,85.928487,23.251238,49.535245,7.076464,8.087387,526.691079,141.529273,301.255166,43.469705,51.557092,3.000000,2.000000,3.000000,0.000000,1.000000,0.000000,1.000000,2.000000,0.000000,1.000000,0.000000,1.000000,3.000000,0.000000,1.000000,1553.000000,438.000000,932.000000,136.000000,161.000000,5.000000,
0.049381,0.999456,0.145123,0.204296,0.266401,0.010923,-207.122850,3.180323,1396034.382478,1161962.148999,2307277.926602,207665.126130,1090449.962279,369.997956,99.070491,211.282986,30.327701,36.393242,85.928487,23.251238,49.535245,7.076464,8.087387,526.691079,141.529273,301.255166,43.469705,51.557092,3.000000,2.000000,3.000000,0.000000,1.000000,0.000000,1.000000,2.000000,0.000000,1.000000,0.000000,1.000000,3.000000,0.000000,1.000000,1553.000000,438.000000,932.000000,136.000000,161.000000,5.000000,
0.049381,0.999456,0.145123,0.204296,0.266401,0.010923,-207.122850,3.180323,1396034.382478,1161962.148999,2307277.926602,207665.126130,1090449.962279,369.997956,99.070491,211.282986,30.327701,36.393242,85.928487,23.251238,49.535245,7.076464,8.087387,526.691079,141.529273,301.255166,43.469705,51.557092,3.000000,2.000000,3.000000,0.000000,1.000000,0.000000,1.000000,2.000000,0.000000,1.000000,0.000000,1.000000,3.000000,0.000000,1.000000,1553.000000,438.000000,932.000000,136.000000,161.000000,5.000000,
0.049381,0.999456,0.145123,0.204296,0.266401,0.010923,-207.122850,3.180323,1396034.382478,1161962.148999,2307277.926602,207665.126130,1090449.962279,369.997956,99.070491,211.282986,30.327701,36.393242,85.928487,23.251238,49.535245,7.076464,8.087387,526.691079,141.529273,301.255166,43.469705,51.557092,3.000000,2.000000,3.000000,0.000000,1.000000,0.000000,1.000000,2.000000,0.000000,1.000000,0.000000,1.000000,3.000000,0.000000,1.000000,1553.000000,438.000000,932.000000,136.000000,161.000000,5.000000,
0.049381,0.999456,0.145123,0.204296,0.266401,0.010923,-207.122850,3.180323,1396034.382478,1161962.148999,2307277.926602,207665.126130,1090449.962279,369.997956,99.070491,211.282986,30.327701,36.393242,85.928487,23.251238,49.535245,7.076464,8.087387,526.691079,141.529273,301.255166,43.469705,51.557092,3.000000,2.000000,3.000000,0.000000,1.000000,0.000000,1.000000,2.000000,0.000000,1.000000,0.000000,1.000000,3.000000,0.000000,1.000000,1553.000000,438.000000,932.000000,136.000000,161.000000,5.000000,
0.049381,0.999456,0.145123,0.204296,0.266401,0.010923,-207.122850,3.180323,1396034.382478,1161962.148999,2307277.926602,207665.126130,1090449.962279,369.997956,99.070491,211.282986,30.327701,36.393242,85.928487,23.251238,49.535245,7.076464,8.087387,526.691079,141.529273,301.255166,43.469705,51.557092,3.000000,2.000000,3.000000,0.000000,1.000000,0.000000,1.000000,2.000000,0.000000,1.000000,0.000000,1.000000,3.000000,0.000000,1.000000,1553.000000,438.000000,932.000000,136.000000,161.000000,5.000000,
0.049381,0.999456,0.145123,0.204296,0.266401,0.010923,-207.122850,3.180323,1396034.382478,1161962.148999,2307277.926602,207665.126130,1090449.962279,369.997956,99.070491,211.282986,30.327701,36.393242,85.928487,23.251238,49.535245,7.076464,8.087387,526.691079,141.529273,301.255166,43.469705,51.557092,3.000000,2.000000,3.000000,0.000000,1.000000,0.000000,1.000000,2.000000,0.000000,1.000000,0.000000,1.000000,3.000000,0.000000,1.000000,1553.000000,438.000000,932.000000,136.000000,161.000000,5.000000,
0.049381,0.999456,0.145123,0.204296,0.266401,0.010923,-207.122850,3.180323,1396034.382478,1161962.148999,2307277.926602,207665.126130,1090449.962279,369.997956,99.070491,211.282986,30.327701,36.393242,85.928487,23.251238,49.535245,7.076464,8.087387,526.691079,141.529273,301.255166,43.469705,51.557092,3.000000,2.000000,3.000000,0.000000,1.000000,0.000000,1.000000,2.000000,0.000000,1.000000,0.000000,1.000000,3.000000,0.000000,1.000000,1553.000000,438.000000,932.000000,136.000000,161.000000,5.000000,
0.049381,0.999456,0.145123,0.204296,0.266401,0.010923,-207.122850,3.180323,1396034.382478,1161962.148999,2307277.926602,207665.126130,1090449.962279,369.997956,99.070491,211.282986,30.327701,36.393242,85.928487,23.251238,49.535245,7.076464,8.087387,526.691079,141.529273,301.255166,43.469705,51.557092,3.000000,2.000000,3.000000,0.000000,1.000000,0.000000,1.000000,2.000000,0.000000,1.000000,0.000000,1.000000,3.000000,0.000000,1.000000,1553.000000,438.000000,932.000000,136.000000,161.000000,5.000000,
0.049381,0.999456,0.145123,0.204296,0.266401,0.010923,-207.122850,3.180323,1396034.382478,1161962.148999,2307277.926602,207665.126130,1090449.962279,369.997956,99.070491,211.282986,30.327701,36.393242,85.928487,23.251238,49.535245,7.076464,8.087387,526.691079,141.529273,301.255166,43.469705,51.557092,3.000000,2.000000,3.000000,0.000000,1.000000,0.000000,1.000000,2.000000,0.000000,1.000000,0.000000,1.000000,3.000000,0.000000,1.000000,1553.000000,438.000000,932.000000,136.000000,161.000000,5.000000,
0.049381,0.999456,0.145123,0.204296,0.266401,0.010923,-207.122850,3.180323,1396034.382478,1161962.148999,2307277.926602,207665.126130,1090449.962279,369.997956,99.070491,211.282986,30.327701,36.393242,85.928487,23.251238,49.535245,7.076464,8.087387,526.691079,141.529273,301.255166,43.469705,51.557092,3.000000,2.000000,3.000000,0.000000,1.000000,0.000000,1.000000,2.000000,0.000000,1.000000,0.000000,1.000000,3.000000,0.000000,1.000000,1553.000000,438.000000,932.000000,136.000000,161.000000,5.000000,
0.049381,0.999456,0.145123,0.204296,0.266401,0.010923,-207.122850,3.180323,1396034.382478,1161962.148999,2307277.926602,207665.126130,1090449.962279,369.997956,99.070491,211.282986,30.327701,36.393242,85.928487,23.251238,49.535245,7.076464,8.087387,526.691079,141.529273,301.255166,43.469705,51.557092,3.000000,2.000000,3.000000,0.000000,1.000000,0.000000,1.000000,2.000000,0.000000,1.000000,0.000000,1.000000,3.000000,0.000000,1.000000,1553.000000,438.000000,932.000000,136.000000,161.000000,5.000000,
0.049381,0.999456,0.145123,0.204296,0.266401,0.010923,-207.122850,3.180323,1396034.382478,1161962.148999,2307277.926602,207665.126130,1090449.962279,369.997956,99.070491,211.282986,30.327701,36.393242,85.928487,23.251238,49.535245,7.076464,8.087387,526.691079,141.529273,301.255166,43.469705,51.557092,3.000000,2.000000,3.000000,0.000000,1.000000,0.000000,1.000000,2.000000,0.000000,1.000000,0.000000,1.000000,3.000000,0.000000,1.000000,1553.000000,438.000000,932.000000,136.000000,161.000000,5.000000,
0.049381,0.999456,0.145123,0.204296,0.266401,0.010923,-207.122850,3.180323,1396034.382478,1161962.148999,2307277.926602,207665.126130,1090449.962279,369.997956,99.070491,211.282986,30.327701,36.393242,85.928487,23.251238,49.535245,7.076464,8.087387,526.691079,141.529273,301.255166,43.469705,51.557092,3.000000,2.000000,3.000000,0.000000,1.000000,0.000000,1.000000,2.000000,0.000000,1.000000,0.000000,1.000000,3.000000,0.000000,1.000000,1553.000000,438.000000,932.000000,136.000000,161.000000,5.000000,
0.049381,0.999456,0.145123,0.204296,0.266401,0.010923,-207.122850,3.180323,1396034.382478,1161962.148999,2307277.926602,207665.126130,1090449.962279,369.997956,99.070491,211.282986,30.327701,36.393242,85.928487,23.251238,49.535245,7.076464,8.087387,526.691079,141.529273,301.255166,43.469705,51.557092,3.000000,2.000000,3.000000,0.000000,1.000000,0.000000,1.000000,2.000000,0.000000,1.000000,0.000000,1.000000,3.000000,0.000000,1.000000,1553.000000,438.000000,932.000000,136.000000,161.000000,5.000000,
0.049381,0.999456,0.145123,0.204296,0.266401,0.010923,-207.122850,3.180323,1396034.382478,1161962.148999,2307277.926602,207665.126130,1090449.962279,369.997956,99.070491,211.282986,30.327701,36.393242,85.928487,23.251238,49.535245,7.076464,8.087387,526.691079,141.529273,301.255166,43.469705,51.557092,3.000000,2.000000,3.000000,0.000000,1.000000,0.000000,1.000000,2.000000,0.000000,1.000000,0.000000,1.000000,3.000000,0.000000,1.000000,1553.000000,438.000000,932.000000,136.000000,161.000000,5.000000,
0.049381,0.999456,0.145123,0.204296,0.266401,0.010923,-207.122850,3.180323,1396034.382478,1161962.148999,2307277.926602,207665.126130,1090449.962279,369.997956,99.070491,211.282986,30.327701,36.393242,85.928487,23.251238,49.535245,7.076464,8.087387,526.691079,141.529273,301.255166,43.469705,51.557092,3.000000,2.000000,3.000000,0.000000,1.000000,0.000000,1.000000,2.000000,0.000000,1.000000,0.000000,1.000000,3.000000,0.000000,1.000000,1553.000000,438.000000,932.000000,136.000000,161.000000,5.000000,
0.049381,0.999456,0.145123,0.204296,0.266401,0.010923,-207.122850,3.180323,1396034.382478,1161962.148999,2307277.926602,207665.126130,1090449.962279,369.997956,99.070491,211.282986,30.327701,36.393242,85.928487,23.251238,49.535245,7.076464,8.087387,526.691079,141.529273,301.255166,43.469705,51.557092,3.000000,2.000000,3.000000,0.000000,1.000000,0.000000,1.000000,2.000000,0.000000,1.000000,0.000000,1.000000,3.000000,0.000000,1.000000,1553.000000,438.000000,932.000000,136.000000,161.000000,5.000000,
0.049381,0.999456,0.145123,0.204296,0.266401,0.010923,-207.122850,3.180323,1396034.382478,1161962.148999,2307277.926602,207665.126130,1090449.962279,369.997956,99.070491,211.282986,30.327701,36.393242,85.928487,23.251238,49.535245,7.076464,8.087387,526.691079,141.529273,301.255166,43.469705,51.557092,3.000000,2.000000,3.000000,0.000000,1.000000,0.000000,1.000000,2.000000,0.000000,1.000000,0.000000,1.000000,3.000000,0.000000,1.000000,1553.000000,438.000000,932.000000,136.000000,161.000000,5.000000,
0.049381,0.999456,0.145123,0.204296,0.266401,0.010923,-207.122850,3.180323,1396034.382478,1161962.148999,2307277.926602,207665.126130,1090449.962279,369.997956,99.070491,211.282986,30.327701,36.393242,85.928487,23.251238,49.535245,7.076464,8.087387,526.691079,141.529273,301.255166,43.469705,51.557092,3.000000,2.000000,3.000000,0.000000,1.000000,0.000000,1.000000,2.000000,0.000000,1.000000,0.000000,1.000000,3.000000,0.000000,1.000000,1553.000000,438.000000,932.000000,136.000000,161.000000,5.000000,
0.049381,0.999456,0.145123,0.204296,0.266401,0.010923,-207.122850,3.180323,1396034.382478,1161962.148999,2307277.926602,207665.126130,1090449.962279,369.997956,99.070491,211.282986,30.327701,36.393242,85.928487,23.251238,49.535245,7.076464,8.087387,526.691079,141.529273,301.255166,43.469705,51.557092,3.000000,2.000000,3.000000,0.000000,1.000000,0.000000,1.000000,2.000000,0.000000,1.000000,0.000000,1.000000,3.000000,0.000000,1.000000,1553.000000,438.000000,932.000000,136.000000,161.000000,5.000000,
0.049381,0.999456,0.145123,0.204296,0.266401,0.010923,-207.122850,3.180323,1396034.382478,1161962.148999,2307277.926602,207665.126130,1090449.962279,369.997956,99.070491,211.282986,30.327701,36.393242,85.928487,23.251238,49.535245,7.076464,8.087387,526.691079,141.529273,301.255166,43.469705,51.557092,3.000000,2.000000,3.000000,0.000000,1.000000,0.000000,1.000000,2.000000,0.000000,1.000000,0.000000,1.000000,3.000000,0.000000,1.000000,1553.000000,438.000000,932.000000,136.000000,161.000000,5.000000,
0.049381,0.999456,0.145123,0.204296,0.266401,0.010923,-207.122850,3.180323,1396034.382478,1161962.148999,2307277.926602,207665.126130,1090449.962279,369.997956,99.070491,211.282986,30.327701,36.393242,85.928487,23.251238,49.535245,7.076464,8.087387,526.691079,141.529273,301.255166,43.469705,51.557092,3.000000,2.000000,3.000000,0.000000,1.000000,0.000000,1.000000,2.000000,0.000000,1.000000,0.000000,1.000000,3.000000,0.000000,1.000000,1553.000000,438.000000,932.000000,136.000000,161.000000,5.000000,
0.049381,0.999456,0.145123,0.204296,0.266401,0.010923,-207.122850,3.180323,1396034.382478,1161962.148999,2307277.926602,207665.126130,1090449.962279,369.997956,99.070491,211.282986,30.327701,36.393242,85.928487,23.251238,49.535245,7.076464,8.087387,526.691079,141.529273,301.255166,43.469705,51.557092,3.000000,2.000000,3.000000,0.000000,1.000000,0.000000,1.000000,2.000000,0.000000,1.000000,0.000000,1.000000,3.000000,0.000000,1.000000,1553.000000,438.000000,932.000000,136.000000,161.000000,5.000000,
0.049381,0.999456,0.145123,0.204296,0.266401,0.010923,-207.122850,3.180323,1396034.382478,1161962.148999,2307277.926602,207665.126130,1090449.962279,369.997956,99.070491,211.282986,30.327701,36.393242,85.928487,23.251238,49.535245,7.076464,8.087387,526.691079,141.529273,301.255166,43.469705,51.557092,3.000000,2.000000,3.000000,0.000000,1.000000,0.000000,1.000000,2.000000,0.000000,1.000000,0.000000,1.000000,3.000000,0.000000,1.000000,1553.000000,438.000000,932.000000,136.000000,161.000000,5.000000,
0.049381,0.999456,0.145123,0.204296,0.266401,0.010923,-207.122850,3.180323,1396034.382478,1161962.148999,2307277.926602,207665.126130,1090449.962279,369.997956,99.070491,211.282986,30.327701,36.393242,85.928487,23.251238,49.535245,7.076464,8.087387,526.691079,141.529273,301.255166,43.469705,51.557092,3.000000,2.000000,3.000000,0.000000,1.000000,0.000000,1.000000,2.000000,0.000000,1.000000,0.000000,1.000000,3.000000,0.000000,1.000000,1553.000000,438.000000,932.000000,136.000000,161.000000,5.000000,
0.049381,0.999456,0.145123,0.204296,0.266401,0.010923,-207.122850,3.180323,1396034.382478,1161962.148999,2307277.926602,207665.126130,1090449.962279,369.997956,99.070491,211.282986,30.327701,36.393242,85.928487,23.251238,49.535245,7.076464,8.087387,526.691079,141.529273,301.255166,43.469705,51.557092,3.000000,2.000000,3.000000,0.000000,1.000000,0.000000,1.000000,2.000000,0.000000,1.000000,0.000000,1.000000,3.000000,0.000000,1.000000,1553.000000,438.000000,932.000000,136.000000,161.000000,5.000000,
0.049399,0.998403,0.146165,0.205081,0.257422,0.009886,-207.313381,3.183808,1396035.390615,1161962.419702,2307278.503274,207665.209104,1090450.060811,369.618349,98.968847,211.066216,30.296586,36.355903,85.840327,23.227383,49.484424,7.069203,8.079090,526.150709,141.384068,300.946087,43.425107,51.504196,3.000000,2.000000,3.000000,0.000000,1.000000,0.000000,1.000000,2.000000,0.000000,1.000000,0.000000,1.000000,3.000000,0.000000,1.000000,1553.000000,438.000000,932.000000,136.000000,161.000000,5.000000,
0.049399,0.998403,0.146165,0.205081,0.257422,0.009886,-207.313381,3.183808,1396035.390615,1161962.419702,2307278.503274,207665.209104,1090450.060811,369.618349,98.968847,211.066216,30.296586,36.355903,85.840327,23.227383,49.484424,7.069203,8.079090,526.150709,141.384068,300.946087,43.425107,51.504196,3.000000,2.000000,3.000000,0.000000,1.000000,0.000000,1.000000,2.000000,0.000000,1.000000,0.000000,1.000000,3.000000,0.000000,1.000000,1553.000000,438.000000,932.000000,136.000000,161.000000,5.000000,
0.049399,0.998403,0.146165,0.205081,0.257422,0.009886,-207.313381,3.183808,1396035.390615,1161962.419702,2307278.503274,207665.209104,1090450.060811,369.618349,98.968847,211.066216,30.296586,36.355903,85.840327,23.227383,49.484424,7.069203,8.079090,526.150709,141.384068,300.946087,43.425107,51.504196,3.000000,2.000000,3.000000,0.000000,1.000000,0.000000,1.000000,2.000000,0.000000,1.000000,0.000000,1.000000,3.000000,0.000000,1.000000,1553.000000,438.000000,932.000000,136.000000,161.000000,5.000000,
0.049399,0.998403,0.146165,0.205081,0.257422,0.009886,-207.313381,3.183808,1396035.390615,1161962.419702,2307278.503274,207665.209104,1090450.060811,369.618349,98.968847,211.066216,30.296586,36.355903,85.840327,23.227383,49.484424,7.069203,8.079090,526.150709,141.384068,300.946087,43.425107,51.504196,3.000000,2.000000,3.000000,0.000000,1.000000,0.000000,1.000000,2.000000,0.000000,1.000000,0.000000,1.000000,3.000000,0.000000,1.000000,1553.000000,438.000000,932.000000,136.000000,161.000000,5.000000,
0.049399,0.998403,0.146165,0.205081,0.257422,0.009886,-207.313381,3.183808,1396035.390615,1161962.419702,2307278.503274,207665.209104,1090450.060811,369.618349,98.968847,211.066216,30.296586,36.355903,85.840327,23.227383,49.484424,7.069203,8.079090,526.150709,141.384068,300.946087,43.425107,51.504196,3.000000,2.000000,3.000000,0.000000,1.000000,0.000000,1.000000,2.000000,0.000000,1.000000,0.000000,1.000000,3.000000,0.000000,1.000000,1553.000000,438.000000,932.000000,136.000000,161.000000,5.000000,
0.049399,0.998403,0.146165,0.205081,0.257422,0.009886,-207.313381,3.183808,1396035.390615,1161962.419702,2307278.503274,207665.209104,1090450.060811,369.618349,98.968847,211.066216,30.296586,36.355903,85.840327,23.227383,49.484424,7.069203,8.079090,526.150709,141.384068,300.946087,43.425107,51.504196,3.000000,2.000000,3.000000,0.000000,1.000000,0.000000,1.000000,2.000000,0.000000,1.000000,0.000000,1.000000,3.000000,0.000000,1.000000,1553.000000,438.000000,932.000000,136.000000,161.000000,5.000000,
0.049399,0.998403,0.146165,0.205081,0.257422,0.009886,-207.313381,3.183808,1396035.390615,1161962.419702,2307278.503274,207665.209104,1090450.060811,369.618349,98.968847,211.066216,30.296586,36.355903,85.840327,23.227383,49.484424,7.069203,8.079090,526.150709,141.384068,300.946087,43.425107,51.504196,3.000000,2.000000,3.000000,0.000000,1.000000,0.000000,1.000000,2.000000,0.000000,1.000000,0.000000,1.000000,3.000000,0.000000,1.000000,1553.000000,438.000000,932.000000,136.000000,161.000000,5.000000,
0.049399,0.998403,0.146165,0.205081,0.257422,0.009886,-207.313381,3.183808,1396035.390615,1161962.419702,2307278.503274,207665.209104,1090450.060811,369.618349,98.968847,211.066216,30.296586,36.355903,85.840327,23.227383,49.484424,7.069203,8.079090,526.150709,141.384068,300.946087,43.425107,51.504196,3.000000,2.000000,3.000000,0.000000,1.000000,0.000000,1.000000,2.000000,0.000000,1.000000,0.000000,1.000000,3.000000,0.000000,1.000000,1553.000000,438.000000,932.000000,136.000000,161.000000,5.000000,
0.049399,0.998403,0.146165,0.205081,0.257422,0.009886,-207.313381,3.183808,1396035.390615,1161962.419702,2307278.503274,207665.209104,1090450.060811,369.618349,98.968847,211.066216,30.296586,36.355903,85.840327,23.227383,49.484424,7.069203,8.079090,526.150709,141.384068,300.946087,43.425107,51.504196,3.000000,2.000000,3.000000,0.000000,1.000000,0.000000,1.000000,2.000000,0.000000,1.000000,0.000000,1.000000,3.000000,0.000000,1.000000,1553.000000,438.000000,932.000000,136.000000,161.000000,5.000000,
0.049399,0.998403,0.146165,0.205081,0.257422,0.009886,-207.313381,3.183808,1396035.390615,1161962.419702,2307278.503274,207665.209104,1090450.060811,369.618349,98.968847,211.066216,30.296586,36.355903,85.840327,23.227383,49.484424,7.069203,8.079090,526.150709,141.384068,300.946087,43.425107,51.504196,3.000000,2.000000,3.000000,0.000000,1.000000,0.000000,1.000000,2.000000,0.000000,1.000000,0.000000,1.000000,3.000000,0.000000,1.000000,1553.000000,438.000000,932.000000,136.000000,161.000000,5.000000,
0.049399,0.998403,0.146165,0.205081,0.257422,0.009886,-207.313381,3.183808,1396035.390615,1161962.419702,2307278.503274,207665.209104,1090450.060811,369.618349,98.968847,211.066216,30.296586,36.355903,85.840327,23.227383,49.484424,7.069203,8.079090,526.150709,141.384068,300.946087,43.425107,51.504196,3.000000,2.000000,3.000000,0.000000,1.000000,0.000000,1.000000,2.000000,0.000000,1.000000,0.000000,1.000000,3.000000,0.000000,1.000000,1553.000000,438.000000,932.000000,136.000000,161.000000,5.000000,
0.049399,0.998403,0.146165,0.205081,0.257422,0.009886,-207.313381,3.183808,1396035.390615,1161962.419702,2307278.503274,207665.209104,1090450.060811,369.618349,98.968847,211.066216,30.296586,36.355903,85.840327,23.227383,49.484424,7.069203,8.079090,526.150709,141.384068,300.946087,43.425107,51.504196,3.000000,2.000000,3.000000,0.000000,1.000000,0.000000,1.000000,2.000000,0.000000,1.000000,0.000000,1.000000,3.000000,0.000000,1.000000,1553.000000,438.000000,932.000000,136.000000,161.000000,5.000000,
0.049399,0.998403,0.146165,0.205081,0.257422,0.009886,-207.313381,3.183808,1396035.390615,1161962.419702,2307278.503274,207665.209104,1090450.060811,369.618349,98.968847,211.066216,30.296586,36.355903,85.840327,23.227383,49.484424,7.069203,8.079090,526.150709,141.384068,300.946087,43.425107,51.504196,3.000000,2.000000,3.000000,0.000000,1.000000,0.000000,1.000000,2.000000,0.000000,1.000000,0.000000,1.000000,3.000000,0.000000,1.000000,1553.000000,438.000000,932.000000,136.000000,161.000000,5.000000,
0.049399,0.998403,0.146165,0.205081,0.257422,0.009886,-207.313381,3.183808,1396035.390615,1161962.419702,2307278.503274,207665.209104,1090450.060811,369.618349,98.968847,211.066216,30.296586,36.355903,85.840327,23.227383,49.484424,7.069203,8.079090,526.150709,141.384068,300.946087,43.425107,51.504196,3.000000,2.000000,3.000000,0.000000,1.000000,0.000000,1.000000,2.000000,0.000000,1.000000,0.000000,1.000000,3.000000,0.000000,1.000000,1553.000000,438.000000,932.000000,136.000000,161.000000,5.000000,
0.049399,0.998403,0.146165,0.205081,0.257422,0.009886,-207.313381,3.183808,1396035.390615,1161962.419702,2307278.503274,207665.209104,1090450.060811,369.618349,98.968847,211.066216,30.296586,36.355903,85.840327,23.227383,49.484424,7.069203,8.079090,526.150709,141.384068,300.946087,43.425107,51.504196,3.000000,2.000000,3.000000,0.000000,1.000000,0.000000,1.000000,2.000000,0.000000,1.000000,0.000000,1.000000,3.000000,0.000000,1.000000,1553.000000,438.000000,932.000000,136.000000,161.000000,5.000000,
0.049399,0.998403,0.146165,0.205081,0.257422,0.009886,-207.313381,3.183808,1396035.390615,1161962.419702,2307278.503274,207665.209104,1090450.060811,369.618349,98.968847,211.066216,30.296586,36.355903,85.840327,23.227383,49.484424,7.069203,8.079090,526.150709,141.384068,300.946087,43.425107,51.504196,3.000000,2.000000,3.000000,0.000000,1.000000,0.000000,1.000000,2.000000,0.000000,1.000000,0.000000,1.000000,3.000000,0.000000,1.000000,1553.000000,438.000000,932.000000,136.000000,161.000000,5.000000,
0.049399,0.998403,0.146165,0.205081,0.257422,0.009886,-207.313381,3.183808,1396035.390615,1161962.419702,2307278.503274,207665.209104,1090450.060811,369.618349,98.968847,211.066216,30.296586,36.355903,85.840327,23.227383,49.484424,7.069203,8.079090,526.150709,141.384068,300.946087,43.425107,51.504196,3.000000,2.000000,3.000000,0.000000,1.000000,0.000000,1.000000,2.000000,0.000000,1.000000,0.000000,1.000000,3.000000,0.000000,1.000000,1553.000000,438.000000,932.000000,136.000000,161.000000,5.000000,
0.049399,0.998403,0.146165,0.205081,0.257422,0.009886,-207.313381,3.183808,1396035.390615,1161962.419702,2307278.503274,207665.209104,1090450.060811,369.618349,98.968847,211.066216,30.296586,36.355903,85.840327,23.227383,49.484424,7.069203,8.079090,526.150709,141.384068,300.946087,43.425107,51.504196,3.000000,2.000000,3.000000,0.000000,1.000000,0.000000,1.000000,2.000000,0.000000,1.000000,0.000000,1.000000,3.000000,0.000000,1.000000,1553.000000,438.000000,932.000000,136.000000,161.000000,5.000000,
0.049399,0.998403,0.146165,0.205081,0.257422,0.009886,-207.313381,3.183808,1396035.390615,1161962.419702,2307278.503274,207665.209104,1090450.060811,369.618349,98.968847,211.066216,30.296586,36.355903,85.840327,23.227383,49.484424,7.069203,8.079090,526.150709,141.384068,300.946087,43.425107,51.504196,3.000000,2.000000,3.000000,0.000000,1.000000,0.000000,1.000000,2.000000,0.000000,1.000000,0.000000,1.000000,3.000000,0.000000,1.000000,1553.000000,438.000000,932.000000,136.000000,161.000000,5.000000,
0.049399,0.998403,0.146165,0.205081,0.257422,0.009886,-207.313381,3.183808,1396035.390615,1161962.419702,2307278.503274,207665.209104,1090450.060811,369.618349,98.968847,211.066216,30.296586,36.355903,85.840327,23.227383,49.484424,7.069203,8.079090,526.150709,141.384068,300.946087,43.425107,51.504196,3.000000,2.000000,3.000000,0.000000,1.000000,0.000000,1.000000,2.000000,0.000000,1.000000,0.000000,1.000000,3.000000,0.000000,1.000000,1553.000000,438.000000,932.000000,136.000000,161.000000,5.000000,
0.049399,0.998403,0.146165,0.205081,0.257422,0.009886,-207.313381,3.183808,1396035.390615,1161962.419702,2307278.503274,207665.209104,1090450.060811,369.618349,98.968847,211.066216,30.296586,36.355903,85.840327,23.227383,49.484424,7.069203,8.079090,526.150709,141.384068,300.946087,43.425107,51.504196,3.000000,2.000000,3.000000,0.000000,1.000000,0.000000,1.000000,2.000000,0.000000,1.000000,0.000000,1.000000,3.000000,0.000000,1.000000,1553.000000,438.000000,932.000000,136.000000,161.000000,5.000000,
0.049399,0.998403,0.146165,0.205081,0.257422,0.009886,-207.313381,3.183808,1396035.390615,1161962.419702,2307278.503274,207665.209104,1090450.060811,369.618349,98.968847,211.066216,30.296586,36.355903,85.840327,23.227383,49.484424,7.069203,8.079090,526.150709,141.384068,300.946087,43.425107,51.504196,3.000000,2.000000,3.000000,0.000000,1.000000,0.000000,1.000000,2.000000,0.000000,1.000000,0.000000,1.000000,3.000000,0.000000,1.000000,1553.000000,438.000000,932.000000,136.000000,161.000000,5.000000,
0.049399,0.998403,0.146165,0.205081,0.257422,0.009886,-207.313381,3.183808,1396035.390615,1161962.419702,2307278.503274,207665.209104,1090450.060811,369.618349,98.968847,211.066216,30.296586,36.355903,85.840327,23.227383,49.484424,7.069203,8.079090,526.150709,141.384068,300.946087,43.425107,51.504196,3.000000,2.000000,3.000000,0.000000,1.000000,0.000000,1.000000,2.000000,0.000000,1.000000,0.000000,1.000000,3.000000,0.000000,1.000000,1553.000000,438.000000,932.000000,136.000000,161.000000,5.000000,
0.049399,0.998403,0.146165,0.205081,0.257422,0.009886,-207.313381,3.183808,1396035.390615,1161962.419702,2307278.503274,207665.209104,1090450.060811,369.618349,98.968847,211.066216,30.296586,36.355903,85.840327,23.227383,49.484424,7.069203,8.079090,526.150709,141.384068,300.946087,43.425107,51.504196,3.000000,2.000000,3.000000,0.000000,1.000000,0.000000,1.000000,2.000000,0.000000,1.000000,0.000000,1.000000,3.000000,0.000000,1.000000,1553.000000,438.000000,932.000000,136.000000,161.000000,5.000000,
0.049399,0.998403,0.146165,0.205081,0.257422,0.009886,-207.313381,3.183808,1396035.390615,1161962.419702,2307278.503274,207665.209104,1090450.060811,369.618349,98.968847,211.066216,30.296586,36.355903,85.840327,23.227383,49.484424,7.069203,8.079090,526.150709,141.384068,300.946087,43.425107,51.504196,3.000000,2.000000,3.000000,0.000000,1.000000,0.000000,1.000000,2.000000,0.000000,1.000000,0.000000,1.000000,3.000000,0.000000,1.000000,1553.000000,438.000000,932.000000,136.000000,161.000000,5.000000,
0.049399,0.998403,0.146165,0.205081,0.257422,0.009886,-207.313381,3.183808,1396035.390615,1161962.419702,2307278.503274,207665.209104,1090450.060811,369.618349,98.968847,211.066216,30.296586,36.355903,85.840327,23.227383,49.484424,7.069203,8.079090,526.150709,141.384068,300.946087,43.425107,51.504196,3.000000,2.000000,3.000000,0.000000,1.000000,0.000000,1.000000,2.000000,0.000000,1.000000,0.000000,1.000000,3.000000,0.000000,1.000000,1553.000000,438.000000,932.000000,136.000000,161.000000,5.000000,
0.049399,0.998403,0.146165,0.205081,0.257422,0.009886,-207.313381,3.183808,1396035.390615,1161962.419702,2307278.503274,207665.209104,1090450.060811,369.618349,98.968847,211.066216,30.296586,36.355903,85.840327,23.227383,49.484424,7.069203,8.079090,526.150709,141.384068,300.946087,43.425107,51.504196,3.000000,2.000000,3.000000,0.000000,1.000000,0.000000,1.000000,2.000000,0.000000,1.000000,0.000000,1.000000,3.000000,0.000000,1.000000,1553.000000,438.000000,932.000000,136.000000,161.000000,5.000000,
0.049399,0.998403,0.146165,0.205081,0.257422,0.009886,-207.313381,3.183808,1396035.390615,1161962.419702,2307278.503274,207665.209104,1090450.060811,369.618349,98.968847,211.066216,30.296586,36.355903,85.840327,23.227383,49.484424,7.069203,8.079090,526.150709,141.384068,300.946087,43.425107,51.504196,3.000000,2.000000,3.000000,0.000000,1.000000,0.000000,1.000000,2.000000,0.000000,1.000000,0.000000,1.000000,3.000000,0.000000,1.000000,1553.000000,438.000000,932.000000,136.000000,161.000000,5.000000,
0.049399,0.998403,0.146165,0.205081,0.257422,0.009886,-207.313381,3.183808,1396035.390615,1161962.419702,2307278.503274,207665.209104,1090450.060811,369.618349,98.968847,211.066216,30.296586,36.355903,85.840327,23.227383,49.484424,7.069203,8.079090,526.150709,141.384068,300.946087,43.425107,51.504196,3.000000,2.000000,3.000000,0.000000,1.000000,0.000000,1.000000,2.000000,0.000000,1.000000,0.000000,1.000000,3.000000,0.000000,1.000000,1553.000000,438.000000,932.000000,136.000000,161.000000,5.000000,
0.049399,0.998403,0.146165,0.205081,0.257422,0.009886,-207.313381,3.183808,1396035.390615,1161962.419702,2307278.503274,207665.209104,1090450.060811,369.618349,98.968847,211.066216,30.296586,36.355903,85.840327,23.227383,49.484424,7.069203,8.079090,526.150709,141.384068,300.946087,43.425107,51.504196,3.000000,2.000000,3.000000,0.000000,1.000000,0.000000,1.000000,2.000000,0.000000,1.000000,0.000000,1.000000,3.000000,0.000000,1.000000,1553.000000,438.000000,932.000000,136.000000,161.000000,5.000000,
0.049399,0.998403,0.146165,0.205081,0.257422,0.009886,-207.313381,3.183808,1396035.390615,1161962.419702,2307278.503274,207665.209104,1090450.060811,369.618349,98.968847,211.066216,30.296586,36.355903,85.840327,23.227383,49.484424,7.069203,8.079090,526.150709,141.384068,300.946087,43.425107,51.504196,3.000000,2.000000,3.000000,0.000000,1.000000,0.000000,1.000000,2.000000,0.000000,1.000000,0.000000,1.000000,3.000000,0.000000,1.000000,1553.000000,438.000000,932.000000,136.000000,161.000000,5.000000,
0.049399,0.998403,0.146165,0.205081,0.257422,0.009886,-207.313381,3.183808,1396035.390615,1161962.419702,2307278.503274,207665.209104,1090450.060811,369.618349,98.968847,211.066216,30.296586,36.355903,85.840327,23.227383,49.484424,7.069203,8.079090,526.150709,141.384068,300.946087,43.425107,51.504196,3.000000,2.000000,3.000000,0.000000,1.000000,0.000000,1.000000,2.000000,0.000000,1.000000,0.000000,1.000000,3.000000,0.000000,1.000000,1553.000000,438.000000,932.000000,136.000000,161.000000,5.000000,
0.049399,0.998403,0.146165,0.205081,0.257422,0.009886,-207.313381,3.183808,1396035.390615,1161962.419702,2307278.503274,207665.209104,1090450.060811,369.618349,98.968847,211.066216,30.296586,36.355903,85.840327,23.227383,49.484424,7.069203,8.079090,526.150709,141.384068,300.946087,43.425107,51.504196,3.000000,2.000000,3.000000,0.000000,1.000000,0.000000,1.000000,2.000000,0.000000,1.000000,0.000000,1.000000,3.000000,0.000000,1.000000,1553.000000,438.000000,932.000000,136.000000,161.000000,5.000000,
0.049399,0.998403,0.146165,0.205081,0.257422,0.009886,-207.313381,3.183808,1396035.390615,1161962.419702,2307278.503274,207665.209104,1090450.060811,369.618349,98.968847,211.066216,30.296586,36.355903,85.840327,23.227383,49.484424,7.069203,8.079090,526.150709,141.384068,300.946087,43.425107,51.504196,3.000000,2.000000,3.000000,0.000000,1.000000,0.000000,1.000000,2.000000,0.000000,1.000000,0.000000,1.000000,3.000000,0.000000,1.000000,1553.000000,438.000000,932.000000,136.000000,161.000000,5.000000,
0.049399,0.998403,0.146165,0.205081,0.257422,0.009886,-207.313381,3.183808,1396035.390615,1161962.419702,2307278.503274,207665.209104,1090450.060811,369.618349,98.968847,211.066216,30.296586,36.355903,85.840327,23.227383,49.484424,7.069203,8.079090,526.150709,141.384068,300.946087,43.425107,51.504196,3.000000,2.000000,3.000000,0.000000,1.000000,0.000000,1.000000,2.000000,0.000000,1.000000,0.000000,1.000000,3.000000,0.000000,1.000000,1553.000000,438.000000,932.000000,136.000000,161.000000,5.000000,
0.049399,0.998403,0.146165,0.205081,0.257422,0.009886,-207.313381,3.183808,1396035.390615,1161962.419702,2307278.503274,207665.209104,1090450.060811,369.618349,98.968847,211.066216,30.296586,36.355903,85.840327,23.227383,49.484424,7.069203,8.079090,526.150709,141.384068,300.946087,43.425107,51.504196,3.000000,2.000000,3.000000,0.000000,1.000000,0.000000,1.000000,2.000000,0.000000,1.000000,0.000000,1.000000,3.000000,0.000000,1.000000,1553.000000,438.000000,932.000000,136.000000,161.000000,5.000000,
0.049399,0.998403,0.146165,0.205081,0.257422,0.009886,-207.313381,3.183808,1396035.390615,1161962.419702,2307278.503274,207665.209104,1090450.060811,369.618349,98.968847,211.066216,30.296586,36.355903,85.840327,23.227383,49.484424,7.069203,8.079090,526.150709,141.384068,300.946087,43.425107,51.504196,3.000000,2.000000,3.000000,0.000000,1.000000,0.000000,1.000000,2.000000,0.000000,1.000000,0.000000,1.000000,3.000000,0.000000,1.000000,1553.000000,438.000000,932.000000,136.000000,161.000000,5.000000,
0.049399,0.998403,0.146165,0.205081,0.257422,0.009886,-207.313381,3.183808,1396035.390615,1161962.419702,2307278.503274,207665.209104,1090450.060811,369.618349,98.968847,211.066216,30.296586,36.355903,85.840327,23.227383,49.484424,7.069203,8.079090,526.150709,141.384068,300.946087,43.425107,51.504196,3.000000,2.000000,3.000000,0.000000,1.000000,0.000000,1.000000,2.000000,0.000000,1.000000,0.000000,1.000000,3.000000,0.000000,1.000000,1553.000000,438.000000,932.000000,136.000000,161.000000,5.000000,
0.049399,0.998403,0.146165,0.205081,0.257422,0.009886,-207.313381,3.183808,1396035.390615,1161962.419702,2307278.503274,207665.209104,1090450.060811,369.618349,98.968847,211.066216,30.296586,36.355903,85.840327,23.227383,49.484424,7.069203,8.079090,526.150709,141.384068,300.946087,43.425107,51.504196,3.000000,2.000000,3.000000,0.000000,1.000000,0.000000,1.000000,2.000000,0.000000,1.000000,0.000000,1.000000,3.000000,0.000000,1.000000,1553.000000,438.000000,932.000000,136.000000,161.000000,5.000000,
0.049399,0.998403,0.146165,0.205081,0.257422,0.009886,-207.313381,3.183808,1396035.390615,1161962.419702,2307278.503274,207665.209104,1090450.060811,369.618349,98.968847,211.066216,30.296586,36.355903,85.840327,23.227383,49.484424,7.069203,8.079090,526.150709,141.384068,300.946087,43.425107,51.504196,3.000000,2.000000,3.000000,0.000000,1.000000,0.000000,1.000000,2.000000,0.000000,1.000000,0.000000,1.000000,3.000000,0.000000,1.000000,1553.000000,438.000000,932.000000,136.000000,161.000000,5.000000,
0.049399,0.998403,0.146165,0.205081,0.257422,0.009886,-207.313381,3.183808,1396035.390615,1161962.419702,2307278.503274,207665.209104,1090450.060811,369.618349,98.968847,211.066216,30.296586,36.355903,85.840327,23.227383,49.484424,7.069203,8.079090,526.150709,141.384068,300.946087,43.425107,51.504196,3.000000,2.000000,3.000000,0.000000,1.000000,0.000000,1.000000,2.000000,0.000000,1.000000,0.000000,1.000000,3.000000,0.000000,1.000000,1553.000000,438.000000,932.000000,136.000000,161.000000,5.000000,
0.049399,0.998403,0.146165,0.205081,0.257422,0.009886,-207.313381,3.183808,1396035.390615,1161962.419702,2307278.503274,207665.209104,1090450.060811,369.618349,98.968847,211.066216,30.296586,36.355903,85.840327,23.227383,49.484424,7.069203,8.079090,526.150709,141.384068,300.946087,43.425107,51.504196,3.000000,2.000000,3.000000,0.000000,1.000000,0.000000,1.000000,2.000000,0.000000,1.000000,0.000000,1.000000,3.000000,0.000000,1.000000,1553.000000,438.000000,932.000000,136.000000,161.000000,5.000000,
0.049399,0.998403,0.146165,0.205081,0.257422,0.009886,-207.313381,3.183808,1396035.390615,1161962.419702,2307278.503274,207665.209104,1090450.060811,369.618349,98.968847,211.066216,30.296586,36.355903,85.840327,23.227383,49.484424,7.069203,8.079090,526.150709,141.384068,300.946087,43.425107,51.504196,3.000000,2.000000,3.000000,0.000000,1.000000,0.000000,1.000000,2.000000,0.000000,1.000000,0.000000,1.000000,3.000000,0.000000,1.000000,1553.000000,438.000000,932.000000,136.000000,161.000000,5.000000,
0.049399,0.998403,0.146165,0.205081,0.257422,0.009886,-207.313381,3.183808,1396035.390615,1161962.419702,2307278.503274,207665.209104,1090450.060811,369.618349,98.968847,211.066216,30.296586,36.355903,85.840327,23.227383,49.484424,7.069203,8.079090,526.150709,141.384068,300.946087,43.425107,51.504196,3.000000,2.000000,3.000000,0.000000,1.000000,0.000000,1.000000,2.000000,0.000000,1.000000,0.000000,1.000000,3.000000,0.000000,1.000000,1553.000000,438.000000,932.000000,136.000000,161.000000,5.000000,
0.049399,0.998403,0.146165,0.205081,0.257422,0.009886,-207.313381,3.183808,1396035.390615,1161962.419702,2307278.503274,207665.209104,1090450.060811,369.618349,98.968847,211.066216,30.296586,36.355903,85.840327,23.227383,49.484424,7.069203,8.079090,526.150709,141.384068,300.946087,43.425107,51.504196,3.000000,2.000000,3.000000,0.000000,1.000000,0.000000,1.000000,2.000000,0.000000,1.000000,0.000000,1.000000,3.000000,0.000000,1.000000,1553.000000,438.000000,932.000000,136.000000,161.000000,5.000000,
0.049399,0.998403,0.146165,0.205081,0.257422,0.009886,-207.313381,3.183808,1396035.390615,1161962.419702,2307278.503274,207665.209104,1090450.060811,369.618349,98.968847,211.066216,30.296586,36.355903,85.840327,23.227383,49.484424,7.069203,8.079090,526.150709,141.384068,300.946087,43.425107,51.504196,3.000000,2.000000,3.000000,0.000000,1.000000,0.000000,1.000000,2.000000,0.000000,1.000000,0.000000,1.000000,3.000000,0.000000,1.000000,1553.000000,438.000000,932.000000,136.000000,161.000000,5.000000,
0.049399,0.998403,0.146165,0.205081,0.257422,0.009886,-207.313381,3.183808,1396035.390615,1161962.419702,2307278.503274,207665.209104,1090450.060811,369.618349,98.968847,211.066216,30.296586,36.355903,85.840327,23.227383,49.484424,7.069203,8.079090,526.150709,141.384068,300.946087,43.425107,51.504196,3.000000,2.000000,3.000000,0.000000,1.000000,0.000000,1.000000,2.000000,0.000000,1.000000,0.000000,1.000000,3.000000,0.000000,1.000000,1553.000000,438.000000,932.000000,136.000000,161.000000,5.000000,
0.049399,0.998403,0.146165,0.205081,0.257422,0.009886,-207.313381,3.183808,1396035.390615,1161962.419702,2307278.503274,207665.209104,1090450.060811,369.618349,98.968847,211.066216,30.296586,36.355903,85.840327,23.227383,49.484424,7.069203,8.079090,526.150709,141.384068,300.946087,43.425107,51.504196,3.000000,2.000000,3.000000,0.000000,1.000000,0.000000,1.000000,2.000000,0.000000,1.000000,0.000000,1.000000,3.000000,0.000000,1.000000,1553.000000,438.000000,932.000000,136.000000,161.000000,5.000000,
0.049399,0.998403,0.146165,0.205081,0.257422,0.009886,-207.313381,3.183808,1396035.390615,1161962.419702,2307278.503274,207665.209104,1090450.060811,369.618349,98.968847,211.066216,30.296586,36.355903,85.840327,23.227383,49.484424,7.069203,8.079090,526.150709,141.384068,300.946087,43.425107,51.504196,3.000000,2.000000,3.000000,0.000000,1.000000,0.000000,1.000000,2.000000,0.000000,1.000000,0.000000,1.000000,3.000000,0.000000,1.000000,1553.000000,438.000000,932.000000,136.000000,161.000000,5.000000,
0.049399,0.998403,0.146165,0.205081,0.257422,0.009886,-207.313381,3.183808,1396035.390615,1161962.419702,2307278.503274,207665.209104,1090450.060811,369.618349,98.968847,211.066216,30.296586,36.355903,85.840327,23.227383,49.484424,7.069203,8.079090,526.150709,141.384068,300.946087,43.425107,51.504196,3.000000,2.000000,3.000000,0.000000,1.000000,0.000000,1.000000,2.000000,0.000000,1.000000,0.000000,1.000000,3.000000,0.000000,1.000000,1553.000000,438.000000,932.000000,136.000000,161.000000,5.000000,
0.049399,0.998403,0.146165,0.205081,0.257422,0.009886,-207.313381,3.183808,1396035.390615,1161962.419702,2307278.503274,207665.209104,1090450.060811,369.618349,98.968847,211.066216,30.296586,36.355903,85.840327,23.227383,49.484424,7.069203,8.079090,526.150709,141.384068,300.946087,43.425107,51.504196,3.000000,2.000000,3.000000,0.000000,1.000000,0.000000,1.000000,2.000000,0.000000,1.000000,0.000000,1.000000,3.000000,0.000000,1.000000,1553.000000,438.000000,932.000000,136.000000,161.000000,5.000000,
0.049399,0.998403,0.146165,0.205081,0.257422,0.009886,-207.313381,3.183808,1396035.390615,1161962.419702,2307278.503274,207665.209104,1090450.060811,369.618349,98.968847,211.066216,30.296586,36.355903,85.840327,23.227383,49.484424,7.069203,8.079090,526.150709,141.384068,300.946087,43.425107,51.504196,3.000000,2.000000,3.000000,0.000000,1.000000,0.000000,1.000000,2.000000,0.000000,1.000000,0.000000,1.000000,3.000000,0.000000,1.000000,1553.000000,438.000000,932.000000,136.000000,161.000000,5.000000,
0.049399,0.998403,0.146165,0.205081,0.257422,0.009886,-207.313381,3.183808,1396035.390615,1161962.419702,2307278.503274,207665.209104,1090450.060811,369.618349,98.968847,211.066216,30.296586,36.355903,85.840327,23.227383,49.484424,7.069203,8.079090,526.150709,141.384068,300.946087,43.425107,51.504196,3.000000,2.000000,3.000000,0.000000,1.000000,0.000000,1.000000,2.000000,0.000000,1.000000,0.000000,1.000000,3.000000,0.000000,1.000000,1553.000000,438.000000,932.000000,136.000000,161.000000,5.000000,
0.049399,0.998403,0.146165,0.205081,0.257422,0.009886,-207.313381,3.183808,1396035.390615,1161962.419702,2307278.503274,207665.209104,1090450.060811,369.618349,98.968847,211.066216,30.296586,36.355903,85.840327,23.227383,49.484424,7.069203,8.079090,526.150709,141.384068,300.946087,43.425107,51.504196,3.000000,2.000000,3.000000,0.000000,1.000000,0.000000,1.000000,2.000000,0.000000,1.000000,0.000000,1.000000,3.000000,0.000000,1.000000,1553.000000,438.000000,932.000000,136.000000,161.000000,5.000000,
0.049399,0.998403,0.146165,0.205081,0.257422,0.009886,-207.313381,3.183808,1396035.390615,1161962.419702,2307278.503274,207665.209104,1090450.060811,369.618349,98.968847,211.066216,30.296586,36.355903,85.840327,23.227383,49.484424,7.069203,8.079090,526.150709,141.384068,300.946087,43.425107,51.504196,3.000000,2.000000,3.000000,0.000000,1.000000,0.000000,1.000000,2.000000,0.000000,1.000000,0.000000,1.000000,3.000000,0.000000,1.000000,1553.000000,438.000000,932.000000,136.000000,161.000000,5.000000,
0.049399,0.998403,0.146165,0.205081,0.257422,0.009886,-207.313381,3.183808,1396035.390615,1161962.419702,2307278.503274,207665.209104,1090450.060811,369.618349,98.968847,211.066216,30.296586,36.355903,85.840327,23.227383,49.484424,7.069203,8.079090,526.150709,141.384068,300.946087,43.425107,51.504196,3.000000,2.000000,3.000000,0.000000,1.000000,0.000000,1.000000,2.000000,0.000000,1.000000,0.000000,1.000000,3.000000,0.000000,1.000000,1553.000000,438.000000,932.000000,136.000000,161.000000,5.000000,
0.049399,0.998403,0.146165,0.205081,0.257422,0.009886,-207.313381,3.183808,1396035.390615,1161962.419702,2307278.503274,207665.209104,1090450.060811,369.618349,98.968847,211.066216,30.296586,36.355903,85.840327,23.227383,49.484424,7.069203,8.079090,526.150709,141.384068,300.946087,43.425107,51.504196,3.000000,2.000000,3.000000,0.000000,1.000000,0.000000,1.000000,2.000000,0.000000,1.000000,0.000000,1.000000,3.000000,0.000000,1.000000,1553.000000,438.000000,932.000000,136.000000,161.000000,5.000000,
0.049399,0.998403,0.146165,0.205081,0.257422,0.009886,-207.313381,3.183808,1396035.390615,1161962.419702,2307278.503274,207665.209104,1090450.060811,369.618349,98.968847,211.066216,30.296586,36.355903,85.840327,23.227383,49.484424,7.069203,8.079090,526.150709,141.384068,300.946087,43.425107,51.504196,3.000000,2.000000,3.000000,0.000000,1.000000,0.000000,1.000000,2.000000,0.000000,1.000000,0.000000,1.000000,3.000000,0.000000,1.000000,1553.000000,438.000000,932.000000,136.000000,161.000000,5.000000,
0.049399,0.998403,0.146165,0.205081,0.257422,0.009886,-207.313381,3.183808,1396035.390615,1161962.419702,2307278.503274,207665.209104,1090450.060811,369.618349,98.968847,211.066216,30.296586,36.355903,85.840327,23.227383,49.484424,7.069203,8.079090,526.150709,141.384068,300.946087,43.425107,51.504196,3.000000,2.000000,3.000000,0.000000,1.000000,0.000000,1.000000,2.000000,0.000000,1.000000,0.000000,1.000000,3.000000,0.000000,1.000000,1553.000000,438.000000,932.000000,136.000000,161.000000,5.000000,
0.049399,0.998403,0.146165,0.205081,0.257422,0.009886,-207.313381,3.183808,1396035.390615,1161962.419702,2307278.503274,207665.209104,1090450.060811,369.618349,98.968847,211.066216,30.296586,36.355903,85.840327,23.227383,49.484424,7.069203,8.079090,526.150709,141.384068,300.946087,43.425107,51.504196,3.000000,2.000000,3.000000,0.000000,1.000000,0.000000,1.000000,2.000000,0.000000,1.000000,0.000000,1.000000,3.000000,0.000000,1.000000,1553.000000,438.000000,932.000000,136.000000,161.000000,5.000000,
0.049399,0.998403,0.146165,0.205081,0.257422,0.009886,-207.313381,3.183808,1396035.390615,1161962.419702,2307278.503274,207665.209104,1090450.060811,369.618349,98.968847,211.066216,30.296586,36.355903,85.840327,23.227383,49.484424,7.069203,8.079090,526.150709,141.384068,300.946087,43.425107,51.504196,3.000000,2.000000,3.000000,0.000000,1.000000,0.000000,1.000000,2.000000,0.000000,1.000000,0.000000,1.000000,3.000000,0.000000,1.000000,1553.000000,438.000000,932.000000,136.000000,161.000000,5.000000,
0.049399,0.998403,0.146165,0.205081,0.257422,0.009886,-207.313381,3.183808,1396035.390615,1161962.419702,2307278.503274,207665.209104,1090450.060811,369.618349,98.968847,211.066216,30.296586,36.355903,85.840327,23.227383,49.484424,7.069203,8.079090,526.150709,141.384068,300.946087,43.425107,51.504196,3.000000,2.000000,3.000000,0.000000,1.000000,0.000000,1.000000,2.000000,0.000000,1.000000,0.000000,1.000000,3.000000,0.000000,1.000000,1553.000000,438.000000,932.000000,136.000000,161.000000,5.000000,
0.049399,0.998403,0.146165,0.205081,0.257422,0.009886,-207.313381,3.183808,1396035.390615,1161962.419702,2307278.503274,207665.209104,1090450.060811,369.618349,98.968847,211.066216,30.296586,36.355903,85.840327,23.227383,49.484424,7.069203,8.079090,526.150709,141.384068,300.946087,43.425107,51.504196,3.000000,2.000000,3.000000,0.000000,1.000000,0.000000,1.000000,2.000000,0.000000,1.000000,0.000000,1.000000,3.000000,0.000000,1.000000,1553.000000,438.000000,932.000000,136.000000,161.000000,5.000000,
0.049399,0.998403,0.146165,0.205081,0.257422,0.009886,-207.313381,3.183808,1396035.390615,1161962.419702,2307278.503274,207665.209104,1090450.060811,369.618349,98.968847,211.066216,30.296586,36.355903,85.840327,23.227383,49.484424,7.069203,8.079090,526.150709,141.384068,300.946087,43.425107,51.504196,3.000000,2.000000,3.000000,0.000000,1.000000,0.000000,1.000000,2.000000,0.000000,1.000000,0.000000,1.000000,3.000000,0.000000,1.000000,1553.000000,438.000000,932.000000,136.000000,161.000000,5.000000,
0.049399,0.998403,0.146165,0.205081,0.257422,0.009886,-207.313381,3.183808,1396035.390615,1161962.419702,2307278.503274,207665.209104,1090450.060811,369.618349,98.968847,211.066216,30.296586,36.355903,85.840327,23.227383,49.484424,7.069203,8.079090,526.150709,141.384068,300.946087,43.425107,51.504196,3.000000,2.000000,3.000000,0.000000,1.000000,0.000000,1.000000,2.000000,0.000000,1.000000,0.000000,1.000000,3.000000,0.000000,1.000000,1553.000000,438.000000,932.000000,136.000000,161.000000,5.000000,
0.049399,0.998403,0.146165,0.205081,0.257422,0.009886,-207.313381,3.183808,1396035.390615,1161962.419702,2307278.503274,207665.209104,1090450.060811,369.618349,98.968847,211.066216,30.296586,36.355903,85.840327,23.227383,49.484424,7.069203,8.079090,526.150709,141.384068,300.946087,43.425107,51.504196,3.000000,2.000000,3.000000,0.000000,1.000000,0.000000,1.000000,2.000000,0.000000,1.000000,0.000000,1.000000,3.000000,0.000000,1.000000,1553.000000,438.000000,932.000000,136.000000,161.000000,5.000000,
0.049399,0.998403,0.146165,0.205081,0.257422,0.009886,-207.313381,3.183808,1396035.390615,1161962.419702,2307278.503274,207665.209104,1090450.060811,369.618349,98.968847,211.066216,30.296586,36.355903,85.840327,23.227383,49.484424,7.069203,8.079090,526.150709,141.384068,300.946087,43.425107,51.504196,3.000000,2.000000,3.000000,0.000000,1.000000,0.000000,1.000000,2.000000,0.000000,1.000000,0.000000,1.000000,3.000000,0.000000,1.000000,1553.000000,438.000000,932.000000,136.000000,161.000000,5.000000,
0.049399,0.998403,0.146165,0.205081,0.257422,0.009886,-207.313381,3.183808,1396035.390615,1161962.419702,2307278.503274,207665.209104,1090450.060811,369.618349,98.968847,211.066216,30.296586,36.355903,85.840327,23.227383,49.484424,7.069203,8.079090,526.150709,141.384068,300.946087,43.425107,51.504196,3.000000,2.000000,3.000000,0.000000,1.000000,0.000000,1.000000,2.000000,0.000000,1.000000,0.000000,1.000000,3.000000,0.000000,1.000000,1553.000000,438.000000,932.000000,136.000000,161.000000,5.000000,
0.049399,0.998403,0.146165,0.205081,0.257422,0.009886,-207.313381,3.183808,1396035.390615,1161962.419702,2307278.503274,207665.209104,1090450.060811,369.618349,98.968847,211.066216,30.296586,36.355903,85.840327,23.227383,49.484424,7.069203,8.079090,526.150709,141.384068,300.946087,43.425107,51.504196,3.000000,2.000000,3.000000,0.000000,1.000000,0.000000,1.000000,2.000000,0.000000,1.000000,0.000000,1.000000,3.000000,0.000000,1.000000,1553.000000,438.000000,932.000000,136.000000,161.000000,5.000000,
0.049399,0.998403,0.146165,0.205081,0.257422,0.009886,-207.313381,3.183808,1396035.390615,1161962.419702,2307278.503274,207665.209104,1090450.060811,369.618349,98.968847,211.066216,30.296586,36.355903,85.840327,23.227383,49.484424,7.069203,8.079090,526.150709,141.384068,300.946087,43.425107,51.504196,3.000000,2.000000,3.000000,0.000000,1.000000,0.000000,1.000000,2.000000,0.000000,1.000000,0.000000,1.000000,3.000000,0.000000,1.000000,1553.000000,438.000000,932.000000,136.000000,161.000000,5.000000,
0.049399,0.998403,0.146165,0.205081,0.257422,0.009886,-207.313381,3.183808,1396035.390615,1161962.419702,2307278.503274,207665.209104,1090450.060811,369.618349,98.968847,211.066216,30.296586,36.355903,85.840327,23.227383,49.484424,7.069203,8.079090,526.150709,141.384068,300.946087,43.425107,51.504196,3.000000,2.000000,3.000000,0.000000,1.000000,0.000000,1.000000,2.000000,0.000000,1.000000,0.000000,1.000000,3.000000,0.000000,1.000000,1553.000000,438.000000,932.000000,136.000000,161.000000,5.000000,
0.049399,0.998403,0.146165,0.205081,0.257422,0.009886,-207.313381,3.183808,1396035.390615,1161962.419702,2307278.503274,207665.209104,1090450.060811,369.618349,98.968847,211.066216,30.296586,36.355903,85.840327,23.227383,49.484424,7.069203,8.079090,526.150709,141.384068,300.946087,43.425107,51.504196,3.000000,2.000000,3.000000,0.000000,1.000000,0.000000,1.000000,2.000000,0.000000,1.000000,0.000000,1.000000,3.000000,0.000000,1.000000,1553.000000,438.000000,932.000000,136.000000,161.000000,5.000000,
0.049399,0.998403,0.146165,0.205081,0.257422,0.009886,-207.313381,3.183808,1396035.390615,1161962.419702,2307278.503274,207665.209104,1090450.060811,369.618349,98.968847,211.066216,30.296586,36.355903,85.840327,23.227383,49.484424,7.069203,8.079090,526.150709,141.384068,300.946087,43.425107,51.504196,3.000000,2.000000,3.000000,0.000000,1.000000,0.000000,1.000000,2.000000,0.000000,1.000000,0.000000,1.000000,3.000000,0.000000,1.000000,1553.000000,438.000000,932.000000,136.000000,161.000000,5.000000,
0.049399,0.998403,0.146165,0.205081,0.257422,0.009886,-207.313381,3.183808,1396035.390615,1161962.419702,2307278.503274,207665.209104,1090450.060811,369.618349,98.968847,211.066216,30.296586,36.355903,85.840327,23.227383,49.484424,7.069203,8.079090,526.150709,141.384068,300.946087,43.425107,51.504196,3.000000,2.000000,3.000000,0.000000,1.000000,0.000000,1.000000,2.000000,0.000000,1.000000,0.000000,1.000000,3.000000,0.000000,1.000000,1553.000000,438.000000,932.000000,136.000000,161.000000,5.000000,
0.049399,0.998403,0.146165,0.205081,0.257422,0.009886,-207.313381,3.183808,1396035.390615,1161962.419702,2307278.503274,207665.209104,1090450.060811,369.618349,98.968847,211.066216,30.296586,36.355903,85.840327,23.227383,49.484424,7.069203,8.079090,526.150709,141.384068,300.946087,43.425107,51.504196,3.000000,2.000000,3.000000,0.000000,1.000000,0.000000,1.000000,2.000000,0.000000,1.000000,0.000000,1.000000,3.000000,0.000000,1.000000,1553.000000,438.000000,932.000000,136.000000,161.000000,5.000000,
0.049399,0.998403,0.146165,0.205081,0.257422,0.009886,-207.313381,3.183808,1396035.390615,1161962.419702,2307278.503274,207665.209104,1090450.060811,369.618349,98.968847,211.066216,30.296586,36.355903,85.840327,23.227383,49.484424,7.069203,8.079090,526.150709,141.384068,300.946087,43.425107,51.504196,3.000000,2.000000,3.000000,0.000000,1.000000,0.000000,1.000000,2.000000,0.000000,1.000000,0.000000,1.000000,3.000000,0.000000,1.000000,1553.000000,438.000000,932.000000,136.000000,161.000000,5.000000,
0.049399,0.998403,0.146165,0.205081,0.257422,0.009886,-207.313381,3.183808,1396035.390615,1161962.419702,2307278.503274,207665.209104,1090450.060811,369.618349,98.968847,211.066216,30.296586,36.355903,85.840327,23.227383,49.484424,7.069203,8.079090,526.150709,141.384068,300.946087,43.425107,51.504196,3.000000,2.000000,3.000000,0.000000,1.000000,0.000000,1.000000,2.000000,0.000000,1.000000,0.000000,1.000000,3.000000,0.000000,1.000000,1553.000000,438.000000,932.000000,136.000000,161.000000,5.000000,
0.049399,0.998403,0.146165,0.205081,0.257422,0.009886,-207.313381,3.183808,1396035.390615,1161962.419702,2307278.503274,207665.209104,1090450.060811,369.618349,98.968847,211.066216,30.296586,36.355903,85.840327,23.227383,49.484424,7.069203,8.079090,526.150709,141.384068,300.946087,43.425107,51.504196,3.000000,2.000000,3.000000,0.000000,1.000000,0.000000,1.000000,2.000000,0.000000,1.000000,0.000000,1.000000,3.000000,0.000000,1.000000,1553.000000,438.000000,932.000000,136.000000,161.000000,5.000000,
0.049399,0.998403,0.146165,0.205081,0.257422,0.009886,-207.313381,3.183808,1396035.390615,1161962.419702,2307278.503274,207665.209104,1090450.060811,369.618349,98.968847,211.066216,30.296586,36.355903,85.840327,23.227383,49.484424,7.069203,8.079090,526.150709,141.384068,300.946087,43.425107,51.504196,3.000000,2.000000,3.000000,0.000000,1.000000,0.000000,1.000000,2.000000,0.000000,1.000000,0.000000,1.000000,3.000000,0.000000,1.000000,1553.000000,438.000000,932.000000,136.000000,161.000000,5.000000,
0.049399,0.998403,0.146165,0.205081,0.257422,0.009886,-207.313381,3.183808,1396035.390615,1161962.419702,2307278.503274,207665.209104,1090450.060811,369.618349,98.968847,211.066216,30.296586,36.355903,85.840327,23.227383,49.484424,7.069203,8.079090,526.150709,141.384068,300.946087,43.425107,51.504196,3.000000,2.000000,3.000000,0.000000,1.000000,0.000000,1.000000,2.000000,0.000000,1.000000,0.000000,1.000000,3.000000,0.000000,1.000000,1553.000000,438.000000,932.000000,136.000000,161.000000,5.000000,
0.049399,0.998403,0.146165,0.205081,0.257422,0.009886,-207.313381,3.183808,1396035.390615,1161962.419702,2307278.503274,207665.209104,1090450.060811,369.618349,98.968847,211.066216,30.296586,36.355903,85.840327,23.227383,49.484424,7.069203,8.079090,526.150709,141.384068,300.946087,43.425107,51.504196,3.000000,2.000000,3.000000,0.000000,1.000000,0.000000,1.000000,2.000000,0.000000,1.000000,0.000000,1.000000,3.000000,0.000000,1.000000,1553.000000,438.000000,932.000000,136.000000,161.000000,5.000000,
0.049399,0.998403,0.146165,0.205081,0.257422,0.009886,-207.313381,3.183808,1396035.390615,1161962.419702,2307278.503274,207665.209104,1090450.060811,369.618349,98.968847,211.066216,30.296586,36.355903,85.840327,23.227383,49.484424,7.069203,8.079090,526.150709,141.384068,300.946087,43.425107,51.504196,3.000000,2.000000,3.000000,0.000000,1.000000,0.000000,1.000000,2.000000,0.000000,1.000000,0.000000,1.000000,3.000000,0.000000,1.000000,1553.000000,438.000000,932.000000,136.000000,161.000000,5.000000,
0.049399,0.998403,0.146165,0.205081,0.257422,0.009886,-207.313381,3.183808,1396035.390615,1161962.419702,2307278.503274,207665.209104,1090450.060811,369.618349,98.968847,211.066216,30.296586,36.355903,85.840327,23.227383,49.484424,7.069203,8.079090,526.150709,141.384068,300.946087,43.425107,51.504196,3.000000,2.000000,3.000000,0.000000,1.000000,0.000000,1.000000,2.000000,0.000000,1.000000,0.000000,1.000000,3.000000,0.000000,1.000000,1553.000000,438.000000,932.000000,136.000000,161.000000,5.000000,
0.049399,0.998403,0.146165,0.205081,0.257422,0.009886,-207.313381,3.183808,1396035.390615,1161962.419702,2307278.503274,207665.209104,1090450.060811,369.618349,98.968847,211.066216,30.296586,36.355903,85.840327,23.227383,49.484424,7.069203,8.079090,526.150709,141.384068,300.946087,43.425107,51.504196,3.000000,2.000000,3.000000,0.000000,1.000000,0.000000,1.000000,2.000000,0.000000,1.000000,0.000000,1.000000,3.000000,0.000000,1.000000,1553.000000,438.000000,932.000000,136.000000,161.000000,5.000000,
0.049399,0.998403,0.146165,0.205081,0.257422,0.009886,-207.313381,3.183808,1396035.390615,1161962.419702,2307278.503274,207665.209104,1090450.060811,369.618349,98.968847,211.066216,30.296586,36.355903,85.840327,23.227383,49.484424,7.069203,8.079090,526.150709,141.384068,300.946087,43.425107,51.504196,3.000000,2.000000,3.000000,0.000000,1.000000,0.000000,1.000000,2.000000,0.000000,1.000000,0.000000,1.000000,3.000000,0.000000,1.000000,1553.000000,438.000000,932.000000,136.000000,161.000000,5.000000,
0.049399,0.998403,0.146165,0.205081,0.257422,0.009886,-207.313381,3.183808,1396035.390615,1161962.419702,2307278.503274,207665.209104,1090450.060811,369.618349,98.968847,211.066216,30.296586,36.355903,85.840327,23.227383,49.484424,7.069203,8.079090,526.150709,141.384068,300.946087,43.425107,51.504196,3.000000,2.000000,3.000000,0.000000,1.000000,0.000000,1.000000,2.000000,0.000000,1.000000,0.000000,1.000000,3.000000,0.000000,1.000000,1553.000000,438.000000,932.000000,136.000000,161.000000,5.000000,
0.049399,0.998403,0.146165,0.205081,0.257422,0.009886,-207.313381,3.183808,1396035.390615,1161962.419702,2307278.503274,207665.209104,1090450.060811,369.618349,98.968847,211.066216,30.296586,36.355903,85.840327,23.227383,49.484424,7.069203,8.079090,526.150709,141.384068,300.946087,43.425107,51.504196,3.000000,2.000000,3.000000,0.000000,1.000000,0.000000,1.000000,2.000000,0.000000,1.000000,0.000000,1.000000,3.000000,0.000000,1.000000,1553.000000,438.000000,932.000000,136.000000,161.000000,5.000000,
0.049399,0.998403,0.146165,0.205081,0.257422,0.009886,-207.313381,3.183808,1396035.390615,1161962.419702,2307278.503274,207665.209104,1090450.060811,369.618349,98.968847,211.066216,30.296586,36.355903,85.840327,23.227383,49.484424,7.069203,8.079090,526.150709,141.384068,300.946087,43.425107,51.504196,3.000000,2.000000,3.000000,0.000000,1.000000,0.000000,1.000000,2.000000,0.000000,1.000000,0.000000,1.000000,3.000000,0.000000,1.000000,1553.000000,438.000000,932.000000,136.000000,161.000000,5.000000,
0.049399,0.998403,0.146165,0.205081,0.257422,0.009886,-207.313381,3.183808,1396035.390615,1161962.419702,2307278.503274,207665.209104,1090450.060811,369.618349,98.968847,211.066216,30.296586,36.355903,85.840327,23.227383,49.484424,7.069203,8.079090,526.150709,141.384068,300.946087,43.425107,51.504196,3.000000,2.000000,3.000000,0.000000,1.000000,0.000000,1.000000,2.000000,0.000000,1.000000,0.000000,1.000000,3.000000,0.000000,1.000000,1553.000000,438.000000,932.000000,136.000000,161.000000,5.000000,
0.049399,0.998403,0.146165,0.205081,0.257422,0.009886,-207.313381,3.183808,1396035.390615,1161962.419702,2307278.503274,207665.209104,1090450.060811,369.618349,98.968847,211.066216,30.296586,36.355903,85.840327,23.227383,49.484424,7.069203,8.079090,526.150709,141.384068,300.946087,43.425107,51.504196,3.000000,2.000000,3.000000,0.000000,1.000000,0.000000,1.000000,2.000000,0.000000,1.000000,0.000000,1.000000,3.000000,0.000000,1.000000,1553.000000,438.000000,932.000000,136.000000,161.000000,5.000000,
0.049399,0.998403,0.146165,0.205081,0.257422,0.009886,-207.313381,3.183808,1396035.390615,1161962.419702,2307278.503274,207665.209104,1090450.060811,369.618349,98.968847,211.066216,30.296586,36.355903,85.840327,23.227383,49.484424,7.069203,8.079090,526.150709,141.384068,300.946087,43.425107,51.504196,3.000000,2.000000,3.000000,0.000000,1.000000,0.000000,1.000000,2.000000,0.000000,1.000000,0.000000,1.000000,3.000000,0.000000,1.000000,1553.000000,438.000000,932.000000,136.000000,161.000000,5.000000,
0.049399,0.998403,0.146165,0.205081,0.257422,0.009886,-207.313381,3.183808,1396035.390615,1161962.419702,2307278.503274,207665.209104,1090450.060811,369.618349,98.968847,211.066216,30.296586,36.355903,85.840327,23.227383,49.484424,7.069203,8.079090,526.150709,141.384068,300.946087,43.425107,51.504196,3.000000,2.000000,3.000000,0.000000,1.000000,0.000000,1.000000,2.000000,0.000000,1.000000,0.000000,1.000000,3.000000,0.000000,1.000000,1553.000000,438.000000,932.000000,136.000000,161.000000,5.000000,
0.049399,0.998403,0.146165,0.205081,0.257422,0.009886,-207.313381,3.183808,1396035.390615,1161962.419702,2307278.503274,207665.209104,1090450.060811,369.618349,98.968847,211.066216,30.296586,36.355903,85.840327,23.227383,49.484424,7.069203,8.079090,526.150709,141.384068,300.946087,43.425107,51.504196,3.000000,2.000000,3.000000,0.000000,1.000000,0.000000,1.000000,2.000000,0.000000,1.000000,0.000000,1.000000,3.000000,0.000000,1.000000,1553.000000,438.000000,932.000000,136.000000,161.000000,5.000000,
0.049399,0.998403,0.146165,0.205081,0.257422,0.009886,-207.313381,3.183808,1396035.390615,1161962.419702,2307278.503274,207665.209104,1090450.060811,369.618349,98.968847,211.066216,30.296586,36.355903,85.840327,23.227383,49.484424,7.069203,8.079090,526.150709,141.384068,300.946087,43.425107,51.504196,3.000000,2.000000,3.000000,0.000000,1.000000,0.000000,1.000000,2.000000,0.000000,1.000000,0.000000,1.000000,3.000000,0.000000,1.000000,1553.000000,438.000000,932.000000,136.000000,161.000000,5.000000,
0.049445,0.995999,0.145072,0.195438,0.276872,0.008942,-208.155471,3.184333,1396036.308423,1161962.666151,2307279.028275,207665.284644,1090450.150515,369.272754,98.876311,210.868868,30.268259,36.321910,85.760066,23.205665,49.438156,7.062594,8.071536,525.658757,141.251873,300.664701,43.384504,51.456040,3.000000,2.000000,3.000000,0.000000,1.000000,0.000000,1.000000,2.000000,0.000000,1.000000,0.000000,1.000000,3.000000,0.000000,1.000000,1553.000000,438.000000,932.000000,136.000000,161.000000,5.000000,
0.049445,0.995999,0.145072,0.195438,0.276872,0.008942,-208.155471,3.184333,1396036.308423,1161962.666151,2307279.028275,207665.284644,1090450.150515,369.272754,98.876311,210.868868,30.268259,36.321910,85.760066,23.205665,49.438156,7.062594,8.071536,525.658757,141.251873,300.664701,43.384504,51.456040,3.000000,2.000000,3.000000,0.000000,1.000000,0.000000,1.000000,2.000000,0.000000,1.000000,0.000000,1.000000,3.000000,0.000000,1.000000,1553.000000,438.000000,932.000000,136.000000,161.000000,5.000000,
0.049445,0.995999,0.145072,0.195438,0.276872,0.008942,-208.155471,3.184333,1396036.308423,1161962.666151,2307279.028275,207665.284644,1090450.150515,369.272754,98.876311,210.868868,30.268259,36.321910,85.760066,23.205665,49.438156,7.062594,8.071536,525.658757,141.251873,300.664701,43.384504,51.456040,3.000000,2.000000,3.000000,0.000000,1.000000,0.000000,1.000000,2.000000,0.000000,1.000000,0.000000,1.000000,3.000000,0.000000,1.000000,1553.000000,438.000000,932.000000,136.000000,161.000000,5.000000,
0.049445,0.995999,0.145072,0.195438,0.276872,0.008942,-208.155471,3.184333,1396036.308423,1161962.666151,2307279.028275,207665.284644,1090450.150515,369.272754,98.876311,210.868868,30.268259,36.321910,85.760066,23.205665,49.438156,7.062594,8.071536,525.658757,141.251873,300.664701,43.384504,51.456040,3.000000,2.000000,3.000000,0.000000,1.000000,0.000000,1.000000,2.000000,0.000000,1.000000,0.000000,1.000000,3.000000,0.000000,1.000000,1553.000000,438.000000,932.000000,136.000000,161.000000,5.000000,
0.049445,0.995999,0.145072,0.195438,0.276872,0.008942,-208.155471,3.184333,1396036.308423,1161962.666151,2307279.028275,207665.284644,1090450.150515,369.272754,98.876311,210.868868,30.268259,36.321910,85.760066,23.205665,49.438156,7.062594,8.071536,525.658757,141.251873,300.664701,43.384504,51.456040,3.000000,2.000000,3.000000,0.000000,1.000000,0.000000,1.000000,2.000000,0.000000,1.000000,0.000000,1.000000,3.000000,0.000000,1.000000,1553.000000,438.000000,932.000000,136.000000,161.000000,5.000000,
0.049445,0.995999,0.145072,0.195438,0.276872,0.008942,-208.155471,3.184333,1396036.308423,1161962.666151,2307279.028275,207665.284644,1090450.150515,369.272754,98.876311,210.868868,30.268259,36.321910,85.760066,23.205665,49.438156,7.062594,8.071536,525.658757,141.251873,300.664701,43.384504,51.456040,3.000000,2.000000,3.000000,0.000000,1.000000,0.000000,1.000000,2.000000,0.000000,1.000000,0.000000,1.000000,3.000000,0.000000,1.000000,1553.000000,438.000000,932.000000,136.000000,161.000000,5.000000,
0.049445,0.995999,0.145072,0.195438,0.276872,0.008942,-208.155471,3.184333,1396036.308423,1161962.666151,2307279.028275,207665.284644,1090450.150515,369.272754,98.876311,210.868868,30.268259,36.321910,85.760066,23.205665,49.438156,7.062594,8.071536,525.658757,141.251873,300.664701,43.384504,51.456040,3.000000,2.000000,3.000000,0.000000,1.000000,0.000000,1.000000,2.000000,0.000000,1.000000,0.000000,1.000000,3.000000,0.000000,1.000000,1553.000000,438.000000,932.000000,136.000000,161.000000,5.000000,
0.049445,0.995999,0.145072,0.195438,0.276872,0.008942,-208.155471,3.184333,1396036.308423,1161962.666151,2307279.028275,207665.284644,1090450.150515,369.272754,98.876311,210.868868,30.268259,36.321910,85.760066,23.205665,49.438156,7.062594,8.071536,525.658757,141.251873,300.664701,43.384504,51.456040,3.000000,2.000000,3.000000,0.000000,1.000000,0.000000,1.000000,2.000000,0.000000,1.000000,0.000000,1.000000,3.000000,0.000000,1.000000,1553.000000,438.000000,932.000000,136.000000,161.000000,5.000000,
0.049455,0.994180,0.141780,0.211941,0.258122,0.008579,-208.899783,3.177609,1396036.661657,1161962.761000,2307279.230330,207665.313717,1090450.185038,369.139747,98.840697,210.792915,30.257356,36.308828,85.729176,23.197306,49.420349,7.060050,8.068628,525.469421,141.200996,300.556406,43.368877,51.437506,3.000000,2.000000,3.000000,0.000000,1.000000,0.000000,1.000000,2.000000,0.000000,1.000000,0.000000,1.000000,3.000000,0.000000,1.000000,1553.000000,438.000000,932.000000,136.000000,161.000000,5.000000,
0.049455,0.994180,0.141780,0.211941,0.258122,0.008579,-208.899783,3.177609,1396036.661657,1161962.761000,2307279.230330,207665.313717,1090450.185038,369.139747,98.840697,210.792915,30.257356,36.308828,85.729176,23.197306,49.420349,7.060050,8.068628,525.469421,141.200996,300.556406,43.368877,51.437506,3.000000,2.000000,3.000000,0.000000,1.000000,0.000000,1.000000,2.000000,0.000000,1.000000,0.000000,1.000000,3.000000,0.000000,1.000000,1553.000000,438.000000,932.000000,136.000000,161.000000,5.000000,
0.049455,0.994180,0.141780,0.211941,0.258122,0.008579,-208.899783,3.177609,1396036.661657,1161962.761000,2307279.230330,207665.313717,1090450.185038,369.139747,98.840697,210.792915,30.257356,36.308828,85.729176,23.197306,49.420349,7.060050,8.068628,525.469421,141.200996,300.556406,43.368877,51.437506,3.000000,2.000000,3.000000,0.000000,1.000000,0.000000,1.000000,2.000000,0.000000,1.000000,0.000000,1.000000,3.000000,0.000000,1.000000,1553.000000,438.000000,932.000000,136.000000,161.000000,5.000000,
0.049455,0.994180,0.141780,0.211941,0.258122,0.008579,-208.899783,3.177609,1396036.661657,1161962.761000,2307279.230330,207665.313717,1090450.185038,369.139747,98.840697,210.792915,30.257356,36.308828,85.729176,23.197306,49.420349,7.060050,8.068628,525.469421,141.200996,300.556406,43.368877,51.437506,3.000000,2.000000,3.000000,0.000000,1.000000,0.000000,1.000000,2.000000,0.000000,1.000000,0.000000,1.000000,3.000000,0.000000,1.000000,1553.000000,438.000000,932.000000,136.000000,161.000000,5.000000,
0.049455,0.994180,0.141780,0.211941,0.258122,0.008579,-208.899783,3.177609,1396036.661657,1161962.761000,2307279.230330,207665.313717,1090450.185038,369.139747,98.840697,210.792915,30.257356,36.308828,85.729176,23.197306,49.420349,7.060050,8.068628,525.469421,141.200996,300.556406,43.368877,51.437506,3.000000,2.000000,3.000000,0.000000,1.000000,0.000000,1.000000,2.000000,0.000000,1.000000,0.000000,1.000000,3.000000,0.000000,1.000000,1553.000000,438.000000,932.000000,136.000000,161.000000,5.000000,
0.049455,0.994180,0.141780,0.211941,0.258122,0.008579,-208.899783,3.177609,1396036.661657,1161962.761000,2307279.230330,207665.313717,1090450.185038,369.139747,98.840697,210.792915,30.257356,36.308828,85.729176,23.197306,49.420349,7.060050,8.068628,525.469421,141.200996,300.556406,43.368877,51.437506,3.000000,2.000000,3.000000,0.000000,1.000000,0.000000,1.000000,2.000000,0.000000,1.000000,0.000000,1.000000,3.000000,0.000000,1.000000,1553.000000,438.000000,932.000000,136.000000,161.000000,5.000000,
0.049455,0.994180,0.141780,0.211941,0.258122,0.008579,-208.899783,3.177609,1396036.661657,1161962.761000,2307279.230330,207665.313717,1090450.185038,369.139747,98.840697,210.792915,30.257356,36.308828,85.729176,23.197306,49.420349,7.060050,8.068628,525.469421,141.200996,300.556406,43.368877,51.437506,3.000000,2.000000,3.000000,0.000000,1.000000,0.000000,1.000000,2.000000,0.000000,1.000000,0.000000,1.000000,3.000000,0.000000,1.000000,1553.000000,438.000000,932.000000,136.000000,161.000000,5.000000,
0.049455,0.994180,0.141780,0.211941,0.258122,0.008579,-208.899783,3.177609,1396036.661657,1161962.761000,2307279.230330,207665.313717,1090450.185038,369.139747,98.840697,210.792915,30.257356,36.308828,85.729176,23.197306,49.420349,7.060050,8.068628,525.469421,141.200996,300.556406,43.368877,51.437506,3.000000,2.000000,3.000000,0.000000,1.000000,0.000000,1.000000,2.000000,0.000000,1.000000,0.000000,1.000000,3.000000,0.000000,1.000000,1553.000000,438.000000,932.000000,136.000000,161.000000,5.000000,
0.049455,0.994180,0.141780,0.211941,0.258122,0.008579,-208.899783,3.177609,1396036.661657,1161962.761000,2307279.230330,207665.313717,1090450.185038,369.139747,98.840697,210.792915,30.257356,36.308828,85.729176,23.197306,49.420349,7.060050,8.068628,525.469421,141.200996,300.556406,43.368877,51.437506,3.000000,2.000000,3.000000,0.000000,1.000000,0.000000,1.000000,2.000000,0.000000,1.000000,0.000000,1.000000,3.000000,0.000000,1.000000,1553.000000,438.000000,932.000000,136.000000,161.000000,5.000000,
0.049479,0.993864,0.140138,0.187375,0.324031,0.008547,-208.540421,3.175506,1396036.692073,1161962.769168,2307279.247729,207665.316220,1090450.188011,369.128293,98.837630,210.786375,30.256417,36.307701,85.726516,23.196587,49.418815,7.059831,8.068378,525.453117,141.196615,300.547080,43.367532,51.435910,3.000000,2.000000,3.000000,0.000000,1.000000,0.000000,1.000000,2.000000,0.000000,1.000000,0.000000,1.000000,3.000000,0.000000,1.000000,1553.000000,438.000000,932.000000,136.000000,161.000000,5.000000,
0.049479,0.993864,0.140138,0.187375,0.324031,0.008547,-208.540421,3.175506,1396036.692073,1161962.769168,2307279.247729,207665.316220,1090450.188011,369.128293,98.837630,210.786375,30.256417,36.307701,85.726516,23.196587,49.418815,7.059831,8.068378,525.453117,141.196615,300.547080,43.367532,51.435910,3.000000,2.000000,3.000000,0.000000,1.000000,0.000000,1.000000,2.000000,0.000000,1.000000,0.000000,1.000000,3.000000,0.000000,1.000000,1553.000000,438.000000,932.000000,136.000000,161.000000,5.000000,
0.049479,0.993864,0.140138,0.187375,0.324031,0.008547,-208.540421,3.175506,1396036.692073,1161962.769168,2307279.247729,207665.316220,1090450.188011,369.128293,98.837630,210.786375,30.256417,36.307701,85.726516,23.196587,49.418815,7.059831,8.068378,525.453117,141.196615,300.547080,43.367532,51.435910,3.000000,2.000000,3.000000,0.000000,1.000000,0.000000,1.000000,2.000000,0.000000,1.000000,0.000000,1.000000,3.000000,0.000000,1.000000,1553.000000,438.000000,932.000000,136.000000,161.000000,5.000000,
0.049479,0.993864,0.140138,0.187375,0.324031,0.008547,-208.540421,3.175506,1396036.692073,1161962.769168,2307279.247729,207665.316220,1090450.188011,369.128293,98.837630,210.786375,30.256417,36.307701,85.726516,23.196587,49.418815,7.059831,8.068378,525.453117,141.196615,300.547080,43.367532,51.435910,3.000000,2.000000,3.000000,0.000000,1.000000,0.000000,1.000000,2.000000,0.000000,1.000000,0.000000,1.000000,3.000000,0.000000,1.000000,1553.000000,438.000000,932.000000,136.000000,161.000000,5.000000,
0.049479,0.993864,0.140138,0.187375,0.324031,0.008547,-208.540421,3.175506,1396036.692073,1161962.769168,2307279.247729,207665.316220,1090450.188011,369.128293,98.837630,210.786375,30.256417,36.307701,85.726516,23.196587,49.418815,7.059831,8.068378,525.453117,141.196615,300.547080,43.367532,51.435910,3.000000,2.000000,3.000000,0.000000,1.000000,0.000000,1.000000,2.000000,0.000000,1.000000,0.000000,1.000000,3.000000,0.000000,1.000000,1553.000000,438.000000,932.000000,136.000000,161.000000,5.000000,
0.049479,0.993864,0.140138,0.187375,0.324031,0.008547,-208.540421,3.175506,1396036.692073,1161962.769168,2307279.247729,207665.316220,1090450.188011,369.128293,98.837630,210.786375,30.256417,36.307701,85.726516,23.196587,49.418815,7.059831,8.068378,525.453117,141.196615,300.547080,43.367532,51.435910,3.000000,2.000000,3.000000,0.000000,1.000000,0.000000,1.000000,2.000000,0.000000,1.000000,0.000000,1.000000,3.000000,0.000000,1.000000,1553.000000,438.000000,932.000000,136.000000,161.000000,5.000000,
0.049479,0.993864,0.140138,0.187375,0.324031,0.008547,-208.540421,3.175506,1396036.692073,1161962.769168,2307279.247729,207665.316220,1090450.188011,369.128293,98.837630,210.786375,30.256417,36.307701,85.726516,23.196587,49.418815,7.059831,8.068378,525.453117,141.196615,300.547080,43.367532,51.435910,3.000000,2.000000,3.000000,0.000000,1.000000,0.000000,1.000000,2.000000,0.000000,1.000000,0.000000,1.000000,3.000000,0.000000,1.000000,1553.000000,438.000000,932.000000,136.000000,161.000000,5.000000,
0.049479,0.993864,0.140138,0.187375,0.324031,0.008547,-208.540421,3.175506,1396036.692073,1161962.769168,2307279.247729,207665.316220,1090450.188011,369.128293,98.837630,210.786375,30.256417,36.307701,85.726516,23.196587,49.418815,7.059831,8.068378,525.453117,141.196615,300.547080,43.367532,51.435910,3.000000,2.000000,3.000000,0.000000,1.000000,0.000000,1.000000,2.000000,0.000000,1.000000,0.000000,1.000000,3.000000,0.000000,1.000000,1553.000000,438.000000,932.000000,136.000000,161.000000,5.000000,
0.049479,0.993864,0.140138,0.187375,0.324031,0.008547,-208.540421,3.175506,1396036.692073,1161962.769168,2307279.247729,207665.316220,1090450.188011,369.128293,98.837630,210.786375,30.256417,36.307701,85.726516,23.196587,49.418815,7.059831,8.068378,525.453117,141.196615,300.547080,43.367532,51.435910,3.000000,2.000000,3.000000,0.000000,1.000000,0.000000,1.000000,2.000000,0.000000,1.000000,0.000000,1.000000,3.000000,0.000000,1.000000,1553.000000,438.000000,932.000000,136.000000,161.000000,5.000000,
0.049479,0.993864,0.140138,0.187375,0.324031,0.008547,-208.540421,3.175506,1396036.692073,1161962.769168,2307279.247729,207665.316220,1090450.188011,369.128293,98.837630,210.786375,30.256417,36.307701,85.726516,23.196587,49.418815,7.059831,8.068378,525.453117,141.196615,300.547080,43.367532,51.435910,3.000000,2.000000,3.000000,0.000000,1.000000,0.000000,1.000000,2.000000,0.000000,1.000000,0.000000,1.000000,3.000000,0.000000,1.000000,1553.000000,438.000000,932.000000,136.000000,161.000000,5.000000,
0.049479,0.993864,0.140138,0.187375,0.324031,0.008547,-208.540421,3.175506,1396036.692073,1161962.769168,2307279.247729,207665.316220,1090450.188011,369.128293,98.837630,210.786375,30.256417,36.307701,85.726516,23.196587,49.418815,7.059831,8.068378,525.453117,141.196615,300.547080,43.367532,51.435910,3.000000,2.000000,3.000000,0.000000,1.000000,0.000000,1.000000,2.000000,0.000000,1.000000,0.000000,1.000000,3.000000,0.000000,1.000000,1553.000000,438.000000,932.000000,136.000000,161.000000,5.000000,
0.049479,0.993864,0.140138,0.187375,0.324031,0.008547,-208.540421,3.175506,1396036.692073,1161962.769168,2307279.247729,207665.316220,1090450.188011,369.128293,98.837630,210.786375,30.256417,36.307701,85.726516,23.196587,49.418815,7.059831,8.068378,525.453117,141.196615,300.547080,43.367532,51.435910,3.000000,2.000000,3.000000,0.000000,1.000000,0.000000,1.000000,2.000000,0.000000,1.000000,0.000000,1.000000,3.000000,0.000000,1.000000,1553.000000,438.000000,932.000000,136.000000,161.000000,5.000000,
0.049479,0.993864,0.140138,0.187375,0.324031,0.008547,-208.540421,3.175506,1396036.692073,1161962.769168,2307279.247729,207665.316220,1090450.188011,369.128293,98.837630,210.786375,30.256417,36.307701,85.726516,23.196587,49.418815,7.059831,8.068378,525.453117,141.196615,300.547080,43.367532,51.435910,3.000000,2.000000,3.000000,0.000000,1.000000,0.000000,1.000000,2.000000,0.000000,1.000000,0.000000,1.000000,3.000000,0.000000,1.000000,1553.000000,438.000000,932.000000,136.000000,161.000000,5.000000,
0.049479,0.993864,0.140138,0.187375,0.324031,0.008547,-208.540421,3.175506,1396036.692073,1161962.769168,2307279.247729,207665.316220,1090450.188011,369.128293,98.837630,210.786375,30.256417,36.307701,85.726516,23.196587,49.418815,7.059831,8.068378,525.453117,141.196615,300.547080,43.367532,51.435910,3.000000,2.000000,3.000000,0.000000,1.000000,0.000000,1.000000,2.000000,0.000000,1.000000,0.000000,1.000000,3.000000,0.000000,1.000000,1553.000000,438.000000,932.000000,136.000000,161.000000,5.000000,
0.049479,0.993864,0.140138,0.187375,0.324031,0.008547,-208.540421,3.175506,1396036.692073,1161962.769168,2307279.247729,207665.316220,1090450.188011,369.128293,98.837630,210.786375,30.256417,36.307701,85.726516,23.196587,49.418815,7.059831,8.068378,525.453117,141.196615,300.547080,43.367532,51.435910,3.000000,2.000000,3.000000,0.000000,1.000000,0.000000,1.000000,2.000000,0.000000,1.000000,0.000000,1.000000,3.000000,0.000000,1.000000,1553.000000,438.000000,932.000000,136.000000,161.000000,5.000000,
0.049479,0.993864,0.140138,0.187375,0.324031,0.008547,-208.540421,3.175506,1396036.692073,1161962.769168,2307279.247729,207665.316220,1090450.188011,369.128293,98.837630,210.786375,30.256417,36.307701,85.726516,23.196587,49.418815,7.059831,8.068378,525.453117,141.196615,300.547080,43.367532,51.435910,3.000000,2.000000,3.000000,0.000000,1.000000,0.000000,1.000000,2.000000,0.000000,1.000000,0.000000,1.000000,3.000000,0.000000,1.000000,1553.000000,438.000000,932.000000,136.000000,161.000000,5.000000,
0.049479,0.993864,0.140138,0.187375,0.324031,0.008547,-208.540421,3.175506,1396036.692073,1161962.769168,2307279.247729,207665.316220,1090450.188011,369.128293,98.837630,210.786375,30.256417,36.307701,85.726516,23.196587,49.418815,7.059831,8.068378,525.453117,141.196615,300.547080,43.367532,51.435910,3.000000,2.000000,3.000000,0.000000,1.000000,0.000000,1.000000,2.000000,0.000000,1.000000,0.000000,1.000000,3.000000,0.000000,1.000000,1553.000000,438.000000,932.000000,136.000000,161.000000,5.000000,
0.049479,0.993864,0.140138,0.187375,0.324031,0.008547,-208.540421,3.175506,1396036.692073,1161962.769168,2307279.247729,207665.316220,1090450.188011,369.128293,98.837630,210.786375,30.256417,36.307701,85.726516,23.196587,49.418815,7.059831,8.068378,525.453117,141.196615,300.547080,43.367532,51.435910,3.000000,2.000000,3.000000,0.000000,1.000000,0.000000,1.000000,2.000000,0.000000,1.000000,0.000000,1.000000,3.000000,0.000000,1.000000,1553.000000,438.000000,932.000000,136.000000,161.000000,5.000000,
0.049479,0.993864,0.140138,0.187375,0.324031,0.008547,-208.540421,3.175506,1396036.692073,1161962.769168,2307279.247729,207665.316220,1090450.188011,369.128293,98.837630,210.786375,30.256417,36.307701,85.726516,23.196587,49.418815,7.059831,8.068378,525.453117,141.196615,300.547080,43.367532,51.435910,3.000000,2.000000,3.000000,0.000000,1.000000,0.000000,1.000000,2.000000,0.000000,1.000000,0.000000,1.000000,3.000000,0.000000,1.000000,1553.000000,438.000000,932.000000,136.000000,161.000000,5.000000,
0.049479,0.993864,0.140138,0.187375,0.324031,0.008547,-208.540421,3.175506,1396036.692073,1161962.769168,2307279.247729,207665.316220,1090450.188011,369.128293,98.837630,210.786375,30.256417,36.307701,85.726516,23.196587,49.418815,7.059831,8.068378,525.453117,141.196615,300.547080,43.367532,51.435910,3.000000,2.000000,3.000000,0.000000,1.000000,0.000000,1.000000,2.000000,0.000000,1.000000,0.000000,1.000000,3.000000,0.000000,1.000000,1553.000000,438.000000,932.000000,136.000000,161.000000,5.000000,
0.049479,0.993864,0.140138,0.187375,0.324031,0.008547,-208.540421,3.175506,1396036.692073,1161962.769168,2307279.247729,207665.316220,1090450.188011,369.128293,98.837630,210.786375,30.256417,36.307701,85.726516,23.196587,49.418815,7.059831,8.068378,525.453117,141.196615,300.547080,43.367532,51.435910,3.000000,2.000000,3.000000,0.000000,1.000000,0.000000,1.000000,2.000000,0.000000,1.000000,0.000000,1.000000,3.000000,0.000000,1.000000,1553.000000,438.000000,932.000000,136.000000,161.000000,5.000000,
0.049479,0.993864,0.140138,0.187375,0.324031,0.008547,-208.540421,3.175506,1396036.692073,1161962.769168,2307279.247729,207665.316220,1090450.188011,369.128293,98.837630,210.786375,30.256417,36.307701,85.726516,23.196587,49.418815,7.059831,8.068378,525.453117,141.196615,300.547080,43.367532,51.435910,3.000000,2.000000,3.000000,0.000000,1.000000,0.000000,1.000000,2.000000,0.000000,1.000000,0.000000,1.000000,3.000000,0.000000,1.000000,1553.000000,438.000000,932.000000,136.000000,161.000000,5.000000,
0.049479,0.993864,0.140138,0.187375,0.324031,0.008547,-208.540421,3.175506,1396036.692073,1161962.769168,2307279.247729,207665.316220,1090450.188011,369.128293,98.837630,210.786375,30.256417,36.307701,85.726516,23.196587,49.418815,7.059831,8.068378,525.453117,141.196615,300.547080,43.367532,51.435910,3.000000,2.000000,3.000000,0.000000,1.000000,0.000000,1.000000,2.000000,0.000000,1.000000,0.000000,1.000000,3.000000,0.000000,1.000000,1553.000000,438.000000,932.000000,136.000000,161.000000,5.000000,
0.049479,0.993864,0.140138,0.187375,0.324031,0.008547,-208.540421,3.175506,1396036.692073,1161962.769168,2307279.247729,207665.316220,1090450.188011,369.128293,98.837630,210.786375,30.256417,36.307701,85.726516,23.196587,49.418815,7.059831,8.068378,525.453117,141.196615,300.547080,43.367532,51.435910,3.000000,2.000000,3.000000,0.000000,1.000000,0.000000,1.000000,2.000000,0.000000,1.000000,0.000000,1.000000,3.000000,0.000000,1.000000,1553.000000,438.000000,932.000000,136.000000,161.000000,5.000000,
0.049479,0.993864,0.140138,0.187375,0.324031,0.008547,-208.540421,3.175506,1396036.692073,1161962.769168,2307279.247729,207665.316220,1090450.188011,369.128293,98.837630,210.786375,30.256417,36.307701,85.726516,23.196587,49.418815,7.059831,8.068378,525.453117,141.196615,300.547080,43.367532,51.435910,3.000000,2.000000,3.000000,0.000000,1.000000,0.000000,1.000000,2.000000,0.000000,1.000000,0.000000,1.000000,3.000000,0.000000,1.000000,1553.000000,438.000000,932.000000,136.000000,161.000000,5.000000,
0.049423,0.994338,0.140535,0.201082,0.297318,0.009198,-208.417218,3.172781,1396036.059397,1161962.599282,2307278.885828,207665.264148,1090450.126176,369.366523,98.901419,210.922414,30.275945,36.331133,85.781843,23.211557,49.450709,7.064387,8.073585,525.792237,141.287741,300.741049,43.395521,51.469106,3.000000,2.000000,3.000000,0.000000,1.000000,0.000000,1.000000,2.000000,0.000000,1.000000,0.000000,1.000000,3.000000,0.000000,1.000000,1553.000000,438.000000,932.000000,136.000000,161.000000,5.000000,
0.049423,0.994338,0.140535,0.201082,0.297318,0.009198,-208.417218,3.172781,1396036.059397,1161962.599282,2307278.885828,207665.264148,1090450.126176,369.366523,98.901419,210.922414,30.275945,36.331133,85.781843,23.211557,49.450709,7.064387,8.073585,525.792237,141.287741,300.741049,43.395521,51.469106,3.000000,2.000000,3.000000,0.000000,1.000000,0.000000,1.000000,2.000000,0.000000,1.000000,0.000000,1.000000,3.000000,0.000000,1.000000,1553.000000,438.000000,932.000000,136.000000,161.000000,5.000000,
0.049423,0.994338,0.140535,0.201082,0.297318,0.009198,-208.417218,3.172781,1396036.059397,1161962.599282,2307278.885828,207665.264148,1090450.126176,369.366523,98.901419,210.922414,30.275945,36.331133,85.781843,23.211557,49.450709,7.064387,8.073585,525.792237,141.287741,300.741049,43.395521,51.469106,3.000000,2.000000,3.000000,0.000000,1.000000,0.000000,1.000000,2.000000,0.000000,1.000000,0.000000,1.000000,3.000000,0.000000,1.000000,1553.000000,438.000000,932.000000,136.000000,161.000000,5.000000,
0.049450,0.988485,0.141181,0.191227,0.311678,0.009204,-209.289850,3.175960,1396036.054119,1161962.597865,2307278.882809,207665.263714,1090450.125660,369.368511,98.901951,210.923548,30.276107,36.331329,85.782304,23.211682,49.450975,7.064425,8.073629,525.795066,141.288501,300.742667,43.395754,51.469383,3.000000,2.000000,3.000000,0.000000,1.000000,0.000000,1.000000,2.000000,0.000000,1.000000,0.000000,1.000000,3.000000,0.000000,1.000000,1553.000000,438.000000,932.000000,136.000000,161.000000,5.000000,
0.049450,0.988485,0.141181,0.191227,0.311678,0.009204,-209.289850,3.175960,1396036.054119,1161962.597865,2307278.882809,207665.263714,1090450.125660,369.368511,98.901951,210.923548,30.276107,36.331329,85.782304,23.211682,49.450975,7.064425,8.073629,525.795066,141.288501,300.742667,43.395754,51.469383,3.000000,2.000000,3.000000,0.000000,1.000000,0.000000,1.000000,2.000000,0.000000,1.000000,0.000000,1.000000,3.000000,0.000000,1.000000,1553.000000,438.000000,932.000000,136.000000,161.000000,5.000000,
0.049438,0.989626,0.141072,0.192917,0.310932,0.009184,-209.003599,3.174902,1396036.072697,1161962.602854,2307278.893436,207665.265243,1090450.127476,369.361515,98.900078,210.919554,30.275534,36.330641,85.780680,23.211243,49.450039,7.064291,8.073476,525.785108,141.285826,300.736972,43.394932,51.468408,3.000000,2.000000,3.000000,0.000000,1.000000,0.000000,1.000000,2.000000,0.000000,1.000000,0.000000,1.000000,3.000000,0.000000,1.000000,1553.000000,438.000000,932.000000,136.000000,161.000000,5.000000,
0.049516,0.992770,0.140160,0.171592,0.356566,0.008243,-208.112414,3.177890,1396036.988049,1161962.848643,2307279.417032,207665.340580,1090450.216939,369.016846,98.807789,210.722734,30.247282,36.296739,85.700634,23.189583,49.403895,7.057699,8.065942,525.294472,141.153985,300.456339,43.354438,51.420380,3.000000,2.000000,3.000000,0.000000,1.000000,0.000000,1.000000,2.000000,0.000000,1.000000,0.000000,1.000000,3.000000,0.000000,1.000000,1553.000000,438.000000,932.000000,136.000000,161.000000,5.000000,
0.049516,0.992770,0.140160,0.171592,0.356566,0.008243,-208.112414,3.177890,1396036.988049,1161962.848643,2307279.417032,207665.340580,1090450.216939,369.016846,98.807789,210.722734,30.247282,36.296739,85.700634,23.189583,49.403895,7.057699,8.065942,525.294472,141.153985,300.456339,43.354438,51.420380,3.000000,2.000000,3.000000,0.000000,1.000000,0.000000,1.000000,2.000000,0.000000,1.000000,0.000000,1.000000,3.000000,0.000000,1.000000,1553.000000,438.000000,932.000000,136.000000,161.000000,5.000000,
0.049516,0.992770,0.140160,0.171592,0.356566,0.008243,-208.112414,3.177890,1396036.988049,1161962.848643,2307279.417032,207665.340580,1090450.216939,369.016846,98.807789,210.722734,30.247282,36.296739,85.700634,23.189583,49.403895,7.057699,8.065942,525.294472,141.153985,300.456339,43.354438,51.420380,3.000000,2.000000,3.000000,0.000000,1.000000,0.000000,1.000000,2.000000,0.000000,1.000000,0.000000,1.000000,3.000000,0.000000,1.000000,1553.000000,438.000000,932.000000,136.000000,161.000000,5.000000,
0.049516,0.992770,0.140160,0.171592,0.356566,0.008243,-208.112414,3.177890,1396036.988049,1161962.848643,2307279.417032,207665.340580,1090450.216939,369.016846,98.807789,210.722734,30.247282,36.296739,85.700634,23.189583,49.403895,7.057699,8.065942,525.294472,141.153985,300.456339,43.354438,51.420380,3.000000,2.000000,3.000000,0.000000,1.000000,0.000000,1.000000,2.000000,0.000000,1.000000,0.000000,1.000000,3.000000,0.000000,1.000000,1553.000000,438.000000,932.000000,136.000000,161.000000,5.000000,
0.049516,0.992770,0.140160,0.171592,0.356566,0.008243,-208.112414,3.177890,1396036.988049,1161962.848643,2307279.417032,207665.340580,1090450.216939,369.016846,98.807789,210.722734,30.247282,36.296739,85.700634,23.189583,49.403895,7.057699,8.065942,525.294472,141.153985,300.456339,43.354438,51.420380,3.000000,2.000000,3.000000,0.000000,1.000000,0.000000,1.000000,2.000000,0.000000,1.000000,0.000000,1.000000,3.000000,0.000000,1.000000,1553.000000,438.000000,932.000000,136.000000,161.000000,5.000000,
0.049516,0.992770,0.140160,0.171592,0.356566,0.008243,-208.112414,3.177890,1396036.988049,1161962.848643,2307279.417032,207665.340580,1090450.216939,369.016846,98.807789,210.722734,30.247282,36.296739,85.700634,23.189583,49.403895,7.057699,8.065942,525.294472,141.153985,300.456339,43.354438,51.420380,3.000000,2.000000,3.000000,0.000000,1.000000,0.000000,1.000000,2.000000,0.000000,1.000000,0.000000,1.000000,3.000000,0.000000,1.000000,1553.000000,438.000000,932.000000,136.000000,161.000000,5.000000,
0.049516,0.992770,0.140160,0.171592,0.356566,0.008243,-208.112414,3.177890,1396036.988049,1161962.848643,2307279.417032,207665.340580,1090450.216939,369.016846,98.807789,210.722734,30.247282,36.296739,85.700634,23.189583,49.403895,7.057699,8.065942,525.294472,141.153985,300.456339,43.354438,51.420380,3.000000,2.000000,3.000000,0.000000,1.000000,0.000000,1.000000,2.000000,0.000000,1.000000,0.000000,1.000000,3.000000,0.000000,1.000000,1553.000000,438.000000,932.000000,136.000000,161.000000,5.000000,
0.049516,0.992770,0.140160,0.171592,0.356566,0.008243,-208.112414,3.177890,1396036.988049,1161962.848643,2307279.417032,207665.340580,1090450.216939,369.016846,98.807789,210.722734,30.247282,36.296739,85.700634,23.189583,49.403895,7.057699,8.065942,525.294472,141.153985,300.456339,43.354438,51.420380,3.000000,2.000000,3.000000,0.000000,1.000000,0.000000,1.000000,2.000000,0.000000,1.000000,0.000000,1.000000,3.000000,0.000000,1.000000,1553.000000,438.000000,932.000000,136.000000,161.000000,5.000000,
0.049516,0.992770,0.140160,0.171592,0.356566,0.008243,-208.112414,3.177890,1396036.988049,1161962.848643,2307279.417032,207665.340580,1090450.216939,369.016846,98.807789,210.722734,30.247282,36.296739,85.700634,23.189583,49.403895,7.057699,8.065942,525.294472,141.153985,300.456339,43.354438,51.420380,3.000000,2.000000,3.000000,0.000000,1.000000,0.000000,1.000000,2.000000,0.000000,1.000000,0.000000,1.000000,3.000000,0.000000,1.000000,1553.000000,438.000000,932.000000,136.000000,161.000000,5.000000,
0.049516,0.992770,0.140160,0.171592,0.356566,0.008243,-208.112414,3.177890,1396036.988049,1161962.848643,2307279.417032,207665.340580,1090450.216939,369.016846,98.807789,210.722734,30.247282,36.296739,85.700634,23.189583,49.403895,7.057699,8.065942,525.294472,141.153985,300.456339,43.354438,51.420380,3.000000,2.000000,3.000000,0.000000,1.000000,0.000000,1.000000,2.000000,0.000000,1.000000,0.000000,1.000000,3.000000,0.000000,1.000000,1553.000000,438.000000,932.000000,136.000000,161.000000,5.000000,
0.049525,0.995149,0.140315,0.166355,0.369891,0.007560,-207.246530,3.178850,1396037.652004,1161963.026927,2307279.796825,207665.395227,1090450.281832,368.766838,98.740847,210.579970,30.226790,36.272148,85.642572,23.173872,49.370424,7.052918,8.060477,524.938587,141.058353,300.252781,43.325066,51.385543,3.000000,2.000000,3.000000,0.000000,1.000000,0.000000,1.000000,2.000000,0.000000,1.000000,0.000000,1.000000,3.000000,0.000000,1.000000,1553.000000,438.000000,932.000000,136.000000,161.000000,5.000000,
0.049485,0.999161,0.141049,0.180600,0.340675,0.007771,-206.372958,3.177920,1396037.446793,1161962.971824,2307279.679441,207665.378337,1090450.261775,368.844109,98.761537,210.624095,30.233124,36.279748,85.660517,23.178728,49.380769,7.054396,8.062166,525.048581,141.087911,300.315695,43.334144,51.396310,3.000000,2.000000,3.000000,0.000000,1.000000,0.000000,1.000000,2.000000,0.000000,1.000000,0.000000,1.000000,3.000000,0.000000,1.000000,1553.000000,438.000000,932.000000,136.000000,161.000000,5.000000,
0.049485,0.999161,0.141049,0.180600,0.340675,0.007771,-206.372958,3.177920,1396037.446793,1161962.971824,2307279.679441,207665.378337,1090450.261775,368.844109,98.761537,210.624095,30.233124,36.279748,85.660517,23.178728,49.380769,7.054396,8.062166,525.048581,141.087911,300.315695,43.334144,51.396310,3.000000,2.000000,3.000000,0.000000,1.000000,0.000000,1.000000,2.000000,0.000000,1.000000,0.000000,1.000000,3.000000,0.000000,1.000000,1553.000000,438.000000,932.000000,136.000000,161.000000,5.000000,
0.049485,0.999161,0.141049,0.180600,0.340675,0.007771,-206.372958,3.177920,1396037.446793,1161962.971824,2307279.679441,207665.378337,1090450.261775,368.844109,98.761537,210.624095,30.233124,36.279748,85.660517,23.178728,49.380769,7.054396,8.062166,525.048581,141.087911,300.315695,43.334144,51.396310,3.000000,2.000000,3.000000,0.000000,1.000000,0.000000,1.000000,2.000000,0.000000,1.000000,0.000000,1.000000,3.000000,0.000000,1.000000,1553.000000,438.000000,932.000000,136.000000,161.000000,5.000000,
0.049485,0.999161,0.141049,0.180600,0.340675,0.007771,-206.372958,3.177920,1396037.446793,1161962.971824,2307279.679441,207665.378337,1090450.261775,368.844109,98.761537,210.624095,30.233124,36.279748,85.660517,23.178728,49.380769,7.054396,8.062166,525.048581,141.087911,300.315695,43.334144,51.396310,3.000000,2.000000,3.000000,0.000000,1.000000,0.000000,1.000000,2.000000,0.000000,1.000000,0.000000,1.000000,3.000000,0.000000,1.000000,1553.000000,438.000000,932.000000,136.000000,161.000000,5.000000,
0.049485,0.999161,0.141049,0.180600,0.340675,0.007771,-206.372958,3.177920,1396037.446793,1161962.971824,2307279.679441,207665.378337,1090450.261775,368.844109,98.761537,210.624095,30.233124,36.279748,85.660517,23.178728,49.380769,7.054396,8.062166,525.048581,141.087911,300.315695,43.334144,51.396310,3.000000,2.000000,3.000000,0.000000,1.000000,0.000000,1.000000,2.000000,0.000000,1.000000,0.000000,1.000000,3.000000,0.000000,1.000000,1553.000000,438.000000,932.000000,136.000000,161.000000,5.000000,
0.049485,0.999161,0.141049,0.180600,0.340675,0.007771,-206.372958,3.177920,1396037.446793,1161962.971824,2307279.679441,207665.378337,1090450.261775,368.844109,98.761537,210.624095,30.233124,36.279748,85.660517,23.178728,49.380769,7.054396,8.062166,525.048581,141.087911,300.315695,43.334144,51.396310,3.000000,2.000000,3.000000,0.000000,1.000000,0.000000,1.000000,2.000000,0.000000,1.000000,0.000000,1.000000,3.000000,0.000000,1.000000,1553.000000,438.000000,932.000000,136.000000,161.000000,5.000000,
0.049485,0.999161,0.141049,0.180600,0.340675,0.007771,-206.372958,3.177920,1396037.446793,1161962.971824,2307279.679441,207665.378337,1090450.261775,368.844109,98.761537,210.624095,30.233124,36.279748,85.660517,23.178728,49.380769,7.054396,8.062166,525.048581,141.087911,300.315695,43.334144,51.396310,3.000000,2.000000,3.000000,0.000000,1.000000,0.000000,1.000000,2.000000,0.000000,1.000000,0.000000,1.000000,3.000000,0.000000,1.000000,1553.000000,438.000000,932.000000,136.000000,161.000000,5.000000,
0.049485,0.999161,0.141049,0.180600,0.340675,0.007771,-206.372958,3.177920,1396037.446793,1161962.971824,2307279.679441,207665.378337,1090450.261775,368.844109,98.761537,210.624095,30.233124,36.279748,85.660517,23.178728,49.380769,7.054396,8.062166,525.048581,141.087911,300.315695,43.334144,51.396310,3.000000,2.000000,3.000000,0.000000,1.000000,0.000000,1.000000,2.000000,0.000000,1.000000,0.000000,1.000000,3.000000,0.000000,1.000000,1553.000000,438.000000,932.000000,136.000000,161.000000,5.000000,
0.049485,0.999161,0.141049,0.180600,0.340675,0.007771,-206.372958,3.177920,1396037.446793,1161962.971824,2307279.679441,207665.378337,1090450.261775,368.844109,98.761537,210.624095,30.233124,36.279748,85.660517,23.178728,49.380769,7.054396,8.062166,525.048581,141.087911,300.315695,43.334144,51.396310,3.000000,2.000000,3.000000,0.000000,1.000000,0.000000,1.000000,2.000000,0.000000,1.000000,0.000000,1.000000,3.000000,0.000000,1.000000,1553.000000,438.000000,932.000000,136.000000,161.000000,5.000000,
0.049485,0.999161,0.141049,0.180600,0.340675,0.007771,-206.372958,3.177920,1396037.446793,1161962.971824,2307279.679441,207665.378337,1090450.261775,368.844109,98.761537,210.624095,30.233124,36.279748,85.660517,23.178728,49.380769,7.054396,8.062166,525.048581,141.087911,300.315695,43.334144,51.396310,3.000000,2.000000,3.000000,0.000000,1.000000,0.000000,1.000000,2.000000,0.000000,1.000000,0.000000,1.000000,3.000000,0.000000,1.000000,1553.000000,438.000000,932.000000,136.000000,161.000000,5.000000,
0.049485,0.999161,0.141049,0.180600,0.340675,0.007771,-206.372958,3.177920,1396037.446793,1161962.971824,2307279.679441,207665.378337,1090450.261775,368.844109,98.761537,210.624095,30.233124,36.279748,85.660517,23.178728,49.380769,7.054396,8.062166,525.048581,141.087911,300.315695,43.334144,51.396310,3.000000,2.000000,3.000000,0.000000,1.000000,0.000000,1.000000,2.000000,0.000000,1.000000,0.000000,1.000000,3.000000,0.000000,1.000000,1553.000000,438.000000,932.000000,136.000000,161.000000,5.000000,
0.049485,0.999161,0.141049,0.180600,0.340675,0.007771,-206.372958,3.177920,1396037.446793,1161962.971824,2307279.679441,207665.378337,1090450.261775,368.844109,98.761537,210.624095,30.233124,36.279748,85.660517,23.178728,49.380769,7.054396,8.062166,525.048581,141.087911,300.315695,43.334144,51.396310,3.000000,2.000000,3.000000,0.000000,1.000000,0.000000,1.000000,2.000000,0.000000,1.000000,0.000000,1.000000,3.000000,0.000000,1.000000,1553.000000,438.000000,932.000000,136.000000,161.000000,5.000000,
0.049485,0.999161,0.141049,0.180600,0.340675,0.007771,-206.372958,3.177920,1396037.446793,1161962.971824,2307279.679441,207665.378337,1090450.261775,368.844109,98.761537,210.624095,30.233124,36.279748,85.660517,23.178728,49.380769,7.054396,8.062166,525.048581,141.087911,300.315695,43.334144,51.396310,3.000000,2.000000,3.000000,0.000000,1.000000,0.000000,1.000000,2.000000,0.000000,1.000000,0.000000,1.000000,3.000000,0.000000,1.000000,1553.000000,438.000000,932.000000,136.000000,161.000000,5.000000,
0.049485,0.999161,0.141049,0.180600,0.340675,0.007771,-206.372958,3.177920,1396037.446793,1161962.971824,2307279.679441,207665.378337,1090450.261775,368.844109,98.761537,210.624095,30.233124,36.279748,85.660517,23.178728,49.380769,7.054396,8.062166,525.048581,141.087911,300.315695,43.334144,51.396310,3.000000,2.000000,3.000000,0.000000,1.000000,0.000000,1.000000,2.000000,0.000000,1.000000,0.000000,1.000000,3.000000,0.000000,1.000000,1553.000000,438.000000,932.000000,136.000000,161.000000,5.000000,
0.049485,0.999161,0.141049,0.180600,0.340675,0.007771,-206.372958,3.177920,1396037.446793,1161962.971824,2307279.679441,207665.378337,1090450.261775,368.844109,98.761537,210.624095,30.233124,36.279748,85.660517,23.178728,49.380769,7.054396,8.062166,525.048581,141.087911,300.315695,43.334144,51.396310,3.000000,2.000000,3.000000,0.000000,1.000000,0.000000,1.000000,2.000000,0.000000,1.000000,0.000000,1.000000,3.000000,0.000000,1.000000,1553.000000,438.000000,932.000000,136.000000,161.000000,5.000000,
0.049485,0.999161,0.141049,0.180600,0.340675,0.007771,-206.372958,3.177920,1396037.446793,1161962.971824,2307279.679441,207665.378337,1090450.261775,368.844109,98.761537,210.624095,30.233124,36.279748,85.660517,23.178728,49.380769,7.054396,8.062166,525.048581,141.087911,300.315695,43.334144,51.396310,3.000000,2.000000,3.000000,0.000000,1.000000,0.000000,1.000000,2.000000,0.000000,1.000000,0.000000,1.000000,3.000000,0.000000,1.000000,1553.000000,438.000000,932.000000,136.000000,161.000000,5.000000,
0.049485,0.999161,0.141049,0.180600,0.340675,0.007771,-206.372958,3.177920,1396037.446793,1161962.971824,2307279.679441,207665.378337,1090450.261775,368.844109,98.761537,210.624095,30.233124,36.279748,85.660517,23.178728,49.380769,7.054396,8.062166,525.048581,141.087911,300.315695,43.334144,51.396310,3.000000,2.000000,3.000000,0.000000,1.000000,0.000000,1.000000,2.000000,0.000000,1.000000,0.000000,1.000000,3.000000,0.000000,1.000000,1553.000000,438.000000,932.000000,136.000000,161.000000,5.000000,
0.049485,0.999161,0.141049,0.180600,0.340675,0.007771,-206.372958,3.177920,1396037.446793,1161962.971824,2307279.679441,207665.378337,1090450.261775,368.844109,98.761537,210.624095,30.233124,36.279748,85.660517,23.178728,49.380769,7.054396,8.062166,525.048581,141.087911,300.315695,43.334144,51.396310,3.000000,2.000000,3.000000,0.000000,1.000000,0.000000,1.000000,2.000000,0.000000,1.000000,0.000000,1.000000,3.000000,0.000000,1.000000,1553.000000,438.000000,932.000000,136.000000,161.000000,5.000000,
0.049485,0.999161,0.141049,0.180600,0.340675,0.007771,-206.372958,3.177920,1396037.446793,1161962.971824,2307279.679441,207665.378337,1090450.261775,368.844109,98.761537,210.624095,30.233124,36.279748,85.660517,23.178728,49.380769,7.054396,8.062166,525.048581,141.087911,300.315695,43.334144,51.396310,3.000000,2.000000,3.000000,0.000000,1.000000,0.000000,1.000000,2.000000,0.000000,1.000000,0.000000,1.000000,3.000000,0.000000,1.000000,1553.000000,438.000000,932.000000,136.000000,161.000000,5.000000,
0.049485,0.999161,0.141049,0.180600,0.340675,0.007771,-206.372958,3.177920,1396037.446793,1161962.971824,2307279.679441,207665.378337,1090450.261775,368.844109,98.761537,210.624095,30.233124,36.279748,85.660517,23.178728,49.380769,7.054396,8.062166,525.048581,141.087911,300.315695,43.334144,51.396310,3.000000,2.000000,3.000000,0.000000,1.000000,0.000000,1.000000,2.000000,0.000000,1.000000,0.000000,1.000000,3.000000,0.000000,1.000000,1553.000000,438.000000,932.000000,136.000000,161.000000,5.000000,
0.049485,0.999161,0.141049,0.180600,0.340675,0.007771,-206.372958,3.177920,1396037.446793,1161962.971824,2307279.679441,207665.378337,1090450.261775,368.844109,98.761537,210.624095,30.233124,36.279748,85.660517,23.178728,49.380769,7.054396,8.062166,525.048581,141.087911,300.315695,43.334144,51.396310,3.000000,2.000000,3.000000,0.000000,1.000000,0.000000,1.000000,2.000000,0.000000,1.000000,0.000000,1.000000,3.000000,0.000000,1.000000,1553.000000,438.000000,932.000000,136.000000,161.000000,5.000000,
0.049485,0.999161,0.141049,0.180600,0.340675,0.007771,-206.372958,3.177920,1396037.446793,1161962.971824,2307279.679441,207665.378337,1090450.261775,368.844109,98.761537,210.624095,30.233124,36.279748,85.660517,23.178728,49.380769,7.054396,8.062166,525.048581,141.087911,300.315695,43.334144,51.396310,3.000000,2.000000,3.000000,0.000000,1.000000,0.000000,1.000000,2.000000,0.000000,1.000000,0.000000,1.000000,3.000000,0.000000,1.000000,1553.000000,438.000000,932.000000,136.000000,161.000000,5.000000,
0.049485,0.999161,0.141049,0.180600,0.340675,0.007771,-206.372958,3.177920,1396037.446793,1161962.971824,2307279.679441,207665.378337,1090450.261775,368.844109,98.761537,210.624095,30.233124,36.279748,85.660517,23.178728,49.380769,7.054396,8.062166,525.048581,141.087911,300.315695,43.334144,51.396310,3.000000,2.000000,3.000000,0.000000,1.000000,0.000000,1.000000,2.000000,0.000000,1.000000,0.000000,1.000000,3.000000,0.000000,1.000000,1553.000000,438.000000,932.000000,136.000000,161.000000,5.000000,
0.049485,0.999161,0.141049,0.180600,0.340675,0.007771,-206.372958,3.177920,1396037.446793,1161962.971824,2307279.679441,207665.378337,1090450.261775,368.844109,98.761537,210.624095,30.233124,36.279748,85.660517,23.178728,49.380769,7.054396,8.062166,525.048581,141.087911,300.315695,43.334144,51.396310,3.000000,2.000000,3.000000,0.000000,1.000000,0.000000,1.000000,2.000000,0.000000,1.000000,0.000000,1.000000,3.000000,0.000000,1.000000,1553.000000,438.000000,932.000000,136.000000,161.000000,5.000000,
0.049485,0.999161,0.141049,0.180600,0.340675,0.007771,-206.372958,3.177920,1396037.446793,1161962.971824,2307279.679441,207665.378337,1090450.261775,368.844109,98.761537,210.624095,30.233124,36.279748,85.660517,23.178728,49.380769,7.054396,8.062166,525.048581,141.087911,300.315695,43.334144,51.396310,3.000000,2.000000,3.000000,0.000000,1.000000,0.000000,1.000000,2.000000,0.000000,1.000000,0.000000,1.000000,3.000000,0.000000,1.000000,1553.000000,438.000000,932.000000,136.000000,161.000000,5.000000,
0.049495,0.993140,0.142528,0.181174,0.328395,0.007235,-207.558788,3.181835,1396037.967904,1161963.111752,2307279.977525,207665.421227,1090450.312707,368.647888,98.708997,210.512045,30.217040,36.260448,85.614947,23.166397,49.354499,7.050643,8.057877,524.769262,141.012853,300.155931,43.311091,51.368968,3.000000,2.000000,3.000000,0.000000,1.000000,0.000000,1.000000,2.000000,0.000000,1.000000,0.000000,1.000000,3.000000,0.000000,1.000000,1553.000000,438.000000,932.000000,136.000000,161.000000,5.000000,
0.049495,0.993140,0.142528,0.181174,0.328395,0.007235,-207.558788,3.181835,1396037.967904,1161963.111752,2307279.977525,207665.421227,1090450.312707,368.647888,98.708997,210.512045,30.217040,36.260448,85.614947,23.166397,49.354499,7.050643,8.057877,524.769262,141.012853,300.155931,43.311091,51.368968,3.000000,2.000000,3.000000,0.000000,1.000000,0.000000,1.000000,2.000000,0.000000,1.000000,0.000000,1.000000,3.000000,0.000000,1.000000,1553.000000,438.000000,932.000000,136.000000,161.000000,5.000000,
0.049536,0.992627,0.141157,0.170865,0.353589,0.006686,-207.778808,3.181429,1396038.501367,1161963.254997,2307280.282675,207665.465133,1090450.364846,368.447016,98.655212,210.397340,30.200575,36.240690,85.568296,23.153774,49.327606,7.046801,8.053487,524.483321,140.936017,299.992379,43.287491,51.340978,3.000000,2.000000,3.000000,0.000000,1.000000,0.000000,1.000000,2.000000,0.000000,1.000000,0.000000,1.000000,3.000000,0.000000,1.000000,1553.000000,438.000000,932.000000,136.000000,161.000000,5.000000,
0.049536,0.992627,0.141157,0.170865,0.353589,0.006686,-207.778808,3.181429,1396038.501367,1161963.254997,2307280.282675,207665.465133,1090450.364846,368.447016,98.655212,210.397340,30.200575,36.240690,85.568296,23.153774,49.327606,7.046801,8.053487,524.483321,140.936017,299.992379,43.287491,51.340978,3.000000,2.000000,3.000000,0.000000,1.000000,0.000000,1.000000,2.000000,0.000000,1.000000,0.000000,1.000000,3.000000,0.000000,1.000000,1553.000000,438.000000,932.000000,136.000000,161.000000,5.000000,
0.049536,0.992627,0.141157,0.170865,0.353589,0.006686,-207.778808,3.181429,1396038.501367,1161963.254997,2307280.282675,207665.465133,1090450.364846,368.447016,98.655212,210.397340,30.200575,36.240690,85.568296,23.153774,49.327606,7.046801,8.053487,524.483321,140.936017,299.992379,43.287491,51.340978,3.000000,2.000000,3.000000,0.000000,1.000000,0.000000,1.000000,2.000000,0.000000,1.000000,0.000000,1.000000,3.000000,0.000000,1.000000,1553.000000,438.000000,932.000000,136.000000,161.000000,5.000000,
0.049536,0.992627,0.141157,0.170865,0.353589,0.006686,-207.778808,3.181429,1396038.501367,1161963.254997,2307280.282675,207665.465133,1090450.364846,368.447016,98.655212,210.397340,30.200575,36.240690,85.568296,23.153774,49.327606,7.046801,8.053487,524.483321,140.936017,299.992379,43.287491,51.340978,3.000000,2.000000,3.000000,0.000000,1.000000,0.000000,1.000000,2.000000,0.000000,1.000000,0.000000,1.000000,3.000000,0.000000,1.000000,1553.000000,438.000000,932.000000,136.000000,161.000000,5.000000,
0.049536,0.992627,0.141157,0.170865,0.353589,0.006686,-207.778808,3.181429,1396038.501367,1161963.254997,2307280.282675,207665.465133,1090450.364846,368.447016,98.655212,210.397340,30.200575,36.240690,85.568296,23.153774,49.327606,7.046801,8.053487,524.483321,140.936017,299.992379,43.287491,51.340978,3.000000,2.000000,3.000000,0.000000,1.000000,0.000000,1.000000,2.000000,0.000000,1.000000,0.000000,1.000000,3.000000,0.000000,1.000000,1553.000000,438.000000,932.000000,136.000000,161.000000,5.000000,
0.049515,0.994427,0.141600,0.180665,0.333032,0.005825,-207.275429,3.181087,1396039.338398,1161963.479755,2307280.761470,207665.534024,1090450.446654,368.131838,98.570820,210.217361,30.174741,36.209689,85.495099,23.133968,49.285410,7.040773,8.046598,524.034665,140.815457,299.735759,43.250462,51.297059,3.000000,2.000000,3.000000,0.000000,1.000000,0.000000,1.000000,2.000000,0.000000,1.000000,0.000000,1.000000,3.000000,0.000000,1.000000,1553.000000,438.000000,932.000000,136.000000,161.000000,5.000000,
0.049515,0.994427,0.141600,0.180665,0.333032,0.005825,-207.275429,3.181087,1396039.338398,1161963.479755,2307280.761470,207665.534024,1090450.446654,368.131838,98.570820,210.217361,30.174741,36.209689,85.495099,23.133968,49.285410,7.040773,8.046598,524.034665,140.815457,299.735759,43.250462,51.297059,3.000000,2.000000,3.000000,0.000000,1.000000,0.000000,1.000000,2.000000,0.000000,1.000000,0.000000,1.000000,3.000000,0.000000,1.000000,1553.000000,438.000000,932.000000,136.000000,161.000000,5.000000,
0.049515,0.994427,0.141600,0.180665,0.333032,0.005825,-207.275429,3.181087,1396039.338398,1161963.479755,2307280.761470,207665.534024,1090450.446654,368.131838,98.570820,210.217361,30.174741,36.209689,85.495099,23.133968,49.285410,7.040773,8.046598,524.034665,140.815457,299.735759,43.250462,51.297059,3.000000,2.000000,3.000000,0.000000,1.000000,0.000000,1.000000,2.000000,0.000000,1.000000,0.000000,1.000000,3.000000,0.000000,1.000000,1553.000000,438.000000,932.000000,136.000000,161.000000,5.000000,
0.049515,0.994427,0.141600,0.180665,0.333032,0.005825,-207.275429,3.181087,1396039.338398,1161963.479755,2307280.761470,207665.534024,1090450.446654,368.131838,98.570820,210.217361,30.174741,36.209689,85.495099,23.133968,49.285410,7.040773,8.046598,524.034665,140.815457,299.735759,43.250462,51.297059,3.000000,2.000000,3.000000,0.000000,1.000000,0.000000,1.000000,2.000000,0.000000,1.000000,0.000000,1.000000,3.000000,0.000000,1.000000,1553.000000,438.000000,932.000000,136.000000,161.000000,5.000000,
0.049515,0.994427,0.141600,0.180665,0.333032,0.005825,-207.275429,3.181087,1396039.338398,1161963.479755,2307280.761470,207665.534024,1090450.446654,368.131838,98.570820,210.217361,30.174741,36.209689,85.495099,23.133968,49.285410,7.040773,8.046598,524.034665,140.815457,299.735759,43.250462,51.297059,3.000000,2.000000,3.000000,0.000000,1.000000,0.000000,1.000000,2.000000,0.000000,1.000000,0.000000,1.000000,3.000000,0.000000,1.000000,1553.000000,438.000000,932.000000,136.000000,161.000000,5.000000,
0.049515,0.994427,0.141600,0.180665,0.333032,0.005825,-207.275429,3.181087,1396039.338398,1161963.479755,2307280.761470,207665.534024,1090450.446654,368.131838,98.570820,210.217361,30.174741,36.209689,85.495099,23.133968,49.285410,7.040773,8.046598,524.034665,140.815457,299.735759,43.250462,51.297059,3.000000,2.000000,3.000000,0.000000,1.000000,0.000000,1.000000,2.000000,0.000000,1.000000,0.000000,1.000000,3.000000,0.000000,1.000000,1553.000000,438.000000,932.000000,136.000000,161.000000,5.000000,
0.049515,0.994427,0.141600,0.180665,0.333032,0.005825,-207.275429,3.181087,1396039.338398,1161963.479755,2307280.761470,207665.534024,1090450.446654,368.131838,98.570820,210.217361,30.174741,36.209689,85.495099,23.133968,49.285410,7.040773,8.046598,524.034665,140.815457,299.735759,43.250462,51.297059,3.000000,2.000000,3.000000,0.000000,1.000000,0.000000,1.000000,2.000000,0.000000,1.000000,0.000000,1.000000,3.000000,0.000000,1.000000,1553.000000,438.000000,932.000000,136.000000,161.000000,5.000000,
0.049515,0.994427,0.141600,0.180665,0.333032,0.005825,-207.275429,3.181087,1396039.338398,1161963.479755,2307280.761470,207665.534024,1090450.446654,368.131838,98.570820,210.217361,30.174741,36.209689,85.495099,23.133968,49.285410,7.040773,8.046598,524.034665,140.815457,299.735759,43.250462,51.297059,3.000000,2.000000,3.000000,0.000000,1.000000,0.000000,1.000000,2.000000,0.000000,1.000000,0.000000,1.000000,3.000000,0.000000,1.000000,1553.000000,438.000000,932.000000,136.000000,161.000000,5.000000,
0.049530,0.993119,0.141165,0.173826,0.346920,0.005546,-207.589274,3.181072,1396039.609102,1161963.552444,2307280.916318,207665.556305,1090450.473112,368.029906,98.543527,210.159154,30.166386,36.199663,85.471426,23.127562,49.271763,7.038823,8.044370,523.889566,140.776467,299.652765,43.238486,51.282856,3.000000,2.000000,3.000000,0.000000,1.000000,0.000000,1.000000,2.000000,0.000000,1.000000,0.000000,1.000000,3.000000,0.000000,1.000000,1553.000000,438.000000,932.000000,136.000000,161.000000,5.000000,
0.049530,0.993119,0.141165,0.173826,0.346920,0.005546,-207.589274,3.181072,1396039.609102,1161963.552444,2307280.916318,207665.556305,1090450.473112,368.029906,98.543527,210.159154,30.166386,36.199663,85.471426,23.127562,49.271763,7.038823,8.044370,523.889566,140.776467,299.652765,43.238486,51.282856,3.000000,2.000000,3.000000,0.000000,1.000000,0.000000,1.000000,2.000000,0.000000,1.000000,0.000000,1.000000,3.000000,0.000000,1.000000,1553.000000,438.000000,932.000000,136.000000,161.000000,5.000000,
0.049530,0.993119,0.141165,0.173826,0.346920,0.005546,-207.589274,3.181072,1396039.609102,1161963.552444,2307280.916318,207665.556305,1090450.473112,368.029906,98.543527,210.159154,30.166386,36.199663,85.471426,23.127562,49.271763,7.038823,8.044370,523.889566,140.776467,299.652765,43.238486,51.282856,3.000000,2.000000,3.000000,0.000000,1.000000,0.000000,1.000000,2.000000,0.000000,1.000000,0.000000,1.000000,3.000000,0.000000,1.000000,1553.000000,438.000000,932.000000,136.000000,161.000000,5.000000,
0.049530,0.993119,0.141165,0.173826,0.346920,0.005546,-207.589274,3.181072,1396039.609102,1161963.552444,2307280.916318,207665.556305,1090450.473112,368.029906,98.543527,210.159154,30.166386,36.199663,85.471426,23.127562,49.271763,7.038823,8.044370,523.889566,140.776467,299.652765,43.238486,51.282856,3.000000,2.000000,3.000000,0.000000,1.000000,0.000000,1.000000,2.000000,0.000000,1.000000,0.000000,1.000000,3.000000,0.000000,1.000000,1553.000000,438.000000,932.000000,136.000000,161.000000,5.000000,
0.049530,0.993119,0.141165,0.173826,0.346920,0.005546,-207.589274,3.181072,1396039.609102,1161963.552444,2307280.916318,207665.556305,1090450.473112,368.029906,98.543527,210.159154,30.166386,36.199663,85.471426,23.127562,49.271763,7.038823,8.044370,523.889566,140.776467,299.652765,43.238486,51.282856,3.000000,2.000000,3.000000,0.000000,1.000000,0.000000,1.000000,2.000000,0.000000,1.000000,0.000000,1.000000,3.000000,0.000000,1.000000,1553.000000,438.000000,932.000000,136.000000,161.000000,5.000000,
0.049530,0.993119,0.141165,0.173826,0.346920,0.005546,-207.589274,3.181072,1396039.609102,1161963.552444,2307280.916318,207665.556305,1090450.473112,368.029906,98.543527,210.159154,30.166386,36.199663,85.471426,23.127562,49.271763,7.038823,8.044370,523.889566,140.776467,299.652765,43.238486,51.282856,3.000000,2.000000,3.000000,0.000000,1.000000,0.000000,1.000000,2.000000,0.000000,1.000000,0.000000,1.000000,3.000000,0.000000,1.000000,1553.000000,438.000000,932.000000,136.000000,161.000000,5.000000,
0.049530,0.993119,0.141165,0.173826,0.346920,0.005546,-207.589274,3.181072,1396039.609102,1161963.552444,2307280.916318,207665.556305,1090450.473112,368.029906,98.543527,210.159154,30.166386,36.199663,85.471426,23.127562,49.271763,7.038823,8.044370,523.889566,140.776467,299.652765,43.238486,51.282856,3.000000,2.000000,3.000000,0.000000,1.000000,0.000000,1.000000,2.000000,0.000000,1.000000,0.000000,1.000000,3.000000,0.000000,1.000000,1553.000000,438.000000,932.000000,136.000000,161.000000,5.000000,
0.049530,0.993119,0.141165,0.173826,0.346920,0.005546,-207.589274,3.181072,1396039.609102,1161963.552444,2307280.916318,207665.556305,1090450.473112,368.029906,98.543527,210.159154,30.166386,36.199663,85.471426,23.127562,49.271763,7.038823,8.044370,523.889566,140.776467,299.652765,43.238486,51.282856,3.000000,2.000000,3.000000,0.000000,1.000000,0.000000,1.000000,2.000000,0.000000,1.000000,0.000000,1.000000,3.000000,0.000000,1.000000,1553.000000,438.000000,932.000000,136.000000,161.000000,5.000000,
0.049530,0.993119,0.141165,0.173826,0.346920,0.005546,-207.589274,3.181072,1396039.609102,1161963.552444,2307280.916318,207665.556305,1090450.473112,368.029906,98.543527,210.159154,30.166386,36.199663,85.471426,23.127562,49.271763,7.038823,8.044370,523.889566,140.776467,299.652765,43.238486,51.282856,3.000000,2.000000,3.000000,0.000000,1.000000,0.000000,1.000000,2.000000,0.000000,1.000000,0.000000,1.000000,3.000000,0.000000,1.000000,1553.000000,438.000000,932.000000,136.000000,161.000000,5.000000,
0.049530,0.993119,0.141165,0.173826,0.346920,0.005546,-207.589274,3.181072,1396039.609102,1161963.552444,2307280.916318,207665.556305,1090450.473112,368.029906,98.543527,210.159154,30.166386,36.199663,85.471426,23.127562,49.271763,7.038823,8.044370,523.889566,140.776467,299.652765,43.238486,51.282856,3.000000,2.000000,3.000000,0.000000,1.000000,0.000000,1.000000,2.000000,0.000000,1.000000,0.000000,1.000000,3.000000,0.000000,1.000000,1553.000000,438.000000,932.000000,136.000000,161.000000,5.000000,
0.049530,0.993119,0.141165,0.173826,0.346920,0.005546,-207.589274,3.181072,1396039.609102,1161963.552444,2307280.916318,207665.556305,1090450.473112,368.029906,98.543527,210.159154,30.166386,36.199663,85.471426,23.127562,49.271763,7.038823,8.044370,523.889566,140.776467,299.652765,43.238486,51.282856,3.000000,2.000000,3.000000,0.000000,1.000000,0.000000,1.000000,2.000000,0.000000,1.000000,0.000000,1.000000,3.000000,0.000000,1.000000,1553.000000,438.000000,932.000000,136.000000,161.000000,5.000000,
0.049530,0.993119,0.141165,0.173826,0.346920,0.005546,-207.589274,3.181072,1396039.609102,1161963.552444,2307280.916318,207665.556305,1090450.473112,368.029906,98.543527,210.159154,30.166386,36.199663,85.471426,23.127562,49.271763,7.038823,8.044370,523.889566,140.776467,299.652765,43.238486,51.282856,3.000000,2.000000,3.000000,0.000000,1.000000,0.000000,1.000000,2.000000,0.000000,1.000000,0.000000,1.000000,3.000000,0.000000,1.000000,1553.000000,438.000000,932.000000,136.000000,161.000000,5.000000,
0.049530,0.993119,0.141165,0.173826,0.346920,0.005546,-207.589274,3.181072,1396039.609102,1161963.552444,2307280.916318,207665.556305,1090450.473112,368.029906,98.543527,210.159154,30.166386,36.199663,85.471426,23.127562,49.271763,7.038823,8.044370,523.889566,140.776467,299.652765,43.238486,51.282856,3.000000,2.000000,3.000000,0.000000,1.000000,0.000000,1.000000,2.000000,0.000000,1.000000,0.000000,1.000000,3.000000,0.000000,1.000000,1553.000000,438.000000,932.000000,136.000000,161.000000,5.000000,
0.049530,0.993119,0.141165,0.173826,0.346920,0.005546,-207.589274,3.181072,1396039.609102,1161963.552444,2307280.916318,207665.556305,1090450.473112,368.029906,98.543527,210.159154,30.166386,36.199663,85.471426,23.127562,49.271763,7.038823,8.044370,523.889566,140.776467,299.652765,43.238486,51.282856,3.000000,2.000000,3.000000,0.000000,1.000000,0.000000,1.000000,2.000000,0.000000,1.000000,0.000000,1.000000,3.000000,0.000000,1.000000,1553.000000,438.000000,932.000000,136.000000,161.000000,5.000000,
0.049530,0.993119,0.141165,0.173826,0.346920,0.005546,-207.589274,3.181072,1396039.609102,1161963.552444,2307280.916318,207665.556305,1090450.473112,368.029906,98.543527,210.159154,30.166386,36.199663,85.471426,23.127562,49.271763,7.038823,8.044370,523.889566,140.776467,299.652765,43.238486,51.282856,3.000000,2.000000,3.000000,0.000000,1.000000,0.000000,1.000000,2.000000,0.000000,1.000000,0.000000,1.000000,3.000000,0.000000,1.000000,1553.000000,438.000000,932.000000,136.000000,161.000000,5.000000,
0.049530,0.993119,0.141165,0.173826,0.346920,0.005546,-207.589274,3.181072,1396039.609102,1161963.552444,2307280.916318,207665.556305,1090450.473112,368.029906,98.543527,210.159154,30.166386,36.199663,85.471426,23.127562,49.271763,7.038823,8.044370,523.889566,140.776467,299.652765,43.238486,51.282856,3.000000,2.000000,3.000000,0.000000,1.000000,0.000000,1.000000,2.000000,0.000000,1.000000,0.000000,1.000000,3.000000,0.000000,1.000000,1553.000000,438.000000,932.000000,136.000000,161.000000,5.000000,
0.049530,0.993119,0.141165,0.173826,0.346920,0.005546,-207.589274,3.181072,1396039.609102,1161963.552444,2307280.916318,207665.556305,1090450.473112,368.029906,98.543527,210.159154,30.166386,36.199663,85.471426,23.127562,49.271763,7.038823,8.044370,523.889566,140.776467,299.652765,43.238486,51.282856,3.000000,2.000000,3.000000,0.000000,1.000000,0.000000,1.000000,2.000000,0.000000,1.000000,0.000000,1.000000,3.000000,0.000000,1.000000,1553.000000,438.000000,932.000000,136.000000,161.000000,5.000000,
0.049530,0.993119,0.141165,0.173826,0.346920,0.005546,-207.589274,3.181072,1396039.609102,1161963.552444,2307280.916318,207665.556305,1090450.473112,368.029906,98.543527,210.159154,30.166386,36.199663,85.471426,23.127562,49.271763,7.038823,8.044370,523.889566,140.776467,299.652765,43.238486,51.282856,3.000000,2.000000,3.000000,0.000000,1.000000,0.000000,1.000000,2.000000,0.000000,1.000000,0.000000,1.000000,3.000000,0.000000,1.000000,1553.000000,438.000000,932.000000,136.000000,161.000000,5.000000,
0.049530,0.993119,0.141165,0.173826,0.346920,0.005546,-207.589274,3.181072,1396039.609102,1161963.552444,2307280.916318,207665.556305,1090450.473112,368.029906,98.543527,210.159154,30.166386,36.199663,85.471426,23.127562,49.271763,7.038823,8.044370,523.889566,140.776467,299.652765,43.238486,51.282856,3.000000,2.000000,3.000000,0.000000,1.000000,0.000000,1.000000,2.000000,0.000000,1.000000,0.000000,1.000000,3.000000,0.000000,1.000000,1553.000000,438.000000,932.000000,136.000000,161.000000,5.000000,
0.049530,0.993119,0.141165,0.173826,0.346920,0.005546,-207.589274,3.181072,1396039.609102,1161963.552444,2307280.916318,207665.556305,1090450.473112,368.029906,98.543527,210.159154,30.166386,36.199663,85.471426,23.127562,49.271763,7.038823,8.044370,523.889566,140.776467,299.652765,43.238486,51.282856,3.000000,2.000000,3.000000,0.000000,1.000000,0.000000,1.000000,2.000000,0.000000,1.000000,0.000000,1.000000,3.000000,0.000000,1.000000,1553.000000,438.000000,932.000000,136.000000,161.000000,5.000000,
0.049530,0.993119,0.141165,0.173826,0.346920,0.005546,-207.589274,3.181072,1396039.609102,1161963.552444,2307280.916318,207665.556305,1090450.473112,368.029906,98.543527,210.159154,30.166386,36.199663,85.471426,23.127562,49.271763,7.038823,8.044370,523.889566,140.776467,299.652765,43.238486,51.282856,3.000000,2.000000,3.000000,0.000000,1.000000,0.000000,1.000000,2.000000,0.000000,1.000000,0.000000,1.000000,3.000000,0.000000,1.000000,1553.000000,438.000000,932.000000,136.000000,161.000000,5.000000,
0.049534,0.995755,0.140888,0.170629,0.358607,0.005648,-206.799903,3.180668,1396039.510593,1161963.525992,2307280.859969,207665.548197,1090450.463484,368.066999,98.553459,210.180336,30.169426,36.203311,85.480041,23.129893,49.276729,7.039533,8.045180,523.942368,140.790655,299.682966,43.242844,51.288024,3.000000,2.000000,3.000000,0.000000,1.000000,0.000000,1.000000,2.000000,0.000000,1.000000,0.000000,1.000000,3.000000,0.000000,1.000000,1553.000000,438.000000,932.000000,136.000000,161.000000,5.000000,
0.049534,0.995755,0.140888,0.170629,0.358607,0.005648,-206.799903,3.180668,1396039.510593,1161963.525992,2307280.859969,207665.548197,1090450.463484,368.066999,98.553459,210.180336,30.169426,36.203311,85.480041,23.129893,49.276729,7.039533,8.045180,523.942368,140.790655,299.682966,43.242844,51.288024,3.000000,2.000000,3.000000,0.000000,1.000000,0.000000,1.000000,2.000000,0.000000,1.000000,0.000000,1.000000,3.000000,0.000000,1.000000,1553.000000,438.000000,932.000000,136.000000,161.000000,5.000000,
0.049534,0.995755,0.140888,0.170629,0.358607,0.005648,-206.799903,3.180668,1396039.510593,1161963.525992,2307280.859969,207665.548197,1090450.463484,368.066999,98.553459,210.180336,30.169426,36.203311,85.480041,23.129893,49.276729,7.039533,8.045180,523.942368,140.790655,299.682966,43.242844,51.288024,3.000000,2.000000,3.000000,0.000000,1.000000,0.000000,1.000000,2.000000,0.000000,1.000000,0.000000,1.000000,3.000000,0.000000,1.000000,1553.000000,438.000000,932.000000,136.000000,161.000000,5.000000,
0.049534,0.995755,0.140888,0.170629,0.358607,0.005648,-206.799903,3.180668,1396039.510593,1161963.525992,2307280.859969,207665.548197,1090450.463484,368.066999,98.553459,210.180336,30.169426,36.203311,85.480041,23.129893,49.276729,7.039533,8.045180,523.942368,140.790655,299.682966,43.242844,51.288024,3.000000,2.000000,3.000000,0.000000,1.000000,0.000000,1.000000,2.000000,0.000000,1.000000,0.000000,1.000000,3.000000,0.000000,1.000000,1553.000000,438.000000,932.000000,136.000000,161.000000,5.000000,
0.049534,0.995755,0.140888,0.170629,0.358607,0.005648,-206.799903,3.180668,1396039.510593,1161963.525992,2307280.859969,207665.548197,1090450.463484,368.066999,98.553459,210.180336,30.169426,36.203311,85.480041,23.129893,49.276729,7.039533,8.045180,523.942368,140.790655,299.682966,43.242844,51.288024,3.000000,2.000000,3.000000,0.000000,1.000000,0.000000,1.000000,2.000000,0.000000,1.000000,0.000000,1.000000,3.000000,0.000000,1.000000,1553.000000,438.000000,932.000000,136.000000,161.000000,5.000000,
0.049534,0.995755,0.140888,0.170629,0.358607,0.005648,-206.799903,3.180668,1396039.510593,1161963.525992,2307280.859969,207665.548197,1090450.463484,368.066999,98.553459,210.180336,30.169426,36.203311,85.480041,23.129893,49.276729,7.039533,8.045180,523.942368,140.790655,299.682966,43.242844,51.288024,3.000000,2.000000,3.000000,0.000000,1.000000,0.000000,1.000000,2.000000,0.000000,1.000000,0.000000,1.000000,3.000000,0.000000,1.000000,1553.000000,438.000000,932.000000,136.000000,161.000000,5.000000,
0.049534,0.995755,0.140888,0.170629,0.358607,0.005648,-206.799903,3.180668,1396039.510593,1161963.525992,2307280.859969,207665.548197,1090450.463484,368.066999,98.553459,210.180336,30.169426,36.203311,85.480041,23.129893,49.276729,7.039533,8.045180,523.942368,140.790655,299.682966,43.242844,51.288024,3.000000,2.000000,3.000000,0.000000,1.000000,0.000000,1.000000,2.000000,0.000000,1.000000,0.000000,1.000000,3.000000,0.000000,1.000000,1553.000000,438.000000,932.000000,136.000000,161.000000,5.000000,
0.049534,0.995755,0.140888,0.170629,0.358607,0.005648,-206.799903,3.180668,1396039.510593,1161963.525992,2307280.859969,207665.548197,1090450.463484,368.066999,98.553459,210.180336,30.169426,36.203311,85.480041,23.129893,49.276729,7.039533,8.045180,523.942368,140.790655,299.682966,43.242844,51.288024,3.000000,2.000000,3.000000,0.000000,1.000000,0.000000,1.000000,2.000000,0.000000,1.000000,0.000000,1.000000,3.000000,0.000000,1.000000,1553.000000,438.000000,932.000000,136.000000,161.000000,5.000000,
0.049534,0.995755,0.140888,0.170629,0.358607,0.005648,-206.799903,3.180668,1396039.510593,1161963.525992,2307280.859969,207665.548197,1090450.463484,368.066999,98.553459,210.180336,30.169426,36.203311,85.480041,23.129893,49.276729,7.039533,8.045180,523.942368,140.790655,299.682966,43.242844,51.288024,3.000000,2.000000,3.000000,0.000000,1.000000,0.000000,1.000000,2.000000,0.000000,1.000000,0.000000,1.000000,3.000000,0.000000,1.000000,1553.000000,438.000000,932.000000,136.000000,161.000000,5.000000,
0.049534,0.995755,0.140888,0.170629,0.358607,0.005648,-206.799903,3.180668,1396039.510593,1161963.525992,2307280.859969,207665.548197,1090450.463484,368.066999,98.553459,210.180336,30.169426,36.203311,85.480041,23.129893,49.276729,7.039533,8.045180,523.942368,140.790655,299.682966,43.242844,51.288024,3.000000,2.000000,3.000000,0.000000,1.000000,0.000000,1.000000,2.000000,0.000000,1.000000,0.000000,1.000000,3.000000,0.000000,1.000000,1553.000000,438.000000,932.000000,136.000000,161.000000,5.000000,
0.049534,0.995755,0.140888,0.170629,0.358607,0.005648,-206.799903,3.180668,1396039.510593,1161963.525992,2307280.859969,207665.548197,1090450.463484,368.066999,98.553459,210.180336,30.169426,36.203311,85.480041,23.129893,49.276729,7.039533,8.045180,523.942368,140.790655,299.682966,43.242844,51.288024,3.000000,2.000000,3.000000,0.000000,1.000000,0.000000,1.000000,2.000000,0.000000,1.000000,0.000000,1.000000,3.000000,0.000000,1.000000,1553.000000,438.000000,932.000000,136.000000,161.000000,5.000000,
0.049534,0.995755,0.140888,0.170629,0.358607,0.005648,-206.799903,3.180668,1396039.510593,1161963.525992,2307280.859969,207665.548197,1090450.463484,368.066999,98.553459,210.180336,30.169426,36.203311,85.480041,23.129893,49.276729,7.039533,8.045180,523.942368,140.790655,299.682966,43.242844,51.288024,3.000000,2.000000,3.000000,0.000000,1.000000,0.000000,1.000000,2.000000,0.000000,1.000000,0.000000,1.000000,3.000000,0.000000,1.000000,1553.000000,438.000000,932.000000,136.000000,161.000000,5.000000,
0.049509,0.999037,0.139762,0.173786,0.364711,0.005767,-206.231048,3.176582,1396039.394270,1161963.494758,2307280.793430,207665.538623,1090450.452115,368.110800,98.565187,210.205347,30.173016,36.207620,85.490213,23.132646,49.282593,7.040370,8.046138,524.004718,140.807410,299.718629,43.247990,51.294128,3.000000,2.000000,3.000000,0.000000,1.000000,0.000000,1.000000,2.000000,0.000000,1.000000,0.000000,1.000000,3.000000,0.000000,1.000000,1553.000000,438.000000,932.000000,136.000000,161.000000,5.000000,
0.049509,0.999037,0.139762,0.173786,0.364711,0.005767,-206.231048,3.176582,1396039.394270,1161963.494758,2307280.793430,207665.538623,1090450.452115,368.110800,98.565187,210.205347,30.173016,36.207620,85.490213,23.132646,49.282593,7.040370,8.046138,524.004718,140.807410,299.718629,43.247990,51.294128,3.000000,2.000000,3.000000,0.000000,1.000000,0.000000,1.000000,2.000000,0.000000,1.000000,0.000000,1.000000,3.000000,0.000000,1.000000,1553.000000,438.000000,932.000000,136.000000,161.000000,5.000000,
0.049509,0.999037,0.139762,0.173786,0.364711,0.005767,-206.231048,3.176582,1396039.394270,1161963.494758,2307280.793430,207665.538623,1090450.452115,368.110800,98.565187,210.205347,30.173016,36.207620,85.490213,23.132646,49.282593,7.040370,8.046138,524.004718,140.807410,299.718629,43.247990,51.294128,3.000000,2.000000,3.000000,0.000000,1.000000,0.000000,1.000000,2.000000,0.000000,1.000000,0.000000,1.000000,3.000000,0.000000,1.000000,1553.000000,438.000000,932.000000,136.000000,161.000000,5.000000,
0.049509,0.999037,0.139762,0.173786,0.364711,0.005767,-206.231048,3.176582,1396039.394270,1161963.494758,2307280.793430,207665.538623,1090450.452115,368.110800,98.565187,210.205347,30.173016,36.207620,85.490213,23.132646,49.282593,7.040370,8.046138,524.004718,140.807410,299.718629,43.247990,51.294128,3.000000,2.000000,3.000000,0.000000,1.000000,0.000000,1.000000,2.000000,0.000000,1.000000,0.000000,1.000000,3.000000,0.000000,1.000000,1553.000000,438.000000,932.000000,136.000000,161.000000,5.000000,
0.049509,0.999037,0.139762,0.173786,0.364711,0.005767,-206.231048,3.176582,1396039.394270,1161963.494758,2307280.793430,207665.538623,1090450.452115,368.110800,98.565187,210.205347,30.173016,36.207620,85.490213,23.132646,49.282593,7.040370,8.046138,524.004718,140.807410,299.718629,43.247990,51.294128,3.000000,2.000000,3.000000,0.000000,1.000000,0.000000,1.000000,2.000000,0.000000,1.000000,0.000000,1.000000,3.000000,0.000000,1.000000,1553.000000,438.000000,932.000000,136.000000,161.000000,5.000000,
0.049509,0.999037,0.139762,0.173786,0.364711,0.005767,-206.231048,3.176582,1396039.394270,1161963.494758,2307280.793430,207665.538623,1090450.452115,368.110800,98.565187,210.205347,30.173016,36.207620,85.490213,23.132646,49.282593,7.040370,8.046138,524.004718,140.807410,299.718629,43.247990,51.294128,3.000000,2.000000,3.000000,0.000000,1.000000,0.000000,1.000000,2.000000,0.000000,1.000000,0.000000,1.000000,3.000000,0.000000,1.000000,1553.000000,438.000000,932.000000,136.000000,161.000000,5.000000,
0.049509,0.999037,0.139762,0.173786,0.364711,0.005767,-206.231048,3.176582,1396039.394270,1161963.494758,2307280.793430,207665.538623,1090450.452115,368.110800,98.565187,210.205347,30.173016,36.207620,85.490213,23.132646,49.282593,7.040370,8.046138,524.004718,140.807410,299.718629,43.247990,51.294128,3.000000,2.000000,3.000000,0.000000,1.000000,0.000000,1.000000,2.000000,0.000000,1.000000,0.000000,1.000000,3.000000,0.000000,1.000000,1553.000000,438.000000,932.000000,136.000000,161.000000,5.000000,
0.049509,0.999037,0.139762,0.173786,0.364711,0.005767,-206.231048,3.176582,1396039.394270,1161963.494758,2307280.793430,207665.538623,1090450.452115,368.110800,98.565187,210.205347,30.173016,36.207620,85.490213,23.132646,49.282593,7.040370,8.046138,524.004718,140.807410,299.718629,43.247990,51.294128,3.000000,2.000000,3.000000,0.000000,1.000000,0.000000,1.000000,2.000000,0.000000,1.000000,0.000000,1.000000,3.000000,0.000000,1.000000,1553.000000,438.000000,932.000000,136.000000,161.000000,5.000000,
0.049509,0.999037,0.139762,0.173786,0.364711,0.005767,-206.231048,3.176582,1396039.394270,1161963.494758,2307280.793430,207665.538623,1090450.452115,368.110800,98.565187,210.205347,30.173016,36.207620,85.490213,23.132646,49.282593,7.040370,8.046138,524.004718,140.807410,299.718629,43.247990,51.294128,3.000000,2.000000,3.000000,0.000000,1.000000,0.000000,1.000000,2.000000,0.000000,1.000000,0.000000,1.000000,3.000000,0.000000,1.000000,1553.000000,438.000000,932.000000,136.000000,161.000000,5.000000,
0.049509,0.999037,0.139762,0.173786,0.364711,0.005767,-206.231048,3.176582,1396039.394270,1161963.494758,2307280.793430,207665.538623,1090450.452115,368.110800,98.565187,210.205347,30.173016,36.207620,85.490213,23.132646,49.282593,7.040370,8.046138,524.004718,140.807410,299.718629,43.247990,51.294128,3.000000,2.000000,3.000000,0.000000,1.000000,0.000000,1.000000,2.000000,0.000000,1.000000,0.000000,1.000000,3.000000,0.000000,1.000000,1553.000000,438.000000,932.000000,136.000000,161.000000,5.000000,
0.049509,0.999037,0.139762,0.173786,0.364711,0.005767,-206.231048,3.176582,1396039.394270,1161963.494758,2307280.793430,207665.538623,1090450.452115,368.110800,98.565187,210.205347,30.173016,36.207620,85.490213,23.132646,49.282593,7.040370,8.046138,524.004718,140.807410,299.718629,43.247990,51.294128,3.000000,2.000000,3.000000,0.000000,1.000000,0.000000,1.000000,2.000000,0.000000,1.000000,0.000000,1.000000,3.000000,0.000000,1.000000,1553.000000,438.000000,932.000000,136.000000,161.000000,5.000000,
0.049509,0.999037,0.139762,0.173786,0.364711,0.005767,-206.231048,3.176582,1396039.394270,1161963.494758,2307280.793430,207665.538623,1090450.452115,368.110800,98.565187,210.205347,30.173016,36.207620,85.490213,23.132646,49.282593,7.040370,8.046138,524.004718,140.807410,299.718629,43.247990,51.294128,3.000000,2.000000,3.000000,0.000000,1.000000,0.000000,1.000000,2.000000,0.000000,1.000000,0.000000,1.000000,3.000000,0.000000,1.000000,1553.000000,438.000000,932.000000,136.000000,161.000000,5.000000,
0.049509,0.999037,0.139762,0.173786,0.364711,0.005767,-206.231048,3.176582,1396039.394270,1161963.494758,2307280.793430,207665.538623,1090450.452115,368.110800,98.565187,210.205347,30.173016,36.207620,85.490213,23.132646,49.282593,7.040370,8.046138,524.004718,140.807410,299.718629,43.247990,51.294128,3.000000,2.000000,3.000000,0.000000,1.000000,0.000000,1.000000,2.000000,0.000000,1.000000,0.000000,1.000000,3.000000,0.000000,1.000000,1553.000000,438.000000,932.000000,136.000000,161.000000,5.000000,
0.049509,0.999037,0.139762,0.173786,0.364711,0.005767,-206.231048,3.176582,1396039.394270,1161963.494758,2307280.793430,207665.538623,1090450.452115,368.110800,98.565187,210.205347,30.173016,36.207620,85.490213,23.132646,49.282593,7.040370,8.046138,524.004718,140.807410,299.718629,43.247990,51.294128,3.000000,2.000000,3.000000,0.000000,1.000000,0.000000,1.000000,2.000000,0.000000,1.000000,0.000000,1.000000,3.000000,0.000000,1.000000,1553.000000,438.000000,932.000000,136.000000,161.000000,5.000000,
0.049509,0.999037,0.139762,0.173786,0.364711,0.005767,-206.231048,3.176582,1396039.394270,1161963.494758,2307280.793430,207665.538623,1090450.452115,368.110800,98.565187,210.205347,30.173016,36.207620,85.490213,23.132646,49.282593,7.040370,8.046138,524.004718,140.807410,299.718629,43.247990,51.294128,3.000000,2.000000,3.000000,0.000000,1.000000,0.000000,1.000000,2.000000,0.000000,1.000000,0.000000,1.000000,3.000000,0.000000,1.000000,1553.000000,438.000000,932.000000,136.000000,161.000000,5.000000,
0.049509,0.999037,0.139762,0.173786,0.364711,0.005767,-206.231048,3.176582,1396039.394270,1161963.494758,2307280.793430,207665.538623,1090450.452115,368.110800,98.565187,210.205347,30.173016,36.207620,85.490213,23.132646,49.282593,7.040370,8.046138,524.004718,140.807410,299.718629,43.247990,51.294128,3.000000,2.000000,3.000000,0.000000,1.000000,0.000000,1.000000,2.000000,0.000000,1.000000,0.000000,1.000000,3.000000,0.000000,1.000000,1553.000000,438.000000,932.000000,136.000000,161.000000,5.000000,
0.049509,0.999037,0.139762,0.173786,0.364711,0.005767,-206.231048,3.176582,1396039.394270,1161963.494758,2307280.793430,207665.538623,1090450.452115,368.110800,98.565187,210.205347,30.173016,36.207620,85.490213,23.132646,49.282593,7.040370,8.046138,524.004718,140.807410,299.718629,43.247990,51.294128,3.000000,2.000000,3.000000,0.000000,1.000000,0.000000,1.000000,2.000000,0.000000,1.000000,0.000000,1.000000,3.000000,0.000000,1.000000,1553.000000,438.000000,932.000000,136.000000,161.000000,5.000000,
0.049509,0.999037,0.139762,0.173786,0.364711,0.005767,-206.231048,3.176582,1396039.394270,1161963.494758,2307280.793430,207665.538623,1090450.452115,368.110800,98.565187,210.205347,30.173016,36.207620,85.490213,23.132646,49.282593,7.040370,8.046138,524.004718,140.807410,299.718629,43.247990,51.294128,3.000000,2.000000,3.000000,0.000000,1.000000,0.000000,1.000000,2.000000,0.000000,1.000000,0.000000,1.000000,3.000000,0.000000,1.000000,1553.000000,438.000000,932.000000,136.000000,161.000000,5.000000,
0.049509,0.999037,0.139762,0.173786,0.364711,0.005767,-206.231048,3.176582,1396039.394270,1161963.494758,2307280.793430,207665.538623,1090450.452115,368.110800,98.565187,210.205347,30.173016,36.207620,85.490213,23.132646,49.282593,7.040370,8.046138,524.004718,140.807410,299.718629,43.247990,51.294128,3.000000,2.000000,3.000000,0.000000,1.000000,0.000000,1.000000,2.000000,0.000000,1.000000,0.000000,1.000000,3.000000,0.000000,1.000000,1553.000000,438.000000,932.000000,136.000000,161.000000,5.000000,
0.049509,0.999037,0.139762,0.173786,0.364711,0.005767,-206.231048,3.176582,1396039.394270,1161963.494758,2307280.793430,207665.538623,1090450.452115,368.110800,98.565187,210.205347,30.173016,36.207620,85.490213,23.132646,49.282593,7.040370,8.046138,524.004718,140.807410,299.718629,43.247990,51.294128,3.000000,2.000000,3.000000,0.000000,1.000000,0.000000,1.000000,2.000000,0.000000,1.000000,0.000000,1.000000,3.000000,0.000000,1.000000,1553.000000,438.000000,932.000000,136.000000,161.000000,5.000000,
0.049509,0.999037,0.139762,0.173786,0.364711,0.005767,-206.231048,3.176582,1396039.394270,1161963.494758,2307280.793430,207665.538623,1090450.452115,368.110800,98.565187,210.205347,30.173016,36.207620,85.490213,23.132646,49.282593,7.040370,8.046138,524.004718,140.807410,299.718629,43.247990,51.294128,3.000000,2.000000,3.000000,0.000000,1.000000,0.000000,1.000000,2.000000,0.000000,1.000000,0.000000,1.000000,3.000000,0.000000,1.000000,1553.000000,438.000000,932.000000,136.000000,161.000000,5.000000,
0.049509,0.999037,0.139762,0.173786,0.364711,0.005767,-206.231048,3.176582,1396039.394270,1161963.494758,2307280.793430,207665.538623,1090450.452115,368.110800,98.565187,210.205347,30.173016,36.207620,85.490213,23.132646,49.282593,7.040370,8.046138,524.004718,140.807410,299.718629,43.247990,51.294128,3.000000,2.000000,3.000000,0.000000,1.000000,0.000000,1.000000,2.000000,0.000000,1.000000,0.000000,1.000000,3.000000,0.000000,1.000000,1553.000000,438.000000,932.000000,136.000000,161.000000,5.000000,
0.049509,0.999037,0.139762,0.173786,0.364711,0.005767,-206.231048,3.176582,1396039.394270,1161963.494758,2307280.793430,207665.538623,1090450.452115,368.110800,98.565187,210.205347,30.173016,36.207620,85.490213,23.132646,49.282593,7.040370,8.046138,524.004718,140.807410,299.718629,43.247990,51.294128,3.000000,2.000000,3.000000,0.000000,1.000000,0.000000,1.000000,2.000000,0.000000,1.000000,0.000000,1.000000,3.000000,0.000000,1.000000,1553.000000,438.000000,932.000000,136.000000,161.000000,5.000000,
0.049509,0.999037,0.139762,0.173786,0.364711,0.005767,-206.231048,3.176582,1396039.394270,1161963.494758,2307280.793430,207665.538623,1090450.452115,368.110800,98.565187,210.205347,30.173016,36.207620,85.490213,23.132646,49.282593,7.040370,8.046138,524.004718,140.807410,299.718629,43.247990,51.294128,3.000000,2.000000,3.000000,0.000000,1.000000,0.000000,1.000000,2.000000,0.000000,1.000000,0.000000,1.000000,3.000000,0.000000,1.000000,1553.000000,438.000000,932.000000,136.000000,161.000000,5.000000,
0.049509,0.999037,0.139762,0.173786,0.364711,0.005767,-206.231048,3.176582,1396039.394270,1161963.494758,2307280.793430,207665.538623,1090450.452115,368.110800,98.565187,210.205347,30.173016,36.207620,85.490213,23.132646,49.282593,7.040370,8.046138,524.004718,140.807410,299.718629,43.247990,51.294128,3.000000,2.000000,3.000000,0.000000,1.000000,0.000000,1.000000,2.000000,0.000000,1.000000,0.000000,1.000000,3.000000,0.000000,1.000000,1553.000000,438.000000,932.000000,136.000000,161.000000,5.000000,
0.049509,0.999037,0.139762,0.173786,0.364711,0.005767,-206.231048,3.176582,1396039.394270,1161963.494758,2307280.793430,207665.538623,1090450.452115,368.110800,98.565187,210.205347,30.173016,36.207620,85.490213,23.132646,49.282593,7.040370,8.046138,524.004718,140.807410,299.718629,43.247990,51.294128,3.000000,2.000000,3.000000,0.000000,1.000000,0.000000,1.000000,2.000000,0.000000,1.000000,0.000000,1.000000,3.000000,0.000000,1.000000,1553.000000,438.000000,932.000000,136.000000,161.000000,5.000000,
0.049509,0.999037,0.139762,0.173786,0.364711,0.005767,-206.231048,3.176582,1396039.394270,1161963.494758,2307280.793430,207665.538623,1090450.452115,368.110800,98.565187,210.205347,30.173016,36.207620,85.490213,23.132646,49.282593,7.040370,8.046138,524.004718,140.807410,299.718629,43.247990,51.294128,3.000000,2.000000,3.000000,0.000000,1.000000,0.000000,1.000000,2.000000,0.000000,1.000000,0.000000,1.000000,3.000000,0.000000,1.000000,1553.000000,438.000000,932.000000,136.000000,161.000000,5.000000,
0.049509,0.999037,0.139762,0.173786,0.364711,0.005767,-206.231048,3.176582,1396039.394270,1161963.494758,2307280.793430,207665.538623,1090450.452115,368.110800,98.565187,210.205347,30.173016,36.207620,85.490213,23.132646,49.282593,7.040370,8.046138,524.004718,140.807410,299.718629,43.247990,51.294128,3.000000,2.000000,3.000000,0.000000,1.000000,0.000000,1.000000,2.000000,0.000000,1.000000,0.000000,1.000000,3.000000,0.000000,1.000000,1553.000000,438.000000,932.000000,136.000000,161.000000,5.000000,
0.049509,0.999037,0.139762,0.173786,0.364711,0.005767,-206.231048,3.176582,1396039.394270,1161963.494758,2307280.793430,207665.538623,1090450.452115,368.110800,98.565187,210.205347,30.173016,36.207620,85.490213,23.132646,49.282593,7.040370,8.046138,524.004718,140.807410,299.718629,43.247990,51.294128,3.000000,2.000000,3.000000,0.000000,1.000000,0.000000,1.000000,2.000000,0.000000,1.000000,0.000000,1.000000,3.000000,0.000000,1.000000,1553.000000,438.000000,932.000000,136.000000,161.000000,5.000000,
0.049509,0.999037,0.139762,0.173786,0.364711,0.005767,-206.231048,3.176582,1396039.394270,1161963.494758,2307280.793430,207665.538623,1090450.452115,368.110800,98.565187,210.205347,30.173016,36.207620,85.490213,23.132646,49.282593,7.040370,8.046138,524.004718,140.807410,299.718629,43.247990,51.294128,3.000000,2.000000,3.000000,0.000000,1.000000,0.000000,1.000000,2.000000,0.000000,1.000000,0.000000,1.000000,3.000000,0.000000,1.000000,1553.000000,438.000000,932.000000,136.000000,161.000000,5.000000,
0.049509,0.999223,0.142397,0.178430,0.336698,0.005884,-206.139312,3.182427,1396039.280470,1161963.464200,2307280.728334,207665.529257,1090450.440992,368.153650,98.576660,210.229817,30.176529,36.211834,85.500165,23.135339,49.288330,7.041190,8.047074,524.065715,140.823801,299.753519,43.253024,51.300099,3.000000,2.000000,3.000000,0.000000,1.000000,0.000000,1.000000,2.000000,0.000000,1.000000,0.000000,1.000000,3.000000,0.000000,1.000000,1553.000000,438.000000,932.000000,136.000000,161.000000,5.000000,
0.049509,0.999223,0.142397,0.178430,0.336698,0.005884,-206.139312,3.182427,1396039.280470,1161963.464200,2307280.728334,207665.529257,1090450.440992,368.153650,98.576660,210.229817,30.176529,36.211834,85.500165,23.135339,49.288330,7.041190,8.047074,524.065715,140.823801,299.753519,43.253024,51.300099,3.000000,2.000000,3.000000,0.000000,1.000000,0.000000,1.000000,2.000000,0.000000,1.000000,0.000000,1.000000,3.000000,0.000000,1.000000,1553.000000,438.000000,932.000000,136.000000,161.000000,5.000000,
0.049509,0.999223,0.142397,0.178430,0.336698,0.005884,-206.139312,3.182427,1396039.280470,1161963.464200,2307280.728334,207665.529257,1090450.440992,368.153650,98.576660,210.229817,30.176529,36.211834,85.500165,23.135339,49.288330,7.041190,8.047074,524.065715,140.823801,299.753519,43.253024,51.300099,3.000000,2.000000,3.000000,0.000000,1.000000,0.000000,1.000000,2.000000,0.000000,1.000000,0.000000,1.000000,3.000000,0.000000,1.000000,1553.000000,438.000000,932.000000,136.000000,161.000000,5.000000,
0.049509,0.999223,0.142397,0.178430,0.336698,0.005884,-206.139312,3.182427,1396039.280470,1161963.464200,2307280.728334,207665.529257,1090450.440992,368.153650,98.576660,210.229817,30.176529,36.211834,85.500165,23.135339,49.288330,7.041190,8.047074,524.065715,140.823801,299.753519,43.253024,51.300099,3.000000,2.000000,3.000000,0.000000,1.000000,0.000000,1.000000,2.000000,0.000000,1.000000,0.000000,1.000000,3.000000,0.000000,1.000000,1553.000000,438.000000,932.000000,136.000000,161.000000,5.000000,
0.049509,0.999223,0.142397,0.178430,0.336698,0.005884,-206.139312,3.182427,1396039.280470,1161963.464200,2307280.728334,207665.529257,1090450.440992,368.153650,98.576660,210.229817,30.176529,36.211834,85.500165,23.135339,49.288330,7.041190,8.047074,524.065715,140.823801,299.753519,43.253024,51.300099,3.000000,2.000000,3.000000,0.000000,1.000000,0.000000,1.000000,2.000000,0.000000,1.000000,0.000000,1.000000,3.000000,0.000000,1.000000,1553.000000,438.000000,932.000000,136.000000,161.000000,5.000000,
0.049509,0.999223,0.142397,0.178430,0.336698,0.005884,-206.139312,3.182427,1396039.280470,1161963.464200,2307280.728334,207665.529257,1090450.440992,368.153650,98.576660,210.229817,30.176529,36.211834,85.500165,23.135339,49.288330,7.041190,8.047074,524.065715,140.823801,299.753519,43.253024,51.300099,3.000000,2.000000,3.000000,0.000000,1.000000,0.000000,1.000000,2.000000,0.000000,1.000000,0.000000,1.000000,3.000000,0.000000,1.000000,1553.000000,438.000000,932.000000,136.000000,161.000000,5.000000,
0.049509,0.999223,0.142397,0.178430,0.336698,0.005884,-206.139312,3.182427,1396039.280470,1161963.464200,2307280.728334,207665.529257,1090450.440992,368.153650,98.576660,210.229817,30.176529,36.211834,85.500165,23.135339,49.288330,7.041190,8.047074,524.065715,140.823801,299.753519,43.253024,51.300099,3.000000,2.000000,3.000000,0.000000,1.000000,0.000000,1.000000,2.000000,0.000000,1.000000,0.000000,1.000000,3.000000,0.000000,1.000000,1553.000000,438.000000,932.000000,136.000000,161.000000,5.000000,
0.049509,0.999223,0.142397,0.178430,0.336698,0.005884,-206.139312,3.182427,1396039.280470,1161963.464200,2307280.728334,207665.529257,1090450.440992,368.153650,98.576660,210.229817,30.176529,36.211834,85.500165,23.135339,49.288330,7.041190,8.047074,524.065715,140.823801,299.753519,43.253024,51.300099,3.000000,2.000000,3.000000,0.000000,1.000000,0.000000,1.000000,2.000000,0.000000,1.000000,0.000000,1.000000,3.000000,0.000000,1.000000,1553.000000,438.000000,932.000000,136.000000,161.000000,5.000000,
0.049454,0.998901,0.147740,0.179478,0.307066,0.005474,-206.337172,3.190854,1396039.679653,1161963.571388,2307280.956674,207665.562111,1090450.480007,368.003341,98.536414,210.143984,30.164208,36.197050,85.465257,23.125893,49.268207,7.038315,8.043789,523.851750,140.766305,299.631135,43.235365,51.279154,3.000000,2.000000,3.000000,0.000000,1.000000,0.000000,1.000000,2.000000,0.000000,1.000000,0.000000,1.000000,3.000000,0.000000,1.000000,1553.000000,438.000000,932.000000,136.000000,161.000000,5.000000,
0.049386,0.999677,0.149639,0.197839,0.259452,0.005822,-206.823840,3.190704,1396039.341144,1161963.480492,2307280.763041,207665.534251,1090450.446922,368.130804,98.570543,210.216771,30.174656,36.209587,85.494859,23.133903,49.285272,7.040753,8.046575,524.033194,140.815062,299.734917,43.250340,51.296915,3.000000,2.000000,3.000000,0.000000,1.000000,0.000000,1.000000,2.000000,0.000000,1.000000,0.000000,1.000000,3.000000,0.000000,1.000000,1553.000000,438.000000,932.000000,136.000000,161.000000,5.000000,
0.049386,0.999677,0.149639,0.197839,0.259452,0.005822,-206.823840,3.190704,1396039.341144,1161963.480492,2307280.763041,207665.534251,1090450.446922,368.130804,98.570543,210.216771,30.174656,36.209587,85.494859,23.133903,49.285272,7.040753,8.046575,524.033194,140.815062,299.734917,43.250340,51.296915,3.000000,2.000000,3.000000,0.000000,1.000000,0.000000,1.000000,2.000000,0.000000,1.000000,0.000000,1.000000,3.000000,0.000000,1.000000,1553.000000,438.000000,932.000000,136.000000,161.000000,5.000000,
0.049386,0.999677,0.149639,0.197839,0.259452,0.005822,-206.823840,3.190704,1396039.341144,1161963.480492,2307280.763041,207665.534251,1090450.446922,368.130804,98.570543,210.216771,30.174656,36.209587,85.494859,23.133903,49.285272,7.040753,8.046575,524.033194,140.815062,299.734917,43.250340,51.296915,3.000000,2.000000,3.000000,0.000000,1.000000,0.000000,1.000000,2.000000,0.000000,1.000000,0.000000,1.000000,3.000000,0.000000,1.000000,1553.000000,438.000000,932.000000,136.000000,161.000000,5.000000,
0.049386,0.999677,0.149639,0.197839,0.259452,0.005822,-206.823840,3.190704,1396039.341144,1161963.480492,2307280.763041,207665.534251,1090450.446922,368.130804,98.570543,210.216771,30.174656,36.209587,85.494859,23.133903,49.285272,7.040753,8.046575,524.033194,140.815062,299.734917,43.250340,51.296915,3.000000,2.000000,3.000000,0.000000,1.000000,0.000000,1.000000,2.000000,0.000000,1.000000,0.000000,1.000000,3.000000,0.000000,1.000000,1553.000000,438.000000,932.000000,136.000000,161.000000,5.000000,
0.049386,0.999677,0.149639,0.197839,0.259452,0.005822,-206.823840,3.190704,1396039.341144,1161963.480492,2307280.763041,207665.534251,1090450.446922,368.130804,98.570543,210.216771,30.174656,36.209587,85.494859,23.133903,49.285272,7.040753,8.046575,524.033194,140.815062,299.734917,43.250340,51.296915,3.000000,2.000000,3.000000,0.000000,1.000000,0.000000,1.000000,2.000000,0.000000,1.000000,0.000000,1.000000,3.000000,0.000000,1.000000,1553.000000,438.000000,932.000000,136.000000,161.000000,5.000000,
0.049398,0.994833,0.150605,0.181311,0.289068,0.005376,-207.545760,3.193661,1396039.774733,1161963.596919,2307281.011061,207665.569937,1090450.489300,367.967539,98.526827,210.123540,30.161274,36.193528,85.456942,23.123643,49.263414,7.037631,8.043006,523.800786,140.752610,299.601985,43.231159,51.274165,3.000000,2.000000,3.000000,0.000000,1.000000,0.000000,1.000000,2.000000,0.000000,1.000000,0.000000,1.000000,3.000000,0.000000,1.000000,1553.000000,438.000000,932.000000,136.000000,161.000000,5.000000,
0.049398,0.994833,0.150605,0.181311,0.289068,0.005376,-207.545760,3.193661,1396039.774733,1161963.596919,2307281.011061,207665.569937,1090450.489300,367.967539,98.526827,210.123540,30.161274,36.193528,85.456942,23.123643,49.263414,7.037631,8.043006,523.800786,140.752610,299.601985,43.231159,51.274165,3.000000,2.000000,3.000000,0.000000,1.000000,0.000000,1.000000,2.000000,0.000000,1.000000,0.000000,1.000000,3.000000,0.000000,1.000000,1553.000000,438.000000,932.000000,136.000000,161.000000,5.000000,
0.049398,0.994833,0.150605,0.181311,0.289068,0.005376,-207.545760,3.193661,1396039.774733,1161963.596919,2307281.011061,207665.569937,1090450.489300,367.967539,98.526827,210.123540,30.161274,36.193528,85.456942,23.123643,49.263414,7.037631,8.043006,523.800786,140.752610,299.601985,43.231159,51.274165,3.000000,2.000000,3.000000,0.000000,1.000000,0.000000,1.000000,2.000000,0.000000,1.000000,0.000000,1.000000,3.000000,0.000000,1.000000,1553.000000,438.000000,932.000000,136.000000,161.000000,5.000000,
0.049398,0.994833,0.150605,0.181311,0.289068,0.005376,-207.545760,3.193661,1396039.774733,1161963.596919,2307281.011061,207665.569937,1090450.489300,367.967539,98.526827,210.123540,30.161274,36.193528,85.456942,23.123643,49.263414,7.037631,8.043006,523.800786,140.752610,299.601985,43.231159,51.274165,3.000000,2.000000,3.000000,0.000000,1.000000,0.000000,1.000000,2.000000,0.000000,1.000000,0.000000,1.000000,3.000000,0.000000,1.000000,1553.000000,438.000000,932.000000,136.000000,161.000000,5.000000,
0.049398,0.994833,0.150605,0.181311,0.289068,0.005376,-207.545760,3.193661,1396039.774733,1161963.596919,2307281.011061,207665.569937,1090450.489300,367.967539,98.526827,210.123540,30.161274,36.193528,85.456942,23.123643,49.263414,7.037631,8.043006,523.800786,140.752610,299.601985,43.231159,51.274165,3.000000,2.000000,3.000000,0.000000,1.000000,0.000000,1.000000,2.000000,0.000000,1.000000,0.000000,1.000000,3.000000,0.000000,1.000000,1553.000000,438.000000,932.000000,136.000000,161.000000,5.000000,
0.049312,0.999551,0.150773,0.211585,0.229164,0.005395,-207.170181,3.188449,1396039.756306,1161963.591971,2307281.000521,207665.568420,1090450.487499,367.974478,98.528685,210.127502,30.161842,36.194211,85.458554,23.124079,49.264343,7.037763,8.043158,523.810663,140.755265,299.607635,43.231974,51.275132,3.000000,2.000000,3.000000,0.000000,1.000000,0.000000,1.000000,2.000000,0.000000,1.000000,0.000000,1.000000,3.000000,0.000000,1.000000,1553.000000,438.000000,932.000000,136.000000,161.000000,5.000000,
0.049312,0.999551,0.150773,0.211585,0.229164,0.005395,-207.170181,3.188449,1396039.756306,1161963.591971,2307281.000521,207665.568420,1090450.487499,367.974478,98.528685,210.127502,30.161842,36.194211,85.458554,23.124079,49.264343,7.037763,8.043158,523.810663,140.755265,299.607635,43.231974,51.275132,3.000000,2.000000,3.000000,0.000000,1.000000,0.000000,1.000000,2.000000,0.000000,1.000000,0.000000,1.000000,3.000000,0.000000,1.000000,1553.000000,438.000000,932.000000,136.000000,161.000000,5.000000,
0.049312,0.999551,0.150773,0.211585,0.229164,0.005395,-207.170181,3.188449,1396039.756306,1161963.591971,2307281.000521,207665.568420,1090450.487499,367.974478,98.528685,210.127502,30.161842,36.194211,85.458554,23.124079,49.264343,7.037763,8.043158,523.810663,140.755265,299.607635,43.231974,51.275132,3.000000,2.000000,3.000000,0.000000,1.000000,0.000000,1.000000,2.000000,0.000000,1.000000,0.000000,1.000000,3.000000,0.000000,1.000000,1553.000000,438.000000,932.000000,136.000000,161.000000,5.000000,
0.049312,0.999551,0.150773,0.211585,0.229164,0.005395,-207.170181,3.188449,1396039.756306,1161963.591971,2307281.000521,207665.568420,1090450.487499,367.974478,98.528685,210.127502,30.161842,36.194211,85.458554,23.124079,49.264343,7.037763,8.043158,523.810663,140.755265,299.607635,43.231974,51.275132,3.000000,2.000000,3.000000,0.000000,1.000000,0.000000,1.000000,2.000000,0.000000,1.000000,0.000000,1.000000,3.000000,0.000000,1.000000,1553.000000,438.000000,932.000000,136.000000,161.000000,5.000000,
0.049312,0.999551,0.150773,0.211585,0.229164,0.005395,-207.170181,3.188449,1396039.756306,1161963.591971,2307281.000521,207665.568420,1090450.487499,367.974478,98.528685,210.127502,30.161842,36.194211,85.458554,23.124079,49.264343,7.037763,8.043158,523.810663,140.755265,299.607635,43.231974,51.275132,3.000000,2.000000,3.000000,0.000000,1.000000,0.000000,1.000000,2.000000,0.000000,1.000000,0.000000,1.000000,3.000000,0.000000,1.000000,1553.000000,438.000000,932.000000,136.000000,161.000000,5.000000,
0.049312,0.999551,0.150773,0.211585,0.229164,0.005395,-207.170181,3.188449,1396039.756306,1161963.591971,2307281.000521,207665.568420,1090450.487499,367.974478,98.528685,210.127502,30.161842,36.194211,85.458554,23.124079,49.264343,7.037763,8.043158,523.810663,140.755265,299.607635,43.231974,51.275132,3.000000,2.000000,3.000000,0.000000,1.000000,0.000000,1.000000,2.000000,0.000000,1.000000,0.000000,1.000000,3.000000,0.000000,1.000000,1553.000000,438.000000,932.000000,136.000000,161.000000,5.000000,
0.049312,0.999551,0.150773,0.211585,0.229164,0.005395,-207.170181,3.188449,1396039.756306,1161963.591971,2307281.000521,207665.568420,1090450.487499,367.974478,98.528685,210.127502,30.161842,36.194211,85.458554,23.124079,49.264343,7.037763,8.043158,523.810663,140.755265,299.607635,43.231974,51.275132,3.000000,2.000000,3.000000,0.000000,1.000000,0.000000,1.000000,2.000000,0.000000,1.000000,0.000000,1.000000,3.000000,0.000000,1.000000,1553.000000,438.000000,932.000000,136.000000,161.000000,5.000000,
0.049318,0.997159,0.150103,0.215425,0.222361,0.006328,-207.687596,3.187339,1396038.849259,1161963.348412,2307280.481675,207665.493766,1090450.398847,368.316020,98.620136,210.322536,30.189838,36.227805,85.537873,23.145542,49.310068,7.044295,8.050623,524.296848,140.885909,299.885721,43.272101,51.322724,3.000000,2.000000,3.000000,0.000000,1.000000,0.000000,1.000000,2.000000,0.000000,1.000000,0.000000,1.000000,3.000000,0.000000,1.000000,1553.000000,438.000000,932.000000,136.000000,161.000000,5.000000,
0.049318,0.997159,0.150103,0.215425,0.222361,0.006328,-207.687596,3.187339,1396038.849259,1161963.348412,2307280.481675,207665.493766,1090450.398847,368.316020,98.620136,210.322536,30.189838,36.227805,85.537873,23.145542,49.310068,7.044295,8.050623,524.296848,140.885909,299.885721,43.272101,51.322724,3.000000,2.000000,3.000000,0.000000,1.000000,0.000000,1.000000,2.000000,0.000000,1.000000,0.000000,1.000000,3.000000,0.000000,1.000000,1553.000000,438.000000,932.000000,136.000000,161.000000,5.000000,
0.049318,0.997159,0.150103,0.215425,0.222361,0.006328,-207.687596,3.187339,1396038.849259,1161963.348412,2307280.481675,207665.493766,1090450.398847,368.316020,98.620136,210.322536,30.189838,36.227805,85.537873,23.145542,49.310068,7.044295,8.050623,524.296848,140.885909,299.885721,43.272101,51.322724,3.000000,2.000000,3.000000,0.000000,1.000000,0.000000,1.000000,2.000000,0.000000,1.000000,0.000000,1.000000,3.000000,0.000000,1.000000,1553.000000,438.000000,932.000000,136.000000,161.000000,5.000000,
0.049318,0.997159,0.150103,0.215425,0.222361,0.006328,-207.687596,3.187339,1396038.849259,1161963.348412,2307280.481675,207665.493766,1090450.398847,368.316020,98.620136,210.322536,30.189838,36.227805,85.537873,23.145542,49.310068,7.044295,8.050623,524.296848,140.885909,299.885721,43.272101,51.322724,3.000000,2.000000,3.000000,0.000000,1.000000,0.000000,1.000000,2.000000,0.000000,1.000000,0.000000,1.000000,3.000000,0.000000,1.000000,1553.000000,438.000000,932.000000,136.000000,161.000000,5.000000,
0.049318,0.997159,0.150103,0.215425,0.222361,0.006328,-207.687596,3.187339,1396038.849259,1161963.348412,2307280.481675,207665.493766,1090450.398847,368.316020,98.620136,210.322536,30.189838,36.227805,85.537873,23.145542,49.310068,7.044295,8.050623,524.296848,140.885909,299.885721,43.272101,51.322724,3.000000,2.000000,3.000000,0.000000,1.000000,0.000000,1.000000,2.000000,0.000000,1.000000,0.000000,1.000000,3.000000,0.000000,1.000000,1553.000000,438.000000,932.000000,136.000000,161.000000,5.000000,
0.049318,0.997159,0.150103,0.215425,0.222361,0.006328,-207.687596,3.187339,1396038.849259,1161963.348412,2307280.481675,207665.493766,1090450.398847,368.316020,98.620136,210.322536,30.189838,36.227805,85.537873,23.145542,49.310068,7.044295,8.050623,524.296848,140.885909,299.885721,43.272101,51.322724,3.000000,2.000000,3.000000,0.000000,1.000000,0.000000,1.000000,2.000000,0.000000,1.000000,0.000000,1.000000,3.000000,0.000000,1.000000,1553.000000,438.000000,932.000000,136.000000,161.000000,5.000000,
0.049318,0.997159,0.150103,0.215425,0.222361,0.006328,-207.687596,3.187339,1396038.849259,1161963.348412,2307280.481675,207665.493766,1090450.398847,368.316020,98.620136,210.322536,30.189838,36.227805,85.537873,23.145542,49.310068,7.044295,8.050623,524.296848,140.885909,299.885721,43.272101,51.322724,3.000000,2.000000,3.000000,0.000000,1.000000,0.000000,1.000000,2.000000,0.000000,1.000000,0.000000,1.000000,3.000000,0.000000,1.000000,1553.000000,438.000000,932.000000,136.000000,161.000000,5.000000,
0.049318,0.997159,0.150103,0.215425,0.222361,0.006328,-207.687596,3.187339,1396038.849259,1161963.348412,2307280.481675,207665.493766,1090450.398847,368.316020,98.620136,210.322536,30.189838,36.227805,85.537873,23.145542,49.310068,7.044295,8.050623,524.296848,140.885909,299.885721,43.272101,51.322724,3.000000,2.000000,3.000000,0.000000,1.000000,0.000000,1.000000,2.000000,0.000000,1.000000,0.000000,1.000000,3.000000,0.000000,1.000000,1553.000000,438.000000,932.000000,136.000000,161.000000,5.000000,
0.049318,0.997159,0.150103,0.215425,0.222361,0.006328,-207.687596,3.187339,1396038.849259,1161963.348412,2307280.481675,207665.493766,1090450.398847,368.316020,98.620136,210.322536,30.189838,36.227805,85.537873,23.145542,49.310068,7.044295,8.050623,524.296848,140.885909,299.885721,43.272101,51.322724,3.000000,2.000000,3.000000,0.000000,1.000000,0.000000,1.000000,2.000000,0.000000,1.000000,0.000000,1.000000,3.000000,0.000000,1.000000,1553.000000,438.000000,932.000000,136.000000,161.000000,5.000000,
0.049318,0.997159,0.150103,0.215425,0.222361,0.006328,-207.687596,3.187339,1396038.849259,1161963.348412,2307280.481675,207665.493766,1090450.398847,368.316020,98.620136,210.322536,30.189838,36.227805,85.537873,23.145542,49.310068,7.044295,8.050623,524.296848,140.885909,299.885721,43.272101,51.322724,3.000000,2.000000,3.000000,0.000000,1.000000,0.000000,1.000000,2.000000,0.000000,1.000000,0.000000,1.000000,3.000000,0.000000,1.000000,1553.000000,438.000000,932.000000,136.000000,161.000000,5.000000,
0.049318,0.997159,0.150103,0.215425,0.222361,0.006328,-207.687596,3.187339,1396038.849259,1161963.348412,2307280.481675,207665.493766,1090450.398847,368.316020,98.620136,210.322536,30.189838,36.227805,85.537873,23.145542,49.310068,7.044295,8.050623,524.296848,140.885909,299.885721,43.272101,51.322724,3.000000,2.000000,3.000000,0.000000,1.000000,0.000000,1.000000,2.000000,0.000000,1.000000,0.000000,1.000000,3.000000,0.000000,1.000000,1553.000000,438.000000,932.000000,136.000000,161.000000,5.000000,
0.049318,0.997159,0.150103,0.215425,0.222361,0.006328,-207.687596,3.187339,1396038.849259,1161963.348412,2307280.481675,207665.493766,1090450.398847,368.316020,98.620136,210.322536,30.189838,36.227805,85.537873,23.145542,49.310068,7.044295,8.050623,524.296848,140.885909,299.885721,43.272101,51.322724,3.000000,2.000000,3.000000,0.000000,1.000000,0.000000,1.000000,2.000000,0.000000,1.000000,0.000000,1.000000,3.000000,0.000000,1.000000,1553.000000,438.000000,932.000000,136.000000,161.000000,5.000000,
0.049318,0.997159,0.150103,0.215425,0.222361,0.006328,-207.687596,3.187339,1396038.849259,1161963.348412,2307280.481675,207665.493766,1090450.398847,368.316020,98.620136,210.322536,30.189838,36.227805,85.537873,23.145542,49.310068,7.044295,8.050623,524.296848,140.885909,299.885721,43.272101,51.322724,3.000000,2.000000,3.000000,0.000000,1.000000,0.000000,1.000000,2.000000,0.000000,1.000000,0.000000,1.000000,3.000000,0.000000,1.000000,1553.000000,438.000000,932.000000,136.000000,161.000000,5.000000,
0.049318,0.997159,0.150103,0.215425,0.222361,0.006328,-207.687596,3.187339,1396038.849259,1161963.348412,2307280.481675,207665.493766,1090450.398847,368.316020,98.620136,210.322536,30.189838,36.227805,85.537873,23.145542,49.310068,7.044295,8.050623,524.296848,140.885909,299.885721,43.272101,51.322724,3.000000,2.000000,3.000000,0.000000,1.000000,0.000000,1.000000,2.000000,0.000000,1.000000,0.000000,1.000000,3.000000,0.000000,1.000000,1553.000000,438.000000,932.000000,136.000000,161.000000,5.000000,
0.049318,0.997159,0.150103,0.215425,0.222361,0.006328,-207.687596,3.187339,1396038.849259,1161963.348412,2307280.481675,207665.493766,1090450.398847,368.316020,98.620136,210.322536,30.189838,36.227805,85.537873,23.145542,49.310068,7.044295,8.050623,524.296848,140.885909,299.885721,43.272101,51.322724,3.000000,2.000000,3.000000,0.000000,1.000000,0.000000,1.000000,2.000000,0.000000,1.000000,0.000000,1.000000,3.000000,0.000000,1.000000,1553.000000,438.000000,932.000000,136.000000,161.000000,5.000000,
0.049318,0.997159,0.150103,0.215425,0.222361,0.006328,-207.687596,3.187339,1396038.849259,1161963.348412,2307280.481675,207665.493766,1090450.398847,368.316020,98.620136,210.322536,30.189838,36.227805,85.537873,23.145542,49.310068,7.044295,8.050623,524.296848,140.885909,299.885721,43.272101,51.322724,3.000000,2.000000,3.000000,0.000000,1.000000,0.000000,1.000000,2.000000,0.000000,1.000000,0.000000,1.000000,3.000000,0.000000,1.000000,1553.000000,438.000000,932.000000,136.000000,161.000000,5.000000,
0.049318,0.997159,0.150103,0.215425,0.222361,0.006328,-207.687596,3.187339,1396038.849259,1161963.348412,2307280.481675,207665.493766,1090450.398847,368.316020,98.620136,210.322536,30.189838,36.227805,85.537873,23.145542,49.310068,7.044295,8.050623,524.296848,140.885909,299.885721,43.272101,51.322724,3.000000,2.000000,3.000000,0.000000,1.000000,0.000000,1.000000,2.000000,0.000000,1.000000,0.000000,1.000000,3.000000,0.000000,1.000000,1553.000000,438.000000,932.000000,136.000000,161.000000,5.000000,
0.049318,0.997159,0.150103,0.215425,0.222361,0.006328,-207.687596,3.187339,1396038.849259,1161963.348412,2307280.481675,207665.493766,1090450.398847,368.316020,98.620136,210.322536,30.189838,36.227805,85.537873,23.145542,49.310068,7.044295,8.050623,524.296848,140.885909,299.885721,43.272101,51.322724,3.000000,2.000000,3.000000,0.000000,1.000000,0.000000,1.000000,2.000000,0.000000,1.000000,0.000000,1.000000,3.000000,0.000000,1.000000,1553.000000,438.000000,932.000000,136.000000,161.000000,5.000000,
0.049318,0.997159,0.150103,0.215425,0.222361,0.006328,-207.687596,3.187339,1396038.849259,1161963.348412,2307280.481675,207665.493766,1090450.398847,368.316020,98.620136,210.322536,30.189838,36.227805,85.537873,23.145542,49.310068,7.044295,8.050623,524.296848,140.885909,299.885721,43.272101,51.322724,3.000000,2.000000,3.000000,0.000000,1.000000,0.000000,1.000000,2.000000,0.000000,1.000000,0.000000,1.000000,3.000000,0.000000,1.000000,1553.000000,438.000000,932.000000,136.000000,161.000000,5.000000,
0.049332,0.994390,0.148966,0.207185,0.243184,0.006624,-207.883522,3.185735,1396038.561803,1161963.271225,2307280.317245,207665.470107,1090450.370752,368.424259,98.649119,210.384345,30.198710,36.238452,85.563011,23.152344,49.324559,7.046366,8.052989,524.450927,140.927312,299.973850,43.284817,51.337807,3.000000,2.000000,3.000000,0.000000,1.000000,0.000000,1.000000,2.000000,0.000000,1.000000,0.000000,1.000000,3.000000,0.000000,1.000000,1553.000000,438.000000,932.000000,136.000000,161.000000,5.000000,
0.049332,0.994390,0.148966,0.207185,0.243184,0.006624,-207.883522,3.185735,1396038.561803,1161963.271225,2307280.317245,207665.470107,1090450.370752,368.424259,98.649119,210.384345,30.198710,36.238452,85.563011,23.152344,49.324559,7.046366,8.052989,524.450927,140.927312,299.973850,43.284817,51.337807,3.000000,2.000000,3.000000,0.000000,1.000000,0.000000,1.000000,2.000000,0.000000,1.000000,0.000000,1.000000,3.000000,0.000000,1.000000,1553.000000,438.000000,932.000000,136.000000,161.000000,5.000000,
0.049332,0.994390,0.148966,0.207185,0.243184,0.006624,-207.883522,3.185735,1396038.561803,1161963.271225,2307280.317245,207665.470107,1090450.370752,368.424259,98.649119,210.384345,30.198710,36.238452,85.563011,23.152344,49.324559,7.046366,8.052989,524.450927,140.927312,299.973850,43.284817,51.337807,3.000000,2.000000,3.000000,0.000000,1.000000,0.000000,1.000000,2.000000,0.000000,1.000000,0.000000,1.000000,3.000000,0.000000,1.000000,1553.000000,438.000000,932.000000,136.000000,161.000000,5.000000,
0.049332,0.994390,0.148966,0.207185,0.243184,0.006624,-207.883522,3.185735,1396038.561803,1161963.271225,2307280.317245,207665.470107,1090450.370752,368.424259,98.649119,210.384345,30.198710,36.238452,85.563011,23.152344,49.324559,7.046366,8.052989,524.450927,140.927312,299.973850,43.284817,51.337807,3.000000,2.000000,3.000000,0.000000,1.000000,0.000000,1.000000,2.000000,0.000000,1.000000,0.000000,1.000000,3.000000,0.000000,1.000000,1553.000000,438.000000,932.000000,136.000000,161.000000,5.000000,
0.049332,0.994390,0.148966,0.207185,0.243184,0.006624,-207.883522,3.185735,1396038.561803,1161963.271225,2307280.317245,207665.470107,1090450.370752,368.424259,98.649119,210.384345,30.198710,36.238452,85.563011,23.152344,49.324559,7.046366,8.052989,524.450927,140.927312,299.973850,43.284817,51.337807,3.000000,2.000000,3.000000,0.000000,1.000000,0.000000,1.000000,2.000000,0.000000,1.000000,0.000000,1.000000,3.000000,0.000000,1.000000,1553.000000,438.000000,932.000000,136.000000,161.000000,5.000000,
0.049332,0.994390,0.148966,0.207185,0.243184,0.006624,-207.883522,3.185735,1396038.561803,1161963.271225,2307280.317245,207665.470107,1090450.370752,368.424259,98.649119,210.384345,30.198710,36.238452,85.563011,23.152344,49.324559,7.046366,8.052989,524.450927,140.927312,299.973850,43.284817,51.337807,3.000000,2.000000,3.000000,0.000000,1.000000,0.000000,1.000000,2.000000,0.000000,1.000000,0.000000,1.000000,3.000000,0.000000,1.000000,1553.000000,438.000000,932.000000,136.000000,161.000000,5.000000,
0.049332,0.994390,0.148966,0.207185,0.243184,0.006624,-207.883522,3.185735,1396038.561803,1161963.271225,2307280.317245,207665.470107,1090450.370752,368.424259,98.649119,210.384345,30.198710,36.238452,85.563011,23.152344,49.324559,7.046366,8.052989,524.450927,140.927312,299.973850,43.284817,51.337807,3.000000,2.000000,3.000000,0.000000,1.000000,0.000000,1.000000,2.000000,0.000000,1.000000,0.000000,1.000000,3.000000,0.000000,1.000000,1553.000000,438.000000,932.000000,136.000000,161.000000,5.000000,
0.049332,0.994390,0.148966,0.207185,0.243184,0.006624,-207.883522,3.185735,1396038.561803,1161963.271225,2307280.317245,207665.470107,1090450.370752,368.424259,98.649119,210.384345,30.198710,36.238452,85.563011,23.152344,49.324559,7.046366,8.052989,524.450927,140.927312,299.973850,43.284817,51.337807,3.000000,2.000000,3.000000,0.000000,1.000000,0.000000,1.000000,2.000000,0.000000,1.000000,0.000000,1.000000,3.000000,0.000000,1.000000,1553.000000,438.000000,932.000000,136.000000,161.000000,5.000000,
0.049332,0.994390,0.148966,0.207185,0.243184,0.006624,-207.883522,3.185735,1396038.561803,1161963.271225,2307280.317245,207665.470107,1090450.370752,368.424259,98.649119,210.384345,30.198710,36.238452,85.563011,23.152344,49.324559,7.046366,8.052989,524.450927,140.927312,299.973850,43.284817,51.337807,3.000000,2.000000,3.000000,0.000000,1.000000,0.000000,1.000000,2.000000,0.000000,1.000000,0.000000,1.000000,3.000000,0.000000,1.000000,1553.000000,438.000000,932.000000,136.000000,161.000000,5.000000,
0.049332,0.994390,0.148966,0.207185,0.243184,0.006624,-207.883522,3.185735,1396038.561803,1161963.271225,2307280.317245,207665.470107,1090450.370752,368.424259,98.649119,210.384345,30.198710,36.238452,85.563011,23.152344,49.324559,7.046366,8.052989,524.450927,140.927312,299.973850,43.284817,51.337807,3.000000,2.000000,3.000000,0.000000,1.000000,0.000000,1.000000,2.000000,0.000000,1.000000,0.000000,1.000000,3.000000,0.000000,1.000000,1553.000000,438.000000,932.000000,136.000000,161.000000,5.000000,
0.049332,0.994390,0.148966,0.207185,0.243184,0.006624,-207.883522,3.185735,1396038.561803,1161963.271225,2307280.317245,207665.470107,1090450.370752,368.424259,98.649119,210.384345,30.198710,36.238452,85.563011,23.152344,49.324559,7.046366,8.052989,524.450927,140.927312,299.973850,43.284817,51.337807,3.000000,2.000000,3.000000,0.000000,1.000000,0.000000,1.000000,2.000000,0.000000,1.000000,0.000000,1.000000,3.000000,0.000000,1.000000,1553.000000,438.000000,932.000000,136.000000,161.000000,5.000000,
0.049332,0.994390,0.148966,0.207185,0.243184,0.006624,-207.883522,3.185735,1396038.561803,1161963.271225,2307280.317245,207665.470107,1090450.370752,368.424259,98.649119,210.384345,30.198710,36.238452,85.563011,23.152344,49.324559,7.046366,8.052989,524.450927,140.927312,299.973850,43.284817,51.337807,3.000000,2.000000,3.000000,0.000000,1.000000,0.000000,1.000000,2.000000,0.000000,1.000000,0.000000,1.000000,3.000000,0.000000,1.000000,1553.000000,438.000000,932.000000,136.000000,161.000000,5.000000,
0.049303,0.995751,0.149685,0.224104,0.204295,0.006863,-208.171859,3.185427,1396038.329642,1161963.208885,2307280.184446,207665.450999,1090450.348062,368.511678,98.672526,210.434264,30.205875,36.247050,85.583313,23.157838,49.336263,7.048038,8.054900,524.575367,140.960751,300.045027,43.295088,51.349988,3.000000,2.000000,3.000000,0.000000,1.000000,0.000000,1.000000,2.000000,0.000000,1.000000,0.000000,1.000000,3.000000,0.000000,1.000000,1553.000000,438.000000,932.000000,136.000000,161.000000,5.000000,
0.049303,0.995751,0.149685,0.224104,0.204295,0.006863,-208.171859,3.185427,1396038.329642,1161963.208885,2307280.184446,207665.450999,1090450.348062,368.511678,98.672526,210.434264,30.205875,36.247050,85.583313,23.157838,49.336263,7.048038,8.054900,524.575367,140.960751,300.045027,43.295088,51.349988,3.000000,2.000000,3.000000,0.000000,1.000000,0.000000,1.000000,2.000000,0.000000,1.000000,0.000000,1.000000,3.000000,0.000000,1.000000,1553.000000,438.000000,932.000000,136.000000,161.000000,5.000000,
0.049303,0.995751,0.149685,0.224104,0.204295,0.006863,-208.171859,3.185427,1396038.329642,1161963.208885,2307280.184446,207665.450999,1090450.348062,368.511678,98.672526,210.434264,30.205875,36.247050,85.583313,23.157838,49.336263,7.048038,8.054900,524.575367,140.960751,300.045027,43.295088,51.349988,3.000000,2.000000,3.000000,0.000000,1.000000,0.000000,1.000000,2.000000,0.000000,1.000000,0.000000,1.000000,3.000000,0.000000,1.000000,1553.000000,438.000000,932.000000,136.000000,161.000000,5.000000,
0.049303,0.995751,0.149685,0.224104,0.204295,0.006863,-208.171859,3.185427,1396038.329642,1161963.208885,2307280.184446,207665.450999,1090450.348062,368.511678,98.672526,210.434264,30.205875,36.247050,85.583313,23.157838,49.336263,7.048038,8.054900,524.575367,140.960751,300.045027,43.295088,51.349988,3.000000,2.000000,3.000000,0.000000,1.000000,0.000000,1.000000,2.000000,0.000000,1.000000,0.000000,1.000000,3.000000,0.000000,1.000000,1553.000000,438.000000,932.000000,136.000000,161.000000,5.000000,
0.049303,0.995751,0.149685,0.224104,0.204295,0.006863,-208.171859,3.185427,1396038.329642,1161963.208885,2307280.184446,207665.450999,1090450.348062,368.511678,98.672526,210.434264,30.205875,36.247050,85.583313,23.157838,49.336263,7.048038,8.054900,524.575367,140.960751,300.045027,43.295088,51.349988,3.000000,2.000000,3.000000,0.000000,1.000000,0.000000,1.000000,2.000000,0.000000,1.000000,0.000000,1.000000,3.000000,0.000000,1.000000,1553.000000,438.000000,932.000000,136.000000,161.000000,5.000000,
0.049303,0.995751,0.149685,0.224104,0.204295,0.006863,-208.171859,3.185427,1396038.329642,1161963.208885,2307280.184446,207665.450999,1090450.348062,368.511678,98.672526,210.434264,30.205875,36.247050,85.583313,23.157838,49.336263,7.048038,8.054900,524.575367,140.960751,300.045027,43.295088,51.349988,3.000000,2.000000,3.000000,0.000000,1.000000,0.000000,1.000000,2.000000,0.000000,1.000000,0.000000,1.000000,3.000000,0.000000,1.000000,1553.000000,438.000000,932.000000,136.000000,161.000000,5.000000,
0.049303,0.995751,0.149685,0.224104,0.204295,0.006863,-208.171859,3.185427,1396038.329642,1161963.208885,2307280.184446,207665.450999,1090450.348062,368.511678,98.672526,210.434264,30.205875,36.247050,85.583313,23.157838,49.336263,7.048038,8.054900,524.575367,140.960751,300.045027,43.295088,51.349988,3.000000,2.000000,3.000000,0.000000,1.000000,0.000000,1.000000,2.000000,0.000000,1.000000,0.000000,1.000000,3.000000,0.000000,1.000000,1553.000000,438.000000,932.000000,136.000000,161.000000,5.000000,
0.049303,0.995751,0.149685,0.224104,0.204295,0.006863,-208.171859,3.185427,1396038.329642,1161963.208885,2307280.184446,207665.450999,1090450.348062,368.511678,98.672526,210.434264,30.205875,36.247050,85.583313,23.157838,49.336263,7.048038,8.054900,524.575367,140.960751,300.045027,43.295088,51.349988,3.000000,2.000000,3.000000,0.000000,1.000000,0.000000,1.000000,2.000000,0.000000,1.000000,0.000000,1.000000,3.000000,0.000000,1.000000,1553.000000,438.000000,932.000000,136.000000,161.000000,5.000000,
0.049303,0.995751,0.149685,0.224104,0.204295,0.006863,-208.171859,3.185427,1396038.329642,1161963.208885,2307280.184446,207665.450999,1090450.348062,368.511678,98.672526,210.434264,30.205875,36.247050,85.583313,23.157838,49.336263,7.048038,8.054900,524.575367,140.960751,300.045027,43.295088,51.349988,3.000000,2.000000,3.000000,0.000000,1.000000,0.000000,1.000000,2.000000,0.000000,1.000000,0.000000,1.000000,3.000000,0.000000,1.000000,1553.000000,438.000000,932.000000,136.000000,161.000000,5.000000,
0.049303,0.995751,0.149685,0.224104,0.204295,0.006863,-208.171859,3.185427,1396038.329642,1161963.208885,2307280.184446,207665.450999,1090450.348062,368.511678,98.672526,210.434264,30.205875,36.247050,85.583313,23.157838,49.336263,7.048038,8.054900,524.575367,140.960751,300.045027,43.295088,51.349988,3.000000,2.000000,3.000000,0.000000,1.000000,0.000000,1.000000,2.000000,0.000000,1.000000,0.000000,1.000000,3.000000,0.000000,1.000000,1553.000000,438.000000,932.000000,136.000000,161.000000,5.000000,
0.049303,0.995751,0.149685,0.224104,0.204295,0.006863,-208.171859,3.185427,1396038.329642,1161963.208885,2307280.184446,207665.450999,1090450.348062,368.511678,98.672526,210.434264,30.205875,36.247050,85.583313,23.157838,49.336263,7.048038,8.054900,524.575367,140.960751,300.045027,43.295088,51.349988,3.000000,2.000000,3.000000,0.000000,1.000000,0.000000,1.000000,2.000000,0.000000,1.000000,0.000000,1.000000,3.000000,0.000000,1.000000,1553.000000,438.000000,932.000000,136.000000,161.000000,5.000000,
0.049303,0.995751,0.149685,0.224104,0.204295,0.006863,-208.171859,3.185427,1396038.329642,1161963.208885,2307280.184446,207665.450999,1090450.348062,368.511678,98.672526,210.434264,30.205875,36.247050,85.583313,23.157838,49.336263,7.048038,8.054900,524.575367,140.960751,300.045027,43.295088,51.349988,3.000000,2.000000,3.000000,0.000000,1.000000,0.000000,1.000000,2.000000,0.000000,1.000000,0.000000,1.000000,3.000000,0.000000,1.000000,1553.000000,438.000000,932.000000,136.000000,161.000000,5.000000,
0.049303,0.995751,0.149685,0.224104,0.204295,0.006863,-208.171859,3.185427,1396038.329642,1161963.208885,2307280.184446,207665.450999,1090450.348062,368.511678,98.672526,210.434264,30.205875,36.247050,85.583313,23.157838,49.336263,7.048038,8.054900,524.575367,140.960751,300.045027,43.295088,51.349988,3.000000,2.000000,3.000000,0.000000,1.000000,0.000000,1.000000,2.000000,0.000000,1.000000,0.000000,1.000000,3.000000,0.000000,1.000000,1553.000000,438.000000,932.000000,136.000000,161.000000,5.000000,
0.049303,0.995751,0.149685,0.224104,0.204295,0.006863,-208.171859,3.185427,1396038.329642,1161963.208885,2307280.184446,207665.450999,1090450.348062,368.511678,98.672526,210.434264,30.205875,36.247050,85.583313,23.157838,49.336263,7.048038,8.054900,524.575367,140.960751,300.045027,43.295088,51.349988,3.000000,2.000000,3.000000,0.000000,1.000000,0.000000,1.000000,2.000000,0.000000,1.000000,0.000000,1.000000,3.000000,0.000000,1.000000,1553.000000,438.000000,932.000000,136.000000,161.000000,5.000000,
0.049303,0.995751,0.149685,0.224104,0.204295,0.006863,-208.171859,3.185427,1396038.329642,1161963.208885,2307280.184446,207665.450999,1090450.348062,368.511678,98.672526,210.434264,30.205875,36.247050,85.583313,23.157838,49.336263,7.048038,8.054900,524.575367,140.960751,300.045027,43.295088,51.349988,3.000000,2.000000,3.000000,0.000000,1.000000,0.000000,1.000000,2.000000,0.000000,1.000000,0.000000,1.000000,3.000000,0.000000,1.000000,1553.000000,438.000000,932.000000,136.000000,161.000000,5.000000,
0.049385,0.998061,0.149736,0.189861,0.273947,0.005242,-206.941613,3.190826,1396039.905209,1161963.631954,2307281.085696,207665.580676,1090450.502052,367.918409,98.513672,210.095485,30.157247,36.188696,85.445532,23.120556,49.256836,7.036691,8.041932,523.730850,140.733818,299.561983,43.225387,51.267319,3.000000,2.000000,3.000000,0.000000,1.000000,0.000000,1.000000,2.000000,0.000000,1.000000,0.000000,1.000000,3.000000,0.000000,1.000000,1553.000000,438.000000,932.000000,136.000000,161.000000,5.000000,
0.049340,0.998938,0.150556,0.214580,0.213848,0.005882,-207.811379,3.189762,1396039.282680,1161963.464794,2307280.729599,207665.529439,1090450.441208,368.152818,98.576438,210.229342,30.176461,36.211753,85.499971,23.135286,49.288219,7.041174,8.047056,524.064531,140.823482,299.752841,43.252927,51.299983,3.000000,2.000000,3.000000,0.000000,1.000000,0.000000,1.000000,2.000000,0.000000,1.000000,0.000000,1.000000,3.000000,0.000000,1.000000,1553.000000,438.000000,932.000000,136.000000,161.000000,5.000000,
0.049351,0.996180,0.151184,0.210688,0.214868,0.007034,-208.938998,3.191860,1396038.163009,1161963.164141,2307280.089129,207665.437285,1090450.331776,368.574422,98.689326,210.470094,30.211018,36.253222,85.597885,23.161781,49.344663,7.049238,8.056272,524.664683,140.984752,300.096114,43.302459,51.358731,3.000000,2.000000,3.000000,0.000000,1.000000,0.000000,1.000000,2.000000,0.000000,1.000000,0.000000,1.000000,3.000000,0.000000,1.000000,1553.000000,438.000000,932.000000,136.000000,161.000000,5.000000,
0.049351,0.996180,0.151184,0.210688,0.214868,0.007034,-208.938998,3.191860,1396038.163009,1161963.164141,2307280.089129,207665.437285,1090450.331776,368.574422,98.689326,210.470094,30.211018,36.253222,85.597885,23.161781,49.344663,7.049238,8.056272,524.664683,140.984752,300.096114,43.302459,51.358731,3.000000,2.000000,3.000000,0.000000,1.000000,0.000000,1.000000,2.000000,0.000000,1.000000,0.000000,1.000000,3.000000,0.000000,1.000000,1553.000000,438.000000,932.000000,136.000000,161.000000,5.000000,
0.049351,0.996180,0.151184,0.210688,0.214868,0.007034,-208.938998,3.191860,1396038.163009,1161963.164141,2307280.089129,207665.437285,1090450.331776,368.574422,98.689326,210.470094,30.211018,36.253222,85.597885,23.161781,49.344663,7.049238,8.056272,524.664683,140.984752,300.096114,43.302459,51.358731,3.000000,2.000000,3.000000,0.000000,1.000000,0.000000,1.000000,2.000000,0.000000,1.000000,0.000000,1.000000,3.000000,0.000000,1.000000,1553.000000,438.000000,932.000000,136.000000,161.000000,5.000000,
0.049351,0.996180,0.151184,0.210688,0.214868,0.007034,-208.938998,3.191860,1396038.163009,1161963.164141,2307280.089129,207665.437285,1090450.331776,368.574422,98.689326,210.470094,30.211018,36.253222,85.597885,23.161781,49.344663,7.049238,8.056272,524.664683,140.984752,300.096114,43.302459,51.358731,3.000000,2.000000,3.000000,0.000000,1.000000,0.000000,1.000000,2.000000,0.000000,1.000000,0.000000,1.000000,3.000000,0.000000,1.000000,1553.000000,438.000000,932.000000,136.000000,161.000000,5.000000,
0.049351,0.996180,0.151184,0.210688,0.214868,0.007034,-208.938998,3.191860,1396038.163009,1161963.164141,2307280.089129,207665.437285,1090450.331776,368.574422,98.689326,210.470094,30.211018,36.253222,85.597885,23.161781,49.344663,7.049238,8.056272,524.664683,140.984752,300.096114,43.302459,51.358731,3.000000,2.000000,3.000000,0.000000,1.000000,0.000000,1.000000,2.000000,0.000000,1.000000,0.000000,1.000000,3.000000,0.000000,1.000000,1553.000000,438.000000,932.000000,136.000000,161.000000,5.000000,
0.049351,0.996180,0.151184,0.210688,0.214868,0.007034,-208.938998,3.191860,1396038.163009,1161963.164141,2307280.089129,207665.437285,1090450.331776,368.574422,98.689326,210.470094,30.211018,36.253222,85.597885,23.161781,49.344663,7.049238,8.056272,524.664683,140.984752,300.096114,43.302459,51.358731,3.000000,2.000000,3.000000,0.000000,1.000000,0.000000,1.000000,2.000000,0.000000,1.000000,0.000000,1.000000,3.000000,0.000000,1.000000,1553.000000,438.000000,932.000000,136.000000,161.000000,5.000000,
0.049345,0.995030,0.151755,0.219388,0.193514,0.008082,-209.407820,3.192746,1396037.144016,1161962.890523,2307279.506248,207665.353417,1090450.232183,368.958117,98.792064,210.689198,30.242469,36.290962,85.686994,23.185893,49.396032,7.056576,8.064658,525.210872,141.131520,300.408522,43.347538,51.412197,3.000000,2.000000,3.000000,0.000000,1.000000,0.000000,1.000000,2.000000,0.000000,1.000000,0.000000,1.000000,3.000000,0.000000,1.000000,1553.000000,438.000000,932.000000,136.000000,161.000000,5.000000,
0.049345,0.995030,0.151755,0.219388,0.193514,0.008082,-209.407820,3.192746,1396037.144016,1161962.890523,2307279.506248,207665.353417,1090450.232183,368.958117,98.792064,210.689198,30.242469,36.290962,85.686994,23.185893,49.396032,7.056576,8.064658,525.210872,141.131520,300.408522,43.347538,51.412197,3.000000,2.000000,3.000000,0.000000,1.000000,0.000000,1.000000,2.000000,0.000000,1.000000,0.000000,1.000000,3.000000,0.000000,1.000000,1553.000000,438.000000,932.000000,136.000000,161.000000,5.000000,
0.049345,0.995030,0.151755,0.219388,0.193514,0.008082,-209.407820,3.192746,1396037.144016,1161962.890523,2307279.506248,207665.353417,1090450.232183,368.958117,98.792064,210.689198,30.242469,36.290962,85.686994,23.185893,49.396032,7.056576,8.064658,525.210872,141.131520,300.408522,43.347538,51.412197,3.000000,2.000000,3.000000,0.000000,1.000000,0.000000,1.000000,2.000000,0.000000,1.000000,0.000000,1.000000,3.000000,0.000000,1.000000,1553.000000,438.000000,932.000000,136.000000,161.000000,5.000000,
0.049345,0.995030,0.151755,0.219388,0.193514,0.008082,-209.407820,3.192746,1396037.144016,1161962.890523,2307279.506248,207665.353417,1090450.232183,368.958117,98.792064,210.689198,30.242469,36.290962,85.686994,23.185893,49.396032,7.056576,8.064658,525.210872,141.131520,300.408522,43.347538,51.412197,3.000000,2.000000,3.000000,0.000000,1.000000,0.000000,1.000000,2.000000,0.000000,1.000000,0.000000,1.000000,3.000000,0.000000,1.000000,1553.000000,438.000000,932.000000,136.000000,161.000000,5.000000,
0.049345,0.995030,0.151755,0.219388,0.193514,0.008082,-209.407820,3.192746,1396037.144016,1161962.890523,2307279.506248,207665.353417,1090450.232183,368.958117,98.792064,210.689198,30.242469,36.290962,85.686994,23.185893,49.396032,7.056576,8.064658,525.210872,141.131520,300.408522,43.347538,51.412197,3.000000,2.000000,3.000000,0.000000,1.000000,0.000000,1.000000,2.000000,0.000000,1.000000,0.000000,1.000000,3.000000,0.000000,1.000000,1553.000000,438.000000,932.000000,136.000000,161.000000,5.000000,
0.049345,0.995030,0.151755,0.219388,0.193514,0.008082,-209.407820,3.192746,1396037.144016,1161962.890523,2307279.506248,207665.353417,1090450.232183,368.958117,98.792064,210.689198,30.242469,36.290962,85.686994,23.185893,49.396032,7.056576,8.064658,525.210872,141.131520,300.408522,43.347538,51.412197,3.000000,2.000000,3.000000,0.000000,1.000000,0.000000,1.000000,2.000000,0.000000,1.000000,0.000000,1.000000,3.000000,0.000000,1.000000,1553.000000,438.000000,932.000000,136.000000,161.000000,5.000000,
0.049345,0.995030,0.151755,0.219388,0.193514,0.008082,-209.407820,3.192746,1396037.144016,1161962.890523,2307279.506248,207665.353417,1090450.232183,368.958117,98.792064,210.689198,30.242469,36.290962,85.686994,23.185893,49.396032,7.056576,8.064658,525.210872,141.131520,300.408522,43.347538,51.412197,3.000000,2.000000,3.000000,0.000000,1.000000,0.000000,1.000000,2.000000,0.000000,1.000000,0.000000,1.000000,3.000000,0.000000,1.000000,1553.000000,438.000000,932.000000,136.000000,161.000000,5.000000,
0.049345,0.995030,0.151755,0.219388,0.193514,0.008082,-209.407820,3.192746,1396037.144016,1161962.890523,2307279.506248,207665.353417,1090450.232183,368.958117,98.792064,210.689198,30.242469,36.290962,85.686994,23.185893,49.396032,7.056576,8.064658,525.210872,141.131520,300.408522,43.347538,51.412197,3.000000,2.000000,3.000000,0.000000,1.000000,0.000000,1.000000,2.000000,0.000000,1.000000,0.000000,1.000000,3.000000,0.000000,1.000000,1553.000000,438.000000,932.000000,136.000000,161.000000,5.000000,
0.049345,0.995030,0.151755,0.219388,0.193514,0.008082,-209.407820,3.192746,1396037.144016,1161962.890523,2307279.506248,207665.353417,1090450.232183,368.958117,98.792064,210.689198,30.242469,36.290962,85.686994,23.185893,49.396032,7.056576,8.064658,525.210872,141.131520,300.408522,43.347538,51.412197,3.000000,2.000000,3.000000,0.000000,1.000000,0.000000,1.000000,2.000000,0.000000,1.000000,0.000000,1.000000,3.000000,0.000000,1.000000,1553.000000,438.000000,932.000000,136.000000,161.000000,5.000000,
0.049345,0.995030,0.151755,0.219388,0.193514,0.008082,-209.407820,3.192746,1396037.144016,1161962.890523,2307279.506248,207665.353417,1090450.232183,368.958117,98.792064,210.689198,30.242469,36.290962,85.686994,23.185893,49.396032,7.056576,8.064658,525.210872,141.131520,300.408522,43.347538,51.412197,3.000000,2.000000,3.000000,0.000000,1.000000,0.000000,1.000000,2.000000,0.000000,1.000000,0.000000,1.000000,3.000000,0.000000,1.000000,1553.000000,438.000000,932.000000,136.000000,161.000000,5.000000,
0.049390,0.990662,0.150534,0.212526,0.210746,0.007512,-209.824663,3.192956,1396037.698404,1161963.039386,2307279.823367,207665.399046,1090450.286367,368.749366,98.736169,210.569993,30.225358,36.270429,85.638514,23.172774,49.368085,7.052584,8.060095,524.913716,141.051670,300.238555,43.323013,51.383108,3.000000,2.000000,3.000000,0.000000,1.000000,0.000000,1.000000,2.000000,0.000000,1.000000,0.000000,1.000000,3.000000,0.000000,1.000000,1553.000000,438.000000,932.000000,136.000000,161.000000,5.000000,
0.049390,0.990662,0.150534,0.212526,0.210746,0.007512,-209.824663,3.192956,1396037.698404,1161963.039386,2307279.823367,207665.399046,1090450.286367,368.749366,98.736169,210.569993,30.225358,36.270429,85.638514,23.172774,49.368085,7.052584,8.060095,524.913716,141.051670,300.238555,43.323013,51.383108,3.000000,2.000000,3.000000,0.000000,1.000000,0.000000,1.000000,2.000000,0.000000,1.000000,0.000000,1.000000,3.000000,0.000000,1.000000,1553.000000,438.000000,932.000000,136.000000,161.000000,5.000000,
0.049390,0.990662,0.150534,0.212526,0.210746,0.007512,-209.824663,3.192956,1396037.698404,1161963.039386,2307279.823367,207665.399046,1090450.286367,368.749366,98.736169,210.569993,30.225358,36.270429,85.638514,23.172774,49.368085,7.052584,8.060095,524.913716,141.051670,300.238555,43.323013,51.383108,3.000000,2.000000,3.000000,0.000000,1.000000,0.000000,1.000000,2.000000,0.000000,1.000000,0.000000,1.000000,3.000000,0.000000,1.000000,1553.000000,438.000000,932.000000,136.000000,161.000000,5.000000,
0.049390,0.990662,0.150534,0.212526,0.210746,0.007512,-209.824663,3.192956,1396037.698404,1161963.039386,2307279.823367,207665.399046,1090450.286367,368.749366,98.736169,210.569993,30.225358,36.270429,85.638514,23.172774,49.368085,7.052584,8.060095,524.913716,141.051670,300.238555,43.323013,51.383108,3.000000,2.000000,3.000000,0.000000,1.000000,0.000000,1.000000,2.000000,0.000000,1.000000,0.000000,1.000000,3.000000,0.000000,1.000000,1553.000000,438.000000,932.000000,136.000000,161.000000,5.000000,
0.049390,0.990662,0.150534,0.212526,0.210746,0.007512,-209.824663,3.192956,1396037.698404,1161963.039386,2307279.823367,207665.399046,1090450.286367,368.749366,98.736169,210.569993,30.225358,36.270429,85.638514,23.172774,49.368085,7.052584,8.060095,524.913716,141.051670,300.238555,43.323013,51.383108,3.000000,2.000000,3.000000,0.000000,1.000000,0.000000,1.000000,2.000000,0.000000,1.000000,0.000000,1.000000,3.000000,0.000000,1.000000,1553.000000,438.000000,932.000000,136.000000,161.000000,5.000000,
0.049390,0.990662,0.150534,0.212526,0.210746,0.007512,-209.824663,3.192956,1396037.698404,1161963.039386,2307279.823367,207665.399046,1090450.286367,368.749366,98.736169,210.569993,30.225358,36.270429,85.638514,23.172774,49.368085,7.052584,8.060095,524.913716,141.051670,300.238555,43.323013,51.383108,3.000000,2.000000,3.000000,0.000000,1.000000,0.000000,1.000000,2.000000,0.000000,1.000000,0.000000,1.000000,3.000000,0.000000,1.000000,1553.000000,438.000000,932.000000,136.000000,161.000000,5.000000,
0.049390,0.990662,0.150534,0.212526,0.210746,0.007512,-209.824663,3.192956,1396037.698404,1161963.039386,2307279.823367,207665.399046,1090450.286367,368.749366,98.736169,210.569993,30.225358,36.270429,85.638514,23.172774,49.368085,7.052584,8.060095,524.913716,141.051670,300.238555,43.323013,51.383108,3.000000,2.000000,3.000000,0.000000,1.000000,0.000000,1.000000,2.000000,0.000000,1.000000,0.000000,1.000000,3.000000,0.000000,1.000000,1553.000000,438.000000,932.000000,136.000000,161.000000,5.000000,
0.049390,0.990662,0.150534,0.212526,0.210746,0.007512,-209.824663,3.192956,1396037.698404,1161963.039386,2307279.823367,207665.399046,1090450.286367,368.749366,98.736169,210.569993,30.225358,36.270429,85.638514,23.172774,49.368085,7.052584,8.060095,524.913716,141.051670,300.238555,43.323013,51.383108,3.000000,2.000000,3.000000,0.000000,1.000000,0.000000,1.000000,2.000000,0.000000,1.000000,0.000000,1.000000,3.000000,0.000000,1.000000,1553.000000,438.000000,932.000000,136.000000,161.000000,5.000000,
0.049390,0.990662,0.150534,0.212526,0.210746,0.007512,-209.824663,3.192956,1396037.698404,1161963.039386,2307279.823367,207665.399046,1090450.286367,368.749366,98.736169,210.569993,30.225358,36.270429,85.638514,23.172774,49.368085,7.052584,8.060095,524.913716,141.051670,300.238555,43.323013,51.383108,3.000000,2.000000,3.000000,0.000000,1.000000,0.000000,1.000000,2.000000,0.000000,1.000000,0.000000,1.000000,3.000000,0.000000,1.000000,1553.000000,438.000000,932.000000,136.000000,161.000000,5.000000,
0.049390,0.990662,0.150534,0.212526,0.210746,0.007512,-209.824663,3.192956,1396037.698404,1161963.039386,2307279.823367,207665.399046,1090450.286367,368.749366,98.736169,210.569993,30.225358,36.270429,85.638514,23.172774,49.368085,7.052584,8.060095,524.913716,141.051670,300.238555,43.323013,51.383108,3.000000,2.000000,3.000000,0.000000,1.000000,0.000000,1.000000,2.000000,0.000000,1.000000,0.000000,1.000000,3.000000,0.000000,1.000000,1553.000000,438.000000,932.000000,136.000000,161.000000,5.000000,
0.049390,0.990662,0.150534,0.212526,0.210746,0.007512,-209.824663,3.192956,1396037.698404,1161963.039386,2307279.823367,207665.399046,1090450.286367,368.749366,98.736169,210.569993,30.225358,36.270429,85.638514,23.172774,49.368085,7.052584,8.060095,524.913716,141.051670,300.238555,43.323013,51.383108,3.000000,2.000000,3.000000,0.000000,1.000000,0.000000,1.000000,2.000000,0.000000,1.000000,0.000000,1.000000,3.000000,0.000000,1.000000,1553.000000,438.000000,932.000000,136.000000,161.000000,5.000000,
0.049390,0.990662,0.150534,0.212526,0.210746,0.007512,-209.824663,3.192956,1396037.698404,1161963.039386,2307279.823367,207665.399046,1090450.286367,368.749366,98.736169,210.569993,30.225358,36.270429,85.638514,23.172774,49.368085,7.052584,8.060095,524.913716,141.051670,300.238555,43.323013,51.383108,3.000000,2.000000,3.000000,0.000000,1.000000,0.000000,1.000000,2.000000,0.000000,1.000000,0.000000,1.000000,3.000000,0.000000,1.000000,1553.000000,438.000000,932.000000,136.000000,161.000000,5.000000,
0.049390,0.990662,0.150534,0.212526,0.210746,0.007512,-209.824663,3.192956,1396037.698404,1161963.039386,2307279.823367,207665.399046,1090450.286367,368.749366,98.736169,210.569993,30.225358,36.270429,85.638514,23.172774,49.368085,7.052584,8.060095,524.913716,141.051670,300.238555,43.323013,51.383108,3.000000,2.000000,3.000000,0.000000,1.000000,0.000000,1.000000,2.000000,0.000000,1.000000,0.000000,1.000000,3.000000,0.000000,1.000000,1553.000000,438.000000,932.000000,136.000000,161.000000,5.000000,
0.049390,0.990662,0.150534,0.212526,0.210746,0.007512,-209.824663,3.192956,1396037.698404,1161963.039386,2307279.823367,207665.399046,1090450.286367,368.749366,98.736169,210.569993,30.225358,36.270429,85.638514,23.172774,49.368085,7.052584,8.060095,524.913716,141.051670,300.238555,43.323013,51.383108,3.000000,2.000000,3.000000,0.000000,1.000000,0.000000,1.000000,2.000000,0.000000,1.000000,0.000000,1.000000,3.000000,0.000000,1.000000,1553.000000,438.000000,932.000000,136.000000,161.000000,5.000000,
0.049390,0.990662,0.150534,0.212526,0.210746,0.007512,-209.824663,3.192956,1396037.698404,1161963.039386,2307279.823367,207665.399046,1090450.286367,368.749366,98.736169,210.569993,30.225358,36.270429,85.638514,23.172774,49.368085,7.052584,8.060095,524.913716,141.051670,300.238555,43.323013,51.383108,3.000000,2.000000,3.000000,0.000000,1.000000,0.000000,1.000000,2.000000,0.000000,1.000000,0.000000,1.000000,3.000000,0.000000,1.000000,1553.000000,438.000000,932.000000,136.000000,161.000000,5.000000,
0.049390,0.990662,0.150534,0.212526,0.210746,0.007512,-209.824663,3.192956,1396037.698404,1161963.039386,2307279.823367,207665.399046,1090450.286367,368.749366,98.736169,210.569993,30.225358,36.270429,85.638514,23.172774,49.368085,7.052584,8.060095,524.913716,141.051670,300.238555,43.323013,51.383108,3.000000,2.000000,3.000000,0.000000,1.000000,0.000000,1.000000,2.000000,0.000000,1.000000,0.000000,1.000000,3.000000,0.000000,1.000000,1553.000000,438.000000,932.000000,136.000000,161.000000,5.000000,
0.049390,0.990662,0.150534,0.212526,0.210746,0.007512,-209.824663,3.192956,1396037.698404,1161963.039386,2307279.823367,207665.399046,1090450.286367,368.749366,98.736169,210.569993,30.225358,36.270429,85.638514,23.172774,49.368085,7.052584,8.060095,524.913716,141.051670,300.238555,43.323013,51.383108,3.000000,2.000000,3.000000,0.000000,1.000000,0.000000,1.000000,2.000000,0.000000,1.000000,0.000000,1.000000,3.000000,0.000000,1.000000,1553.000000,438.000000,932.000000,136.000000,161.000000,5.000000,
0.049323,0.993891,0.152292,0.221247,0.185184,0.008222,-210.096581,3.192513,1396037.007793,1161962.853944,2307279.428326,207665.342205,1090450.218869,369.009411,98.805799,210.718489,30.246673,36.296008,85.698907,23.189116,49.402899,7.057557,8.065779,525.283889,141.151141,300.450286,43.353565,51.419344,3.000000,2.000000,3.000000,0.000000,1.000000,0.000000,1.000000,2.000000,0.000000,1.000000,0.000000,1.000000,3.000000,0.000000,1.000000,1553.000000,438.000000,932.000000,136.000000,161.000000,5.000000,
0.049323,0.993891,0.152292,0.221247,0.185184,0.008222,-210.096581,3.192513,1396037.007793,1161962.853944,2307279.428326,207665.342205,1090450.218869,369.009411,98.805799,210.718489,30.246673,36.296008,85.698907,23.189116,49.402899,7.057557,8.065779,525.283889,141.151141,300.450286,43.353565,51.419344,3.000000,2.000000,3.000000,0.000000,1.000000,0.000000,1.000000,2.000000,0.000000,1.000000,0.000000,1.000000,3.000000,0.000000,1.000000,1553.000000,438.000000,932.000000,136.000000,161.000000,5.000000,
0.049323,0.993891,0.152292,0.221247,0.185184,0.008222,-210.096581,3.192513,1396037.007793,1161962.853944,2307279.428326,207665.342205,1090450.218869,369.009411,98.805799,210.718489,30.246673,36.296008,85.698907,23.189116,49.402899,7.057557,8.065779,525.283889,141.151141,300.450286,43.353565,51.419344,3.000000,2.000000,3.000000,0.000000,1.000000,0.000000,1.000000,2.000000,0.000000,1.000000,0.000000,1.000000,3.000000,0.000000,1.000000,1553.000000,438.000000,932.000000,136.000000,161.000000,5.000000,
0.049323,0.993891,0.152292,0.221247,0.185184,0.008222,-210.096581,3.192513,1396037.007793,1161962.853944,2307279.428326,207665.342205,1090450.218869,369.009411,98.805799,210.718489,30.246673,36.296008,85.698907,23.189116,49.402899,7.057557,8.065779,525.283889,141.151141,300.450286,43.353565,51.419344,3.000000,2.000000,3.000000,0.000000,1.000000,0.000000,1.000000,2.000000,0.000000,1.000000,0.000000,1.000000,3.000000,0.000000,1.000000,1553.000000,438.000000,932.000000,136.000000,161.000000,5.000000,
0.049323,0.993891,0.152292,0.221247,0.185184,0.008222,-210.096581,3.192513,1396037.007793,1161962.853944,2307279.428326,207665.342205,1090450.218869,369.009411,98.805799,210.718489,30.246673,36.296008,85.698907,23.189116,49.402899,7.057557,8.065779,525.283889,141.151141,300.450286,43.353565,51.419344,3.000000,2.000000,3.000000,0.000000,1.000000,0.000000,1.000000,2.000000,0.000000,1.000000,0.000000,1.000000,3.000000,0.000000,1.000000,1553.000000,438.000000,932.000000,136.000000,161.000000,5.000000,
0.049323,0.993891,0.152292,0.221247,0.185184,0.008222,-210.096581,3.192513,1396037.007793,1161962.853944,2307279.428326,207665.342205,1090450.218869,369.009411,98.805799,210.718489,30.246673,36.296008,85.698907,23.189116,49.402899,7.057557,8.065779,525.283889,141.151141,300.450286,43.353565,51.419344,3.000000,2.000000,3.000000,0.000000,1.000000,0.000000,1.000000,2.000000,0.000000,1.000000,0.000000,1.000000,3.000000,0.000000,1.000000,1553.000000,438.000000,932.000000,136.000000,161.000000,5.000000,
0.049323,0.993891,0.152292,0.221247,0.185184,0.008222,-210.096581,3.192513,1396037.007793,1161962.853944,2307279.428326,207665.342205,1090450.218869,369.009411,98.805799,210.718489,30.246673,36.296008,85.698907,23.189116,49.402899,7.057557,8.065779,525.283889,141.151141,300.450286,43.353565,51.419344,3.000000,2.000000,3.000000,0.000000,1.000000,0.000000,1.000000,2.000000,0.000000,1.000000,0.000000,1.000000,3.000000,0.000000,1.000000,1553.000000,438.000000,932.000000,136.000000,161.000000,5.000000,
0.049321,0.998768,0.150299,0.217815,0.207959,0.008105,-208.225801,3.187986,1396037.121663,1161962.884521,2307279.493462,207665.351577,1090450.229998,368.966534,98.794318,210.694005,30.243159,36.291790,85.688949,23.186422,49.397159,7.056737,8.064842,525.222853,141.134740,300.415375,43.348527,51.413370,3.000000,2.000000,3.000000,0.000000,1.000000,0.000000,1.000000,2.000000,0.000000,1.000000,0.000000,1.000000,3.000000,0.000000,1.000000,1553.000000,438.000000,932.000000,136.000000,161.000000,5.000000,
0.049321,0.998768,0.150299,0.217815,0.207959,0.008105,-208.225801,3.187986,1396037.121663,1161962.884521,2307279.493462,207665.351577,1090450.229998,368.966534,98.794318,210.694005,30.243159,36.291790,85.688949,23.186422,49.397159,7.056737,8.064842,525.222853,141.134740,300.415375,43.348527,51.413370,3.000000,2.000000,3.000000,0.000000,1.000000,0.000000,1.000000,2.000000,0.000000,1.000000,0.000000,1.000000,3.000000,0.000000,1.000000,1553.000000,438.000000,932.000000,136.000000,161.000000,5.000000,
0.049321,0.998768,0.150299,0.217815,0.207959,0.008105,-208.225801,3.187986,1396037.121663,1161962.884521,2307279.493462,207665.351577,1090450.229998,368.966534,98.794318,210.694005,30.243159,36.291790,85.688949,23.186422,49.397159,7.056737,8.064842,525.222853,141.134740,300.415375,43.348527,51.413370,3.000000,2.000000,3.000000,0.000000,1.000000,0.000000,1.000000,2.000000,0.000000,1.000000,0.000000,1.000000,3.000000,0.000000,1.000000,1553.000000,438.000000,932.000000,136.000000,161.000000,5.000000,
0.049321,0.998768,0.150299,0.217815,0.207959,0.008105,-208.225801,3.187986,1396037.121663,1161962.884521,2307279.493462,207665.351577,1090450.229998,368.966534,98.794318,210.694005,30.243159,36.291790,85.688949,23.186422,49.397159,7.056737,8.064842,525.222853,141.134740,300.415375,43.348527,51.413370,3.000000,2.000000,3.000000,0.000000,1.000000,0.000000,1.000000,2.000000,0.000000,1.000000,0.000000,1.000000,3.000000,0.000000,1.000000,1553.000000,438.000000,932.000000,136.000000,161.000000,5.000000,
0.049321,0.998768,0.150299,0.217815,0.207959,0.008105,-208.225801,3.187986,1396037.121663,1161962.884521,2307279.493462,207665.351577,1090450.229998,368.966534,98.794318,210.694005,30.243159,36.291790,85.688949,23.186422,49.397159,7.056737,8.064842,525.222853,141.134740,300.415375,43.348527,51.413370,3.000000,2.000000,3.000000,0.000000,1.000000,0.000000,1.000000,2.000000,0.000000,1.000000,0.000000,1.000000,3.000000,0.000000,1.000000,1553.000000,438.000000,932.000000,136.000000,161.000000,5.000000,
0.049321,0.998768,0.150299,0.217815,0.207959,0.008105,-208.225801,3.187986,1396037.121663,1161962.884521,2307279.493462,207665.351577,1090450.229998,368.966534,98.794318,210.694005,30.243159,36.291790,85.688949,23.186422,49.397159,7.056737,8.064842,525.222853,141.134740,300.415375,43.348527,51.413370,3.000000,2.000000,3.000000,0.000000,1.000000,0.000000,1.000000,2.000000,0.000000,1.000000,0.000000,1.000000,3.000000,0.000000,1.000000,1553.000000,438.000000,932.000000,136.000000,161.000000,5.000000,
0.049321,0.998768,0.150299,0.217815,0.207959,0.008105,-208.225801,3.187986,1396037.121663,1161962.884521,2307279.493462,207665.351577,1090450.229998,368.966534,98.794318,210.694005,30.243159,36.291790,85.688949,23.186422,49.397159,7.056737,8.064842,525.222853,141.134740,300.415375,43.348527,51.413370,3.000000,2.000000,3.000000,0.000000,1.000000,0.000000,1.000000,2.000000,0.000000,1.000000,0.000000,1.000000,3.000000,0.000000,1.000000,1553.000000,438.000000,932.000000,136.000000,161.000000,5.000000,
0.049321,0.998768,0.150299,0.217815,0.207959,0.008105,-208.225801,3.187986,1396037.121663,1161962.884521,2307279.493462,207665.351577,1090450.229998,368.966534,98.794318,210.694005,30.243159,36.291790,85.688949,23.186422,49.397159,7.056737,8.064842,525.222853,141.134740,300.415375,43.348527,51.413370,3.000000,2.000000,3.000000,0.000000,1.000000,0.000000,1.000000,2.000000,0.000000,1.000000,0.000000,1.000000,3.000000,0.000000,1.000000,1553.000000,438.000000,932.000000,136.000000,161.000000,5.000000,
0.049321,0.998768,0.150299,0.217815,0.207959,0.008105,-208.225801,3.187986,1396037.121663,1161962.884521,2307279.493462,207665.351577,1090450.229998,368.966534,98.794318,210.694005,30.243159,36.291790,85.688949,23.186422,49.397159,7.056737,8.064842,525.222853,141.134740,300.415375,43.348527,51.413370,3.000000,2.000000,3.000000,0.000000,1.000000,0.000000,1.000000,2.000000,0.000000,1.000000,0.000000,1.000000,3.000000,0.000000,1.000000,1553.000000,438.000000,932.000000,136.000000,161.000000,5.000000,
0.049321,0.998768,0.150299,0.217815,0.207959,0.008105,-208.225801,3.187986,1396037.121663,1161962.884521,2307279.493462,207665.351577,1090450.229998,368.966534,98.794318,210.694005,30.243159,36.291790,85.688949,23.186422,49.397159,7.056737,8.064842,525.222853,141.134740,300.415375,43.348527,51.413370,3.000000,2.000000,3.000000,0.000000,1.000000,0.000000,1.000000,2.000000,0.000000,1.000000,0.000000,1.000000,3.000000,0.000000,1.000000,1553.000000,438.000000,932.000000,136.000000,161.000000,5.000000,
0.049321,0.998768,0.150299,0.217815,0.207959,0.008105,-208.225801,3.187986,1396037.121663,1161962.884521,2307279.493462,207665.351577,1090450.229998,368.966534,98.794318,210.694005,30.243159,36.291790,85.688949,23.186422,49.397159,7.056737,8.064842,525.222853,141.134740,300.415375,43.348527,51.413370,3.000000,2.000000,3.000000,0.000000,1.000000,0.000000,1.000000,2.000000,0.000000,1.000000,0.000000,1.000000,3.000000,0.000000,1.000000,1553.000000,438.000000,932.000000,136.000000,161.000000,5.000000,
0.049321,0.998768,0.150299,0.217815,0.207959,0.008105,-208.225801,3.187986,1396037.121663,1161962.884521,2307279.493462,207665.351577,1090450.229998,368.966534,98.794318,210.694005,30.243159,36.291790,85.688949,23.186422,49.397159,7.056737,8.064842,525.222853,141.134740,300.415375,43.348527,51.413370,3.000000,2.000000,3.000000,0.000000,1.000000,0.000000,1.000000,2.000000,0.000000,1.000000,0.000000,1.000000,3.000000,0.000000,1.000000,1553.000000,438.000000,932.000000,136.000000,161.000000,5.000000,
0.049321,0.998768,0.150299,0.217815,0.207959,0.008105,-208.225801,3.187986,1396037.121663,1161962.884521,2307279.493462,207665.351577,1090450.229998,368.966534,98.794318,210.694005,30.243159,36.291790,85.688949,23.186422,49.397159,7.056737,8.064842,525.222853,141.134740,300.415375,43.348527,51.413370,3.000000,2.000000,3.000000,0.000000,1.000000,0.000000,1.000000,2.000000,0.000000,1.000000,0.000000,1.000000,3.000000,0.000000,1.000000,1553.000000,438.000000,932.000000,136.000000,161.000000,5.000000,
0.049321,0.998768,0.150299,0.217815,0.207959,0.008105,-208.225801,3.187986,1396037.121663,1161962.884521,2307279.493462,207665.351577,1090450.229998,368.966534,98.794318,210.694005,30.243159,36.291790,85.688949,23.186422,49.397159,7.056737,8.064842,525.222853,141.134740,300.415375,43.348527,51.413370,3.000000,2.000000,3.000000,0.000000,1.000000,0.000000,1.000000,2.000000,0.000000,1.000000,0.000000,1.000000,3.000000,0.000000,1.000000,1553.000000,438.000000,932.000000,136.000000,161.000000,5.000000,
0.049321,0.998768,0.150299,0.217815,0.207959,0.008105,-208.225801,3.187986,1396037.121663,1161962.884521,2307279.493462,207665.351577,1090450.229998,368.966534,98.794318,210.694005,30.243159,36.291790,85.688949,23.186422,49.397159,7.056737,8.064842,525.222853,141.134740,300.415375,43.348527,51.413370,3.000000,2.000000,3.000000,0.000000,1.000000,0.000000,1.000000,2.000000,0.000000,1.000000,0.000000,1.000000,3.000000,0.000000,1.000000,1553.000000,438.000000,932.000000,136.000000,161.000000,5.000000,
0.049321,0.998768,0.150299,0.217815,0.207959,0.008105,-208.225801,3.187986,1396037.121663,1161962.884521,2307279.493462,207665.351577,1090450.229998,368.966534,98.794318,210.694005,30.243159,36.291790,85.688949,23.186422,49.397159,7.056737,8.064842,525.222853,141.134740,300.415375,43.348527,51.413370,3.000000,2.000000,3.000000,0.000000,1.000000,0.000000,1.000000,2.000000,0.000000,1.000000,0.000000,1.000000,3.000000,0.000000,1.000000,1553.000000,438.000000,932.000000,136.000000,161.000000,5.000000,
0.049321,0.998768,0.150299,0.217815,0.207959,0.008105,-208.225801,3.187986,1396037.121663,1161962.884521,2307279.493462,207665.351577,1090450.229998,368.966534,98.794318,210.694005,30.243159,36.291790,85.688949,23.186422,49.397159,7.056737,8.064842,525.222853,141.134740,300.415375,43.348527,51.413370,3.000000,2.000000,3.000000,0.000000,1.000000,0.000000,1.000000,2.000000,0.000000,1.000000,0.000000,1.000000,3.000000,0.000000,1.000000,1553.000000,438.000000,932.000000,136.000000,161.000000,5.000000,
0.049321,0.998768,0.150299,0.217815,0.207959,0.008105,-208.225801,3.187986,1396037.121663,1161962.884521,2307279.493462,207665.351577,1090450.229998,368.966534,98.794318,210.694005,30.243159,36.291790,85.688949,23.186422,49.397159,7.056737,8.064842,525.222853,141.134740,300.415375,43.348527,51.413370,3.000000,2.000000,3.000000,0.000000,1.000000,0.000000,1.000000,2.000000,0.000000,1.000000,0.000000,1.000000,3.000000,0.000000,1.000000,1553.000000,438.000000,932.000000,136.000000,161.000000,5.000000,
0.049321,0.998768,0.150299,0.217815,0.207959,0.008105,-208.225801,3.187986,1396037.121663,1161962.884521,2307279.493462,207665.351577,1090450.229998,368.966534,98.794318,210.694005,30.243159,36.291790,85.688949,23.186422,49.397159,7.056737,8.064842,525.222853,141.134740,300.415375,43.348527,51.413370,3.000000,2.000000,3.000000,0.000000,1.000000,0.000000,1.000000,2.000000,0.000000,1.000000,0.000000,1.000000,3.000000,0.000000,1.000000,1553.000000,438.000000,932.000000,136.000000,161.000000,5.000000,
0.049321,0.998768,0.150299,0.217815,0.207959,0.008105,-208.225801,3.187986,1396037.121663,1161962.884521,2307279.493462,207665.351577,1090450.229998,368.966534,98.794318,210.694005,30.243159,36.291790,85.688949,23.186422,49.397159,7.056737,8.064842,525.222853,141.134740,300.415375,43.348527,51.413370,3.000000,2.000000,3.000000,0.000000,1.000000,0.000000,1.000000,2.000000,0.000000,1.000000,0.000000,1.000000,3.000000,0.000000,1.000000,1553.000000,438.000000,932.000000,136.000000,161.000000,5.000000,
0.049321,0.998768,0.150299,0.217815,0.207959,0.008105,-208.225801,3.187986,1396037.121663,1161962.884521,2307279.493462,207665.351577,1090450.229998,368.966534,98.794318,210.694005,30.243159,36.291790,85.688949,23.186422,49.397159,7.056737,8.064842,525.222853,141.134740,300.415375,43.348527,51.413370,3.000000,2.000000,3.000000,0.000000,1.000000,0.000000,1.000000,2.000000,0.000000,1.000000,0.000000,1.000000,3.000000,0.000000,1.000000,1553.000000,438.000000,932.000000,136.000000,161.000000,5.000000,
0.049321,0.998768,0.150299,0.217815,0.207959,0.008105,-208.225801,3.187986,1396037.121663,1161962.884521,2307279.493462,207665.351577,1090450.229998,368.966534,98.794318,210.694005,30.243159,36.291790,85.688949,23.186422,49.397159,7.056737,8.064842,525.222853,141.134740,300.415375,43.348527,51.413370,3.000000,2.000000,3.000000,0.000000,1.000000,0.000000,1.000000,2.000000,0.000000,1.000000,0.000000,1.000000,3.000000,0.000000,1.000000,1553.000000,438.000000,932.000000,136.000000,161.000000,5.000000,
0.049321,0.998768,0.150299,0.217815,0.207959,0.008105,-208.225801,3.187986,1396037.121663,1161962.884521,2307279.493462,207665.351577,1090450.229998,368.966534,98.794318,210.694005,30.243159,36.291790,85.688949,23.186422,49.397159,7.056737,8.064842,525.222853,141.134740,300.415375,43.348527,51.413370,3.000000,2.000000,3.000000,0.000000,1.000000,0.000000,1.000000,2.000000,0.000000,1.000000,0.000000,1.000000,3.000000,0.000000,1.000000,1553.000000,438.000000,932.000000,136.000000,161.000000,5.000000,
0.049349,0.985576,0.151395,0.218753,0.191483,0.008317,-211.458287,3.192213,1396036.915461,1161962.829152,2307279.375511,207665.334606,1090450.209844,369.044178,98.815108,210.738342,30.249523,36.299427,85.706981,23.191301,49.407554,7.058222,8.066539,525.333379,141.164440,300.478593,43.357649,51.424189,3.000000,2.000000,3.000000,0.000000,1.000000,0.000000,1.000000,2.000000,0.000000,1.000000,0.000000,1.000000,3.000000,0.000000,1.000000,1553.000000,438.000000,932.000000,136.000000,161.000000,5.000000,
0.049300,0.999372,0.149762,0.223358,0.206358,0.008121,-207.580556,3.185404,1396037.106872,1161962.880549,2307279.485001,207665.350360,1090450.228552,368.972104,98.795809,210.697185,30.243615,36.292338,85.690243,23.186772,49.397905,7.056844,8.064964,525.230782,141.136870,300.419910,43.349182,51.414146,3.000000,2.000000,3.000000,0.000000,1.000000,0.000000,1.000000,2.000000,0.000000,1.000000,0.000000,1.000000,3.000000,0.000000,1.000000,1553.000000,438.000000,932.000000,136.000000,161.000000,5.000000,
0.049336,0.993254,0.147679,0.218712,0.221769,0.007278,-208.427358,3.183128,1396037.925524,1161963.100372,2307279.953283,207665.417739,1090450.308565,368.663846,98.713270,210.521158,30.218348,36.262018,85.618653,23.167400,49.356635,7.050948,8.058226,524.791977,141.018957,300.168924,43.312966,51.371192,3.000000,2.000000,3.000000,0.000000,1.000000,0.000000,1.000000,2.000000,0.000000,1.000000,0.000000,1.000000,3.000000,0.000000,1.000000,1553.000000,438.000000,932.000000,136.000000,161.000000,5.000000,
0.049419,0.981835,0.147303,0.221476,0.203424,0.006501,-211.221041,3.187640,1396038.681231,1161963.303294,2307280.385560,207665.479937,1090450.382425,368.379289,98.637078,210.358665,30.195024,36.234028,85.552567,23.149518,49.318539,7.045506,8.052006,524.386912,140.910111,299.937236,43.279534,51.331540,3.000000,2.000000,3.000000,0.000000,1.000000,0.000000,1.000000,2.000000,0.000000,1.000000,0.000000,1.000000,3.000000,0.000000,1.000000,1553.000000,438.000000,932.000000,136.000000,161.000000,5.000000,
0.049387,0.987341,0.149652,0.212943,0.214595,0.006295,-210.028116,3.190786,1396038.881688,1161963.357120,2307280.500225,207665.496435,1090450.402017,368.303809,98.616867,210.315563,30.188837,36.226604,85.535038,23.144775,49.308433,7.044062,8.050356,524.279466,140.881238,299.875779,43.270666,51.321023,3.000000,2.000000,3.000000,0.000000,1.000000,0.000000,1.000000,2.000000,0.000000,1.000000,0.000000,1.000000,3.000000,0.000000,1.000000,1553.000000,438.000000,932.000000,136.000000,161.000000,5.000000,
0.049387,0.987341,0.149652,0.212943,0.214595,0.006295,-210.028116,3.190786,1396038.881688,1161963.357120,2307280.500225,207665.496435,1090450.402017,368.303809,98.616867,210.315563,30.188837,36.226604,85.535038,23.144775,49.308433,7.044062,8.050356,524.279466,140.881238,299.875779,43.270666,51.321023,3.000000,2.000000,3.000000,0.000000,1.000000,0.000000,1.000000,2.000000,0.000000,1.000000,0.000000,1.000000,3.000000,0.000000,1.000000,1553.000000,438.000000,932.000000,136.000000,161.000000,5.000000,
0.049387,0.987341,0.149652,0.212943,0.214595,0.006295,-210.028116,3.190786,1396038.881688,1161963.357120,2307280.500225,207665.496435,1090450.402017,368.303809,98.616867,210.315563,30.188837,36.226604,85.535038,23.144775,49.308433,7.044062,8.050356,524.279466,140.881238,299.875779,43.270666,51.321023,3.000000,2.000000,3.000000,0.000000,1.000000,0.000000,1.000000,2.000000,0.000000,1.000000,0.000000,1.000000,3.000000,0.000000,1.000000,1553.000000,438.000000,932.000000,136.000000,161.000000,5.000000,
0.049387,0.987341,0.149652,0.212943,0.214595,0.006295,-210.028116,3.190786,1396038.881688,1161963.357120,2307280.500225,207665.496435,1090450.402017,368.303809,98.616867,210.315563,30.188837,36.226604,85.535038,23.144775,49.308433,7.044062,8.050356,524.279466,140.881238,299.875779,43.270666,51.321023,3.000000,2.000000,3.000000,0.000000,1.000000,0.000000,1.000000,2.000000,0.000000,1.000000,0.000000,1.000000,3.000000,0.000000,1.000000,1553.000000,438.000000,932.000000,136.000000,161.000000,5.000000,
0.049387,0.987341,0.149652,0.212943,0.214595,0.006295,-210.028116,3.190786,1396038.881688,1161963.357120,2307280.500225,207665.496435,1090450.402017,368.303809,98.616867,210.315563,30.188837,36.226604,85.535038,23.144775,49.308433,7.044062,8.050356,524.279466,140.881238,299.875779,43.270666,51.321023,3.000000,2.000000,3.000000,0.000000,1.000000,0.000000,1.000000,2.000000,0.000000,1.000000,0.000000,1.000000,3.000000,0.000000,1.000000,1553.000000,438.000000,932.000000,136.000000,161.000000,5.000000,
0.049387,0.987341,0.149652,0.212943,0.214595,0.006295,-210.028116,3.190786,1396038.881688,1161963.357120,2307280.500225,207665.496435,1090450.402017,368.303809,98.616867,210.315563,30.188837,36.226604,85.535038,23.144775,49.308433,7.044062,8.050356,524.279466,140.881238,299.875779,43.270666,51.321023,3.000000,2.000000,3.000000,0.000000,1.000000,0.000000,1.000000,2.000000,0.000000,1.000000,0.000000,1.000000,3.000000,0.000000,1.000000,1553.000000,438.000000,932.000000,136.000000,161.000000,5.000000,
0.049375,0.999080,0.148456,0.216097,0.222851,0.005803,-207.150834,3.187330,1396039.359544,1161963.485433,2307280.773566,207665.535765,1090450.448721,368.123875,98.568688,210.212814,30.174088,36.208906,85.493250,23.133468,49.284344,7.040621,8.046424,524.023331,140.812411,299.729276,43.249526,51.295950,3.000000,2.000000,3.000000,0.000000,1.000000,0.000000,1.000000,2.000000,0.000000,1.000000,0.000000,1.000000,3.000000,0.000000,1.000000,1553.000000,438.000000,932.000000,136.000000,161.000000,5.000000,
0.049375,0.999080,0.148456,0.216097,0.222851,0.005803,-207.150834,3.187330,1396039.359544,1161963.485433,2307280.773566,207665.535765,1090450.448721,368.123875,98.568688,210.212814,30.174088,36.208906,85.493250,23.133468,49.284344,7.040621,8.046424,524.023331,140.812411,299.729276,43.249526,51.295950,3.000000,2.000000,3.000000,0.000000,1.000000,0.000000,1.000000,2.000000,0.000000,1.000000,0.000000,1.000000,3.000000,0.000000,1.000000,1553.000000,438.000000,932.000000,136.000000,161.000000,5.000000,
0.049375,0.999080,0.148456,0.216097,0.222851,0.005803,-207.150834,3.187330,1396039.359544,1161963.485433,2307280.773566,207665.535765,1090450.448721,368.123875,98.568688,210.212814,30.174088,36.208906,85.493250,23.133468,49.284344,7.040621,8.046424,524.023331,140.812411,299.729276,43.249526,51.295950,3.000000,2.000000,3.000000,0.000000,1.000000,0.000000,1.000000,2.000000,0.000000,1.000000,0.000000,1.000000,3.000000,0.000000,1.000000,1553.000000,438.000000,932.000000,136.000000,161.000000,5.000000,
0.049375,0.999080,0.148456,0.216097,0.222851,0.005803,-207.150834,3.187330,1396039.359544,1161963.485433,2307280.773566,207665.535765,1090450.448721,368.123875,98.568688,210.212814,30.174088,36.208906,85.493250,23.133468,49.284344,7.040621,8.046424,524.023331,140.812411,299.729276,43.249526,51.295950,3.000000,2.000000,3.000000,0.000000,1.000000,0.000000,1.000000,2.000000,0.000000,1.000000,0.000000,1.000000,3.000000,0.000000,1.000000,1553.000000,438.000000,932.000000,136.000000,161.000000,5.000000,
0.049375,0.999080,0.148456,0.216097,0.222851,0.005803,-207.150834,3.187330,1396039.359544,1161963.485433,2307280.773566,207665.535765,1090450.448721,368.123875,98.568688,210.212814,30.174088,36.208906,85.493250,23.133468,49.284344,7.040621,8.046424,524.023331,140.812411,299.729276,43.249526,51.295950,3.000000,2.000000,3.000000,0.000000,1.000000,0.000000,1.000000,2.000000,0.000000,1.000000,0.000000,1.000000,3.000000,0.000000,1.000000,1553.000000,438.000000,932.000000,136.000000,161.000000,5.000000,
0.049375,0.999080,0.148456,0.216097,0.222851,0.005803,-207.150834,3.187330,1396039.359544,1161963.485433,2307280.773566,207665.535765,1090450.448721,368.123875,98.568688,210.212814,30.174088,36.208906,85.493250,23.133468,49.284344,7.040621,8.046424,524.023331,140.812411,299.729276,43.249526,51.295950,3.000000,2.000000,3.000000,0.000000,1.000000,0.000000,1.000000,2.000000,0.000000,1.000000,0.000000,1.000000,3.000000,0.000000,1.000000,1553.000000,438.000000,932.000000,136.000000,161.000000,5.000000,
0.049343,0.992540,0.149714,0.202281,0.248997,0.005957,-208.116363,3.188099,1396039.209362,1161963.445106,2307280.687660,207665.523404,1090450.434043,368.180425,98.583830,210.245106,30.178723,36.214468,85.506383,23.137021,49.291915,7.041702,8.047660,524.103830,140.834043,299.775319,43.256170,51.303830,3.000000,2.000000,3.000000,0.000000,1.000000,0.000000,1.000000,2.000000,0.000000,1.000000,0.000000,1.000000,3.000000,0.000000,1.000000,1553.000000,438.000000,932.000000,136.000000,161.000000,5.000000,
0.049402,0.965741,0.150583,0.199416,0.232420,0.005836,-215.003480,3.193870,1396039.327233,1161963.476757,2307280.755084,207665.533106,1090450.445563,368.136042,98.571946,210.219762,30.175085,36.210102,85.496075,23.134232,49.285973,7.040853,8.046689,524.040650,140.817065,299.739182,43.250956,51.297645,3.000000,2.000000,3.000000,0.000000,1.000000,0.000000,1.000000,2.000000,0.000000,1.000000,0.000000,1.000000,3.000000,0.000000,1.000000,1553.000000,438.000000,932.000000,136.000000,161.000000,5.000000,
0.049440,0.964444,0.148499,0.185103,0.272155,0.004734,-215.080628,3.191652,1396040.398855,1161963.764507,2307281.368069,207665.621305,1090450.550300,367.732530,98.463901,209.989341,30.142011,36.170413,85.402363,23.108875,49.231951,7.033136,8.037870,523.466251,140.662716,299.410639,43.203549,51.241418,3.000000,2.000000,3.000000,0.000000,1.000000,0.000000,1.000000,2.000000,0.000000,1.000000,0.000000,1.000000,3.000000,0.000000,1.000000,1553.000000,438.000000,932.000000,136.000000,161.000000,5.000000,
0.049440,0.964444,0.148499,0.185103,0.272155,0.004734,-215.080628,3.191652,1396040.398855,1161963.764507,2307281.368069,207665.621305,1090450.550300,367.732530,98.463901,209.989341,30.142011,36.170413,85.402363,23.108875,49.231951,7.033136,8.037870,523.466251,140.662716,299.410639,43.203549,51.241418,3.000000,2.000000,3.000000,0.000000,1.000000,0.000000,1.000000,2.000000,0.000000,1.000000,0.000000,1.000000,3.000000,0.000000,1.000000,1553.000000,438.000000,932.000000,136.000000,161.000000,5.000000,
0.049440,0.964444,0.148499,0.185103,0.272155,0.004734,-215.080628,3.191652,1396040.398855,1161963.764507,2307281.368069,207665.621305,1090450.550300,367.732530,98.463901,209.989341,30.142011,36.170413,85.402363,23.108875,49.231951,7.033136,8.037870,523.466251,140.662716,299.410639,43.203549,51.241418,3.000000,2.000000,3.000000,0.000000,1.000000,0.000000,1.000000,2.000000,0.000000,1.000000,0.000000,1.000000,3.000000,0.000000,1.000000,1553.000000,438.000000,932.000000,136.000000,161.000000,5.000000,
0.049440,0.964444,0.148499,0.185103,0.272155,0.004734,-215.080628,3.191652,1396040.398855,1161963.764507,2307281.368069,207665.621305,1090450.550300,367.732530,98.463901,209.989341,30.142011,36.170413,85.402363,23.108875,49.231951,7.033136,8.037870,523.466251,140.662716,299.410639,43.203549,51.241418,3.000000,2.000000,3.000000,0.000000,1.000000,0.000000,1.000000,2.000000,0.000000,1.000000,0.000000,1.000000,3.000000,0.000000,1.000000,1553.000000,438.000000,932.000000,136.000000,161.000000,5.000000,
0.049440,0.964444,0.148499,0.185103,0.272155,0.004734,-215.080628,3.191652,1396040.398855,1161963.764507,2307281.368069,207665.621305,1090450.550300,367.732530,98.463901,209.989341,30.142011,36.170413,85.402363,23.108875,49.231951,7.033136,8.037870,523.466251,140.662716,299.410639,43.203549,51.241418,3.000000,2.000000,3.000000,0.000000,1.000000,0.000000,1.000000,2.000000,0.000000,1.000000,0.000000,1.000000,3.000000,0.000000,1.000000,1553.000000,438.000000,932.000000,136.000000,161.000000,5.000000,
0.049440,0.964444,0.148499,0.185103,0.272155,0.004734,-215.080628,3.191652,1396040.398855,1161963.764507,2307281.368069,207665.621305,1090450.550300,367.732530,98.463901,209.989341,30.142011,36.170413,85.402363,23.108875,49.231951,7.033136,8.037870,523.466251,140.662716,299.410639,43.203549,51.241418,3.000000,2.000000,3.000000,0.000000,1.000000,0.000000,1.000000,2.000000,0.000000,1.000000,0.000000,1.000000,3.000000,0.000000,1.000000,1553.000000,438.000000,932.000000,136.000000,161.000000,5.000000,
0.049400,0.984306,0.147818,0.167057,0.331565,0.005243,-209.208849,3.187540,1396039.903628,1161963.631530,2307281.084791,207665.580545,1090450.501898,367.919004,98.513832,210.095825,30.157295,36.188755,85.445670,23.120593,49.256916,7.036702,8.041945,523.731697,140.734045,299.562468,43.225457,51.267402,3.000000,2.000000,3.000000,0.000000,1.000000,0.000000,1.000000,2.000000,0.000000,1.000000,0.000000,1.000000,3.000000,0.000000,1.000000,1553.000000,438.000000,932.000000,136.000000,161.000000,5.000000,
0.049400,0.984306,0.147818,0.167057,0.331565,0.005243,-209.208849,3.187540,1396039.903628,1161963.631530,2307281.084791,207665.580545,1090450.501898,367.919004,98.513832,210.095825,30.157295,36.188755,85.445670,23.120593,49.256916,7.036702,8.041945,523.731697,140.734045,299.562468,43.225457,51.267402,3.000000,2.000000,3.000000,0.000000,1.000000,0.000000,1.000000,2.000000,0.000000,1.000000,0.000000,1.000000,3.000000,0.000000,1.000000,1553.000000,438.000000,932.000000,136.000000,161.000000,5.000000,
0.049353,0.999193,0.149865,0.146924,0.375726,0.004714,-206.068057,3.189100,1396040.418264,1161963.769719,2307281.379171,207665.622902,1090450.552197,367.725222,98.461945,209.985168,30.141412,36.169694,85.400666,23.108416,49.230972,7.032996,8.037710,523.455848,140.659921,299.404689,43.202690,51.240400,3.000000,2.000000,3.000000,0.000000,1.000000,0.000000,1.000000,2.000000,0.000000,1.000000,0.000000,1.000000,3.000000,0.000000,1.000000,1553.000000,438.000000,932.000000,136.000000,161.000000,5.000000,
0.049353,0.999193,0.149865,0.146924,0.375726,0.004714,-206.068057,3.189100,1396040.418264,1161963.769719,2307281.379171,207665.622902,1090450.552197,367.725222,98.461945,209.985168,30.141412,36.169694,85.400666,23.108416,49.230972,7.032996,8.037710,523.455848,140.659921,299.404689,43.202690,51.240400,3.000000,2.000000,3.000000,0.000000,1.000000,0.000000,1.000000,2.000000,0.000000,1.000000,0.000000,1.000000,3.000000,0.000000,1.000000,1553.000000,438.000000,932.000000,136.000000,161.000000,5.000000,
0.049353,0.999193,0.149865,0.146924,0.375726,0.004714,-206.068057,3.189100,1396040.418264,1161963.769719,2307281.379171,207665.622902,1090450.552197,367.725222,98.461945,209.985168,30.141412,36.169694,85.400666,23.108416,49.230972,7.032996,8.037710,523.455848,140.659921,299.404689,43.202690,51.240400,3.000000,2.000000,3.000000,0.000000,1.000000,0.000000,1.000000,2.000000,0.000000,1.000000,0.000000,1.000000,3.000000,0.000000,1.000000,1553.000000,438.000000,932.000000,136.000000,161.000000,5.000000,
0.049353,0.999193,0.149865,0.146924,0.375726,0.004714,-206.068057,3.189100,1396040.418264,1161963.769719,2307281.379171,207665.622902,1090450.552197,367.725222,98.461945,209.985168,30.141412,36.169694,85.400666,23.108416,49.230972,7.032996,8.037710,523.455848,140.659921,299.404689,43.202690,51.240400,3.000000,2.000000,3.000000,0.000000,1.000000,0.000000,1.000000,2.000000,0.000000,1.000000,0.000000,1.000000,3.000000,0.000000,1.000000,1553.000000,438.000000,932.000000,136.000000,161.000000,5.000000,
0.049353,0.999193,0.149865,0.146924,0.375726,0.004714,-206.068057,3.189100,1396040.418264,1161963.769719,2307281.379171,207665.622902,1090450.552197,367.725222,98.461945,209.985168,30.141412,36.169694,85.400666,23.108416,49.230972,7.032996,8.037710,523.455848,140.659921,299.404689,43.202690,51.240400,3.000000,2.000000,3.000000,0.000000,1.000000,0.000000,1.000000,2.000000,0.000000,1.000000,0.000000,1.000000,3.000000,0.000000,1.000000,1553.000000,438.000000,932.000000,136.000000,161.000000,5.000000,
0.049353,0.999193,0.149865,0.146924,0.375726,0.004714,-206.068057,3.189100,1396040.418264,1161963.769719,2307281.379171,207665.622902,1090450.552197,367.725222,98.461945,209.985168,30.141412,36.169694,85.400666,23.108416,49.230972,7.032996,8.037710,523.455848,140.659921,299.404689,43.202690,51.240400,3.000000,2.000000,3.000000,0.000000,1.000000,0.000000,1.000000,2.000000,0.000000,1.000000,0.000000,1.000000,3.000000,0.000000,1.000000,1553.000000,438.000000,932.000000,136.000000,161.000000,5.000000,
0.049353,0.999193,0.149865,0.146924,0.375726,0.004714,-206.068057,3.189100,1396040.418264,1161963.769719,2307281.379171,207665.622902,1090450.552197,367.725222,98.461945,209.985168,30.141412,36.169694,85.400666,23.108416,49.230972,7.032996,8.037710,523.455848,140.659921,299.404689,43.202690,51.240400,3.000000,2.000000,3.000000,0.000000,1.000000,0.000000,1.000000,2.000000,0.000000,1.000000,0.000000,1.000000,3.000000,0.000000,1.000000,1553.000000,438.000000,932.000000,136.000000,161.000000,5.000000,
0.049353,0.999193,0.149865,0.146924,0.375726,0.004714,-206.068057,3.189100,1396040.418264,1161963.769719,2307281.379171,207665.622902,1090450.552197,367.725222,98.461945,209.985168,30.141412,36.169694,85.400666,23.108416,49.230972,7.032996,8.037710,523.455848,140.659921,299.404689,43.202690,51.240400,3.000000,2.000000,3.000000,0.000000,1.000000,0.000000,1.000000,2.000000,0.000000,1.000000,0.000000,1.000000,3.000000,0.000000,1.000000,1553.000000,438.000000,932.000000,136.000000,161.000000,5.000000,
0.049353,0.999193,0.149865,0.146924,0.375726,0.004714,-206.068057,3.189100,1396040.418264,1161963.769719,2307281.379171,207665.622902,1090450.552197,367.725222,98.461945,209.985168,30.141412,36.169694,85.400666,23.108416,49.230972,7.032996,8.037710,523.455848,140.659921,299.404689,43.202690,51.240400,3.000000,2.000000,3.000000,0.000000,1.000000,0.000000,1.000000,2.000000,0.000000,1.000000,0.000000,1.000000,3.000000,0.000000,1.000000,1553.000000,438.000000,932.000000,136.000000,161.000000,5.000000,
0.049353,0.999193,0.149865,0.146924,0.375726,0.004714,-206.068057,3.189100,1396040.418264,1161963.769719,2307281.379171,207665.622902,1090450.552197,367.725222,98.461945,209.985168,30.141412,36.169694,85.400666,23.108416,49.230972,7.032996,8.037710,523.455848,140.659921,299.404689,43.202690,51.240400,3.000000,2.000000,3.000000,0.000000,1.000000,0.000000,1.000000,2.000000,0.000000,1.000000,0.000000,1.000000,3.000000,0.000000,1.000000,1553.000000,438.000000,932.000000,136.000000,161.000000,5.000000,
0.049353,0.999193,0.149865,0.146924,0.375726,0.004714,-206.068057,3.189100,1396040.418264,1161963.769719,2307281.379171,207665.622902,1090450.552197,367.725222,98.461945,209.985168,30.141412,36.169694,85.400666,23.108416,49.230972,7.032996,8.037710,523.455848,140.659921,299.404689,43.202690,51.240400,3.000000,2.000000,3.000000,0.000000,1.000000,0.000000,1.000000,2.000000,0.000000,1.000000,0.000000,1.000000,3.000000,0.000000,1.000000,1553.000000,438.000000,932.000000,136.000000,161.000000,5.000000,
0.049353,0.999193,0.149865,0.146924,0.375726,0.004714,-206.068057,3.189100,1396040.418264,1161963.769719,2307281.379171,207665.622902,1090450.552197,367.725222,98.461945,209.985168,30.141412,36.169694,85.400666,23.108416,49.230972,7.032996,8.037710,523.455848,140.659921,299.404689,43.202690,51.240400,3.000000,2.000000,3.000000,0.000000,1.000000,0.000000,1.000000,2.000000,0.000000,1.000000,0.000000,1.000000,3.000000,0.000000,1.000000,1553.000000,438.000000,932.000000,136.000000,161.000000,5.000000,
0.049353,0.999193,0.149865,0.146924,0.375726,0.004714,-206.068057,3.189100,1396040.418264,1161963.769719,2307281.379171,207665.622902,1090450.552197,367.725222,98.461945,209.985168,30.141412,36.169694,85.400666,23.108416,49.230972,7.032996,8.037710,523.455848,140.659921,299.404689,43.202690,51.240400,3.000000,2.000000,3.000000,0.000000,1.000000,0.000000,1.000000,2.000000,0.000000,1.000000,0.000000,1.000000,3.000000,0.000000,1.000000,1553.000000,438.000000,932.000000,136.000000,161.000000,5.000000,
0.049353,0.999193,0.149865,0.146924,0.375726,0.004714,-206.068057,3.189100,1396040.418264,1161963.769719,2307281.379171,207665.622902,1090450.552197,367.725222,98.461945,209.985168,30.141412,36.169694,85.400666,23.108416,49.230972,7.032996,8.037710,523.455848,140.659921,299.404689,43.202690,51.240400,3.000000,2.000000,3.000000,0.000000,1.000000,0.000000,1.000000,2.000000,0.000000,1.000000,0.000000,1.000000,3.000000,0.000000,1.000000,1553.000000,438.000000,932.000000,136.000000,161.000000,5.000000,
0.049353,0.999193,0.149865,0.146924,0.375726,0.004714,-206.068057,3.189100,1396040.418264,1161963.769719,2307281.379171,207665.622902,1090450.552197,367.725222,98.461945,209.985168,30.141412,36.169694,85.400666,23.108416,49.230972,7.032996,8.037710,523.455848,140.659921,299.404689,43.202690,51.240400,3.000000,2.000000,3.000000,0.000000,1.000000,0.000000,1.000000,2.000000,0.000000,1.000000,0.000000,1.000000,3.000000,0.000000,1.000000,1553.000000,438.000000,932.000000,136.000000,161.000000,5.000000,
0.049353,0.999193,0.149865,0.146924,0.375726,0.004714,-206.068057,3.189100,1396040.418264,1161963.769719,2307281.379171,207665.622902,1090450.552197,367.725222,98.461945,209.985168,30.141412,36.169694,85.400666,23.108416,49.230972,7.032996,8.037710,523.455848,140.659921,299.404689,43.202690,51.240400,3.000000,2.000000,3.000000,0.000000,1.000000,0.000000,1.000000,2.000000,0.000000,1.000000,0.000000,1.000000,3.000000,0.000000,1.000000,1553.000000,438.000000,932.000000,136.000000,161.000000,5.000000,
0.049353,0.999193,0.149865,0.146924,0.375726,0.004714,-206.068057,3.189100,1396040.418264,1161963.769719,2307281.379171,207665.622902,1090450.552197,367.725222,98.461945,209.985168,30.141412,36.169694,85.400666,23.108416,49.230972,7.032996,8.037710,523.455848,140.659921,299.404689,43.202690,51.240400,3.000000,2.000000,3.000000,0.000000,1.000000,0.000000,1.000000,2.000000,0.000000,1.000000,0.000000,1.000000,3.000000,0.000000,1.000000,1553.000000,438.000000,932.000000,136.000000,161.000000,5.000000,
0.049353,0.999193,0.149865,0.146924,0.375726,0.004714,-206.068057,3.189100,1396040.418264,1161963.769719,2307281.379171,207665.622902,1090450.552197,367.725222,98.461945,209.985168,30.141412,36.169694,85.400666,23.108416,49.230972,7.032996,8.037710,523.455848,140.659921,299.404689,43.202690,51.240400,3.000000,2.000000,3.000000,0.000000,1.000000,0.000000,1.000000,2.000000,0.000000,1.000000,0.000000,1.000000,3.000000,0.000000,1.000000,1553.000000,438.000000,932.000000,136.000000,161.000000,5.000000,
0.049353,0.999193,0.149865,0.146924,0.375726,0.004714,-206.068057,3.189100,1396040.418264,1161963.769719,2307281.379171,207665.622902,1090450.552197,367.725222,98.461945,209.985168,30.141412,36.169694,85.400666,23.108416,49.230972,7.032996,8.037710,523.455848,140.659921,299.404689,43.202690,51.240400,3.000000,2.000000,3.000000,0.000000,1.000000,0.000000,1.000000,2.000000,0.000000,1.000000,0.000000,1.000000,3.000000,0.000000,1.000000,1553.000000,438.000000,932.000000,136.000000,161.000000,5.000000,
0.049353,0.999193,0.149865,0.146924,0.375726,0.004714,-206.068057,3.189100,1396040.418264,1161963.769719,2307281.379171,207665.622902,1090450.552197,367.725222,98.461945,209.985168,30.141412,36.169694,85.400666,23.108416,49.230972,7.032996,8.037710,523.455848,140.659921,299.404689,43.202690,51.240400,3.000000,2.000000,3.000000,0.000000,1.000000,0.000000,1.000000,2.000000,0.000000,1.000000,0.000000,1.000000,3.000000,0.000000,1.000000,1553.000000,438.000000,932.000000,136.000000,161.000000,5.000000,
0.049353,0.999193,0.149865,0.146924,0.375726,0.004714,-206.068057,3.189100,1396040.418264,1161963.769719,2307281.379171,207665.622902,1090450.552197,367.725222,98.461945,209.985168,30.141412,36.169694,85.400666,23.108416,49.230972,7.032996,8.037710,523.455848,140.659921,299.404689,43.202690,51.240400,3.000000,2.000000,3.000000,0.000000,1.000000,0.000000,1.000000,2.000000,0.000000,1.000000,0.000000,1.000000,3.000000,0.000000,1.000000,1553.000000,438.000000,932.000000,136.000000,161.000000,5.000000,
0.049353,0.999193,0.149865,0.146924,0.375726,0.004714,-206.068057,3.189100,1396040.418264,1161963.769719,2307281.379171,207665.622902,1090450.552197,367.725222,98.461945,209.985168,30.141412,36.169694,85.400666,23.108416,49.230972,7.032996,8.037710,523.455848,140.659921,299.404689,43.202690,51.240400,3.000000,2.000000,3.000000,0.000000,1.000000,0.000000,1.000000,2.000000,0.000000,1.000000,0.000000,1.000000,3.000000,0.000000,1.000000,1553.000000,438.000000,932.000000,136.000000,161.000000,5.000000,
0.049353,0.999193,0.149865,0.146924,0.375726,0.004714,-206.068057,3.189100,1396040.418264,1161963.769719,2307281.379171,207665.622902,1090450.552197,367.725222,98.461945,209.985168,30.141412,36.169694,85.400666,23.108416,49.230972,7.032996,8.037710,523.455848,140.659921,299.404689,43.202690,51.240400,3.000000,2.000000,3.000000,0.000000,1.000000,0.000000,1.000000,2.000000,0.000000,1.000000,0.000000,1.000000,3.000000,0.000000,1.000000,1553.000000,438.000000,932.000000,136.000000,161.000000,5.000000,
0.049327,0.996373,0.151555,0.149524,0.362018,0.005293,-207.217834,3.191131,1396039.854795,1161963.618417,2307281.056858,207665.576526,1090450.497125,367.937392,98.518755,210.106325,30.158803,36.190563,85.449941,23.121749,49.259378,7.037054,8.042347,523.757872,140.741079,299.577439,43.227617,51.269964,3.000000,2.000000,3.000000,0.000000,1.000000,0.000000,1.000000,2.000000,0.000000,1.000000,0.000000,1.000000,3.000000,0.000000,1.000000,1553.000000,438.000000,932.000000,136.000000,161.000000,5.000000,
0.049327,0.996373,0.151555,0.149524,0.362018,0.005293,-207.217834,3.191131,1396039.854795,1161963.618417,2307281.056858,207665.576526,1090450.497125,367.937392,98.518755,210.106325,30.158803,36.190563,85.449941,23.121749,49.259378,7.037054,8.042347,523.757872,140.741079,299.577439,43.227617,51.269964,3.000000,2.000000,3.000000,0.000000,1.000000,0.000000,1.000000,2.000000,0.000000,1.000000,0.000000,1.000000,3.000000,0.000000,1.000000,1553.000000,438.000000,932.000000,136.000000,161.000000,5.000000,
0.049327,0.996373,0.151555,0.149524,0.362018,0.005293,-207.217834,3.191131,1396039.854795,1161963.618417,2307281.056858,207665.576526,1090450.497125,367.937392,98.518755,210.106325,30.158803,36.190563,85.449941,23.121749,49.259378,7.037054,8.042347,523.757872,140.741079,299.577439,43.227617,51.269964,3.000000,2.000000,3.000000,0.000000,1.000000,0.000000,1.000000,2.000000,0.000000,1.000000,0.000000,1.000000,3.000000,0.000000,1.000000,1553.000000,438.000000,932.000000,136.000000,161.000000,5.000000,
0.049327,0.996373,0.151555,0.149524,0.362018,0.005293,-207.217834,3.191131,1396039.854795,1161963.618417,2307281.056858,207665.576526,1090450.497125,367.937392,98.518755,210.106325,30.158803,36.190563,85.449941,23.121749,49.259378,7.037054,8.042347,523.757872,140.741079,299.577439,43.227617,51.269964,3.000000,2.000000,3.000000,0.000000,1.000000,0.000000,1.000000,2.000000,0.000000,1.000000,0.000000,1.000000,3.000000,0.000000,1.000000,1553.000000,438.000000,932.000000,136.000000,161.000000,5.000000,
0.049327,0.996373,0.151555,0.149524,0.362018,0.005293,-207.217834,3.191131,1396039.854795,1161963.618417,2307281.056858,207665.576526,1090450.497125,367.937392,98.518755,210.106325,30.158803,36.190563,85.449941,23.121749,49.259378,7.037054,8.042347,523.757872,140.741079,299.577439,43.227617,51.269964,3.000000,2.000000,3.000000,0.000000,1.000000,0.000000,1.000000,2.000000,0.000000,1.000000,0.000000,1.000000,3.000000,0.000000,1.000000,1553.000000,438.000000,932.000000,136.000000,161.000000,5.000000,
0.049327,0.996373,0.151555,0.149524,0.362018,0.005293,-207.217834,3.191131,1396039.854795,1161963.618417,2307281.056858,207665.576526,1090450.497125,367.937392,98.518755,210.106325,30.158803,36.190563,85.449941,23.121749,49.259378,7.037054,8.042347,523.757872,140.741079,299.577439,43.227617,51.269964,3.000000,2.000000,3.000000,0.000000,1.000000,0.000000,1.000000,2.000000,0.000000,1.000000,0.000000,1.000000,3.000000,0.000000,1.000000,1553.000000,438.000000,932.000000,136.000000,161.000000,5.000000,
0.049327,0.996373,0.151555,0.149524,0.362018,0.005293,-207.217834,3.191131,1396039.854795,1161963.618417,2307281.056858,207665.576526,1090450.497125,367.937392,98.518755,210.106325,30.158803,36.190563,85.449941,23.121749,49.259378,7.037054,8.042347,523.757872,140.741079,299.577439,43.227617,51.269964,3.000000,2.000000,3.000000,0.000000,1.000000,0.000000,1.000000,2.000000,0.000000,1.000000,0.000000,1.000000,3.000000,0.000000,1.000000,1553.000000,438.000000,932.000000,136.000000,161.000000,5.000000,
0.049327,0.996373,0.151555,0.149524,0.362018,0.005293,-207.217834,3.191131,1396039.854795,1161963.618417,2307281.056858,207665.576526,1090450.497125,367.937392,98.518755,210.106325,30.158803,36.190563,85.449941,23.121749,49.259378,7.037054,8.042347,523.757872,140.741079,299.577439,43.227617,51.269964,3.000000,2.000000,3.000000,0.000000,1.000000,0.000000,1.000000,2.000000,0.000000,1.000000,0.000000,1.000000,3.000000,0.000000,1.000000,1553.000000,438.000000,932.000000,136.000000,161.000000,5.000000,
0.049327,0.996373,0.151555,0.149524,0.362018,0.005293,-207.217834,3.191131,1396039.854795,1161963.618417,2307281.056858,207665.576526,1090450.497125,367.937392,98.518755,210.106325,30.158803,36.190563,85.449941,23.121749,49.259378,7.037054,8.042347,523.757872,140.741079,299.577439,43.227617,51.269964,3.000000,2.000000,3.000000,0.000000,1.000000,0.000000,1.000000,2.000000,0.000000,1.000000,0.000000,1.000000,3.000000,0.000000,1.000000,1553.000000,438.000000,932.000000,136.000000,161.000000,5.000000,
0.049327,0.996373,0.151555,0.149524,0.362018,0.005293,-207.217834,3.191131,1396039.854795,1161963.618417,2307281.056858,207665.576526,1090450.497125,367.937392,98.518755,210.106325,30.158803,36.190563,85.449941,23.121749,49.259378,7.037054,8.042347,523.757872,140.741079,299.577439,43.227617,51.269964,3.000000,2.000000,3.000000,0.000000,1.000000,0.000000,1.000000,2.000000,0.000000,1.000000,0.000000,1.000000,3.000000,0.000000,1.000000,1553.000000,438.000000,932.000000,136.000000,161.000000,5.000000,
0.049327,0.996373,0.151555,0.149524,0.362018,0.005293,-207.217834,3.191131,1396039.854795,1161963.618417,2307281.056858,207665.576526,1090450.497125,367.937392,98.518755,210.106325,30.158803,36.190563,85.449941,23.121749,49.259378,7.037054,8.042347,523.757872,140.741079,299.577439,43.227617,51.269964,3.000000,2.000000,3.000000,0.000000,1.000000,0.000000,1.000000,2.000000,0.000000,1.000000,0.000000,1.000000,3.000000,0.000000,1.000000,1553.000000,438.000000,932.000000,136.000000,161.000000,5.000000,
0.049327,0.996373,0.151555,0.149524,0.362018,0.005293,-207.217834,3.191131,1396039.854795,1161963.618417,2307281.056858,207665.576526,1090450.497125,367.937392,98.518755,210.106325,30.158803,36.190563,85.449941,23.121749,49.259378,7.037054,8.042347,523.757872,140.741079,299.577439,43.227617,51.269964,3.000000,2.000000,3.000000,0.000000,1.000000,0.000000,1.000000,2.000000,0.000000,1.000000,0.000000,1.000000,3.000000,0.000000,1.000000,1553.000000,438.000000,932.000000,136.000000,161.000000,5.000000,
0.049334,0.993539,0.152428,0.137616,0.383658,0.005574,-207.861030,3.193539,1396039.582405,1161963.545275,2307280.901046,207665.554107,1090450.470503,368.039959,98.546218,210.164894,30.167210,36.200652,85.473761,23.128194,49.273109,7.039016,8.044589,523.903876,140.780312,299.660950,43.239667,51.284257,3.000000,2.000000,3.000000,0.000000,1.000000,0.000000,1.000000,2.000000,0.000000,1.000000,0.000000,1.000000,3.000000,0.000000,1.000000,1553.000000,438.000000,932.000000,136.000000,161.000000,5.000000,
0.049334,0.993539,0.152428,0.137616,0.383658,0.005574,-207.861030,3.193539,1396039.582405,1161963.545275,2307280.901046,207665.554107,1090450.470503,368.039959,98.546218,210.164894,30.167210,36.200652,85.473761,23.128194,49.273109,7.039016,8.044589,523.903876,140.780312,299.660950,43.239667,51.284257,3.000000,2.000000,3.000000,0.000000,1.000000,0.000000,1.000000,2.000000,0.000000,1.000000,0.000000,1.000000,3.000000,0.000000,1.000000,1553.000000,438.000000,932.000000,136.000000,161.000000,5.000000,
0.049334,0.993539,0.152428,0.137616,0.383658,0.005574,-207.861030,3.193539,1396039.582405,1161963.545275,2307280.901046,207665.554107,1090450.470503,368.039959,98.546218,210.164894,30.167210,36.200652,85.473761,23.128194,49.273109,7.039016,8.044589,523.903876,140.780312,299.660950,43.239667,51.284257,3.000000,2.000000,3.000000,0.000000,1.000000,0.000000,1.000000,2.000000,0.000000,1.000000,0.000000,1.000000,3.000000,0.000000,1.000000,1553.000000,438.000000,932.000000,136.000000,161.000000,5.000000,
0.049334,0.993539,0.152428,0.137616,0.383658,0.005574,-207.861030,3.193539,1396039.582405,1161963.545275,2307280.901046,207665.554107,1090450.470503,368.039959,98.546218,210.164894,30.167210,36.200652,85.473761,23.128194,49.273109,7.039016,8.044589,523.903876,140.780312,299.660950,43.239667,51.284257,3.000000,2.000000,3.000000,0.000000,1.000000,0.000000,1.000000,2.000000,0.000000,1.000000,0.000000,1.000000,3.000000,0.000000,1.000000,1553.000000,438.000000,932.000000,136.000000,161.000000,5.000000,
0.049334,0.993539,0.152428,0.137616,0.383658,0.005574,-207.861030,3.193539,1396039.582405,1161963.545275,2307280.901046,207665.554107,1090450.470503,368.039959,98.546218,210.164894,30.167210,36.200652,85.473761,23.128194,49.273109,7.039016,8.044589,523.903876,140.780312,299.660950,43.239667,51.284257,3.000000,2.000000,3.000000,0.000000,1.000000,0.000000,1.000000,2.000000,0.000000,1.000000,0.000000,1.000000,3.000000,0.000000,1.000000,1553.000000,438.000000,932.000000,136.000000,161.000000,5.000000,
0.049334,0.993539,0.152428,0.137616,0.383658,0.005574,-207.861030,3.193539,1396039.582405,1161963.545275,2307280.901046,207665.554107,1090450.470503,368.039959,98.546218,210.164894,30.167210,36.200652,85.473761,23.128194,49.273109,7.039016,8.044589,523.903876,140.780312,299.660950,43.239667,51.284257,3.000000,2.000000,3.000000,0.000000,1.000000,0.000000,1.000000,2.000000,0.000000,1.000000,0.000000,1.000000,3.000000,0.000000,1.000000,1553.000000,438.000000,932.000000,136.000000,161.000000,5.000000,
0.049334,0.993539,0.152428,0.137616,0.383658,0.005574,-207.861030,3.193539,1396039.582405,1161963.545275,2307280.901046,207665.554107,1090450.470503,368.039959,98.546218,210.164894,30.167210,36.200652,85.473761,23.128194,49.273109,7.039016,8.044589,523.903876,140.780312,299.660950,43.239667,51.284257,3.000000,2.000000,3.000000,0.000000,1.000000,0.000000,1.000000,2.000000,0.000000,1.000000,0.000000,1.000000,3.000000,0.000000,1.000000,1553.000000,438.000000,932.000000,136.000000,161.000000,5.000000,
0.049334,0.993539,0.152428,0.137616,0.383658,0.005574,-207.861030,3.193539,1396039.582405,1161963.545275,2307280.901046,207665.554107,1090450.470503,368.039959,98.546218,210.164894,30.167210,36.200652,85.473761,23.128194,49.273109,7.039016,8.044589,523.903876,140.780312,299.660950,43.239667,51.284257,3.000000,2.000000,3.000000,0.000000,1.000000,0.000000,1.000000,2.000000,0.000000,1.000000,0.000000,1.000000,3.000000,0.000000,1.000000,1553.000000,438.000000,932.000000,136.000000,161.000000,5.000000,
0.049334,0.993539,0.152428,0.137616,0.383658,0.005574,-207.861030,3.193539,1396039.582405,1161963.545275,2307280.901046,207665.554107,1090450.470503,368.039959,98.546218,210.164894,30.167210,36.200652,85.473761,23.128194,49.273109,7.039016,8.044589,523.903876,140.780312,299.660950,43.239667,51.284257,3.000000,2.000000,3.000000,0.000000,1.000000,0.000000,1.000000,2.000000,0.000000,1.000000,0.000000,1.000000,3.000000,0.000000,1.000000,1553.000000,438.000000,932.000000,136.000000,161.000000,5.000000,
0.049334,0.993539,0.152428,0.137616,0.383658,0.005574,-207.861030,3.193539,1396039.582405,1161963.545275,2307280.901046,207665.554107,1090450.470503,368.039959,98.546218,210.164894,30.167210,36.200652,85.473761,23.128194,49.273109,7.039016,8.044589,523.903876,140.780312,299.660950,43.239667,51.284257,3.000000,2.000000,3.000000,0.000000,1.000000,0.000000,1.000000,2.000000,0.000000,1.000000,0.000000,1.000000,3.000000,0.000000,1.000000,1553.000000,438.000000,932.000000,136.000000,161.000000,5.000000,
0.049334,0.993539,0.152428,0.137616,0.383658,0.005574,-207.861030,3.193539,1396039.582405,1161963.545275,2307280.901046,207665.554107,1090450.470503,368.039959,98.546218,210.164894,30.167210,36.200652,85.473761,23.128194,49.273109,7.039016,8.044589,523.903876,140.780312,299.660950,43.239667,51.284257,3.000000,2.000000,3.000000,0.000000,1.000000,0.000000,1.000000,2.000000,0.000000,1.000000,0.000000,1.000000,3.000000,0.000000,1.000000,1553.000000,438.000000,932.000000,136.000000,161.000000,5.000000,
0.049334,0.993539,0.152428,0.137616,0.383658,0.005574,-207.861030,3.193539,1396039.582405,1161963.545275,2307280.901046,207665.554107,1090450.470503,368.039959,98.546218,210.164894,30.167210,36.200652,85.473761,23.128194,49.273109,7.039016,8.044589,523.903876,140.780312,299.660950,43.239667,51.284257,3.000000,2.000000,3.000000,0.000000,1.000000,0.000000,1.000000,2.000000,0.000000,1.000000,0.000000,1.000000,3.000000,0.000000,1.000000,1553.000000,438.000000,932.000000,136.000000,161.000000,5.000000,
0.049334,0.993539,0.152428,0.137616,0.383658,0.005574,-207.861030,3.193539,1396039.582405,1161963.545275,2307280.901046,207665.554107,1090450.470503,368.039959,98.546218,210.164894,30.167210,36.200652,85.473761,23.128194,49.273109,7.039016,8.044589,523.903876,140.780312,299.660950,43.239667,51.284257,3.000000,2.000000,3.000000,0.000000,1.000000,0.000000,1.000000,2.000000,0.000000,1.000000,0.000000,1.000000,3.000000,0.000000,1.000000,1553.000000,438.000000,932.000000,136.000000,161.000000,5.000000,
0.049334,0.993539,0.152428,0.137616,0.383658,0.005574,-207.861030,3.193539,1396039.582405,1161963.545275,2307280.901046,207665.554107,1090450.470503,368.039959,98.546218,210.164894,30.167210,36.200652,85.473761,23.128194,49.273109,7.039016,8.044589,523.903876,140.780312,299.660950,43.239667,51.284257,3.000000,2.000000,3.000000,0.000000,1.000000,0.000000,1.000000,2.000000,0.000000,1.000000,0.000000,1.000000,3.000000,0.000000,1.000000,1553.000000,438.000000,932.000000,136.000000,161.000000,5.000000,
0.049334,0.993539,0.152428,0.137616,0.383658,0.005574,-207.861030,3.193539,1396039.582405,1161963.545275,2307280.901046,207665.554107,1090450.470503,368.039959,98.546218,210.164894,30.167210,36.200652,85.473761,23.128194,49.273109,7.039016,8.044589,523.903876,140.780312,299.660950,43.239667,51.284257,3.000000,2.000000,3.000000,0.000000,1.000000,0.000000,1.000000,2.000000,0.000000,1.000000,0.000000,1.000000,3.000000,0.000000,1.000000,1553.000000,438.000000,932.000000,136.000000,161.000000,5.000000,
0.049334,0.993539,0.152428,0.137616,0.383658,0.005574,-207.861030,3.193539,1396039.582405,1161963.545275,2307280.901046,207665.554107,1090450.470503,368.039959,98.546218,210.164894,30.167210,36.200652,85.473761,23.128194,49.273109,7.039016,8.044589,523.903876,140.780312,299.660950,43.239667,51.284257,3.000000,2.000000,3.000000,0.000000,1.000000,0.000000,1.000000,2.000000,0.000000,1.000000,0.000000,1.000000,3.000000,0.000000,1.000000,1553.000000,438.000000,932.000000,136.000000,161.000000,5.000000,
0.049334,0.993539,0.152428,0.137616,0.383658,0.005574,-207.861030,3.193539,1396039.582405,1161963.545275,2307280.901046,207665.554107,1090450.470503,368.039959,98.546218,210.164894,30.167210,36.200652,85.473761,23.128194,49.273109,7.039016,8.044589,523.903876,140.780312,299.660950,43.239667,51.284257,3.000000,2.000000,3.000000,0.000000,1.000000,0.000000,1.000000,2.000000,0.000000,1.000000,0.000000,1.000000,3.000000,0.000000,1.000000,1553.000000,438.000000,932.000000,136.000000,161.000000,5.000000,
0.049396,0.999251,0.151543,0.133815,0.391971,0.003845,-206.154492,3.195570,1396041.263109,1161963.996576,2307281.862437,207665.692437,1090450.634769,367.407101,98.376765,209.803508,30.115336,36.138403,85.326786,23.088424,49.188382,7.026912,8.030756,523.003004,140.538235,299.145672,43.165315,51.196071,3.000000,2.000000,3.000000,0.000000,1.000000,0.000000,1.000000,2.000000,0.000000,1.000000,0.000000,1.000000,3.000000,0.000000,1.000000,1553.000000,438.000000,932.000000,136.000000,161.000000,5.000000,
0.049396,0.999251,0.151543,0.133815,0.391971,0.003845,-206.154492,3.195570,1396041.263109,1161963.996576,2307281.862437,207665.692437,1090450.634769,367.407101,98.376765,209.803508,30.115336,36.138403,85.326786,23.088424,49.188382,7.026912,8.030756,523.003004,140.538235,299.145672,43.165315,51.196071,3.000000,2.000000,3.000000,0.000000,1.000000,0.000000,1.000000,2.000000,0.000000,1.000000,0.000000,1.000000,3.000000,0.000000,1.000000,1553.000000,438.000000,932.000000,136.000000,161.000000,5.000000,
0.049396,0.999251,0.151543,0.133815,0.391971,0.003845,-206.154492,3.195570,1396041.263109,1161963.996576,2307281.862437,207665.692437,1090450.634769,367.407101,98.376765,209.803508,30.115336,36.138403,85.326786,23.088424,49.188382,7.026912,8.030756,523.003004,140.538235,299.145672,43.165315,51.196071,3.000000,2.000000,3.000000,0.000000,1.000000,0.000000,1.000000,2.000000,0.000000,1.000000,0.000000,1.000000,3.000000,0.000000,1.000000,1553.000000,438.000000,932.000000,136.000000,161.000000,5.000000,
0.049380,0.999437,0.151783,0.149692,0.358278,0.003862,-206.156367,3.195081,1396041.246059,1161963.991997,2307281.852684,207665.691034,1090450.633102,367.413521,98.378484,209.807175,30.115862,36.139035,85.328277,23.088828,49.189242,7.027035,8.030897,523.012143,140.540691,299.150900,43.166069,51.196966,3.000000,2.000000,3.000000,0.000000,1.000000,0.000000,1.000000,2.000000,0.000000,1.000000,0.000000,1.000000,3.000000,0.000000,1.000000,1553.000000,438.000000,932.000000,136.000000,161.000000,5.000000,
0.049380,0.999437,0.151783,0.149692,0.358278,0.003862,-206.156367,3.195081,1396041.246059,1161963.991997,2307281.852684,207665.691034,1090450.633102,367.413521,98.378484,209.807175,30.115862,36.139035,85.328277,23.088828,49.189242,7.027035,8.030897,523.012143,140.540691,299.150900,43.166069,51.196966,3.000000,2.000000,3.000000,0.000000,1.000000,0.000000,1.000000,2.000000,0.000000,1.000000,0.000000,1.000000,3.000000,0.000000,1.000000,1553.000000,438.000000,932.000000,136.000000,161.000000,5.000000,
0.049380,0.999437,0.151783,0.149692,0.358278,0.003862,-206.156367,3.195081,1396041.246059,1161963.991997,2307281.852684,207665.691034,1090450.633102,367.413521,98.378484,209.807175,30.115862,36.139035,85.328277,23.088828,49.189242,7.027035,8.030897,523.012143,140.540691,299.150900,43.166069,51.196966,3.000000,2.000000,3.000000,0.000000,1.000000,0.000000,1.000000,2.000000,0.000000,1.000000,0.000000,1.000000,3.000000,0.000000,1.000000,1553.000000,438.000000,932.000000,136.000000,161.000000,5.000000,
0.049380,0.999437,0.151783,0.149692,0.358278,0.003862,-206.156367,3.195081,1396041.246059,1161963.991997,2307281.852684,207665.691034,1090450.633102,367.413521,98.378484,209.807175,30.115862,36.139035,85.328277,23.088828,49.189242,7.027035,8.030897,523.012143,140.540691,299.150900,43.166069,51.196966,3.000000,2.000000,3.000000,0.000000,1.000000,0.000000,1.000000,2.000000,0.000000,1.000000,0.000000,1.000000,3.000000,0.000000,1.000000,1553.000000,438.000000,932.000000,136.000000,161.000000,5.000000,
0.049380,0.999437,0.151783,0.149692,0.358278,0.003862,-206.156367,3.195081,1396041.246059,1161963.991997,2307281.852684,207665.691034,1090450.633102,367.413521,98.378484,209.807175,30.115862,36.139035,85.328277,23.088828,49.189242,7.027035,8.030897,523.012143,140.540691,299.150900,43.166069,51.196966,3.000000,2.000000,3.000000,0.000000,1.000000,0.000000,1.000000,2.000000,0.000000,1.000000,0.000000,1.000000,3.000000,0.000000,1.000000,1553.000000,438.000000,932.000000,136.000000,161.000000,5.000000,
0.049380,0.999437,0.151783,0.149692,0.358278,0.003862,-206.156367,3.195081,1396041.246059,1161963.991997,2307281.852684,207665.691034,1090450.633102,367.413521,98.378484,209.807175,30.115862,36.139035,85.328277,23.088828,49.189242,7.027035,8.030897,523.012143,140.540691,299.150900,43.166069,51.196966,3.000000,2.000000,3.000000,0.000000,1.000000,0.000000,1.000000,2.000000,0.000000,1.000000,0.000000,1.000000,3.000000,0.000000,1.000000,1553.000000,438.000000,932.000000,136.000000,161.000000,5.000000,
0.049380,0.999437,0.151783,0.149692,0.358278,0.003862,-206.156367,3.195081,1396041.246059,1161963.991997,2307281.852684,207665.691034,1090450.633102,367.413521,98.378484,209.807175,30.115862,36.139035,85.328277,23.088828,49.189242,7.027035,8.030897,523.012143,140.540691,299.150900,43.166069,51.196966,3.000000,2.000000,3.000000,0.000000,1.000000,0.000000,1.000000,2.000000,0.000000,1.000000,0.000000,1.000000,3.000000,0.000000,1.000000,1553.000000,438.000000,932.000000,136.000000,161.000000,5.000000,
0.049380,0.999437,0.151783,0.149692,0.358278,0.003862,-206.156367,3.195081,1396041.246059,1161963.991997,2307281.852684,207665.691034,1090450.633102,367.413521,98.378484,209.807175,30.115862,36.139035,85.328277,23.088828,49.189242,7.027035,8.030897,523.012143,140.540691,299.150900,43.166069,51.196966,3.000000,2.000000,3.000000,0.000000,1.000000,0.000000,1.000000,2.000000,0.000000,1.000000,0.000000,1.000000,3.000000,0.000000,1.000000,1553.000000,438.000000,932.000000,136.000000,161.000000,5.000000,
0.049380,0.999437,0.151783,0.149692,0.358278,0.003862,-206.156367,3.195081,1396041.246059,1161963.991997,2307281.852684,207665.691034,1090450.633102,367.413521,98.378484,209.807175,30.115862,36.139035,85.328277,23.088828,49.189242,7.027035,8.030897,523.012143,140.540691,299.150900,43.166069,51.196966,3.000000,2.000000,3.000000,0.000000,1.000000,0.000000,1.000000,2.000000,0.000000,1.000000,0.000000,1.000000,3.000000,0.000000,1.000000,1553.000000,438.000000,932.000000,136.000000,161.000000,5.000000,
0.049380,0.999437,0.151783,0.149692,0.358278,0.003862,-206.156367,3.195081,1396041.246059,1161963.991997,2307281.852684,207665.691034,1090450.633102,367.413521,98.378484,209.807175,30.115862,36.139035,85.328277,23.088828,49.189242,7.027035,8.030897,523.012143,140.540691,299.150900,43.166069,51.196966,3.000000,2.000000,3.000000,0.000000,1.000000,0.000000,1.000000,2.000000,0.000000,1.000000,0.000000,1.000000,3.000000,0.000000,1.000000,1553.000000,438.000000,932.000000,136.000000,161.000000,5.000000,
0.049380,0.999437,0.151783,0.149692,0.358278,0.003862,-206.156367,3.195081,1396041.246059,1161963.991997,2307281.852684,207665.691034,1090450.633102,367.413521,98.378484,209.807175,30.115862,36.139035,85.328277,23.088828,49.189242,7.027035,8.030897,523.012143,140.540691,299.150900,43.166069,51.196966,3.000000,2.000000,3.000000,0.000000,1.000000,0.000000,1.000000,2.000000,0.000000,1.000000,0.000000,1.000000,3.000000,0.000000,1.000000,1553.000000,438.000000,932.000000,136.000000,161.000000,5.000000,
0.049418,0.994990,0.150911,0.155285,0.345556,0.002758,-206.713080,3.195625,1396042.319683,1161964.280285,2307282.466814,207665.779398,1090450.738035,367.009255,98.270238,209.576323,30.082726,36.099271,85.234390,23.063423,49.135119,7.019303,8.022060,522.436672,140.386054,298.821743,43.118574,51.140634,3.000000,2.000000,3.000000,0.000000,1.000000,0.000000,1.000000,2.000000,0.000000,1.000000,0.000000,1.000000,3.000000,0.000000,1.000000,1553.000000,438.000000,932.000000,136.000000,161.000000,5.000000,
0.049418,0.994990,0.150911,0.155285,0.345556,0.002758,-206.713080,3.195625,1396042.319683,1161964.280285,2307282.466814,207665.779398,1090450.738035,367.009255,98.270238,209.576323,30.082726,36.099271,85.234390,23.063423,49.135119,7.019303,8.022060,522.436672,140.386054,298.821743,43.118574,51.140634,3.000000,2.000000,3.000000,0.000000,1.000000,0.000000,1.000000,2.000000,0.000000,1.000000,0.000000,1.000000,3.000000,0.000000,1.000000,1553.000000,438.000000,932.000000,136.000000,161.000000,5.000000,
0.049418,0.994990,0.150911,0.155285,0.345556,0.002758,-206.713080,3.195625,1396042.319683,1161964.280285,2307282.466814,207665.779398,1090450.738035,367.009255,98.270238,209.576323,30.082726,36.099271,85.234390,23.063423,49.135119,7.019303,8.022060,522.436672,140.386054,298.821743,43.118574,51.140634,3.000000,2.000000,3.000000,0.000000,1.000000,0.000000,1.000000,2.000000,0.000000,1.000000,0.000000,1.000000,3.000000,0.000000,1.000000,1553.000000,438.000000,932.000000,136.000000,161.000000,5.000000,
0.049418,0.994990,0.150911,0.155285,0.345556,0.002758,-206.713080,3.195625,1396042.319683,1161964.280285,2307282.466814,207665.779398,1090450.738035,367.009255,98.270238,209.576323,30.082726,36.099271,85.234390,23.063423,49.135119,7.019303,8.022060,522.436672,140.386054,298.821743,43.118574,51.140634,3.000000,2.000000,3.000000,0.000000,1.000000,0.000000,1.000000,2.000000,0.000000,1.000000,0.000000,1.000000,3.000000,0.000000,1.000000,1553.000000,438.000000,932.000000,136.000000,161.000000,5.000000,
0.049418,0.994990,0.150911,0.155285,0.345556,0.002758,-206.713080,3.195625,1396042.319683,1161964.280285,2307282.466814,207665.779398,1090450.738035,367.009255,98.270238,209.576323,30.082726,36.099271,85.234390,23.063423,49.135119,7.019303,8.022060,522.436672,140.386054,298.821743,43.118574,51.140634,3.000000,2.000000,3.000000,0.000000,1.000000,0.000000,1.000000,2.000000,0.000000,1.000000,0.000000,1.000000,3.000000,0.000000,1.000000,1553.000000,438.000000,932.000000,136.000000,161.000000,5.000000,
0.049402,0.997394,0.150058,0.156648,0.353666,0.002191,-205.835252,3.192684,1396042.870162,1161964.428099,2307282.781698,207665.824705,1090450.791837,366.801976,98.214737,209.457959,30.065736,36.078883,85.186251,23.050397,49.107368,7.015338,8.017530,522.141611,140.306767,298.652975,43.094221,51.111751,3.000000,2.000000,3.000000,0.000000,1.000000,0.000000,1.000000,2.000000,0.000000,1.000000,0.000000,1.000000,3.000000,0.000000,1.000000,1553.000000,438.000000,932.000000,136.000000,161.000000,5.000000,
0.049402,0.997394,0.150058,0.156648,0.353666,0.002191,-205.835252,3.192684,1396042.870162,1161964.428099,2307282.781698,207665.824705,1090450.791837,366.801976,98.214737,209.457959,30.065736,36.078883,85.186251,23.050397,49.107368,7.015338,8.017530,522.141611,140.306767,298.652975,43.094221,51.111751,3.000000,2.000000,3.000000,0.000000,1.000000,0.000000,1.000000,2.000000,0.000000,1.000000,0.000000,1.000000,3.000000,0.000000,1.000000,1553.000000,438.000000,932.000000,136.000000,161.000000,5.000000,
0.049402,0.997394,0.150058,0.156648,0.353666,0.002191,-205.835252,3.192684,1396042.870162,1161964.428099,2307282.781698,207665.824705,1090450.791837,366.801976,98.214737,209.457959,30.065736,36.078883,85.186251,23.050397,49.107368,7.015338,8.017530,522.141611,140.306767,298.652975,43.094221,51.111751,3.000000,2.000000,3.000000,0.000000,1.000000,0.000000,1.000000,2.000000,0.000000,1.000000,0.000000,1.000000,3.000000,0.000000,1.000000,1553.000000,438.000000,932.000000,136.000000,161.000000,5.000000,
0.049402,0.997394,0.150058,0.156648,0.353666,0.002191,-205.835252,3.192684,1396042.870162,1161964.428099,2307282.781698,207665.824705,1090450.791837,366.801976,98.214737,209.457959,30.065736,36.078883,85.186251,23.050397,49.107368,7.015338,8.017530,522.141611,140.306767,298.652975,43.094221,51.111751,3.000000,2.000000,3.000000,0.000000,1.000000,0.000000,1.000000,2.000000,0.000000,1.000000,0.000000,1.000000,3.000000,0.000000,1.000000,1553.000000,438.000000,932.000000,136.000000,161.000000,5.000000,
0.049402,0.997394,0.150058,0.156648,0.353666,0.002191,-205.835252,3.192684,1396042.870162,1161964.428099,2307282.781698,207665.824705,1090450.791837,366.801976,98.214737,209.457959,30.065736,36.078883,85.186251,23.050397,49.107368,7.015338,8.017530,522.141611,140.306767,298.652975,43.094221,51.111751,3.000000,2.000000,3.000000,0.000000,1.000000,0.000000,1.000000,2.000000,0.000000,1.000000,0.000000,1.000000,3.000000,0.000000,1.000000,1553.000000,438.000000,932.000000,136.000000,161.000000,5.000000,
0.049402,0.997394,0.150058,0.156648,0.353666,0.002191,-205.835252,3.192684,1396042.870162,1161964.428099,2307282.781698,207665.824705,1090450.791837,366.801976,98.214737,209.457959,30.065736,36.078883,85.186251,23.050397,49.107368,7.015338,8.017530,522.141611,140.306767,298.652975,43.094221,51.111751,3.000000,2.000000,3.000000,0.000000,1.000000,0.000000,1.000000,2.000000,0.000000,1.000000,0.000000,1.000000,3.000000,0.000000,1.000000,1553.000000,438.000000,932.000000,136.000000,161.000000,5.000000,
0.049402,0.997394,0.150058,0.156648,0.353666,0.002191,-205.835252,3.192684,1396042.870162,1161964.428099,2307282.781698,207665.824705,1090450.791837,366.801976,98.214737,209.457959,30.065736,36.078883,85.186251,23.050397,49.107368,7.015338,8.017530,522.141611,140.306767,298.652975,43.094221,51.111751,3.000000,2.000000,3.000000,0.000000,1.000000,0.000000,1.000000,2.000000,0.000000,1.000000,0.000000,1.000000,3.000000,0.000000,1.000000,1553.000000,438.000000,932.000000,136.000000,161.000000,5.000000,
0.049402,0.997394,0.150058,0.156648,0.353666,0.002191,-205.835252,3.192684,1396042.870162,1161964.428099,2307282.781698,207665.824705,1090450.791837,366.801976,98.214737,209.457959,30.065736,36.078883,85.186251,23.050397,49.107368,7.015338,8.017530,522.141611,140.306767,298.652975,43.094221,51.111751,3.000000,2.000000,3.000000,0.000000,1.000000,0.000000,1.000000,2.000000,0.000000,1.000000,0.000000,1.000000,3.000000,0.000000,1.000000,1553.000000,438.000000,932.000000,136.000000,161.000000,5.000000,
0.049402,0.997394,0.150058,0.156648,0.353666,0.002191,-205.835252,3.192684,1396042.870162,1161964.428099,2307282.781698,207665.824705,1090450.791837,366.801976,98.214737,209.457959,30.065736,36.078883,85.186251,23.050397,49.107368,7.015338,8.017530,522.141611,140.306767,298.652975,43.094221,51.111751,3.000000,2.000000,3.000000,0.000000,1.000000,0.000000,1.000000,2.000000,0.000000,1.000000,0.000000,1.000000,3.000000,0.000000,1.000000,1553.000000,438.000000,932.000000,136.000000,161.000000,5.000000,
0.049402,0.997394,0.150058,0.156648,0.353666,0.002191,-205.835252,3.192684,1396042.870162,1161964.428099,2307282.781698,207665.824705,1090450.791837,366.801976,98.214737,209.457959,30.065736,36.078883,85.186251,23.050397,49.107368,7.015338,8.017530,522.141611,140.306767,298.652975,43.094221,51.111751,3.000000,2.000000,3.000000,0.000000,1.000000,0.000000,1.000000,2.000000,0.000000,1.000000,0.000000,1.000000,3.000000,0.000000,1.000000,1553.000000,438.000000,932.000000,136.000000,161.000000,5.000000,
0.049402,0.997394,0.150058,0.156648,0.353666,0.002191,-205.835252,3.192684,1396042.870162,1161964.428099,2307282.781698,207665.824705,1090450.791837,366.801976,98.214737,209.457959,30.065736,36.078883,85.186251,23.050397,49.107368,7.015338,8.017530,522.141611,140.306767,298.652975,43.094221,51.111751,3.000000,2.000000,3.000000,0.000000,1.000000,0.000000,1.000000,2.000000,0.000000,1.000000,0.000000,1.000000,3.000000,0.000000,1.000000,1553.000000,438.000000,932.000000,136.000000,161.000000,5.000000,
0.049402,0.997394,0.150058,0.156648,0.353666,0.002191,-205.835252,3.192684,1396042.870162,1161964.428099,2307282.781698,207665.824705,1090450.791837,366.801976,98.214737,209.457959,30.065736,36.078883,85.186251,23.050397,49.107368,7.015338,8.017530,522.141611,140.306767,298.652975,43.094221,51.111751,3.000000,2.000000,3.000000,0.000000,1.000000,0.000000,1.000000,2.000000,0.000000,1.000000,0.000000,1.000000,3.000000,0.000000,1.000000,1553.000000,438.000000,932.000000,136.000000,161.000000,5.000000,
0.049402,0.997394,0.150058,0.156648,0.353666,0.002191,-205.835252,3.192684,1396042.870162,1161964.428099,2307282.781698,207665.824705,1090450.791837,366.801976,98.214737,209.457959,30.065736,36.078883,85.186251,23.050397,49.107368,7.015338,8.017530,522.141611,140.306767,298.652975,43.094221,51.111751,3.000000,2.000000,3.000000,0.000000,1.000000,0.000000,1.000000,2.000000,0.000000,1.000000,0.000000,1.000000,3.000000,0.000000,1.000000,1553.000000,438.000000,932.000000,136.000000,161.000000,5.000000,
0.049402,0.997394,0.150058,0.156648,0.353666,0.002191,-205.835252,3.192684,1396042.870162,1161964.428099,2307282.781698,207665.824705,1090450.791837,366.801976,98.214737,209.457959,30.065736,36.078883,85.186251,23.050397,49.107368,7.015338,8.017530,522.141611,140.306767,298.652975,43.094221,51.111751,3.000000,2.000000,3.000000,0.000000,1.000000,0.000000,1.000000,2.000000,0.000000,1.000000,0.000000,1.000000,3.000000,0.000000,1.000000,1553.000000,438.000000,932.000000,136.000000,161.000000,5.000000,
0.049402,0.997394,0.150058,0.156648,0.353666,0.002191,-205.835252,3.192684,1396042.870162,1161964.428099,2307282.781698,207665.824705,1090450.791837,366.801976,98.214737,209.457959,30.065736,36.078883,85.186251,23.050397,49.107368,7.015338,8.017530,522.141611,140.306767,298.652975,43.094221,51.111751,3.000000,2.000000,3.000000,0.000000,1.000000,0.000000,1.000000,2.000000,0.000000,1.000000,0.000000,1.000000,3.000000,0.000000,1.000000,1553.000000,438.000000,932.000000,136.000000,161.000000,5.000000,
0.049402,0.997394,0.150058,0.156648,0.353666,0.002191,-205.835252,3.192684,1396042.870162,1161964.428099,2307282.781698,207665.824705,1090450.791837,366.801976,98.214737,209.457959,30.065736,36.078883,85.186251,23.050397,49.107368,7.015338,8.017530,522.141611,140.306767,298.652975,43.094221,51.111751,3.000000,2.000000,3.000000,0.000000,1.000000,0.000000,1.000000,2.000000,0.000000,1.000000,0.000000,1.000000,3.000000,0.000000,1.000000,1553.000000,438.000000,932.000000,136.000000,161.000000,5.000000,
0.049402,0.997394,0.150058,0.156648,0.353666,0.002191,-205.835252,3.192684,1396042.870162,1161964.428099,2307282.781698,207665.824705,1090450.791837,366.801976,98.214737,209.457959,30.065736,36.078883,85.186251,23.050397,49.107368,7.015338,8.017530,522.141611,140.306767,298.652975,43.094221,51.111751,3.000000,2.000000,3.000000,0.000000,1.000000,0.000000,1.000000,2.000000,0.000000,1.000000,0.000000,1.000000,3.000000,0.000000,1.000000,1553.000000,438.000000,932.000000,136.000000,161.000000,5.000000,
0.049402,0.997394,0.150058,0.156648,0.353666,0.002191,-205.835252,3.192684,1396042.870162,1161964.428099,2307282.781698,207665.824705,1090450.791837,366.801976,98.214737,209.457959,30.065736,36.078883,85.186251,23.050397,49.107368,7.015338,8.017530,522.141611,140.306767,298.652975,43.094221,51.111751,3.000000,2.000000,3.000000,0.000000,1.000000,0.000000,1.000000,2.000000,0.000000,1.000000,0.000000,1.000000,3.000000,0.000000,1.000000,1553.000000,438.000000,932.000000,136.000000,161.000000,5.000000,
0.049402,0.997394,0.150058,0.156648,0.353666,0.002191,-205.835252,3.192684,1396042.870162,1161964.428099,2307282.781698,207665.824705,1090450.791837,366.801976,98.214737,209.457959,30.065736,36.078883,85.186251,23.050397,49.107368,7.015338,8.017530,522.141611,140.306767,298.652975,43.094221,51.111751,3.000000,2.000000,3.000000,0.000000,1.000000,0.000000,1.000000,2.000000,0.000000,1.000000,0.000000,1.000000,3.000000,0.000000,1.000000,1553.000000,438.000000,932.000000,136.000000,161.000000,5.000000,
0.049402,0.997394,0.150058,0.156648,0.353666,0.002191,-205.835252,3.192684,1396042.870162,1161964.428099,2307282.781698,207665.824705,1090450.791837,366.801976,98.214737,209.457959,30.065736,36.078883,85.186251,23.050397,49.107368,7.015338,8.017530,522.141611,140.306767,298.652975,43.094221,51.111751,3.000000,2.000000,3.000000,0.000000,1.000000,0.000000,1.000000,2.000000,0.000000,1.000000,0.000000,1.000000,3.000000,0.000000,1.000000,1553.000000,438.000000,932.000000,136.000000,161.000000,5.000000,
0.049402,0.997394,0.150058,0.156648,0.353666,0.002191,-205.835252,3.192684,1396042.870162,1161964.428099,2307282.781698,207665.824705,1090450.791837,366.801976,98.214737,209.457959,30.065736,36.078883,85.186251,23.050397,49.107368,7.015338,8.017530,522.141611,140.306767,298.652975,43.094221,51.111751,3.000000,2.000000,3.000000,0.000000,1.000000,0.000000,1.000000,2.000000,0.000000,1.000000,0.000000,1.000000,3.000000,0.000000,1.000000,1553.000000,438.000000,932.000000,136.000000,161.000000,5.000000,
0.049402,0.997394,0.150058,0.156648,0.353666,0.002191,-205.835252,3.192684,1396042.870162,1161964.428099,2307282.781698,207665.824705,1090450.791837,366.801976,98.214737,209.457959,30.065736,36.078883,85.186251,23.050397,49.107368,7.015338,8.017530,522.141611,140.306767,298.652975,43.094221,51.111751,3.000000,2.000000,3.000000,0.000000,1.000000,0.000000,1.000000,2.000000,0.000000,1.000000,0.000000,1.000000,3.000000,0.000000,1.000000,1553.000000,438.000000,932.000000,136.000000,161.000000,5.000000,
0.049402,0.997394,0.150058,0.156648,0.353666,0.002191,-205.835252,3.192684,1396042.870162,1161964.428099,2307282.781698,207665.824705,1090450.791837,366.801976,98.214737,209.457959,30.065736,36.078883,85.186251,23.050397,49.107368,7.015338,8.017530,522.141611,140.306767,298.652975,43.094221,51.111751,3.000000,2.000000,3.000000,0.000000,1.000000,0.000000,1.000000,2.000000,0.000000,1.000000,0.000000,1.000000,3.000000,0.000000,1.000000,1553.000000,438.000000,932.000000,136.000000,161.000000,5.000000,
0.049402,0.997394,0.150058,0.156648,0.353666,0.002191,-205.835252,3.192684,1396042.870162,1161964.428099,2307282.781698,207665.824705,1090450.791837,366.801976,98.214737,209.457959,30.065736,36.078883,85.186251,23.050397,49.107368,7.015338,8.017530,522.141611,140.306767,298.652975,43.094221,51.111751,3.000000,2.000000,3.000000,0.000000,1.000000,0.000000,1.000000,2.000000,0.000000,1.000000,0.000000,1.000000,3.000000,0.000000,1.000000,1553.000000,438.000000,932.000000,136.000000,161.000000,5.000000,
0.049402,0.997394,0.150058,0.156648,0.353666,0.002191,-205.835252,3.192684,1396042.870162,1161964.428099,2307282.781698,207665.824705,1090450.791837,366.801976,98.214737,209.457959,30.065736,36.078883,85.186251,23.050397,49.107368,7.015338,8.017530,522.141611,140.306767,298.652975,43.094221,51.111751,3.000000,2.000000,3.000000,0.000000,1.000000,0.000000,1.000000,2.000000,0.000000,1.000000,0.000000,1.000000,3.000000,0.000000,1.000000,1553.000000,438.000000,932.000000,136.000000,161.000000,5.000000,
0.049402,0.997394,0.150058,0.156648,0.353666,0.002191,-205.835252,3.192684,1396042.870162,1161964.428099,2307282.781698,207665.824705,1090450.791837,366.801976,98.214737,209.457959,30.065736,36.078883,85.186251,23.050397,49.107368,7.015338,8.017530,522.141611,140.306767,298.652975,43.094221,51.111751,3.000000,2.000000,3.000000,0.000000,1.000000,0.000000,1.000000,2.000000,0.000000,1.000000,0.000000,1.000000,3.000000,0.000000,1.000000,1553.000000,438.000000,932.000000,136.000000,161.000000,5.000000,
0.049402,0.997394,0.150058,0.156648,0.353666,0.002191,-205.835252,3.192684,1396042.870162,1161964.428099,2307282.781698,207665.824705,1090450.791837,366.801976,98.214737,209.457959,30.065736,36.078883,85.186251,23.050397,49.107368,7.015338,8.017530,522.141611,140.306767,298.652975,43.094221,51.111751,3.000000,2.000000,3.000000,0.000000,1.000000,0.000000,1.000000,2.000000,0.000000,1.000000,0.000000,1.000000,3.000000,0.000000,1.000000,1553.000000,438.000000,932.000000,136.000000,161.000000,5.000000,
0.049402,0.997394,0.150058,0.156648,0.353666,0.002191,-205.835252,3.192684,1396042.870162,1161964.428099,2307282.781698,207665.824705,1090450.791837,366.801976,98.214737,209.457959,30.065736,36.078883,85.186251,23.050397,49.107368,7.015338,8.017530,522.141611,140.306767,298.652975,43.094221,51.111751,3.000000,2.000000,3.000000,0.000000,1.000000,0.000000,1.000000,2.000000,0.000000,1.000000,0.000000,1.000000,3.000000,0.000000,1.000000,1553.000000,438.000000,932.000000,136.000000,161.000000,5.000000,
0.049402,0.997394,0.150058,0.156648,0.353666,0.002191,-205.835252,3.192684,1396042.870162,1161964.428099,2307282.781698,207665.824705,1090450.791837,366.801976,98.214737,209.457959,30.065736,36.078883,85.186251,23.050397,49.107368,7.015338,8.017530,522.141611,140.306767,298.652975,43.094221,51.111751,3.000000,2.000000,3.000000,0.000000,1.000000,0.000000,1.000000,2.000000,0.000000,1.000000,0.000000,1.000000,3.000000,0.000000,1.000000,1553.000000,438.000000,932.000000,136.000000,161.000000,5.000000,
0.049402,0.997394,0.150058,0.156648,0.353666,0.002191,-205.835252,3.192684,1396042.870162,1161964.428099,2307282.781698,207665.824705,1090450.791837,366.801976,98.214737,209.457959,30.065736,36.078883,85.186251,23.050397,49.107368,7.015338,8.017530,522.141611,140.306767,298.652975,43.094221,51.111751,3.000000,2.000000,3.000000,0.000000,1.000000,0.000000,1.000000,2.000000,0.000000,1.000000,0.000000,1.000000,3.000000,0.000000,1.000000,1553.000000,438.000000,932.000000,136.000000,161.000000,5.000000,
0.049402,0.997394,0.150058,0.156648,0.353666,0.002191,-205.835252,3.192684,1396042.870162,1161964.428099,2307282.781698,207665.824705,1090450.791837,366.801976,98.214737,209.457959,30.065736,36.078883,85.186251,23.050397,49.107368,7.015338,8.017530,522.141611,140.306767,298.652975,43.094221,51.111751,3.000000,2.000000,3.000000,0.000000,1.000000,0.000000,1.000000,2.000000,0.000000,1.000000,0.000000,1.000000,3.000000,0.000000,1.000000,1553.000000,438.000000,932.000000,136.000000,161.000000,5.000000,
0.049402,0.997394,0.150058,0.156648,0.353666,0.002191,-205.835252,3.192684,1396042.870162,1161964.428099,2307282.781698,207665.824705,1090450.791837,366.801976,98.214737,209.457959,30.065736,36.078883,85.186251,23.050397,49.107368,7.015338,8.017530,522.141611,140.306767,298.652975,43.094221,51.111751,3.000000,2.000000,3.000000,0.000000,1.000000,0.000000,1.000000,2.000000,0.000000,1.000000,0.000000,1.000000,3.000000,0.000000,1.000000,1553.000000,438.000000,932.000000,136.000000,161.000000,5.000000,
0.049402,0.997394,0.150058,0.156648,0.353666,0.002191,-205.835252,3.192684,1396042.870162,1161964.428099,2307282.781698,207665.824705,1090450.791837,366.801976,98.214737,209.457959,30.065736,36.078883,85.186251,23.050397,49.107368,7.015338,8.017530,522.141611,140.306767,298.652975,43.094221,51.111751,3.000000,2.000000,3.000000,0.000000,1.000000,0.000000,1.000000,2.000000,0.000000,1.000000,0.000000,1.000000,3.000000,0.000000,1.000000,1553.000000,438.000000,932.000000,136.000000,161.000000,5.000000,
0.049402,0.997394,0.150058,0.156648,0.353666,0.002191,-205.835252,3.192684,1396042.870162,1161964.428099,2307282.781698,207665.824705,1090450.791837,366.801976,98.214737,209.457959,30.065736,36.078883,85.186251,23.050397,49.107368,7.015338,8.017530,522.141611,140.306767,298.652975,43.094221,51.111751,3.000000,2.000000,3.000000,0.000000,1.000000,0.000000,1.000000,2.000000,0.000000,1.000000,0.000000,1.000000,3.000000,0.000000,1.000000,1553.000000,438.000000,932.000000,136.000000,161.000000,5.000000,
0.049402,0.997394,0.150058,0.156648,0.353666,0.002191,-205.835252,3.192684,1396042.870162,1161964.428099,2307282.781698,207665.824705,1090450.791837,366.801976,98.214737,209.457959,30.065736,36.078883,85.186251,23.050397,49.107368,7.015338,8.017530,522.141611,140.306767,298.652975,43.094221,51.111751,3.000000,2.000000,3.000000,0.000000,1.000000,0.000000,1.000000,2.000000,0.000000,1.000000,0.000000,1.000000,3.000000,0.000000,1.000000,1553.000000,438.000000,932.000000,136.000000,161.000000,5.000000,
0.049402,0.997394,0.150058,0.156648,0.353666,0.002191,-205.835252,3.192684,1396042.870162,1161964.428099,2307282.781698,207665.824705,1090450.791837,366.801976,98.214737,209.457959,30.065736,36.078883,85.186251,23.050397,49.107368,7.015338,8.017530,522.141611,140.306767,298.652975,43.094221,51.111751,3.000000,2.000000,3.000000,0.000000,1.000000,0.000000,1.000000,2.000000,0.000000,1.000000,0.000000,1.000000,3.000000,0.000000,1.000000,1553.000000,438.000000,932.000000,136.000000,161.000000,5.000000,
0.049402,0.997394,0.150058,0.156648,0.353666,0.002191,-205.835252,3.192684,1396042.870162,1161964.428099,2307282.781698,207665.824705,1090450.791837,366.801976,98.214737,209.457959,30.065736,36.078883,85.186251,23.050397,49.107368,7.015338,8.017530,522.141611,140.306767,298.652975,43.094221,51.111751,3.000000,2.000000,3.000000,0.000000,1.000000,0.000000,1.000000,2.000000,0.000000,1.000000,0.000000,1.000000,3.000000,0.000000,1.000000,1553.000000,438.000000,932.000000,136.000000,161.000000,5.000000,
0.049402,0.997394,0.150058,0.156648,0.353666,0.002191,-205.835252,3.192684,1396042.870162,1161964.428099,2307282.781698,207665.824705,1090450.791837,366.801976,98.214737,209.457959,30.065736,36.078883,85.186251,23.050397,49.107368,7.015338,8.017530,522.141611,140.306767,298.652975,43.094221,51.111751,3.000000,2.000000,3.000000,0.000000,1.000000,0.000000,1.000000,2.000000,0.000000,1.000000,0.000000,1.000000,3.000000,0.000000,1.000000,1553.000000,438.000000,932.000000,136.000000,161.000000,5.000000,
0.049402,0.997394,0.150058,0.156648,0.353666,0.002191,-205.835252,3.192684,1396042.870162,1161964.428099,2307282.781698,207665.824705,1090450.791837,366.801976,98.214737,209.457959,30.065736,36.078883,85.186251,23.050397,49.107368,7.015338,8.017530,522.141611,140.306767,298.652975,43.094221,51.111751,3.000000,2.000000,3.000000,0.000000,1.000000,0.000000,1.000000,2.000000,0.000000,1.000000,0.000000,1.000000,3.000000,0.000000,1.000000,1553.000000,438.000000,932.000000,136.000000,161.000000,5.000000,
0.049402,0.997394,0.150058,0.156648,0.353666,0.002191,-205.835252,3.192684,1396042.870162,1161964.428099,2307282.781698,207665.824705,1090450.791837,366.801976,98.214737,209.457959,30.065736,36.078883,85.186251,23.050397,49.107368,7.015338,8.017530,522.141611,140.306767,298.652975,43.094221,51.111751,3.000000,2.000000,3.000000,0.000000,1.000000,0.000000,1.000000,2.000000,0.000000,1.000000,0.000000,1.000000,3.000000,0.000000,1.000000,1553.000000,438.000000,932.000000,136.000000,161.000000,5.000000,
0.049402,0.997394,0.150058,0.156648,0.353666,0.002191,-205.835252,3.192684,1396042.870162,1161964.428099,2307282.781698,207665.824705,1090450.791837,366.801976,98.214737,209.457959,30.065736,36.078883,85.186251,23.050397,49.107368,7.015338,8.017530,522.141611,140.306767,298.652975,43.094221,51.111751,3.000000,2.000000,3.000000,0.000000,1.000000,0.000000,1.000000,2.000000,0.000000,1.000000,0.000000,1.000000,3.000000,0.000000,1.000000,1553.000000,438.000000,932.000000,136.000000,161.000000,5.000000,
0.049402,0.997394,0.150058,0.156648,0.353666,0.002191,-205.835252,3.192684,1396042.870162,1161964.428099,2307282.781698,207665.824705,1090450.791837,366.801976,98.214737,209.457959,30.065736,36.078883,85.186251,23.050397,49.107368,7.015338,8.017530,522.141611,140.306767,298.652975,43.094221,51.111751,3.000000,2.000000,3.000000,0.000000,1.000000,0.000000,1.000000,2.000000,0.000000,1.000000,0.000000,1.000000,3.000000,0.000000,1.000000,1553.000000,438.000000,932.000000,136.000000,161.000000,5.000000,
0.049402,0.997394,0.150058,0.156648,0.353666,0.002191,-205.835252,3.192684,1396042.870162,1161964.428099,2307282.781698,207665.824705,1090450.791837,366.801976,98.214737,209.457959,30.065736,36.078883,85.186251,23.050397,49.107368,7.015338,8.017530,522.141611,140.306767,298.652975,43.094221,51.111751,3.000000,2.000000,3.000000,0.000000,1.000000,0.000000,1.000000,2.000000,0.000000,1.000000,0.000000,1.000000,3.000000,0.000000,1.000000,1553.000000,438.000000,932.000000,136.000000,161.000000,5.000000,
0.049402,0.997394,0.150058,0.156648,0.353666,0.002191,-205.835252,3.192684,1396042.870162,1161964.428099,2307282.781698,207665.824705,1090450.791837,366.801976,98.214737,209.457959,30.065736,36.078883,85.186251,23.050397,49.107368,7.015338,8.017530,522.141611,140.306767,298.652975,43.094221,51.111751,3.000000,2.000000,3.000000,0.000000,1.000000,0.000000,1.000000,2.000000,0.000000,1.000000,0.000000,1.000000,3.000000,0.000000,1.000000,1553.000000,438.000000,932.000000,136.000000,161.000000,5.000000,
0.049402,0.997394,0.150058,0.156648,0.353666,0.002191,-205.835252,3.192684,1396042.870162,1161964.428099,2307282.781698,207665.824705,1090450.791837,366.801976,98.214737,209.457959,30.065736,36.078883,85.186251,23.050397,49.107368,7.015338,8.017530,522.141611,140.306767,298.652975,43.094221,51.111751,3.000000,2.000000,3.000000,0.000000,1.000000,0.000000,1.000000,2.000000,0.000000,1.000000,0.000000,1.000000,3.000000,0.000000,1.000000,1553.000000,438.000000,932.000000,136.000000,161.000000,5.000000,
0.049402,0.997394,0.150058,0.156648,0.353666,0.002191,-205.835252,3.192684,1396042.870162,1161964.428099,2307282.781698,207665.824705,1090450.791837,366.801976,98.214737,209.457959,30.065736,36.078883,85.186251,23.050397,49.107368,7.015338,8.017530,522.141611,140.306767,298.652975,43.094221,51.111751,3.000000,2.000000,3.000000,0.000000,1.000000,0.000000,1.000000,2.000000,0.000000,1.000000,0.000000,1.000000,3.000000,0.000000,1.000000,1553.000000,438.000000,932.000000,136.000000,161.000000,5.000000,
0.049402,0.997394,0.150058,0.156648,0.353666,0.002191,-205.835252,3.192684,1396042.870162,1161964.428099,2307282.781698,207665.824705,1090450.791837,366.801976,98.214737,209.457959,30.065736,36.078883,85.186251,23.050397,49.107368,7.015338,8.017530,522.141611,140.306767,298.652975,43.094221,51.111751,3.000000,2.000000,3.000000,0.000000,1.000000,0.000000,1.000000,2.000000,0.000000,1.000000,0.000000,1.000000,3.000000,0.000000,1.000000,1553.000000,438.000000,932.000000,136.000000,161.000000,5.000000,
0.049402,0.997394,0.150058,0.156648,0.353666,0.002191,-205.835252,3.192684,1396042.870162,1161964.428099,2307282.781698,207665.824705,1090450.791837,366.801976,98.214737,209.457959,30.065736,36.078883,85.186251,23.050397,49.107368,7.015338,8.017530,522.141611,140.306767,298.652975,43.094221,51.111751,3.000000,2.000000,3.000000,0.000000,1.000000,0.000000,1.000000,2.000000,0.000000,1.000000,0.000000,1.000000,3.000000,0.000000,1.000000,1553.000000,438.000000,932.000000,136.000000,161.000000,5.000000,
0.049402,0.997394,0.150058,0.156648,0.353666,0.002191,-205.835252,3.192684,1396042.870162,1161964.428099,2307282.781698,207665.824705,1090450.791837,366.801976,98.214737,209.457959,30.065736,36.078883,85.186251,23.050397,49.107368,7.015338,8.017530,522.141611,140.306767,298.652975,43.094221,51.111751,3.000000,2.000000,3.000000,0.000000,1.000000,0.000000,1.000000,2.000000,0.000000,1.000000,0.000000,1.000000,3.000000,0.000000,1.000000,1553.000000,438.000000,932.000000,136.000000,161.000000,5.000000,
0.049402,0.997394,0.150058,0.156648,0.353666,0.002191,-205.835252,3.192684,1396042.870162,1161964.428099,2307282.781698,207665.824705,1090450.791837,366.801976,98.214737,209.457959,30.065736,36.078883,85.186251,23.050397,49.107368,7.015338,8.017530,522.141611,140.306767,298.652975,43.094221,51.111751,3.000000,2.000000,3.000000,0.000000,1.000000,0.000000,1.000000,2.000000,0.000000,1.000000,0.000000,1.000000,3.000000,0.000000,1.000000,1553.000000,438.000000,932.000000,136.000000,161.000000,5.000000,
0.049402,0.997394,0.150058,0.156648,0.353666,0.002191,-205.835252,3.192684,1396042.870162,1161964.428099,2307282.781698,207665.824705,1090450.791837,366.801976,98.214737,209.457959,30.065736,36.078883,85.186251,23.050397,49.107368,7.015338,8.017530,522.141611,140.306767,298.652975,43.094221,51.111751,3.000000,2.000000,3.000000,0.000000,1.000000,0.000000,1.000000,2.000000,0.000000,1.000000,0.000000,1.000000,3.000000,0.000000,1.000000,1553.000000,438.000000,932.000000,136.000000,161.000000,5.000000,
0.049402,0.997394,0.150058,0.156648,0.353666,0.002191,-205.835252,3.192684,1396042.870162,1161964.428099,2307282.781698,207665.824705,1090450.791837,366.801976,98.214737,209.457959,30.065736,36.078883,85.186251,23.050397,49.107368,7.015338,8.017530,522.141611,140.306767,298.652975,43.094221,51.111751,3.000000,2.000000,3.000000,0.000000,1.000000,0.000000,1.000000,2.000000,0.000000,1.000000,0.000000,1.000000,3.000000,0.000000,1.000000,1553.000000,438.000000,932.000000,136.000000,161.000000,5.000000,
0.049402,0.997394,0.150058,0.156648,0.353666,0.002191,-205.835252,3.192684,1396042.870162,1161964.428099,2307282.781698,207665.824705,1090450.791837,366.801976,98.214737,209.457959,30.065736,36.078883,85.186251,23.050397,49.107368,7.015338,8.017530,522.141611,140.306767,298.652975,43.094221,51.111751,3.000000,2.000000,3.000000,0.000000,1.000000,0.000000,1.000000,2.000000,0.000000,1.000000,0.000000,1.000000,3.000000,0.000000,1.000000,1553.000000,438.000000,932.000000,136.000000,161.000000,5.000000,
0.049402,0.997394,0.150058,0.156648,0.353666,0.002191,-205.835252,3.192684,1396042.870162,1161964.428099,2307282.781698,207665.824705,1090450.791837,366.801976,98.214737,209.457959,30.065736,36.078883,85.186251,23.050397,49.107368,7.015338,8.017530,522.141611,140.306767,298.652975,43.094221,51.111751,3.000000,2.000000,3.000000,0.000000,1.000000,0.000000,1.000000,2.000000,0.000000,1.000000,0.000000,1.000000,3.000000,0.000000,1.000000,1553.000000,438.000000,932.000000,136.000000,161.000000,5.000000,
0.049402,0.997394,0.150058,0.156648,0.353666,0.002191,-205.835252,3.192684,1396042.870162,1161964.428099,2307282.781698,207665.824705,1090450.791837,366.801976,98.214737,209.457959,30.065736,36.078883,85.186251,23.050397,49.107368,7.015338,8.017530,522.141611,140.306767,298.652975,43.094221,51.111751,3.000000,2.000000,3.000000,0.000000,1.000000,0.000000,1.000000,2.000000,0.000000,1.000000,0.000000,1.000000,3.000000,0.000000,1.000000,1553.000000,438.000000,932.000000,136.000000,161.000000,5.000000,
0.049402,0.997394,0.150058,0.156648,0.353666,0.002191,-205.835252,3.192684,1396042.870162,1161964.428099,2307282.781698,207665.824705,1090450.791837,366.801976,98.214737,209.457959,30.065736,36.078883,85.186251,23.050397,49.107368,7.015338,8.017530,522.141611,140.306767,298.652975,43.094221,51.111751,3.000000,2.000000,3.000000,0.000000,1.000000,0.000000,1.000000,2.000000,0.000000,1.000000,0.000000,1.000000,3.000000,0.000000,1.000000,1553.000000,438.000000,932.000000,136.000000,161.000000,5.000000,
0.049402,0.997394,0.150058,0.156648,0.353666,0.002191,-205.835252,3.192684,1396042.870162,1161964.428099,2307282.781698,207665.824705,1090450.791837,366.801976,98.214737,209.457959,30.065736,36.078883,85.186251,23.050397,49.107368,7.015338,8.017530,522.141611,140.306767,298.652975,43.094221,51.111751,3.000000,2.000000,3.000000,0.000000,1.000000,0.000000,1.000000,2.000000,0.000000,1.000000,0.000000,1.000000,3.000000,0.000000,1.000000,1553.000000,438.000000,932.000000,136.000000,161.000000,5.000000,
0.049402,0.997394,0.150058,0.156648,0.353666,0.002191,-205.835252,3.192684,1396042.870162,1161964.428099,2307282.781698,207665.824705,1090450.791837,366.801976,98.214737,209.457959,30.065736,36.078883,85.186251,23.050397,49.107368,7.015338,8.017530,522.141611,140.306767,298.652975,43.094221,51.111751,3.000000,2.000000,3.000000,0.000000,1.000000,0.000000,1.000000,2.000000,0.000000,1.000000,0.000000,1.000000,3.000000,0.000000,1.000000,1553.000000,438.000000,932.000000,136.000000,161.000000,5.000000,
0.049402,0.997394,0.150058,0.156648,0.353666,0.002191,-205.835252,3.192684,1396042.870162,1161964.428099,2307282.781698,207665.824705,1090450.791837,366.801976,98.214737,209.457959,30.065736,36.078883,85.186251,23.050397,49.107368,7.015338,8.017530,522.141611,140.306767,298.652975,43.094221,51.111751,3.000000,2.000000,3.000000,0.000000,1.000000,0.000000,1.000000,2.000000,0.000000,1.000000,0.000000,1.000000,3.000000,0.000000,1.000000,1553.000000,438.000000,932.000000,136.000000,161.000000,5.000000,
0.049402,0.997394,0.150058,0.156648,0.353666,0.002191,-205.835252,3.192684,1396042.870162,1161964.428099,2307282.781698,207665.824705,1090450.791837,366.801976,98.214737,209.457959,30.065736,36.078883,85.186251,23.050397,49.107368,7.015338,8.017530,522.141611,140.306767,298.652975,43.094221,51.111751,3.000000,2.000000,3.000000,0.000000,1.000000,0.000000,1.000000,2.000000,0.000000,1.000000,0.000000,1.000000,3.000000,0.000000,1.000000,1553.000000,438.000000,932.000000,136.000000,161.000000,5.000000,
0.049402,0.997394,0.150058,0.156648,0.353666,0.002191,-205.835252,3.192684,1396042.870162,1161964.428099,2307282.781698,207665.824705,1090450.791837,366.801976,98.214737,209.457959,30.065736,36.078883,85.186251,23.050397,49.107368,7.015338,8.017530,522.141611,140.306767,298.652975,43.094221,51.111751,3.000000,2.000000,3.000000,0.000000,1.000000,0.000000,1.000000,2.000000,0.000000,1.000000,0.000000,1.000000,3.000000,0.000000,1.000000,1553.000000,438.000000,932.000000,136.000000,161.000000,5.000000,
0.049402,0.997394,0.150058,0.156648,0.353666,0.002191,-205.835252,3.192684,1396042.870162,1161964.428099,2307282.781698,207665.824705,1090450.791837,366.801976,98.214737,209.457959,30.065736,36.078883,85.186251,23.050397,49.107368,7.015338,8.017530,522.141611,140.306767,298.652975,43.094221,51.111751,3.000000,2.000000,3.000000,0.000000,1.000000,0.000000,1.000000,2.000000,0.000000,1.000000,0.000000,1.000000,3.000000,0.000000,1.000000,1553.000000,438.000000,932.000000,136.000000,161.000000,5.000000,
0.049402,0.997394,0.150058,0.156648,0.353666,0.002191,-205.835252,3.192684,1396042.870162,1161964.428099,2307282.781698,207665.824705,1090450.791837,366.801976,98.214737,209.457959,30.065736,36.078883,85.186251,23.050397,49.107368,7.015338,8.017530,522.141611,140.306767,298.652975,43.094221,51.111751,3.000000,2.000000,3.000000,0.000000,1.000000,0.000000,1.000000,2.000000,0.000000,1.000000,0.000000,1.000000,3.000000,0.000000,1.000000,1553.000000,438.000000,932.000000,136.000000,161.000000,5.000000,
0.049402,0.997394,0.150058,0.156648,0.353666,0.002191,-205.835252,3.192684,1396042.870162,1161964.428099,2307282.781698,207665.824705,1090450.791837,366.801976,98.214737,209.457959,30.065736,36.078883,85.186251,23.050397,49.107368,7.015338,8.017530,522.141611,140.306767,298.652975,43.094221,51.111751,3.000000,2.000000,3.000000,0.000000,1.000000,0.000000,1.000000,2.000000,0.000000,1.000000,0.000000,1.000000,3.000000,0.000000,1.000000,1553.000000,438.000000,932.000000,136.000000,161.000000,5.000000,
0.049402,0.997394,0.150058,0.156648,0.353666,0.002191,-205.835252,3.192684,1396042.870162,1161964.428099,2307282.781698,207665.824705,1090450.791837,366.801976,98.214737,209.457959,30.065736,36.078883,85.186251,23.050397,49.107368,7.015338,8.017530,522.141611,140.306767,298.652975,43.094221,51.111751,3.000000,2.000000,3.000000,0.000000,1.000000,0.000000,1.000000,2.000000,0.000000,1.000000,0.000000,1.000000,3.000000,0.000000,1.000000,1553.000000,438.000000,932.000000,136.000000,161.000000,5.000000,
0.049402,0.997394,0.150058,0.156648,0.353666,0.002191,-205.835252,3.192684,1396042.870162,1161964.428099,2307282.781698,207665.824705,1090450.791837,366.801976,98.214737,209.457959,30.065736,36.078883,85.186251,23.050397,49.107368,7.015338,8.017530,522.141611,140.306767,298.652975,43.094221,51.111751,3.000000,2.000000,3.000000,0.000000,1.000000,0.000000,1.000000,2.000000,0.000000,1.000000,0.000000,1.000000,3.000000,0.000000,1.000000,1553.000000,438.000000,932.000000,136.000000,161.000000,5.000000,
0.049402,0.997394,0.150058,0.156648,0.353666,0.002191,-205.835252,3.192684,1396042.870162,1161964.428099,2307282.781698,207665.824705,1090450.791837,366.801976,98.214737,209.457959,30.065736,36.078883,85.186251,23.050397,49.107368,7.015338,8.017530,522.141611,140.306767,298.652975,43.094221,51.111751,3.000000,2.000000,3.000000,0.000000,1.000000,0.000000,1.000000,2.000000,0.000000,1.000000,0.000000,1.000000,3.000000,0.000000,1.000000,1553.000000,438.000000,932.000000,136.000000,161.000000,5.000000,
0.049402,0.997394,0.150058,0.156648,0.353666,0.002191,-205.835252,3.192684,1396042.870162,1161964.428099,2307282.781698,207665.824705,1090450.791837,366.801976,98.214737,209.457959,30.065736,36.078883,85.186251,23.050397,49.107368,7.015338,8.017530,522.141611,140.306767,298.652975,43.094221,51.111751,3.000000,2.000000,3.000000,0.000000,1.000000,0.000000,1.000000,2.000000,0.000000,1.000000,0.000000,1.000000,3.000000,0.000000,1.000000,1553.000000,438.000000,932.000000,136.000000,161.000000,5.000000,
0.049402,0.997394,0.150058,0.156648,0.353666,0.002191,-205.835252,3.192684,1396042.870162,1161964.428099,2307282.781698,207665.824705,1090450.791837,366.801976,98.214737,209.457959,30.065736,36.078883,85.186251,23.050397,49.107368,7.015338,8.017530,522.141611,140.306767,298.652975,43.094221,51.111751,3.000000,2.000000,3.000000,0.000000,1.000000,0.000000,1.000000,2.000000,0.000000,1.000000,0.000000,1.000000,3.000000,0.000000,1.000000,1553.000000,438.000000,932.000000,136.000000,161.000000,5.000000,
0.049443,0.992593,0.148834,0.150761,0.367771,0.001478,-206.097316,3.192599,1396043.563721,1161964.614333,2307283.178425,207665.881788,1090450.859623,366.540821,98.144810,209.308830,30.044330,36.053196,85.125601,23.033986,49.072405,7.010344,8.011821,521.769857,140.206871,298.440341,43.063539,51.075360,3.000000,2.000000,3.000000,0.000000,1.000000,0.000000,1.000000,2.000000,0.000000,1.000000,0.000000,1.000000,3.000000,0.000000,1.000000,1553.000000,438.000000,932.000000,136.000000,161.000000,5.000000,
0.049443,0.992593,0.148834,0.150761,0.367771,0.001478,-206.097316,3.192599,1396043.563721,1161964.614333,2307283.178425,207665.881788,1090450.859623,366.540821,98.144810,209.308830,30.044330,36.053196,85.125601,23.033986,49.072405,7.010344,8.011821,521.769857,140.206871,298.440341,43.063539,51.075360,3.000000,2.000000,3.000000,0.000000,1.000000,0.000000,1.000000,2.000000,0.000000,1.000000,0.000000,1.000000,3.000000,0.000000,1.000000,1553.000000,438.000000,932.000000,136.000000,161.000000,5.000000,
0.049443,0.992593,0.148834,0.150761,0.367771,0.001478,-206.097316,3.192599,1396043.563721,1161964.614333,2307283.178425,207665.881788,1090450.859623,366.540821,98.144810,209.308830,30.044330,36.053196,85.125601,23.033986,49.072405,7.010344,8.011821,521.769857,140.206871,298.440341,43.063539,51.075360,3.000000,2.000000,3.000000,0.000000,1.000000,0.000000,1.000000,2.000000,0.000000,1.000000,0.000000,1.000000,3.000000,0.000000,1.000000,1553.000000,438.000000,932.000000,136.000000,161.000000,5.000000,
0.049443,0.992593,0.148834,0.150761,0.367771,0.001478,-206.097316,3.192599,1396043.563721,1161964.614333,2307283.178425,207665.881788,1090450.859623,366.540821,98.144810,209.308830,30.044330,36.053196,85.125601,23.033986,49.072405,7.010344,8.011821,521.769857,140.206871,298.440341,43.063539,51.075360,3.000000,2.000000,3.000000,0.000000,1.000000,0.000000,1.000000,2.000000,0.000000,1.000000,0.000000,1.000000,3.000000,0.000000,1.000000,1553.000000,438.000000,932.000000,136.000000,161.000000,5.000000,
0.049443,0.992593,0.148834,0.150761,0.367771,0.001478,-206.097316,3.192599,1396043.563721,1161964.614333,2307283.178425,207665.881788,1090450.859623,366.540821,98.144810,209.308830,30.044330,36.053196,85.125601,23.033986,49.072405,7.010344,8.011821,521.769857,140.206871,298.440341,43.063539,51.075360,3.000000,2.000000,3.000000,0.000000,1.000000,0.000000,1.000000,2.000000,0.000000,1.000000,0.000000,1.000000,3.000000,0.000000,1.000000,1553.000000,438.000000,932.000000,136.000000,161.000000,5.000000,
0.049443,0.992593,0.148834,0.150761,0.367771,0.001478,-206.097316,3.192599,1396043.563721,1161964.614333,2307283.178425,207665.881788,1090450.859623,366.540821,98.144810,209.308830,30.044330,36.053196,85.125601,23.033986,49.072405,7.010344,8.011821,521.769857,140.206871,298.440341,43.063539,51.075360,3.000000,2.000000,3.000000,0.000000,1.000000,0.000000,1.000000,2.000000,0.000000,1.000000,0.000000,1.000000,3.000000,0.000000,1.000000,1553.000000,438.000000,932.000000,136.000000,161.000000,5.000000,
0.049443,0.992593,0.148834,0.150761,0.367771,0.001478,-206.097316,3.192599,1396043.563721,1161964.614333,2307283.178425,207665.881788,1090450.859623,366.540821,98.144810,209.308830,30.044330,36.053196,85.125601,23.033986,49.072405,7.010344,8.011821,521.769857,140.206871,298.440341,43.063539,51.075360,3.000000,2.000000,3.000000,0.000000,1.000000,0.000000,1.000000,2.000000,0.000000,1.000000,0.000000,1.000000,3.000000,0.000000,1.000000,1553.000000,438.000000,932.000000,136.000000,161.000000,5.000000,
0.049443,0.992593,0.148834,0.150761,0.367771,0.001478,-206.097316,3.192599,1396043.563721,1161964.614333,2307283.178425,207665.881788,1090450.859623,366.540821,98.144810,209.308830,30.044330,36.053196,85.125601,23.033986,49.072405,7.010344,8.011821,521.769857,140.206871,298.440341,43.063539,51.075360,3.000000,2.000000,3.000000,0.000000,1.000000,0.000000,1.000000,2.000000,0.000000,1.000000,0.000000,1.000000,3.000000,0.000000,1.000000,1553.000000,438.000000,932.000000,136.000000,161.000000,5.000000,
0.049443,0.992593,0.148834,0.150761,0.367771,0.001478,-206.097316,3.192599,1396043.563721,1161964.614333,2307283.178425,207665.881788,1090450.859623,366.540821,98.144810,209.308830,30.044330,36.053196,85.125601,23.033986,49.072405,7.010344,8.011821,521.769857,140.206871,298.440341,43.063539,51.075360,3.000000,2.000000,3.000000,0.000000,1.000000,0.000000,1.000000,2.000000,0.000000,1.000000,0.000000,1.000000,3.000000,0.000000,1.000000,1553.000000,438.000000,932.000000,136.000000,161.000000,5.000000,
0.049443,0.992593,0.148834,0.150761,0.367771,0.001478,-206.097316,3.192599,1396043.563721,1161964.614333,2307283.178425,207665.881788,1090450.859623,366.540821,98.144810,209.308830,30.044330,36.053196,85.125601,23.033986,49.072405,7.010344,8.011821,521.769857,140.206871,298.440341,43.063539,51.075360,3.000000,2.000000,3.000000,0.000000,1.000000,0.000000,1.000000,2.000000,0.000000,1.000000,0.000000,1.000000,3.000000,0.000000,1.000000,1553.000000,438.000000,932.000000,136.000000,161.000000,5.000000,
0.049443,0.992593,0.148834,0.150761,0.367771,0.001478,-206.097316,3.192599,1396043.563721,1161964.614333,2307283.178425,207665.881788,1090450.859623,366.540821,98.144810,209.308830,30.044330,36.053196,85.125601,23.033986,49.072405,7.010344,8.011821,521.769857,140.206871,298.440341,43.063539,51.075360,3.000000,2.000000,3.000000,0.000000,1.000000,0.000000,1.000000,2.000000,0.000000,1.000000,0.000000,1.000000,3.000000,0.000000,1.000000,1553.000000,438.000000,932.000000,136.000000,161.000000,5.000000,
0.049443,0.992593,0.148834,0.150761,0.367771,0.001478,-206.097316,3.192599,1396043.563721,1161964.614333,2307283.178425,207665.881788,1090450.859623,366.540821,98.144810,209.308830,30.044330,36.053196,85.125601,23.033986,49.072405,7.010344,8.011821,521.769857,140.206871,298.440341,43.063539,51.075360,3.000000,2.000000,3.000000,0.000000,1.000000,0.000000,1.000000,2.000000,0.000000,1.000000,0.000000,1.000000,3.000000,0.000000,1.000000,1553.000000,438.000000,932.000000,136.000000,161.000000,5.000000,
0.049443,0.992593,0.148834,0.150761,0.367771,0.001478,-206.097316,3.192599,1396043.563721,1161964.614333,2307283.178425,207665.881788,1090450.859623,366.540821,98.144810,209.308830,30.044330,36.053196,85.125601,23.033986,49.072405,7.010344,8.011821,521.769857,140.206871,298.440341,43.063539,51.075360,3.000000,2.000000,3.000000,0.000000,1.000000,0.000000,1.000000,2.000000,0.000000,1.000000,0.000000,1.000000,3.000000,0.000000,1.000000,1553.000000,438.000000,932.000000,136.000000,161.000000,5.000000,
0.049443,0.992593,0.148834,0.150761,0.367771,0.001478,-206.097316,3.192599,1396043.563721,1161964.614333,2307283.178425,207665.881788,1090450.859623,366.540821,98.144810,209.308830,30.044330,36.053196,85.125601,23.033986,49.072405,7.010344,8.011821,521.769857,140.206871,298.440341,43.063539,51.075360,3.000000,2.000000,3.000000,0.000000,1.000000,0.000000,1.000000,2.000000,0.000000,1.000000,0.000000,1.000000,3.000000,0.000000,1.000000,1553.000000,438.000000,932.000000,136.000000,161.000000,5.000000,
0.049443,0.992593,0.148834,0.150761,0.367771,0.001478,-206.097316,3.192599,1396043.563721,1161964.614333,2307283.178425,207665.881788,1090450.859623,366.540821,98.144810,209.308830,30.044330,36.053196,85.125601,23.033986,49.072405,7.010344,8.011821,521.769857,140.206871,298.440341,43.063539,51.075360,3.000000,2.000000,3.000000,0.000000,1.000000,0.000000,1.000000,2.000000,0.000000,1.000000,0.000000,1.000000,3.000000,0.000000,1.000000,1553.000000,438.000000,932.000000,136.000000,161.000000,5.000000,
0.049443,0.992593,0.148834,0.150761,0.367771,0.001478,-206.097316,3.192599,1396043.563721,1161964.614333,2307283.178425,207665.881788,1090450.859623,366.540821,98.144810,209.308830,30.044330,36.053196,85.125601,23.033986,49.072405,7.010344,8.011821,521.769857,140.206871,298.440341,43.063539,51.075360,3.000000,2.000000,3.000000,0.000000,1.000000,0.000000,1.000000,2.000000,0.000000,1.000000,0.000000,1.000000,3.000000,0.000000,1.000000,1553.000000,438.000000,932.000000,136.000000,161.000000,5.000000,
0.049443,0.992593,0.148834,0.150761,0.367771,0.001478,-206.097316,3.192599,1396043.563721,1161964.614333,2307283.178425,207665.881788,1090450.859623,366.540821,98.144810,209.308830,30.044330,36.053196,85.125601,23.033986,49.072405,7.010344,8.011821,521.769857,140.206871,298.440341,43.063539,51.075360,3.000000,2.000000,3.000000,0.000000,1.000000,0.000000,1.000000,2.000000,0.000000,1.000000,0.000000,1.000000,3.000000,0.000000,1.000000,1553.000000,438.000000,932.000000,136.000000,161.000000,5.000000,
0.049443,0.992593,0.148834,0.150761,0.367771,0.001478,-206.097316,3.192599,1396043.563721,1161964.614333,2307283.178425,207665.881788,1090450.859623,366.540821,98.144810,209.308830,30.044330,36.053196,85.125601,23.033986,49.072405,7.010344,8.011821,521.769857,140.206871,298.440341,43.063539,51.075360,3.000000,2.000000,3.000000,0.000000,1.000000,0.000000,1.000000,2.000000,0.000000,1.000000,0.000000,1.000000,3.000000,0.000000,1.000000,1553.000000,438.000000,932.000000,136.000000,161.000000,5.000000,
0.049443,0.992593,0.148834,0.150761,0.367771,0.001478,-206.097316,3.192599,1396043.563721,1161964.614333,2307283.178425,207665.881788,1090450.859623,366.540821,98.144810,209.308830,30.044330,36.053196,85.125601,23.033986,49.072405,7.010344,8.011821,521.769857,140.206871,298.440341,43.063539,51.075360,3.000000,2.000000,3.000000,0.000000,1.000000,0.000000,1.000000,2.000000,0.000000,1.000000,0.000000,1.000000,3.000000,0.000000,1.000000,1553.000000,438.000000,932.000000,136.000000,161.000000,5.000000,
0.049443,0.992593,0.148834,0.150761,0.367771,0.001478,-206.097316,3.192599,1396043.563721,1161964.614333,2307283.178425,207665.881788,1090450.859623,366.540821,98.144810,209.308830,30.044330,36.053196,85.125601,23.033986,49.072405,7.010344,8.011821,521.769857,140.206871,298.440341,43.063539,51.075360,3.000000,2.000000,3.000000,0.000000,1.000000,0.000000,1.000000,2.000000,0.000000,1.000000,0.000000,1.000000,3.000000,0.000000,1.000000,1553.000000,438.000000,932.000000,136.000000,161.000000,5.000000,
0.049443,0.992593,0.148834,0.150761,0.367771,0.001478,-206.097316,3.192599,1396043.563721,1161964.614333,2307283.178425,207665.881788,1090450.859623,366.540821,98.144810,209.308830,30.044330,36.053196,85.125601,23.033986,49.072405,7.010344,8.011821,521.769857,140.206871,298.440341,43.063539,51.075360,3.000000,2.000000,3.000000,0.000000,1.000000,0.000000,1.000000,2.000000,0.000000,1.000000,0.000000,1.000000,3.000000,0.000000,1.000000,1553.000000,438.000000,932.000000,136.000000,161.000000,5.000000,
0.049444,0.999033,0.146257,0.139169,0.412107,0.000772,-204.305018,3.186915,1396044.249319,1161964.798428,2307283.570598,207665.938216,1090450.926631,366.282664,98.075686,209.161412,30.023169,36.027803,85.065646,23.017763,49.037843,7.005406,8.006178,521.402371,140.108123,298.230147,43.033209,51.039388,3.000000,2.000000,3.000000,0.000000,1.000000,0.000000,1.000000,2.000000,0.000000,1.000000,0.000000,1.000000,3.000000,0.000000,1.000000,1553.000000,438.000000,932.000000,136.000000,161.000000,5.000000,
0.049444,0.999033,0.146257,0.139169,0.412107,0.000772,-204.305018,3.186915,1396044.249319,1161964.798428,2307283.570598,207665.938216,1090450.926631,366.282664,98.075686,209.161412,30.023169,36.027803,85.065646,23.017763,49.037843,7.005406,8.006178,521.402371,140.108123,298.230147,43.033209,51.039388,3.000000,2.000000,3.000000,0.000000,1.000000,0.000000,1.000000,2.000000,0.000000,1.000000,0.000000,1.000000,3.000000,0.000000,1.000000,1553.000000,438.000000,932.000000,136.000000,161.000000,5.000000,
0.049444,0.999033,0.146257,0.139169,0.412107,0.000772,-204.305018,3.186915,1396044.249319,1161964.798428,2307283.570598,207665.938216,1090450.926631,366.282664,98.075686,209.161412,30.023169,36.027803,85.065646,23.017763,49.037843,7.005406,8.006178,521.402371,140.108123,298.230147,43.033209,51.039388,3.000000,2.000000,3.000000,0.000000,1.000000,0.000000,1.000000,2.000000,0.000000,1.000000,0.000000,1.000000,3.000000,0.000000,1.000000,1553.000000,438.000000,932.000000,136.000000,161.000000,5.000000,
0.049444,0.999033,0.146257,0.139169,0.412107,0.000772,-204.305018,3.186915,1396044.249319,1161964.798428,2307283.570598,207665.938216,1090450.926631,366.282664,98.075686,209.161412,30.023169,36.027803,85.065646,23.017763,49.037843,7.005406,8.006178,521.402371,140.108123,298.230147,43.033209,51.039388,3.000000,2.000000,3.000000,0.000000,1.000000,0.000000,1.000000,2.000000,0.000000,1.000000,0.000000,1.000000,3.000000,0.000000,1.000000,1553.000000,438.000000,932.000000,136.000000,161.000000,5.000000,
0.049444,0.999033,0.146257,0.139169,0.412107,0.000772,-204.305018,3.186915,1396044.249319,1161964.798428,2307283.570598,207665.938216,1090450.926631,366.282664,98.075686,209.161412,30.023169,36.027803,85.065646,23.017763,49.037843,7.005406,8.006178,521.402371,140.108123,298.230147,43.033209,51.039388,3.000000,2.000000,3.000000,0.000000,1.000000,0.000000,1.000000,2.000000,0.000000,1.000000,0.000000,1.000000,3.000000,0.000000,1.000000,1553.000000,438.000000,932.000000,136.000000,161.000000,5.000000,
0.049444,0.999033,0.146257,0.139169,0.412107,0.000772,-204.305018,3.186915,1396044.249319,1161964.798428,2307283.570598,207665.938216,1090450.926631,366.282664,98.075686,209.161412,30.023169,36.027803,85.065646,23.017763,49.037843,7.005406,8.006178,521.402371,140.108123,298.230147,43.033209,51.039388,3.000000,2.000000,3.000000,0.000000,1.000000,0.000000,1.000000,2.000000,0.000000,1.000000,0.000000,1.000000,3.000000,0.000000,1.000000,1553.000000,438.000000,932.000000,136.000000,161.000000,5.000000,
0.049444,0.999033,0.146257,0.139169,0.412107,0.000772,-204.305018,3.186915,1396044.249319,1161964.798428,2307283.570598,207665.938216,1090450.926631,366.282664,98.075686,209.161412,30.023169,36.027803,85.065646,23.017763,49.037843,7.005406,8.006178,521.402371,140.108123,298.230147,43.033209,51.039388,3.000000,2.000000,3.000000,0.000000,1.000000,0.000000,1.000000,2.000000,0.000000,1.000000,0.000000,1.000000,3.000000,0.000000,1.000000,1553.000000,438.000000,932.000000,136.000000,161.000000,5.000000,
0.049444,0.999033,0.146257,0.139169,0.412107,0.000772,-204.305018,3.186915,1396044.249319,1161964.798428,2307283.570598,207665.938216,1090450.926631,366.282664,98.075686,209.161412,30.023169,36.027803,85.065646,23.017763,49.037843,7.005406,8.006178,521.402371,140.108123,298.230147,43.033209,51.039388,3.000000,2.000000,3.000000,0.000000,1.000000,0.000000,1.000000,2.000000,0.000000,1.000000,0.000000,1.000000,3.000000,0.000000,1.000000,1553.000000,438.000000,932.000000,136.000000,161.000000,5.000000,
0.049444,0.999033,0.146257,0.139169,0.412107,0.000772,-204.305018,3.186915,1396044.249319,1161964.798428,2307283.570598,207665.938216,1090450.926631,366.282664,98.075686,209.161412,30.023169,36.027803,85.065646,23.017763,49.037843,7.005406,8.006178,521.402371,140.108123,298.230147,43.033209,51.039388,3.000000,2.000000,3.000000,0.000000,1.000000,0.000000,1.000000,2.000000,0.000000,1.000000,0.000000,1.000000,3.000000,0.000000,1.000000,1553.000000,438.000000,932.000000,136.000000,161.000000,5.000000,
0.049444,0.999033,0.146257,0.139169,0.412107,0.000772,-204.305018,3.186915,1396044.249319,1161964.798428,2307283.570598,207665.938216,1090450.926631,366.282664,98.075686,209.161412,30.023169,36.027803,85.065646,23.017763,49.037843,7.005406,8.006178,521.402371,140.108123,298.230147,43.033209,51.039388,3.000000,2.000000,3.000000,0.000000,1.000000,0.000000,1.000000,2.000000,0.000000,1.000000,0.000000,1.000000,3.000000,0.000000,1.000000,1553.000000,438.000000,932.000000,136.000000,161.000000,5.000000,
0.049444,0.999033,0.146257,0.139169,0.412107,0.000772,-204.305018,3.186915,1396044.249319,1161964.798428,2307283.570598,207665.938216,1090450.926631,366.282664,98.075686,209.161412,30.023169,36.027803,85.065646,23.017763,49.037843,7.005406,8.006178,521.402371,140.108123,298.230147,43.033209,51.039388,3.000000,2.000000,3.000000,0.000000,1.000000,0.000000,1.000000,2.000000,0.000000,1.000000,0.000000,1.000000,3.000000,0.000000,1.000000,1553.000000,438.000000,932.000000,136.000000,161.000000,5.000000,
0.049565,0.976565,0.145847,0.124933,0.422292,0.001564,-208.903974,3.193778,1396043.480222,1161964.591911,2307283.130662,207665.874915,1090450.851462,366.572262,98.153229,209.326784,30.046907,36.056288,85.132902,23.035962,49.076614,7.010945,8.012508,521.814614,140.218898,298.465940,43.067233,51.079741,3.000000,2.000000,3.000000,0.000000,1.000000,0.000000,1.000000,2.000000,0.000000,1.000000,0.000000,1.000000,3.000000,0.000000,1.000000,1553.000000,438.000000,932.000000,136.000000,161.000000,5.000000,
0.049565,0.976565,0.145847,0.124933,0.422292,0.001564,-208.903974,3.193778,1396043.480222,1161964.591911,2307283.130662,207665.874915,1090450.851462,366.572262,98.153229,209.326784,30.046907,36.056288,85.132902,23.035962,49.076614,7.010945,8.012508,521.814614,140.218898,298.465940,43.067233,51.079741,3.000000,2.000000,3.000000,0.000000,1.000000,0.000000,1.000000,2.000000,0.000000,1.000000,0.000000,1.000000,3.000000,0.000000,1.000000,1553.000000,438.000000,932.000000,136.000000,161.000000,5.000000,
0.049565,0.976565,0.145847,0.124933,0.422292,0.001564,-208.903974,3.193778,1396043.480222,1161964.591911,2307283.130662,207665.874915,1090450.851462,366.572262,98.153229,209.326784,30.046907,36.056288,85.132902,23.035962,49.076614,7.010945,8.012508,521.814614,140.218898,298.465940,43.067233,51.079741,3.000000,2.000000,3.000000,0.000000,1.000000,0.000000,1.000000,2.000000,0.000000,1.000000,0.000000,1.000000,3.000000,0.000000,1.000000,1553.000000,438.000000,932.000000,136.000000,161.000000,5.000000,
0.049565,0.976565,0.145847,0.124933,0.422292,0.001564,-208.903974,3.193778,1396043.480222,1161964.591911,2307283.130662,207665.874915,1090450.851462,366.572262,98.153229,209.326784,30.046907,36.056288,85.132902,23.035962,49.076614,7.010945,8.012508,521.814614,140.218898,298.465940,43.067233,51.079741,3.000000,2.000000,3.000000,0.000000,1.000000,0.000000,1.000000,2.000000,0.000000,1.000000,0.000000,1.000000,3.000000,0.000000,1.000000,1553.000000,438.000000,932.000000,136.000000,161.000000,5.000000,
0.049519,0.989728,0.147040,0.129453,0.414914,0.001274,-206.518535,3.193470,1396043.761590,1161964.667464,2307283.291609,207665.898073,1090450.878962,366.466315,98.124860,209.266284,30.038223,36.045867,85.108297,23.029304,49.062430,7.008919,8.010193,521.663798,140.178372,298.379677,43.054786,51.064978,3.000000,2.000000,3.000000,0.000000,1.000000,0.000000,1.000000,2.000000,0.000000,1.000000,0.000000,1.000000,3.000000,0.000000,1.000000,1553.000000,438.000000,932.000000,136.000000,161.000000,5.000000,
0.049519,0.989728,0.147040,0.129453,0.414914,0.001274,-206.518535,3.193470,1396043.761590,1161964.667464,2307283.291609,207665.898073,1090450.878962,366.466315,98.124860,209.266284,30.038223,36.045867,85.108297,23.029304,49.062430,7.008919,8.010193,521.663798,140.178372,298.379677,43.054786,51.064978,3.000000,2.000000,3.000000,0.000000,1.000000,0.000000,1.000000,2.000000,0.000000,1.000000,0.000000,1.000000,3.000000,0.000000,1.000000,1553.000000,438.000000,932.000000,136.000000,161.000000,5.000000,
0.049519,0.989728,0.147040,0.129453,0.414914,0.001274,-206.518535,3.193470,1396043.761590,1161964.667464,2307283.291609,207665.898073,1090450.878962,366.466315,98.124860,209.266284,30.038223,36.045867,85.108297,23.029304,49.062430,7.008919,8.010193,521.663798,140.178372,298.379677,43.054786,51.064978,3.000000,2.000000,3.000000,0.000000,1.000000,0.000000,1.000000,2.000000,0.000000,1.000000,0.000000,1.000000,3.000000,0.000000,1.000000,1553.000000,438.000000,932.000000,136.000000,161.000000,5.000000,
0.049519,0.989728,0.147040,0.129453,0.414914,0.001274,-206.518535,3.193470,1396043.761590,1161964.667464,2307283.291609,207665.898073,1090450.878962,366.466315,98.124860,209.266284,30.038223,36.045867,85.108297,23.029304,49.062430,7.008919,8.010193,521.663798,140.178372,298.379677,43.054786,51.064978,3.000000,2.000000,3.000000,0.000000,1.000000,0.000000,1.000000,2.000000,0.000000,1.000000,0.000000,1.000000,3.000000,0.000000,1.000000,1553.000000,438.000000,932.000000,136.000000,161.000000,5.000000,
0.049519,0.989728,0.147040,0.129453,0.414914,0.001274,-206.518535,3.193470,1396043.761590,1161964.667464,2307283.291609,207665.898073,1090450.878962,366.466315,98.124860,209.266284,30.038223,36.045867,85.108297,23.029304,49.062430,7.008919,8.010193,521.663798,140.178372,298.379677,43.054786,51.064978,3.000000,2.000000,3.000000,0.000000,1.000000,0.000000,1.000000,2.000000,0.000000,1.000000,0.000000,1.000000,3.000000,0.000000,1.000000,1553.000000,438.000000,932.000000,136.000000,161.000000,5.000000,
0.049519,0.989728,0.147040,0.129453,0.414914,0.001274,-206.518535,3.193470,1396043.761590,1161964.667464,2307283.291609,207665.898073,1090450.878962,366.466315,98.124860,209.266284,30.038223,36.045867,85.108297,23.029304,49.062430,7.008919,8.010193,521.663798,140.178372,298.379677,43.054786,51.064978,3.000000,2.000000,3.000000,0.000000,1.000000,0.000000,1.000000,2.000000,0.000000,1.000000,0.000000,1.000000,3.000000,0.000000,1.000000,1553.000000,438.000000,932.000000,136.000000,161.000000,5.000000,
0.049517,0.987144,0.147175,0.121732,0.431477,0.001779,-207.031622,3.193676,1396043.270490,1161964.535595,2307283.010692,207665.857653,1090450.830964,366.651235,98.174374,209.371880,30.053380,36.064056,85.151243,23.040925,49.087187,7.012455,8.014235,521.927032,140.249106,298.530241,43.076511,51.090746,3.000000,2.000000,3.000000,0.000000,1.000000,0.000000,1.000000,2.000000,0.000000,1.000000,0.000000,1.000000,3.000000,0.000000,1.000000,1553.000000,438.000000,932.000000,136.000000,161.000000,5.000000,
0.049475,0.983805,0.149304,0.129185,0.406657,0.002565,-207.695101,3.195676,1396042.506647,1161964.330489,2307282.573761,207665.794786,1090450.756308,366.938855,98.251387,209.536122,30.076955,36.092346,85.218040,23.058999,49.125694,7.017956,8.020521,522.336458,140.359125,298.764423,43.110303,51.130824,3.000000,2.000000,3.000000,0.000000,1.000000,0.000000,1.000000,2.000000,0.000000,1.000000,0.000000,1.000000,3.000000,0.000000,1.000000,1553.000000,438.000000,932.000000,136.000000,161.000000,5.000000,
0.049473,0.986020,0.147222,0.134489,0.405591,0.003429,-207.369439,3.190919,1396041.667148,1161964.105068,2307282.093554,207665.725691,1090450.674258,367.254963,98.336028,209.716632,30.102866,36.123439,85.291453,23.078864,49.168014,7.024002,8.027431,522.786436,140.480040,299.021800,43.147441,51.174872,3.000000,2.000000,3.000000,0.000000,1.000000,0.000000,1.000000,2.000000,0.000000,1.000000,0.000000,1.000000,3.000000,0.000000,1.000000,1553.000000,438.000000,932.000000,136.000000,161.000000,5.000000,
0.049473,0.986020,0.147222,0.134489,0.405591,0.003429,-207.369439,3.190919,1396041.667148,1161964.105068,2307282.093554,207665.725691,1090450.674258,367.254963,98.336028,209.716632,30.102866,36.123439,85.291453,23.078864,49.168014,7.024002,8.027431,522.786436,140.480040,299.021800,43.147441,51.174872,3.000000,2.000000,3.000000,0.000000,1.000000,0.000000,1.000000,2.000000,0.000000,1.000000,0.000000,1.000000,3.000000,0.000000,1.000000,1553.000000,438.000000,932.000000,136.000000,161.000000,5.000000,
0.049473,0.986020,0.147222,0.134489,0.405591,0.003429,-207.369439,3.190919,1396041.667148,1161964.105068,2307282.093554,207665.725691,1090450.674258,367.254963,98.336028,209.716632,30.102866,36.123439,85.291453,23.078864,49.168014,7.024002,8.027431,522.786436,140.480040,299.021800,43.147441,51.174872,3.000000,2.000000,3.000000,0.000000,1.000000,0.000000,1.000000,2.000000,0.000000,1.000000,0.000000,1.000000,3.000000,0.000000,1.000000,1553.000000,438.000000,932.000000,136.000000,161.000000,5.000000,
0.049473,0.986020,0.147222,0.134489,0.405591,0.003429,-207.369439,3.190919,1396041.667148,1161964.105068,2307282.093554,207665.725691,1090450.674258,367.254963,98.336028,209.716632,30.102866,36.123439,85.291453,23.078864,49.168014,7.024002,8.027431,522.786436,140.480040,299.021800,43.147441,51.174872,3.000000,2.000000,3.000000,0.000000,1.000000,0.000000,1.000000,2.000000,0.000000,1.000000,0.000000,1.000000,3.000000,0.000000,1.000000,1553.000000,438.000000,932.000000,136.000000,161.000000,5.000000,
0.049473,0.986020,0.147222,0.134489,0.405591,0.003429,-207.369439,3.190919,1396041.667148,1161964.105068,2307282.093554,207665.725691,1090450.674258,367.254963,98.336028,209.716632,30.102866,36.123439,85.291453,23.078864,49.168014,7.024002,8.027431,522.786436,140.480040,299.021800,43.147441,51.174872,3.000000,2.000000,3.000000,0.000000,1.000000,0.000000,1.000000,2.000000,0.000000,1.000000,0.000000,1.000000,3.000000,0.000000,1.000000,1553.000000,438.000000,932.000000,136.000000,161.000000,5.000000,
0.049400,0.996076,0.145535,0.155631,0.377606,0.004048,-205.929050,3.182461,1396041.065005,1161963.943381,2307281.749118,207665.676132,1090450.615407,367.481696,98.396738,209.846105,30.121450,36.145741,85.344110,23.093112,49.198369,7.028338,8.032387,523.109190,140.566769,299.206408,43.174079,51.206466,3.000000,2.000000,3.000000,0.000000,1.000000,0.000000,1.000000,2.000000,0.000000,1.000000,0.000000,1.000000,3.000000,0.000000,1.000000,1553.000000,438.000000,932.000000,136.000000,161.000000,5.000000,
0.049430,0.999999,0.143976,0.141201,0.418139,0.003782,-204.722198,3.180916,1396041.323503,1161964.012792,2307281.896983,207665.697408,1090450.640672,367.384360,98.370676,209.790523,30.113472,36.136167,85.321504,23.086995,49.185338,7.026477,8.030259,522.970633,140.529537,299.127157,43.162643,51.192903,3.000000,2.000000,3.000000,0.000000,1.000000,0.000000,1.000000,2.000000,0.000000,1.000000,0.000000,1.000000,3.000000,0.000000,1.000000,1553.000000,438.000000,932.000000,136.000000,161.000000,5.000000,
0.049430,0.999999,0.143976,0.141201,0.418139,0.003782,-204.722198,3.180916,1396041.323503,1161964.012792,2307281.896983,207665.697408,1090450.640672,367.384360,98.370676,209.790523,30.113472,36.136167,85.321504,23.086995,49.185338,7.026477,8.030259,522.970633,140.529537,299.127157,43.162643,51.192903,3.000000,2.000000,3.000000,0.000000,1.000000,0.000000,1.000000,2.000000,0.000000,1.000000,0.000000,1.000000,3.000000,0.000000,1.000000,1553.000000,438.000000,932.000000,136.000000,161.000000,5.000000,
0.049430,0.999999,0.143976,0.141201,0.418139,0.003782,-204.722198,3.180916,1396041.323503,1161964.012792,2307281.896983,207665.697408,1090450.640672,367.384360,98.370676,209.790523,30.113472,36.136167,85.321504,23.086995,49.185338,7.026477,8.030259,522.970633,140.529537,299.127157,43.162643,51.192903,3.000000,2.000000,3.000000,0.000000,1.000000,0.000000,1.000000,2.000000,0.000000,1.000000,0.000000,1.000000,3.000000,0.000000,1.000000,1553.000000,438.000000,932.000000,136.000000,161.000000,5.000000,
0.049430,0.999999,0.143976,0.141201,0.418139,0.003782,-204.722198,3.180916,1396041.323503,1161964.012792,2307281.896983,207665.697408,1090450.640672,367.384360,98.370676,209.790523,30.113472,36.136167,85.321504,23.086995,49.185338,7.026477,8.030259,522.970633,140.529537,299.127157,43.162643,51.192903,3.000000,2.000000,3.000000,0.000000,1.000000,0.000000,1.000000,2.000000,0.000000,1.000000,0.000000,1.000000,3.000000,0.000000,1.000000,1553.000000,438.000000,932.000000,136.000000,161.000000,5.000000,
0.049430,0.999999,0.143976,0.141201,0.418139,0.003782,-204.722198,3.180916,1396041.323503,1161964.012792,2307281.896983,207665.697408,1090450.640672,367.384360,98.370676,209.790523,30.113472,36.136167,85.321504,23.086995,49.185338,7.026477,8.030259,522.970633,140.529537,299.127157,43.162643,51.192903,3.000000,2.000000,3.000000,0.000000,1.000000,0.000000,1.000000,2.000000,0.000000,1.000000,0.000000,1.000000,3.000000,0.000000,1.000000,1553.000000,438.000000,932.000000,136.000000,161.000000,5.000000,
0.049430,0.999999,0.143976,0.141201,0.418139,0.003782,-204.722198,3.180916,1396041.323503,1161964.012792,2307281.896983,207665.697408,1090450.640672,367.384360,98.370676,209.790523,30.113472,36.136167,85.321504,23.086995,49.185338,7.026477,8.030259,522.970633,140.529537,299.127157,43.162643,51.192903,3.000000,2.000000,3.000000,0.000000,1.000000,0.000000,1.000000,2.000000,0.000000,1.000000,0.000000,1.000000,3.000000,0.000000,1.000000,1553.000000,438.000000,932.000000,136.000000,161.000000,5.000000,
0.049430,0.999999,0.143976,0.141201,0.418139,0.003782,-204.722198,3.180916,1396041.323503,1161964.012792,2307281.896983,207665.697408,1090450.640672,367.384360,98.370676,209.790523,30.113472,36.136167,85.321504,23.086995,49.185338,7.026477,8.030259,522.970633,140.529537,299.127157,43.162643,51.192903,3.000000,2.000000,3.000000,0.000000,1.000000,0.000000,1.000000,2.000000,0.000000,1.000000,0.000000,1.000000,3.000000,0.000000,1.000000,1553.000000,438.000000,932.000000,136.000000,161.000000,5.000000,
0.049507,0.997515,0.141885,0.138995,0.426464,0.001806,-205.187332,3.181185,1396043.244733,1161964.528678,2307282.995958,207665.855534,1090450.828446,366.660934,98.176971,209.377419,30.054175,36.065010,85.153496,23.041534,49.088486,7.012641,8.014447,521.940838,140.252816,298.538137,43.077651,51.092097,3.000000,2.000000,3.000000,0.000000,1.000000,0.000000,1.000000,2.000000,0.000000,1.000000,0.000000,1.000000,3.000000,0.000000,1.000000,1553.000000,438.000000,932.000000,136.000000,161.000000,5.000000,
0.049507,0.997515,0.141885,0.138995,0.426464,0.001806,-205.187332,3.181185,1396043.244733,1161964.528678,2307282.995958,207665.855534,1090450.828446,366.660934,98.176971,209.377419,30.054175,36.065010,85.153496,23.041534,49.088486,7.012641,8.014447,521.940838,140.252816,298.538137,43.077651,51.092097,3.000000,2.000000,3.000000,0.000000,1.000000,0.000000,1.000000,2.000000,0.000000,1.000000,0.000000,1.000000,3.000000,0.000000,1.000000,1553.000000,438.000000,932.000000,136.000000,161.000000,5.000000,
0.049507,0.997515,0.141885,0.138995,0.426464,0.001806,-205.187332,3.181185,1396043.244733,1161964.528678,2307282.995958,207665.855534,1090450.828446,366.660934,98.176971,209.377419,30.054175,36.065010,85.153496,23.041534,49.088486,7.012641,8.014447,521.940838,140.252816,298.538137,43.077651,51.092097,3.000000,2.000000,3.000000,0.000000,1.000000,0.000000,1.000000,2.000000,0.000000,1.000000,0.000000,1.000000,3.000000,0.000000,1.000000,1553.000000,438.000000,932.000000,136.000000,161.000000,5.000000,
0.049507,0.997515,0.141885,0.138995,0.426464,0.001806,-205.187332,3.181185,1396043.244733,1161964.528678,2307282.995958,207665.855534,1090450.828446,366.660934,98.176971,209.377419,30.054175,36.065010,85.153496,23.041534,49.088486,7.012641,8.014447,521.940838,140.252816,298.538137,43.077651,51.092097,3.000000,2.000000,3.000000,0.000000,1.000000,0.000000,1.000000,2.000000,0.000000,1.000000,0.000000,1.000000,3.000000,0.000000,1.000000,1553.000000,438.000000,932.000000,136.000000,161.000000,5.000000,
0.049507,0.997515,0.141885,0.138995,0.426464,0.001806,-205.187332,3.181185,1396043.244733,1161964.528678,2307282.995958,207665.855534,1090450.828446,366.660934,98.176971,209.377419,30.054175,36.065010,85.153496,23.041534,49.088486,7.012641,8.014447,521.940838,140.252816,298.538137,43.077651,51.092097,3.000000,2.000000,3.000000,0.000000,1.000000,0.000000,1.000000,2.000000,0.000000,1.000000,0.000000,1.000000,3.000000,0.000000,1.000000,1553.000000,438.000000,932.000000,136.000000,161.000000,5.000000,
0.049507,0.997515,0.141885,0.138995,0.426464,0.001806,-205.187332,3.181185,1396043.244733,1161964.528678,2307282.995958,207665.855534,1090450.828446,366.660934,98.176971,209.377419,30.054175,36.065010,85.153496,23.041534,49.088486,7.012641,8.014447,521.940838,140.252816,298.538137,43.077651,51.092097,3.000000,2.000000,3.000000,0.000000,1.000000,0.000000,1.000000,2.000000,0.000000,1.000000,0.000000,1.000000,3.000000,0.000000,1.000000,1553.000000,438.000000,932.000000,136.000000,161.000000,5.000000,
0.049507,0.997515,0.141885,0.138995,0.426464,0.001806,-205.187332,3.181185,1396043.244733,1161964.528678,2307282.995958,207665.855534,1090450.828446,366.660934,98.176971,209.377419,30.054175,36.065010,85.153496,23.041534,49.088486,7.012641,8.014447,521.940838,140.252816,298.538137,43.077651,51.092097,3.000000,2.000000,3.000000,0.000000,1.000000,0.000000,1.000000,2.000000,0.000000,1.000000,0.000000,1.000000,3.000000,0.000000,1.000000,1553.000000,438.000000,932.000000,136.000000,161.000000,5.000000,
0.049507,0.997515,0.141885,0.138995,0.426464,0.001806,-205.187332,3.181185,1396043.244733,1161964.528678,2307282.995958,207665.855534,1090450.828446,366.660934,98.176971,209.377419,30.054175,36.065010,85.153496,23.041534,49.088486,7.012641,8.014447,521.940838,140.252816,298.538137,43.077651,51.092097,3.000000,2.000000,3.000000,0.000000,1.000000,0.000000,1.000000,2.000000,0.000000,1.000000,0.000000,1.000000,3.000000,0.000000,1.000000,1553.000000,438.000000,932.000000,136.000000,161.000000,5.000000,
0.049507,0.997515,0.141885,0.138995,0.426464,0.001806,-205.187332,3.181185,1396043.244733,1161964.528678,2307282.995958,207665.855534,1090450.828446,366.660934,98.176971,209.377419,30.054175,36.065010,85.153496,23.041534,49.088486,7.012641,8.014447,521.940838,140.252816,298.538137,43.077651,51.092097,3.000000,2.000000,3.000000,0.000000,1.000000,0.000000,1.000000,2.000000,0.000000,1.000000,0.000000,1.000000,3.000000,0.000000,1.000000,1553.000000,438.000000,932.000000,136.000000,161.000000,5.000000,
0.049507,0.997515,0.141885,0.138995,0.426464,0.001806,-205.187332,3.181185,1396043.244733,1161964.528678,2307282.995958,207665.855534,1090450.828446,366.660934,98.176971,209.377419,30.054175,36.065010,85.153496,23.041534,49.088486,7.012641,8.014447,521.940838,140.252816,298.538137,43.077651,51.092097,3.000000,2.000000,3.000000,0.000000,1.000000,0.000000,1.000000,2.000000,0.000000,1.000000,0.000000,1.000000,3.000000,0.000000,1.000000,1553.000000,438.000000,932.000000,136.000000,161.000000,5.000000,
0.049496,0.997285,0.141837,0.129179,0.452446,0.000624,-204.914120,3.180349,1396044.393503,1161964.837144,2307283.653074,207665.950083,1090450.940723,366.228372,98.061149,209.130409,30.018719,36.022463,85.053037,23.014351,49.030574,7.004368,8.004992,521.325087,140.087355,298.185942,43.026831,51.031822,3.000000,2.000000,3.000000,0.000000,1.000000,0.000000,1.000000,2.000000,0.000000,1.000000,0.000000,1.000000,3.000000,0.000000,1.000000,1553.000000,438.000000,932.000000,136.000000,161.000000,5.000000,
0.049496,0.997285,0.141837,0.129179,0.452446,0.000624,-204.914120,3.180349,1396044.393503,1161964.837144,2307283.653074,207665.950083,1090450.940723,366.228372,98.061149,209.130409,30.018719,36.022463,85.053037,23.014351,49.030574,7.004368,8.004992,521.325087,140.087355,298.185942,43.026831,51.031822,3.000000,2.000000,3.000000,0.000000,1.000000,0.000000,1.000000,2.000000,0.000000,1.000000,0.000000,1.000000,3.000000,0.000000,1.000000,1553.000000,438.000000,932.000000,136.000000,161.000000,5.000000,
0.049496,0.997285,0.141837,0.129179,0.452446,0.000624,-204.914120,3.180349,1396044.393503,1161964.837144,2307283.653074,207665.950083,1090450.940723,366.228372,98.061149,209.130409,30.018719,36.022463,85.053037,23.014351,49.030574,7.004368,8.004992,521.325087,140.087355,298.185942,43.026831,51.031822,3.000000,2.000000,3.000000,0.000000,1.000000,0.000000,1.000000,2.000000,0.000000,1.000000,0.000000,1.000000,3.000000,0.000000,1.000000,1553.000000,438.000000,932.000000,136.000000,161.000000,5.000000,
0.049487,0.995169,0.141280,0.122308,0.474999,0.000559,-205.381840,3.178533,1396044.456196,1161964.853979,2307283.688935,207665.955242,1090450.946850,366.204766,98.054828,209.116929,30.016784,36.020141,85.047555,23.012868,49.027414,7.003916,8.004476,521.291483,140.078326,298.166722,43.024057,51.028533,3.000000,2.000000,3.000000,0.000000,1.000000,0.000000,1.000000,2.000000,0.000000,1.000000,0.000000,1.000000,3.000000,0.000000,1.000000,1553.000000,438.000000,932.000000,136.000000,161.000000,5.000000,
0.049487,0.995169,0.141280,0.122308,0.474999,0.000559,-205.381840,3.178533,1396044.456196,1161964.853979,2307283.688935,207665.955242,1090450.946850,366.204766,98.054828,209.116929,30.016784,36.020141,85.047555,23.012868,49.027414,7.003916,8.004476,521.291483,140.078326,298.166722,43.024057,51.028533,3.000000,2.000000,3.000000,0.000000,1.000000,0.000000,1.000000,2.000000,0.000000,1.000000,0.000000,1.000000,3.000000,0.000000,1.000000,1553.000000,438.000000,932.000000,136.000000,161.000000,5.000000,
0.049487,0.995169,0.141280,0.122308,0.474999,0.000559,-205.381840,3.178533,1396044.456196,1161964.853979,2307283.688935,207665.955242,1090450.946850,366.204766,98.054828,209.116929,30.016784,36.020141,85.047555,23.012868,49.027414,7.003916,8.004476,521.291483,140.078326,298.166722,43.024057,51.028533,3.000000,2.000000,3.000000,0.000000,1.000000,0.000000,1.000000,2.000000,0.000000,1.000000,0.000000,1.000000,3.000000,0.000000,1.000000,1553.000000,438.000000,932.000000,136.000000,161.000000,5.000000,
0.049487,0.995169,0.141280,0.122308,0.474999,0.000559,-205.381840,3.178533,1396044.456196,1161964.853979,2307283.688935,207665.955242,1090450.946850,366.204766,98.054828,209.116929,30.016784,36.020141,85.047555,23.012868,49.027414,7.003916,8.004476,521.291483,140.078326,298.166722,43.024057,51.028533,3.000000,2.000000,3.000000,0.000000,1.000000,0.000000,1.000000,2.000000,0.000000,1.000000,0.000000,1.000000,3.000000,0.000000,1.000000,1553.000000,438.000000,932.000000,136.000000,161.000000,5.000000,
0.049505,0.991495,0.142342,0.119592,0.471440,0.000207,-205.821301,3.182098,1396044.798380,1161964.945861,2307283.884670,207665.983406,1090450.980294,366.075919,98.020328,209.043352,30.006223,36.007467,85.017631,23.004771,49.010164,7.001452,8.001659,521.108070,140.029040,298.061813,43.008919,51.010579,3.000000,2.000000,3.000000,0.000000,1.000000,0.000000,1.000000,2.000000,0.000000,1.000000,0.000000,1.000000,3.000000,0.000000,1.000000,1553.000000,438.000000,932.000000,136.000000,161.000000,5.000000,
0.049505,0.991495,0.142342,0.119592,0.471440,0.000207,-205.821301,3.182098,1396044.798380,1161964.945861,2307283.884670,207665.983406,1090450.980294,366.075919,98.020328,209.043352,30.006223,36.007467,85.017631,23.004771,49.010164,7.001452,8.001659,521.108070,140.029040,298.061813,43.008919,51.010579,3.000000,2.000000,3.000000,0.000000,1.000000,0.000000,1.000000,2.000000,0.000000,1.000000,0.000000,1.000000,3.000000,0.000000,1.000000,1553.000000,438.000000,932.000000,136.000000,161.000000,5.000000,
0.049505,0.991495,0.142342,0.119592,0.471440,0.000207,-205.821301,3.182098,1396044.798380,1161964.945861,2307283.884670,207665.983406,1090450.980294,366.075919,98.020328,209.043352,30.006223,36.007467,85.017631,23.004771,49.010164,7.001452,8.001659,521.108070,140.029040,298.061813,43.008919,51.010579,3.000000,2.000000,3.000000,0.000000,1.000000,0.000000,1.000000,2.000000,0.000000,1.000000,0.000000,1.000000,3.000000,0.000000,1.000000,1553.000000,438.000000,932.000000,136.000000,161.000000,5.000000,
0.049505,0.991495,0.142342,0.119592,0.471440,0.000207,-205.821301,3.182098,1396044.798380,1161964.945861,2307283.884670,207665.983406,1090450.980294,366.075919,98.020328,209.043352,30.006223,36.007467,85.017631,23.004771,49.010164,7.001452,8.001659,521.108070,140.029040,298.061813,43.008919,51.010579,3.000000,2.000000,3.000000,0.000000,1.000000,0.000000,1.000000,2.000000,0.000000,1.000000,0.000000,1.000000,3.000000,0.000000,1.000000,1553.000000,438.000000,932.000000,136.000000,161.000000,5.000000,
0.049505,0.991495,0.142342,0.119592,0.471440,0.000207,-205.821301,3.182098,1396044.798380,1161964.945861,2307283.884670,207665.983406,1090450.980294,366.075919,98.020328,209.043352,30.006223,36.007467,85.017631,23.004771,49.010164,7.001452,8.001659,521.108070,140.029040,298.061813,43.008919,51.010579,3.000000,2.000000,3.000000,0.000000,1.000000,0.000000,1.000000,2.000000,0.000000,1.000000,0.000000,1.000000,3.000000,0.000000,1.000000,1553.000000,438.000000,932.000000,136.000000,161.000000,5.000000,
0.049467,0.998682,0.145781,0.120591,0.455430,0.000166,-204.138639,3.187341,1396044.838175,1161964.956547,2307283.907433,207665.986681,1090450.984184,366.060934,98.016316,209.034796,30.004995,36.005994,85.014151,23.003829,49.008158,7.001165,8.001332,521.086740,140.023308,298.049613,43.007159,51.008491,3.000000,2.000000,3.000000,0.000000,1.000000,0.000000,1.000000,2.000000,0.000000,1.000000,0.000000,1.000000,3.000000,0.000000,1.000000,1553.000000,438.000000,932.000000,136.000000,161.000000,5.000000,
0.049467,0.998682,0.145781,0.120591,0.455430,0.000166,-204.138639,3.187341,1396044.838175,1161964.956547,2307283.907433,207665.986681,1090450.984184,366.060934,98.016316,209.034796,30.004995,36.005994,85.014151,23.003829,49.008158,7.001165,8.001332,521.086740,140.023308,298.049613,43.007159,51.008491,3.000000,2.000000,3.000000,0.000000,1.000000,0.000000,1.000000,2.000000,0.000000,1.000000,0.000000,1.000000,3.000000,0.000000,1.000000,1553.000000,438.000000,932.000000,136.000000,161.000000,5.000000,
0.049467,0.998682,0.145781,0.120591,0.455430,0.000166,-204.138639,3.187341,1396044.838175,1161964.956547,2307283.907433,207665.986681,1090450.984184,366.060934,98.016316,209.034796,30.004995,36.005994,85.014151,23.003829,49.008158,7.001165,8.001332,521.086740,140.023308,298.049613,43.007159,51.008491,3.000000,2.000000,3.000000,0.000000,1.000000,0.000000,1.000000,2.000000,0.000000,1.000000,0.000000,1.000000,3.000000,0.000000,1.000000,1553.000000,438.000000,932.000000,136.000000,161.000000,5.000000,
0.049467,0.998682,0.145781,0.120591,0.455430,0.000166,-204.138639,3.187341,1396044.838175,1161964.956547,2307283.907433,207665.986681,1090450.984184,366.060934,98.016316,209.034796,30.004995,36.005994,85.014151,23.003829,49.008158,7.001165,8.001332,521.086740,140.023308,298.049613,43.007159,51.008491,3.000000,2.000000,3.000000,0.000000,1.000000,0.000000,1.000000,2.000000,0.000000,1.000000,0.000000,1.000000,3.000000,0.000000,1.000000,1553.000000,438.000000,932.000000,136.000000,161.000000,5.000000,
0.049467,0.998682,0.145781,0.120591,0.455430,0.000166,-204.138639,3.187341,1396044.838175,1161964.956547,2307283.907433,207665.986681,1090450.984184,366.060934,98.016316,209.034796,30.004995,36.005994,85.014151,23.003829,49.008158,7.001165,8.001332,521.086740,140.023308,298.049613,43.007159,51.008491,3.000000,2.000000,3.000000,0.000000,1.000000,0.000000,1.000000,2.000000,0.000000,1.000000,0.000000,1.000000,3.000000,0.000000,1.000000,1553.000000,438.000000,932.000000,136.000000,161.000000,5.000000,
0.049467,0.998682,0.145781,0.120591,0.455430,0.000166,-204.138639,3.187341,1396044.838175,1161964.956547,2307283.907433,207665.986681,1090450.984184,366.060934,98.016316,209.034796,30.004995,36.005994,85.014151,23.003829,49.008158,7.001165,8.001332,521.086740,140.023308,298.049613,43.007159,51.008491,3.000000,2.000000,3.000000,0.000000,1.000000,0.000000,1.000000,2.000000,0.000000,1.000000,0.000000,1.000000,3.000000,0.000000,1.000000,1553.000000,438.000000,932.000000,136.000000,161.000000,5.000000,
0.049467,0.998682,0.145781,0.120591,0.455430,0.000166,-204.138639,3.187341,1396044.838175,1161964.956547,2307283.907433,207665.986681,1090450.984184,366.060934,98.016316,209.034796,30.004995,36.005994,85.014151,23.003829,49.008158,7.001165,8.001332,521.086740,140.023308,298.049613,43.007159,51.008491,3.000000,2.000000,3.000000,0.000000,1.000000,0.000000,1.000000,2.000000,0.000000,1.000000,0.000000,1.000000,3.000000,0.000000,1.000000,1553.000000,438.000000,932.000000,136.000000,161.000000,5.000000,
0.049467,0.998682,0.145781,0.120591,0.455430,0.000166,-204.138639,3.187341,1396044.838175,1161964.956547,2307283.907433,207665.986681,1090450.984184,366.060934,98.016316,209.034796,30.004995,36.005994,85.014151,23.003829,49.008158,7.001165,8.001332,521.086740,140.023308,298.049613,43.007159,51.008491,3.000000,2.000000,3.000000,0.000000,1.000000,0.000000,1.000000,2.000000,0.000000,1.000000,0.000000,1.000000,3.000000,0.000000,1.000000,1553.000000,438.000000,932.000000,136.000000,161.000000,5.000000,
0.049467,0.998682,0.145781,0.120591,0.455430,0.000166,-204.138639,3.187341,1396044.838175,1161964.956547,2307283.907433,207665.986681,1090450.984184,366.060934,98.016316,209.034796,30.004995,36.005994,85.014151,23.003829,49.008158,7.001165,8.001332,521.086740,140.023308,298.049613,43.007159,51.008491,3.000000,2.000000,3.000000,0.000000,1.000000,0.000000,1.000000,2.000000,0.000000,1.000000,0.000000,1.000000,3.000000,0.000000,1.000000,1553.000000,438.000000,932.000000,136.000000,161.000000,5.000000,
0.049467,0.998682,0.145781,0.120591,0.455430,0.000166,-204.138639,3.187341,1396044.838175,1161964.956547,2307283.907433,207665.986681,1090450.984184,366.060934,98.016316,209.034796,30.004995,36.005994,85.014151,23.003829,49.008158,7.001165,8.001332,521.086740,140.023308,298.049613,43.007159,51.008491,3.000000,2.000000,3.000000,0.000000,1.000000,0.000000,1.000000,2.000000,0.000000,1.000000,0.000000,1.000000,3.000000,0.000000,1.000000,1553.000000,438.000000,932.000000,136.000000,161.000000,5.000000,
0.049467,0.998682,0.145781,0.120591,0.455430,0.000166,-204.138639,3.187341,1396044.838175,1161964.956547,2307283.907433,207665.986681,1090450.984184,366.060934,98.016316,209.034796,30.004995,36.005994,85.014151,23.003829,49.008158,7.001165,8.001332,521.086740,140.023308,298.049613,43.007159,51.008491,3.000000,2.000000,3.000000,0.000000,1.000000,0.000000,1.000000,2.000000,0.000000,1.000000,0.000000,1.000000,3.000000,0.000000,1.000000,1553.000000,438.000000,932.000000,136.000000,161.000000,5.000000,
0.049467,0.998682,0.145781,0.120591,0.455430,0.000166,-204.138639,3.187341,1396044.838175,1161964.956547,2307283.907433,207665.986681,1090450.984184,366.060934,98.016316,209.034796,30.004995,36.005994,85.014151,23.003829,49.008158,7.001165,8.001332,521.086740,140.023308,298.049613,43.007159,51.008491,3.000000,2.000000,3.000000,0.000000,1.000000,0.000000,1.000000,2.000000,0.000000,1.000000,0.000000,1.000000,3.000000,0.000000,1.000000,1553.000000,438.000000,932.000000,136.000000,161.000000,5.000000,
0.049467,0.998682,0.145781,0.120591,0.455430,0.000166,-204.138639,3.187341,1396044.838175,1161964.956547,2307283.907433,207665.986681,1090450.984184,366.060934,98.016316,209.034796,30.004995,36.005994,85.014151,23.003829,49.008158,7.001165,8.001332,521.086740,140.023308,298.049613,43.007159,51.008491,3.000000,2.000000,3.000000,0.000000,1.000000,0.000000,1.000000,2.000000,0.000000,1.000000,0.000000,1.000000,3.000000,0.000000,1.000000,1553.000000,438.000000,932.000000,136.000000,161.000000,5.000000,
0.049467,0.998682,0.145781,0.120591,0.455430,0.000166,-204.138639,3.187341,1396044.838175,1161964.956547,2307283.907433,207665.986681,1090450.984184,366.060934,98.016316,209.034796,30.004995,36.005994,85.014151,23.003829,49.008158,7.001165,8.001332,521.086740,140.023308,298.049613,43.007159,51.008491,3.000000,2.000000,3.000000,0.000000,1.000000,0.000000,1.000000,2.000000,0.000000,1.000000,0.000000,1.000000,3.000000,0.000000,1.000000,1553.000000,438.000000,932.000000,136.000000,161.000000,5.000000,
0.049467,0.998682,0.145781,0.120591,0.455430,0.000166,-204.138639,3.187341,1396044.838175,1161964.956547,2307283.907433,207665.986681,1090450.984184,366.060934,98.016316,209.034796,30.004995,36.005994,85.014151,23.003829,49.008158,7.001165,8.001332,521.086740,140.023308,298.049613,43.007159,51.008491,3.000000,2.000000,3.000000,0.000000,1.000000,0.000000,1.000000,2.000000,0.000000,1.000000,0.000000,1.000000,3.000000,0.000000,1.000000,1553.000000,438.000000,932.000000,136.000000,161.000000,5.000000,
0.049467,0.998682,0.145781,0.120591,0.455430,0.000166,-204.138639,3.187341,1396044.838175,1161964.956547,2307283.907433,207665.986681,1090450.984184,366.060934,98.016316,209.034796,30.004995,36.005994,85.014151,23.003829,49.008158,7.001165,8.001332,521.086740,140.023308,298.049613,43.007159,51.008491,3.000000,2.000000,3.000000,0.000000,1.000000,0.000000,1.000000,2.000000,0.000000,1.000000,0.000000,1.000000,3.000000,0.000000,1.000000,1553.000000,438.000000,932.000000,136.000000,161.000000,5.000000,
0.049467,0.998682,0.145781,0.120591,0.455430,0.000166,-204.138639,3.187341,1396044.838175,1161964.956547,2307283.907433,207665.986681,1090450.984184,366.060934,98.016316,209.034796,30.004995,36.005994,85.014151,23.003829,49.008158,7.001165,8.001332,521.086740,140.023308,298.049613,43.007159,51.008491,3.000000,2.000000,3.000000,0.000000,1.000000,0.000000,1.000000,2.000000,0.000000,1.000000,0.000000,1.000000,3.000000,0.000000,1.000000,1553.000000,438.000000,932.000000,136.000000,161.000000,5.000000,
0.049467,0.998682,0.145781,0.120591,0.455430,0.000166,-204.138639,3.187341,1396044.838175,1161964.956547,2307283.907433,207665.986681,1090450.984184,366.060934,98.016316,209.034796,30.004995,36.005994,85.014151,23.003829,49.008158,7.001165,8.001332,521.086740,140.023308,298.049613,43.007159,51.008491,3.000000,2.000000,3.000000,0.000000,1.000000,0.000000,1.000000,2.000000,0.000000,1.000000,0.000000,1.000000,3.000000,0.000000,1.000000,1553.000000,438.000000,932.000000,136.000000,161.000000,5.000000,
0.049467,0.998682,0.145781,0.120591,0.455430,0.000166,-204.138639,3.187341,1396044.838175,1161964.956547,2307283.907433,207665.986681,1090450.984184,366.060934,98.016316,209.034796,30.004995,36.005994,85.014151,23.003829,49.008158,7.001165,8.001332,521.086740,140.023308,298.049613,43.007159,51.008491,3.000000,2.000000,3.000000,0.000000,1.000000,0.000000,1.000000,2.000000,0.000000,1.000000,0.000000,1.000000,3.000000,0.000000,1.000000,1553.000000,438.000000,932.000000,136.000000,161.000000,5.000000,
0.049467,0.998682,0.145781,0.120591,0.455430,0.000166,-204.138639,3.187341,1396044.838175,1161964.956547,2307283.907433,207665.986681,1090450.984184,366.060934,98.016316,209.034796,30.004995,36.005994,85.014151,23.003829,49.008158,7.001165,8.001332,521.086740,140.023308,298.049613,43.007159,51.008491,3.000000,2.000000,3.000000,0.000000,1.000000,0.000000,1.000000,2.000000,0.000000,1.000000,0.000000,1.000000,3.000000,0.000000,1.000000,1553.000000,438.000000,932.000000,136.000000,161.000000,5.000000,
0.049467,0.998682,0.145781,0.120591,0.455430,0.000166,-204.138639,3.187341,1396044.838175,1161964.956547,2307283.907433,207665.986681,1090450.984184,366.060934,98.016316,209.034796,30.004995,36.005994,85.014151,23.003829,49.008158,7.001165,8.001332,521.086740,140.023308,298.049613,43.007159,51.008491,3.000000,2.000000,3.000000,0.000000,1.000000,0.000000,1.000000,2.000000,0.000000,1.000000,0.000000,1.000000,3.000000,0.000000,1.000000,1553.000000,438.000000,932.000000,136.000000,161.000000,5.000000,
0.049467,0.998682,0.145781,0.120591,0.455430,0.000166,-204.138639,3.187341,1396044.838175,1161964.956547,2307283.907433,207665.986681,1090450.984184,366.060934,98.016316,209.034796,30.004995,36.005994,85.014151,23.003829,49.008158,7.001165,8.001332,521.086740,140.023308,298.049613,43.007159,51.008491,3.000000,2.000000,3.000000,0.000000,1.000000,0.000000,1.000000,2.000000,0.000000,1.000000,0.000000,1.000000,3.000000,0.000000,1.000000,1553.000000,438.000000,932.000000,136.000000,161.000000,5.000000,
0.049467,0.998682,0.145781,0.120591,0.455430,0.000166,-204.138639,3.187341,1396044.838175,1161964.956547,2307283.907433,207665.986681,1090450.984184,366.060934,98.016316,209.034796,30.004995,36.005994,85.014151,23.003829,49.008158,7.001165,8.001332,521.086740,140.023308,298.049613,43.007159,51.008491,3.000000,2.000000,3.000000,0.000000,1.000000,0.000000,1.000000,2.000000,0.000000,1.000000,0.000000,1.000000,3.000000,0.000000,1.000000,1553.000000,438.000000,932.000000,136.000000,161.000000,5.000000,
0.049467,0.998682,0.145781,0.120591,0.455430,0.000166,-204.138639,3.187341,1396044.838175,1161964.956547,2307283.907433,207665.986681,1090450.984184,366.060934,98.016316,209.034796,30.004995,36.005994,85.014151,23.003829,49.008158,7.001165,8.001332,521.086740,140.023308,298.049613,43.007159,51.008491,3.000000,2.000000,3.000000,0.000000,1.000000,0.000000,1.000000,2.000000,0.000000,1.000000,0.000000,1.000000,3.000000,0.000000,1.000000,1553.000000,438.000000,932.000000,136.000000,161.000000,5.000000,
0.049467,0.998682,0.145781,0.120591,0.455430,0.000166,-204.138639,3.187341,1396044.838175,1161964.956547,2307283.907433,207665.986681,1090450.984184,366.060934,98.016316,209.034796,30.004995,36.005994,85.014151,23.003829,49.008158,7.001165,8.001332,521.086740,140.023308,298.049613,43.007159,51.008491,3.000000,2.000000,3.000000,0.000000,1.000000,0.000000,1.000000,2.000000,0.000000,1.000000,0.000000,1.000000,3.000000,0.000000,1.000000,1553.000000,438.000000,932.000000,136.000000,161.000000,5.000000,
0.049467,0.998682,0.145781,0.120591,0.455430,0.000166,-204.138639,3.187341,1396044.838175,1161964.956547,2307283.907433,207665.986681,1090450.984184,366.060934,98.016316,209.034796,30.004995,36.005994,85.014151,23.003829,49.008158,7.001165,8.001332,521.086740,140.023308,298.049613,43.007159,51.008491,3.000000,2.000000,3.000000,0.000000,1.000000,0.000000,1.000000,2.000000,0.000000,1.000000,0.000000,1.000000,3.000000,0.000000,1.000000,1553.000000,438.000000,932.000000,136.000000,161.000000,5.000000,
0.049467,0.998682,0.145781,0.120591,0.455430,0.000166,-204.138639,3.187341,1396044.838175,1161964.956547,2307283.907433,207665.986681,1090450.984184,366.060934,98.016316,209.034796,30.004995,36.005994,85.014151,23.003829,49.008158,7.001165,8.001332,521.086740,140.023308,298.049613,43.007159,51.008491,3.000000,2.000000,3.000000,0.000000,1.000000,0.000000,1.000000,2.000000,0.000000,1.000000,0.000000,1.000000,3.000000,0.000000,1.000000,1553.000000,438.000000,932.000000,136.000000,161.000000,5.000000,
0.049467,0.998682,0.145781,0.120591,0.455430,0.000166,-204.138639,3.187341,1396044.838175,1161964.956547,2307283.907433,207665.986681,1090450.984184,366.060934,98.016316,209.034796,30.004995,36.005994,85.014151,23.003829,49.008158,7.001165,8.001332,521.086740,140.023308,298.049613,43.007159,51.008491,3.000000,2.000000,3.000000,0.000000,1.000000,0.000000,1.000000,2.000000,0.000000,1.000000,0.000000,1.000000,3.000000,0.000000,1.000000,1553.000000,438.000000,932.000000,136.000000,161.000000,5.000000,
0.049467,0.998682,0.145781,0.120591,0.455430,0.000166,-204.138639,3.187341,1396044.838175,1161964.956547,2307283.907433,207665.986681,1090450.984184,366.060934,98.016316,209.034796,30.004995,36.005994,85.014151,23.003829,49.008158,7.001165,8.001332,521.086740,140.023308,298.049613,43.007159,51.008491,3.000000,2.000000,3.000000,0.000000,1.000000,0.000000,1.000000,2.000000,0.000000,1.000000,0.000000,1.000000,3.000000,0.000000,1.000000,1553.000000,438.000000,932.000000,136.000000,161.000000,5.000000,
0.049467,0.998682,0.145781,0.120591,0.455430,0.000166,-204.138639,3.187341,1396044.838175,1161964.956547,2307283.907433,207665.986681,1090450.984184,366.060934,98.016316,209.034796,30.004995,36.005994,85.014151,23.003829,49.008158,7.001165,8.001332,521.086740,140.023308,298.049613,43.007159,51.008491,3.000000,2.000000,3.000000,0.000000,1.000000,0.000000,1.000000,2.000000,0.000000,1.000000,0.000000,1.000000,3.000000,0.000000,1.000000,1553.000000,438.000000,932.000000,136.000000,161.000000,5.000000,
0.049467,0.998682,0.145781,0.120591,0.455430,0.000166,-204.138639,3.187341,1396044.838175,1161964.956547,2307283.907433,207665.986681,1090450.984184,366.060934,98.016316,209.034796,30.004995,36.005994,85.014151,23.003829,49.008158,7.001165,8.001332,521.086740,140.023308,298.049613,43.007159,51.008491,3.000000,2.000000,3.000000,0.000000,1.000000,0.000000,1.000000,2.000000,0.000000,1.000000,0.000000,1.000000,3.000000,0.000000,1.000000,1553.000000,438.000000,932.000000,136.000000,161.000000,5.000000,
0.049467,0.998682,0.145781,0.120591,0.455430,0.000166,-204.138639,3.187341,1396044.838175,1161964.956547,2307283.907433,207665.986681,1090450.984184,366.060934,98.016316,209.034796,30.004995,36.005994,85.014151,23.003829,49.008158,7.001165,8.001332,521.086740,140.023308,298.049613,43.007159,51.008491,3.000000,2.000000,3.000000,0.000000,1.000000,0.000000,1.000000,2.000000,0.000000,1.000000,0.000000,1.000000,3.000000,0.000000,1.000000,1553.000000,438.000000,932.000000,136.000000,161.000000,5.000000,
0.049467,0.998682,0.145781,0.120591,0.455430,0.000166,-204.138639,3.187341,1396044.838175,1161964.956547,2307283.907433,207665.986681,1090450.984184,366.060934,98.016316,209.034796,30.004995,36.005994,85.014151,23.003829,49.008158,7.001165,8.001332,521.086740,140.023308,298.049613,43.007159,51.008491,3.000000,2.000000,3.000000,0.000000,1.000000,0.000000,1.000000,2.000000,0.000000,1.000000,0.000000,1.000000,3.000000,0.000000,1.000000,1553.000000,438.000000,932.000000,136.000000,161.000000,5.000000,
0.049467,0.998682,0.145781,0.120591,0.455430,0.000166,-204.138639,3.187341,1396044.838175,1161964.956547,2307283.907433,207665.986681,1090450.984184,366.060934,98.016316,209.034796,30.004995,36.005994,85.014151,23.003829,49.008158,7.001165,8.001332,521.086740,140.023308,298.049613,43.007159,51.008491,3.000000,2.000000,3.000000,0.000000,1.000000,0.000000,1.000000,2.000000,0.000000,1.000000,0.000000,1.000000,3.000000,0.000000,1.000000,1553.000000,438.000000,932.000000,136.000000,161.000000,5.000000,
0.049467,0.998682,0.145781,0.120591,0.455430,0.000166,-204.138639,3.187341,1396044.838175,1161964.956547,2307283.907433,207665.986681,1090450.984184,366.060934,98.016316,209.034796,30.004995,36.005994,85.014151,23.003829,49.008158,7.001165,8.001332,521.086740,140.023308,298.049613,43.007159,51.008491,3.000000,2.000000,3.000000,0.000000,1.000000,0.000000,1.000000,2.000000,0.000000,1.000000,0.000000,1.000000,3.000000,0.000000,1.000000,1553.000000,438.000000,932.000000,136.000000,161.000000,5.000000,
0.049467,0.998682,0.145781,0.120591,0.455430,0.000166,-204.138639,3.187341,1396044.838175,1161964.956547,2307283.907433,207665.986681,1090450.984184,366.060934,98.016316,209.034796,30.004995,36.005994,85.014151,23.003829,49.008158,7.001165,8.001332,521.086740,140.023308,298.049613,43.007159,51.008491,3.000000,2.000000,3.000000,0.000000,1.000000,0.000000,1.000000,2.000000,0.000000,1.000000,0.000000,1.000000,3.000000,0.000000,1.000000,1553.000000,438.000000,932.000000,136.000000,161.000000,5.000000,
0.049467,0.998682,0.145781,0.120591,0.455430,0.000166,-204.138639,3.187341,1396044.838175,1161964.956547,2307283.907433,207665.986681,1090450.984184,366.060934,98.016316,209.034796,30.004995,36.005994,85.014151,23.003829,49.008158,7.001165,8.001332,521.086740,140.023308,298.049613,43.007159,51.008491,3.000000,2.000000,3.000000,0.000000,1.000000,0.000000,1.000000,2.000000,0.000000,1.000000,0.000000,1.000000,3.000000,0.000000,1.000000,1553.000000,438.000000,932.000000,136.000000,161.000000,5.000000,
0.049467,0.998682,0.145781,0.120591,0.455430,0.000166,-204.138639,3.187341,1396044.838175,1161964.956547,2307283.907433,207665.986681,1090450.984184,366.060934,98.016316,209.034796,30.004995,36.005994,85.014151,23.003829,49.008158,7.001165,8.001332,521.086740,140.023308,298.049613,43.007159,51.008491,3.000000,2.000000,3.000000,0.000000,1.000000,0.000000,1.000000,2.000000,0.000000,1.000000,0.000000,1.000000,3.000000,0.000000,1.000000,1553.000000,438.000000,932.000000,136.000000,161.000000,5.000000,
0.049467,0.998682,0.145781,0.120591,0.455430,0.000166,-204.138639,3.187341,1396044.838175,1161964.956547,2307283.907433,207665.986681,1090450.984184,366.060934,98.016316,209.034796,30.004995,36.005994,85.014151,23.003829,49.008158,7.001165,8.001332,521.086740,140.023308,298.049613,43.007159,51.008491,3.000000,2.000000,3.000000,0.000000,1.000000,0.000000,1.000000,2.000000,0.000000,1.000000,0.000000,1.000000,3.000000,0.000000,1.000000,1553.000000,438.000000,932.000000,136.000000,161.000000,5.000000,
0.049467,0.998682,0.145781,0.120591,0.455430,0.000166,-204.138639,3.187341,1396044.838175,1161964.956547,2307283.907433,207665.986681,1090450.984184,366.060934,98.016316,209.034796,30.004995,36.005994,85.014151,23.003829,49.008158,7.001165,8.001332,521.086740,140.023308,298.049613,43.007159,51.008491,3.000000,2.000000,3.000000,0.000000,1.000000,0.000000,1.000000,2.000000,0.000000,1.000000,0.000000,1.000000,3.000000,0.000000,1.000000,1553.000000,438.000000,932.000000,136.000000,161.000000,5.000000,
0.049467,0.998682,0.145781,0.120591,0.455430,0.000166,-204.138639,3.187341,1396044.838175,1161964.956547,2307283.907433,207665.986681,1090450.984184,366.060934,98.016316,209.034796,30.004995,36.005994,85.014151,23.003829,49.008158,7.001165,8.001332,521.086740,140.023308,298.049613,43.007159,51.008491,3.000000,2.000000,3.000000,0.000000,1.000000,0.000000,1.000000,2.000000,0.000000,1.000000,0.000000,1.000000,3.000000,0.000000,1.000000,1553.000000,438.000000,932.000000,136.000000,161.000000,5.000000,
0.049467,0.998682,0.145781,0.120591,0.455430,0.000166,-204.138639,3.187341,1396044.838175,1161964.956547,2307283.907433,207665.986681,1090450.984184,366.060934,98.016316,209.034796,30.004995,36.005994,85.014151,23.003829,49.008158,7.001165,8.001332,521.086740,140.023308,298.049613,43.007159,51.008491,3.000000,2.000000,3.000000,0.000000,1.000000,0.000000,1.000000,2.000000,0.000000,1.000000,0.000000,1.000000,3.000000,0.000000,1.000000,1553.000000,438.000000,932.000000,136.000000,161.000000,5.000000,
0.049467,0.998682,0.145781,0.120591,0.455430,0.000166,-204.138639,3.187341,1396044.838175,1161964.956547,2307283.907433,207665.986681,1090450.984184,366.060934,98.016316,209.034796,30.004995,36.005994,85.014151,23.003829,49.008158,7.001165,8.001332,521.086740,140.023308,298.049613,43.007159,51.008491,3.000000,2.000000,3.000000,0.000000,1.000000,0.000000,1.000000,2.000000,0.000000,1.000000,0.000000,1.000000,3.000000,0.000000,1.000000,1553.000000,438.000000,932.000000,136.000000,161.000000,5.000000,
0.049467,0.998682,0.145781,0.120591,0.455430,0.000166,-204.138639,3.187341,1396044.838175,1161964.956547,2307283.907433,207665.986681,1090450.984184,366.060934,98.016316,209.034796,30.004995,36.005994,85.014151,23.003829,49.008158,7.001165,8.001332,521.086740,140.023308,298.049613,43.007159,51.008491,3.000000,2.000000,3.000000,0.000000,1.000000,0.000000,1.000000,2.000000,0.000000,1.000000,0.000000,1.000000,3.000000,0.000000,1.000000,1553.000000,438.000000,932.000000,136.000000,161.000000,5.000000,
0.049467,0.998682,0.145781,0.120591,0.455430,0.000166,-204.138639,3.187341,1396044.838175,1161964.956547,2307283.907433,207665.986681,1090450.984184,366.060934,98.016316,209.034796,30.004995,36.005994,85.014151,23.003829,49.008158,7.001165,8.001332,521.086740,140.023308,298.049613,43.007159,51.008491,3.000000,2.000000,3.000000,0.000000,1.000000,0.000000,1.000000,2.000000,0.000000,1.000000,0.000000,1.000000,3.000000,0.000000,1.000000,1553.000000,438.000000,932.000000,136.000000,161.000000,5.000000,
0.049467,0.998682,0.145781,0.120591,0.455430,0.000166,-204.138639,3.187341,1396044.838175,1161964.956547,2307283.907433,207665.986681,1090450.984184,366.060934,98.016316,209.034796,30.004995,36.005994,85.014151,23.003829,49.008158,7.001165,8.001332,521.086740,140.023308,298.049613,43.007159,51.008491,3.000000,2.000000,3.000000,0.000000,1.000000,0.000000,1.000000,2.000000,0.000000,1.000000,0.000000,1.000000,3.000000,0.000000,1.000000,1553.000000,438.000000,932.000000,136.000000,161.000000,5.000000,
0.049467,0.998682,0.145781,0.120591,0.455430,0.000166,-204.138639,3.187341,1396044.838175,1161964.956547,2307283.907433,207665.986681,1090450.984184,366.060934,98.016316,209.034796,30.004995,36.005994,85.014151,23.003829,49.008158,7.001165,8.001332,521.086740,140.023308,298.049613,43.007159,51.008491,3.000000,2.000000,3.000000,0.000000,1.000000,0.000000,1.000000,2.000000,0.000000,1.000000,0.000000,1.000000,3.000000,0.000000,1.000000,1553.000000,438.000000,932.000000,136.000000,161.000000,5.000000,
0.049467,0.998682,0.145781,0.120591,0.455430,0.000166,-204.138639,3.187341,1396044.838175,1161964.956547,2307283.907433,207665.986681,1090450.984184,366.060934,98.016316,209.034796,30.004995,36.005994,85.014151,23.003829,49.008158,7.001165,8.001332,521.086740,140.023308,298.049613,43.007159,51.008491,3.000000,2.000000,3.000000,0.000000,1.000000,0.000000,1.000000,2.000000,0.000000,1.000000,0.000000,1.000000,3.000000,0.000000,1.000000,1553.000000,438.000000,932.000000,136.000000,161.000000,5.000000,
0.049467,0.998682,0.145781,0.120591,0.455430,0.000166,-204.138639,3.187341,1396044.838175,1161964.956547,2307283.907433,207665.986681,1090450.984184,366.060934,98.016316,209.034796,30.004995,36.005994,85.014151,23.003829,49.008158,7.001165,8.001332,521.086740,140.023308,298.049613,43.007159,51.008491,3.000000,2.000000,3.000000,0.000000,1.000000,0.000000,1.000000,2.000000,0.000000,1.000000,0.000000,1.000000,3.000000,0.000000,1.000000,1553.000000,438.000000,932.000000,136.000000,161.000000,5.000000,
0.049467,0.998682,0.145781,0.120591,0.455430,0.000166,-204.138639,3.187341,1396044.838175,1161964.956547,2307283.907433,207665.986681,1090450.984184,366.060934,98.016316,209.034796,30.004995,36.005994,85.014151,23.003829,49.008158,7.001165,8.001332,521.086740,140.023308,298.049613,43.007159,51.008491,3.000000,2.000000,3.000000,0.000000,1.000000,0.000000,1.000000,2.000000,0.000000,1.000000,0.000000,1.000000,3.000000,0.000000,1.000000,1553.000000,438.000000,932.000000,136.000000,161.000000,5.000000,
0.049467,0.998682,0.145781,0.120591,0.455430,0.000166,-204.138639,3.187341,1396044.838175,1161964.956547,2307283.907433,207665.986681,1090450.984184,366.060934,98.016316,209.034796,30.004995,36.005994,85.014151,23.003829,49.008158,7.001165,8.001332,521.086740,140.023308,298.049613,43.007159,51.008491,3.000000,2.000000,3.000000,0.000000,1.000000,0.000000,1.000000,2.000000,0.000000,1.000000,0.000000,1.000000,3.000000,0.000000,1.000000,1553.000000,438.000000,932.000000,136.000000,161.000000,5.000000,
0.049467,0.998682,0.145781,0.120591,0.455430,0.000166,-204.138639,3.187341,1396044.838175,1161964.956547,2307283.907433,207665.986681,1090450.984184,366.060934,98.016316,209.034796,30.004995,36.005994,85.014151,23.003829,49.008158,7.001165,8.001332,521.086740,140.023308,298.049613,43.007159,51.008491,3.000000,2.000000,3.000000,0.000000,1.000000,0.000000,1.000000,2.000000,0.000000,1.000000,0.000000,1.000000,3.000000,0.000000,1.000000,1553.000000,438.000000,932.000000,136.000000,161.000000,5.000000,
0.049467,0.998682,0.145781,0.120591,0.455430,0.000166,-204.138639,3.187341,1396044.838175,1161964.956547,2307283.907433,207665.986681,1090450.984184,366.060934,98.016316,209.034796,30.004995,36.005994,85.014151,23.003829,49.008158,7.001165,8.001332,521.086740,140.023308,298.049613,43.007159,51.008491,3.000000,2.000000,3.000000,0.000000,1.000000,0.000000,1.000000,2.000000,0.000000,1.000000,0.000000,1.000000,3.000000,0.000000,1.000000,1553.000000,438.000000,932.000000,136.000000,161.000000,5.000000,
0.049467,0.998682,0.145781,0.120591,0.455430,0.000166,-204.138639,3.187341,1396044.838175,1161964.956547,2307283.907433,207665.986681,1090450.984184,366.060934,98.016316,209.034796,30.004995,36.005994,85.014151,23.003829,49.008158,7.001165,8.001332,521.086740,140.023308,298.049613,43.007159,51.008491,3.000000,2.000000,3.000000,0.000000,1.000000,0.000000,1.000000,2.000000,0.000000,1.000000,0.000000,1.000000,3.000000,0.000000,1.000000,1553.000000,438.000000,932.000000,136.000000,161.000000,5.000000,
0.049462,0.997662,0.145912,0.114692,0.467281,0.000115,-204.410247,3.187307,1396044.887830,1161964.969880,2307283.935837,207665.990768,1090450.989037,366.042237,98.011309,209.024119,30.003462,36.004154,85.009809,23.002654,49.005655,7.000808,8.000923,521.060124,140.016156,298.034390,43.004962,51.005885,3.000000,2.000000,3.000000,0.000000,1.000000,0.000000,1.000000,2.000000,0.000000,1.000000,0.000000,1.000000,3.000000,0.000000,1.000000,1553.000000,438.000000,932.000000,136.000000,161.000000,5.000000,
0.049462,0.997662,0.145912,0.114692,0.467281,0.000115,-204.410247,3.187307,1396044.887830,1161964.969880,2307283.935837,207665.990768,1090450.989037,366.042237,98.011309,209.024119,30.003462,36.004154,85.009809,23.002654,49.005655,7.000808,8.000923,521.060124,140.016156,298.034390,43.004962,51.005885,3.000000,2.000000,3.000000,0.000000,1.000000,0.000000,1.000000,2.000000,0.000000,1.000000,0.000000,1.000000,3.000000,0.000000,1.000000,1553.000000,438.000000,932.000000,136.000000,161.000000,5.000000,
0.049462,0.997662,0.145912,0.114692,0.467281,0.000115,-204.410247,3.187307,1396044.887830,1161964.969880,2307283.935837,207665.990768,1090450.989037,366.042237,98.011309,209.024119,30.003462,36.004154,85.009809,23.002654,49.005655,7.000808,8.000923,521.060124,140.016156,298.034390,43.004962,51.005885,3.000000,2.000000,3.000000,0.000000,1.000000,0.000000,1.000000,2.000000,0.000000,1.000000,0.000000,1.000000,3.000000,0.000000,1.000000,1553.000000,438.000000,932.000000,136.000000,161.000000,5.000000,
0.049462,0.997662,0.145912,0.114692,0.467281,0.000115,-204.410247,3.187307,1396044.887830,1161964.969880,2307283.935837,207665.990768,1090450.989037,366.042237,98.011309,209.024119,30.003462,36.004154,85.009809,23.002654,49.005655,7.000808,8.000923,521.060124,140.016156,298.034390,43.004962,51.005885,3.000000,2.000000,3.000000,0.000000,1.000000,0.000000,1.000000,2.000000,0.000000,1.000000,0.000000,1.000000,3.000000,0.000000,1.000000,1553.000000,438.000000,932.000000,136.000000,161.000000,5.000000,
0.049462,0.997662,0.145912,0.114692,0.467281,0.000115,-204.410247,3.187307,1396044.887830,1161964.969880,2307283.935837,207665.990768,1090450.989037,366.042237,98.011309,209.024119,30.003462,36.004154,85.009809,23.002654,49.005655,7.000808,8.000923,521.060124,140.016156,298.034390,43.004962,51.005885,3.000000,2.000000,3.000000,0.000000,1.000000,0.000000,1.000000,2.000000,0.000000,1.000000,0.000000,1.000000,3.000000,0.000000,1.000000,1553.000000,438.000000,932.000000,136.000000,161.000000,5.000000,
0.049462,0.997662,0.145912,0.114692,0.467281,0.000115,-204.410247,3.187307,1396044.887830,1161964.969880,2307283.935837,207665.990768,1090450.989037,366.042237,98.011309,209.024119,30.003462,36.004154,85.009809,23.002654,49.005655,7.000808,8.000923,521.060124,140.016156,298.034390,43.004962,51.005885,3.000000,2.000000,3.000000,0.000000,1.000000,0.000000,1.000000,2.000000,0.000000,1.000000,0.000000,1.000000,3.000000,0.000000,1.000000,1553.000000,438.000000,932.000000,136.000000,161.000000,5.000000,
0.049462,0.997662,0.145912,0.114692,0.467281,0.000115,-204.410247,3.187307,1396044.887830,1161964.969880,2307283.935837,207665.990768,1090450.989037,366.042237,98.011309,209.024119,30.003462,36.004154,85.009809,23.002654,49.005655,7.000808,8.000923,521.060124,140.016156,298.034390,43.004962,51.005885,3.000000,2.000000,3.000000,0.000000,1.000000,0.000000,1.000000,2.000000,0.000000,1.000000,0.000000,1.000000,3.000000,0.000000,1.000000,1553.000000,438.000000,932.000000,136.000000,161.000000,5.000000,
0.049462,0.997662,0.145912,0.114692,0.467281,0.000115,-204.410247,3.187307,1396044.887830,1161964.969880,2307283.935837,207665.990768,1090450.989037,366.042237,98.011309,209.024119,30.003462,36.004154,85.009809,23.002654,49.005655,7.000808,8.000923,521.060124,140.016156,298.034390,43.004962,51.005885,3.000000,2.000000,3.000000,0.000000,1.000000,0.000000,1.000000,2.000000,0.000000,1.000000,0.000000,1.000000,3.000000,0.000000,1.000000,1553.000000,438.000000,932.000000,136.000000,161.000000,5.000000,
0.049462,0.997662,0.145912,0.114692,0.467281,0.000115,-204.410247,3.187307,1396044.887830,1161964.969880,2307283.935837,207665.990768,1090450.989037,366.042237,98.011309,209.024119,30.003462,36.004154,85.009809,23.002654,49.005655,7.000808,8.000923,521.060124,140.016156,298.034390,43.004962,51.005885,3.000000,2.000000,3.000000,0.000000,1.000000,0.000000,1.000000,2.000000,0.000000,1.000000,0.000000,1.000000,3.000000,0.000000,1.000000,1553.000000,438.000000,932.000000,136.000000,161.000000,5.000000,
0.049462,0.997662,0.145912,0.114692,0.467281,0.000115,-204.410247,3.187307,1396044.887830,1161964.969880,2307283.935837,207665.990768,1090450.989037,366.042237,98.011309,209.024119,30.003462,36.004154,85.009809,23.002654,49.005655,7.000808,8.000923,521.060124,140.016156,298.034390,43.004962,51.005885,3.000000,2.000000,3.000000,0.000000,1.000000,0.000000,1.000000,2.000000,0.000000,1.000000,0.000000,1.000000,3.000000,0.000000,1.000000,1553.000000,438.000000,932.000000,136.000000,161.000000,5.000000,
0.049462,0.997662,0.145912,0.114692,0.467281,0.000115,-204.410247,3.187307,1396044.887830,1161964.969880,2307283.935837,207665.990768,1090450.989037,366.042237,98.011309,209.024119,30.003462,36.004154,85.009809,23.002654,49.005655,7.000808,8.000923,521.060124,140.016156,298.034390,43.004962,51.005885,3.000000,2.000000,3.000000,0.000000,1.000000,0.000000,1.000000,2.000000,0.000000,1.000000,0.000000,1.000000,3.000000,0.000000,1.000000,1553.000000,438.000000,932.000000,136.000000,161.000000,5.000000,
0.049462,0.997662,0.145912,0.114692,0.467281,0.000115,-204.410247,3.187307,1396044.887830,1161964.969880,2307283.935837,207665.990768,1090450.989037,366.042237,98.011309,209.024119,30.003462,36.004154,85.009809,23.002654,49.005655,7.000808,8.000923,521.060124,140.016156,298.034390,43.004962,51.005885,3.000000,2.000000,3.000000,0.000000,1.000000,0.000000,1.000000,2.000000,0.000000,1.000000,0.000000,1.000000,3.000000,0.000000,1.000000,1553.000000,438.000000,932.000000,136.000000,161.000000,5.000000,
0.049462,0.997662,0.145912,0.114692,0.467281,0.000115,-204.410247,3.187307,1396044.887830,1161964.969880,2307283.935837,207665.990768,1090450.989037,366.042237,98.011309,209.024119,30.003462,36.004154,85.009809,23.002654,49.005655,7.000808,8.000923,521.060124,140.016156,298.034390,43.004962,51.005885,3.000000,2.000000,3.000000,0.000000,1.000000,0.000000,1.000000,2.000000,0.000000,1.000000,0.000000,1.000000,3.000000,0.000000,1.000000,1553.000000,438.000000,932.000000,136.000000,161.000000,5.000000,
0.049462,0.997662,0.145912,0.114692,0.467281,0.000115,-204.410247,3.187307,1396044.887830,1161964.969880,2307283.935837,207665.990768,1090450.989037,366.042237,98.011309,209.024119,30.003462,36.004154,85.009809,23.002654,49.005655,7.000808,8.000923,521.060124,140.016156,298.034390,43.004962,51.005885,3.000000,2.000000,3.000000,0.000000,1.000000,0.000000,1.000000,2.000000,0.000000,1.000000,0.000000,1.000000,3.000000,0.000000,1.000000,1553.000000,438.000000,932.000000,136.000000,161.000000,5.000000,
0.049462,0.997662,0.145912,0.114692,0.467281,0.000115,-204.410247,3.187307,1396044.887830,1161964.969880,2307283.935837,207665.990768,1090450.989037,366.042237,98.011309,209.024119,30.003462,36.004154,85.009809,23.002654,49.005655,7.000808,8.000923,521.060124,140.016156,298.034390,43.004962,51.005885,3.000000,2.000000,3.000000,0.000000,1.000000,0.000000,1.000000,2.000000,0.000000,1.000000,0.000000,1.000000,3.000000,0.000000,1.000000,1553.000000,438.000000,932.000000,136.000000,161.000000,5.000000,
0.049462,0.997662,0.145912,0.114692,0.467281,0.000115,-204.410247,3.187307,1396044.887830,1161964.969880,2307283.935837,207665.990768,1090450.989037,366.042237,98.011309,209.024119,30.003462,36.004154,85.009809,23.002654,49.005655,7.000808,8.000923,521.060124,140.016156,298.034390,43.004962,51.005885,3.000000,2.000000,3.000000,0.000000,1.000000,0.000000,1.000000,2.000000,0.000000,1.000000,0.000000,1.000000,3.000000,0.000000,1.000000,1553.000000,438.000000,932.000000,136.000000,161.000000,5.000000,
0.049462,0.997662,0.145912,0.114692,0.467281,0.000115,-204.410247,3.187307,1396044.887830,1161964.969880,2307283.935837,207665.990768,1090450.989037,366.042237,98.011309,209.024119,30.003462,36.004154,85.009809,23.002654,49.005655,7.000808,8.000923,521.060124,140.016156,298.034390,43.004962,51.005885,3.000000,2.000000,3.000000,0.000000,1.000000,0.000000,1.000000,2.000000,0.000000,1.000000,0.000000,1.000000,3.000000,0.000000,1.000000,1553.000000,438.000000,932.000000,136.000000,161.000000,5.000000,
0.049462,0.997662,0.145912,0.114692,0.467281,0.000115,-204.410247,3.187307,1396044.887830,1161964.969880,2307283.935837,207665.990768,1090450.989037,366.042237,98.011309,209.024119,30.003462,36.004154,85.009809,23.002654,49.005655,7.000808,8.000923,521.060124,140.016156,298.034390,43.004962,51.005885,3.000000,2.000000,3.000000,0.000000,1.000000,0.000000,1.000000,2.000000,0.000000,1.000000,0.000000,1.000000,3.000000,0.000000,1.000000,1553.000000,438.000000,932.000000,136.000000,161.000000,5.000000,
0.049462,0.997662,0.145912,0.114692,0.467281,0.000115,-204.410247,3.187307,1396044.887830,1161964.969880,2307283.935837,207665.990768,1090450.989037,366.042237,98.011309,209.024119,30.003462,36.004154,85.009809,23.002654,49.005655,7.000808,8.000923,521.060124,140.016156,298.034390,43.004962,51.005885,3.000000,2.000000,3.000000,0.000000,1.000000,0.000000,1.000000,2.000000,0.000000,1.000000,0.000000,1.000000,3.000000,0.000000,1.000000,1553.000000,438.000000,932.000000,136.000000,161.000000,5.000000,
0.049462,0.997662,0.145912,0.114692,0.467281,0.000115,-204.410247,3.187307,1396044.887830,1161964.969880,2307283.935837,207665.990768,1090450.989037,366.042237,98.011309,209.024119,30.003462,36.004154,85.009809,23.002654,49.005655,7.000808,8.000923,521.060124,140.016156,298.034390,43.004962,51.005885,3.000000,2.000000,3.000000,0.000000,1.000000,0.000000,1.000000,2.000000,0.000000,1.000000,0.000000,1.000000,3.000000,0.000000,1.000000,1553.000000,438.000000,932.000000,136.000000,161.000000,5.000000,
0.049462,0.997662,0.145912,0.114692,0.467281,0.000115,-204.410247,3.187307,1396044.887830,1161964.969880,2307283.935837,207665.990768,1090450.989037,366.042237,98.011309,209.024119,30.003462,36.004154,85.009809,23.002654,49.005655,7.000808,8.000923,521.060124,140.016156,298.034390,43.004962,51.005885,3.000000,2.000000,3.000000,0.000000,1.000000,0.000000,1.000000,2.000000,0.000000,1.000000,0.000000,1.000000,3.000000,0.000000,1.000000,1553.000000,438.000000,932.000000,136.000000,161.000000,5.000000,
0.049462,0.997662,0.145912,0.114692,0.467281,0.000115,-204.410247,3.187307,1396044.887830,1161964.969880,2307283.935837,207665.990768,1090450.989037,366.042237,98.011309,209.024119,30.003462,36.004154,85.009809,23.002654,49.005655,7.000808,8.000923,521.060124,140.016156,298.034390,43.004962,51.005885,3.000000,2.000000,3.000000,0.000000,1.000000,0.000000,1.000000,2.000000,0.000000,1.000000,0.000000,1.000000,3.000000,0.000000,1.000000,1553.000000,438.000000,932.000000,136.000000,161.000000,5.000000,
0.049462,0.997662,0.145912,0.114692,0.467281,0.000115,-204.410247,3.187307,1396044.887830,1161964.969880,2307283.935837,207665.990768,1090450.989037,366.042237,98.011309,209.024119,30.003462,36.004154,85.009809,23.002654,49.005655,7.000808,8.000923,521.060124,140.016156,298.034390,43.004962,51.005885,3.000000,2.000000,3.000000,0.000000,1.000000,0.000000,1.000000,2.000000,0.000000,1.000000,0.000000,1.000000,3.000000,0.000000,1.000000,1553.000000,438.000000,932.000000,136.000000,161.000000,5.000000,
0.049462,0.997662,0.145912,0.114692,0.467281,0.000115,-204.410247,3.187307,1396044.887830,1161964.969880,2307283.935837,207665.990768,1090450.989037,366.042237,98.011309,209.024119,30.003462,36.004154,85.009809,23.002654,49.005655,7.000808,8.000923,521.060124,140.016156,298.034390,43.004962,51.005885,3.000000,2.000000,3.000000,0.000000,1.000000,0.000000,1.000000,2.000000,0.000000,1.000000,0.000000,1.000000,3.000000,0.000000,1.000000,1553.000000,438.000000,932.000000,136.000000,161.000000,5.000000,
0.049462,0.997662,0.145912,0.114692,0.467281,0.000115,-204.410247,3.187307,1396044.887830,1161964.969880,2307283.935837,207665.990768,1090450.989037,366.042237,98.011309,209.024119,30.003462,36.004154,85.009809,23.002654,49.005655,7.000808,8.000923,521.060124,140.016156,298.034390,43.004962,51.005885,3.000000,2.000000,3.000000,0.000000,1.000000,0.000000,1.000000,2.000000,0.000000,1.000000,0.000000,1.000000,3.000000,0.000000,1.000000,1553.000000,438.000000,932.000000,136.000000,161.000000,5.000000,
0.049462,0.997662,0.145912,0.114692,0.467281,0.000115,-204.410247,3.187307,1396044.887830,1161964.969880,2307283.935837,207665.990768,1090450.989037,366.042237,98.011309,209.024119,30.003462,36.004154,85.009809,23.002654,49.005655,7.000808,8.000923,521.060124,140.016156,298.034390,43.004962,51.005885,3.000000,2.000000,3.000000,0.000000,1.000000,0.000000,1.000000,2.000000,0.000000,1.000000,0.000000,1.000000,3.000000,0.000000,1.000000,1553.000000,438.000000,932.000000,136.000000,161.000000,5.000000,
0.049462,0.997662,0.145912,0.114692,0.467281,0.000115,-204.410247,3.187307,1396044.887830,1161964.969880,2307283.935837,207665.990768,1090450.989037,366.042237,98.011309,209.024119,30.003462,36.004154,85.009809,23.002654,49.005655,7.000808,8.000923,521.060124,140.016156,298.034390,43.004962,51.005885,3.000000,2.000000,3.000000,0.000000,1.000000,0.000000,1.000000,2.000000,0.000000,1.000000,0.000000,1.000000,3.000000,0.000000,1.000000,1553.000000,438.000000,932.000000,136.000000,161.000000,5.000000,
0.049462,0.997662,0.145912,0.114692,0.467281,0.000115,-204.410247,3.187307,1396044.887830,1161964.969880,2307283.935837,207665.990768,1090450.989037,366.042237,98.011309,209.024119,30.003462,36.004154,85.009809,23.002654,49.005655,7.000808,8.000923,521.060124,140.016156,298.034390,43.004962,51.005885,3.000000,2.000000,3.000000,0.000000,1.000000,0.000000,1.000000,2.000000,0.000000,1.000000,0.000000,1.000000,3.000000,0.000000,1.000000,1553.000000,438.000000,932.000000,136.000000,161.000000,5.000000,
0.049462,0.997662,0.145912,0.114692,0.467281,0.000115,-204.410247,3.187307,1396044.887830,1161964.969880,2307283.935837,207665.990768,1090450.989037,366.042237,98.011309,209.024119,30.003462,36.004154,85.009809,23.002654,49.005655,7.000808,8.000923,521.060124,140.016156,298.034390,43.004962,51.005885,3.000000,2.000000,3.000000,0.000000,1.000000,0.000000,1.000000,2.000000,0.000000,1.000000,0.000000,1.000000,3.000000,0.000000,1.000000,1553.000000,438.000000,932.000000,136.000000,161.000000,5.000000,
0.049462,0.997662,0.145912,0.114692,0.467281,0.000115,-204.410247,3.187307,1396044.887830,1161964.969880,2307283.935837,207665.990768,1090450.989037,366.042237,98.011309,209.024119,30.003462,36.004154,85.009809,23.002654,49.005655,7.000808,8.000923,521.060124,140.016156,298.034390,43.004962,51.005885,3.000000,2.000000,3.000000,0.000000,1.000000,0.000000,1.000000,2.000000,0.000000,1.000000,0.000000,1.000000,3.000000,0.000000,1.000000,1553.000000,438.000000,932.000000,136.000000,161.000000,5.000000,
0.049462,0.997662,0.145912,0.114692,0.467281,0.000115,-204.410247,3.187307,1396044.887830,1161964.969880,2307283.935837,207665.990768,1090450.989037,366.042237,98.011309,209.024119,30.003462,36.004154,85.009809,23.002654,49.005655,7.000808,8.000923,521.060124,140.016156,298.034390,43.004962,51.005885,3.000000,2.000000,3.000000,0.000000,1.000000,0.000000,1.000000,2.000000,0.000000,1.000000,0.000000,1.000000,3.000000,0.000000,1.000000,1553.000000,438.000000,932.000000,136.000000,161.000000,5.000000,
0.049462,0.997662,0.145912,0.114692,0.467281,0.000115,-204.410247,3.187307,1396044.887830,1161964.969880,2307283.935837,207665.990768,1090450.989037,366.042237,98.011309,209.024119,30.003462,36.004154,85.009809,23.002654,49.005655,7.000808,8.000923,521.060124,140.016156,298.034390,43.004962,51.005885,3.000000,2.000000,3.000000,0.000000,1.000000,0.000000,1.000000,2.000000,0.000000,1.000000,0.000000,1.000000,3.000000,0.000000,1.000000,1553.000000,438.000000,932.000000,136.000000,161.000000,5.000000,
0.049462,0.997662,0.145912,0.114692,0.467281,0.000115,-204.410247,3.187307,1396044.887830,1161964.969880,2307283.935837,207665.990768,1090450.989037,366.042237,98.011309,209.024119,30.003462,36.004154,85.009809,23.002654,49.005655,7.000808,8.000923,521.060124,140.016156,298.034390,43.004962,51.005885,3.000000,2.000000,3.000000,0.000000,1.000000,0.000000,1.000000,2.000000,0.000000,1.000000,0.000000,1.000000,3.000000,0.000000,1.000000,1553.000000,438.000000,932.000000,136.000000,161.000000,5.000000,
0.049462,0.997662,0.145912,0.114692,0.467281,0.000115,-204.410247,3.187307,1396044.887830,1161964.969880,2307283.935837,207665.990768,1090450.989037,366.042237,98.011309,209.024119,30.003462,36.004154,85.009809,23.002654,49.005655,7.000808,8.000923,521.060124,140.016156,298.034390,43.004962,51.005885,3.000000,2.000000,3.000000,0.000000,1.000000,0.000000,1.000000,2.000000,0.000000,1.000000,0.000000,1.000000,3.000000,0.000000,1.000000,1553.000000,438.000000,932.000000,136.000000,161.000000,5.000000,
0.049462,0.997662,0.145912,0.114692,0.467281,0.000115,-204.410247,3.187307,1396044.887830,1161964.969880,2307283.935837,207665.990768,1090450.989037,366.042237,98.011309,209.024119,30.003462,36.004154,85.009809,23.002654,49.005655,7.000808,8.000923,521.060124,140.016156,298.034390,43.004962,51.005885,3.000000,2.000000,3.000000,0.000000,1.000000,0.000000,1.000000,2.000000,0.000000,1.000000,0.000000,1.000000,3.000000,0.000000,1.000000,1553.000000,438.000000,932.000000,136.000000,161.000000,5.000000,
0.049462,0.997662,0.145912,0.114692,0.467281,0.000115,-204.410247,3.187307,1396044.887830,1161964.969880,2307283.935837,207665.990768,1090450.989037,366.042237,98.011309,209.024119,30.003462,36.004154,85.009809,23.002654,49.005655,7.000808,8.000923,521.060124,140.016156,298.034390,43.004962,51.005885,3.000000,2.000000,3.000000,0.000000,1.000000,0.000000,1.000000,2.000000,0.000000,1.000000,0.000000,1.000000,3.000000,0.000000,1.000000,1553.000000,438.000000,932.000000,136.000000,161.000000,5.000000,
0.049462,0.997662,0.145912,0.114692,0.467281,0.000115,-204.410247,3.187307,1396044.887830,1161964.969880,2307283.935837,207665.990768,1090450.989037,366.042237,98.011309,209.024119,30.003462,36.004154,85.009809,23.002654,49.005655,7.000808,8.000923,521.060124,140.016156,298.034390,43.004962,51.005885,3.000000,2.000000,3.000000,0.000000,1.000000,0.000000,1.000000,2.000000,0.000000,1.000000,0.000000,1.000000,3.000000,0.000000,1.000000,1553.000000,438.000000,932.000000,136.000000,161.000000,5.000000,
0.049462,0.997662,0.145912,0.114692,0.467281,0.000115,-204.410247,3.187307,1396044.887830,1161964.969880,2307283.935837,207665.990768,1090450.989037,366.042237,98.011309,209.024119,30.003462,36.004154,85.009809,23.002654,49.005655,7.000808,8.000923,521.060124,140.016156,298.034390,43.004962,51.005885,3.000000,2.000000,3.000000,0.000000,1.000000,0.000000,1.000000,2.000000,0.000000,1.000000,0.000000,1.000000,3.000000,0.000000,1.000000,1553.000000,438.000000,932.000000,136.000000,161.000000,5.000000,
0.049462,0.997662,0.145912,0.114692,0.467281,0.000115,-204.410247,3.187307,1396044.887830,1161964.969880,2307283.935837,207665.990768,1090450.989037,366.042237,98.011309,209.024119,30.003462,36.004154,85.009809,23.002654,49.005655,7.000808,8.000923,521.060124,140.016156,298.034390,43.004962,51.005885,3.000000,2.000000,3.000000,0.000000,1.000000,0.000000,1.000000,2.000000,0.000000,1.000000,0.000000,1.000000,3.000000,0.000000,1.000000,1553.000000,438.000000,932.000000,136.000000,161.000000,5.000000,
0.049462,0.997662,0.145912,0.114692,0.467281,0.000115,-204.410247,3.187307,1396044.887830,1161964.969880,2307283.935837,207665.990768,1090450.989037,366.042237,98.011309,209.024119,30.003462,36.004154,85.009809,23.002654,49.005655,7.000808,8.000923,521.060124,140.016156,298.034390,43.004962,51.005885,3.000000,2.000000,3.000000,0.000000,1.000000,0.000000,1.000000,2.000000,0.000000,1.000000,0.000000,1.000000,3.000000,0.000000,1.000000,1553.000000,438.000000,932.000000,136.000000,161.000000,5.000000,
0.049462,0.997662,0.145912,0.114692,0.467281,0.000115,-204.410247,3.187307,1396044.887830,1161964.969880,2307283.935837,207665.990768,1090450.989037,366.042237,98.011309,209.024119,30.003462,36.004154,85.009809,23.002654,49.005655,7.000808,8.000923,521.060124,140.016156,298.034390,43.004962,51.005885,3.000000,2.000000,3.000000,0.000000,1.000000,0.000000,1.000000,2.000000,0.000000,1.000000,0.000000,1.000000,3.000000,0.000000,1.000000,1553.000000,438.000000,932.000000,136.000000,161.000000,5.000000,
0.049462,0.997662,0.145912,0.114692,0.467281,0.000115,-204.410247,3.187307,1396044.887830,1161964.969880,2307283.935837,207665.990768,1090450.989037,366.042237,98.011309,209.024119,30.003462,36.004154,85.009809,23.002654,49.005655,7.000808,8.000923,521.060124,140.016156,298.034390,43.004962,51.005885,3.000000,2.000000,3.000000,0.000000,1.000000,0.000000,1.000000,2.000000,0.000000,1.000000,0.000000,1.000000,3.000000,0.000000,1.000000,1553.000000,438.000000,932.000000,136.000000,161.000000,5.000000,
0.049462,0.997662,0.145912,0.114692,0.467281,0.000115,-204.410247,3.187307,1396044.887830,1161964.969880,2307283.935837,207665.990768,1090450.989037,366.042237,98.011309,209.024119,30.003462,36.004154,85.009809,23.002654,49.005655,7.000808,8.000923,521.060124,140.016156,298.034390,43.004962,51.005885,3.000000,2.000000,3.000000,0.000000,1.000000,0.000000,1.000000,2.000000,0.000000,1.000000,0.000000,1.000000,3.000000,0.000000,1.000000,1553.000000,438.000000,932.000000,136.000000,161.000000,5.000000,
0.049462,0.997662,0.145912,0.114692,0.467281,0.000115,-204.410247,3.187307,1396044.887830,1161964.969880,2307283.935837,207665.990768,1090450.989037,366.042237,98.011309,209.024119,30.003462,36.004154,85.009809,23.002654,49.005655,7.000808,8.000923,521.060124,140.016156,298.034390,43.004962,51.005885,3.000000,2.000000,3.000000,0.000000,1.000000,0.000000,1.000000,2.000000,0.000000,1.000000,0.000000,1.000000,3.000000,0.000000,1.000000,1553.000000,438.000000,932.000000,136.000000,161.000000,5.000000,
0.049462,0.997662,0.145912,0.114692,0.467281,0.000115,-204.410247,3.187307,1396044.887830,1161964.969880,2307283.935837,207665.990768,1090450.989037,366.042237,98.011309,209.024119,30.003462,36.004154,85.009809,23.002654,49.005655,7.000808,8.000923,521.060124,140.016156,298.034390,43.004962,51.005885,3.000000,2.000000,3.000000,0.000000,1.000000,0.000000,1.000000,2.000000,0.000000,1.000000,0.000000,1.000000,3.000000,0.000000,1.000000,1553.000000,438.000000,932.000000,136.000000,161.000000,5.000000,
0.049462,0.997662,0.145912,0.114692,0.467281,0.000115,-204.410247,3.187307,1396044.887830,1161964.969880,2307283.935837,207665.990768,1090450.989037,366.042237,98.011309,209.024119,30.003462,36.004154,85.009809,23.002654,49.005655,7.000808,8.000923,521.060124,140.016156,298.034390,43.004962,51.005885,3.000000,2.000000,3.000000,0.000000,1.000000,0.000000,1.000000,2.000000,0.000000,1.000000,0.000000,1.000000,3.000000,0.000000,1.000000,1553.000000,438.000000,932.000000,136.000000,161.000000,5.000000,
0.049462,0.997662,0.145912,0.114692,0.467281,0.000115,-204.410247,3.187307,1396044.887830,1161964.969880,2307283.935837,207665.990768,1090450.989037,366.042237,98.011309,209.024119,30.003462,36.004154,85.009809,23.002654,49.005655,7.000808,8.000923,521.060124,140.016156,298.034390,43.004962,51.005885,3.000000,2.000000,3.000000,0.000000,1.000000,0.000000,1.000000,2.000000,0.000000,1.000000,0.000000,1.000000,3.000000,0.000000,1.000000,1553.000000,438.000000,932.000000,136.000000,161.000000,5.000000,
0.049462,0.997662,0.145912,0.114692,0.467281,0.000115,-204.410247,3.187307,1396044.887830,1161964.969880,2307283.935837,207665.990768,1090450.989037,366.042237,98.011309,209.024119,30.003462,36.004154,85.009809,23.002654,49.005655,7.000808,8.000923,521.060124,140.016156,298.034390,43.004962,51.005885,3.000000,2.000000,3.000000,0.000000,1.000000,0.000000,1.000000,2.000000,0.000000,1.000000,0.000000,1.000000,3.000000,0.000000,1.000000,1553.000000,438.000000,932.000000,136.000000,161.000000,5.000000,
0.049462,0.997662,0.145912,0.114692,0.467281,0.000115,-204.410247,3.187307,1396044.887830,1161964.969880,2307283.935837,207665.990768,1090450.989037,366.042237,98.011309,209.024119,30.003462,36.004154,85.009809,23.002654,49.005655,7.000808,8.000923,521.060124,140.016156,298.034390,43.004962,51.005885,3.000000,2.000000,3.000000,0.000000,1.000000,0.000000,1.000000,2.000000,0.000000,1.000000,0.000000,1.000000,3.000000,0.000000,1.000000,1553.000000,438.000000,932.000000,136.000000,161.000000,5.000000,
0.049462,0.997662,0.145912,0.114692,0.467281,0.000115,-204.410247,3.187307,1396044.887830,1161964.969880,2307283.935837,207665.990768,1090450.989037,366.042237,98.011309,209.024119,30.003462,36.004154,85.009809,23.002654,49.005655,7.000808,8.000923,521.060124,140.016156,298.034390,43.004962,51.005885,3.000000,2.000000,3.000000,0.000000,1.000000,0.000000,1.000000,2.000000,0.000000,1.000000,0.000000,1.000000,3.000000,0.000000,1.000000,1553.000000,438.000000,932.000000,136.000000,161.000000,5.000000,
0.049462,0.997662,0.145912,0.114692,0.467281,0.000115,-204.410247,3.187307,1396044.887830,1161964.969880,2307283.935837,207665.990768,1090450.989037,366.042237,98.011309,209.024119,30.003462,36.004154,85.009809,23.002654,49.005655,7.000808,8.000923,521.060124,140.016156,298.034390,43.004962,51.005885,3.000000,2.000000,3.000000,0.000000,1.000000,0.000000,1.000000,2.000000,0.000000,1.000000,0.000000,1.000000,3.000000,0.000000,1.000000,1553.000000,438.000000,932.000000,136.000000,161.000000,5.000000,
0.049462,0.997662,0.145912,0.114692,0.467281,0.000115,-204.410247,3.187307,1396044.887830,1161964.969880,2307283.935837,207665.990768,1090450.989037,366.042237,98.011309,209.024119,30.003462,36.004154,85.009809,23.002654,49.005655,7.000808,8.000923,521.060124,140.016156,298.034390,43.004962,51.005885,3.000000,2.000000,3.000000,0.000000,1.000000,0.000000,1.000000,2.000000,0.000000,1.000000,0.000000,1.000000,3.000000,0.000000,1.000000,1553.000000,438.000000,932.000000,136.000000,161.000000,5.000000,
0.049462,0.997662,0.145912,0.114692,0.467281,0.000115,-204.410247,3.187307,1396044.887830,1161964.969880,2307283.935837,207665.990768,1090450.989037,366.042237,98.011309,209.024119,30.003462,36.004154,85.009809,23.002654,49.005655,7.000808,8.000923,521.060124,140.016156,298.034390,43.004962,51.005885,3.000000,2.000000,3.000000,0.000000,1.000000,0.000000,1.000000,2.000000,0.000000,1.000000,0.000000,1.000000,3.000000,0.000000,1.000000,1553.000000,438.000000,932.000000,136.000000,161.000000,5.000000,
0.049462,0.997662,0.145912,0.114692,0.467281,0.000115,-204.410247,3.187307,1396044.887830,1161964.969880,2307283.935837,207665.990768,1090450.989037,366.042237,98.011309,209.024119,30.003462,36.004154,85.009809,23.002654,49.005655,7.000808,8.000923,521.060124,140.016156,298.034390,43.004962,51.005885,3.000000,2.000000,3.000000,0.000000,1.000000,0.000000,1.000000,2.000000,0.000000,1.000000,0.000000,1.000000,3.000000,0.000000,1.000000,1553.000000,438.000000,932.000000,136.000000,161.000000,5.000000,
0.049420,0.997677,0.147245,0.133988,0.421779,0.001455,-204.774743,3.187575,1396043.585406,1161964.620155,2307283.190829,207665.883572,1090450.861742,366.532656,98.142624,209.304167,30.043660,36.052392,85.123704,23.033473,49.071312,7.010187,8.011643,521.758234,140.203748,298.433692,43.062580,51.074223,3.000000,2.000000,3.000000,0.000000,1.000000,0.000000,1.000000,2.000000,0.000000,1.000000,0.000000,1.000000,3.000000,0.000000,1.000000,1553.000000,438.000000,932.000000,136.000000,161.000000,5.000000,
0.049420,0.997677,0.147245,0.133988,0.421779,0.001455,-204.774743,3.187575,1396043.585406,1161964.620155,2307283.190829,207665.883572,1090450.861742,366.532656,98.142624,209.304167,30.043660,36.052392,85.123704,23.033473,49.071312,7.010187,8.011643,521.758234,140.203748,298.433692,43.062580,51.074223,3.000000,2.000000,3.000000,0.000000,1.000000,0.000000,1.000000,2.000000,0.000000,1.000000,0.000000,1.000000,3.000000,0.000000,1.000000,1553.000000,438.000000,932.000000,136.000000,161.000000,5.000000,
0.049420,0.997677,0.147245,0.133988,0.421779,0.001455,-204.774743,3.187575,1396043.585406,1161964.620155,2307283.190829,207665.883572,1090450.861742,366.532656,98.142624,209.304167,30.043660,36.052392,85.123704,23.033473,49.071312,7.010187,8.011643,521.758234,140.203748,298.433692,43.062580,51.074223,3.000000,2.000000,3.000000,0.000000,1.000000,0.000000,1.000000,2.000000,0.000000,1.000000,0.000000,1.000000,3.000000,0.000000,1.000000,1553.000000,438.000000,932.000000,136.000000,161.000000,5.000000,
0.049420,0.997677,0.147245,0.133988,0.421779,0.001455,-204.774743,3.187575,1396043.585406,1161964.620155,2307283.190829,207665.883572,1090450.861742,366.532656,98.142624,209.304167,30.043660,36.052392,85.123704,23.033473,49.071312,7.010187,8.011643,521.758234,140.203748,298.433692,43.062580,51.074223,3.000000,2.000000,3.000000,0.000000,1.000000,0.000000,1.000000,2.000000,0.000000,1.000000,0.000000,1.000000,3.000000,0.000000,1.000000,1553.000000,438.000000,932.000000,136.000000,161.000000,5.000000,
0.049420,0.997677,0.147245,0.133988,0.421779,0.001455,-204.774743,3.187575,1396043.585406,1161964.620155,2307283.190829,207665.883572,1090450.861742,366.532656,98.142624,209.304167,30.043660,36.052392,85.123704,23.033473,49.071312,7.010187,8.011643,521.758234,140.203748,298.433692,43.062580,51.074223,3.000000,2.000000,3.000000,0.000000,1.000000,0.000000,1.000000,2.000000,0.000000,1.000000,0.000000,1.000000,3.000000,0.000000,1.000000,1553.000000,438.000000,932.000000,136.000000,161.000000,5.000000,
0.049420,0.997677,0.147245,0.133988,0.421779,0.001455,-204.774743,3.187575,1396043.585406,1161964.620155,2307283.190829,207665.883572,1090450.861742,366.532656,98.142624,209.304167,30.043660,36.052392,85.123704,23.033473,49.071312,7.010187,8.011643,521.758234,140.203748,298.433692,43.062580,51.074223,3.000000,2.000000,3.000000,0.000000,1.000000,0.000000,1.000000,2.000000,0.000000,1.000000,0.000000,1.000000,3.000000,0.000000,1.000000,1553.000000,438.000000,932.000000,136.000000,161.000000,5.000000,
0.049420,0.997677,0.147245,0.133988,0.421779,0.001455,-204.774743,3.187575,1396043.585406,1161964.620155,2307283.190829,207665.883572,1090450.861742,366.532656,98.142624,209.304167,30.043660,36.052392,85.123704,23.033473,49.071312,7.010187,8.011643,521.758234,140.203748,298.433692,43.062580,51.074223,3.000000,2.000000,3.000000,0.000000,1.000000,0.000000,1.000000,2.000000,0.000000,1.000000,0.000000,1.000000,3.000000,0.000000,1.000000,1553.000000,438.000000,932.000000,136.000000,161.000000,5.000000,
0.049420,0.997677,0.147245,0.133988,0.421779,0.001455,-204.774743,3.187575,1396043.585406,1161964.620155,2307283.190829,207665.883572,1090450.861742,366.532656,98.142624,209.304167,30.043660,36.052392,85.123704,23.033473,49.071312,7.010187,8.011643,521.758234,140.203748,298.433692,43.062580,51.074223,3.000000,2.000000,3.000000,0.000000,1.000000,0.000000,1.000000,2.000000,0.000000,1.000000,0.000000,1.000000,3.000000,0.000000,1.000000,1553.000000,438.000000,932.000000,136.000000,161.000000,5.000000,
0.049420,0.997677,0.147245,0.133988,0.421779,0.001455,-204.774743,3.187575,1396043.585406,1161964.620155,2307283.190829,207665.883572,1090450.861742,366.532656,98.142624,209.304167,30.043660,36.052392,85.123704,23.033473,49.071312,7.010187,8.011643,521.758234,140.203748,298.433692,43.062580,51.074223,3.000000,2.000000,3.000000,0.000000,1.000000,0.000000,1.000000,2.000000,0.000000,1.000000,0.000000,1.000000,3.000000,0.000000,1.000000,1553.000000,438.000000,932.000000,136.000000,161.000000,5.000000,
0.049420,0.997677,0.147245,0.133988,0.421779,0.001455,-204.774743,3.187575,1396043.585406,1161964.620155,2307283.190829,207665.883572,1090450.861742,366.532656,98.142624,209.304167,30.043660,36.052392,85.123704,23.033473,49.071312,7.010187,8.011643,521.758234,140.203748,298.433692,43.062580,51.074223,3.000000,2.000000,3.000000,0.000000,1.000000,0.000000,1.000000,2.000000,0.000000,1.000000,0.000000,1.000000,3.000000,0.000000,1.000000,1553.000000,438.000000,932.000000,136.000000,161.000000,5.000000,
0.049420,0.997677,0.147245,0.133988,0.421779,0.001455,-204.774743,3.187575,1396043.585406,1161964.620155,2307283.190829,207665.883572,1090450.861742,366.532656,98.142624,209.304167,30.043660,36.052392,85.123704,23.033473,49.071312,7.010187,8.011643,521.758234,140.203748,298.433692,43.062580,51.074223,3.000000,2.000000,3.000000,0.000000,1.000000,0.000000,1.000000,2.000000,0.000000,1.000000,0.000000,1.000000,3.000000,0.000000,1.000000,1553.000000,438.000000,932.000000,136.000000,161.000000,5.000000,
0.049465,0.996262,0.144128,0.122675,0.458502,0.000865,-204.855193,3.183503,1396044.158749,1161964.774109,2307283.518791,207665.930761,1090450.917779,366.316767,98.084817,209.180886,30.025965,36.031157,85.073566,23.019906,49.042409,7.006058,8.006924,521.450917,140.121168,298.257914,43.037216,51.044140,3.000000,2.000000,3.000000,0.000000,1.000000,0.000000,1.000000,2.000000,0.000000,1.000000,0.000000,1.000000,3.000000,0.000000,1.000000,1553.000000,438.000000,932.000000,136.000000,161.000000,5.000000,
0.049465,0.996262,0.144128,0.122675,0.458502,0.000865,-204.855193,3.183503,1396044.158749,1161964.774109,2307283.518791,207665.930761,1090450.917779,366.316767,98.084817,209.180886,30.025965,36.031157,85.073566,23.019906,49.042409,7.006058,8.006924,521.450917,140.121168,298.257914,43.037216,51.044140,3.000000,2.000000,3.000000,0.000000,1.000000,0.000000,1.000000,2.000000,0.000000,1.000000,0.000000,1.000000,3.000000,0.000000,1.000000,1553.000000,438.000000,932.000000,136.000000,161.000000,5.000000,
0.049465,0.996262,0.144128,0.122675,0.458502,0.000865,-204.855193,3.183503,1396044.158749,1161964.774109,2307283.518791,207665.930761,1090450.917779,366.316767,98.084817,209.180886,30.025965,36.031157,85.073566,23.019906,49.042409,7.006058,8.006924,521.450917,140.121168,298.257914,43.037216,51.044140,3.000000,2.000000,3.000000,0.000000,1.000000,0.000000,1.000000,2.000000,0.000000,1.000000,0.000000,1.000000,3.000000,0.000000,1.000000,1553.000000,438.000000,932.000000,136.000000,161.000000,5.000000,
0.049465,0.996262,0.144128,0.122675,0.458502,0.000865,-204.855193,3.183503,1396044.158749,1161964.774109,2307283.518791,207665.930761,1090450.917779,366.316767,98.084817,209.180886,30.025965,36.031157,85.073566,23.019906,49.042409,7.006058,8.006924,521.450917,140.121168,298.257914,43.037216,51.044140,3.000000,2.000000,3.000000,0.000000,1.000000,0.000000,1.000000,2.000000,0.000000,1.000000,0.000000,1.000000,3.000000,0.000000,1.000000,1553.000000,438.000000,932.000000,136.000000,161.000000,5.000000,
0.049486,0.994268,0.145228,0.121120,0.449690,0.000220,-205.326105,3.187330,1396044.785691,1161964.942454,2307283.877411,207665.982361,1090450.979054,366.080697,98.021607,209.046081,30.006614,36.007937,85.018741,23.005071,49.010804,7.001543,8.001764,521.114872,140.030868,298.065704,43.009481,51.011245,3.000000,2.000000,3.000000,0.000000,1.000000,0.000000,1.000000,2.000000,0.000000,1.000000,0.000000,1.000000,3.000000,0.000000,1.000000,1553.000000,438.000000,932.000000,136.000000,161.000000,5.000000,
0.049486,0.994268,0.145228,0.121120,0.449690,0.000220,-205.326105,3.187330,1396044.785691,1161964.942454,2307283.877411,207665.982361,1090450.979054,366.080697,98.021607,209.046081,30.006614,36.007937,85.018741,23.005071,49.010804,7.001543,8.001764,521.114872,140.030868,298.065704,43.009481,51.011245,3.000000,2.000000,3.000000,0.000000,1.000000,0.000000,1.000000,2.000000,0.000000,1.000000,0.000000,1.000000,3.000000,0.000000,1.000000,1553.000000,438.000000,932.000000,136.000000,161.000000,5.000000,
0.049486,0.994268,0.145228,0.121120,0.449690,0.000220,-205.326105,3.187330,1396044.785691,1161964.942454,2307283.877411,207665.982361,1090450.979054,366.080697,98.021607,209.046081,30.006614,36.007937,85.018741,23.005071,49.010804,7.001543,8.001764,521.114872,140.030868,298.065704,43.009481,51.011245,3.000000,2.000000,3.000000,0.000000,1.000000,0.000000,1.000000,2.000000,0.000000,1.000000,0.000000,1.000000,3.000000,0.000000,1.000000,1553.000000,438.000000,932.000000,136.000000,161.000000,5.000000,
0.049486,0.994268,0.145228,0.121120,0.449690,0.000220,-205.326105,3.187330,1396044.785691,1161964.942454,2307283.877411,207665.982361,1090450.979054,366.080697,98.021607,209.046081,30.006614,36.007937,85.018741,23.005071,49.010804,7.001543,8.001764,521.114872,140.030868,298.065704,43.009481,51.011245,3.000000,2.000000,3.000000,0.000000,1.000000,0.000000,1.000000,2.000000,0.000000,1.000000,0.000000,1.000000,3.000000,0.000000,1.000000,1553.000000,438.000000,932.000000,136.000000,161.000000,5.000000,
0.049486,0.994268,0.145228,0.121120,0.449690,0.000220,-205.326105,3.187330,1396044.785691,1161964.942454,2307283.877411,207665.982361,1090450.979054,366.080697,98.021607,209.046081,30.006614,36.007937,85.018741,23.005071,49.010804,7.001543,8.001764,521.114872,140.030868,298.065704,43.009481,51.011245,3.000000,2.000000,3.000000,0.000000,1.000000,0.000000,1.000000,2.000000,0.000000,1.000000,0.000000,1.000000,3.000000,0.000000,1.000000,1553.000000,438.000000,932.000000,136.000000,161.000000,5.000000,
0.049486,0.994268,0.145228,0.121120,0.449690,0.000220,-205.326105,3.187330,1396044.785691,1161964.942454,2307283.877411,207665.982361,1090450.979054,366.080697,98.021607,209.046081,30.006614,36.007937,85.018741,23.005071,49.010804,7.001543,8.001764,521.114872,140.030868,298.065704,43.009481,51.011245,3.000000,2.000000,3.000000,0.000000,1.000000,0.000000,1.000000,2.000000,0.000000,1.000000,0.000000,1.000000,3.000000,0.000000,1.000000,1553.000000,438.000000,932.000000,136.000000,161.000000,5.000000,
0.049486,0.994268,0.145228,0.121120,0.449690,0.000220,-205.326105,3.187330,1396044.785691,1161964.942454,2307283.877411,207665.982361,1090450.979054,366.080697,98.021607,209.046081,30.006614,36.007937,85.018741,23.005071,49.010804,7.001543,8.001764,521.114872,140.030868,298.065704,43.009481,51.011245,3.000000,2.000000,3.000000,0.000000,1.000000,0.000000,1.000000,2.000000,0.000000,1.000000,0.000000,1.000000,3.000000,0.000000,1.000000,1553.000000,438.000000,932.000000,136.000000,161.000000,5.000000,
0.049486,0.994268,0.145228,0.121120,0.449690,0.000220,-205.326105,3.187330,1396044.785691,1161964.942454,2307283.877411,207665.982361,1090450.979054,366.080697,98.021607,209.046081,30.006614,36.007937,85.018741,23.005071,49.010804,7.001543,8.001764,521.114872,140.030868,298.065704,43.009481,51.011245,3.000000,2.000000,3.000000,0.000000,1.000000,0.000000,1.000000,2.000000,0.000000,1.000000,0.000000,1.000000,3.000000,0.000000,1.000000,1553.000000,438.000000,932.000000,136.000000,161.000000,5.000000,
0.049486,0.994268,0.145228,0.121120,0.449690,0.000220,-205.326105,3.187330,1396044.785691,1161964.942454,2307283.877411,207665.982361,1090450.979054,366.080697,98.021607,209.046081,30.006614,36.007937,85.018741,23.005071,49.010804,7.001543,8.001764,521.114872,140.030868,298.065704,43.009481,51.011245,3.000000,2.000000,3.000000,0.000000,1.000000,0.000000,1.000000,2.000000,0.000000,1.000000,0.000000,1.000000,3.000000,0.000000,1.000000,1553.000000,438.000000,932.000000,136.000000,161.000000,5.000000,
0.049486,0.994268,0.145228,0.121120,0.449690,0.000220,-205.326105,3.187330,1396044.785691,1161964.942454,2307283.877411,207665.982361,1090450.979054,366.080697,98.021607,209.046081,30.006614,36.007937,85.018741,23.005071,49.010804,7.001543,8.001764,521.114872,140.030868,298.065704,43.009481,51.011245,3.000000,2.000000,3.000000,0.000000,1.000000,0.000000,1.000000,2.000000,0.000000,1.000000,0.000000,1.000000,3.000000,0.000000,1.000000,1553.000000,438.000000,932.000000,136.000000,161.000000,5.000000,
0.049486,0.994268,0.145228,0.121120,0.449690,0.000220,-205.326105,3.187330,1396044.785691,1161964.942454,2307283.877411,207665.982361,1090450.979054,366.080697,98.021607,209.046081,30.006614,36.007937,85.018741,23.005071,49.010804,7.001543,8.001764,521.114872,140.030868,298.065704,43.009481,51.011245,3.000000,2.000000,3.000000,0.000000,1.000000,0.000000,1.000000,2.000000,0.000000,1.000000,0.000000,1.000000,3.000000,0.000000,1.000000,1553.000000,438.000000,932.000000,136.000000,161.000000,5.000000,
0.049486,0.994268,0.145228,0.121120,0.449690,0.000220,-205.326105,3.187330,1396044.785691,1161964.942454,2307283.877411,207665.982361,1090450.979054,366.080697,98.021607,209.046081,30.006614,36.007937,85.018741,23.005071,49.010804,7.001543,8.001764,521.114872,140.030868,298.065704,43.009481,51.011245,3.000000,2.000000,3.000000,0.000000,1.000000,0.000000,1.000000,2.000000,0.000000,1.000000,0.000000,1.000000,3.000000,0.000000,1.000000,1553.000000,438.000000,932.000000,136.000000,161.000000,5.000000,
0.049486,0.994268,0.145228,0.121120,0.449690,0.000220,-205.326105,3.187330,1396044.785691,1161964.942454,2307283.877411,207665.982361,1090450.979054,366.080697,98.021607,209.046081,30.006614,36.007937,85.018741,23.005071,49.010804,7.001543,8.001764,521.114872,140.030868,298.065704,43.009481,51.011245,3.000000,2.000000,3.000000,0.000000,1.000000,0.000000,1.000000,2.000000,0.000000,1.000000,0.000000,1.000000,3.000000,0.000000,1.000000,1553.000000,438.000000,932.000000,136.000000,161.000000,5.000000,
0.049486,0.994268,0.145228,0.121120,0.449690,0.000220,-205.326105,3.187330,1396044.785691,1161964.942454,2307283.877411,207665.982361,1090450.979054,366.080697,98.021607,209.046081,30.006614,36.007937,85.018741,23.005071,49.010804,7.001543,8.001764,521.114872,140.030868,298.065704,43.009481,51.011245,3.000000,2.000000,3.000000,0.000000,1.000000,0.000000,1.000000,2.000000,0.000000,1.000000,0.000000,1.000000,3.000000,0.000000,1.000000,1553.000000,438.000000,932.000000,136.000000,161.000000,5.000000,
0.049486,0.994268,0.145228,0.121120,0.449690,0.000220,-205.326105,3.187330,1396044.785691,1161964.942454,2307283.877411,207665.982361,1090450.979054,366.080697,98.021607,209.046081,30.006614,36.007937,85.018741,23.005071,49.010804,7.001543,8.001764,521.114872,140.030868,298.065704,43.009481,51.011245,3.000000,2.000000,3.000000,0.000000,1.000000,0.000000,1.000000,2.000000,0.000000,1.000000,0.000000,1.000000,3.000000,0.000000,1.000000,1553.000000,438.000000,932.000000,136.000000,161.000000,5.000000,
0.049486,0.994268,0.145228,0.121120,0.449690,0.000220,-205.326105,3.187330,1396044.785691,1161964.942454,2307283.877411,207665.982361,1090450.979054,366.080697,98.021607,209.046081,30.006614,36.007937,85.018741,23.005071,49.010804,7.001543,8.001764,521.114872,140.030868,298.065704,43.009481,51.011245,3.000000,2.000000,3.000000,0.000000,1.000000,0.000000,1.000000,2.000000,0.000000,1.000000,0.000000,1.000000,3.000000,0.000000,1.000000,1553.000000,438.000000,932.000000,136.000000,161.000000,5.000000,
0.049486,0.994268,0.145228,0.121120,0.449690,0.000220,-205.326105,3.187330,1396044.785691,1161964.942454,2307283.877411,207665.982361,1090450.979054,366.080697,98.021607,209.046081,30.006614,36.007937,85.018741,23.005071,49.010804,7.001543,8.001764,521.114872,140.030868,298.065704,43.009481,51.011245,3.000000,2.000000,3.000000,0.000000,1.000000,0.000000,1.000000,2.000000,0.000000,1.000000,0.000000,1.000000,3.000000,0.000000,1.000000,1553.000000,438.000000,932.000000,136.000000,161.000000,5.000000,
0.049486,0.994268,0.145228,0.121120,0.449690,0.000220,-205.326105,3.187330,1396044.785691,1161964.942454,2307283.877411,207665.982361,1090450.979054,366.080697,98.021607,209.046081,30.006614,36.007937,85.018741,23.005071,49.010804,7.001543,8.001764,521.114872,140.030868,298.065704,43.009481,51.011245,3.000000,2.000000,3.000000,0.000000,1.000000,0.000000,1.000000,2.000000,0.000000,1.000000,0.000000,1.000000,3.000000,0.000000,1.000000,1553.000000,438.000000,932.000000,136.000000,161.000000,5.000000,
0.049486,0.994268,0.145228,0.121120,0.449690,0.000220,-205.326105,3.187330,1396044.785691,1161964.942454,2307283.877411,207665.982361,1090450.979054,366.080697,98.021607,209.046081,30.006614,36.007937,85.018741,23.005071,49.010804,7.001543,8.001764,521.114872,140.030868,298.065704,43.009481,51.011245,3.000000,2.000000,3.000000,0.000000,1.000000,0.000000,1.000000,2.000000,0.000000,1.000000,0.000000,1.000000,3.000000,0.000000,1.000000,1553.000000,438.000000,932.000000,136.000000,161.000000,5.000000,
0.049486,0.994268,0.145228,0.121120,0.449690,0.000220,-205.326105,3.187330,1396044.785691,1161964.942454,2307283.877411,207665.982361,1090450.979054,366.080697,98.021607,209.046081,30.006614,36.007937,85.018741,23.005071,49.010804,7.001543,8.001764,521.114872,140.030868,298.065704,43.009481,51.011245,3.000000,2.000000,3.000000,0.000000,1.000000,0.000000,1.000000,2.000000,0.000000,1.000000,0.000000,1.000000,3.000000,0.000000,1.000000,1553.000000,438.000000,932.000000,136.000000,161.000000,5.000000,
0.049486,0.994268,0.145228,0.121120,0.449690,0.000220,-205.326105,3.187330,1396044.785691,1161964.942454,2307283.877411,207665.982361,1090450.979054,366.080697,98.021607,209.046081,30.006614,36.007937,85.018741,23.005071,49.010804,7.001543,8.001764,521.114872,140.030868,298.065704,43.009481,51.011245,3.000000,2.000000,3.000000,0.000000,1.000000,0.000000,1.000000,2.000000,0.000000,1.000000,0.000000,1.000000,3.000000,0.000000,1.000000,1553.000000,438.000000,932.000000,136.000000,161.000000,5.000000,
0.049486,0.994268,0.145228,0.121120,0.449690,0.000220,-205.326105,3.187330,1396044.785691,1161964.942454,2307283.877411,207665.982361,1090450.979054,366.080697,98.021607,209.046081,30.006614,36.007937,85.018741,23.005071,49.010804,7.001543,8.001764,521.114872,140.030868,298.065704,43.009481,51.011245,3.000000,2.000000,3.000000,0.000000,1.000000,0.000000,1.000000,2.000000,0.000000,1.000000,0.000000,1.000000,3.000000,0.000000,1.000000,1553.000000,438.000000,932.000000,136.000000,161.000000,5.000000,
0.049438,0.997627,0.144618,0.150543,0.395061,0.000202,-204.709899,3.182853,1396044.804125,1161964.947404,2307283.887956,207665.983879,1090450.980856,366.073756,98.019749,209.042117,30.006046,36.007255,85.017129,23.004635,49.009874,7.001411,8.001612,521.104991,140.028213,298.060052,43.008665,51.010277,3.000000,2.000000,3.000000,0.000000,1.000000,0.000000,1.000000,2.000000,0.000000,1.000000,0.000000,1.000000,3.000000,0.000000,1.000000,1553.000000,438.000000,932.000000,136.000000,161.000000,5.000000,
0.049438,0.997627,0.144618,0.150543,0.395061,0.000202,-204.709899,3.182853,1396044.804125,1161964.947404,2307283.887956,207665.983879,1090450.980856,366.073756,98.019749,209.042117,30.006046,36.007255,85.017129,23.004635,49.009874,7.001411,8.001612,521.104991,140.028213,298.060052,43.008665,51.010277,3.000000,2.000000,3.000000,0.000000,1.000000,0.000000,1.000000,2.000000,0.000000,1.000000,0.000000,1.000000,3.000000,0.000000,1.000000,1553.000000,438.000000,932.000000,136.000000,161.000000,5.000000,
0.049438,0.997627,0.144618,0.150543,0.395061,0.000202,-204.709899,3.182853,1396044.804125,1161964.947404,2307283.887956,207665.983879,1090450.980856,366.073756,98.019749,209.042117,30.006046,36.007255,85.017129,23.004635,49.009874,7.001411,8.001612,521.104991,140.028213,298.060052,43.008665,51.010277,3.000000,2.000000,3.000000,0.000000,1.000000,0.000000,1.000000,2.000000,0.000000,1.000000,0.000000,1.000000,3.000000,0.000000,1.000000,1553.000000,438.000000,932.000000,136.000000,161.000000,5.000000,
0.049438,0.997627,0.144618,0.150543,0.395061,0.000202,-204.709899,3.182853,1396044.804125,1161964.947404,2307283.887956,207665.983879,1090450.980856,366.073756,98.019749,209.042117,30.006046,36.007255,85.017129,23.004635,49.009874,7.001411,8.001612,521.104991,140.028213,298.060052,43.008665,51.010277,3.000000,2.000000,3.000000,0.000000,1.000000,0.000000,1.000000,2.000000,0.000000,1.000000,0.000000,1.000000,3.000000,0.000000,1.000000,1553.000000,438.000000,932.000000,136.000000,161.000000,5.000000,
0.049438,0.997627,0.144618,0.150543,0.395061,0.000202,-204.709899,3.182853,1396044.804125,1161964.947404,2307283.887956,207665.983879,1090450.980856,366.073756,98.019749,209.042117,30.006046,36.007255,85.017129,23.004635,49.009874,7.001411,8.001612,521.104991,140.028213,298.060052,43.008665,51.010277,3.000000,2.000000,3.000000,0.000000,1.000000,0.000000,1.000000,2.000000,0.000000,1.000000,0.000000,1.000000,3.000000,0.000000,1.000000,1553.000000,438.000000,932.000000,136.000000,161.000000,5.000000,
0.049438,0.997627,0.144618,0.150543,0.395061,0.000202,-204.709899,3.182853,1396044.804125,1161964.947404,2307283.887956,207665.983879,1090450.980856,366.073756,98.019749,209.042117,30.006046,36.007255,85.017129,23.004635,49.009874,7.001411,8.001612,521.104991,140.028213,298.060052,43.008665,51.010277,3.000000,2.000000,3.000000,0.000000,1.000000,0.000000,1.000000,2.000000,0.000000,1.000000,0.000000,1.000000,3.000000,0.000000,1.000000,1553.000000,438.000000,932.000000,136.000000,161.000000,5.000000,
0.049438,0.997627,0.144618,0.150543,0.395061,0.000202,-204.709899,3.182853,1396044.804125,1161964.947404,2307283.887956,207665.983879,1090450.980856,366.073756,98.019749,209.042117,30.006046,36.007255,85.017129,23.004635,49.009874,7.001411,8.001612,521.104991,140.028213,298.060052,43.008665,51.010277,3.000000,2.000000,3.000000,0.000000,1.000000,0.000000,1.000000,2.000000,0.000000,1.000000,0.000000,1.000000,3.000000,0.000000,1.000000,1553.000000,438.000000,932.000000,136.000000,161.000000,5.000000,
0.049438,0.997627,0.144618,0.150543,0.395061,0.000202,-204.709899,3.182853,1396044.804125,1161964.947404,2307283.887956,207665.983879,1090450.980856,366.073756,98.019749,209.042117,30.006046,36.007255,85.017129,23.004635,49.009874,7.001411,8.001612,521.104991,140.028213,298.060052,43.008665,51.010277,3.000000,2.000000,3.000000,0.000000,1.000000,0.000000,1.000000,2.000000,0.000000,1.000000,0.000000,1.000000,3.000000,0.000000,1.000000,1553.000000,438.000000,932.000000,136.000000,161.000000,5.000000,
0.049438,0.997627,0.144618,0.150543,0.395061,0.000202,-204.709899,3.182853,1396044.804125,1161964.947404,2307283.887956,207665.983879,1090450.980856,366.073756,98.019749,209.042117,30.006046,36.007255,85.017129,23.004635,49.009874,7.001411,8.001612,521.104991,140.028213,298.060052,43.008665,51.010277,3.000000,2.000000,3.000000,0.000000,1.000000,0.000000,1.000000,2.000000,0.000000,1.000000,0.000000,1.000000,3.000000,0.000000,1.000000,1553.000000,438.000000,932.000000,136.000000,161.000000,5.000000,
0.049438,0.997627,0.144618,0.150543,0.395061,0.000202,-204.709899,3.182853,1396044.804125,1161964.947404,2307283.887956,207665.983879,1090450.980856,366.073756,98.019749,209.042117,30.006046,36.007255,85.017129,23.004635,49.009874,7.001411,8.001612,521.104991,140.028213,298.060052,43.008665,51.010277,3.000000,2.000000,3.000000,0.000000,1.000000,0.000000,1.000000,2.000000,0.000000,1.000000,0.000000,1.000000,3.000000,0.000000,1.000000,1553.000000,438.000000,932.000000,136.000000,161.000000,5.000000,
0.049416,0.998924,0.143158,0.166340,0.367951,0.000412,-205.176922,3.178159,1396044.599424,1161964.892438,2307283.770864,207665.967031,1090450.960849,366.150834,98.040387,209.086132,30.012363,36.014836,85.035030,23.009479,49.020194,7.002885,8.003297,521.214712,140.057696,298.122810,43.017721,51.021018,3.000000,2.000000,3.000000,0.000000,1.000000,0.000000,1.000000,2.000000,0.000000,1.000000,0.000000,1.000000,3.000000,0.000000,1.000000,1553.000000,438.000000,932.000000,136.000000,161.000000,5.000000,
0.049416,0.998924,0.143158,0.166340,0.367951,0.000412,-205.176922,3.178159,1396044.599424,1161964.892438,2307283.770864,207665.967031,1090450.960849,366.150834,98.040387,209.086132,30.012363,36.014836,85.035030,23.009479,49.020194,7.002885,8.003297,521.214712,140.057696,298.122810,43.017721,51.021018,3.000000,2.000000,3.000000,0.000000,1.000000,0.000000,1.000000,2.000000,0.000000,1.000000,0.000000,1.000000,3.000000,0.000000,1.000000,1553.000000,438.000000,932.000000,136.000000,161.000000,5.000000,
0.049416,0.998924,0.143158,0.166340,0.367951,0.000412,-205.176922,3.178159,1396044.599424,1161964.892438,2307283.770864,207665.967031,1090450.960849,366.150834,98.040387,209.086132,30.012363,36.014836,85.035030,23.009479,49.020194,7.002885,8.003297,521.214712,140.057696,298.122810,43.017721,51.021018,3.000000,2.000000,3.000000,0.000000,1.000000,0.000000,1.000000,2.000000,0.000000,1.000000,0.000000,1.000000,3.000000,0.000000,1.000000,1553.000000,438.000000,932.000000,136.000000,161.000000,5.000000,
0.049416,0.998924,0.143158,0.166340,0.367951,0.000412,-205.176922,3.178159,1396044.599424,1161964.892438,2307283.770864,207665.967031,1090450.960849,366.150834,98.040387,209.086132,30.012363,36.014836,85.035030,23.009479,49.020194,7.002885,8.003297,521.214712,140.057696,298.122810,43.017721,51.021018,3.000000,2.000000,3.000000,0.000000,1.000000,0.000000,1.000000,2.000000,0.000000,1.000000,0.000000,1.000000,3.000000,0.000000,1.000000,1553.000000,438.000000,932.000000,136.000000,161.000000,5.000000,
0.049416,0.998924,0.143158,0.166340,0.367951,0.000412,-205.176922,3.178159,1396044.599424,1161964.892438,2307283.770864,207665.967031,1090450.960849,366.150834,98.040387,209.086132,30.012363,36.014836,85.035030,23.009479,49.020194,7.002885,8.003297,521.214712,140.057696,298.122810,43.017721,51.021018,3.000000,2.000000,3.000000,0.000000,1.000000,0.000000,1.000000,2.000000,0.000000,1.000000,0.000000,1.000000,3.000000,0.000000,1.000000,1553.000000,438.000000,932.000000,136.000000,161.000000,5.000000,
0.049416,0.998924,0.143158,0.166340,0.367951,0.000412,-205.176922,3.178159,1396044.599424,1161964.892438,2307283.770864,207665.967031,1090450.960849,366.150834,98.040387,209.086132,30.012363,36.014836,85.035030,23.009479,49.020194,7.002885,8.003297,521.214712,140.057696,298.122810,43.017721,51.021018,3.000000,2.000000,3.000000,0.000000,1.000000,0.000000,1.000000,2.000000,0.000000,1.000000,0.000000,1.000000,3.000000,0.000000,1.000000,1553.000000,438.000000,932.000000,136.000000,161.000000,5.000000,
0.049416,0.998924,0.143158,0.166340,0.367951,0.000412,-205.176922,3.178159,1396044.599424,1161964.892438,2307283.770864,207665.967031,1090450.960849,366.150834,98.040387,209.086132,30.012363,36.014836,85.035030,23.009479,49.020194,7.002885,8.003297,521.214712,140.057696,298.122810,43.017721,51.021018,3.000000,2.000000,3.000000,0.000000,1.000000,0.000000,1.000000,2.000000,0.000000,1.000000,0.000000,1.000000,3.000000,0.000000,1.000000,1553.000000,438.000000,932.000000,136.000000,161.000000,5.000000,
0.049416,0.998924,0.143158,0.166340,0.367951,0.000412,-205.176922,3.178159,1396044.599424,1161964.892438,2307283.770864,207665.967031,1090450.960849,366.150834,98.040387,209.086132,30.012363,36.014836,85.035030,23.009479,49.020194,7.002885,8.003297,521.214712,140.057696,298.122810,43.017721,51.021018,3.000000,2.000000,3.000000,0.000000,1.000000,0.000000,1.000000,2.000000,0.000000,1.000000,0.000000,1.000000,3.000000,0.000000,1.000000,1553.000000,438.000000,932.000000,136.000000,161.000000,5.000000,
0.049416,0.998924,0.143158,0.166340,0.367951,0.000412,-205.176922,3.178159,1396044.599424,1161964.892438,2307283.770864,207665.967031,1090450.960849,366.150834,98.040387,209.086132,30.012363,36.014836,85.035030,23.009479,49.020194,7.002885,8.003297,521.214712,140.057696,298.122810,43.017721,51.021018,3.000000,2.000000,3.000000,0.000000,1.000000,0.000000,1.000000,2.000000,0.000000,1.000000,0.000000,1.000000,3.000000,0.000000,1.000000,1553.000000,438.000000,932.000000,136.000000,161.000000,5.000000,
0.049416,0.998924,0.143158,0.166340,0.367951,0.000412,-205.176922,3.178159,1396044.599424,1161964.892438,2307283.770864,207665.967031,1090450.960849,366.150834,98.040387,209.086132,30.012363,36.014836,85.035030,23.009479,49.020194,7.002885,8.003297,521.214712,140.057696,298.122810,43.017721,51.021018,3.000000,2.000000,3.000000,0.000000,1.000000,0.000000,1.000000,2.000000,0.000000,1.000000,0.000000,1.000000,3.000000,0.000000,1.000000,1553.000000,438.000000,932.000000,136.000000,161.000000,5.000000,
0.049416,0.998924,0.143158,0.166340,0.367951,0.000412,-205.176922,3.178159,1396044.599424,1161964.892438,2307283.770864,207665.967031,1090450.960849,366.150834,98.040387,209.086132,30.012363,36.014836,85.035030,23.009479,49.020194,7.002885,8.003297,521.214712,140.057696,298.122810,43.017721,51.021018,3.000000,2.000000,3.000000,0.000000,1.000000,0.000000,1.000000,2.000000,0.000000,1.000000,0.000000,1.000000,3.000000,0.000000,1.000000,1553.000000,438.000000,932.000000,136.000000,161.000000,5.000000,
0.049416,0.998924,0.143158,0.166340,0.367951,0.000412,-205.176922,3.178159,1396044.599424,1161964.892438,2307283.770864,207665.967031,1090450.960849,366.150834,98.040387,209.086132,30.012363,36.014836,85.035030,23.009479,49.020194,7.002885,8.003297,521.214712,140.057696,298.122810,43.017721,51.021018,3.000000,2.000000,3.000000,0.000000,1.000000,0.000000,1.000000,2.000000,0.000000,1.000000,0.000000,1.000000,3.000000,0.000000,1.000000,1553.000000,438.000000,932.000000,136.000000,161.000000,5.000000,
0.049416,0.998924,0.143158,0.166340,0.367951,0.000412,-205.176922,3.178159,1396044.599424,1161964.892438,2307283.770864,207665.967031,1090450.960849,366.150834,98.040387,209.086132,30.012363,36.014836,85.035030,23.009479,49.020194,7.002885,8.003297,521.214712,140.057696,298.122810,43.017721,51.021018,3.000000,2.000000,3.000000,0.000000,1.000000,0.000000,1.000000,2.000000,0.000000,1.000000,0.000000,1.000000,3.000000,0.000000,1.000000,1553.000000,438.000000,932.000000,136.000000,161.000000,5.000000,
0.049416,0.998924,0.143158,0.166340,0.367951,0.000412,-205.176922,3.178159,1396044.599424,1161964.892438,2307283.770864,207665.967031,1090450.960849,366.150834,98.040387,209.086132,30.012363,36.014836,85.035030,23.009479,49.020194,7.002885,8.003297,521.214712,140.057696,298.122810,43.017721,51.021018,3.000000,2.000000,3.000000,0.000000,1.000000,0.000000,1.000000,2.000000,0.000000,1.000000,0.000000,1.000000,3.000000,0.000000,1.000000,1553.000000,438.000000,932.000000,136.000000,161.000000,5.000000,
0.049416,0.998924,0.143158,0.166340,0.367951,0.000412,-205.176922,3.178159,1396044.599424,1161964.892438,2307283.770864,207665.967031,1090450.960849,366.150834,98.040387,209.086132,30.012363,36.014836,85.035030,23.009479,49.020194,7.002885,8.003297,521.214712,140.057696,298.122810,43.017721,51.021018,3.000000,2.000000,3.000000,0.000000,1.000000,0.000000,1.000000,2.000000,0.000000,1.000000,0.000000,1.000000,3.000000,0.000000,1.000000,1553.000000,438.000000,932.000000,136.000000,161.000000,5.000000,
0.049416,0.998924,0.143158,0.166340,0.367951,0.000412,-205.176922,3.178159,1396044.599424,1161964.892438,2307283.770864,207665.967031,1090450.960849,366.150834,98.040387,209.086132,30.012363,36.014836,85.035030,23.009479,49.020194,7.002885,8.003297,521.214712,140.057696,298.122810,43.017721,51.021018,3.000000,2.000000,3.000000,0.000000,1.000000,0.000000,1.000000,2.000000,0.000000,1.000000,0.000000,1.000000,3.000000,0.000000,1.000000,1553.000000,438.000000,932.000000,136.000000,161.000000,5.000000,
0.049416,0.998924,0.143158,0.166340,0.367951,0.000412,-205.176922,3.178159,1396044.599424,1161964.892438,2307283.770864,207665.967031,1090450.960849,366.150834,98.040387,209.086132,30.012363,36.014836,85.035030,23.009479,49.020194,7.002885,8.003297,521.214712,140.057696,298.122810,43.017721,51.021018,3.000000,2.000000,3.000000,0.000000,1.000000,0.000000,1.000000,2.000000,0.000000,1.000000,0.000000,1.000000,3.000000,0.000000,1.000000,1553.000000,438.000000,932.000000,136.000000,161.000000,5.000000,
0.049416,0.998924,0.143158,0.166340,0.367951,0.000412,-205.176922,3.178159,1396044.599424,1161964.892438,2307283.770864,207665.967031,1090450.960849,366.150834,98.040387,209.086132,30.012363,36.014836,85.035030,23.009479,49.020194,7.002885,8.003297,521.214712,140.057696,298.122810,43.017721,51.021018,3.000000,2.000000,3.000000,0.000000,1.000000,0.000000,1.000000,2.000000,0.000000,1.000000,0.000000,1.000000,3.000000,0.000000,1.000000,1553.000000,438.000000,932.000000,136.000000,161.000000,5.000000,
0.049416,0.998924,0.143158,0.166340,0.367951,0.000412,-205.176922,3.178159,1396044.599424,1161964.892438,2307283.770864,207665.967031,1090450.960849,366.150834,98.040387,209.086132,30.012363,36.014836,85.035030,23.009479,49.020194,7.002885,8.003297,521.214712,140.057696,298.122810,43.017721,51.021018,3.000000,2.000000,3.000000,0.000000,1.000000,0.000000,1.000000,2.000000,0.000000,1.000000,0.000000,1.000000,3.000000,0.000000,1.000000,1553.000000,438.000000,932.000000,136.000000,161.000000,5.000000,
0.049416,0.998924,0.143158,0.166340,0.367951,0.000412,-205.176922,3.178159,1396044.599424,1161964.892438,2307283.770864,207665.967031,1090450.960849,366.150834,98.040387,209.086132,30.012363,36.014836,85.035030,23.009479,49.020194,7.002885,8.003297,521.214712,140.057696,298.122810,43.017721,51.021018,3.000000,2.000000,3.000000,0.000000,1.000000,0.000000,1.000000,2.000000,0.000000,1.000000,0.000000,1.000000,3.000000,0.000000,1.000000,1553.000000,438.000000,932.000000,136.000000,161.000000,5.000000,
0.049416,0.998924,0.143158,0.166340,0.367951,0.000412,-205.176922,3.178159,1396044.599424,1161964.892438,2307283.770864,207665.967031,1090450.960849,366.150834,98.040387,209.086132,30.012363,36.014836,85.035030,23.009479,49.020194,7.002885,8.003297,521.214712,140.057696,298.122810,43.017721,51.021018,3.000000,2.000000,3.000000,0.000000,1.000000,0.000000,1.000000,2.000000,0.000000,1.000000,0.000000,1.000000,3.000000,0.000000,1.000000,1553.000000,438.000000,932.000000,136.000000,161.000000,5.000000,
0.049416,0.998924,0.143158,0.166340,0.367951,0.000412,-205.176922,3.178159,1396044.599424,1161964.892438,2307283.770864,207665.967031,1090450.960849,366.150834,98.040387,209.086132,30.012363,36.014836,85.035030,23.009479,49.020194,7.002885,8.003297,521.214712,140.057696,298.122810,43.017721,51.021018,3.000000,2.000000,3.000000,0.000000,1.000000,0.000000,1.000000,2.000000,0.000000,1.000000,0.000000,1.000000,3.000000,0.000000,1.000000,1553.000000,438.000000,932.000000,136.000000,161.000000,5.000000,
0.049416,0.998924,0.143158,0.166340,0.367951,0.000412,-205.176922,3.178159,1396044.599424,1161964.892438,2307283.770864,207665.967031,1090450.960849,366.150834,98.040387,209.086132,30.012363,36.014836,85.035030,23.009479,49.020194,7.002885,8.003297,521.214712,140.057696,298.122810,43.017721,51.021018,3.000000,2.000000,3.000000,0.000000,1.000000,0.000000,1.000000,2.000000,0.000000,1.000000,0.000000,1.000000,3.000000,0.000000,1.000000,1553.000000,438.000000,932.000000,136.000000,161.000000,5.000000,
0.049416,0.998924,0.143158,0.166340,0.367951,0.000412,-205.176922,3.178159,1396044.599424,1161964.892438,2307283.770864,207665.967031,1090450.960849,366.150834,98.040387,209.086132,30.012363,36.014836,85.035030,23.009479,49.020194,7.002885,8.003297,521.214712,140.057696,298.122810,43.017721,51.021018,3.000000,2.000000,3.000000,0.000000,1.000000,0.000000,1.000000,2.000000,0.000000,1.000000,0.000000,1.000000,3.000000,0.000000,1.000000,1553.000000,438.000000,932.000000,136.000000,161.000000,5.000000,
0.049416,0.998924,0.143158,0.166340,0.367951,0.000412,-205.176922,3.178159,1396044.599424,1161964.892438,2307283.770864,207665.967031,1090450.960849,366.150834,98.040387,209.086132,30.012363,36.014836,85.035030,23.009479,49.020194,7.002885,8.003297,521.214712,140.057696,298.122810,43.017721,51.021018,3.000000,2.000000,3.000000,0.000000,1.000000,0.000000,1.000000,2.000000,0.000000,1.000000,0.000000,1.000000,3.000000,0.000000,1.000000,1553.000000,438.000000,932.000000,136.000000,161.000000,5.000000,
0.049416,0.998924,0.143158,0.166340,0.367951,0.000412,-205.176922,3.178159,1396044.599424,1161964.892438,2307283.770864,207665.967031,1090450.960849,366.150834,98.040387,209.086132,30.012363,36.014836,85.035030,23.009479,49.020194,7.002885,8.003297,521.214712,140.057696,298.122810,43.017721,51.021018,3.000000,2.000000,3.000000,0.000000,1.000000,0.000000,1.000000,2.000000,0.000000,1.000000,0.000000,1.000000,3.000000,0.000000,1.000000,1553.000000,438.000000,932.000000,136.000000,161.000000,5.000000,
0.049416,0.998924,0.143158,0.166340,0.367951,0.000412,-205.176922,3.178159,1396044.599424,1161964.892438,2307283.770864,207665.967031,1090450.960849,366.150834,98.040387,209.086132,30.012363,36.014836,85.035030,23.009479,49.020194,7.002885,8.003297,521.214712,140.057696,298.122810,43.017721,51.021018,3.000000,2.000000,3.000000,0.000000,1.000000,0.000000,1.000000,2.000000,0.000000,1.000000,0.000000,1.000000,3.000000,0.000000,1.000000,1553.000000,438.000000,932.000000,136.000000,161.000000,5.000000,
0.049416,0.998924,0.143158,0.166340,0.367951,0.000412,-205.176922,3.178159,1396044.599424,1161964.892438,2307283.770864,207665.967031,1090450.960849,366.150834,98.040387,209.086132,30.012363,36.014836,85.035030,23.009479,49.020194,7.002885,8.003297,521.214712,140.057696,298.122810,43.017721,51.021018,3.000000,2.000000,3.000000,0.000000,1.000000,0.000000,1.000000,2.000000,0.000000,1.000000,0.000000,1.000000,3.000000,0.000000,1.000000,1553.000000,438.000000,932.000000,136.000000,161.000000,5.000000,
0.049416,0.998924,0.143158,0.166340,0.367951,0.000412,-205.176922,3.178159,1396044.599424,1161964.892438,2307283.770864,207665.967031,1090450.960849,366.150834,98.040387,209.086132,30.012363,36.014836,85.035030,23.009479,49.020194,7.002885,8.003297,521.214712,140.057696,298.122810,43.017721,51.021018,3.000000,2.000000,3.000000,0.000000,1.000000,0.000000,1.000000,2.000000,0.000000,1.000000,0.000000,1.000000,3.000000,0.000000,1.000000,1553.000000,438.000000,932.000000,136.000000,161.000000,5.000000,
0.049416,0.998924,0.143158,0.166340,0.367951,0.000412,-205.176922,3.178159,1396044.599424,1161964.892438,2307283.770864,207665.967031,1090450.960849,366.150834,98.040387,209.086132,30.012363,36.014836,85.035030,23.009479,49.020194,7.002885,8.003297,521.214712,140.057696,298.122810,43.017721,51.021018,3.000000,2.000000,3.000000,0.000000,1.000000,0.000000,1.000000,2.000000,0.000000,1.000000,0.000000,1.000000,3.000000,0.000000,1.000000,1553.000000,438.000000,932.000000,136.000000,161.000000,5.000000,
0.049416,0.998924,0.143158,0.166340,0.367951,0.000412,-205.176922,3.178159,1396044.599424,1161964.892438,2307283.770864,207665.967031,1090450.960849,366.150834,98.040387,209.086132,30.012363,36.014836,85.035030,23.009479,49.020194,7.002885,8.003297,521.214712,140.057696,298.122810,43.017721,51.021018,3.000000,2.000000,3.000000,0.000000,1.000000,0.000000,1.000000,2.000000,0.000000,1.000000,0.000000,1.000000,3.000000,0.000000,1.000000,1553.000000,438.000000,932.000000,136.000000,161.000000,5.000000,
0.049416,0.998924,0.143158,0.166340,0.367951,0.000412,-205.176922,3.178159,1396044.599424,1161964.892438,2307283.770864,207665.967031,1090450.960849,366.150834,98.040387,209.086132,30.012363,36.014836,85.035030,23.009479,49.020194,7.002885,8.003297,521.214712,140.057696,298.122810,43.017721,51.021018,3.000000,2.000000,3.000000,0.000000,1.000000,0.000000,1.000000,2.000000,0.000000,1.000000,0.000000,1.000000,3.000000,0.000000,1.000000,1553.000000,438.000000,932.000000,136.000000,161.000000,5.000000,
0.049416,0.998924,0.143158,0.166340,0.367951,0.000412,-205.176922,3.178159,1396044.599424,1161964.892438,2307283.770864,207665.967031,1090450.960849,366.150834,98.040387,209.086132,30.012363,36.014836,85.035030,23.009479,49.020194,7.002885,8.003297,521.214712,140.057696,298.122810,43.017721,51.021018,3.000000,2.000000,3.000000,0.000000,1.000000,0.000000,1.000000,2.000000,0.000000,1.000000,0.000000,1.000000,3.000000,0.000000,1.000000,1553.000000,438.000000,932.000000,136.000000,161.000000,5.000000,
0.049416,0.998924,0.143158,0.166340,0.367951,0.000412,-205.176922,3.178159,1396044.599424,1161964.892438,2307283.770864,207665.967031,1090450.960849,366.150834,98.040387,209.086132,30.012363,36.014836,85.035030,23.009479,49.020194,7.002885,8.003297,521.214712,140.057696,298.122810,43.017721,51.021018,3.000000,2.000000,3.000000,0.000000,1.000000,0.000000,1.000000,2.000000,0.000000,1.000000,0.000000,1.000000,3.000000,0.000000,1.000000,1553.000000,438.000000,932.000000,136.000000,161.000000,5.000000,
0.049416,0.998924,0.143158,0.166340,0.367951,0.000412,-205.176922,3.178159,1396044.599424,1161964.892438,2307283.770864,207665.967031,1090450.960849,366.150834,98.040387,209.086132,30.012363,36.014836,85.035030,23.009479,49.020194,7.002885,8.003297,521.214712,140.057696,298.122810,43.017721,51.021018,3.000000,2.000000,3.000000,0.000000,1.000000,0.000000,1.000000,2.000000,0.000000,1.000000,0.000000,1.000000,3.000000,0.000000,1.000000,1553.000000,438.000000,932.000000,136.000000,161.000000,5.000000,
0.049416,0.998924,0.143158,0.166340,0.367951,0.000412,-205.176922,3.178159,1396044.599424,1161964.892438,2307283.770864,207665.967031,1090450.960849,366.150834,98.040387,209.086132,30.012363,36.014836,85.035030,23.009479,49.020194,7.002885,8.003297,521.214712,140.057696,298.122810,43.017721,51.021018,3.000000,2.000000,3.000000,0.000000,1.000000,0.000000,1.000000,2.000000,0.000000,1.000000,0.000000,1.000000,3.000000,0.000000,1.000000,1553.000000,438.000000,932.000000,136.000000,161.000000,5.000000,
0.049416,0.998924,0.143158,0.166340,0.367951,0.000412,-205.176922,3.178159,1396044.599424,1161964.892438,2307283.770864,207665.967031,1090450.960849,366.150834,98.040387,209.086132,30.012363,36.014836,85.035030,23.009479,49.020194,7.002885,8.003297,521.214712,140.057696,298.122810,43.017721,51.021018,3.000000,2.000000,3.000000,0.000000,1.000000,0.000000,1.000000,2.000000,0.000000,1.000000,0.000000,1.000000,3.000000,0.000000,1.000000,1553.000000,438.000000,932.000000,136.000000,161.000000,5.000000,
0.049416,0.998924,0.143158,0.166340,0.367951,0.000412,-205.176922,3.178159,1396044.599424,1161964.892438,2307283.770864,207665.967031,1090450.960849,366.150834,98.040387,209.086132,30.012363,36.014836,85.035030,23.009479,49.020194,7.002885,8.003297,521.214712,140.057696,298.122810,43.017721,51.021018,3.000000,2.000000,3.000000,0.000000,1.000000,0.000000,1.000000,2.000000,0.000000,1.000000,0.000000,1.000000,3.000000,0.000000,1.000000,1553.000000,438.000000,932.000000,136.000000,161.000000,5.000000,
0.049416,0.998924,0.143158,0.166340,0.367951,0.000412,-205.176922,3.178159,1396044.599424,1161964.892438,2307283.770864,207665.967031,1090450.960849,366.150834,98.040387,209.086132,30.012363,36.014836,85.035030,23.009479,49.020194,7.002885,8.003297,521.214712,140.057696,298.122810,43.017721,51.021018,3.000000,2.000000,3.000000,0.000000,1.000000,0.000000,1.000000,2.000000,0.000000,1.000000,0.000000,1.000000,3.000000,0.000000,1.000000,1553.000000,438.000000,932.000000,136.000000,161.000000,5.000000,
0.049416,0.998924,0.143158,0.166340,0.367951,0.000412,-205.176922,3.178159,1396044.599424,1161964.892438,2307283.770864,207665.967031,1090450.960849,366.150834,98.040387,209.086132,30.012363,36.014836,85.035030,23.009479,49.020194,7.002885,8.003297,521.214712,140.057696,298.122810,43.017721,51.021018,3.000000,2.000000,3.000000,0.000000,1.000000,0.000000,1.000000,2.000000,0.000000,1.000000,0.000000,1.000000,3.000000,0.000000,1.000000,1553.000000,438.000000,932.000000,136.000000,161.000000,5.000000,
0.049416,0.998924,0.143158,0.166340,0.367951,0.000412,-205.176922,3.178159,1396044.599424,1161964.892438,2307283.770864,207665.967031,1090450.960849,366.150834,98.040387,209.086132,30.012363,36.014836,85.035030,23.009479,49.020194,7.002885,8.003297,521.214712,140.057696,298.122810,43.017721,51.021018,3.000000,2.000000,3.000000,0.000000,1.000000,0.000000,1.000000,2.000000,0.000000,1.000000,0.000000,1.000000,3.000000,0.000000,1.000000,1553.000000,438.000000,932.000000,136.000000,161.000000,5.000000,
0.049416,0.998924,0.143158,0.166340,0.367951,0.000412,-205.176922,3.178159,1396044.599424,1161964.892438,2307283.770864,207665.967031,1090450.960849,366.150834,98.040387,209.086132,30.012363,36.014836,85.035030,23.009479,49.020194,7.002885,8.003297,521.214712,140.057696,298.122810,43.017721,51.021018,3.000000,2.000000,3.000000,0.000000,1.000000,0.000000,1.000000,2.000000,0.000000,1.000000,0.000000,1.000000,3.000000,0.000000,1.000000,1553.000000,438.000000,932.000000,136.000000,161.000000,5.000000,
0.049416,0.998924,0.143158,0.166340,0.367951,0.000412,-205.176922,3.178159,1396044.599424,1161964.892438,2307283.770864,207665.967031,1090450.960849,366.150834,98.040387,209.086132,30.012363,36.014836,85.035030,23.009479,49.020194,7.002885,8.003297,521.214712,140.057696,298.122810,43.017721,51.021018,3.000000,2.000000,3.000000,0.000000,1.000000,0.000000,1.000000,2.000000,0.000000,1.000000,0.000000,1.000000,3.000000,0.000000,1.000000,1553.000000,438.000000,932.000000,136.000000,161.000000,5.000000,
0.049416,0.998924,0.143158,0.166340,0.367951,0.000412,-205.176922,3.178159,1396044.599424,1161964.892438,2307283.770864,207665.967031,1090450.960849,366.150834,98.040387,209.086132,30.012363,36.014836,85.035030,23.009479,49.020194,7.002885,8.003297,521.214712,140.057696,298.122810,43.017721,51.021018,3.000000,2.000000,3.000000,0.000000,1.000000,0.000000,1.000000,2.000000,0.000000,1.000000,0.000000,1.000000,3.000000,0.000000,1.000000,1553.000000,438.000000,932.000000,136.000000,161.000000,5.000000,
0.049416,0.998924,0.143158,0.166340,0.367951,0.000412,-205.176922,3.178159,1396044.599424,1161964.892438,2307283.770864,207665.967031,1090450.960849,366.150834,98.040387,209.086132,30.012363,36.014836,85.035030,23.009479,49.020194,7.002885,8.003297,521.214712,140.057696,298.122810,43.017721,51.021018,3.000000,2.000000,3.000000,0.000000,1.000000,0.000000,1.000000,2.000000,0.000000,1.000000,0.000000,1.000000,3.000000,0.000000,1.000000,1553.000000,438.000000,932.000000,136.000000,161.000000,5.000000,
0.049416,0.998924,0.143158,0.166340,0.367951,0.000412,-205.176922,3.178159,1396044.599424,1161964.892438,2307283.770864,207665.967031,1090450.960849,366.150834,98.040387,209.086132,30.012363,36.014836,85.035030,23.009479,49.020194,7.002885,8.003297,521.214712,140.057696,298.122810,43.017721,51.021018,3.000000,2.000000,3.000000,0.000000,1.000000,0.000000,1.000000,2.000000,0.000000,1.000000,0.000000,1.000000,3.000000,0.000000,1.000000,1553.000000,438.000000,932.000000,136.000000,161.000000,5.000000,
0.049416,0.998924,0.143158,0.166340,0.367951,0.000412,-205.176922,3.178159,1396044.599424,1161964.892438,2307283.770864,207665.967031,1090450.960849,366.150834,98.040387,209.086132,30.012363,36.014836,85.035030,23.009479,49.020194,7.002885,8.003297,521.214712,140.057696,298.122810,43.017721,51.021018,3.000000,2.000000,3.000000,0.000000,1.000000,0.000000,1.000000,2.000000,0.000000,1.000000,0.000000,1.000000,3.000000,0.000000,1.000000,1553.000000,438.000000,932.000000,136.000000,161.000000,5.000000,
0.049416,0.998924,0.143158,0.166340,0.367951,0.000412,-205.176922,3.178159,1396044.599424,1161964.892438,2307283.770864,207665.967031,1090450.960849,366.150834,98.040387,209.086132,30.012363,36.014836,85.035030,23.009479,49.020194,7.002885,8.003297,521.214712,140.057696,298.122810,43.017721,51.021018,3.000000,2.000000,3.000000,0.000000,1.000000,0.000000,1.000000,2.000000,0.000000,1.000000,0.000000,1.000000,3.000000,0.000000,1.000000,1553.000000,438.000000,932.000000,136.000000,161.000000,5.000000,
0.049416,0.998924,0.143158,0.166340,0.367951,0.000412,-205.176922,3.178159,1396044.599424,1161964.892438,2307283.770864,207665.967031,1090450.960849,366.150834,98.040387,209.086132,30.012363,36.014836,85.035030,23.009479,49.020194,7.002885,8.003297,521.214712,140.057696,298.122810,43.017721,51.021018,3.000000,2.000000,3.000000,0.000000,1.000000,0.000000,1.000000,2.000000,0.000000,1.000000,0.000000,1.000000,3.000000,0.000000,1.000000,1553.000000,438.000000,932.000000,136.000000,161.000000,5.000000,
0.049416,0.998924,0.143158,0.166340,0.367951,0.000412,-205.176922,3.178159,1396044.599424,1161964.892438,2307283.770864,207665.967031,1090450.960849,366.150834,98.040387,209.086132,30.012363,36.014836,85.035030,23.009479,49.020194,7.002885,8.003297,521.214712,140.057696,298.122810,43.017721,51.021018,3.000000,2.000000,3.000000,0.000000,1.000000,0.000000,1.000000,2.000000,0.000000,1.000000,0.000000,1.000000,3.000000,0.000000,1.000000,1553.000000,438.000000,932.000000,136.000000,161.000000,5.000000,
0.049416,0.998924,0.143158,0.166340,0.367951,0.000412,-205.176922,3.178159,1396044.599424,1161964.892438,2307283.770864,207665.967031,1090450.960849,366.150834,98.040387,209.086132,30.012363,36.014836,85.035030,23.009479,49.020194,7.002885,8.003297,521.214712,140.057696,298.122810,43.017721,51.021018,3.000000,2.000000,3.000000,0.000000,1.000000,0.000000,1.000000,2.000000,0.000000,1.000000,0.000000,1.000000,3.000000,0.000000,1.000000,1553.000000,438.000000,932.000000,136.000000,161.000000,5.000000,
0.049416,0.998924,0.143158,0.166340,0.367951,0.000412,-205.176922,3.178159,1396044.599424,1161964.892438,2307283.770864,207665.967031,1090450.960849,366.150834,98.040387,209.086132,30.012363,36.014836,85.035030,23.009479,49.020194,7.002885,8.003297,521.214712,140.057696,298.122810,43.017721,51.021018,3.000000,2.000000,3.000000,0.000000,1.000000,0.000000,1.000000,2.000000,0.000000,1.000000,0.000000,1.000000,3.000000,0.000000,1.000000,1553.000000,438.000000,932.000000,136.000000,161.000000,5.000000,
0.049416,0.998924,0.143158,0.166340,0.367951,0.000412,-205.176922,3.178159,1396044.599424,1161964.892438,2307283.770864,207665.967031,1090450.960849,366.150834,98.040387,209.086132,30.012363,36.014836,85.035030,23.009479,49.020194,7.002885,8.003297,521.214712,140.057696,298.122810,43.017721,51.021018,3.000000,2.000000,3.000000,0.000000,1.000000,0.000000,1.000000,2.000000,0.000000,1.000000,0.000000,1.000000,3.000000,0.000000,1.000000,1553.000000,438.000000,932.000000,136.000000,161.000000,5.000000,
0.049416,0.998924,0.143158,0.166340,0.367951,0.000412,-205.176922,3.178159,1396044.599424,1161964.892438,2307283.770864,207665.967031,1090450.960849,366.150834,98.040387,209.086132,30.012363,36.014836,85.035030,23.009479,49.020194,7.002885,8.003297,521.214712,140.057696,298.122810,43.017721,51.021018,3.000000,2.000000,3.000000,0.000000,1.000000,0.000000,1.000000,2.000000,0.000000,1.000000,0.000000,1.000000,3.000000,0.000000,1.000000,1553.000000,438.000000,932.000000,136.000000,161.000000,5.000000,
0.049416,0.998924,0.143158,0.166340,0.367951,0.000412,-205.176922,3.178159,1396044.599424,1161964.892438,2307283.770864,207665.967031,1090450.960849,366.150834,98.040387,209.086132,30.012363,36.014836,85.035030,23.009479,49.020194,7.002885,8.003297,521.214712,140.057696,298.122810,43.017721,51.021018,3.000000,2.000000,3.000000,0.000000,1.000000,0.000000,1.000000,2.000000,0.000000,1.000000,0.000000,1.000000,3.000000,0.000000,1.000000,1553.000000,438.000000,932.000000,136.000000,161.000000,5.000000,
0.049416,0.998924,0.143158,0.166340,0.367951,0.000412,-205.176922,3.178159,1396044.599424,1161964.892438,2307283.770864,207665.967031,1090450.960849,366.150834,98.040387,209.086132,30.012363,36.014836,85.035030,23.009479,49.020194,7.002885,8.003297,521.214712,140.057696,298.122810,43.017721,51.021018,3.000000,2.000000,3.000000,0.000000,1.000000,0.000000,1.000000,2.000000,0.000000,1.000000,0.000000,1.000000,3.000000,0.000000,1.000000,1553.000000,438.000000,932.000000,136.000000,161.000000,5.000000,
0.049416,0.998924,0.143158,0.166340,0.367951,0.000412,-205.176922,3.178159,1396044.599424,1161964.892438,2307283.770864,207665.967031,1090450.960849,366.150834,98.040387,209.086132,30.012363,36.014836,85.035030,23.009479,49.020194,7.002885,8.003297,521.214712,140.057696,298.122810,43.017721,51.021018,3.000000,2.000000,3.000000,0.000000,1.000000,0.000000,1.000000,2.000000,0.000000,1.000000,0.000000,1.000000,3.000000,0.000000,1.000000,1553.000000,438.000000,932.000000,136.000000,161.000000,5.000000,
0.049352,0.999570,0.145668,0.182409,0.325031,0.001244,-205.240031,3.179637,1396043.790747,1161964.675293,2307283.308287,207665.900473,1090450.881812,366.455336,98.121921,209.260014,30.037323,36.044787,85.105747,23.028614,49.060960,7.008709,8.009953,521.648170,140.174172,298.370738,43.053496,51.063448,3.000000,2.000000,3.000000,0.000000,1.000000,0.000000,1.000000,2.000000,0.000000,1.000000,0.000000,1.000000,3.000000,0.000000,1.000000,1553.000000,438.000000,932.000000,136.000000,161.000000,5.000000,
0.049352,0.999570,0.145668,0.182409,0.325031,0.001244,-205.240031,3.179637,1396043.790747,1161964.675293,2307283.308287,207665.900473,1090450.881812,366.455336,98.121921,209.260014,30.037323,36.044787,85.105747,23.028614,49.060960,7.008709,8.009953,521.648170,140.174172,298.370738,43.053496,51.063448,3.000000,2.000000,3.000000,0.000000,1.000000,0.000000,1.000000,2.000000,0.000000,1.000000,0.000000,1.000000,3.000000,0.000000,1.000000,1553.000000,438.000000,932.000000,136.000000,161.000000,5.000000,
0.049352,0.999570,0.145668,0.182409,0.325031,0.001244,-205.240031,3.179637,1396043.790747,1161964.675293,2307283.308287,207665.900473,1090450.881812,366.455336,98.121921,209.260014,30.037323,36.044787,85.105747,23.028614,49.060960,7.008709,8.009953,521.648170,140.174172,298.370738,43.053496,51.063448,3.000000,2.000000,3.000000,0.000000,1.000000,0.000000,1.000000,2.000000,0.000000,1.000000,0.000000,1.000000,3.000000,0.000000,1.000000,1553.000000,438.000000,932.000000,136.000000,161.000000,5.000000,
0.049352,0.999570,0.145668,0.182409,0.325031,0.001244,-205.240031,3.179637,1396043.790747,1161964.675293,2307283.308287,207665.900473,1090450.881812,366.455336,98.121921,209.260014,30.037323,36.044787,85.105747,23.028614,49.060960,7.008709,8.009953,521.648170,140.174172,298.370738,43.053496,51.063448,3.000000,2.000000,3.000000,0.000000,1.000000,0.000000,1.000000,2.000000,0.000000,1.000000,0.000000,1.000000,3.000000,0.000000,1.000000,1553.000000,438.000000,932.000000,136.000000,161.000000,5.000000,
0.049352,0.999570,0.145668,0.182409,0.325031,0.001244,-205.240031,3.179637,1396043.790747,1161964.675293,2307283.308287,207665.900473,1090450.881812,366.455336,98.121921,209.260014,30.037323,36.044787,85.105747,23.028614,49.060960,7.008709,8.009953,521.648170,140.174172,298.370738,43.053496,51.063448,3.000000,2.000000,3.000000,0.000000,1.000000,0.000000,1.000000,2.000000,0.000000,1.000000,0.000000,1.000000,3.000000,0.000000,1.000000,1553.000000,438.000000,932.000000,136.000000,161.000000,5.000000,
0.049352,0.999570,0.145668,0.182409,0.325031,0.001244,-205.240031,3.179637,1396043.790747,1161964.675293,2307283.308287,207665.900473,1090450.881812,366.455336,98.121921,209.260014,30.037323,36.044787,85.105747,23.028614,49.060960,7.008709,8.009953,521.648170,140.174172,298.370738,43.053496,51.063448,3.000000,2.000000,3.000000,0.000000,1.000000,0.000000,1.000000,2.000000,0.000000,1.000000,0.000000,1.000000,3.000000,0.000000,1.000000,1553.000000,438.000000,932.000000,136.000000,161.000000,5.000000,
0.049352,0.996270,0.145377,0.198476,0.285708,0.001688,-206.615785,3.179015,1396043.359550,1161964.559509,2307283.061635,207665.864984,1090450.839668,366.617700,98.165395,209.352731,30.050631,36.060757,85.143455,23.038817,49.082698,7.011814,8.013502,521.879295,140.236279,298.502936,43.072571,51.086073,3.000000,2.000000,3.000000,0.000000,1.000000,0.000000,1.000000,2.000000,0.000000,1.000000,0.000000,1.000000,3.000000,0.000000,1.000000,1553.000000,438.000000,932.000000,136.000000,161.000000,5.000000,
0.049352,0.996270,0.145377,0.198476,0.285708,0.001688,-206.615785,3.179015,1396043.359550,1161964.559509,2307283.061635,207665.864984,1090450.839668,366.617700,98.165395,209.352731,30.050631,36.060757,85.143455,23.038817,49.082698,7.011814,8.013502,521.879295,140.236279,298.502936,43.072571,51.086073,3.000000,2.000000,3.000000,0.000000,1.000000,0.000000,1.000000,2.000000,0.000000,1.000000,0.000000,1.000000,3.000000,0.000000,1.000000,1553.000000,438.000000,932.000000,136.000000,161.000000,5.000000,
0.049352,0.996270,0.145377,0.198476,0.285708,0.001688,-206.615785,3.179015,1396043.359550,1161964.559509,2307283.061635,207665.864984,1090450.839668,366.617700,98.165395,209.352731,30.050631,36.060757,85.143455,23.038817,49.082698,7.011814,8.013502,521.879295,140.236279,298.502936,43.072571,51.086073,3.000000,2.000000,3.000000,0.000000,1.000000,0.000000,1.000000,2.000000,0.000000,1.000000,0.000000,1.000000,3.000000,0.000000,1.000000,1553.000000,438.000000,932.000000,136.000000,161.000000,5.000000,
0.049352,0.996270,0.145377,0.198476,0.285708,0.001688,-206.615785,3.179015,1396043.359550,1161964.559509,2307283.061635,207665.864984,1090450.839668,366.617700,98.165395,209.352731,30.050631,36.060757,85.143455,23.038817,49.082698,7.011814,8.013502,521.879295,140.236279,298.502936,43.072571,51.086073,3.000000,2.000000,3.000000,0.000000,1.000000,0.000000,1.000000,2.000000,0.000000,1.000000,0.000000,1.000000,3.000000,0.000000,1.000000,1553.000000,438.000000,932.000000,136.000000,161.000000,5.000000,
0.049352,0.996270,0.145377,0.198476,0.285708,0.001688,-206.615785,3.179015,1396043.359550,1161964.559509,2307283.061635,207665.864984,1090450.839668,366.617700,98.165395,209.352731,30.050631,36.060757,85.143455,23.038817,49.082698,7.011814,8.013502,521.879295,140.236279,298.502936,43.072571,51.086073,3.000000,2.000000,3.000000,0.000000,1.000000,0.000000,1.000000,2.000000,0.000000,1.000000,0.000000,1.000000,3.000000,0.000000,1.000000,1553.000000,438.000000,932.000000,136.000000,161.000000,5.000000,
0.049352,0.996270,0.145377,0.198476,0.285708,0.001688,-206.615785,3.179015,1396043.359550,1161964.559509,2307283.061635,207665.864984,1090450.839668,366.617700,98.165395,209.352731,30.050631,36.060757,85.143455,23.038817,49.082698,7.011814,8.013502,521.879295,140.236279,298.502936,43.072571,51.086073,3.000000,2.000000,3.000000,0.000000,1.000000,0.000000,1.000000,2.000000,0.000000,1.000000,0.000000,1.000000,3.000000,0.000000,1.000000,1553.000000,438.000000,932.000000,136.000000,161.000000,5.000000,
0.049352,0.996270,0.145377,0.198476,0.285708,0.001688,-206.615785,3.179015,1396043.359550,1161964.559509,2307283.061635,207665.864984,1090450.839668,366.617700,98.165395,209.352731,30.050631,36.060757,85.143455,23.038817,49.082698,7.011814,8.013502,521.879295,140.236279,298.502936,43.072571,51.086073,3.000000,2.000000,3.000000,0.000000,1.000000,0.000000,1.000000,2.000000,0.000000,1.000000,0.000000,1.000000,3.000000,0.000000,1.000000,1553.000000,438.000000,932.000000,136.000000,161.000000,5.000000,
0.049352,0.996270,0.145377,0.198476,0.285708,0.001688,-206.615785,3.179015,1396043.359550,1161964.559509,2307283.061635,207665.864984,1090450.839668,366.617700,98.165395,209.352731,30.050631,36.060757,85.143455,23.038817,49.082698,7.011814,8.013502,521.879295,140.236279,298.502936,43.072571,51.086073,3.000000,2.000000,3.000000,0.000000,1.000000,0.000000,1.000000,2.000000,0.000000,1.000000,0.000000,1.000000,3.000000,0.000000,1.000000,1553.000000,438.000000,932.000000,136.000000,161.000000,5.000000,
0.049377,0.993125,0.145749,0.184524,0.312435,0.000936,-206.968554,3.181467,1396044.089832,1161964.755603,2307283.479369,207665.925089,1090450.911043,366.342718,98.091766,209.195705,30.028092,36.033710,85.079593,23.021537,49.045883,7.006555,8.007491,521.487858,140.131094,298.279043,43.040265,51.047756,3.000000,2.000000,3.000000,0.000000,1.000000,0.000000,1.000000,2.000000,0.000000,1.000000,0.000000,1.000000,3.000000,0.000000,1.000000,1553.000000,438.000000,932.000000,136.000000,161.000000,5.000000,
0.049377,0.993125,0.145749,0.184524,0.312435,0.000936,-206.968554,3.181467,1396044.089832,1161964.755603,2307283.479369,207665.925089,1090450.911043,366.342718,98.091766,209.195705,30.028092,36.033710,85.079593,23.021537,49.045883,7.006555,8.007491,521.487858,140.131094,298.279043,43.040265,51.047756,3.000000,2.000000,3.000000,0.000000,1.000000,0.000000,1.000000,2.000000,0.000000,1.000000,0.000000,1.000000,3.000000,0.000000,1.000000,1553.000000,438.000000,932.000000,136.000000,161.000000,5.000000,
0.049377,0.993125,0.145749,0.184524,0.312435,0.000936,-206.968554,3.181467,1396044.089832,1161964.755603,2307283.479369,207665.925089,1090450.911043,366.342718,98.091766,209.195705,30.028092,36.033710,85.079593,23.021537,49.045883,7.006555,8.007491,521.487858,140.131094,298.279043,43.040265,51.047756,3.000000,2.000000,3.000000,0.000000,1.000000,0.000000,1.000000,2.000000,0.000000,1.000000,0.000000,1.000000,3.000000,0.000000,1.000000,1553.000000,438.000000,932.000000,136.000000,161.000000,5.000000,
0.049377,0.993125,0.145749,0.184524,0.312435,0.000936,-206.968554,3.181467,1396044.089832,1161964.755603,2307283.479369,207665.925089,1090450.911043,366.342718,98.091766,209.195705,30.028092,36.033710,85.079593,23.021537,49.045883,7.006555,8.007491,521.487858,140.131094,298.279043,43.040265,51.047756,3.000000,2.000000,3.000000,0.000000,1.000000,0.000000,1.000000,2.000000,0.000000,1.000000,0.000000,1.000000,3.000000,0.000000,1.000000,1553.000000,438.000000,932.000000,136.000000,161.000000,5.000000,
0.049377,0.993125,0.145749,0.184524,0.312435,0.000936,-206.968554,3.181467,1396044.089832,1161964.755603,2307283.479369,207665.925089,1090450.911043,366.342718,98.091766,209.195705,30.028092,36.033710,85.079593,23.021537,49.045883,7.006555,8.007491,521.487858,140.131094,298.279043,43.040265,51.047756,3.000000,2.000000,3.000000,0.000000,1.000000,0.000000,1.000000,2.000000,0.000000,1.000000,0.000000,1.000000,3.000000,0.000000,1.000000,1553.000000,438.000000,932.000000,136.000000,161.000000,5.000000,
0.049377,0.993125,0.145749,0.184524,0.312435,0.000936,-206.968554,3.181467,1396044.089832,1161964.755603,2307283.479369,207665.925089,1090450.911043,366.342718,98.091766,209.195705,30.028092,36.033710,85.079593,23.021537,49.045883,7.006555,8.007491,521.487858,140.131094,298.279043,43.040265,51.047756,3.000000,2.000000,3.000000,0.000000,1.000000,0.000000,1.000000,2.000000,0.000000,1.000000,0.000000,1.000000,3.000000,0.000000,1.000000,1553.000000,438.000000,932.000000,136.000000,161.000000,5.000000,
0.049353,0.998704,0.145431,0.201908,0.278234,0.001139,-205.943132,3.179175,1396043.893057,1161964.702765,2307283.366811,207665.908894,1090450.891811,366.416812,98.111605,209.238015,30.034165,36.040998,85.096801,23.026193,49.055803,7.007972,8.009111,521.593330,140.159436,298.339371,43.048970,51.058080,3.000000,2.000000,3.000000,0.000000,1.000000,0.000000,1.000000,2.000000,0.000000,1.000000,0.000000,1.000000,3.000000,0.000000,1.000000,1553.000000,438.000000,932.000000,136.000000,161.000000,5.000000,
0.049353,0.998704,0.145431,0.201908,0.278234,0.001139,-205.943132,3.179175,1396043.893057,1161964.702765,2307283.366811,207665.908894,1090450.891811,366.416812,98.111605,209.238015,30.034165,36.040998,85.096801,23.026193,49.055803,7.007972,8.009111,521.593330,140.159436,298.339371,43.048970,51.058080,3.000000,2.000000,3.000000,0.000000,1.000000,0.000000,1.000000,2.000000,0.000000,1.000000,0.000000,1.000000,3.000000,0.000000,1.000000,1553.000000,438.000000,932.000000,136.000000,161.000000,5.000000,
0.049353,0.998704,0.145431,0.201908,0.278234,0.001139,-205.943132,3.179175,1396043.893057,1161964.702765,2307283.366811,207665.908894,1090450.891811,366.416812,98.111605,209.238015,30.034165,36.040998,85.096801,23.026193,49.055803,7.007972,8.009111,521.593330,140.159436,298.339371,43.048970,51.058080,3.000000,2.000000,3.000000,0.000000,1.000000,0.000000,1.000000,2.000000,0.000000,1.000000,0.000000,1.000000,3.000000,0.000000,1.000000,1553.000000,438.000000,932.000000,136.000000,161.000000,5.000000,
0.049353,0.998704,0.145431,0.201908,0.278234,0.001139,-205.943132,3.179175,1396043.893057,1161964.702765,2307283.366811,207665.908894,1090450.891811,366.416812,98.111605,209.238015,30.034165,36.040998,85.096801,23.026193,49.055803,7.007972,8.009111,521.593330,140.159436,298.339371,43.048970,51.058080,3.000000,2.000000,3.000000,0.000000,1.000000,0.000000,1.000000,2.000000,0.000000,1.000000,0.000000,1.000000,3.000000,0.000000,1.000000,1553.000000,438.000000,932.000000,136.000000,161.000000,5.000000,
0.049353,0.998704,0.145431,0.201908,0.278234,0.001139,-205.943132,3.179175,1396043.893057,1161964.702765,2307283.366811,207665.908894,1090450.891811,366.416812,98.111605,209.238015,30.034165,36.040998,85.096801,23.026193,49.055803,7.007972,8.009111,521.593330,140.159436,298.339371,43.048970,51.058080,3.000000,2.000000,3.000000,0.000000,1.000000,0.000000,1.000000,2.000000,0.000000,1.000000,0.000000,1.000000,3.000000,0.000000,1.000000,1553.000000,438.000000,932.000000,136.000000,161.000000,5.000000,
0.049353,0.998704,0.145431,0.201908,0.278234,0.001139,-205.943132,3.179175,1396043.893057,1161964.702765,2307283.366811,207665.908894,1090450.891811,366.416812,98.111605,209.238015,30.034165,36.040998,85.096801,23.026193,49.055803,7.007972,8.009111,521.593330,140.159436,298.339371,43.048970,51.058080,3.000000,2.000000,3.000000,0.000000,1.000000,0.000000,1.000000,2.000000,0.000000,1.000000,0.000000,1.000000,3.000000,0.000000,1.000000,1553.000000,438.000000,932.000000,136.000000,161.000000,5.000000,
0.049353,0.998704,0.145431,0.201908,0.278234,0.001139,-205.943132,3.179175,1396043.893057,1161964.702765,2307283.366811,207665.908894,1090450.891811,366.416812,98.111605,209.238015,30.034165,36.040998,85.096801,23.026193,49.055803,7.007972,8.009111,521.593330,140.159436,298.339371,43.048970,51.058080,3.000000,2.000000,3.000000,0.000000,1.000000,0.000000,1.000000,2.000000,0.000000,1.000000,0.000000,1.000000,3.000000,0.000000,1.000000,1553.000000,438.000000,932.000000,136.000000,161.000000,5.000000,
0.049353,0.998704,0.145431,0.201908,0.278234,0.001139,-205.943132,3.179175,1396043.893057,1161964.702765,2307283.366811,207665.908894,1090450.891811,366.416812,98.111605,209.238015,30.034165,36.040998,85.096801,23.026193,49.055803,7.007972,8.009111,521.593330,140.159436,298.339371,43.048970,51.058080,3.000000,2.000000,3.000000,0.000000,1.000000,0.000000,1.000000,2.000000,0.000000,1.000000,0.000000,1.000000,3.000000,0.000000,1.000000,1553.000000,438.000000,932.000000,136.000000,161.000000,5.000000,
0.049353,0.998704,0.145431,0.201908,0.278234,0.001139,-205.943132,3.179175,1396043.893057,1161964.702765,2307283.366811,207665.908894,1090450.891811,366.416812,98.111605,209.238015,30.034165,36.040998,85.096801,23.026193,49.055803,7.007972,8.009111,521.593330,140.159436,298.339371,43.048970,51.058080,3.000000,2.000000,3.000000,0.000000,1.000000,0.000000,1.000000,2.000000,0.000000,1.000000,0.000000,1.000000,3.000000,0.000000,1.000000,1553.000000,438.000000,932.000000,136.000000,161.000000,5.000000,
0.049353,0.998704,0.145431,0.201908,0.278234,0.001139,-205.943132,3.179175,1396043.893057,1161964.702765,2307283.366811,207665.908894,1090450.891811,366.416812,98.111605,209.238015,30.034165,36.040998,85.096801,23.026193,49.055803,7.007972,8.009111,521.593330,140.159436,298.339371,43.048970,51.058080,3.000000,2.000000,3.000000,0.000000,1.000000,0.000000,1.000000,2.000000,0.000000,1.000000,0.000000,1.000000,3.000000,0.000000,1.000000,1553.000000,438.000000,932.000000,136.000000,161.000000,5.000000,
0.049353,0.998704,0.145431,0.201908,0.278234,0.001139,-205.943132,3.179175,1396043.893057,1161964.702765,2307283.366811,207665.908894,1090450.891811,366.416812,98.111605,209.238015,30.034165,36.040998,85.096801,23.026193,49.055803,7.007972,8.009111,521.593330,140.159436,298.339371,43.048970,51.058080,3.000000,2.000000,3.000000,0.000000,1.000000,0.000000,1.000000,2.000000,0.000000,1.000000,0.000000,1.000000,3.000000,0.000000,1.000000,1553.000000,438.000000,932.000000,136.000000,161.000000,5.000000,
0.049353,0.998704,0.145431,0.201908,0.278234,0.001139,-205.943132,3.179175,1396043.893057,1161964.702765,2307283.366811,207665.908894,1090450.891811,366.416812,98.111605,209.238015,30.034165,36.040998,85.096801,23.026193,49.055803,7.007972,8.009111,521.593330,140.159436,298.339371,43.048970,51.058080,3.000000,2.000000,3.000000,0.000000,1.000000,0.000000,1.000000,2.000000,0.000000,1.000000,0.000000,1.000000,3.000000,0.000000,1.000000,1553.000000,438.000000,932.000000,136.000000,161.000000,5.000000,
0.049353,0.998704,0.145431,0.201908,0.278234,0.001139,-205.943132,3.179175,1396043.893057,1161964.702765,2307283.366811,207665.908894,1090450.891811,366.416812,98.111605,209.238015,30.034165,36.040998,85.096801,23.026193,49.055803,7.007972,8.009111,521.593330,140.159436,298.339371,43.048970,51.058080,3.000000,2.000000,3.000000,0.000000,1.000000,0.000000,1.000000,2.000000,0.000000,1.000000,0.000000,1.000000,3.000000,0.000000,1.000000,1553.000000,438.000000,932.000000,136.000000,161.000000,5.000000,
0.049353,0.998704,0.145431,0.201908,0.278234,0.001139,-205.943132,3.179175,1396043.893057,1161964.702765,2307283.366811,207665.908894,1090450.891811,366.416812,98.111605,209.238015,30.034165,36.040998,85.096801,23.026193,49.055803,7.007972,8.009111,521.593330,140.159436,298.339371,43.048970,51.058080,3.000000,2.000000,3.000000,0.000000,1.000000,0.000000,1.000000,2.000000,0.000000,1.000000,0.000000,1.000000,3.000000,0.000000,1.000000,1553.000000,438.000000,932.000000,136.000000,161.000000,5.000000,
0.049353,0.998704,0.145431,0.201908,0.278234,0.001139,-205.943132,3.179175,1396043.893057,1161964.702765,2307283.366811,207665.908894,1090450.891811,366.416812,98.111605,209.238015,30.034165,36.040998,85.096801,23.026193,49.055803,7.007972,8.009111,521.593330,140.159436,298.339371,43.048970,51.058080,3.000000,2.000000,3.000000,0.000000,1.000000,0.000000,1.000000,2.000000,0.000000,1.000000,0.000000,1.000000,3.000000,0.000000,1.000000,1553.000000,438.000000,932.000000,136.000000,161.000000,5.000000,
0.049353,0.998704,0.145431,0.201908,0.278234,0.001139,-205.943132,3.179175,1396043.893057,1161964.702765,2307283.366811,207665.908894,1090450.891811,366.416812,98.111605,209.238015,30.034165,36.040998,85.096801,23.026193,49.055803,7.007972,8.009111,521.593330,140.159436,298.339371,43.048970,51.058080,3.000000,2.000000,3.000000,0.000000,1.000000,0.000000,1.000000,2.000000,0.000000,1.000000,0.000000,1.000000,3.000000,0.000000,1.000000,1553.000000,438.000000,932.000000,136.000000,161.000000,5.000000,
0.049353,0.998704,0.145431,0.201908,0.278234,0.001139,-205.943132,3.179175,1396043.893057,1161964.702765,2307283.366811,207665.908894,1090450.891811,366.416812,98.111605,209.238015,30.034165,36.040998,85.096801,23.026193,49.055803,7.007972,8.009111,521.593330,140.159436,298.339371,43.048970,51.058080,3.000000,2.000000,3.000000,0.000000,1.000000,0.000000,1.000000,2.000000,0.000000,1.000000,0.000000,1.000000,3.000000,0.000000,1.000000,1553.000000,438.000000,932.000000,136.000000,161.000000,5.000000,
0.049353,0.998704,0.145431,0.201908,0.278234,0.001139,-205.943132,3.179175,1396043.893057,1161964.702765,2307283.366811,207665.908894,1090450.891811,366.416812,98.111605,209.238015,30.034165,36.040998,85.096801,23.026193,49.055803,7.007972,8.009111,521.593330,140.159436,298.339371,43.048970,51.058080,3.000000,2.000000,3.000000,0.000000,1.000000,0.000000,1.000000,2.000000,0.000000,1.000000,0.000000,1.000000,3.000000,0.000000,1.000000,1553.000000,438.000000,932.000000,136.000000,161.000000,5.000000,
0.049353,0.998704,0.145431,0.201908,0.278234,0.001139,-205.943132,3.179175,1396043.893057,1161964.702765,2307283.366811,207665.908894,1090450.891811,366.416812,98.111605,209.238015,30.034165,36.040998,85.096801,23.026193,49.055803,7.007972,8.009111,521.593330,140.159436,298.339371,43.048970,51.058080,3.000000,2.000000,3.000000,0.000000,1.000000,0.000000,1.000000,2.000000,0.000000,1.000000,0.000000,1.000000,3.000000,0.000000,1.000000,1553.000000,438.000000,932.000000,136.000000,161.000000,5.000000,
0.049353,0.998704,0.145431,0.201908,0.278234,0.001139,-205.943132,3.179175,1396043.893057,1161964.702765,2307283.366811,207665.908894,1090450.891811,366.416812,98.111605,209.238015,30.034165,36.040998,85.096801,23.026193,49.055803,7.007972,8.009111,521.593330,140.159436,298.339371,43.048970,51.058080,3.000000,2.000000,3.000000,0.000000,1.000000,0.000000,1.000000,2.000000,0.000000,1.000000,0.000000,1.000000,3.000000,0.000000,1.000000,1553.000000,438.000000,932.000000,136.000000,161.000000,5.000000,
0.049353,0.998704,0.145431,0.201908,0.278234,0.001139,-205.943132,3.179175,1396043.893057,1161964.702765,2307283.366811,207665.908894,1090450.891811,366.416812,98.111605,209.238015,30.034165,36.040998,85.096801,23.026193,49.055803,7.007972,8.009111,521.593330,140.159436,298.339371,43.048970,51.058080,3.000000,2.000000,3.000000,0.000000,1.000000,0.000000,1.000000,2.000000,0.000000,1.000000,0.000000,1.000000,3.000000,0.000000,1.000000,1553.000000,438.000000,932.000000,136.000000,161.000000,5.000000,
0.049353,0.998704,0.145431,0.201908,0.278234,0.001139,-205.943132,3.179175,1396043.893057,1161964.702765,2307283.366811,207665.908894,1090450.891811,366.416812,98.111605,209.238015,30.034165,36.040998,85.096801,23.026193,49.055803,7.007972,8.009111,521.593330,140.159436,298.339371,43.048970,51.058080,3.000000,2.000000,3.000000,0.000000,1.000000,0.000000,1.000000,2.000000,0.000000,1.000000,0.000000,1.000000,3.000000,0.000000,1.000000,1553.000000,438.000000,932.000000,136.000000,161.000000,5.000000,
0.049353,0.998704,0.145431,0.201908,0.278234,0.001139,-205.943132,3.179175,1396043.893057,1161964.702765,2307283.366811,207665.908894,1090450.891811,366.416812,98.111605,209.238015,30.034165,36.040998,85.096801,23.026193,49.055803,7.007972,8.009111,521.593330,140.159436,298.339371,43.048970,51.058080,3.000000,2.000000,3.000000,0.000000,1.000000,0.000000,1.000000,2.000000,0.000000,1.000000,0.000000,1.000000,3.000000,0.000000,1.000000,1553.000000,438.000000,932.000000,136.000000,161.000000,5.000000,
0.049353,0.998704,0.145431,0.201908,0.278234,0.001139,-205.943132,3.179175,1396043.893057,1161964.702765,2307283.366811,207665.908894,1090450.891811,366.416812,98.111605,209.238015,30.034165,36.040998,85.096801,23.026193,49.055803,7.007972,8.009111,521.593330,140.159436,298.339371,43.048970,51.058080,3.000000,2.000000,3.000000,0.000000,1.000000,0.000000,1.000000,2.000000,0.000000,1.000000,0.000000,1.000000,3.000000,0.000000,1.000000,1553.000000,438.000000,932.000000,136.000000,161.000000,5.000000,
0.049353,0.998704,0.145431,0.201908,0.278234,0.001139,-205.943132,3.179175,1396043.893057,1161964.702765,2307283.366811,207665.908894,1090450.891811,366.416812,98.111605,209.238015,30.034165,36.040998,85.096801,23.026193,49.055803,7.007972,8.009111,521.593330,140.159436,298.339371,43.048970,51.058080,3.000000,2.000000,3.000000,0.000000,1.000000,0.000000,1.000000,2.000000,0.000000,1.000000,0.000000,1.000000,3.000000,0.000000,1.000000,1553.000000,438.000000,932.000000,136.000000,161.000000,5.000000,
0.049353,0.998704,0.145431,0.201908,0.278234,0.001139,-205.943132,3.179175,1396043.893057,1161964.702765,2307283.366811,207665.908894,1090450.891811,366.416812,98.111605,209.238015,30.034165,36.040998,85.096801,23.026193,49.055803,7.007972,8.009111,521.593330,140.159436,298.339371,43.048970,51.058080,3.000000,2.000000,3.000000,0.000000,1.000000,0.000000,1.000000,2.000000,0.000000,1.000000,0.000000,1.000000,3.000000,0.000000,1.000000,1553.000000,438.000000,932.000000,136.000000,161.000000,5.000000,
0.049353,0.998704,0.145431,0.201908,0.278234,0.001139,-205.943132,3.179175,1396043.893057,1161964.702765,2307283.366811,207665.908894,1090450.891811,366.416812,98.111605,209.238015,30.034165,36.040998,85.096801,23.026193,49.055803,7.007972,8.009111,521.593330,140.159436,298.339371,43.048970,51.058080,3.000000,2.000000,3.000000,0.000000,1.000000,0.000000,1.000000,2.000000,0.000000,1.000000,0.000000,1.000000,3.000000,0.000000,1.000000,1553.000000,438.000000,932.000000,136.000000,161.000000,5.000000,
0.049316,0.996024,0.146203,0.206473,0.269544,0.001622,-206.548620,3.178510,1396043.423828,1161964.576769,2307283.098404,207665.870274,1090450.845950,366.593497,98.158914,209.338909,30.048647,36.058377,85.137834,23.037296,49.079457,7.011351,8.012973,521.844841,140.227021,298.483230,43.069728,51.082700,3.000000,2.000000,3.000000,0.000000,1.000000,0.000000,1.000000,2.000000,0.000000,1.000000,0.000000,1.000000,3.000000,0.000000,1.000000,1553.000000,438.000000,932.000000,136.000000,161.000000,5.000000,
0.049317,0.995548,0.146750,0.207381,0.263424,0.001644,-206.823927,3.179810,1396043.402261,1161964.570978,2307283.086067,207665.868499,1090450.843842,366.601618,98.161089,209.343547,30.049313,36.059176,85.139720,23.037807,49.080544,7.011506,8.013150,521.856401,140.230127,298.489842,43.070682,51.083832,3.000000,2.000000,3.000000,0.000000,1.000000,0.000000,1.000000,2.000000,0.000000,1.000000,0.000000,1.000000,3.000000,0.000000,1.000000,1553.000000,438.000000,932.000000,136.000000,161.000000,5.000000,
0.049362,0.989477,0.147747,0.176827,0.319798,0.001650,-207.570425,3.184902,1396043.395842,1161964.569254,2307283.082395,207665.867970,1090450.843215,366.604035,98.161736,209.344927,30.049511,36.059413,85.140281,23.037958,49.080868,7.011553,8.013203,521.859842,140.231052,298.491810,43.070966,51.084169,3.000000,2.000000,3.000000,0.000000,1.000000,0.000000,1.000000,2.000000,0.000000,1.000000,0.000000,1.000000,3.000000,0.000000,1.000000,1553.000000,438.000000,932.000000,136.000000,161.000000,5.000000,
0.049362,0.989477,0.147747,0.176827,0.319798,0.001650,-207.570425,3.184902,1396043.395842,1161964.569254,2307283.082395,207665.867970,1090450.843215,366.604035,98.161736,209.344927,30.049511,36.059413,85.140281,23.037958,49.080868,7.011553,8.013203,521.859842,140.231052,298.491810,43.070966,51.084169,3.000000,2.000000,3.000000,0.000000,1.000000,0.000000,1.000000,2.000000,0.000000,1.000000,0.000000,1.000000,3.000000,0.000000,1.000000,1553.000000,438.000000,932.000000,136.000000,161.000000,5.000000,
0.049362,0.989477,0.147747,0.176827,0.319798,0.001650,-207.570425,3.184902,1396043.395842,1161964.569254,2307283.082395,207665.867970,1090450.843215,366.604035,98.161736,209.344927,30.049511,36.059413,85.140281,23.037958,49.080868,7.011553,8.013203,521.859842,140.231052,298.491810,43.070966,51.084169,3.000000,2.000000,3.000000,0.000000,1.000000,0.000000,1.000000,2.000000,0.000000,1.000000,0.000000,1.000000,3.000000,0.000000,1.000000,1553.000000,438.000000,932.000000,136.000000,161.000000,5.000000,
0.049362,0.989477,0.147747,0.176827,0.319798,0.001650,-207.570425,3.184902,1396043.395842,1161964.569254,2307283.082395,207665.867970,1090450.843215,366.604035,98.161736,209.344927,30.049511,36.059413,85.140281,23.037958,49.080868,7.011553,8.013203,521.859842,140.231052,298.491810,43.070966,51.084169,3.000000,2.000000,3.000000,0.000000,1.000000,0.000000,1.000000,2.000000,0.000000,1.000000,0.000000,1.000000,3.000000,0.000000,1.000000,1553.000000,438.000000,932.000000,136.000000,161.000000,5.000000,
0.049362,0.989477,0.147747,0.176827,0.319798,0.001650,-207.570425,3.184902,1396043.395842,1161964.569254,2307283.082395,207665.867970,1090450.843215,366.604035,98.161736,209.344927,30.049511,36.059413,85.140281,23.037958,49.080868,7.011553,8.013203,521.859842,140.231052,298.491810,43.070966,51.084169,3.000000,2.000000,3.000000,0.000000,1.000000,0.000000,1.000000,2.000000,0.000000,1.000000,0.000000,1.000000,3.000000,0.000000,1.000000,1553.000000,438.000000,932.000000,136.000000,161.000000,5.000000,
0.049362,0.989477,0.147747,0.176827,0.319798,0.001650,-207.570425,3.184902,1396043.395842,1161964.569254,2307283.082395,207665.867970,1090450.843215,366.604035,98.161736,209.344927,30.049511,36.059413,85.140281,23.037958,49.080868,7.011553,8.013203,521.859842,140.231052,298.491810,43.070966,51.084169,3.000000,2.000000,3.000000,0.000000,1.000000,0.000000,1.000000,2.000000,0.000000,1.000000,0.000000,1.000000,3.000000,0.000000,1.000000,1553.000000,438.000000,932.000000,136.000000,161.000000,5.000000,
0.049362,0.989477,0.147747,0.176827,0.319798,0.001650,-207.570425,3.184902,1396043.395842,1161964.569254,2307283.082395,207665.867970,1090450.843215,366.604035,98.161736,209.344927,30.049511,36.059413,85.140281,23.037958,49.080868,7.011553,8.013203,521.859842,140.231052,298.491810,43.070966,51.084169,3.000000,2.000000,3.000000,0.000000,1.000000,0.000000,1.000000,2.000000,0.000000,1.000000,0.000000,1.000000,3.000000,0.000000,1.000000,1553.000000,438.000000,932.000000,136.000000,161.000000,5.000000,
0.049362,0.989477,0.147747,0.176827,0.319798,0.001650,-207.570425,3.184902,1396043.395842,1161964.569254,2307283.082395,207665.867970,1090450.843215,366.604035,98.161736,209.344927,30.049511,36.059413,85.140281,23.037958,49.080868,7.011553,8.013203,521.859842,140.231052,298.491810,43.070966,51.084169,3.000000,2.000000,3.000000,0.000000,1.000000,0.000000,1.000000,2.000000,0.000000,1.000000,0.000000,1.000000,3.000000,0.000000,1.000000,1553.000000,438.000000,932.000000,136.000000,161.000000,5.000000,
0.049362,0.989477,0.147747,0.176827,0.319798,0.001650,-207.570425,3.184902,1396043.395842,1161964.569254,2307283.082395,207665.867970,1090450.843215,366.604035,98.161736,209.344927,30.049511,36.059413,85.140281,23.037958,49.080868,7.011553,8.013203,521.859842,140.231052,298.491810,43.070966,51.084169,3.000000,2.000000,3.000000,0.000000,1.000000,0.000000,1.000000,2.000000,0.000000,1.000000,0.000000,1.000000,3.000000,0.000000,1.000000,1553.000000,438.000000,932.000000,136.000000,161.000000,5.000000,
0.049343,0.999577,0.147099,0.166558,0.353891,0.001216,-205.163038,3.182254,1396043.818147,1161964.682651,2307283.323961,207665.902728,1090450.884490,366.445019,98.119158,209.254123,30.036477,36.043772,85.103351,23.027966,49.059579,7.008511,8.009727,521.633483,140.170226,298.362338,43.052284,51.062011,3.000000,2.000000,3.000000,0.000000,1.000000,0.000000,1.000000,2.000000,0.000000,1.000000,0.000000,1.000000,3.000000,0.000000,1.000000,1553.000000,438.000000,932.000000,136.000000,161.000000,5.000000,
0.049343,0.999577,0.147099,0.166558,0.353891,0.001216,-205.163038,3.182254,1396043.818147,1161964.682651,2307283.323961,207665.902728,1090450.884490,366.445019,98.119158,209.254123,30.036477,36.043772,85.103351,23.027966,49.059579,7.008511,8.009727,521.633483,140.170226,298.362338,43.052284,51.062011,3.000000,2.000000,3.000000,0.000000,1.000000,0.000000,1.000000,2.000000,0.000000,1.000000,0.000000,1.000000,3.000000,0.000000,1.000000,1553.000000,438.000000,932.000000,136.000000,161.000000,5.000000,
0.049343,0.999577,0.147099,0.166558,0.353891,0.001216,-205.163038,3.182254,1396043.818147,1161964.682651,2307283.323961,207665.902728,1090450.884490,366.445019,98.119158,209.254123,30.036477,36.043772,85.103351,23.027966,49.059579,7.008511,8.009727,521.633483,140.170226,298.362338,43.052284,51.062011,3.000000,2.000000,3.000000,0.000000,1.000000,0.000000,1.000000,2.000000,0.000000,1.000000,0.000000,1.000000,3.000000,0.000000,1.000000,1553.000000,438.000000,932.000000,136.000000,161.000000,5.000000,
0.049343,0.999577,0.147099,0.166558,0.353891,0.001216,-205.163038,3.182254,1396043.818147,1161964.682651,2307283.323961,207665.902728,1090450.884490,366.445019,98.119158,209.254123,30.036477,36.043772,85.103351,23.027966,49.059579,7.008511,8.009727,521.633483,140.170226,298.362338,43.052284,51.062011,3.000000,2.000000,3.000000,0.000000,1.000000,0.000000,1.000000,2.000000,0.000000,1.000000,0.000000,1.000000,3.000000,0.000000,1.000000,1553.000000,438.000000,932.000000,136.000000,161.000000,5.000000,
0.049343,0.999577,0.147099,0.166558,0.353891,0.001216,-205.163038,3.182254,1396043.818147,1161964.682651,2307283.323961,207665.902728,1090450.884490,366.445019,98.119158,209.254123,30.036477,36.043772,85.103351,23.027966,49.059579,7.008511,8.009727,521.633483,140.170226,298.362338,43.052284,51.062011,3.000000,2.000000,3.000000,0.000000,1.000000,0.000000,1.000000,2.000000,0.000000,1.000000,0.000000,1.000000,3.000000,0.000000,1.000000,1553.000000,438.000000,932.000000,136.000000,161.000000,5.000000,
0.049343,0.999577,0.147099,0.166558,0.353891,0.001216,-205.163038,3.182254,1396043.818147,1161964.682651,2307283.323961,207665.902728,1090450.884490,366.445019,98.119158,209.254123,30.036477,36.043772,85.103351,23.027966,49.059579,7.008511,8.009727,521.633483,140.170226,298.362338,43.052284,51.062011,3.000000,2.000000,3.000000,0.000000,1.000000,0.000000,1.000000,2.000000,0.000000,1.000000,0.000000,1.000000,3.000000,0.000000,1.000000,1553.000000,438.000000,932.000000,136.000000,161.000000,5.000000,
0.049343,0.999577,0.147099,0.166558,0.353891,0.001216,-205.163038,3.182254,1396043.818147,1161964.682651,2307283.323961,207665.902728,1090450.884490,366.445019,98.119158,209.254123,30.036477,36.043772,85.103351,23.027966,49.059579,7.008511,8.009727,521.633483,140.170226,298.362338,43.052284,51.062011,3.000000,2.000000,3.000000,0.000000,1.000000,0.000000,1.000000,2.000000,0.000000,1.000000,0.000000,1.000000,3.000000,0.000000,1.000000,1553.000000,438.000000,932.000000,136.000000,161.000000,5.000000,
0.049343,0.999577,0.147099,0.166558,0.353891,0.001216,-205.163038,3.182254,1396043.818147,1161964.682651,2307283.323961,207665.902728,1090450.884490,366.445019,98.119158,209.254123,30.036477,36.043772,85.103351,23.027966,49.059579,7.008511,8.009727,521.633483,140.170226,298.362338,43.052284,51.062011,3.000000,2.000000,3.000000,0.000000,1.000000,0.000000,1.000000,2.000000,0.000000,1.000000,0.000000,1.000000,3.000000,0.000000,1.000000,1553.000000,438.000000,932.000000,136.000000,161.000000,5.000000,
0.049343,0.999577,0.147099,0.166558,0.353891,0.001216,-205.163038,3.182254,1396043.818147,1161964.682651,2307283.323961,207665.902728,1090450.884490,366.445019,98.119158,209.254123,30.036477,36.043772,85.103351,23.027966,49.059579,7.008511,8.009727,521.633483,140.170226,298.362338,43.052284,51.062011,3.000000,2.000000,3.000000,0.000000,1.000000,0.000000,1.000000,2.000000,0.000000,1.000000,0.000000,1.000000,3.000000,0.000000,1.000000,1553.000000,438.000000,932.000000,136.000000,161.000000,5.000000,
0.049343,0.999577,0.147099,0.166558,0.353891,0.001216,-205.163038,3.182254,1396043.818147,1161964.682651,2307283.323961,207665.902728,1090450.884490,366.445019,98.119158,209.254123,30.036477,36.043772,85.103351,23.027966,49.059579,7.008511,8.009727,521.633483,140.170226,298.362338,43.052284,51.062011,3.000000,2.000000,3.000000,0.000000,1.000000,0.000000,1.000000,2.000000,0.000000,1.000000,0.000000,1.000000,3.000000,0.000000,1.000000,1553.000000,438.000000,932.000000,136.000000,161.000000,5.000000,
0.049343,0.999577,0.147099,0.166558,0.353891,0.001216,-205.163038,3.182254,1396043.818147,1161964.682651,2307283.323961,207665.902728,1090450.884490,366.445019,98.119158,209.254123,30.036477,36.043772,85.103351,23.027966,49.059579,7.008511,8.009727,521.633483,140.170226,298.362338,43.052284,51.062011,3.000000,2.000000,3.000000,0.000000,1.000000,0.000000,1.000000,2.000000,0.000000,1.000000,0.000000,1.000000,3.000000,0.000000,1.000000,1553.000000,438.000000,932.000000,136.000000,161.000000,5.000000,
0.049343,0.999577,0.147099,0.166558,0.353891,0.001216,-205.163038,3.182254,1396043.818147,1161964.682651,2307283.323961,207665.902728,1090450.884490,366.445019,98.119158,209.254123,30.036477,36.043772,85.103351,23.027966,49.059579,7.008511,8.009727,521.633483,140.170226,298.362338,43.052284,51.062011,3.000000,2.000000,3.000000,0.000000,1.000000,0.000000,1.000000,2.000000,0.000000,1.000000,0.000000,1.000000,3.000000,0.000000,1.000000,1553.000000,438.000000,932.000000,136.000000,161.000000,5.000000,
0.049343,0.999577,0.147099,0.166558,0.353891,0.001216,-205.163038,3.182254,1396043.818147,1161964.682651,2307283.323961,207665.902728,1090450.884490,366.445019,98.119158,209.254123,30.036477,36.043772,85.103351,23.027966,49.059579,7.008511,8.009727,521.633483,140.170226,298.362338,43.052284,51.062011,3.000000,2.000000,3.000000,0.000000,1.000000,0.000000,1.000000,2.000000,0.000000,1.000000,0.000000,1.000000,3.000000,0.000000,1.000000,1553.000000,438.000000,932.000000,136.000000,161.000000,5.000000,
0.049343,0.999577,0.147099,0.166558,0.353891,0.001216,-205.163038,3.182254,1396043.818147,1161964.682651,2307283.323961,207665.902728,1090450.884490,366.445019,98.119158,209.254123,30.036477,36.043772,85.103351,23.027966,49.059579,7.008511,8.009727,521.633483,140.170226,298.362338,43.052284,51.062011,3.000000,2.000000,3.000000,0.000000,1.000000,0.000000,1.000000,2.000000,0.000000,1.000000,0.000000,1.000000,3.000000,0.000000,1.000000,1553.000000,438.000000,932.000000,136.000000,161.000000,5.000000,
0.049343,0.999577,0.147099,0.166558,0.353891,0.001216,-205.163038,3.182254,1396043.818147,1161964.682651,2307283.323961,207665.902728,1090450.884490,366.445019,98.119158,209.254123,30.036477,36.043772,85.103351,23.027966,49.059579,7.008511,8.009727,521.633483,140.170226,298.362338,43.052284,51.062011,3.000000,2.000000,3.000000,0.000000,1.000000,0.000000,1.000000,2.000000,0.000000,1.000000,0.000000,1.000000,3.000000,0.000000,1.000000,1553.000000,438.000000,932.000000,136.000000,161.000000,5.000000,
0.049343,0.999577,0.147099,0.166558,0.353891,0.001216,-205.163038,3.182254,1396043.818147,1161964.682651,2307283.323961,207665.902728,1090450.884490,366.445019,98.119158,209.254123,30.036477,36.043772,85.103351,23.027966,49.059579,7.008511,8.009727,521.633483,140.170226,298.362338,43.052284,51.062011,3.000000,2.000000,3.000000,0.000000,1.000000,0.000000,1.000000,2.000000,0.000000,1.000000,0.000000,1.000000,3.000000,0.000000,1.000000,1553.000000,438.000000,932.000000,136.000000,161.000000,5.000000,
0.049343,0.999577,0.147099,0.166558,0.353891,0.001216,-205.163038,3.182254,1396043.818147,1161964.682651,2307283.323961,207665.902728,1090450.884490,366.445019,98.119158,209.254123,30.036477,36.043772,85.103351,23.027966,49.059579,7.008511,8.009727,521.633483,140.170226,298.362338,43.052284,51.062011,3.000000,2.000000,3.000000,0.000000,1.000000,0.000000,1.000000,2.000000,0.000000,1.000000,0.000000,1.000000,3.000000,0.000000,1.000000,1553.000000,438.000000,932.000000,136.000000,161.000000,5.000000,
0.049343,0.999577,0.147099,0.166558,0.353891,0.001216,-205.163038,3.182254,1396043.818147,1161964.682651,2307283.323961,207665.902728,1090450.884490,366.445019,98.119158,209.254123,30.036477,36.043772,85.103351,23.027966,49.059579,7.008511,8.009727,521.633483,140.170226,298.362338,43.052284,51.062011,3.000000,2.000000,3.000000,0.000000,1.000000,0.000000,1.000000,2.000000,0.000000,1.000000,0.000000,1.000000,3.000000,0.000000,1.000000,1553.000000,438.000000,932.000000,136.000000,161.000000,5.000000,
0.049343,0.999577,0.147099,0.166558,0.353891,0.001216,-205.163038,3.182254,1396043.818147,1161964.682651,2307283.323961,207665.902728,1090450.884490,366.445019,98.119158,209.254123,30.036477,36.043772,85.103351,23.027966,49.059579,7.008511,8.009727,521.633483,140.170226,298.362338,43.052284,51.062011,3.000000,2.000000,3.000000,0.000000,1.000000,0.000000,1.000000,2.000000,0.000000,1.000000,0.000000,1.000000,3.000000,0.000000,1.000000,1553.000000,438.000000,932.000000,136.000000,161.000000,5.000000,
0.049343,0.999577,0.147099,0.166558,0.353891,0.001216,-205.163038,3.182254,1396043.818147,1161964.682651,2307283.323961,207665.902728,1090450.884490,366.445019,98.119158,209.254123,30.036477,36.043772,85.103351,23.027966,49.059579,7.008511,8.009727,521.633483,140.170226,298.362338,43.052284,51.062011,3.000000,2.000000,3.000000,0.000000,1.000000,0.000000,1.000000,2.000000,0.000000,1.000000,0.000000,1.000000,3.000000,0.000000,1.000000,1553.000000,438.000000,932.000000,136.000000,161.000000,5.000000,
0.049343,0.999577,0.147099,0.166558,0.353891,0.001216,-205.163038,3.182254,1396043.818147,1161964.682651,2307283.323961,207665.902728,1090450.884490,366.445019,98.119158,209.254123,30.036477,36.043772,85.103351,23.027966,49.059579,7.008511,8.009727,521.633483,140.170226,298.362338,43.052284,51.062011,3.000000,2.000000,3.000000,0.000000,1.000000,0.000000,1.000000,2.000000,0.000000,1.000000,0.000000,1.000000,3.000000,0.000000,1.000000,1553.000000,438.000000,932.000000,136.000000,161.000000,5.000000,
0.049343,0.999577,0.147099,0.166558,0.353891,0.001216,-205.163038,3.182254,1396043.818147,1161964.682651,2307283.323961,207665.902728,1090450.884490,366.445019,98.119158,209.254123,30.036477,36.043772,85.103351,23.027966,49.059579,7.008511,8.009727,521.633483,140.170226,298.362338,43.052284,51.062011,3.000000,2.000000,3.000000,0.000000,1.000000,0.000000,1.000000,2.000000,0.000000,1.000000,0.000000,1.000000,3.000000,0.000000,1.000000,1553.000000,438.000000,932.000000,136.000000,161.000000,5.000000,
0.049343,0.999577,0.147099,0.166558,0.353891,0.001216,-205.163038,3.182254,1396043.818147,1161964.682651,2307283.323961,207665.902728,1090450.884490,366.445019,98.119158,209.254123,30.036477,36.043772,85.103351,23.027966,49.059579,7.008511,8.009727,521.633483,140.170226,298.362338,43.052284,51.062011,3.000000,2.000000,3.000000,0.000000,1.000000,0.000000,1.000000,2.000000,0.000000,1.000000,0.000000,1.000000,3.000000,0.000000,1.000000,1553.000000,438.000000,932.000000,136.000000,161.000000,5.000000,
0.049343,0.999577,0.147099,0.166558,0.353891,0.001216,-205.163038,3.182254,1396043.818147,1161964.682651,2307283.323961,207665.902728,1090450.884490,366.445019,98.119158,209.254123,30.036477,36.043772,85.103351,23.027966,49.059579,7.008511,8.009727,521.633483,140.170226,298.362338,43.052284,51.062011,3.000000,2.000000,3.000000,0.000000,1.000000,0.000000,1.000000,2.000000,0.000000,1.000000,0.000000,1.000000,3.000000,0.000000,1.000000,1553.000000,438.000000,932.000000,136.000000,161.000000,5.000000,
0.049343,0.999577,0.147099,0.166558,0.353891,0.001216,-205.163038,3.182254,1396043.818147,1161964.682651,2307283.323961,207665.902728,1090450.884490,366.445019,98.119158,209.254123,30.036477,36.043772,85.103351,23.027966,49.059579,7.008511,8.009727,521.633483,140.170226,298.362338,43.052284,51.062011,3.000000,2.000000,3.000000,0.000000,1.000000,0.000000,1.000000,2.000000,0.000000,1.000000,0.000000,1.000000,3.000000,0.000000,1.000000,1553.000000,438.000000,932.000000,136.000000,161.000000,5.000000,
0.049343,0.999577,0.147099,0.166558,0.353891,0.001216,-205.163038,3.182254,1396043.818147,1161964.682651,2307283.323961,207665.902728,1090450.884490,366.445019,98.119158,209.254123,30.036477,36.043772,85.103351,23.027966,49.059579,7.008511,8.009727,521.633483,140.170226,298.362338,43.052284,51.062011,3.000000,2.000000,3.000000,0.000000,1.000000,0.000000,1.000000,2.000000,0.000000,1.000000,0.000000,1.000000,3.000000,0.000000,1.000000,1553.000000,438.000000,932.000000,136.000000,161.000000,5.000000,
0.049343,0.999577,0.147099,0.166558,0.353891,0.001216,-205.163038,3.182254,1396043.818147,1161964.682651,2307283.323961,207665.902728,1090450.884490,366.445019,98.119158,209.254123,30.036477,36.043772,85.103351,23.027966,49.059579,7.008511,8.009727,521.633483,140.170226,298.362338,43.052284,51.062011,3.000000,2.000000,3.000000,0.000000,1.000000,0.000000,1.000000,2.000000,0.000000,1.000000,0.000000,1.000000,3.000000,0.000000,1.000000,1553.000000,438.000000,932.000000,136.000000,161.000000,5.000000,
0.049343,0.999577,0.147099,0.166558,0.353891,0.001216,-205.163038,3.182254,1396043.818147,1161964.682651,2307283.323961,207665.902728,1090450.884490,366.445019,98.119158,209.254123,30.036477,36.043772,85.103351,23.027966,49.059579,7.008511,8.009727,521.633483,140.170226,298.362338,43.052284,51.062011,3.000000,2.000000,3.000000,0.000000,1.000000,0.000000,1.000000,2.000000,0.000000,1.000000,0.000000,1.000000,3.000000,0.000000,1.000000,1553.000000,438.000000,932.000000,136.000000,161.000000,5.000000,
0.049343,0.999577,0.147099,0.166558,0.353891,0.001216,-205.163038,3.182254,1396043.818147,1161964.682651,2307283.323961,207665.902728,1090450.884490,366.445019,98.119158,209.254123,30.036477,36.043772,85.103351,23.027966,49.059579,7.008511,8.009727,521.633483,140.170226,298.362338,43.052284,51.062011,3.000000,2.000000,3.000000,0.000000,1.000000,0.000000,1.000000,2.000000,0.000000,1.000000,0.000000,1.000000,3.000000,0.000000,1.000000,1553.000000,438.000000,932.000000,136.000000,161.000000,5.000000,
0.049343,0.999577,0.147099,0.166558,0.353891,0.001216,-205.163038,3.182254,1396043.818147,1161964.682651,2307283.323961,207665.902728,1090450.884490,366.445019,98.119158,209.254123,30.036477,36.043772,85.103351,23.027966,49.059579,7.008511,8.009727,521.633483,140.170226,298.362338,43.052284,51.062011,3.000000,2.000000,3.000000,0.000000,1.000000,0.000000,1.000000,2.000000,0.000000,1.000000,0.000000,1.000000,3.000000,0.000000,1.000000,1553.000000,438.000000,932.000000,136.000000,161.000000,5.000000,
0.049343,0.999577,0.147099,0.166558,0.353891,0.001216,-205.163038,3.182254,1396043.818147,1161964.682651,2307283.323961,207665.902728,1090450.884490,366.445019,98.119158,209.254123,30.036477,36.043772,85.103351,23.027966,49.059579,7.008511,8.009727,521.633483,140.170226,298.362338,43.052284,51.062011,3.000000,2.000000,3.000000,0.000000,1.000000,0.000000,1.000000,2.000000,0.000000,1.000000,0.000000,1.000000,3.000000,0.000000,1.000000,1553.000000,438.000000,932.000000,136.000000,161.000000,5.000000,
0.049343,0.999577,0.147099,0.166558,0.353891,0.001216,-205.163038,3.182254,1396043.818147,1161964.682651,2307283.323961,207665.902728,1090450.884490,366.445019,98.119158,209.254123,30.036477,36.043772,85.103351,23.027966,49.059579,7.008511,8.009727,521.633483,140.170226,298.362338,43.052284,51.062011,3.000000,2.000000,3.000000,0.000000,1.000000,0.000000,1.000000,2.000000,0.000000,1.000000,0.000000,1.000000,3.000000,0.000000,1.000000,1553.000000,438.000000,932.000000,136.000000,161.000000,5.000000,
0.049343,0.999577,0.147099,0.166558,0.353891,0.001216,-205.163038,3.182254,1396043.818147,1161964.682651,2307283.323961,207665.902728,1090450.884490,366.445019,98.119158,209.254123,30.036477,36.043772,85.103351,23.027966,49.059579,7.008511,8.009727,521.633483,140.170226,298.362338,43.052284,51.062011,3.000000,2.000000,3.000000,0.000000,1.000000,0.000000,1.000000,2.000000,0.000000,1.000000,0.000000,1.000000,3.000000,0.000000,1.000000,1553.000000,438.000000,932.000000,136.000000,161.000000,5.000000,
0.049343,0.993538,0.145530,0.170416,0.352853,0.002295,-206.746097,3.178756,1396042.768980,1161964.400930,2307282.723820,207665.816377,1090450.781948,366.840076,98.224938,209.479715,30.068859,36.082630,85.195100,23.052792,49.112469,7.016067,8.018362,522.195845,140.321340,298.683996,43.098697,51.117060,3.000000,2.000000,3.000000,0.000000,1.000000,0.000000,1.000000,2.000000,0.000000,1.000000,0.000000,1.000000,3.000000,0.000000,1.000000,1553.000000,438.000000,932.000000,136.000000,161.000000,5.000000,
0.049343,0.993538,0.145530,0.170416,0.352853,0.002295,-206.746097,3.178756,1396042.768980,1161964.400930,2307282.723820,207665.816377,1090450.781948,366.840076,98.224938,209.479715,30.068859,36.082630,85.195100,23.052792,49.112469,7.016067,8.018362,522.195845,140.321340,298.683996,43.098697,51.117060,3.000000,2.000000,3.000000,0.000000,1.000000,0.000000,1.000000,2.000000,0.000000,1.000000,0.000000,1.000000,3.000000,0.000000,1.000000,1553.000000,438.000000,932.000000,136.000000,161.000000,5.000000,
0.049343,0.993538,0.145530,0.170416,0.352853,0.002295,-206.746097,3.178756,1396042.768980,1161964.400930,2307282.723820,207665.816377,1090450.781948,366.840076,98.224938,209.479715,30.068859,36.082630,85.195100,23.052792,49.112469,7.016067,8.018362,522.195845,140.321340,298.683996,43.098697,51.117060,3.000000,2.000000,3.000000,0.000000,1.000000,0.000000,1.000000,2.000000,0.000000,1.000000,0.000000,1.000000,3.000000,0.000000,1.000000,1553.000000,438.000000,932.000000,136.000000,161.000000,5.000000,
0.049343,0.993538,0.145530,0.170416,0.352853,0.002295,-206.746097,3.178756,1396042.768980,1161964.400930,2307282.723820,207665.816377,1090450.781948,366.840076,98.224938,209.479715,30.068859,36.082630,85.195100,23.052792,49.112469,7.016067,8.018362,522.195845,140.321340,298.683996,43.098697,51.117060,3.000000,2.000000,3.000000,0.000000,1.000000,0.000000,1.000000,2.000000,0.000000,1.000000,0.000000,1.000000,3.000000,0.000000,1.000000,1553.000000,438.000000,932.000000,136.000000,161.000000,5.000000,
0.049343,0.993538,0.145530,0.170416,0.352853,0.002295,-206.746097,3.178756,1396042.768980,1161964.400930,2307282.723820,207665.816377,1090450.781948,366.840076,98.224938,209.479715,30.068859,36.082630,85.195100,23.052792,49.112469,7.016067,8.018362,522.195845,140.321340,298.683996,43.098697,51.117060,3.000000,2.000000,3.000000,0.000000,1.000000,0.000000,1.000000,2.000000,0.000000,1.000000,0.000000,1.000000,3.000000,0.000000,1.000000,1553.000000,438.000000,932.000000,136.000000,161.000000,5.000000,
0.049343,0.993538,0.145530,0.170416,0.352853,0.002295,-206.746097,3.178756,1396042.768980,1161964.400930,2307282.723820,207665.816377,1090450.781948,366.840076,98.224938,209.479715,30.068859,36.082630,85.195100,23.052792,49.112469,7.016067,8.018362,522.195845,140.321340,298.683996,43.098697,51.117060,3.000000,2.000000,3.000000,0.000000,1.000000,0.000000,1.000000,2.000000,0.000000,1.000000,0.000000,1.000000,3.000000,0.000000,1.000000,1553.000000,438.000000,932.000000,136.000000,161.000000,5.000000,
0.049326,0.996787,0.148584,0.160337,0.361042,0.001781,-206.044082,3.184503,1396043.269134,1161964.535230,2307283.009916,207665.857542,1090450.830831,366.651746,98.174511,209.372172,30.053422,36.064106,85.151362,23.040957,49.087256,7.012465,8.014246,521.927759,140.249302,298.530657,43.076571,51.090817,3.000000,2.000000,3.000000,0.000000,1.000000,0.000000,1.000000,2.000000,0.000000,1.000000,0.000000,1.000000,3.000000,0.000000,1.000000,1553.000000,438.000000,932.000000,136.000000,161.000000,5.000000,
0.049326,0.996787,0.148584,0.160337,0.361042,0.001781,-206.044082,3.184503,1396043.269134,1161964.535230,2307283.009916,207665.857542,1090450.830831,366.651746,98.174511,209.372172,30.053422,36.064106,85.151362,23.040957,49.087256,7.012465,8.014246,521.927759,140.249302,298.530657,43.076571,51.090817,3.000000,2.000000,3.000000,0.000000,1.000000,0.000000,1.000000,2.000000,0.000000,1.000000,0.000000,1.000000,3.000000,0.000000,1.000000,1553.000000,438.000000,932.000000,136.000000,161.000000,5.000000,
0.049326,0.996787,0.148584,0.160337,0.361042,0.001781,-206.044082,3.184503,1396043.269134,1161964.535230,2307283.009916,207665.857542,1090450.830831,366.651746,98.174511,209.372172,30.053422,36.064106,85.151362,23.040957,49.087256,7.012465,8.014246,521.927759,140.249302,298.530657,43.076571,51.090817,3.000000,2.000000,3.000000,0.000000,1.000000,0.000000,1.000000,2.000000,0.000000,1.000000,0.000000,1.000000,3.000000,0.000000,1.000000,1553.000000,438.000000,932.000000,136.000000,161.000000,5.000000,
0.049326,0.996787,0.148584,0.160337,0.361042,0.001781,-206.044082,3.184503,1396043.269134,1161964.535230,2307283.009916,207665.857542,1090450.830831,366.651746,98.174511,209.372172,30.053422,36.064106,85.151362,23.040957,49.087256,7.012465,8.014246,521.927759,140.249302,298.530657,43.076571,51.090817,3.000000,2.000000,3.000000,0.000000,1.000000,0.000000,1.000000,2.000000,0.000000,1.000000,0.000000,1.000000,3.000000,0.000000,1.000000,1553.000000,438.000000,932.000000,136.000000,161.000000,5.000000,
0.049326,0.996787,0.148584,0.160337,0.361042,0.001781,-206.044082,3.184503,1396043.269134,1161964.535230,2307283.009916,207665.857542,1090450.830831,366.651746,98.174511,209.372172,30.053422,36.064106,85.151362,23.040957,49.087256,7.012465,8.014246,521.927759,140.249302,298.530657,43.076571,51.090817,3.000000,2.000000,3.000000,0.000000,1.000000,0.000000,1.000000,2.000000,0.000000,1.000000,0.000000,1.000000,3.000000,0.000000,1.000000,1553.000000,438.000000,932.000000,136.000000,161.000000,5.000000,
0.049326,0.996787,0.148584,0.160337,0.361042,0.001781,-206.044082,3.184503,1396043.269134,1161964.535230,2307283.009916,207665.857542,1090450.830831,366.651746,98.174511,209.372172,30.053422,36.064106,85.151362,23.040957,49.087256,7.012465,8.014246,521.927759,140.249302,298.530657,43.076571,51.090817,3.000000,2.000000,3.000000,0.000000,1.000000,0.000000,1.000000,2.000000,0.000000,1.000000,0.000000,1.000000,3.000000,0.000000,1.000000,1553.000000,438.000000,932.000000,136.000000,161.000000,5.000000,
0.049326,0.996787,0.148584,0.160337,0.361042,0.001781,-206.044082,3.184503,1396043.269134,1161964.535230,2307283.009916,207665.857542,1090450.830831,366.651746,98.174511,209.372172,30.053422,36.064106,85.151362,23.040957,49.087256,7.012465,8.014246,521.927759,140.249302,298.530657,43.076571,51.090817,3.000000,2.000000,3.000000,0.000000,1.000000,0.000000,1.000000,2.000000,0.000000,1.000000,0.000000,1.000000,3.000000,0.000000,1.000000,1553.000000,438.000000,932.000000,136.000000,161.000000,5.000000,
0.049326,0.996787,0.148584,0.160337,0.361042,0.001781,-206.044082,3.184503,1396043.269134,1161964.535230,2307283.009916,207665.857542,1090450.830831,366.651746,98.174511,209.372172,30.053422,36.064106,85.151362,23.040957,49.087256,7.012465,8.014246,521.927759,140.249302,298.530657,43.076571,51.090817,3.000000,2.000000,3.000000,0.000000,1.000000,0.000000,1.000000,2.000000,0.000000,1.000000,0.000000,1.000000,3.000000,0.000000,1.000000,1553.000000,438.000000,932.000000,136.000000,161.000000,5.000000,
0.049326,0.996787,0.148584,0.160337,0.361042,0.001781,-206.044082,3.184503,1396043.269134,1161964.535230,2307283.009916,207665.857542,1090450.830831,366.651746,98.174511,209.372172,30.053422,36.064106,85.151362,23.040957,49.087256,7.012465,8.014246,521.927759,140.249302,298.530657,43.076571,51.090817,3.000000,2.000000,3.000000,0.000000,1.000000,0.000000,1.000000,2.000000,0.000000,1.000000,0.000000,1.000000,3.000000,0.000000,1.000000,1553.000000,438.000000,932.000000,136.000000,161.000000,5.000000,
0.049326,0.996787,0.148584,0.160337,0.361042,0.001781,-206.044082,3.184503,1396043.269134,1161964.535230,2307283.009916,207665.857542,1090450.830831,366.651746,98.174511,209.372172,30.053422,36.064106,85.151362,23.040957,49.087256,7.012465,8.014246,521.927759,140.249302,298.530657,43.076571,51.090817,3.000000,2.000000,3.000000,0.000000,1.000000,0.000000,1.000000,2.000000,0.000000,1.000000,0.000000,1.000000,3.000000,0.000000,1.000000,1553.000000,438.000000,932.000000,136.000000,161.000000,5.000000,
0.049363,0.989368,0.147503,0.153346,0.373929,0.002520,-207.467586,3.184440,1396042.550861,1161964.342361,2307282.599052,207665.798425,1090450.760629,366.922207,98.246930,209.526615,30.075591,36.090709,85.214174,23.057953,49.123465,7.017638,8.020158,522.312758,140.352757,298.750868,43.108347,51.128504,3.000000,2.000000,3.000000,0.000000,1.000000,0.000000,1.000000,2.000000,0.000000,1.000000,0.000000,1.000000,3.000000,0.000000,1.000000,1553.000000,438.000000,932.000000,136.000000,161.000000,5.000000,
0.049363,0.989368,0.147503,0.153346,0.373929,0.002520,-207.467586,3.184440,1396042.550861,1161964.342361,2307282.599052,207665.798425,1090450.760629,366.922207,98.246930,209.526615,30.075591,36.090709,85.214174,23.057953,49.123465,7.017638,8.020158,522.312758,140.352757,298.750868,43.108347,51.128504,3.000000,2.000000,3.000000,0.000000,1.000000,0.000000,1.000000,2.000000,0.000000,1.000000,0.000000,1.000000,3.000000,0.000000,1.000000,1553.000000,438.000000,932.000000,136.000000,161.000000,5.000000,
0.049363,0.989368,0.147503,0.153346,0.373929,0.002520,-207.467586,3.184440,1396042.550861,1161964.342361,2307282.599052,207665.798425,1090450.760629,366.922207,98.246930,209.526615,30.075591,36.090709,85.214174,23.057953,49.123465,7.017638,8.020158,522.312758,140.352757,298.750868,43.108347,51.128504,3.000000,2.000000,3.000000,0.000000,1.000000,0.000000,1.000000,2.000000,0.000000,1.000000,0.000000,1.000000,3.000000,0.000000,1.000000,1553.000000,438.000000,932.000000,136.000000,161.000000,5.000000,
0.049363,0.989368,0.147503,0.153346,0.373929,0.002520,-207.467586,3.184440,1396042.550861,1161964.342361,2307282.599052,207665.798425,1090450.760629,366.922207,98.246930,209.526615,30.075591,36.090709,85.214174,23.057953,49.123465,7.017638,8.020158,522.312758,140.352757,298.750868,43.108347,51.128504,3.000000,2.000000,3.000000,0.000000,1.000000,0.000000,1.000000,2.000000,0.000000,1.000000,0.000000,1.000000,3.000000,0.000000,1.000000,1553.000000,438.000000,932.000000,136.000000,161.000000,5.000000,
0.049363,0.989368,0.147503,0.153346,0.373929,0.002520,-207.467586,3.184440,1396042.550861,1161964.342361,2307282.599052,207665.798425,1090450.760629,366.922207,98.246930,209.526615,30.075591,36.090709,85.214174,23.057953,49.123465,7.017638,8.020158,522.312758,140.352757,298.750868,43.108347,51.128504,3.000000,2.000000,3.000000,0.000000,1.000000,0.000000,1.000000,2.000000,0.000000,1.000000,0.000000,1.000000,3.000000,0.000000,1.000000,1553.000000,438.000000,932.000000,136.000000,161.000000,5.000000,
0.049363,0.989368,0.147503,0.153346,0.373929,0.002520,-207.467586,3.184440,1396042.550861,1161964.342361,2307282.599052,207665.798425,1090450.760629,366.922207,98.246930,209.526615,30.075591,36.090709,85.214174,23.057953,49.123465,7.017638,8.020158,522.312758,140.352757,298.750868,43.108347,51.128504,3.000000,2.000000,3.000000,0.000000,1.000000,0.000000,1.000000,2.000000,0.000000,1.000000,0.000000,1.000000,3.000000,0.000000,1.000000,1553.000000,438.000000,932.000000,136.000000,161.000000,5.000000,
0.049363,0.989368,0.147503,0.153346,0.373929,0.002520,-207.467586,3.184440,1396042.550861,1161964.342361,2307282.599052,207665.798425,1090450.760629,366.922207,98.246930,209.526615,30.075591,36.090709,85.214174,23.057953,49.123465,7.017638,8.020158,522.312758,140.352757,298.750868,43.108347,51.128504,3.000000,2.000000,3.000000,0.000000,1.000000,0.000000,1.000000,2.000000,0.000000,1.000000,0.000000,1.000000,3.000000,0.000000,1.000000,1553.000000,438.000000,932.000000,136.000000,161.000000,5.000000,
0.049363,0.989368,0.147503,0.153346,0.373929,0.002520,-207.467586,3.184440,1396042.550861,1161964.342361,2307282.599052,207665.798425,1090450.760629,366.922207,98.246930,209.526615,30.075591,36.090709,85.214174,23.057953,49.123465,7.017638,8.020158,522.312758,140.352757,298.750868,43.108347,51.128504,3.000000,2.000000,3.000000,0.000000,1.000000,0.000000,1.000000,2.000000,0.000000,1.000000,0.000000,1.000000,3.000000,0.000000,1.000000,1553.000000,438.000000,932.000000,136.000000,161.000000,5.000000,
0.049363,0.989368,0.147503,0.153346,0.373929,0.002520,-207.467586,3.184440,1396042.550861,1161964.342361,2307282.599052,207665.798425,1090450.760629,366.922207,98.246930,209.526615,30.075591,36.090709,85.214174,23.057953,49.123465,7.017638,8.020158,522.312758,140.352757,298.750868,43.108347,51.128504,3.000000,2.000000,3.000000,0.000000,1.000000,0.000000,1.000000,2.000000,0.000000,1.000000,0.000000,1.000000,3.000000,0.000000,1.000000,1553.000000,438.000000,932.000000,136.000000,161.000000,5.000000,
0.049363,0.989368,0.147503,0.153346,0.373929,0.002520,-207.467586,3.184440,1396042.550861,1161964.342361,2307282.599052,207665.798425,1090450.760629,366.922207,98.246930,209.526615,30.075591,36.090709,85.214174,23.057953,49.123465,7.017638,8.020158,522.312758,140.352757,298.750868,43.108347,51.128504,3.000000,2.000000,3.000000,0.000000,1.000000,0.000000,1.000000,2.000000,0.000000,1.000000,0.000000,1.000000,3.000000,0.000000,1.000000,1553.000000,438.000000,932.000000,136.000000,161.000000,5.000000,
0.049363,0.989368,0.147503,0.153346,0.373929,0.002520,-207.467586,3.184440,1396042.550861,1161964.342361,2307282.599052,207665.798425,1090450.760629,366.922207,98.246930,209.526615,30.075591,36.090709,85.214174,23.057953,49.123465,7.017638,8.020158,522.312758,140.352757,298.750868,43.108347,51.128504,3.000000,2.000000,3.000000,0.000000,1.000000,0.000000,1.000000,2.000000,0.000000,1.000000,0.000000,1.000000,3.000000,0.000000,1.000000,1553.000000,438.000000,932.000000,136.000000,161.000000,5.000000,
0.049363,0.989368,0.147503,0.153346,0.373929,0.002520,-207.467586,3.184440,1396042.550861,1161964.342361,2307282.599052,207665.798425,1090450.760629,366.922207,98.246930,209.526615,30.075591,36.090709,85.214174,23.057953,49.123465,7.017638,8.020158,522.312758,140.352757,298.750868,43.108347,51.128504,3.000000,2.000000,3.000000,0.000000,1.000000,0.000000,1.000000,2.000000,0.000000,1.000000,0.000000,1.000000,3.000000,0.000000,1.000000,1553.000000,438.000000,932.000000,136.000000,161.000000,5.000000,
0.049363,0.989368,0.147503,0.153346,0.373929,0.002520,-207.467586,3.184440,1396042.550861,1161964.342361,2307282.599052,207665.798425,1090450.760629,366.922207,98.246930,209.526615,30.075591,36.090709,85.214174,23.057953,49.123465,7.017638,8.020158,522.312758,140.352757,298.750868,43.108347,51.128504,3.000000,2.000000,3.000000,0.000000,1.000000,0.000000,1.000000,2.000000,0.000000,1.000000,0.000000,1.000000,3.000000,0.000000,1.000000,1553.000000,438.000000,932.000000,136.000000,161.000000,5.000000,
0.049363,0.989368,0.147503,0.153346,0.373929,0.002520,-207.467586,3.184440,1396042.550861,1161964.342361,2307282.599052,207665.798425,1090450.760629,366.922207,98.246930,209.526615,30.075591,36.090709,85.214174,23.057953,49.123465,7.017638,8.020158,522.312758,140.352757,298.750868,43.108347,51.128504,3.000000,2.000000,3.000000,0.000000,1.000000,0.000000,1.000000,2.000000,0.000000,1.000000,0.000000,1.000000,3.000000,0.000000,1.000000,1553.000000,438.000000,932.000000,136.000000,161.000000,5.000000,
0.049363,0.989368,0.147503,0.153346,0.373929,0.002520,-207.467586,3.184440,1396042.550861,1161964.342361,2307282.599052,207665.798425,1090450.760629,366.922207,98.246930,209.526615,30.075591,36.090709,85.214174,23.057953,49.123465,7.017638,8.020158,522.312758,140.352757,298.750868,43.108347,51.128504,3.000000,2.000000,3.000000,0.000000,1.000000,0.000000,1.000000,2.000000,0.000000,1.000000,0.000000,1.000000,3.000000,0.000000,1.000000,1553.000000,438.000000,932.000000,136.000000,161.000000,5.000000,
0.049321,0.993806,0.148976,0.140822,0.401773,0.002386,-206.982871,3.185015,1396042.680500,1161964.377171,2307282.673208,207665.809095,1090450.773300,366.873392,98.233859,209.498740,30.071589,36.085907,85.202837,23.054885,49.116930,7.016704,8.019091,522.243271,140.334084,298.711122,43.102612,51.121702,3.000000,2.000000,3.000000,0.000000,1.000000,0.000000,1.000000,2.000000,0.000000,1.000000,0.000000,1.000000,3.000000,0.000000,1.000000,1553.000000,438.000000,932.000000,136.000000,161.000000,5.000000,
0.049321,0.993806,0.148976,0.140822,0.401773,0.002386,-206.982871,3.185015,1396042.680500,1161964.377171,2307282.673208,207665.809095,1090450.773300,366.873392,98.233859,209.498740,30.071589,36.085907,85.202837,23.054885,49.116930,7.016704,8.019091,522.243271,140.334084,298.711122,43.102612,51.121702,3.000000,2.000000,3.000000,0.000000,1.000000,0.000000,1.000000,2.000000,0.000000,1.000000,0.000000,1.000000,3.000000,0.000000,1.000000,1553.000000,438.000000,932.000000,136.000000,161.000000,5.000000,
0.049321,0.993806,0.148976,0.140822,0.401773,0.002386,-206.982871,3.185015,1396042.680500,1161964.377171,2307282.673208,207665.809095,1090450.773300,366.873392,98.233859,209.498740,30.071589,36.085907,85.202837,23.054885,49.116930,7.016704,8.019091,522.243271,140.334084,298.711122,43.102612,51.121702,3.000000,2.000000,3.000000,0.000000,1.000000,0.000000,1.000000,2.000000,0.000000,1.000000,0.000000,1.000000,3.000000,0.000000,1.000000,1553.000000,438.000000,932.000000,136.000000,161.000000,5.000000,
0.049321,0.993806,0.148976,0.140822,0.401773,0.002386,-206.982871,3.185015,1396042.680500,1161964.377171,2307282.673208,207665.809095,1090450.773300,366.873392,98.233859,209.498740,30.071589,36.085907,85.202837,23.054885,49.116930,7.016704,8.019091,522.243271,140.334084,298.711122,43.102612,51.121702,3.000000,2.000000,3.000000,0.000000,1.000000,0.000000,1.000000,2.000000,0.000000,1.000000,0.000000,1.000000,3.000000,0.000000,1.000000,1553.000000,438.000000,932.000000,136.000000,161.000000,5.000000,
0.049321,0.993806,0.148976,0.140822,0.401773,0.002386,-206.982871,3.185015,1396042.680500,1161964.377171,2307282.673208,207665.809095,1090450.773300,366.873392,98.233859,209.498740,30.071589,36.085907,85.202837,23.054885,49.116930,7.016704,8.019091,522.243271,140.334084,298.711122,43.102612,51.121702,3.000000,2.000000,3.000000,0.000000,1.000000,0.000000,1.000000,2.000000,0.000000,1.000000,0.000000,1.000000,3.000000,0.000000,1.000000,1553.000000,438.000000,932.000000,136.000000,161.000000,5.000000,
0.049321,0.993806,0.148976,0.140822,0.401773,0.002386,-206.982871,3.185015,1396042.680500,1161964.377171,2307282.673208,207665.809095,1090450.773300,366.873392,98.233859,209.498740,30.071589,36.085907,85.202837,23.054885,49.116930,7.016704,8.019091,522.243271,140.334084,298.711122,43.102612,51.121702,3.000000,2.000000,3.000000,0.000000,1.000000,0.000000,1.000000,2.000000,0.000000,1.000000,0.000000,1.000000,3.000000,0.000000,1.000000,1553.000000,438.000000,932.000000,136.000000,161.000000,5.000000,
0.049354,0.990503,0.147582,0.136415,0.415677,0.002922,-207.468400,3.184020,1396042.159433,1161964.237255,2307282.375149,207665.766208,1090450.722373,367.069596,98.286395,209.610780,30.087672,36.105206,85.248404,23.067215,49.143197,7.020457,8.023379,522.522567,140.409135,298.870873,43.125663,51.149042,3.000000,2.000000,3.000000,0.000000,1.000000,0.000000,1.000000,2.000000,0.000000,1.000000,0.000000,1.000000,3.000000,0.000000,1.000000,1553.000000,438.000000,932.000000,136.000000,161.000000,5.000000,
0.049354,0.990503,0.147582,0.136415,0.415677,0.002922,-207.468400,3.184020,1396042.159433,1161964.237255,2307282.375149,207665.766208,1090450.722373,367.069596,98.286395,209.610780,30.087672,36.105206,85.248404,23.067215,49.143197,7.020457,8.023379,522.522567,140.409135,298.870873,43.125663,51.149042,3.000000,2.000000,3.000000,0.000000,1.000000,0.000000,1.000000,2.000000,0.000000,1.000000,0.000000,1.000000,3.000000,0.000000,1.000000,1553.000000,438.000000,932.000000,136.000000,161.000000,5.000000,
0.049354,0.990503,0.147582,0.136415,0.415677,0.002922,-207.468400,3.184020,1396042.159433,1161964.237255,2307282.375149,207665.766208,1090450.722373,367.069596,98.286395,209.610780,30.087672,36.105206,85.248404,23.067215,49.143197,7.020457,8.023379,522.522567,140.409135,298.870873,43.125663,51.149042,3.000000,2.000000,3.000000,0.000000,1.000000,0.000000,1.000000,2.000000,0.000000,1.000000,0.000000,1.000000,3.000000,0.000000,1.000000,1553.000000,438.000000,932.000000,136.000000,161.000000,5.000000,
0.049376,0.993589,0.145835,0.126988,0.450006,0.003064,-206.371528,3.181564,1396042.021894,1161964.200323,2307282.296474,207665.754888,1090450.708930,367.121386,98.300262,209.640354,30.091917,36.110300,85.260431,23.070470,49.150131,7.021447,8.024511,522.596289,140.428945,298.913041,43.131747,51.156259,3.000000,2.000000,3.000000,0.000000,1.000000,0.000000,1.000000,2.000000,0.000000,1.000000,0.000000,1.000000,3.000000,0.000000,1.000000,1553.000000,438.000000,932.000000,136.000000,161.000000,5.000000,
0.049376,0.993589,0.145835,0.126988,0.450006,0.003064,-206.371528,3.181564,1396042.021894,1161964.200323,2307282.296474,207665.754888,1090450.708930,367.121386,98.300262,209.640354,30.091917,36.110300,85.260431,23.070470,49.150131,7.021447,8.024511,522.596289,140.428945,298.913041,43.131747,51.156259,3.000000,2.000000,3.000000,0.000000,1.000000,0.000000,1.000000,2.000000,0.000000,1.000000,0.000000,1.000000,3.000000,0.000000,1.000000,1553.000000,438.000000,932.000000,136.000000,161.000000,5.000000,
0.049376,0.993589,0.145835,0.126988,0.450006,0.003064,-206.371528,3.181564,1396042.021894,1161964.200323,2307282.296474,207665.754888,1090450.708930,367.121386,98.300262,209.640354,30.091917,36.110300,85.260431,23.070470,49.150131,7.021447,8.024511,522.596289,140.428945,298.913041,43.131747,51.156259,3.000000,2.000000,3.000000,0.000000,1.000000,0.000000,1.000000,2.000000,0.000000,1.000000,0.000000,1.000000,3.000000,0.000000,1.000000,1553.000000,438.000000,932.000000,136.000000,161.000000,5.000000,
0.049376,0.993589,0.145835,0.126988,0.450006,0.003064,-206.371528,3.181564,1396042.021894,1161964.200323,2307282.296474,207665.754888,1090450.708930,367.121386,98.300262,209.640354,30.091917,36.110300,85.260431,23.070470,49.150131,7.021447,8.024511,522.596289,140.428945,298.913041,43.131747,51.156259,3.000000,2.000000,3.000000,0.000000,1.000000,0.000000,1.000000,2.000000,0.000000,1.000000,0.000000,1.000000,3.000000,0.000000,1.000000,1553.000000,438.000000,932.000000,136.000000,161.000000,5.000000,
0.049376,0.993589,0.145835,0.126988,0.450006,0.003064,-206.371528,3.181564,1396042.021894,1161964.200323,2307282.296474,207665.754888,1090450.708930,367.121386,98.300262,209.640354,30.091917,36.110300,85.260431,23.070470,49.150131,7.021447,8.024511,522.596289,140.428945,298.913041,43.131747,51.156259,3.000000,2.000000,3.000000,0.000000,1.000000,0.000000,1.000000,2.000000,0.000000,1.000000,0.000000,1.000000,3.000000,0.000000,1.000000,1553.000000,438.000000,932.000000,136.000000,161.000000,5.000000,
0.049376,0.993589,0.145835,0.126988,0.450006,0.003064,-206.371528,3.181564,1396042.021894,1161964.200323,2307282.296474,207665.754888,1090450.708930,367.121386,98.300262,209.640354,30.091917,36.110300,85.260431,23.070470,49.150131,7.021447,8.024511,522.596289,140.428945,298.913041,43.131747,51.156259,3.000000,2.000000,3.000000,0.000000,1.000000,0.000000,1.000000,2.000000,0.000000,1.000000,0.000000,1.000000,3.000000,0.000000,1.000000,1553.000000,438.000000,932.000000,136.000000,161.000000,5.000000,
0.049376,0.993589,0.145835,0.126988,0.450006,0.003064,-206.371528,3.181564,1396042.021894,1161964.200323,2307282.296474,207665.754888,1090450.708930,367.121386,98.300262,209.640354,30.091917,36.110300,85.260431,23.070470,49.150131,7.021447,8.024511,522.596289,140.428945,298.913041,43.131747,51.156259,3.000000,2.000000,3.000000,0.000000,1.000000,0.000000,1.000000,2.000000,0.000000,1.000000,0.000000,1.000000,3.000000,0.000000,1.000000,1553.000000,438.000000,932.000000,136.000000,161.000000,5.000000,
0.049376,0.993589,0.145835,0.126988,0.450006,0.003064,-206.371528,3.181564,1396042.021894,1161964.200323,2307282.296474,207665.754888,1090450.708930,367.121386,98.300262,209.640354,30.091917,36.110300,85.260431,23.070470,49.150131,7.021447,8.024511,522.596289,140.428945,298.913041,43.131747,51.156259,3.000000,2.000000,3.000000,0.000000,1.000000,0.000000,1.000000,2.000000,0.000000,1.000000,0.000000,1.000000,3.000000,0.000000,1.000000,1553.000000,438.000000,932.000000,136.000000,161.000000,5.000000,
0.049376,0.993589,0.145835,0.126988,0.450006,0.003064,-206.371528,3.181564,1396042.021894,1161964.200323,2307282.296474,207665.754888,1090450.708930,367.121386,98.300262,209.640354,30.091917,36.110300,85.260431,23.070470,49.150131,7.021447,8.024511,522.596289,140.428945,298.913041,43.131747,51.156259,3.000000,2.000000,3.000000,0.000000,1.000000,0.000000,1.000000,2.000000,0.000000,1.000000,0.000000,1.000000,3.000000,0.000000,1.000000,1553.000000,438.000000,932.000000,136.000000,161.000000,5.000000,
0.049376,0.993589,0.145835,0.126988,0.450006,0.003064,-206.371528,3.181564,1396042.021894,1161964.200323,2307282.296474,207665.754888,1090450.708930,367.121386,98.300262,209.640354,30.091917,36.110300,85.260431,23.070470,49.150131,7.021447,8.024511,522.596289,140.428945,298.913041,43.131747,51.156259,3.000000,2.000000,3.000000,0.000000,1.000000,0.000000,1.000000,2.000000,0.000000,1.000000,0.000000,1.000000,3.000000,0.000000,1.000000,1553.000000,438.000000,932.000000,136.000000,161.000000,5.000000,
0.049376,0.993589,0.145835,0.126988,0.450006,0.003064,-206.371528,3.181564,1396042.021894,1161964.200323,2307282.296474,207665.754888,1090450.708930,367.121386,98.300262,209.640354,30.091917,36.110300,85.260431,23.070470,49.150131,7.021447,8.024511,522.596289,140.428945,298.913041,43.131747,51.156259,3.000000,2.000000,3.000000,0.000000,1.000000,0.000000,1.000000,2.000000,0.000000,1.000000,0.000000,1.000000,3.000000,0.000000,1.000000,1553.000000,438.000000,932.000000,136.000000,161.000000,5.000000,
0.049376,0.993589,0.145835,0.126988,0.450006,0.003064,-206.371528,3.181564,1396042.021894,1161964.200323,2307282.296474,207665.754888,1090450.708930,367.121386,98.300262,209.640354,30.091917,36.110300,85.260431,23.070470,49.150131,7.021447,8.024511,522.596289,140.428945,298.913041,43.131747,51.156259,3.000000,2.000000,3.000000,0.000000,1.000000,0.000000,1.000000,2.000000,0.000000,1.000000,0.000000,1.000000,3.000000,0.000000,1.000000,1553.000000,438.000000,932.000000,136.000000,161.000000,5.000000,
0.049376,0.993589,0.145835,0.126988,0.450006,0.003064,-206.371528,3.181564,1396042.021894,1161964.200323,2307282.296474,207665.754888,1090450.708930,367.121386,98.300262,209.640354,30.091917,36.110300,85.260431,23.070470,49.150131,7.021447,8.024511,522.596289,140.428945,298.913041,43.131747,51.156259,3.000000,2.000000,3.000000,0.000000,1.000000,0.000000,1.000000,2.000000,0.000000,1.000000,0.000000,1.000000,3.000000,0.000000,1.000000,1553.000000,438.000000,932.000000,136.000000,161.000000,5.000000,
0.049375,0.991422,0.143746,0.132104,0.450670,0.003692,-207.134605,3.176843,1396041.411774,1161964.036495,2307281.947476,207665.704673,1090450.649299,367.351122,98.361776,209.771542,30.110748,36.132897,85.313785,23.084907,49.180888,7.025841,8.029533,522.923319,140.516823,299.100094,43.158738,51.188271,3.000000,2.000000,3.000000,0.000000,1.000000,0.000000,1.000000,2.000000,0.000000,1.000000,0.000000,1.000000,3.000000,0.000000,1.000000,1553.000000,438.000000,932.000000,136.000000,161.000000,5.000000,
0.049375,0.991422,0.143746,0.132104,0.450670,0.003692,-207.134605,3.176843,1396041.411774,1161964.036495,2307281.947476,207665.704673,1090450.649299,367.351122,98.361776,209.771542,30.110748,36.132897,85.313785,23.084907,49.180888,7.025841,8.029533,522.923319,140.516823,299.100094,43.158738,51.188271,3.000000,2.000000,3.000000,0.000000,1.000000,0.000000,1.000000,2.000000,0.000000,1.000000,0.000000,1.000000,3.000000,0.000000,1.000000,1553.000000,438.000000,932.000000,136.000000,161.000000,5.000000,
0.049375,0.991422,0.143746,0.132104,0.450670,0.003692,-207.134605,3.176843,1396041.411774,1161964.036495,2307281.947476,207665.704673,1090450.649299,367.351122,98.361776,209.771542,30.110748,36.132897,85.313785,23.084907,49.180888,7.025841,8.029533,522.923319,140.516823,299.100094,43.158738,51.188271,3.000000,2.000000,3.000000,0.000000,1.000000,0.000000,1.000000,2.000000,0.000000,1.000000,0.000000,1.000000,3.000000,0.000000,1.000000,1553.000000,438.000000,932.000000,136.000000,161.000000,5.000000,
0.049375,0.991422,0.143746,0.132104,0.450670,0.003692,-207.134605,3.176843,1396041.411774,1161964.036495,2307281.947476,207665.704673,1090450.649299,367.351122,98.361776,209.771542,30.110748,36.132897,85.313785,23.084907,49.180888,7.025841,8.029533,522.923319,140.516823,299.100094,43.158738,51.188271,3.000000,2.000000,3.000000,0.000000,1.000000,0.000000,1.000000,2.000000,0.000000,1.000000,0.000000,1.000000,3.000000,0.000000,1.000000,1553.000000,438.000000,932.000000,136.000000,161.000000,5.000000,
0.049375,0.991422,0.143746,0.132104,0.450670,0.003692,-207.134605,3.176843,1396041.411774,1161964.036495,2307281.947476,207665.704673,1090450.649299,367.351122,98.361776,209.771542,30.110748,36.132897,85.313785,23.084907,49.180888,7.025841,8.029533,522.923319,140.516823,299.100094,43.158738,51.188271,3.000000,2.000000,3.000000,0.000000,1.000000,0.000000,1.000000,2.000000,0.000000,1.000000,0.000000,1.000000,3.000000,0.000000,1.000000,1553.000000,438.000000,932.000000,136.000000,161.000000,5.000000,
0.049354,0.986943,0.146893,0.143734,0.402525,0.004492,-208.321781,3.182507,1396040.633910,1161963.827624,2307281.502525,207665.640651,1090450.573273,367.644021,98.440202,209.938799,30.134756,36.161707,85.381808,23.103313,49.220101,7.031443,8.035935,523.340260,140.628861,299.338575,43.193150,51.229085,3.000000,2.000000,3.000000,0.000000,1.000000,0.000000,1.000000,2.000000,0.000000,1.000000,0.000000,1.000000,3.000000,0.000000,1.000000,1553.000000,438.000000,932.000000,136.000000,161.000000,5.000000,
0.049354,0.986943,0.146893,0.143734,0.402525,0.004492,-208.321781,3.182507,1396040.633910,1161963.827624,2307281.502525,207665.640651,1090450.573273,367.644021,98.440202,209.938799,30.134756,36.161707,85.381808,23.103313,49.220101,7.031443,8.035935,523.340260,140.628861,299.338575,43.193150,51.229085,3.000000,2.000000,3.000000,0.000000,1.000000,0.000000,1.000000,2.000000,0.000000,1.000000,0.000000,1.000000,3.000000,0.000000,1.000000,1553.000000,438.000000,932.000000,136.000000,161.000000,5.000000,
0.049354,0.986943,0.146893,0.143734,0.402525,0.004492,-208.321781,3.182507,1396040.633910,1161963.827624,2307281.502525,207665.640651,1090450.573273,367.644021,98.440202,209.938799,30.134756,36.161707,85.381808,23.103313,49.220101,7.031443,8.035935,523.340260,140.628861,299.338575,43.193150,51.229085,3.000000,2.000000,3.000000,0.000000,1.000000,0.000000,1.000000,2.000000,0.000000,1.000000,0.000000,1.000000,3.000000,0.000000,1.000000,1553.000000,438.000000,932.000000,136.000000,161.000000,5.000000,
0.049354,0.986943,0.146893,0.143734,0.402525,0.004492,-208.321781,3.182507,1396040.633910,1161963.827624,2307281.502525,207665.640651,1090450.573273,367.644021,98.440202,209.938799,30.134756,36.161707,85.381808,23.103313,49.220101,7.031443,8.035935,523.340260,140.628861,299.338575,43.193150,51.229085,3.000000,2.000000,3.000000,0.000000,1.000000,0.000000,1.000000,2.000000,0.000000,1.000000,0.000000,1.000000,3.000000,0.000000,1.000000,1553.000000,438.000000,932.000000,136.000000,161.000000,5.000000,
0.049317,0.989564,0.147515,0.152668,0.382058,0.004892,-207.882131,3.181533,1396040.245318,1161963.723280,2307281.280244,207665.608668,1090450.535293,367.790343,98.479382,210.022354,30.146749,36.176099,85.415790,23.112508,49.239691,7.034242,8.039133,523.548549,140.684831,299.457711,43.210341,51.249474,3.000000,2.000000,3.000000,0.000000,1.000000,0.000000,1.000000,2.000000,0.000000,1.000000,0.000000,1.000000,3.000000,0.000000,1.000000,1553.000000,438.000000,932.000000,136.000000,161.000000,5.000000,
0.049317,0.989564,0.147515,0.152668,0.382058,0.004892,-207.882131,3.181533,1396040.245318,1161963.723280,2307281.280244,207665.608668,1090450.535293,367.790343,98.479382,210.022354,30.146749,36.176099,85.415790,23.112508,49.239691,7.034242,8.039133,523.548549,140.684831,299.457711,43.210341,51.249474,3.000000,2.000000,3.000000,0.000000,1.000000,0.000000,1.000000,2.000000,0.000000,1.000000,0.000000,1.000000,3.000000,0.000000,1.000000,1553.000000,438.000000,932.000000,136.000000,161.000000,5.000000,
0.049317,0.989564,0.147515,0.152668,0.382058,0.004892,-207.882131,3.181533,1396040.245318,1161963.723280,2307281.280244,207665.608668,1090450.535293,367.790343,98.479382,210.022354,30.146749,36.176099,85.415790,23.112508,49.239691,7.034242,8.039133,523.548549,140.684831,299.457711,43.210341,51.249474,3.000000,2.000000,3.000000,0.000000,1.000000,0.000000,1.000000,2.000000,0.000000,1.000000,0.000000,1.000000,3.000000,0.000000,1.000000,1553.000000,438.000000,932.000000,136.000000,161.000000,5.000000,
0.049317,0.989564,0.147515,0.152668,0.382058,0.004892,-207.882131,3.181533,1396040.245318,1161963.723280,2307281.280244,207665.608668,1090450.535293,367.790343,98.479382,210.022354,30.146749,36.176099,85.415790,23.112508,49.239691,7.034242,8.039133,523.548549,140.684831,299.457711,43.210341,51.249474,3.000000,2.000000,3.000000,0.000000,1.000000,0.000000,1.000000,2.000000,0.000000,1.000000,0.000000,1.000000,3.000000,0.000000,1.000000,1553.000000,438.000000,932.000000,136.000000,161.000000,5.000000,
0.049317,0.989564,0.147515,0.152668,0.382058,0.004892,-207.882131,3.181533,1396040.245318,1161963.723280,2307281.280244,207665.608668,1090450.535293,367.790343,98.479382,210.022354,30.146749,36.176099,85.415790,23.112508,49.239691,7.034242,8.039133,523.548549,140.684831,299.457711,43.210341,51.249474,3.000000,2.000000,3.000000,0.000000,1.000000,0.000000,1.000000,2.000000,0.000000,1.000000,0.000000,1.000000,3.000000,0.000000,1.000000,1553.000000,438.000000,932.000000,136.000000,161.000000,5.000000,
0.049317,0.989564,0.147515,0.152668,0.382058,0.004892,-207.882131,3.181533,1396040.245318,1161963.723280,2307281.280244,207665.608668,1090450.535293,367.790343,98.479382,210.022354,30.146749,36.176099,85.415790,23.112508,49.239691,7.034242,8.039133,523.548549,140.684831,299.457711,43.210341,51.249474,3.000000,2.000000,3.000000,0.000000,1.000000,0.000000,1.000000,2.000000,0.000000,1.000000,0.000000,1.000000,3.000000,0.000000,1.000000,1553.000000,438.000000,932.000000,136.000000,161.000000,5.000000,
0.049317,0.989564,0.147515,0.152668,0.382058,0.004892,-207.882131,3.181533,1396040.245318,1161963.723280,2307281.280244,207665.608668,1090450.535293,367.790343,98.479382,210.022354,30.146749,36.176099,85.415790,23.112508,49.239691,7.034242,8.039133,523.548549,140.684831,299.457711,43.210341,51.249474,3.000000,2.000000,3.000000,0.000000,1.000000,0.000000,1.000000,2.000000,0.000000,1.000000,0.000000,1.000000,3.000000,0.000000,1.000000,1553.000000,438.000000,932.000000,136.000000,161.000000,5.000000,
0.049317,0.989564,0.147515,0.152668,0.382058,0.004892,-207.882131,3.181533,1396040.245318,1161963.723280,2307281.280244,207665.608668,1090450.535293,367.790343,98.479382,210.022354,30.146749,36.176099,85.415790,23.112508,49.239691,7.034242,8.039133,523.548549,140.684831,299.457711,43.210341,51.249474,3.000000,2.000000,3.000000,0.000000,1.000000,0.000000,1.000000,2.000000,0.000000,1.000000,0.000000,1.000000,3.000000,0.000000,1.000000,1553.000000,438.000000,932.000000,136.000000,161.000000,5.000000,
0.049317,0.989564,0.147515,0.152668,0.382058,0.004892,-207.882131,3.181533,1396040.245318,1161963.723280,2307281.280244,207665.608668,1090450.535293,367.790343,98.479382,210.022354,30.146749,36.176099,85.415790,23.112508,49.239691,7.034242,8.039133,523.548549,140.684831,299.457711,43.210341,51.249474,3.000000,2.000000,3.000000,0.000000,1.000000,0.000000,1.000000,2.000000,0.000000,1.000000,0.000000,1.000000,3.000000,0.000000,1.000000,1553.000000,438.000000,932.000000,136.000000,161.000000,5.000000,
0.049317,0.989564,0.147515,0.152668,0.382058,0.004892,-207.882131,3.181533,1396040.245318,1161963.723280,2307281.280244,207665.608668,1090450.535293,367.790343,98.479382,210.022354,30.146749,36.176099,85.415790,23.112508,49.239691,7.034242,8.039133,523.548549,140.684831,299.457711,43.210341,51.249474,3.000000,2.000000,3.000000,0.000000,1.000000,0.000000,1.000000,2.000000,0.000000,1.000000,0.000000,1.000000,3.000000,0.000000,1.000000,1553.000000,438.000000,932.000000,136.000000,161.000000,5.000000,
0.049317,0.989564,0.147515,0.152668,0.382058,0.004892,-207.882131,3.181533,1396040.245318,1161963.723280,2307281.280244,207665.608668,1090450.535293,367.790343,98.479382,210.022354,30.146749,36.176099,85.415790,23.112508,49.239691,7.034242,8.039133,523.548549,140.684831,299.457711,43.210341,51.249474,3.000000,2.000000,3.000000,0.000000,1.000000,0.000000,1.000000,2.000000,0.000000,1.000000,0.000000,1.000000,3.000000,0.000000,1.000000,1553.000000,438.000000,932.000000,136.000000,161.000000,5.000000,
0.049317,0.989564,0.147515,0.152668,0.382058,0.004892,-207.882131,3.181533,1396040.245318,1161963.723280,2307281.280244,207665.608668,1090450.535293,367.790343,98.479382,210.022354,30.146749,36.176099,85.415790,23.112508,49.239691,7.034242,8.039133,523.548549,140.684831,299.457711,43.210341,51.249474,3.000000,2.000000,3.000000,0.000000,1.000000,0.000000,1.000000,2.000000,0.000000,1.000000,0.000000,1.000000,3.000000,0.000000,1.000000,1553.000000,438.000000,932.000000,136.000000,161.000000,5.000000,
0.049333,0.996430,0.147380,0.122028,0.451951,0.003874,-206.523807,3.182257,1396041.234332,1161963.988848,2307281.845976,207665.690068,1090450.631956,367.417937,98.379666,209.809696,30.116224,36.139469,85.329302,23.089105,49.189833,7.027119,8.030993,523.018429,140.542380,299.154495,43.166588,51.197581,3.000000,2.000000,3.000000,0.000000,1.000000,0.000000,1.000000,2.000000,0.000000,1.000000,0.000000,1.000000,3.000000,0.000000,1.000000,1553.000000,438.000000,932.000000,136.000000,161.000000,5.000000,
0.049335,0.994117,0.147688,0.122158,0.451510,0.004196,-206.887067,3.183026,1396040.921187,1161963.904763,2307281.666852,207665.664295,1090450.601351,367.535849,98.411238,209.877029,30.125889,36.151067,85.356686,23.096515,49.205619,7.029374,8.033570,523.186277,140.587483,299.250500,43.180441,51.214012,3.000000,2.000000,3.000000,0.000000,1.000000,0.000000,1.000000,2.000000,0.000000,1.000000,0.000000,1.000000,3.000000,0.000000,1.000000,1553.000000,438.000000,932.000000,136.000000,161.000000,5.000000,
0.049335,0.994117,0.147688,0.122158,0.451510,0.004196,-206.887067,3.183026,1396040.921187,1161963.904763,2307281.666852,207665.664295,1090450.601351,367.535849,98.411238,209.877029,30.125889,36.151067,85.356686,23.096515,49.205619,7.029374,8.033570,523.186277,140.587483,299.250500,43.180441,51.214012,3.000000,2.000000,3.000000,0.000000,1.000000,0.000000,1.000000,2.000000,0.000000,1.000000,0.000000,1.000000,3.000000,0.000000,1.000000,1553.000000,438.000000,932.000000,136.000000,161.000000,5.000000,
0.049335,0.994117,0.147688,0.122158,0.451510,0.004196,-206.887067,3.183026,1396040.921187,1161963.904763,2307281.666852,207665.664295,1090450.601351,367.535849,98.411238,209.877029,30.125889,36.151067,85.356686,23.096515,49.205619,7.029374,8.033570,523.186277,140.587483,299.250500,43.180441,51.214012,3.000000,2.000000,3.000000,0.000000,1.000000,0.000000,1.000000,2.000000,0.000000,1.000000,0.000000,1.000000,3.000000,0.000000,1.000000,1553.000000,438.000000,932.000000,136.000000,161.000000,5.000000,
0.049335,0.994117,0.147688,0.122158,0.451510,0.004196,-206.887067,3.183026,1396040.921187,1161963.904763,2307281.666852,207665.664295,1090450.601351,367.535849,98.411238,209.877029,30.125889,36.151067,85.356686,23.096515,49.205619,7.029374,8.033570,523.186277,140.587483,299.250500,43.180441,51.214012,3.000000,2.000000,3.000000,0.000000,1.000000,0.000000,1.000000,2.000000,0.000000,1.000000,0.000000,1.000000,3.000000,0.000000,1.000000,1553.000000,438.000000,932.000000,136.000000,161.000000,5.000000,
0.049335,0.994117,0.147688,0.122158,0.451510,0.004196,-206.887067,3.183026,1396040.921187,1161963.904763,2307281.666852,207665.664295,1090450.601351,367.535849,98.411238,209.877029,30.125889,36.151067,85.356686,23.096515,49.205619,7.029374,8.033570,523.186277,140.587483,299.250500,43.180441,51.214012,3.000000,2.000000,3.000000,0.000000,1.000000,0.000000,1.000000,2.000000,0.000000,1.000000,0.000000,1.000000,3.000000,0.000000,1.000000,1553.000000,438.000000,932.000000,136.000000,161.000000,5.000000,
0.049362,0.993669,0.148417,0.115212,0.459641,0.003368,-206.664210,3.186404,1396041.726662,1161964.121048,2307282.127597,207665.730589,1090450.680075,367.232553,98.330028,209.703835,30.101029,36.121235,85.286249,23.077456,49.165014,7.023573,8.026941,522.754536,140.471468,299.003554,43.144808,51.171749,3.000000,2.000000,3.000000,0.000000,1.000000,0.000000,1.000000,2.000000,0.000000,1.000000,0.000000,1.000000,3.000000,0.000000,1.000000,1553.000000,438.000000,932.000000,136.000000,161.000000,5.000000,
0.049362,0.993669,0.148417,0.115212,0.459641,0.003368,-206.664210,3.186404,1396041.726662,1161964.121048,2307282.127597,207665.730589,1090450.680075,367.232553,98.330028,209.703835,30.101029,36.121235,85.286249,23.077456,49.165014,7.023573,8.026941,522.754536,140.471468,299.003554,43.144808,51.171749,3.000000,2.000000,3.000000,0.000000,1.000000,0.000000,1.000000,2.000000,0.000000,1.000000,0.000000,1.000000,3.000000,0.000000,1.000000,1553.000000,438.000000,932.000000,136.000000,161.000000,5.000000,
0.049362,0.993669,0.148417,0.115212,0.459641,0.003368,-206.664210,3.186404,1396041.726662,1161964.121048,2307282.127597,207665.730589,1090450.680075,367.232553,98.330028,209.703835,30.101029,36.121235,85.286249,23.077456,49.165014,7.023573,8.026941,522.754536,140.471468,299.003554,43.144808,51.171749,3.000000,2.000000,3.000000,0.000000,1.000000,0.000000,1.000000,2.000000,0.000000,1.000000,0.000000,1.000000,3.000000,0.000000,1.000000,1553.000000,438.000000,932.000000,136.000000,161.000000,5.000000,
0.049362,0.993669,0.148417,0.115212,0.459641,0.003368,-206.664210,3.186404,1396041.726662,1161964.121048,2307282.127597,207665.730589,1090450.680075,367.232553,98.330028,209.703835,30.101029,36.121235,85.286249,23.077456,49.165014,7.023573,8.026941,522.754536,140.471468,299.003554,43.144808,51.171749,3.000000,2.000000,3.000000,0.000000,1.000000,0.000000,1.000000,2.000000,0.000000,1.000000,0.000000,1.000000,3.000000,0.000000,1.000000,1553.000000,438.000000,932.000000,136.000000,161.000000,5.000000,
0.049358,0.991681,0.151364,0.124474,0.417472,0.002891,-207.535553,3.192736,1396042.189731,1161964.245391,2307282.392480,207665.768702,1090450.725334,367.058188,98.283340,209.604266,30.086737,36.104084,85.245754,23.066498,49.141670,7.020239,8.023130,522.506327,140.404771,298.861585,43.124323,51.147452,3.000000,2.000000,3.000000,0.000000,1.000000,0.000000,1.000000,2.000000,0.000000,1.000000,0.000000,1.000000,3.000000,0.000000,1.000000,1553.000000,438.000000,932.000000,136.000000,161.000000,5.000000,
0.049358,0.991681,0.151364,0.124474,0.417472,0.002891,-207.535553,3.192736,1396042.189731,1161964.245391,2307282.392480,207665.768702,1090450.725334,367.058188,98.283340,209.604266,30.086737,36.104084,85.245754,23.066498,49.141670,7.020239,8.023130,522.506327,140.404771,298.861585,43.124323,51.147452,3.000000,2.000000,3.000000,0.000000,1.000000,0.000000,1.000000,2.000000,0.000000,1.000000,0.000000,1.000000,3.000000,0.000000,1.000000,1553.000000,438.000000,932.000000,136.000000,161.000000,5.000000,
0.049358,0.991681,0.151364,0.124474,0.417472,0.002891,-207.535553,3.192736,1396042.189731,1161964.245391,2307282.392480,207665.768702,1090450.725334,367.058188,98.283340,209.604266,30.086737,36.104084,85.245754,23.066498,49.141670,7.020239,8.023130,522.506327,140.404771,298.861585,43.124323,51.147452,3.000000,2.000000,3.000000,0.000000,1.000000,0.000000,1.000000,2.000000,0.000000,1.000000,0.000000,1.000000,3.000000,0.000000,1.000000,1553.000000,438.000000,932.000000,136.000000,161.000000,5.000000,
0.049358,0.991681,0.151364,0.124474,0.417472,0.002891,-207.535553,3.192736,1396042.189731,1161964.245391,2307282.392480,207665.768702,1090450.725334,367.058188,98.283340,209.604266,30.086737,36.104084,85.245754,23.066498,49.141670,7.020239,8.023130,522.506327,140.404771,298.861585,43.124323,51.147452,3.000000,2.000000,3.000000,0.000000,1.000000,0.000000,1.000000,2.000000,0.000000,1.000000,0.000000,1.000000,3.000000,0.000000,1.000000,1553.000000,438.000000,932.000000,136.000000,161.000000,5.000000,
0.049358,0.991681,0.151364,0.124474,0.417472,0.002891,-207.535553,3.192736,1396042.189731,1161964.245391,2307282.392480,207665.768702,1090450.725334,367.058188,98.283340,209.604266,30.086737,36.104084,85.245754,23.066498,49.141670,7.020239,8.023130,522.506327,140.404771,298.861585,43.124323,51.147452,3.000000,2.000000,3.000000,0.000000,1.000000,0.000000,1.000000,2.000000,0.000000,1.000000,0.000000,1.000000,3.000000,0.000000,1.000000,1553.000000,438.000000,932.000000,136.000000,161.000000,5.000000,
0.049336,0.997208,0.153733,0.108080,0.448382,0.002447,-207.280824,3.196622,1396042.621534,1161964.361338,2307282.639478,207665.804242,1090450.767537,366.895595,98.239804,209.511419,30.073409,36.088091,85.207993,23.056281,49.119902,7.017129,8.019576,522.274877,140.342577,298.729200,43.105220,51.124796,3.000000,2.000000,3.000000,0.000000,1.000000,0.000000,1.000000,2.000000,0.000000,1.000000,0.000000,1.000000,3.000000,0.000000,1.000000,1553.000000,438.000000,932.000000,136.000000,161.000000,5.000000,
0.049336,0.997208,0.153733,0.108080,0.448382,0.002447,-207.280824,3.196622,1396042.621534,1161964.361338,2307282.639478,207665.804242,1090450.767537,366.895595,98.239804,209.511419,30.073409,36.088091,85.207993,23.056281,49.119902,7.017129,8.019576,522.274877,140.342577,298.729200,43.105220,51.124796,3.000000,2.000000,3.000000,0.000000,1.000000,0.000000,1.000000,2.000000,0.000000,1.000000,0.000000,1.000000,3.000000,0.000000,1.000000,1553.000000,438.000000,932.000000,136.000000,161.000000,5.000000,
0.049336,0.997208,0.153733,0.108080,0.448382,0.002447,-207.280824,3.196622,1396042.621534,1161964.361338,2307282.639478,207665.804242,1090450.767537,366.895595,98.239804,209.511419,30.073409,36.088091,85.207993,23.056281,49.119902,7.017129,8.019576,522.274877,140.342577,298.729200,43.105220,51.124796,3.000000,2.000000,3.000000,0.000000,1.000000,0.000000,1.000000,2.000000,0.000000,1.000000,0.000000,1.000000,3.000000,0.000000,1.000000,1553.000000,438.000000,932.000000,136.000000,161.000000,5.000000,
0.049336,0.997208,0.153733,0.108080,0.448382,0.002447,-207.280824,3.196622,1396042.621534,1161964.361338,2307282.639478,207665.804242,1090450.767537,366.895595,98.239804,209.511419,30.073409,36.088091,85.207993,23.056281,49.119902,7.017129,8.019576,522.274877,140.342577,298.729200,43.105220,51.124796,3.000000,2.000000,3.000000,0.000000,1.000000,0.000000,1.000000,2.000000,0.000000,1.000000,0.000000,1.000000,3.000000,0.000000,1.000000,1553.000000,438.000000,932.000000,136.000000,161.000000,5.000000,
0.049336,0.997208,0.153733,0.108080,0.448382,0.002447,-207.280824,3.196622,1396042.621534,1161964.361338,2307282.639478,207665.804242,1090450.767537,366.895595,98.239804,209.511419,30.073409,36.088091,85.207993,23.056281,49.119902,7.017129,8.019576,522.274877,140.342577,298.729200,43.105220,51.124796,3.000000,2.000000,3.000000,0.000000,1.000000,0.000000,1.000000,2.000000,0.000000,1.000000,0.000000,1.000000,3.000000,0.000000,1.000000,1553.000000,438.000000,932.000000,136.000000,161.000000,5.000000,
0.049336,0.997208,0.153733,0.108080,0.448382,0.002447,-207.280824,3.196622,1396042.621534,1161964.361338,2307282.639478,207665.804242,1090450.767537,366.895595,98.239804,209.511419,30.073409,36.088091,85.207993,23.056281,49.119902,7.017129,8.019576,522.274877,140.342577,298.729200,43.105220,51.124796,3.000000,2.000000,3.000000,0.000000,1.000000,0.000000,1.000000,2.000000,0.000000,1.000000,0.000000,1.000000,3.000000,0.000000,1.000000,1553.000000,438.000000,932.000000,136.000000,161.000000,5.000000,
0.049336,0.997208,0.153733,0.108080,0.448382,0.002447,-207.280824,3.196622,1396042.621534,1161964.361338,2307282.639478,207665.804242,1090450.767537,366.895595,98.239804,209.511419,30.073409,36.088091,85.207993,23.056281,49.119902,7.017129,8.019576,522.274877,140.342577,298.729200,43.105220,51.124796,3.000000,2.000000,3.000000,0.000000,1.000000,0.000000,1.000000,2.000000,0.000000,1.000000,0.000000,1.000000,3.000000,0.000000,1.000000,1553.000000,438.000000,932.000000,136.000000,161.000000,5.000000,
0.049306,0.988854,0.154849,0.107190,0.442636,0.003451,-210.058007,3.197150,1396041.645266,1161964.099192,2307282.081037,207665.723890,1090450.672120,367.263202,98.338235,209.721337,30.103541,36.124249,85.293367,23.079382,49.169117,7.024160,8.027611,522.798165,140.483192,299.028509,43.148409,51.176020,3.000000,2.000000,3.000000,0.000000,1.000000,0.000000,1.000000,2.000000,0.000000,1.000000,0.000000,1.000000,3.000000,0.000000,1.000000,1553.000000,438.000000,932.000000,136.000000,161.000000,5.000000,
0.049306,0.988854,0.154849,0.107190,0.442636,0.003451,-210.058007,3.197150,1396041.645266,1161964.099192,2307282.081037,207665.723890,1090450.672120,367.263202,98.338235,209.721337,30.103541,36.124249,85.293367,23.079382,49.169117,7.024160,8.027611,522.798165,140.483192,299.028509,43.148409,51.176020,3.000000,2.000000,3.000000,0.000000,1.000000,0.000000,1.000000,2.000000,0.000000,1.000000,0.000000,1.000000,3.000000,0.000000,1.000000,1553.000000,438.000000,932.000000,136.000000,161.000000,5.000000,
0.049306,0.988854,0.154849,0.107190,0.442636,0.003451,-210.058007,3.197150,1396041.645266,1161964.099192,2307282.081037,207665.723890,1090450.672120,367.263202,98.338235,209.721337,30.103541,36.124249,85.293367,23.079382,49.169117,7.024160,8.027611,522.798165,140.483192,299.028509,43.148409,51.176020,3.000000,2.000000,3.000000,0.000000,1.000000,0.000000,1.000000,2.000000,0.000000,1.000000,0.000000,1.000000,3.000000,0.000000,1.000000,1553.000000,438.000000,932.000000,136.000000,161.000000,5.000000,
0.049306,0.988854,0.154849,0.107190,0.442636,0.003451,-210.058007,3.197150,1396041.645266,1161964.099192,2307282.081037,207665.723890,1090450.672120,367.263202,98.338235,209.721337,30.103541,36.124249,85.293367,23.079382,49.169117,7.024160,8.027611,522.798165,140.483192,299.028509,43.148409,51.176020,3.000000,2.000000,3.000000,0.000000,1.000000,0.000000,1.000000,2.000000,0.000000,1.000000,0.000000,1.000000,3.000000,0.000000,1.000000,1553.000000,438.000000,932.000000,136.000000,161.000000,5.000000,
0.049266,0.995453,0.155533,0.100099,0.461057,0.002427,-209.490473,3.196064,1396042.641128,1161964.366599,2307282.650687,207665.805854,1090450.769452,366.888217,98.237829,209.507206,30.072805,36.087366,85.206280,23.055817,49.118914,7.016988,8.019415,522.264375,140.339755,298.723193,43.104353,51.123768,3.000000,2.000000,3.000000,0.000000,1.000000,0.000000,1.000000,2.000000,0.000000,1.000000,0.000000,1.000000,3.000000,0.000000,1.000000,1553.000000,438.000000,932.000000,136.000000,161.000000,5.000000,
0.049266,0.995453,0.155533,0.100099,0.461057,0.002427,-209.490473,3.196064,1396042.641128,1161964.366599,2307282.650687,207665.805854,1090450.769452,366.888217,98.237829,209.507206,30.072805,36.087366,85.206280,23.055817,49.118914,7.016988,8.019415,522.264375,140.339755,298.723193,43.104353,51.123768,3.000000,2.000000,3.000000,0.000000,1.000000,0.000000,1.000000,2.000000,0.000000,1.000000,0.000000,1.000000,3.000000,0.000000,1.000000,1553.000000,438.000000,932.000000,136.000000,161.000000,5.000000,
0.049266,0.995453,0.155533,0.100099,0.461057,0.002427,-209.490473,3.196064,1396042.641128,1161964.366599,2307282.650687,207665.805854,1090450.769452,366.888217,98.237829,209.507206,30.072805,36.087366,85.206280,23.055817,49.118914,7.016988,8.019415,522.264375,140.339755,298.723193,43.104353,51.123768,3.000000,2.000000,3.000000,0.000000,1.000000,0.000000,1.000000,2.000000,0.000000,1.000000,0.000000,1.000000,3.000000,0.000000,1.000000,1553.000000,438.000000,932.000000,136.000000,161.000000,5.000000,
0.049266,0.995453,0.155533,0.100099,0.461057,0.002427,-209.490473,3.196064,1396042.641128,1161964.366599,2307282.650687,207665.805854,1090450.769452,366.888217,98.237829,209.507206,30.072805,36.087366,85.206280,23.055817,49.118914,7.016988,8.019415,522.264375,140.339755,298.723193,43.104353,51.123768,3.000000,2.000000,3.000000,0.000000,1.000000,0.000000,1.000000,2.000000,0.000000,1.000000,0.000000,1.000000,3.000000,0.000000,1.000000,1553.000000,438.000000,932.000000,136.000000,161.000000,5.000000,
0.049266,0.995453,0.155533,0.100099,0.461057,0.002427,-209.490473,3.196064,1396042.641128,1161964.366599,2307282.650687,207665.805854,1090450.769452,366.888217,98.237829,209.507206,30.072805,36.087366,85.206280,23.055817,49.118914,7.016988,8.019415,522.264375,140.339755,298.723193,43.104353,51.123768,3.000000,2.000000,3.000000,0.000000,1.000000,0.000000,1.000000,2.000000,0.000000,1.000000,0.000000,1.000000,3.000000,0.000000,1.000000,1553.000000,438.000000,932.000000,136.000000,161.000000,5.000000,
0.049266,0.995453,0.155533,0.100099,0.461057,0.002427,-209.490473,3.196064,1396042.641128,1161964.366599,2307282.650687,207665.805854,1090450.769452,366.888217,98.237829,209.507206,30.072805,36.087366,85.206280,23.055817,49.118914,7.016988,8.019415,522.264375,140.339755,298.723193,43.104353,51.123768,3.000000,2.000000,3.000000,0.000000,1.000000,0.000000,1.000000,2.000000,0.000000,1.000000,0.000000,1.000000,3.000000,0.000000,1.000000,1553.000000,438.000000,932.000000,136.000000,161.000000,5.000000,
0.049266,0.995453,0.155533,0.100099,0.461057,0.002427,-209.490473,3.196064,1396042.641128,1161964.366599,2307282.650687,207665.805854,1090450.769452,366.888217,98.237829,209.507206,30.072805,36.087366,85.206280,23.055817,49.118914,7.016988,8.019415,522.264375,140.339755,298.723193,43.104353,51.123768,3.000000,2.000000,3.000000,0.000000,1.000000,0.000000,1.000000,2.000000,0.000000,1.000000,0.000000,1.000000,3.000000,0.000000,1.000000,1553.000000,438.000000,932.000000,136.000000,161.000000,5.000000,
0.049277,0.990542,0.153470,0.109236,0.446777,0.003279,-209.986554,3.192180,1396041.812778,1161964.144172,2307282.176856,207665.737677,1090450.688492,367.200127,98.321345,209.685318,30.098371,36.118045,85.278718,23.075418,49.160673,7.022953,8.026232,522.708377,140.459065,298.977152,43.140999,51.167231,3.000000,2.000000,3.000000,0.000000,1.000000,0.000000,1.000000,2.000000,0.000000,1.000000,0.000000,1.000000,3.000000,0.000000,1.000000,1553.000000,438.000000,932.000000,136.000000,161.000000,5.000000,
0.049277,0.990542,0.153470,0.109236,0.446777,0.003279,-209.986554,3.192180,1396041.812778,1161964.144172,2307282.176856,207665.737677,1090450.688492,367.200127,98.321345,209.685318,30.098371,36.118045,85.278718,23.075418,49.160673,7.022953,8.026232,522.708377,140.459065,298.977152,43.140999,51.167231,3.000000,2.000000,3.000000,0.000000,1.000000,0.000000,1.000000,2.000000,0.000000,1.000000,0.000000,1.000000,3.000000,0.000000,1.000000,1553.000000,438.000000,932.000000,136.000000,161.000000,5.000000,
0.049277,0.990542,0.153470,0.109236,0.446777,0.003279,-209.986554,3.192180,1396041.812778,1161964.144172,2307282.176856,207665.737677,1090450.688492,367.200127,98.321345,209.685318,30.098371,36.118045,85.278718,23.075418,49.160673,7.022953,8.026232,522.708377,140.459065,298.977152,43.140999,51.167231,3.000000,2.000000,3.000000,0.000000,1.000000,0.000000,1.000000,2.000000,0.000000,1.000000,0.000000,1.000000,3.000000,0.000000,1.000000,1553.000000,438.000000,932.000000,136.000000,161.000000,5.000000,
0.049277,0.990542,0.153470,0.109236,0.446777,0.003279,-209.986554,3.192180,1396041.812778,1161964.144172,2307282.176856,207665.737677,1090450.688492,367.200127,98.321345,209.685318,30.098371,36.118045,85.278718,23.075418,49.160673,7.022953,8.026232,522.708377,140.459065,298.977152,43.140999,51.167231,3.000000,2.000000,3.000000,0.000000,1.000000,0.000000,1.000000,2.000000,0.000000,1.000000,0.000000,1.000000,3.000000,0.000000,1.000000,1553.000000,438.000000,932.000000,136.000000,161.000000,5.000000,
0.049277,0.990542,0.153470,0.109236,0.446777,0.003279,-209.986554,3.192180,1396041.812778,1161964.144172,2307282.176856,207665.737677,1090450.688492,367.200127,98.321345,209.685318,30.098371,36.118045,85.278718,23.075418,49.160673,7.022953,8.026232,522.708377,140.459065,298.977152,43.140999,51.167231,3.000000,2.000000,3.000000,0.000000,1.000000,0.000000,1.000000,2.000000,0.000000,1.000000,0.000000,1.000000,3.000000,0.000000,1.000000,1553.000000,438.000000,932.000000,136.000000,161.000000,5.000000,
0.049277,0.990542,0.153470,0.109236,0.446777,0.003279,-209.986554,3.192180,1396041.812778,1161964.144172,2307282.176856,207665.737677,1090450.688492,367.200127,98.321345,209.685318,30.098371,36.118045,85.278718,23.075418,49.160673,7.022953,8.026232,522.708377,140.459065,298.977152,43.140999,51.167231,3.000000,2.000000,3.000000,0.000000,1.000000,0.000000,1.000000,2.000000,0.000000,1.000000,0.000000,1.000000,3.000000,0.000000,1.000000,1553.000000,438.000000,932.000000,136.000000,161.000000,5.000000,
0.049277,0.990542,0.153470,0.109236,0.446777,0.003279,-209.986554,3.192180,1396041.812778,1161964.144172,2307282.176856,207665.737677,1090450.688492,367.200127,98.321345,209.685318,30.098371,36.118045,85.278718,23.075418,49.160673,7.022953,8.026232,522.708377,140.459065,298.977152,43.140999,51.167231,3.000000,2.000000,3.000000,0.000000,1.000000,0.000000,1.000000,2.000000,0.000000,1.000000,0.000000,1.000000,3.000000,0.000000,1.000000,1553.000000,438.000000,932.000000,136.000000,161.000000,5.000000,
0.049277,0.990542,0.153470,0.109236,0.446777,0.003279,-209.986554,3.192180,1396041.812778,1161964.144172,2307282.176856,207665.737677,1090450.688492,367.200127,98.321345,209.685318,30.098371,36.118045,85.278718,23.075418,49.160673,7.022953,8.026232,522.708377,140.459065,298.977152,43.140999,51.167231,3.000000,2.000000,3.000000,0.000000,1.000000,0.000000,1.000000,2.000000,0.000000,1.000000,0.000000,1.000000,3.000000,0.000000,1.000000,1553.000000,438.000000,932.000000,136.000000,161.000000,5.000000,
0.049277,0.990542,0.153470,0.109236,0.446777,0.003279,-209.986554,3.192180,1396041.812778,1161964.144172,2307282.176856,207665.737677,1090450.688492,367.200127,98.321345,209.685318,30.098371,36.118045,85.278718,23.075418,49.160673,7.022953,8.026232,522.708377,140.459065,298.977152,43.140999,51.167231,3.000000,2.000000,3.000000,0.000000,1.000000,0.000000,1.000000,2.000000,0.000000,1.000000,0.000000,1.000000,3.000000,0.000000,1.000000,1553.000000,438.000000,932.000000,136.000000,161.000000,5.000000,
0.049277,0.990542,0.153470,0.109236,0.446777,0.003279,-209.986554,3.192180,1396041.812778,1161964.144172,2307282.176856,207665.737677,1090450.688492,367.200127,98.321345,209.685318,30.098371,36.118045,85.278718,23.075418,49.160673,7.022953,8.026232,522.708377,140.459065,298.977152,43.140999,51.167231,3.000000,2.000000,3.000000,0.000000,1.000000,0.000000,1.000000,2.000000,0.000000,1.000000,0.000000,1.000000,3.000000,0.000000,1.000000,1553.000000,438.000000,932.000000,136.000000,161.000000,5.000000,
0.049255,0.996760,0.151906,0.101977,0.476408,0.003798,-209.144413,3.187288,1396041.308124,1161964.008663,2307281.888186,207665.696142,1090450.639168,367.390151,98.372226,209.793829,30.113947,36.136736,85.322849,23.087359,49.186113,7.026588,8.030386,522.978876,140.531752,299.131871,43.163324,51.193710,3.000000,2.000000,3.000000,0.000000,1.000000,0.000000,1.000000,2.000000,0.000000,1.000000,0.000000,1.000000,3.000000,0.000000,1.000000,1553.000000,438.000000,932.000000,136.000000,161.000000,5.000000,
0.049255,0.996760,0.151906,0.101977,0.476408,0.003798,-209.144413,3.187288,1396041.308124,1161964.008663,2307281.888186,207665.696142,1090450.639168,367.390151,98.372226,209.793829,30.113947,36.136736,85.322849,23.087359,49.186113,7.026588,8.030386,522.978876,140.531752,299.131871,43.163324,51.193710,3.000000,2.000000,3.000000,0.000000,1.000000,0.000000,1.000000,2.000000,0.000000,1.000000,0.000000,1.000000,3.000000,0.000000,1.000000,1553.000000,438.000000,932.000000,136.000000,161.000000,5.000000,
0.049255,0.996760,0.151906,0.101977,0.476408,0.003798,-209.144413,3.187288,1396041.308124,1161964.008663,2307281.888186,207665.696142,1090450.639168,367.390151,98.372226,209.793829,30.113947,36.136736,85.322849,23.087359,49.186113,7.026588,8.030386,522.978876,140.531752,299.131871,43.163324,51.193710,3.000000,2.000000,3.000000,0.000000,1.000000,0.000000,1.000000,2.000000,0.000000,1.000000,0.000000,1.000000,3.000000,0.000000,1.000000,1553.000000,438.000000,932.000000,136.000000,161.000000,5.000000,
0.049314,0.984648,0.149675,0.094169,0.495118,0.004136,-211.865759,3.186117,1396040.979629,1161963.920456,2307281.700281,207665.669105,1090450.607062,367.513844,98.405346,209.864463,30.124086,36.148903,85.351576,23.095132,49.202673,7.028953,8.033089,523.154952,140.579066,299.232583,43.177856,51.210945,3.000000,2.000000,3.000000,0.000000,1.000000,0.000000,1.000000,2.000000,0.000000,1.000000,0.000000,1.000000,3.000000,0.000000,1.000000,1553.000000,438.000000,932.000000,136.000000,161.000000,5.000000,
0.049314,0.984648,0.149675,0.094169,0.495118,0.004136,-211.865759,3.186117,1396040.979629,1161963.920456,2307281.700281,207665.669105,1090450.607062,367.513844,98.405346,209.864463,30.124086,36.148903,85.351576,23.095132,49.202673,7.028953,8.033089,523.154952,140.579066,299.232583,43.177856,51.210945,3.000000,2.000000,3.000000,0.000000,1.000000,0.000000,1.000000,2.000000,0.000000,1.000000,0.000000,1.000000,3.000000,0.000000,1.000000,1553.000000,438.000000,932.000000,136.000000,161.000000,5.000000,
0.049314,0.984648,0.149675,0.094169,0.495118,0.004136,-211.865759,3.186117,1396040.979629,1161963.920456,2307281.700281,207665.669105,1090450.607062,367.513844,98.405346,209.864463,30.124086,36.148903,85.351576,23.095132,49.202673,7.028953,8.033089,523.154952,140.579066,299.232583,43.177856,51.210945,3.000000,2.000000,3.000000,0.000000,1.000000,0.000000,1.000000,2.000000,0.000000,1.000000,0.000000,1.000000,3.000000,0.000000,1.000000,1553.000000,438.000000,932.000000,136.000000,161.000000,5.000000,
0.049314,0.984648,0.149675,0.094169,0.495118,0.004136,-211.865759,3.186117,1396040.979629,1161963.920456,2307281.700281,207665.669105,1090450.607062,367.513844,98.405346,209.864463,30.124086,36.148903,85.351576,23.095132,49.202673,7.028953,8.033089,523.154952,140.579066,299.232583,43.177856,51.210945,3.000000,2.000000,3.000000,0.000000,1.000000,0.000000,1.000000,2.000000,0.000000,1.000000,0.000000,1.000000,3.000000,0.000000,1.000000,1553.000000,438.000000,932.000000,136.000000,161.000000,5.000000,
0.049314,0.984648,0.149675,0.094169,0.495118,0.004136,-211.865759,3.186117,1396040.979629,1161963.920456,2307281.700281,207665.669105,1090450.607062,367.513844,98.405346,209.864463,30.124086,36.148903,85.351576,23.095132,49.202673,7.028953,8.033089,523.154952,140.579066,299.232583,43.177856,51.210945,3.000000,2.000000,3.000000,0.000000,1.000000,0.000000,1.000000,2.000000,0.000000,1.000000,0.000000,1.000000,3.000000,0.000000,1.000000,1553.000000,438.000000,932.000000,136.000000,161.000000,5.000000,
0.049314,0.984648,0.149675,0.094169,0.495118,0.004136,-211.865759,3.186117,1396040.979629,1161963.920456,2307281.700281,207665.669105,1090450.607062,367.513844,98.405346,209.864463,30.124086,36.148903,85.351576,23.095132,49.202673,7.028953,8.033089,523.154952,140.579066,299.232583,43.177856,51.210945,3.000000,2.000000,3.000000,0.000000,1.000000,0.000000,1.000000,2.000000,0.000000,1.000000,0.000000,1.000000,3.000000,0.000000,1.000000,1553.000000,438.000000,932.000000,136.000000,161.000000,5.000000,
0.049314,0.984648,0.149675,0.094169,0.495118,0.004136,-211.865759,3.186117,1396040.979629,1161963.920456,2307281.700281,207665.669105,1090450.607062,367.513844,98.405346,209.864463,30.124086,36.148903,85.351576,23.095132,49.202673,7.028953,8.033089,523.154952,140.579066,299.232583,43.177856,51.210945,3.000000,2.000000,3.000000,0.000000,1.000000,0.000000,1.000000,2.000000,0.000000,1.000000,0.000000,1.000000,3.000000,0.000000,1.000000,1553.000000,438.000000,932.000000,136.000000,161.000000,5.000000,
0.049314,0.984648,0.149675,0.094169,0.495118,0.004136,-211.865759,3.186117,1396040.979629,1161963.920456,2307281.700281,207665.669105,1090450.607062,367.513844,98.405346,209.864463,30.124086,36.148903,85.351576,23.095132,49.202673,7.028953,8.033089,523.154952,140.579066,299.232583,43.177856,51.210945,3.000000,2.000000,3.000000,0.000000,1.000000,0.000000,1.000000,2.000000,0.000000,1.000000,0.000000,1.000000,3.000000,0.000000,1.000000,1553.000000,438.000000,932.000000,136.000000,161.000000,5.000000,
0.049314,0.984648,0.149675,0.094169,0.495118,0.004136,-211.865759,3.186117,1396040.979629,1161963.920456,2307281.700281,207665.669105,1090450.607062,367.513844,98.405346,209.864463,30.124086,36.148903,85.351576,23.095132,49.202673,7.028953,8.033089,523.154952,140.579066,299.232583,43.177856,51.210945,3.000000,2.000000,3.000000,0.000000,1.000000,0.000000,1.000000,2.000000,0.000000,1.000000,0.000000,1.000000,3.000000,0.000000,1.000000,1553.000000,438.000000,932.000000,136.000000,161.000000,5.000000,
0.049314,0.984648,0.149675,0.094169,0.495118,0.004136,-211.865759,3.186117,1396040.979629,1161963.920456,2307281.700281,207665.669105,1090450.607062,367.513844,98.405346,209.864463,30.124086,36.148903,85.351576,23.095132,49.202673,7.028953,8.033089,523.154952,140.579066,299.232583,43.177856,51.210945,3.000000,2.000000,3.000000,0.000000,1.000000,0.000000,1.000000,2.000000,0.000000,1.000000,0.000000,1.000000,3.000000,0.000000,1.000000,1553.000000,438.000000,932.000000,136.000000,161.000000,5.000000,
0.049314,0.984648,0.149675,0.094169,0.495118,0.004136,-211.865759,3.186117,1396040.979629,1161963.920456,2307281.700281,207665.669105,1090450.607062,367.513844,98.405346,209.864463,30.124086,36.148903,85.351576,23.095132,49.202673,7.028953,8.033089,523.154952,140.579066,299.232583,43.177856,51.210945,3.000000,2.000000,3.000000,0.000000,1.000000,0.000000,1.000000,2.000000,0.000000,1.000000,0.000000,1.000000,3.000000,0.000000,1.000000,1553.000000,438.000000,932.000000,136.000000,161.000000,5.000000,
0.049314,0.984648,0.149675,0.094169,0.495118,0.004136,-211.865759,3.186117,1396040.979629,1161963.920456,2307281.700281,207665.669105,1090450.607062,367.513844,98.405346,209.864463,30.124086,36.148903,85.351576,23.095132,49.202673,7.028953,8.033089,523.154952,140.579066,299.232583,43.177856,51.210945,3.000000,2.000000,3.000000,0.000000,1.000000,0.000000,1.000000,2.000000,0.000000,1.000000,0.000000,1.000000,3.000000,0.000000,1.000000,1553.000000,438.000000,932.000000,136.000000,161.000000,5.000000,
0.049376,0.992014,0.143462,0.095271,0.525493,0.002257,-209.477585,3.176249,1396042.806428,1161964.410985,2307282.745241,207665.819459,1090450.785608,366.825975,98.221163,209.471663,30.067703,36.081243,85.191825,23.051906,49.110581,7.015797,8.018054,522.175773,140.315947,298.672515,43.097041,51.115095,3.000000,2.000000,3.000000,0.000000,1.000000,0.000000,1.000000,2.000000,0.000000,1.000000,0.000000,1.000000,3.000000,0.000000,1.000000,1553.000000,438.000000,932.000000,136.000000,161.000000,5.000000,
0.049376,0.992014,0.143462,0.095271,0.525493,0.002257,-209.477585,3.176249,1396042.806428,1161964.410985,2307282.745241,207665.819459,1090450.785608,366.825975,98.221163,209.471663,30.067703,36.081243,85.191825,23.051906,49.110581,7.015797,8.018054,522.175773,140.315947,298.672515,43.097041,51.115095,3.000000,2.000000,3.000000,0.000000,1.000000,0.000000,1.000000,2.000000,0.000000,1.000000,0.000000,1.000000,3.000000,0.000000,1.000000,1553.000000,438.000000,932.000000,136.000000,161.000000,5.000000,
0.049376,0.992014,0.143462,0.095271,0.525493,0.002257,-209.477585,3.176249,1396042.806428,1161964.410985,2307282.745241,207665.819459,1090450.785608,366.825975,98.221163,209.471663,30.067703,36.081243,85.191825,23.051906,49.110581,7.015797,8.018054,522.175773,140.315947,298.672515,43.097041,51.115095,3.000000,2.000000,3.000000,0.000000,1.000000,0.000000,1.000000,2.000000,0.000000,1.000000,0.000000,1.000000,3.000000,0.000000,1.000000,1553.000000,438.000000,932.000000,136.000000,161.000000,5.000000,
0.049376,0.992014,0.143462,0.095271,0.525493,0.002257,-209.477585,3.176249,1396042.806428,1161964.410985,2307282.745241,207665.819459,1090450.785608,366.825975,98.221163,209.471663,30.067703,36.081243,85.191825,23.051906,49.110581,7.015797,8.018054,522.175773,140.315947,298.672515,43.097041,51.115095,3.000000,2.000000,3.000000,0.000000,1.000000,0.000000,1.000000,2.000000,0.000000,1.000000,0.000000,1.000000,3.000000,0.000000,1.000000,1553.000000,438.000000,932.000000,136.000000,161.000000,5.000000,
0.049373,0.992913,0.145834,0.070004,0.569391,0.001870,-209.425317,3.181387,1396043.182533,1161964.511977,2307282.960379,207665.850414,1090450.822367,366.684355,98.183243,209.390793,30.056095,36.067314,85.158935,23.043006,49.091621,7.013089,8.014959,521.974177,140.261775,298.557207,43.080402,51.095361,3.000000,2.000000,3.000000,0.000000,1.000000,0.000000,1.000000,2.000000,0.000000,1.000000,0.000000,1.000000,3.000000,0.000000,1.000000,1553.000000,438.000000,932.000000,136.000000,161.000000,5.000000,
0.049373,0.992913,0.145834,0.070004,0.569391,0.001870,-209.425317,3.181387,1396043.182533,1161964.511977,2307282.960379,207665.850414,1090450.822367,366.684355,98.183243,209.390793,30.056095,36.067314,85.158935,23.043006,49.091621,7.013089,8.014959,521.974177,140.261775,298.557207,43.080402,51.095361,3.000000,2.000000,3.000000,0.000000,1.000000,0.000000,1.000000,2.000000,0.000000,1.000000,0.000000,1.000000,3.000000,0.000000,1.000000,1553.000000,438.000000,932.000000,136.000000,161.000000,5.000000,
0.049373,0.992913,0.145834,0.070004,0.569391,0.001870,-209.425317,3.181387,1396043.182533,1161964.511977,2307282.960379,207665.850414,1090450.822367,366.684355,98.183243,209.390793,30.056095,36.067314,85.158935,23.043006,49.091621,7.013089,8.014959,521.974177,140.261775,298.557207,43.080402,51.095361,3.000000,2.000000,3.000000,0.000000,1.000000,0.000000,1.000000,2.000000,0.000000,1.000000,0.000000,1.000000,3.000000,0.000000,1.000000,1553.000000,438.000000,932.000000,136.000000,161.000000,5.000000,
0.049373,0.992913,0.145834,0.070004,0.569391,0.001870,-209.425317,3.181387,1396043.182533,1161964.511977,2307282.960379,207665.850414,1090450.822367,366.684355,98.183243,209.390793,30.056095,36.067314,85.158935,23.043006,49.091621,7.013089,8.014959,521.974177,140.261775,298.557207,43.080402,51.095361,3.000000,2.000000,3.000000,0.000000,1.000000,0.000000,1.000000,2.000000,0.000000,1.000000,0.000000,1.000000,3.000000,0.000000,1.000000,1553.000000,438.000000,932.000000,136.000000,161.000000,5.000000,
0.049373,0.992913,0.145834,0.070004,0.569391,0.001870,-209.425317,3.181387,1396043.182533,1161964.511977,2307282.960379,207665.850414,1090450.822367,366.684355,98.183243,209.390793,30.056095,36.067314,85.158935,23.043006,49.091621,7.013089,8.014959,521.974177,140.261775,298.557207,43.080402,51.095361,3.000000,2.000000,3.000000,0.000000,1.000000,0.000000,1.000000,2.000000,0.000000,1.000000,0.000000,1.000000,3.000000,0.000000,1.000000,1553.000000,438.000000,932.000000,136.000000,161.000000,5.000000,
0.049373,0.992913,0.145834,0.070004,0.569391,0.001870,-209.425317,3.181387,1396043.182533,1161964.511977,2307282.960379,207665.850414,1090450.822367,366.684355,98.183243,209.390793,30.056095,36.067314,85.158935,23.043006,49.091621,7.013089,8.014959,521.974177,140.261775,298.557207,43.080402,51.095361,3.000000,2.000000,3.000000,0.000000,1.000000,0.000000,1.000000,2.000000,0.000000,1.000000,0.000000,1.000000,3.000000,0.000000,1.000000,1553.000000,438.000000,932.000000,136.000000,161.000000,5.000000,
0.049373,0.992913,0.145834,0.070004,0.569391,0.001870,-209.425317,3.181387,1396043.182533,1161964.511977,2307282.960379,207665.850414,1090450.822367,366.684355,98.183243,209.390793,30.056095,36.067314,85.158935,23.043006,49.091621,7.013089,8.014959,521.974177,140.261775,298.557207,43.080402,51.095361,3.000000,2.000000,3.000000,0.000000,1.000000,0.000000,1.000000,2.000000,0.000000,1.000000,0.000000,1.000000,3.000000,0.000000,1.000000,1553.000000,438.000000,932.000000,136.000000,161.000000,5.000000,
0.049373,0.992913,0.145834,0.070004,0.569391,0.001870,-209.425317,3.181387,1396043.182533,1161964.511977,2307282.960379,207665.850414,1090450.822367,366.684355,98.183243,209.390793,30.056095,36.067314,85.158935,23.043006,49.091621,7.013089,8.014959,521.974177,140.261775,298.557207,43.080402,51.095361,3.000000,2.000000,3.000000,0.000000,1.000000,0.000000,1.000000,2.000000,0.000000,1.000000,0.000000,1.000000,3.000000,0.000000,1.000000,1553.000000,438.000000,932.000000,136.000000,161.000000,5.000000,
0.049373,0.992913,0.145834,0.070004,0.569391,0.001870,-209.425317,3.181387,1396043.182533,1161964.511977,2307282.960379,207665.850414,1090450.822367,366.684355,98.183243,209.390793,30.056095,36.067314,85.158935,23.043006,49.091621,7.013089,8.014959,521.974177,140.261775,298.557207,43.080402,51.095361,3.000000,2.000000,3.000000,0.000000,1.000000,0.000000,1.000000,2.000000,0.000000,1.000000,0.000000,1.000000,3.000000,0.000000,1.000000,1553.000000,438.000000,932.000000,136.000000,161.000000,5.000000,
0.049373,0.992913,0.145834,0.070004,0.569391,0.001870,-209.425317,3.181387,1396043.182533,1161964.511977,2307282.960379,207665.850414,1090450.822367,366.684355,98.183243,209.390793,30.056095,36.067314,85.158935,23.043006,49.091621,7.013089,8.014959,521.974177,140.261775,298.557207,43.080402,51.095361,3.000000,2.000000,3.000000,0.000000,1.000000,0.000000,1.000000,2.000000,0.000000,1.000000,0.000000,1.000000,3.000000,0.000000,1.000000,1553.000000,438.000000,932.000000,136.000000,161.000000,5.000000,
0.049373,0.992913,0.145834,0.070004,0.569391,0.001870,-209.425317,3.181387,1396043.182533,1161964.511977,2307282.960379,207665.850414,1090450.822367,366.684355,98.183243,209.390793,30.056095,36.067314,85.158935,23.043006,49.091621,7.013089,8.014959,521.974177,140.261775,298.557207,43.080402,51.095361,3.000000,2.000000,3.000000,0.000000,1.000000,0.000000,1.000000,2.000000,0.000000,1.000000,0.000000,1.000000,3.000000,0.000000,1.000000,1553.000000,438.000000,932.000000,136.000000,161.000000,5.000000,
0.049373,0.992913,0.145834,0.070004,0.569391,0.001870,-209.425317,3.181387,1396043.182533,1161964.511977,2307282.960379,207665.850414,1090450.822367,366.684355,98.183243,209.390793,30.056095,36.067314,85.158935,23.043006,49.091621,7.013089,8.014959,521.974177,140.261775,298.557207,43.080402,51.095361,3.000000,2.000000,3.000000,0.000000,1.000000,0.000000,1.000000,2.000000,0.000000,1.000000,0.000000,1.000000,3.000000,0.000000,1.000000,1553.000000,438.000000,932.000000,136.000000,161.000000,5.000000,
0.049373,0.992913,0.145834,0.070004,0.569391,0.001870,-209.425317,3.181387,1396043.182533,1161964.511977,2307282.960379,207665.850414,1090450.822367,366.684355,98.183243,209.390793,30.056095,36.067314,85.158935,23.043006,49.091621,7.013089,8.014959,521.974177,140.261775,298.557207,43.080402,51.095361,3.000000,2.000000,3.000000,0.000000,1.000000,0.000000,1.000000,2.000000,0.000000,1.000000,0.000000,1.000000,3.000000,0.000000,1.000000,1553.000000,438.000000,932.000000,136.000000,161.000000,5.000000,
0.049373,0.992913,0.145834,0.070004,0.569391,0.001870,-209.425317,3.181387,1396043.182533,1161964.511977,2307282.960379,207665.850414,1090450.822367,366.684355,98.183243,209.390793,30.056095,36.067314,85.158935,23.043006,49.091621,7.013089,8.014959,521.974177,140.261775,298.557207,43.080402,51.095361,3.000000,2.000000,3.000000,0.000000,1.000000,0.000000,1.000000,2.000000,0.000000,1.000000,0.000000,1.000000,3.000000,0.000000,1.000000,1553.000000,438.000000,932.000000,136.000000,161.000000,5.000000,
0.049373,0.992913,0.145834,0.070004,0.569391,0.001870,-209.425317,3.181387,1396043.182533,1161964.511977,2307282.960379,207665.850414,1090450.822367,366.684355,98.183243,209.390793,30.056095,36.067314,85.158935,23.043006,49.091621,7.013089,8.014959,521.974177,140.261775,298.557207,43.080402,51.095361,3.000000,2.000000,3.000000,0.000000,1.000000,0.000000,1.000000,2.000000,0.000000,1.000000,0.000000,1.000000,3.000000,0.000000,1.000000,1553.000000,438.000000,932.000000,136.000000,161.000000,5.000000,
0.049373,0.992913,0.145834,0.070004,0.569391,0.001870,-209.425317,3.181387,1396043.182533,1161964.511977,2307282.960379,207665.850414,1090450.822367,366.684355,98.183243,209.390793,30.056095,36.067314,85.158935,23.043006,49.091621,7.013089,8.014959,521.974177,140.261775,298.557207,43.080402,51.095361,3.000000,2.000000,3.000000,0.000000,1.000000,0.000000,1.000000,2.000000,0.000000,1.000000,0.000000,1.000000,3.000000,0.000000,1.000000,1553.000000,438.000000,932.000000,136.000000,161.000000,5.000000,
0.049373,0.992913,0.145834,0.070004,0.569391,0.001870,-209.425317,3.181387,1396043.182533,1161964.511977,2307282.960379,207665.850414,1090450.822367,366.684355,98.183243,209.390793,30.056095,36.067314,85.158935,23.043006,49.091621,7.013089,8.014959,521.974177,140.261775,298.557207,43.080402,51.095361,3.000000,2.000000,3.000000,0.000000,1.000000,0.000000,1.000000,2.000000,0.000000,1.000000,0.000000,1.000000,3.000000,0.000000,1.000000,1553.000000,438.000000,932.000000,136.000000,161.000000,5.000000,
0.049373,0.992913,0.145834,0.070004,0.569391,0.001870,-209.425317,3.181387,1396043.182533,1161964.511977,2307282.960379,207665.850414,1090450.822367,366.684355,98.183243,209.390793,30.056095,36.067314,85.158935,23.043006,49.091621,7.013089,8.014959,521.974177,140.261775,298.557207,43.080402,51.095361,3.000000,2.000000,3.000000,0.000000,1.000000,0.000000,1.000000,2.000000,0.000000,1.000000,0.000000,1.000000,3.000000,0.000000,1.000000,1553.000000,438.000000,932.000000,136.000000,161.000000,5.000000,
0.049373,0.992913,0.145834,0.070004,0.569391,0.001870,-209.425317,3.181387,1396043.182533,1161964.511977,2307282.960379,207665.850414,1090450.822367,366.684355,98.183243,209.390793,30.056095,36.067314,85.158935,23.043006,49.091621,7.013089,8.014959,521.974177,140.261775,298.557207,43.080402,51.095361,3.000000,2.000000,3.000000,0.000000,1.000000,0.000000,1.000000,2.000000,0.000000,1.000000,0.000000,1.000000,3.000000,0.000000,1.000000,1553.000000,438.000000,932.000000,136.000000,161.000000,5.000000,
0.049373,0.992913,0.145834,0.070004,0.569391,0.001870,-209.425317,3.181387,1396043.182533,1161964.511977,2307282.960379,207665.850414,1090450.822367,366.684355,98.183243,209.390793,30.056095,36.067314,85.158935,23.043006,49.091621,7.013089,8.014959,521.974177,140.261775,298.557207,43.080402,51.095361,3.000000,2.000000,3.000000,0.000000,1.000000,0.000000,1.000000,2.000000,0.000000,1.000000,0.000000,1.000000,3.000000,0.000000,1.000000,1553.000000,438.000000,932.000000,136.000000,161.000000,5.000000,
0.049350,0.996093,0.148957,0.063857,0.572887,0.001428,-208.279864,3.186837,1396043.612122,1161964.627329,2307283.206111,207665.885771,1090450.864354,366.522596,98.139930,209.298422,30.042836,36.051403,85.121368,23.032841,49.069965,7.009995,8.011423,521.743914,140.199900,298.425502,43.061398,51.072821,3.000000,2.000000,3.000000,0.000000,1.000000,0.000000,1.000000,2.000000,0.000000,1.000000,0.000000,1.000000,3.000000,0.000000,1.000000,1553.000000,438.000000,932.000000,136.000000,161.000000,5.000000,
0.049350,0.996093,0.148957,0.063857,0.572887,0.001428,-208.279864,3.186837,1396043.612122,1161964.627329,2307283.206111,207665.885771,1090450.864354,366.522596,98.139930,209.298422,30.042836,36.051403,85.121368,23.032841,49.069965,7.009995,8.011423,521.743914,140.199900,298.425502,43.061398,51.072821,3.000000,2.000000,3.000000,0.000000,1.000000,0.000000,1.000000,2.000000,0.000000,1.000000,0.000000,1.000000,3.000000,0.000000,1.000000,1553.000000,438.000000,932.000000,136.000000,161.000000,5.000000,
0.049350,0.996093,0.148957,0.063857,0.572887,0.001428,-208.279864,3.186837,1396043.612122,1161964.627329,2307283.206111,207665.885771,1090450.864354,366.522596,98.139930,209.298422,30.042836,36.051403,85.121368,23.032841,49.069965,7.009995,8.011423,521.743914,140.199900,298.425502,43.061398,51.072821,3.000000,2.000000,3.000000,0.000000,1.000000,0.000000,1.000000,2.000000,0.000000,1.000000,0.000000,1.000000,3.000000,0.000000,1.000000,1553.000000,438.000000,932.000000,136.000000,161.000000,5.000000,
0.049350,0.996093,0.148957,0.063857,0.572887,0.001428,-208.279864,3.186837,1396043.612122,1161964.627329,2307283.206111,207665.885771,1090450.864354,366.522596,98.139930,209.298422,30.042836,36.051403,85.121368,23.032841,49.069965,7.009995,8.011423,521.743914,140.199900,298.425502,43.061398,51.072821,3.000000,2.000000,3.000000,0.000000,1.000000,0.000000,1.000000,2.000000,0.000000,1.000000,0.000000,1.000000,3.000000,0.000000,1.000000,1553.000000,438.000000,932.000000,136.000000,161.000000,5.000000,
0.049350,0.996093,0.148957,0.063857,0.572887,0.001428,-208.279864,3.186837,1396043.612122,1161964.627329,2307283.206111,207665.885771,1090450.864354,366.522596,98.139930,209.298422,30.042836,36.051403,85.121368,23.032841,49.069965,7.009995,8.011423,521.743914,140.199900,298.425502,43.061398,51.072821,3.000000,2.000000,3.000000,0.000000,1.000000,0.000000,1.000000,2.000000,0.000000,1.000000,0.000000,1.000000,3.000000,0.000000,1.000000,1553.000000,438.000000,932.000000,136.000000,161.000000,5.000000,
0.049350,0.996093,0.148957,0.063857,0.572887,0.001428,-208.279864,3.186837,1396043.612122,1161964.627329,2307283.206111,207665.885771,1090450.864354,366.522596,98.139930,209.298422,30.042836,36.051403,85.121368,23.032841,49.069965,7.009995,8.011423,521.743914,140.199900,298.425502,43.061398,51.072821,3.000000,2.000000,3.000000,0.000000,1.000000,0.000000,1.000000,2.000000,0.000000,1.000000,0.000000,1.000000,3.000000,0.000000,1.000000,1553.000000,438.000000,932.000000,136.000000,161.000000,5.000000,
0.049350,0.996093,0.148957,0.063857,0.572887,0.001428,-208.279864,3.186837,1396043.612122,1161964.627329,2307283.206111,207665.885771,1090450.864354,366.522596,98.139930,209.298422,30.042836,36.051403,85.121368,23.032841,49.069965,7.009995,8.011423,521.743914,140.199900,298.425502,43.061398,51.072821,3.000000,2.000000,3.000000,0.000000,1.000000,0.000000,1.000000,2.000000,0.000000,1.000000,0.000000,1.000000,3.000000,0.000000,1.000000,1553.000000,438.000000,932.000000,136.000000,161.000000,5.000000,
0.049350,0.996093,0.148957,0.063857,0.572887,0.001428,-208.279864,3.186837,1396043.612122,1161964.627329,2307283.206111,207665.885771,1090450.864354,366.522596,98.139930,209.298422,30.042836,36.051403,85.121368,23.032841,49.069965,7.009995,8.011423,521.743914,140.199900,298.425502,43.061398,51.072821,3.000000,2.000000,3.000000,0.000000,1.000000,0.000000,1.000000,2.000000,0.000000,1.000000,0.000000,1.000000,3.000000,0.000000,1.000000,1553.000000,438.000000,932.000000,136.000000,161.000000,5.000000,
0.049350,0.996093,0.148957,0.063857,0.572887,0.001428,-208.279864,3.186837,1396043.612122,1161964.627329,2307283.206111,207665.885771,1090450.864354,366.522596,98.139930,209.298422,30.042836,36.051403,85.121368,23.032841,49.069965,7.009995,8.011423,521.743914,140.199900,298.425502,43.061398,51.072821,3.000000,2.000000,3.000000,0.000000,1.000000,0.000000,1.000000,2.000000,0.000000,1.000000,0.000000,1.000000,3.000000,0.000000,1.000000,1553.000000,438.000000,932.000000,136.000000,161.000000,5.000000,
0.049350,0.996093,0.148957,0.063857,0.572887,0.001428,-208.279864,3.186837,1396043.612122,1161964.627329,2307283.206111,207665.885771,1090450.864354,366.522596,98.139930,209.298422,30.042836,36.051403,85.121368,23.032841,49.069965,7.009995,8.011423,521.743914,140.199900,298.425502,43.061398,51.072821,3.000000,2.000000,3.000000,0.000000,1.000000,0.000000,1.000000,2.000000,0.000000,1.000000,0.000000,1.000000,3.000000,0.000000,1.000000,1553.000000,438.000000,932.000000,136.000000,161.000000,5.000000,
0.049350,0.996093,0.148957,0.063857,0.572887,0.001428,-208.279864,3.186837,1396043.612122,1161964.627329,2307283.206111,207665.885771,1090450.864354,366.522596,98.139930,209.298422,30.042836,36.051403,85.121368,23.032841,49.069965,7.009995,8.011423,521.743914,140.199900,298.425502,43.061398,51.072821,3.000000,2.000000,3.000000,0.000000,1.000000,0.000000,1.000000,2.000000,0.000000,1.000000,0.000000,1.000000,3.000000,0.000000,1.000000,1553.000000,438.000000,932.000000,136.000000,161.000000,5.000000,
0.049350,0.996093,0.148957,0.063857,0.572887,0.001428,-208.279864,3.186837,1396043.612122,1161964.627329,2307283.206111,207665.885771,1090450.864354,366.522596,98.139930,209.298422,30.042836,36.051403,85.121368,23.032841,49.069965,7.009995,8.011423,521.743914,140.199900,298.425502,43.061398,51.072821,3.000000,2.000000,3.000000,0.000000,1.000000,0.000000,1.000000,2.000000,0.000000,1.000000,0.000000,1.000000,3.000000,0.000000,1.000000,1553.000000,438.000000,932.000000,136.000000,161.000000,5.000000,
0.049350,0.996093,0.148957,0.063857,0.572887,0.001428,-208.279864,3.186837,1396043.612122,1161964.627329,2307283.206111,207665.885771,1090450.864354,366.522596,98.139930,209.298422,30.042836,36.051403,85.121368,23.032841,49.069965,7.009995,8.011423,521.743914,140.199900,298.425502,43.061398,51.072821,3.000000,2.000000,3.000000,0.000000,1.000000,0.000000,1.000000,2.000000,0.000000,1.000000,0.000000,1.000000,3.000000,0.000000,1.000000,1553.000000,438.000000,932.000000,136.000000,161.000000,5.000000,
0.049350,0.996093,0.148957,0.063857,0.572887,0.001428,-208.279864,3.186837,1396043.612122,1161964.627329,2307283.206111,207665.885771,1090450.864354,366.522596,98.139930,209.298422,30.042836,36.051403,85.121368,23.032841,49.069965,7.009995,8.011423,521.743914,140.199900,298.425502,43.061398,51.072821,3.000000,2.000000,3.000000,0.000000,1.000000,0.000000,1.000000,2.000000,0.000000,1.000000,0.000000,1.000000,3.000000,0.000000,1.000000,1553.000000,438.000000,932.000000,136.000000,161.000000,5.000000,
0.049350,0.996093,0.148957,0.063857,0.572887,0.001428,-208.279864,3.186837,1396043.612122,1161964.627329,2307283.206111,207665.885771,1090450.864354,366.522596,98.139930,209.298422,30.042836,36.051403,85.121368,23.032841,49.069965,7.009995,8.011423,521.743914,140.199900,298.425502,43.061398,51.072821,3.000000,2.000000,3.000000,0.000000,1.000000,0.000000,1.000000,2.000000,0.000000,1.000000,0.000000,1.000000,3.000000,0.000000,1.000000,1553.000000,438.000000,932.000000,136.000000,161.000000,5.000000,
0.049350,0.996093,0.148957,0.063857,0.572887,0.001428,-208.279864,3.186837,1396043.612122,1161964.627329,2307283.206111,207665.885771,1090450.864354,366.522596,98.139930,209.298422,30.042836,36.051403,85.121368,23.032841,49.069965,7.009995,8.011423,521.743914,140.199900,298.425502,43.061398,51.072821,3.000000,2.000000,3.000000,0.000000,1.000000,0.000000,1.000000,2.000000,0.000000,1.000000,0.000000,1.000000,3.000000,0.000000,1.000000,1553.000000,438.000000,932.000000,136.000000,161.000000,5.000000,
0.049350,0.996093,0.148957,0.063857,0.572887,0.001428,-208.279864,3.186837,1396043.612122,1161964.627329,2307283.206111,207665.885771,1090450.864354,366.522596,98.139930,209.298422,30.042836,36.051403,85.121368,23.032841,49.069965,7.009995,8.011423,521.743914,140.199900,298.425502,43.061398,51.072821,3.000000,2.000000,3.000000,0.000000,1.000000,0.000000,1.000000,2.000000,0.000000,1.000000,0.000000,1.000000,3.000000,0.000000,1.000000,1553.000000,438.000000,932.000000,136.000000,161.000000,5.000000,
0.049350,0.996093,0.148957,0.063857,0.572887,0.001428,-208.279864,3.186837,1396043.612122,1161964.627329,2307283.206111,207665.885771,1090450.864354,366.522596,98.139930,209.298422,30.042836,36.051403,85.121368,23.032841,49.069965,7.009995,8.011423,521.743914,140.199900,298.425502,43.061398,51.072821,3.000000,2.000000,3.000000,0.000000,1.000000,0.000000,1.000000,2.000000,0.000000,1.000000,0.000000,1.000000,3.000000,0.000000,1.000000,1553.000000,438.000000,932.000000,136.000000,161.000000,5.000000,
0.049350,0.996093,0.148957,0.063857,0.572887,0.001428,-208.279864,3.186837,1396043.612122,1161964.627329,2307283.206111,207665.885771,1090450.864354,366.522596,98.139930,209.298422,30.042836,36.051403,85.121368,23.032841,49.069965,7.009995,8.011423,521.743914,140.199900,298.425502,43.061398,51.072821,3.000000,2.000000,3.000000,0.000000,1.000000,0.000000,1.000000,2.000000,0.000000,1.000000,0.000000,1.000000,3.000000,0.000000,1.000000,1553.000000,438.000000,932.000000,136.000000,161.000000,5.000000,
0.049350,0.996093,0.148957,0.063857,0.572887,0.001428,-208.279864,3.186837,1396043.612122,1161964.627329,2307283.206111,207665.885771,1090450.864354,366.522596,98.139930,209.298422,30.042836,36.051403,85.121368,23.032841,49.069965,7.009995,8.011423,521.743914,140.199900,298.425502,43.061398,51.072821,3.000000,2.000000,3.000000,0.000000,1.000000,0.000000,1.000000,2.000000,0.000000,1.000000,0.000000,1.000000,3.000000,0.000000,1.000000,1553.000000,438.000000,932.000000,136.000000,161.000000,5.000000,
0.049350,0.996093,0.148957,0.063857,0.572887,0.001428,-208.279864,3.186837,1396043.612122,1161964.627329,2307283.206111,207665.885771,1090450.864354,366.522596,98.139930,209.298422,30.042836,36.051403,85.121368,23.032841,49.069965,7.009995,8.011423,521.743914,140.199900,298.425502,43.061398,51.072821,3.000000,2.000000,3.000000,0.000000,1.000000,0.000000,1.000000,2.000000,0.000000,1.000000,0.000000,1.000000,3.000000,0.000000,1.000000,1553.000000,438.000000,932.000000,136.000000,161.000000,5.000000,
0.049350,0.996093,0.148957,0.063857,0.572887,0.001428,-208.279864,3.186837,1396043.612122,1161964.627329,2307283.206111,207665.885771,1090450.864354,366.522596,98.139930,209.298422,30.042836,36.051403,85.121368,23.032841,49.069965,7.009995,8.011423,521.743914,140.199900,298.425502,43.061398,51.072821,3.000000,2.000000,3.000000,0.000000,1.000000,0.000000,1.000000,2.000000,0.000000,1.000000,0.000000,1.000000,3.000000,0.000000,1.000000,1553.000000,438.000000,932.000000,136.000000,161.000000,5.000000,
0.049350,0.996093,0.148957,0.063857,0.572887,0.001428,-208.279864,3.186837,1396043.612122,1161964.627329,2307283.206111,207665.885771,1090450.864354,366.522596,98.139930,209.298422,30.042836,36.051403,85.121368,23.032841,49.069965,7.009995,8.011423,521.743914,140.199900,298.425502,43.061398,51.072821,3.000000,2.000000,3.000000,0.000000,1.000000,0.000000,1.000000,2.000000,0.000000,1.000000,0.000000,1.000000,3.000000,0.000000,1.000000,1553.000000,438.000000,932.000000,136.000000,161.000000,5.000000,
0.049350,0.996093,0.148957,0.063857,0.572887,0.001428,-208.279864,3.186837,1396043.612122,1161964.627329,2307283.206111,207665.885771,1090450.864354,366.522596,98.139930,209.298422,30.042836,36.051403,85.121368,23.032841,49.069965,7.009995,8.011423,521.743914,140.199900,298.425502,43.061398,51.072821,3.000000,2.000000,3.000000,0.000000,1.000000,0.000000,1.000000,2.000000,0.000000,1.000000,0.000000,1.000000,3.000000,0.000000,1.000000,1553.000000,438.000000,932.000000,136.000000,161.000000,5.000000,
0.049350,0.996093,0.148957,0.063857,0.572887,0.001428,-208.279864,3.186837,1396043.612122,1161964.627329,2307283.206111,207665.885771,1090450.864354,366.522596,98.139930,209.298422,30.042836,36.051403,85.121368,23.032841,49.069965,7.009995,8.011423,521.743914,140.199900,298.425502,43.061398,51.072821,3.000000,2.000000,3.000000,0.000000,1.000000,0.000000,1.000000,2.000000,0.000000,1.000000,0.000000,1.000000,3.000000,0.000000,1.000000,1553.000000,438.000000,932.000000,136.000000,161.000000,5.000000,
0.049350,0.996093,0.148957,0.063857,0.572887,0.001428,-208.279864,3.186837,1396043.612122,1161964.627329,2307283.206111,207665.885771,1090450.864354,366.522596,98.139930,209.298422,30.042836,36.051403,85.121368,23.032841,49.069965,7.009995,8.011423,521.743914,140.199900,298.425502,43.061398,51.072821,3.000000,2.000000,3.000000,0.000000,1.000000,0.000000,1.000000,2.000000,0.000000,1.000000,0.000000,1.000000,3.000000,0.000000,1.000000,1553.000000,438.000000,932.000000,136.000000,161.000000,5.000000,
0.049350,0.996093,0.148957,0.063857,0.572887,0.001428,-208.279864,3.186837,1396043.612122,1161964.627329,2307283.206111,207665.885771,1090450.864354,366.522596,98.139930,209.298422,30.042836,36.051403,85.121368,23.032841,49.069965,7.009995,8.011423,521.743914,140.199900,298.425502,43.061398,51.072821,3.000000,2.000000,3.000000,0.000000,1.000000,0.000000,1.000000,2.000000,0.000000,1.000000,0.000000,1.000000,3.000000,0.000000,1.000000,1553.000000,438.000000,932.000000,136.000000,161.000000,5.000000,
0.049350,0.996093,0.148957,0.063857,0.572887,0.001428,-208.279864,3.186837,1396043.612122,1161964.627329,2307283.206111,207665.885771,1090450.864354,366.522596,98.139930,209.298422,30.042836,36.051403,85.121368,23.032841,49.069965,7.009995,8.011423,521.743914,140.199900,298.425502,43.061398,51.072821,3.000000,2.000000,3.000000,0.000000,1.000000,0.000000,1.000000,2.000000,0.000000,1.000000,0.000000,1.000000,3.000000,0.000000,1.000000,1553.000000,438.000000,932.000000,136.000000,161.000000,5.000000,
0.049350,0.996093,0.148957,0.063857,0.572887,0.001428,-208.279864,3.186837,1396043.612122,1161964.627329,2307283.206111,207665.885771,1090450.864354,366.522596,98.139930,209.298422,30.042836,36.051403,85.121368,23.032841,49.069965,7.009995,8.011423,521.743914,140.199900,298.425502,43.061398,51.072821,3.000000,2.000000,3.000000,0.000000,1.000000,0.000000,1.000000,2.000000,0.000000,1.000000,0.000000,1.000000,3.000000,0.000000,1.000000,1553.000000,438.000000,932.000000,136.000000,161.000000,5.000000,
0.049350,0.996093,0.148957,0.063857,0.572887,0.001428,-208.279864,3.186837,1396043.612122,1161964.627329,2307283.206111,207665.885771,1090450.864354,366.522596,98.139930,209.298422,30.042836,36.051403,85.121368,23.032841,49.069965,7.009995,8.011423,521.743914,140.199900,298.425502,43.061398,51.072821,3.000000,2.000000,3.000000,0.000000,1.000000,0.000000,1.000000,2.000000,0.000000,1.000000,0.000000,1.000000,3.000000,0.000000,1.000000,1553.000000,438.000000,932.000000,136.000000,161.000000,5.000000,
0.049350,0.996093,0.148957,0.063857,0.572887,0.001428,-208.279864,3.186837,1396043.612122,1161964.627329,2307283.206111,207665.885771,1090450.864354,366.522596,98.139930,209.298422,30.042836,36.051403,85.121368,23.032841,49.069965,7.009995,8.011423,521.743914,140.199900,298.425502,43.061398,51.072821,3.000000,2.000000,3.000000,0.000000,1.000000,0.000000,1.000000,2.000000,0.000000,1.000000,0.000000,1.000000,3.000000,0.000000,1.000000,1553.000000,438.000000,932.000000,136.000000,161.000000,5.000000,
0.049350,0.996093,0.148957,0.063857,0.572887,0.001428,-208.279864,3.186837,1396043.612122,1161964.627329,2307283.206111,207665.885771,1090450.864354,366.522596,98.139930,209.298422,30.042836,36.051403,85.121368,23.032841,49.069965,7.009995,8.011423,521.743914,140.199900,298.425502,43.061398,51.072821,3.000000,2.000000,3.000000,0.000000,1.000000,0.000000,1.000000,2.000000,0.000000,1.000000,0.000000,1.000000,3.000000,0.000000,1.000000,1553.000000,438.000000,932.000000,136.000000,161.000000,5.000000,
0.049350,0.996093,0.148957,0.063857,0.572887,0.001428,-208.279864,3.186837,1396043.612122,1161964.627329,2307283.206111,207665.885771,1090450.864354,366.522596,98.139930,209.298422,30.042836,36.051403,85.121368,23.032841,49.069965,7.009995,8.011423,521.743914,140.199900,298.425502,43.061398,51.072821,3.000000,2.000000,3.000000,0.000000,1.000000,0.000000,1.000000,2.000000,0.000000,1.000000,0.000000,1.000000,3.000000,0.000000,1.000000,1553.000000,438.000000,932.000000,136.000000,161.000000,5.000000,
0.049350,0.996093,0.148957,0.063857,0.572887,0.001428,-208.279864,3.186837,1396043.612122,1161964.627329,2307283.206111,207665.885771,1090450.864354,366.522596,98.139930,209.298422,30.042836,36.051403,85.121368,23.032841,49.069965,7.009995,8.011423,521.743914,140.199900,298.425502,43.061398,51.072821,3.000000,2.000000,3.000000,0.000000,1.000000,0.000000,1.000000,2.000000,0.000000,1.000000,0.000000,1.000000,3.000000,0.000000,1.000000,1553.000000,438.000000,932.000000,136.000000,161.000000,5.000000,
0.049350,0.996093,0.148957,0.063857,0.572887,0.001428,-208.279864,3.186837,1396043.612122,1161964.627329,2307283.206111,207665.885771,1090450.864354,366.522596,98.139930,209.298422,30.042836,36.051403,85.121368,23.032841,49.069965,7.009995,8.011423,521.743914,140.199900,298.425502,43.061398,51.072821,3.000000,2.000000,3.000000,0.000000,1.000000,0.000000,1.000000,2.000000,0.000000,1.000000,0.000000,1.000000,3.000000,0.000000,1.000000,1553.000000,438.000000,932.000000,136.000000,161.000000,5.000000,
0.049350,0.996093,0.148957,0.063857,0.572887,0.001428,-208.279864,3.186837,1396043.612122,1161964.627329,2307283.206111,207665.885771,1090450.864354,366.522596,98.139930,209.298422,30.042836,36.051403,85.121368,23.032841,49.069965,7.009995,8.011423,521.743914,140.199900,298.425502,43.061398,51.072821,3.000000,2.000000,3.000000,0.000000,1.000000,0.000000,1.000000,2.000000,0.000000,1.000000,0.000000,1.000000,3.000000,0.000000,1.000000,1553.000000,438.000000,932.000000,136.000000,161.000000,5.000000,
0.049350,0.996093,0.148957,0.063857,0.572887,0.001428,-208.279864,3.186837,1396043.612122,1161964.627329,2307283.206111,207665.885771,1090450.864354,366.522596,98.139930,209.298422,30.042836,36.051403,85.121368,23.032841,49.069965,7.009995,8.011423,521.743914,140.199900,298.425502,43.061398,51.072821,3.000000,2.000000,3.000000,0.000000,1.000000,0.000000,1.000000,2.000000,0.000000,1.000000,0.000000,1.000000,3.000000,0.000000,1.000000,1553.000000,438.000000,932.000000,136.000000,161.000000,5.000000,
0.049350,0.996093,0.148957,0.063857,0.572887,0.001428,-208.279864,3.186837,1396043.612122,1161964.627329,2307283.206111,207665.885771,1090450.864354,366.522596,98.139930,209.298422,30.042836,36.051403,85.121368,23.032841,49.069965,7.009995,8.011423,521.743914,140.199900,298.425502,43.061398,51.072821,3.000000,2.000000,3.000000,0.000000,1.000000,0.000000,1.000000,2.000000,0.000000,1.000000,0.000000,1.000000,3.000000,0.000000,1.000000,1553.000000,438.000000,932.000000,136.000000,161.000000,5.000000,
0.049350,0.996093,0.148957,0.063857,0.572887,0.001428,-208.279864,3.186837,1396043.612122,1161964.627329,2307283.206111,207665.885771,1090450.864354,366.522596,98.139930,209.298422,30.042836,36.051403,85.121368,23.032841,49.069965,7.009995,8.011423,521.743914,140.199900,298.425502,43.061398,51.072821,3.000000,2.000000,3.000000,0.000000,1.000000,0.000000,1.000000,2.000000,0.000000,1.000000,0.000000,1.000000,3.000000,0.000000,1.000000,1553.000000,438.000000,932.000000,136.000000,161.000000,5.000000,
0.049350,0.996093,0.148957,0.063857,0.572887,0.001428,-208.279864,3.186837,1396043.612122,1161964.627329,2307283.206111,207665.885771,1090450.864354,366.522596,98.139930,209.298422,30.042836,36.051403,85.121368,23.032841,49.069965,7.009995,8.011423,521.743914,140.199900,298.425502,43.061398,51.072821,3.000000,2.000000,3.000000,0.000000,1.000000,0.000000,1.000000,2.000000,0.000000,1.000000,0.000000,1.000000,3.000000,0.000000,1.000000,1553.000000,438.000000,932.000000,136.000000,161.000000,5.000000,
0.049350,0.996093,0.148957,0.063857,0.572887,0.001428,-208.279864,3.186837,1396043.612122,1161964.627329,2307283.206111,207665.885771,1090450.864354,366.522596,98.139930,209.298422,30.042836,36.051403,85.121368,23.032841,49.069965,7.009995,8.011423,521.743914,140.199900,298.425502,43.061398,51.072821,3.000000,2.000000,3.000000,0.000000,1.000000,0.000000,1.000000,2.000000,0.000000,1.000000,0.000000,1.000000,3.000000,0.000000,1.000000,1553.000000,438.000000,932.000000,136.000000,161.000000,5.000000,
0.049350,0.996093,0.148957,0.063857,0.572887,0.001428,-208.279864,3.186837,1396043.612122,1161964.627329,2307283.206111,207665.885771,1090450.864354,366.522596,98.139930,209.298422,30.042836,36.051403,85.121368,23.032841,49.069965,7.009995,8.011423,521.743914,140.199900,298.425502,43.061398,51.072821,3.000000,2.000000,3.000000,0.000000,1.000000,0.000000,1.000000,2.000000,0.000000,1.000000,0.000000,1.000000,3.000000,0.000000,1.000000,1553.000000,438.000000,932.000000,136.000000,161.000000,5.000000,
0.049350,0.996093,0.148957,0.063857,0.572887,0.001428,-208.279864,3.186837,1396043.612122,1161964.627329,2307283.206111,207665.885771,1090450.864354,366.522596,98.139930,209.298422,30.042836,36.051403,85.121368,23.032841,49.069965,7.009995,8.011423,521.743914,140.199900,298.425502,43.061398,51.072821,3.000000,2.000000,3.000000,0.000000,1.000000,0.000000,1.000000,2.000000,0.000000,1.000000,0.000000,1.000000,3.000000,0.000000,1.000000,1553.000000,438.000000,932.000000,136.000000,161.000000,5.000000,
0.049350,0.996093,0.148957,0.063857,0.572887,0.001428,-208.279864,3.186837,1396043.612122,1161964.627329,2307283.206111,207665.885771,1090450.864354,366.522596,98.139930,209.298422,30.042836,36.051403,85.121368,23.032841,49.069965,7.009995,8.011423,521.743914,140.199900,298.425502,43.061398,51.072821,3.000000,2.000000,3.000000,0.000000,1.000000,0.000000,1.000000,2.000000,0.000000,1.000000,0.000000,1.000000,3.000000,0.000000,1.000000,1553.000000,438.000000,932.000000,136.000000,161.000000,5.000000,
0.049350,0.996093,0.148957,0.063857,0.572887,0.001428,-208.279864,3.186837,1396043.612122,1161964.627329,2307283.206111,207665.885771,1090450.864354,366.522596,98.139930,209.298422,30.042836,36.051403,85.121368,23.032841,49.069965,7.009995,8.011423,521.743914,140.199900,298.425502,43.061398,51.072821,3.000000,2.000000,3.000000,0.000000,1.000000,0.000000,1.000000,2.000000,0.000000,1.000000,0.000000,1.000000,3.000000,0.000000,1.000000,1553.000000,438.000000,932.000000,136.000000,161.000000,5.000000,
0.049350,0.996093,0.148957,0.063857,0.572887,0.001428,-208.279864,3.186837,1396043.612122,1161964.627329,2307283.206111,207665.885771,1090450.864354,366.522596,98.139930,209.298422,30.042836,36.051403,85.121368,23.032841,49.069965,7.009995,8.011423,521.743914,140.199900,298.425502,43.061398,51.072821,3.000000,2.000000,3.000000,0.000000,1.000000,0.000000,1.000000,2.000000,0.000000,1.000000,0.000000,1.000000,3.000000,0.000000,1.000000,1553.000000,438.000000,932.000000,136.000000,161.000000,5.000000,
0.049350,0.996093,0.148957,0.063857,0.572887,0.001428,-208.279864,3.186837,1396043.612122,1161964.627329,2307283.206111,207665.885771,1090450.864354,366.522596,98.139930,209.298422,30.042836,36.051403,85.121368,23.032841,49.069965,7.009995,8.011423,521.743914,140.199900,298.425502,43.061398,51.072821,3.000000,2.000000,3.000000,0.000000,1.000000,0.000000,1.000000,2.000000,0.000000,1.000000,0.000000,1.000000,3.000000,0.000000,1.000000,1553.000000,438.000000,932.000000,136.000000,161.000000,5.000000,
0.049350,0.996093,0.148957,0.063857,0.572887,0.001428,-208.279864,3.186837,1396043.612122,1161964.627329,2307283.206111,207665.885771,1090450.864354,366.522596,98.139930,209.298422,30.042836,36.051403,85.121368,23.032841,49.069965,7.009995,8.011423,521.743914,140.199900,298.425502,43.061398,51.072821,3.000000,2.000000,3.000000,0.000000,1.000000,0.000000,1.000000,2.000000,0.000000,1.000000,0.000000,1.000000,3.000000,0.000000,1.000000,1553.000000,438.000000,932.000000,136.000000,161.000000,5.000000,
0.049350,0.996093,0.148957,0.063857,0.572887,0.001428,-208.279864,3.186837,1396043.612122,1161964.627329,2307283.206111,207665.885771,1090450.864354,366.522596,98.139930,209.298422,30.042836,36.051403,85.121368,23.032841,49.069965,7.009995,8.011423,521.743914,140.199900,298.425502,43.061398,51.072821,3.000000,2.000000,3.000000,0.000000,1.000000,0.000000,1.000000,2.000000,0.000000,1.000000,0.000000,1.000000,3.000000,0.000000,1.000000,1553.000000,438.000000,932.000000,136.000000,161.000000,5.000000,
0.049350,0.996093,0.148957,0.063857,0.572887,0.001428,-208.279864,3.186837,1396043.612122,1161964.627329,2307283.206111,207665.885771,1090450.864354,366.522596,98.139930,209.298422,30.042836,36.051403,85.121368,23.032841,49.069965,7.009995,8.011423,521.743914,140.199900,298.425502,43.061398,51.072821,3.000000,2.000000,3.000000,0.000000,1.000000,0.000000,1.000000,2.000000,0.000000,1.000000,0.000000,1.000000,3.000000,0.000000,1.000000,1553.000000,438.000000,932.000000,136.000000,161.000000,5.000000,
0.049350,0.996093,0.148957,0.063857,0.572887,0.001428,-208.279864,3.186837,1396043.612122,1161964.627329,2307283.206111,207665.885771,1090450.864354,366.522596,98.139930,209.298422,30.042836,36.051403,85.121368,23.032841,49.069965,7.009995,8.011423,521.743914,140.199900,298.425502,43.061398,51.072821,3.000000,2.000000,3.000000,0.000000,1.000000,0.000000,1.000000,2.000000,0.000000,1.000000,0.000000,1.000000,3.000000,0.000000,1.000000,1553.000000,438.000000,932.000000,136.000000,161.000000,5.000000,
0.049350,0.996093,0.148957,0.063857,0.572887,0.001428,-208.279864,3.186837,1396043.612122,1161964.627329,2307283.206111,207665.885771,1090450.864354,366.522596,98.139930,209.298422,30.042836,36.051403,85.121368,23.032841,49.069965,7.009995,8.011423,521.743914,140.199900,298.425502,43.061398,51.072821,3.000000,2.000000,3.000000,0.000000,1.000000,0.000000,1.000000,2.000000,0.000000,1.000000,0.000000,1.000000,3.000000,0.000000,1.000000,1553.000000,438.000000,932.000000,136.000000,161.000000,5.000000,
0.049350,0.996093,0.148957,0.063857,0.572887,0.001428,-208.279864,3.186837,1396043.612122,1161964.627329,2307283.206111,207665.885771,1090450.864354,366.522596,98.139930,209.298422,30.042836,36.051403,85.121368,23.032841,49.069965,7.009995,8.011423,521.743914,140.199900,298.425502,43.061398,51.072821,3.000000,2.000000,3.000000,0.000000,1.000000,0.000000,1.000000,2.000000,0.000000,1.000000,0.000000,1.000000,3.000000,0.000000,1.000000,1553.000000,438.000000,932.000000,136.000000,161.000000,5.000000,
0.049350,0.996093,0.148957,0.063857,0.572887,0.001428,-208.279864,3.186837,1396043.612122,1161964.627329,2307283.206111,207665.885771,1090450.864354,366.522596,98.139930,209.298422,30.042836,36.051403,85.121368,23.032841,49.069965,7.009995,8.011423,521.743914,140.199900,298.425502,43.061398,51.072821,3.000000,2.000000,3.000000,0.000000,1.000000,0.000000,1.000000,2.000000,0.000000,1.000000,0.000000,1.000000,3.000000,0.000000,1.000000,1553.000000,438.000000,932.000000,136.000000,161.000000,5.000000,
0.049350,0.996093,0.148957,0.063857,0.572887,0.001428,-208.279864,3.186837,1396043.612122,1161964.627329,2307283.206111,207665.885771,1090450.864354,366.522596,98.139930,209.298422,30.042836,36.051403,85.121368,23.032841,49.069965,7.009995,8.011423,521.743914,140.199900,298.425502,43.061398,51.072821,3.000000,2.000000,3.000000,0.000000,1.000000,0.000000,1.000000,2.000000,0.000000,1.000000,0.000000,1.000000,3.000000,0.000000,1.000000,1553.000000,438.000000,932.000000,136.000000,161.000000,5.000000,
0.049356,0.988818,0.149525,0.085553,0.512528,0.002252,-209.999622,3.188511,1396042.811098,1161964.412239,2307282.747912,207665.819843,1090450.786064,366.824216,98.220692,209.470659,30.067559,36.081070,85.191416,23.051795,49.110346,7.015764,8.018016,522.173269,140.315274,298.671083,43.096834,51.114850,3.000000,2.000000,3.000000,0.000000,1.000000,0.000000,1.000000,2.000000,0.000000,1.000000,0.000000,1.000000,3.000000,0.000000,1.000000,1553.000000,438.000000,932.000000,136.000000,161.000000,5.000000,
0.049356,0.988818,0.149525,0.085553,0.512528,0.002252,-209.999622,3.188511,1396042.811098,1161964.412239,2307282.747912,207665.819843,1090450.786064,366.824216,98.220692,209.470659,30.067559,36.081070,85.191416,23.051795,49.110346,7.015764,8.018016,522.173269,140.315274,298.671083,43.096834,51.114850,3.000000,2.000000,3.000000,0.000000,1.000000,0.000000,1.000000,2.000000,0.000000,1.000000,0.000000,1.000000,3.000000,0.000000,1.000000,1553.000000,438.000000,932.000000,136.000000,161.000000,5.000000,
0.049356,0.988818,0.149525,0.085553,0.512528,0.002252,-209.999622,3.188511,1396042.811098,1161964.412239,2307282.747912,207665.819843,1090450.786064,366.824216,98.220692,209.470659,30.067559,36.081070,85.191416,23.051795,49.110346,7.015764,8.018016,522.173269,140.315274,298.671083,43.096834,51.114850,3.000000,2.000000,3.000000,0.000000,1.000000,0.000000,1.000000,2.000000,0.000000,1.000000,0.000000,1.000000,3.000000,0.000000,1.000000,1553.000000,438.000000,932.000000,136.000000,161.000000,5.000000,
0.049356,0.988818,0.149525,0.085553,0.512528,0.002252,-209.999622,3.188511,1396042.811098,1161964.412239,2307282.747912,207665.819843,1090450.786064,366.824216,98.220692,209.470659,30.067559,36.081070,85.191416,23.051795,49.110346,7.015764,8.018016,522.173269,140.315274,298.671083,43.096834,51.114850,3.000000,2.000000,3.000000,0.000000,1.000000,0.000000,1.000000,2.000000,0.000000,1.000000,0.000000,1.000000,3.000000,0.000000,1.000000,1553.000000,438.000000,932.000000,136.000000,161.000000,5.000000,
0.049356,0.988818,0.149525,0.085553,0.512528,0.002252,-209.999622,3.188511,1396042.811098,1161964.412239,2307282.747912,207665.819843,1090450.786064,366.824216,98.220692,209.470659,30.067559,36.081070,85.191416,23.051795,49.110346,7.015764,8.018016,522.173269,140.315274,298.671083,43.096834,51.114850,3.000000,2.000000,3.000000,0.000000,1.000000,0.000000,1.000000,2.000000,0.000000,1.000000,0.000000,1.000000,3.000000,0.000000,1.000000,1553.000000,438.000000,932.000000,136.000000,161.000000,5.000000,
0.049399,0.986723,0.148965,0.083713,0.515599,0.002324,-209.466263,3.190028,1396042.740914,1161964.393394,2307282.707766,207665.814067,1090450.779205,366.850644,98.227768,209.485750,30.069725,36.083670,85.197554,23.053456,49.113884,7.016269,8.018593,522.210889,140.325383,298.692600,43.099939,51.118532,3.000000,2.000000,3.000000,0.000000,1.000000,0.000000,1.000000,2.000000,0.000000,1.000000,0.000000,1.000000,3.000000,0.000000,1.000000,1553.000000,438.000000,932.000000,136.000000,161.000000,5.000000,
0.049399,0.986723,0.148965,0.083713,0.515599,0.002324,-209.466263,3.190028,1396042.740914,1161964.393394,2307282.707766,207665.814067,1090450.779205,366.850644,98.227768,209.485750,30.069725,36.083670,85.197554,23.053456,49.113884,7.016269,8.018593,522.210889,140.325383,298.692600,43.099939,51.118532,3.000000,2.000000,3.000000,0.000000,1.000000,0.000000,1.000000,2.000000,0.000000,1.000000,0.000000,1.000000,3.000000,0.000000,1.000000,1553.000000,438.000000,932.000000,136.000000,161.000000,5.000000,
0.049399,0.986723,0.148965,0.083713,0.515599,0.002324,-209.466263,3.190028,1396042.740914,1161964.393394,2307282.707766,207665.814067,1090450.779205,366.850644,98.227768,209.485750,30.069725,36.083670,85.197554,23.053456,49.113884,7.016269,8.018593,522.210889,140.325383,298.692600,43.099939,51.118532,3.000000,2.000000,3.000000,0.000000,1.000000,0.000000,1.000000,2.000000,0.000000,1.000000,0.000000,1.000000,3.000000,0.000000,1.000000,1553.000000,438.000000,932.000000,136.000000,161.000000,5.000000,
0.049399,0.986723,0.148965,0.083713,0.515599,0.002324,-209.466263,3.190028,1396042.740914,1161964.393394,2307282.707766,207665.814067,1090450.779205,366.850644,98.227768,209.485750,30.069725,36.083670,85.197554,23.053456,49.113884,7.016269,8.018593,522.210889,140.325383,298.692600,43.099939,51.118532,3.000000,2.000000,3.000000,0.000000,1.000000,0.000000,1.000000,2.000000,0.000000,1.000000,0.000000,1.000000,3.000000,0.000000,1.000000,1553.000000,438.000000,932.000000,136.000000,161.000000,5.000000,
0.049399,0.986723,0.148965,0.083713,0.515599,0.002324,-209.466263,3.190028,1396042.740914,1161964.393394,2307282.707766,207665.814067,1090450.779205,366.850644,98.227768,209.485750,30.069725,36.083670,85.197554,23.053456,49.113884,7.016269,8.018593,522.210889,140.325383,298.692600,43.099939,51.118532,3.000000,2.000000,3.000000,0.000000,1.000000,0.000000,1.000000,2.000000,0.000000,1.000000,0.000000,1.000000,3.000000,0.000000,1.000000,1553.000000,438.000000,932.000000,136.000000,161.000000,5.000000,
0.049399,0.986723,0.148965,0.083713,0.515599,0.002324,-209.466263,3.190028,1396042.740914,1161964.393394,2307282.707766,207665.814067,1090450.779205,366.850644,98.227768,209.485750,30.069725,36.083670,85.197554,23.053456,49.113884,7.016269,8.018593,522.210889,140.325383,298.692600,43.099939,51.118532,3.000000,2.000000,3.000000,0.000000,1.000000,0.000000,1.000000,2.000000,0.000000,1.000000,0.000000,1.000000,3.000000,0.000000,1.000000,1553.000000,438.000000,932.000000,136.000000,161.000000,5.000000,
0.049399,0.986723,0.148965,0.083713,0.515599,0.002324,-209.466263,3.190028,1396042.740914,1161964.393394,2307282.707766,207665.814067,1090450.779205,366.850644,98.227768,209.485750,30.069725,36.083670,85.197554,23.053456,49.113884,7.016269,8.018593,522.210889,140.325383,298.692600,43.099939,51.118532,3.000000,2.000000,3.000000,0.000000,1.000000,0.000000,1.000000,2.000000,0.000000,1.000000,0.000000,1.000000,3.000000,0.000000,1.000000,1553.000000,438.000000,932.000000,136.000000,161.000000,5.000000,
0.049403,0.998218,0.146205,0.078645,0.550649,0.001745,-205.960731,3.184117,1396043.304167,1161964.544637,2307283.029955,207665.860425,1090450.834255,366.638555,98.170979,209.364639,30.052341,36.062809,85.148298,23.040128,49.085490,7.012213,8.013957,521.908981,140.244256,298.519916,43.075021,51.088979,3.000000,2.000000,3.000000,0.000000,1.000000,0.000000,1.000000,2.000000,0.000000,1.000000,0.000000,1.000000,3.000000,0.000000,1.000000,1553.000000,438.000000,932.000000,136.000000,161.000000,5.000000,
0.049403,0.998218,0.146205,0.078645,0.550649,0.001745,-205.960731,3.184117,1396043.304167,1161964.544637,2307283.029955,207665.860425,1090450.834255,366.638555,98.170979,209.364639,30.052341,36.062809,85.148298,23.040128,49.085490,7.012213,8.013957,521.908981,140.244256,298.519916,43.075021,51.088979,3.000000,2.000000,3.000000,0.000000,1.000000,0.000000,1.000000,2.000000,0.000000,1.000000,0.000000,1.000000,3.000000,0.000000,1.000000,1553.000000,438.000000,932.000000,136.000000,161.000000,5.000000,
0.049403,0.998218,0.146205,0.078645,0.550649,0.001745,-205.960731,3.184117,1396043.304167,1161964.544637,2307283.029955,207665.860425,1090450.834255,366.638555,98.170979,209.364639,30.052341,36.062809,85.148298,23.040128,49.085490,7.012213,8.013957,521.908981,140.244256,298.519916,43.075021,51.088979,3.000000,2.000000,3.000000,0.000000,1.000000,0.000000,1.000000,2.000000,0.000000,1.000000,0.000000,1.000000,3.000000,0.000000,1.000000,1553.000000,438.000000,932.000000,136.000000,161.000000,5.000000,
0.049403,0.998218,0.146205,0.078645,0.550649,0.001745,-205.960731,3.184117,1396043.304167,1161964.544637,2307283.029955,207665.860425,1090450.834255,366.638555,98.170979,209.364639,30.052341,36.062809,85.148298,23.040128,49.085490,7.012213,8.013957,521.908981,140.244256,298.519916,43.075021,51.088979,3.000000,2.000000,3.000000,0.000000,1.000000,0.000000,1.000000,2.000000,0.000000,1.000000,0.000000,1.000000,3.000000,0.000000,1.000000,1553.000000,438.000000,932.000000,136.000000,161.000000,5.000000,
0.049403,0.998218,0.146205,0.078645,0.550649,0.001745,-205.960731,3.184117,1396043.304167,1161964.544637,2307283.029955,207665.860425,1090450.834255,366.638555,98.170979,209.364639,30.052341,36.062809,85.148298,23.040128,49.085490,7.012213,8.013957,521.908981,140.244256,298.519916,43.075021,51.088979,3.000000,2.000000,3.000000,0.000000,1.000000,0.000000,1.000000,2.000000,0.000000,1.000000,0.000000,1.000000,3.000000,0.000000,1.000000,1553.000000,438.000000,932.000000,136.000000,161.000000,5.000000,
0.049403,0.998218,0.146205,0.078645,0.550649,0.001745,-205.960731,3.184117,1396043.304167,1161964.544637,2307283.029955,207665.860425,1090450.834255,366.638555,98.170979,209.364639,30.052341,36.062809,85.148298,23.040128,49.085490,7.012213,8.013957,521.908981,140.244256,298.519916,43.075021,51.088979,3.000000,2.000000,3.000000,0.000000,1.000000,0.000000,1.000000,2.000000,0.000000,1.000000,0.000000,1.000000,3.000000,0.000000,1.000000,1553.000000,438.000000,932.000000,136.000000,161.000000,5.000000,
0.049403,0.998218,0.146205,0.078645,0.550649,0.001745,-205.960731,3.184117,1396043.304167,1161964.544637,2307283.029955,207665.860425,1090450.834255,366.638555,98.170979,209.364639,30.052341,36.062809,85.148298,23.040128,49.085490,7.012213,8.013957,521.908981,140.244256,298.519916,43.075021,51.088979,3.000000,2.000000,3.000000,0.000000,1.000000,0.000000,1.000000,2.000000,0.000000,1.000000,0.000000,1.000000,3.000000,0.000000,1.000000,1553.000000,438.000000,932.000000,136.000000,161.000000,5.000000,
0.049395,0.997914,0.147916,0.080081,0.535963,0.002616,-206.187720,3.187441,1396042.457572,1161964.317311,2307282.545689,207665.790747,1090450.751512,366.957334,98.256335,209.546674,30.078470,36.094164,85.222332,23.060160,49.128168,7.018310,8.020925,522.362762,140.366193,298.779469,43.112474,51.133399,3.000000,2.000000,3.000000,0.000000,1.000000,0.000000,1.000000,2.000000,0.000000,1.000000,0.000000,1.000000,3.000000,0.000000,1.000000,1553.000000,438.000000,932.000000,136.000000,161.000000,5.000000,
0.049395,0.997914,0.147916,0.080081,0.535963,0.002616,-206.187720,3.187441,1396042.457572,1161964.317311,2307282.545689,207665.790747,1090450.751512,366.957334,98.256335,209.546674,30.078470,36.094164,85.222332,23.060160,49.128168,7.018310,8.020925,522.362762,140.366193,298.779469,43.112474,51.133399,3.000000,2.000000,3.000000,0.000000,1.000000,0.000000,1.000000,2.000000,0.000000,1.000000,0.000000,1.000000,3.000000,0.000000,1.000000,1553.000000,438.000000,932.000000,136.000000,161.000000,5.000000,
0.049395,0.997914,0.147916,0.080081,0.535963,0.002616,-206.187720,3.187441,1396042.457572,1161964.317311,2307282.545689,207665.790747,1090450.751512,366.957334,98.256335,209.546674,30.078470,36.094164,85.222332,23.060160,49.128168,7.018310,8.020925,522.362762,140.366193,298.779469,43.112474,51.133399,3.000000,2.000000,3.000000,0.000000,1.000000,0.000000,1.000000,2.000000,0.000000,1.000000,0.000000,1.000000,3.000000,0.000000,1.000000,1553.000000,438.000000,932.000000,136.000000,161.000000,5.000000,
0.049395,0.997914,0.147916,0.080081,0.535963,0.002616,-206.187720,3.187441,1396042.457572,1161964.317311,2307282.545689,207665.790747,1090450.751512,366.957334,98.256335,209.546674,30.078470,36.094164,85.222332,23.060160,49.128168,7.018310,8.020925,522.362762,140.366193,298.779469,43.112474,51.133399,3.000000,2.000000,3.000000,0.000000,1.000000,0.000000,1.000000,2.000000,0.000000,1.000000,0.000000,1.000000,3.000000,0.000000,1.000000,1553.000000,438.000000,932.000000,136.000000,161.000000,5.000000,
0.049395,0.997914,0.147916,0.080081,0.535963,0.002616,-206.187720,3.187441,1396042.457572,1161964.317311,2307282.545689,207665.790747,1090450.751512,366.957334,98.256335,209.546674,30.078470,36.094164,85.222332,23.060160,49.128168,7.018310,8.020925,522.362762,140.366193,298.779469,43.112474,51.133399,3.000000,2.000000,3.000000,0.000000,1.000000,0.000000,1.000000,2.000000,0.000000,1.000000,0.000000,1.000000,3.000000,0.000000,1.000000,1553.000000,438.000000,932.000000,136.000000,161.000000,5.000000,
0.049395,0.997914,0.147916,0.080081,0.535963,0.002616,-206.187720,3.187441,1396042.457572,1161964.317311,2307282.545689,207665.790747,1090450.751512,366.957334,98.256335,209.546674,30.078470,36.094164,85.222332,23.060160,49.128168,7.018310,8.020925,522.362762,140.366193,298.779469,43.112474,51.133399,3.000000,2.000000,3.000000,0.000000,1.000000,0.000000,1.000000,2.000000,0.000000,1.000000,0.000000,1.000000,3.000000,0.000000,1.000000,1553.000000,438.000000,932.000000,136.000000,161.000000,5.000000,
0.049395,0.997914,0.147916,0.080081,0.535963,0.002616,-206.187720,3.187441,1396042.457572,1161964.317311,2307282.545689,207665.790747,1090450.751512,366.957334,98.256335,209.546674,30.078470,36.094164,85.222332,23.060160,49.128168,7.018310,8.020925,522.362762,140.366193,298.779469,43.112474,51.133399,3.000000,2.000000,3.000000,0.000000,1.000000,0.000000,1.000000,2.000000,0.000000,1.000000,0.000000,1.000000,3.000000,0.000000,1.000000,1553.000000,438.000000,932.000000,136.000000,161.000000,5.000000,
0.049395,0.997914,0.147916,0.080081,0.535963,0.002616,-206.187720,3.187441,1396042.457572,1161964.317311,2307282.545689,207665.790747,1090450.751512,366.957334,98.256335,209.546674,30.078470,36.094164,85.222332,23.060160,49.128168,7.018310,8.020925,522.362762,140.366193,298.779469,43.112474,51.133399,3.000000,2.000000,3.000000,0.000000,1.000000,0.000000,1.000000,2.000000,0.000000,1.000000,0.000000,1.000000,3.000000,0.000000,1.000000,1553.000000,438.000000,932.000000,136.000000,161.000000,5.000000,
0.049395,0.997914,0.147916,0.080081,0.535963,0.002616,-206.187720,3.187441,1396042.457572,1161964.317311,2307282.545689,207665.790747,1090450.751512,366.957334,98.256335,209.546674,30.078470,36.094164,85.222332,23.060160,49.128168,7.018310,8.020925,522.362762,140.366193,298.779469,43.112474,51.133399,3.000000,2.000000,3.000000,0.000000,1.000000,0.000000,1.000000,2.000000,0.000000,1.000000,0.000000,1.000000,3.000000,0.000000,1.000000,1553.000000,438.000000,932.000000,136.000000,161.000000,5.000000,
0.049395,0.997914,0.147916,0.080081,0.535963,0.002616,-206.187720,3.187441,1396042.457572,1161964.317311,2307282.545689,207665.790747,1090450.751512,366.957334,98.256335,209.546674,30.078470,36.094164,85.222332,23.060160,49.128168,7.018310,8.020925,522.362762,140.366193,298.779469,43.112474,51.133399,3.000000,2.000000,3.000000,0.000000,1.000000,0.000000,1.000000,2.000000,0.000000,1.000000,0.000000,1.000000,3.000000,0.000000,1.000000,1553.000000,438.000000,932.000000,136.000000,161.000000,5.000000,
0.049395,0.997914,0.147916,0.080081,0.535963,0.002616,-206.187720,3.187441,1396042.457572,1161964.317311,2307282.545689,207665.790747,1090450.751512,366.957334,98.256335,209.546674,30.078470,36.094164,85.222332,23.060160,49.128168,7.018310,8.020925,522.362762,140.366193,298.779469,43.112474,51.133399,3.000000,2.000000,3.000000,0.000000,1.000000,0.000000,1.000000,2.000000,0.000000,1.000000,0.000000,1.000000,3.000000,0.000000,1.000000,1553.000000,438.000000,932.000000,136.000000,161.000000,5.000000,
0.049395,0.997914,0.147916,0.080081,0.535963,0.002616,-206.187720,3.187441,1396042.457572,1161964.317311,2307282.545689,207665.790747,1090450.751512,366.957334,98.256335,209.546674,30.078470,36.094164,85.222332,23.060160,49.128168,7.018310,8.020925,522.362762,140.366193,298.779469,43.112474,51.133399,3.000000,2.000000,3.000000,0.000000,1.000000,0.000000,1.000000,2.000000,0.000000,1.000000,0.000000,1.000000,3.000000,0.000000,1.000000,1553.000000,438.000000,932.000000,136.000000,161.000000,5.000000,
0.049395,0.997914,0.147916,0.080081,0.535963,0.002616,-206.187720,3.187441,1396042.457572,1161964.317311,2307282.545689,207665.790747,1090450.751512,366.957334,98.256335,209.546674,30.078470,36.094164,85.222332,23.060160,49.128168,7.018310,8.020925,522.362762,140.366193,298.779469,43.112474,51.133399,3.000000,2.000000,3.000000,0.000000,1.000000,0.000000,1.000000,2.000000,0.000000,1.000000,0.000000,1.000000,3.000000,0.000000,1.000000,1553.000000,438.000000,932.000000,136.000000,161.000000,5.000000,
0.049395,0.997914,0.147916,0.080081,0.535963,0.002616,-206.187720,3.187441,1396042.457572,1161964.317311,2307282.545689,207665.790747,1090450.751512,366.957334,98.256335,209.546674,30.078470,36.094164,85.222332,23.060160,49.128168,7.018310,8.020925,522.362762,140.366193,298.779469,43.112474,51.133399,3.000000,2.000000,3.000000,0.000000,1.000000,0.000000,1.000000,2.000000,0.000000,1.000000,0.000000,1.000000,3.000000,0.000000,1.000000,1553.000000,438.000000,932.000000,136.000000,161.000000,5.000000,
0.049395,0.997914,0.147916,0.080081,0.535963,0.002616,-206.187720,3.187441,1396042.457572,1161964.317311,2307282.545689,207665.790747,1090450.751512,366.957334,98.256335,209.546674,30.078470,36.094164,85.222332,23.060160,49.128168,7.018310,8.020925,522.362762,140.366193,298.779469,43.112474,51.133399,3.000000,2.000000,3.000000,0.000000,1.000000,0.000000,1.000000,2.000000,0.000000,1.000000,0.000000,1.000000,3.000000,0.000000,1.000000,1553.000000,438.000000,932.000000,136.000000,161.000000,5.000000,
0.049395,0.997914,0.147916,0.080081,0.535963,0.002616,-206.187720,3.187441,1396042.457572,1161964.317311,2307282.545689,207665.790747,1090450.751512,366.957334,98.256335,209.546674,30.078470,36.094164,85.222332,23.060160,49.128168,7.018310,8.020925,522.362762,140.366193,298.779469,43.112474,51.133399,3.000000,2.000000,3.000000,0.000000,1.000000,0.000000,1.000000,2.000000,0.000000,1.000000,0.000000,1.000000,3.000000,0.000000,1.000000,1553.000000,438.000000,932.000000,136.000000,161.000000,5.000000,
0.049395,0.997914,0.147916,0.080081,0.535963,0.002616,-206.187720,3.187441,1396042.457572,1161964.317311,2307282.545689,207665.790747,1090450.751512,366.957334,98.256335,209.546674,30.078470,36.094164,85.222332,23.060160,49.128168,7.018310,8.020925,522.362762,140.366193,298.779469,43.112474,51.133399,3.000000,2.000000,3.000000,0.000000,1.000000,0.000000,1.000000,2.000000,0.000000,1.000000,0.000000,1.000000,3.000000,0.000000,1.000000,1553.000000,438.000000,932.000000,136.000000,161.000000,5.000000,
0.049395,0.997914,0.147916,0.080081,0.535963,0.002616,-206.187720,3.187441,1396042.457572,1161964.317311,2307282.545689,207665.790747,1090450.751512,366.957334,98.256335,209.546674,30.078470,36.094164,85.222332,23.060160,49.128168,7.018310,8.020925,522.362762,140.366193,298.779469,43.112474,51.133399,3.000000,2.000000,3.000000,0.000000,1.000000,0.000000,1.000000,2.000000,0.000000,1.000000,0.000000,1.000000,3.000000,0.000000,1.000000,1553.000000,438.000000,932.000000,136.000000,161.000000,5.000000,
0.049395,0.997914,0.147916,0.080081,0.535963,0.002616,-206.187720,3.187441,1396042.457572,1161964.317311,2307282.545689,207665.790747,1090450.751512,366.957334,98.256335,209.546674,30.078470,36.094164,85.222332,23.060160,49.128168,7.018310,8.020925,522.362762,140.366193,298.779469,43.112474,51.133399,3.000000,2.000000,3.000000,0.000000,1.000000,0.000000,1.000000,2.000000,0.000000,1.000000,0.000000,1.000000,3.000000,0.000000,1.000000,1553.000000,438.000000,932.000000,136.000000,161.000000,5.000000,
0.049395,0.997914,0.147916,0.080081,0.535963,0.002616,-206.187720,3.187441,1396042.457572,1161964.317311,2307282.545689,207665.790747,1090450.751512,366.957334,98.256335,209.546674,30.078470,36.094164,85.222332,23.060160,49.128168,7.018310,8.020925,522.362762,140.366193,298.779469,43.112474,51.133399,3.000000,2.000000,3.000000,0.000000,1.000000,0.000000,1.000000,2.000000,0.000000,1.000000,0.000000,1.000000,3.000000,0.000000,1.000000,1553.000000,438.000000,932.000000,136.000000,161.000000,5.000000,
0.049395,0.997914,0.147916,0.080081,0.535963,0.002616,-206.187720,3.187441,1396042.457572,1161964.317311,2307282.545689,207665.790747,1090450.751512,366.957334,98.256335,209.546674,30.078470,36.094164,85.222332,23.060160,49.128168,7.018310,8.020925,522.362762,140.366193,298.779469,43.112474,51.133399,3.000000,2.000000,3.000000,0.000000,1.000000,0.000000,1.000000,2.000000,0.000000,1.000000,0.000000,1.000000,3.000000,0.000000,1.000000,1553.000000,438.000000,932.000000,136.000000,161.000000,5.000000,
0.049395,0.997914,0.147916,0.080081,0.535963,0.002616,-206.187720,3.187441,1396042.457572,1161964.317311,2307282.545689,207665.790747,1090450.751512,366.957334,98.256335,209.546674,30.078470,36.094164,85.222332,23.060160,49.128168,7.018310,8.020925,522.362762,140.366193,298.779469,43.112474,51.133399,3.000000,2.000000,3.000000,0.000000,1.000000,0.000000,1.000000,2.000000,0.000000,1.000000,0.000000,1.000000,3.000000,0.000000,1.000000,1553.000000,438.000000,932.000000,136.000000,161.000000,5.000000,
0.049395,0.997914,0.147916,0.080081,0.535963,0.002616,-206.187720,3.187441,1396042.457572,1161964.317311,2307282.545689,207665.790747,1090450.751512,366.957334,98.256335,209.546674,30.078470,36.094164,85.222332,23.060160,49.128168,7.018310,8.020925,522.362762,140.366193,298.779469,43.112474,51.133399,3.000000,2.000000,3.000000,0.000000,1.000000,0.000000,1.000000,2.000000,0.000000,1.000000,0.000000,1.000000,3.000000,0.000000,1.000000,1553.000000,438.000000,932.000000,136.000000,161.000000,5.000000,
0.049408,0.996405,0.147118,0.087493,0.521063,0.003093,-206.282160,3.186527,1396041.994039,1161964.192844,2307282.280541,207665.752596,1090450.706208,367.131874,98.303070,209.646343,30.092777,36.111332,85.262867,23.071129,49.151535,7.021648,8.024740,522.611220,140.432957,298.921581,43.132980,51.157720,3.000000,2.000000,3.000000,0.000000,1.000000,0.000000,1.000000,2.000000,0.000000,1.000000,0.000000,1.000000,3.000000,0.000000,1.000000,1553.000000,438.000000,932.000000,136.000000,161.000000,5.000000,
0.049408,0.996405,0.147118,0.087493,0.521063,0.003093,-206.282160,3.186527,1396041.994039,1161964.192844,2307282.280541,207665.752596,1090450.706208,367.131874,98.303070,209.646343,30.092777,36.111332,85.262867,23.071129,49.151535,7.021648,8.024740,522.611220,140.432957,298.921581,43.132980,51.157720,3.000000,2.000000,3.000000,0.000000,1.000000,0.000000,1.000000,2.000000,0.000000,1.000000,0.000000,1.000000,3.000000,0.000000,1.000000,1553.000000,438.000000,932.000000,136.000000,161.000000,5.000000,
0.049408,0.996405,0.147118,0.087493,0.521063,0.003093,-206.282160,3.186527,1396041.994039,1161964.192844,2307282.280541,207665.752596,1090450.706208,367.131874,98.303070,209.646343,30.092777,36.111332,85.262867,23.071129,49.151535,7.021648,8.024740,522.611220,140.432957,298.921581,43.132980,51.157720,3.000000,2.000000,3.000000,0.000000,1.000000,0.000000,1.000000,2.000000,0.000000,1.000000,0.000000,1.000000,3.000000,0.000000,1.000000,1553.000000,438.000000,932.000000,136.000000,161.000000,5.000000,
0.049408,0.996405,0.147118,0.087493,0.521063,0.003093,-206.282160,3.186527,1396041.994039,1161964.192844,2307282.280541,207665.752596,1090450.706208,367.131874,98.303070,209.646343,30.092777,36.111332,85.262867,23.071129,49.151535,7.021648,8.024740,522.611220,140.432957,298.921581,43.132980,51.157720,3.000000,2.000000,3.000000,0.000000,1.000000,0.000000,1.000000,2.000000,0.000000,1.000000,0.000000,1.000000,3.000000,0.000000,1.000000,1553.000000,438.000000,932.000000,136.000000,161.000000,5.000000,
0.049408,0.996405,0.147118,0.087493,0.521063,0.003093,-206.282160,3.186527,1396041.994039,1161964.192844,2307282.280541,207665.752596,1090450.706208,367.131874,98.303070,209.646343,30.092777,36.111332,85.262867,23.071129,49.151535,7.021648,8.024740,522.611220,140.432957,298.921581,43.132980,51.157720,3.000000,2.000000,3.000000,0.000000,1.000000,0.000000,1.000000,2.000000,0.000000,1.000000,0.000000,1.000000,3.000000,0.000000,1.000000,1553.000000,438.000000,932.000000,136.000000,161.000000,5.000000,
0.049408,0.996405,0.147118,0.087493,0.521063,0.003093,-206.282160,3.186527,1396041.994039,1161964.192844,2307282.280541,207665.752596,1090450.706208,367.131874,98.303070,209.646343,30.092777,36.111332,85.262867,23.071129,49.151535,7.021648,8.024740,522.611220,140.432957,298.921581,43.132980,51.157720,3.000000,2.000000,3.000000,0.000000,1.000000,0.000000,1.000000,2.000000,0.000000,1.000000,0.000000,1.000000,3.000000,0.000000,1.000000,1553.000000,438.000000,932.000000,136.000000,161.000000,5.000000,
0.049408,0.996405,0.147118,0.087493,0.521063,0.003093,-206.282160,3.186527,1396041.994039,1161964.192844,2307282.280541,207665.752596,1090450.706208,367.131874,98.303070,209.646343,30.092777,36.111332,85.262867,23.071129,49.151535,7.021648,8.024740,522.611220,140.432957,298.921581,43.132980,51.157720,3.000000,2.000000,3.000000,0.000000,1.000000,0.000000,1.000000,2.000000,0.000000,1.000000,0.000000,1.000000,3.000000,0.000000,1.000000,1553.000000,438.000000,932.000000,136.000000,161.000000,5.000000,
0.049408,0.996405,0.147118,0.087493,0.521063,0.003093,-206.282160,3.186527,1396041.994039,1161964.192844,2307282.280541,207665.752596,1090450.706208,367.131874,98.303070,209.646343,30.092777,36.111332,85.262867,23.071129,49.151535,7.021648,8.024740,522.611220,140.432957,298.921581,43.132980,51.157720,3.000000,2.000000,3.000000,0.000000,1.000000,0.000000,1.000000,2.000000,0.000000,1.000000,0.000000,1.000000,3.000000,0.000000,1.000000,1553.000000,438.000000,932.000000,136.000000,161.000000,5.000000,
0.049408,0.996405,0.147118,0.087493,0.521063,0.003093,-206.282160,3.186527,1396041.994039,1161964.192844,2307282.280541,207665.752596,1090450.706208,367.131874,98.303070,209.646343,30.092777,36.111332,85.262867,23.071129,49.151535,7.021648,8.024740,522.611220,140.432957,298.921581,43.132980,51.157720,3.000000,2.000000,3.000000,0.000000,1.000000,0.000000,1.000000,2.000000,0.000000,1.000000,0.000000,1.000000,3.000000,0.000000,1.000000,1553.000000,438.000000,932.000000,136.000000,161.000000,5.000000,
0.049408,0.996405,0.147118,0.087493,0.521063,0.003093,-206.282160,3.186527,1396041.994039,1161964.192844,2307282.280541,207665.752596,1090450.706208,367.131874,98.303070,209.646343,30.092777,36.111332,85.262867,23.071129,49.151535,7.021648,8.024740,522.611220,140.432957,298.921581,43.132980,51.157720,3.000000,2.000000,3.000000,0.000000,1.000000,0.000000,1.000000,2.000000,0.000000,1.000000,0.000000,1.000000,3.000000,0.000000,1.000000,1553.000000,438.000000,932.000000,136.000000,161.000000,5.000000,
0.049408,0.996405,0.147118,0.087493,0.521063,0.003093,-206.282160,3.186527,1396041.994039,1161964.192844,2307282.280541,207665.752596,1090450.706208,367.131874,98.303070,209.646343,30.092777,36.111332,85.262867,23.071129,49.151535,7.021648,8.024740,522.611220,140.432957,298.921581,43.132980,51.157720,3.000000,2.000000,3.000000,0.000000,1.000000,0.000000,1.000000,2.000000,0.000000,1.000000,0.000000,1.000000,3.000000,0.000000,1.000000,1553.000000,438.000000,932.000000,136.000000,161.000000,5.000000,
0.049408,0.996405,0.147118,0.087493,0.521063,0.003093,-206.282160,3.186527,1396041.994039,1161964.192844,2307282.280541,207665.752596,1090450.706208,367.131874,98.303070,209.646343,30.092777,36.111332,85.262867,23.071129,49.151535,7.021648,8.024740,522.611220,140.432957,298.921581,43.132980,51.157720,3.000000,2.000000,3.000000,0.000000,1.000000,0.000000,1.000000,2.000000,0.000000,1.000000,0.000000,1.000000,3.000000,0.000000,1.000000,1553.000000,438.000000,932.000000,136.000000,161.000000,5.000000,
0.049408,0.996405,0.147118,0.087493,0.521063,0.003093,-206.282160,3.186527,1396041.994039,1161964.192844,2307282.280541,207665.752596,1090450.706208,367.131874,98.303070,209.646343,30.092777,36.111332,85.262867,23.071129,49.151535,7.021648,8.024740,522.611220,140.432957,298.921581,43.132980,51.157720,3.000000,2.000000,3.000000,0.000000,1.000000,0.000000,1.000000,2.000000,0.000000,1.000000,0.000000,1.000000,3.000000,0.000000,1.000000,1553.000000,438.000000,932.000000,136.000000,161.000000,5.000000,
0.049408,0.996405,0.147118,0.087493,0.521063,0.003093,-206.282160,3.186527,1396041.994039,1161964.192844,2307282.280541,207665.752596,1090450.706208,367.131874,98.303070,209.646343,30.092777,36.111332,85.262867,23.071129,49.151535,7.021648,8.024740,522.611220,140.432957,298.921581,43.132980,51.157720,3.000000,2.000000,3.000000,0.000000,1.000000,0.000000,1.000000,2.000000,0.000000,1.000000,0.000000,1.000000,3.000000,0.000000,1.000000,1553.000000,438.000000,932.000000,136.000000,161.000000,5.000000,
0.049408,0.996405,0.147118,0.087493,0.521063,0.003093,-206.282160,3.186527,1396041.994039,1161964.192844,2307282.280541,207665.752596,1090450.706208,367.131874,98.303070,209.646343,30.092777,36.111332,85.262867,23.071129,49.151535,7.021648,8.024740,522.611220,140.432957,298.921581,43.132980,51.157720,3.000000,2.000000,3.000000,0.000000,1.000000,0.000000,1.000000,2.000000,0.000000,1.000000,0.000000,1.000000,3.000000,0.000000,1.000000,1553.000000,438.000000,932.000000,136.000000,161.000000,5.000000,
0.049372,0.994851,0.148511,0.092314,0.507957,0.004320,-206.796570,3.187265,1396040.801360,1161963.872588,2307281.598309,207665.654433,1090450.589639,367.580969,98.423320,209.902794,30.129588,36.155505,85.367165,23.099351,49.211660,7.030237,8.034557,523.250505,140.604742,299.287237,43.185742,51.220299,3.000000,2.000000,3.000000,0.000000,1.000000,0.000000,1.000000,2.000000,0.000000,1.000000,0.000000,1.000000,3.000000,0.000000,1.000000,1553.000000,438.000000,932.000000,136.000000,161.000000,5.000000,
0.049395,0.993056,0.148574,0.095778,0.496810,0.003628,-206.862868,3.188897,1396041.473738,1161964.053133,2307281.982920,207665.709773,1090450.655355,367.327790,98.355528,209.758219,30.108835,36.130602,85.308367,23.083440,49.177764,7.025395,8.029023,522.890105,140.507898,299.081097,43.155997,51.185020,3.000000,2.000000,3.000000,0.000000,1.000000,0.000000,1.000000,2.000000,0.000000,1.000000,0.000000,1.000000,3.000000,0.000000,1.000000,1553.000000,438.000000,932.000000,136.000000,161.000000,5.000000,
0.049395,0.993056,0.148574,0.095778,0.496810,0.003628,-206.862868,3.188897,1396041.473738,1161964.053133,2307281.982920,207665.709773,1090450.655355,367.327790,98.355528,209.758219,30.108835,36.130602,85.308367,23.083440,49.177764,7.025395,8.029023,522.890105,140.507898,299.081097,43.155997,51.185020,3.000000,2.000000,3.000000,0.000000,1.000000,0.000000,1.000000,2.000000,0.000000,1.000000,0.000000,1.000000,3.000000,0.000000,1.000000,1553.000000,438.000000,932.000000,136.000000,161.000000,5.000000,
0.049395,0.993056,0.148574,0.095778,0.496810,0.003628,-206.862868,3.188897,1396041.473738,1161964.053133,2307281.982920,207665.709773,1090450.655355,367.327790,98.355528,209.758219,30.108835,36.130602,85.308367,23.083440,49.177764,7.025395,8.029023,522.890105,140.507898,299.081097,43.155997,51.185020,3.000000,2.000000,3.000000,0.000000,1.000000,0.000000,1.000000,2.000000,0.000000,1.000000,0.000000,1.000000,3.000000,0.000000,1.000000,1553.000000,438.000000,932.000000,136.000000,161.000000,5.000000,
0.049395,0.993056,0.148574,0.095778,0.496810,0.003628,-206.862868,3.188897,1396041.473738,1161964.053133,2307281.982920,207665.709773,1090450.655355,367.327790,98.355528,209.758219,30.108835,36.130602,85.308367,23.083440,49.177764,7.025395,8.029023,522.890105,140.507898,299.081097,43.155997,51.185020,3.000000,2.000000,3.000000,0.000000,1.000000,0.000000,1.000000,2.000000,0.000000,1.000000,0.000000,1.000000,3.000000,0.000000,1.000000,1553.000000,438.000000,932.000000,136.000000,161.000000,5.000000,
0.049395,0.993056,0.148574,0.095778,0.496810,0.003628,-206.862868,3.188897,1396041.473738,1161964.053133,2307281.982920,207665.709773,1090450.655355,367.327790,98.355528,209.758219,30.108835,36.130602,85.308367,23.083440,49.177764,7.025395,8.029023,522.890105,140.507898,299.081097,43.155997,51.185020,3.000000,2.000000,3.000000,0.000000,1.000000,0.000000,1.000000,2.000000,0.000000,1.000000,0.000000,1.000000,3.000000,0.000000,1.000000,1553.000000,438.000000,932.000000,136.000000,161.000000,5.000000,
0.049404,0.995940,0.148457,0.092777,0.504409,0.002943,-205.993271,3.189207,1396042.139039,1161964.231779,2307282.363483,207665.764530,1090450.720379,367.077275,98.288451,209.615165,30.088301,36.105962,85.250187,23.067698,49.144225,7.020604,8.023547,522.533499,140.412073,298.877126,43.126565,51.150112,3.000000,2.000000,3.000000,0.000000,1.000000,0.000000,1.000000,2.000000,0.000000,1.000000,0.000000,1.000000,3.000000,0.000000,1.000000,1553.000000,438.000000,932.000000,136.000000,161.000000,5.000000,
0.049404,0.995940,0.148457,0.092777,0.504409,0.002943,-205.993271,3.189207,1396042.139039,1161964.231779,2307282.363483,207665.764530,1090450.720379,367.077275,98.288451,209.615165,30.088301,36.105962,85.250187,23.067698,49.144225,7.020604,8.023547,522.533499,140.412073,298.877126,43.126565,51.150112,3.000000,2.000000,3.000000,0.000000,1.000000,0.000000,1.000000,2.000000,0.000000,1.000000,0.000000,1.000000,3.000000,0.000000,1.000000,1553.000000,438.000000,932.000000,136.000000,161.000000,5.000000,
0.049404,0.995940,0.148457,0.092777,0.504409,0.002943,-205.993271,3.189207,1396042.139039,1161964.231779,2307282.363483,207665.764530,1090450.720379,367.077275,98.288451,209.615165,30.088301,36.105962,85.250187,23.067698,49.144225,7.020604,8.023547,522.533499,140.412073,298.877126,43.126565,51.150112,3.000000,2.000000,3.000000,0.000000,1.000000,0.000000,1.000000,2.000000,0.000000,1.000000,0.000000,1.000000,3.000000,0.000000,1.000000,1553.000000,438.000000,932.000000,136.000000,161.000000,5.000000,
0.049457,0.992950,0.148670,0.086886,0.508531,0.000977,-206.324763,3.193145,1396044.049986,1161964.744904,2307283.456576,207665.921810,1090450.907149,366.357721,98.095783,209.204273,30.029321,36.035186,85.083077,23.022480,49.047892,7.006842,8.007819,521.509215,140.136833,298.291260,43.042027,51.049846,3.000000,2.000000,3.000000,0.000000,1.000000,0.000000,1.000000,2.000000,0.000000,1.000000,0.000000,1.000000,3.000000,0.000000,1.000000,1553.000000,438.000000,932.000000,136.000000,161.000000,5.000000,
0.049457,0.992950,0.148670,0.086886,0.508531,0.000977,-206.324763,3.193145,1396044.049986,1161964.744904,2307283.456576,207665.921810,1090450.907149,366.357721,98.095783,209.204273,30.029321,36.035186,85.083077,23.022480,49.047892,7.006842,8.007819,521.509215,140.136833,298.291260,43.042027,51.049846,3.000000,2.000000,3.000000,0.000000,1.000000,0.000000,1.000000,2.000000,0.000000,1.000000,0.000000,1.000000,3.000000,0.000000,1.000000,1553.000000,438.000000,932.000000,136.000000,161.000000,5.000000,
0.049457,0.992950,0.148670,0.086886,0.508531,0.000977,-206.324763,3.193145,1396044.049986,1161964.744904,2307283.456576,207665.921810,1090450.907149,366.357721,98.095783,209.204273,30.029321,36.035186,85.083077,23.022480,49.047892,7.006842,8.007819,521.509215,140.136833,298.291260,43.042027,51.049846,3.000000,2.000000,3.000000,0.000000,1.000000,0.000000,1.000000,2.000000,0.000000,1.000000,0.000000,1.000000,3.000000,0.000000,1.000000,1553.000000,438.000000,932.000000,136.000000,161.000000,5.000000,
0.049433,0.992800,0.149828,0.079384,0.523544,0.001195,-206.652751,3.194173,1396043.838246,1161964.688048,2307283.335458,207665.904382,1090450.886454,366.437451,98.117132,209.249801,30.035857,36.043028,85.101594,23.027490,49.058566,7.008367,8.009562,521.622710,140.167331,298.356176,43.051394,51.060956,3.000000,2.000000,3.000000,0.000000,1.000000,0.000000,1.000000,2.000000,0.000000,1.000000,0.000000,1.000000,3.000000,0.000000,1.000000,1553.000000,438.000000,932.000000,136.000000,161.000000,5.000000,
0.049400,0.996763,0.150632,0.071591,0.539370,0.000872,-206.702687,3.193852,1396044.152117,1161964.772328,2307283.514997,207665.930215,1090450.917131,366.319265,98.085486,209.182312,30.026169,36.031403,85.074146,23.020063,49.042743,7.006106,8.006978,521.454472,140.122123,298.259948,43.037509,51.044488,3.000000,2.000000,3.000000,0.000000,1.000000,0.000000,1.000000,2.000000,0.000000,1.000000,0.000000,1.000000,3.000000,0.000000,1.000000,1553.000000,438.000000,932.000000,136.000000,161.000000,5.000000,
0.049400,0.996763,0.150632,0.071591,0.539370,0.000872,-206.702687,3.193852,1396044.152117,1161964.772328,2307283.514997,207665.930215,1090450.917131,366.319265,98.085486,209.182312,30.026169,36.031403,85.074146,23.020063,49.042743,7.006106,8.006978,521.454472,140.122123,298.259948,43.037509,51.044488,3.000000,2.000000,3.000000,0.000000,1.000000,0.000000,1.000000,2.000000,0.000000,1.000000,0.000000,1.000000,3.000000,0.000000,1.000000,1553.000000,438.000000,932.000000,136.000000,161.000000,5.000000,
0.049400,0.996763,0.150632,0.071591,0.539370,0.000872,-206.702687,3.193852,1396044.152117,1161964.772328,2307283.514997,207665.930215,1090450.917131,366.319265,98.085486,209.182312,30.026169,36.031403,85.074146,23.020063,49.042743,7.006106,8.006978,521.454472,140.122123,298.259948,43.037509,51.044488,3.000000,2.000000,3.000000,0.000000,1.000000,0.000000,1.000000,2.000000,0.000000,1.000000,0.000000,1.000000,3.000000,0.000000,1.000000,1553.000000,438.000000,932.000000,136.000000,161.000000,5.000000,
0.049400,0.996763,0.150632,0.071591,0.539370,0.000872,-206.702687,3.193852,1396044.152117,1161964.772328,2307283.514997,207665.930215,1090450.917131,366.319265,98.085486,209.182312,30.026169,36.031403,85.074146,23.020063,49.042743,7.006106,8.006978,521.454472,140.122123,298.259948,43.037509,51.044488,3.000000,2.000000,3.000000,0.000000,1.000000,0.000000,1.000000,2.000000,0.000000,1.000000,0.000000,1.000000,3.000000,0.000000,1.000000,1553.000000,438.000000,932.000000,136.000000,161.000000,5.000000,
0.049400,0.996763,0.150632,0.071591,0.539370,0.000872,-206.702687,3.193852,1396044.152117,1161964.772328,2307283.514997,207665.930215,1090450.917131,366.319265,98.085486,209.182312,30.026169,36.031403,85.074146,23.020063,49.042743,7.006106,8.006978,521.454472,140.122123,298.259948,43.037509,51.044488,3.000000,2.000000,3.000000,0.000000,1.000000,0.000000,1.000000,2.000000,0.000000,1.000000,0.000000,1.000000,3.000000,0.000000,1.000000,1553.000000,438.000000,932.000000,136.000000,161.000000,5.000000,
0.049400,0.996763,0.150632,0.071591,0.539370,0.000872,-206.702687,3.193852,1396044.152117,1161964.772328,2307283.514997,207665.930215,1090450.917131,366.319265,98.085486,209.182312,30.026169,36.031403,85.074146,23.020063,49.042743,7.006106,8.006978,521.454472,140.122123,298.259948,43.037509,51.044488,3.000000,2.000000,3.000000,0.000000,1.000000,0.000000,1.000000,2.000000,0.000000,1.000000,0.000000,1.000000,3.000000,0.000000,1.000000,1553.000000,438.000000,932.000000,136.000000,161.000000,5.000000,
0.049400,0.996763,0.150632,0.071591,0.539370,0.000872,-206.702687,3.193852,1396044.152117,1161964.772328,2307283.514997,207665.930215,1090450.917131,366.319265,98.085486,209.182312,30.026169,36.031403,85.074146,23.020063,49.042743,7.006106,8.006978,521.454472,140.122123,298.259948,43.037509,51.044488,3.000000,2.000000,3.000000,0.000000,1.000000,0.000000,1.000000,2.000000,0.000000,1.000000,0.000000,1.000000,3.000000,0.000000,1.000000,1553.000000,438.000000,932.000000,136.000000,161.000000,5.000000,
0.049400,0.996763,0.150632,0.071591,0.539370,0.000872,-206.702687,3.193852,1396044.152117,1161964.772328,2307283.514997,207665.930215,1090450.917131,366.319265,98.085486,209.182312,30.026169,36.031403,85.074146,23.020063,49.042743,7.006106,8.006978,521.454472,140.122123,298.259948,43.037509,51.044488,3.000000,2.000000,3.000000,0.000000,1.000000,0.000000,1.000000,2.000000,0.000000,1.000000,0.000000,1.000000,3.000000,0.000000,1.000000,1553.000000,438.000000,932.000000,136.000000,161.000000,5.000000,
0.049400,0.996763,0.150632,0.071591,0.539370,0.000872,-206.702687,3.193852,1396044.152117,1161964.772328,2307283.514997,207665.930215,1090450.917131,366.319265,98.085486,209.182312,30.026169,36.031403,85.074146,23.020063,49.042743,7.006106,8.006978,521.454472,140.122123,298.259948,43.037509,51.044488,3.000000,2.000000,3.000000,0.000000,1.000000,0.000000,1.000000,2.000000,0.000000,1.000000,0.000000,1.000000,3.000000,0.000000,1.000000,1553.000000,438.000000,932.000000,136.000000,161.000000,5.000000,
0.049400,0.996763,0.150632,0.071591,0.539370,0.000872,-206.702687,3.193852,1396044.152117,1161964.772328,2307283.514997,207665.930215,1090450.917131,366.319265,98.085486,209.182312,30.026169,36.031403,85.074146,23.020063,49.042743,7.006106,8.006978,521.454472,140.122123,298.259948,43.037509,51.044488,3.000000,2.000000,3.000000,0.000000,1.000000,0.000000,1.000000,2.000000,0.000000,1.000000,0.000000,1.000000,3.000000,0.000000,1.000000,1553.000000,438.000000,932.000000,136.000000,161.000000,5.000000,
0.049400,0.996763,0.150632,0.071591,0.539370,0.000872,-206.702687,3.193852,1396044.152117,1161964.772328,2307283.514997,207665.930215,1090450.917131,366.319265,98.085486,209.182312,30.026169,36.031403,85.074146,23.020063,49.042743,7.006106,8.006978,521.454472,140.122123,298.259948,43.037509,51.044488,3.000000,2.000000,3.000000,0.000000,1.000000,0.000000,1.000000,2.000000,0.000000,1.000000,0.000000,1.000000,3.000000,0.000000,1.000000,1553.000000,438.000000,932.000000,136.000000,161.000000,5.000000,
0.049400,0.996763,0.150632,0.071591,0.539370,0.000872,-206.702687,3.193852,1396044.152117,1161964.772328,2307283.514997,207665.930215,1090450.917131,366.319265,98.085486,209.182312,30.026169,36.031403,85.074146,23.020063,49.042743,7.006106,8.006978,521.454472,140.122123,298.259948,43.037509,51.044488,3.000000,2.000000,3.000000,0.000000,1.000000,0.000000,1.000000,2.000000,0.000000,1.000000,0.000000,1.000000,3.000000,0.000000,1.000000,1553.000000,438.000000,932.000000,136.000000,161.000000,5.000000,
0.049400,0.996763,0.150632,0.071591,0.539370,0.000872,-206.702687,3.193852,1396044.152117,1161964.772328,2307283.514997,207665.930215,1090450.917131,366.319265,98.085486,209.182312,30.026169,36.031403,85.074146,23.020063,49.042743,7.006106,8.006978,521.454472,140.122123,298.259948,43.037509,51.044488,3.000000,2.000000,3.000000,0.000000,1.000000,0.000000,1.000000,2.000000,0.000000,1.000000,0.000000,1.000000,3.000000,0.000000,1.000000,1553.000000,438.000000,932.000000,136.000000,161.000000,5.000000,
0.049400,0.996763,0.150632,0.071591,0.539370,0.000872,-206.702687,3.193852,1396044.152117,1161964.772328,2307283.514997,207665.930215,1090450.917131,366.319265,98.085486,209.182312,30.026169,36.031403,85.074146,23.020063,49.042743,7.006106,8.006978,521.454472,140.122123,298.259948,43.037509,51.044488,3.000000,2.000000,3.000000,0.000000,1.000000,0.000000,1.000000,2.000000,0.000000,1.000000,0.000000,1.000000,3.000000,0.000000,1.000000,1553.000000,438.000000,932.000000,136.000000,161.000000,5.000000,
0.049400,0.996763,0.150632,0.071591,0.539370,0.000872,-206.702687,3.193852,1396044.152117,1161964.772328,2307283.514997,207665.930215,1090450.917131,366.319265,98.085486,209.182312,30.026169,36.031403,85.074146,23.020063,49.042743,7.006106,8.006978,521.454472,140.122123,298.259948,43.037509,51.044488,3.000000,2.000000,3.000000,0.000000,1.000000,0.000000,1.000000,2.000000,0.000000,1.000000,0.000000,1.000000,3.000000,0.000000,1.000000,1553.000000,438.000000,932.000000,136.000000,161.000000,5.000000,
0.049400,0.996763,0.150632,0.071591,0.539370,0.000872,-206.702687,3.193852,1396044.152117,1161964.772328,2307283.514997,207665.930215,1090450.917131,366.319265,98.085486,209.182312,30.026169,36.031403,85.074146,23.020063,49.042743,7.006106,8.006978,521.454472,140.122123,298.259948,43.037509,51.044488,3.000000,2.000000,3.000000,0.000000,1.000000,0.000000,1.000000,2.000000,0.000000,1.000000,0.000000,1.000000,3.000000,0.000000,1.000000,1553.000000,438.000000,932.000000,136.000000,161.000000,5.000000,
0.049400,0.996763,0.150632,0.071591,0.539370,0.000872,-206.702687,3.193852,1396044.152117,1161964.772328,2307283.514997,207665.930215,1090450.917131,366.319265,98.085486,209.182312,30.026169,36.031403,85.074146,23.020063,49.042743,7.006106,8.006978,521.454472,140.122123,298.259948,43.037509,51.044488,3.000000,2.000000,3.000000,0.000000,1.000000,0.000000,1.000000,2.000000,0.000000,1.000000,0.000000,1.000000,3.000000,0.000000,1.000000,1553.000000,438.000000,932.000000,136.000000,161.000000,5.000000,
0.049400,0.996763,0.150632,0.071591,0.539370,0.000872,-206.702687,3.193852,1396044.152117,1161964.772328,2307283.514997,207665.930215,1090450.917131,366.319265,98.085486,209.182312,30.026169,36.031403,85.074146,23.020063,49.042743,7.006106,8.006978,521.454472,140.122123,298.259948,43.037509,51.044488,3.000000,2.000000,3.000000,0.000000,1.000000,0.000000,1.000000,2.000000,0.000000,1.000000,0.000000,1.000000,3.000000,0.000000,1.000000,1553.000000,438.000000,932.000000,136.000000,161.000000,5.000000,
0.049400,0.996763,0.150632,0.071591,0.539370,0.000872,-206.702687,3.193852,1396044.152117,1161964.772328,2307283.514997,207665.930215,1090450.917131,366.319265,98.085486,209.182312,30.026169,36.031403,85.074146,23.020063,49.042743,7.006106,8.006978,521.454472,140.122123,298.259948,43.037509,51.044488,3.000000,2.000000,3.000000,0.000000,1.000000,0.000000,1.000000,2.000000,0.000000,1.000000,0.000000,1.000000,3.000000,0.000000,1.000000,1553.000000,438.000000,932.000000,136.000000,161.000000,5.000000,
0.049400,0.996763,0.150632,0.071591,0.539370,0.000872,-206.702687,3.193852,1396044.152117,1161964.772328,2307283.514997,207665.930215,1090450.917131,366.319265,98.085486,209.182312,30.026169,36.031403,85.074146,23.020063,49.042743,7.006106,8.006978,521.454472,140.122123,298.259948,43.037509,51.044488,3.000000,2.000000,3.000000,0.000000,1.000000,0.000000,1.000000,2.000000,0.000000,1.000000,0.000000,1.000000,3.000000,0.000000,1.000000,1553.000000,438.000000,932.000000,136.000000,161.000000,5.000000,
0.049400,0.996763,0.150632,0.071591,0.539370,0.000872,-206.702687,3.193852,1396044.152117,1161964.772328,2307283.514997,207665.930215,1090450.917131,366.319265,98.085486,209.182312,30.026169,36.031403,85.074146,23.020063,49.042743,7.006106,8.006978,521.454472,140.122123,298.259948,43.037509,51.044488,3.000000,2.000000,3.000000,0.000000,1.000000,0.000000,1.000000,2.000000,0.000000,1.000000,0.000000,1.000000,3.000000,0.000000,1.000000,1553.000000,438.000000,932.000000,136.000000,161.000000,5.000000,
0.049400,0.996763,0.150632,0.071591,0.539370,0.000872,-206.702687,3.193852,1396044.152117,1161964.772328,2307283.514997,207665.930215,1090450.917131,366.319265,98.085486,209.182312,30.026169,36.031403,85.074146,23.020063,49.042743,7.006106,8.006978,521.454472,140.122123,298.259948,43.037509,51.044488,3.000000,2.000000,3.000000,0.000000,1.000000,0.000000,1.000000,2.000000,0.000000,1.000000,0.000000,1.000000,3.000000,0.000000,1.000000,1553.000000,438.000000,932.000000,136.000000,161.000000,5.000000,
0.049400,0.996763,0.150632,0.071591,0.539370,0.000872,-206.702687,3.193852,1396044.152117,1161964.772328,2307283.514997,207665.930215,1090450.917131,366.319265,98.085486,209.182312,30.026169,36.031403,85.074146,23.020063,49.042743,7.006106,8.006978,521.454472,140.122123,298.259948,43.037509,51.044488,3.000000,2.000000,3.000000,0.000000,1.000000,0.000000,1.000000,2.000000,0.000000,1.000000,0.000000,1.000000,3.000000,0.000000,1.000000,1553.000000,438.000000,932.000000,136.000000,161.000000,5.000000,
0.049434,0.991700,0.151521,0.063728,0.548261,0.000593,-207.746368,3.197973,1396044.423952,1161964.845320,2307283.670491,207665.952589,1090450.943699,366.216907,98.058079,209.123862,30.017779,36.021335,85.050375,23.013631,49.029039,7.004148,8.004741,521.308767,140.082970,298.176607,43.025484,51.030225,3.000000,2.000000,3.000000,0.000000,1.000000,0.000000,1.000000,2.000000,0.000000,1.000000,0.000000,1.000000,3.000000,0.000000,1.000000,1553.000000,438.000000,932.000000,136.000000,161.000000,5.000000,
0.049434,0.991700,0.151521,0.063728,0.548261,0.000593,-207.746368,3.197973,1396044.423952,1161964.845320,2307283.670491,207665.952589,1090450.943699,366.216907,98.058079,209.123862,30.017779,36.021335,85.050375,23.013631,49.029039,7.004148,8.004741,521.308767,140.082970,298.176607,43.025484,51.030225,3.000000,2.000000,3.000000,0.000000,1.000000,0.000000,1.000000,2.000000,0.000000,1.000000,0.000000,1.000000,3.000000,0.000000,1.000000,1553.000000,438.000000,932.000000,136.000000,161.000000,5.000000,
0.049434,0.991700,0.151521,0.063728,0.548261,0.000593,-207.746368,3.197973,1396044.423952,1161964.845320,2307283.670491,207665.952589,1090450.943699,366.216907,98.058079,209.123862,30.017779,36.021335,85.050375,23.013631,49.029039,7.004148,8.004741,521.308767,140.082970,298.176607,43.025484,51.030225,3.000000,2.000000,3.000000,0.000000,1.000000,0.000000,1.000000,2.000000,0.000000,1.000000,0.000000,1.000000,3.000000,0.000000,1.000000,1553.000000,438.000000,932.000000,136.000000,161.000000,5.000000,
0.049434,0.991700,0.151521,0.063728,0.548261,0.000593,-207.746368,3.197973,1396044.423952,1161964.845320,2307283.670491,207665.952589,1090450.943699,366.216907,98.058079,209.123862,30.017779,36.021335,85.050375,23.013631,49.029039,7.004148,8.004741,521.308767,140.082970,298.176607,43.025484,51.030225,3.000000,2.000000,3.000000,0.000000,1.000000,0.000000,1.000000,2.000000,0.000000,1.000000,0.000000,1.000000,3.000000,0.000000,1.000000,1553.000000,438.000000,932.000000,136.000000,161.000000,5.000000,
0.049434,0.991700,0.151521,0.063728,0.548261,0.000593,-207.746368,3.197973,1396044.423952,1161964.845320,2307283.670491,207665.952589,1090450.943699,366.216907,98.058079,209.123862,30.017779,36.021335,85.050375,23.013631,49.029039,7.004148,8.004741,521.308767,140.082970,298.176607,43.025484,51.030225,3.000000,2.000000,3.000000,0.000000,1.000000,0.000000,1.000000,2.000000,0.000000,1.000000,0.000000,1.000000,3.000000,0.000000,1.000000,1553.000000,438.000000,932.000000,136.000000,161.000000,5.000000,
0.049434,0.991700,0.151521,0.063728,0.548261,0.000593,-207.746368,3.197973,1396044.423952,1161964.845320,2307283.670491,207665.952589,1090450.943699,366.216907,98.058079,209.123862,30.017779,36.021335,85.050375,23.013631,49.029039,7.004148,8.004741,521.308767,140.082970,298.176607,43.025484,51.030225,3.000000,2.000000,3.000000,0.000000,1.000000,0.000000,1.000000,2.000000,0.000000,1.000000,0.000000,1.000000,3.000000,0.000000,1.000000,1553.000000,438.000000,932.000000,136.000000,161.000000,5.000000,
0.049434,0.991700,0.151521,0.063728,0.548261,0.000593,-207.746368,3.197973,1396044.423952,1161964.845320,2307283.670491,207665.952589,1090450.943699,366.216907,98.058079,209.123862,30.017779,36.021335,85.050375,23.013631,49.029039,7.004148,8.004741,521.308767,140.082970,298.176607,43.025484,51.030225,3.000000,2.000000,3.000000,0.000000,1.000000,0.000000,1.000000,2.000000,0.000000,1.000000,0.000000,1.000000,3.000000,0.000000,1.000000,1553.000000,438.000000,932.000000,136.000000,161.000000,5.000000,
0.049434,0.991700,0.151521,0.063728,0.548261,0.000593,-207.746368,3.197973,1396044.423952,1161964.845320,2307283.670491,207665.952589,1090450.943699,366.216907,98.058079,209.123862,30.017779,36.021335,85.050375,23.013631,49.029039,7.004148,8.004741,521.308767,140.082970,298.176607,43.025484,51.030225,3.000000,2.000000,3.000000,0.000000,1.000000,0.000000,1.000000,2.000000,0.000000,1.000000,0.000000,1.000000,3.000000,0.000000,1.000000,1553.000000,438.000000,932.000000,136.000000,161.000000,5.000000,
0.049434,0.991700,0.151521,0.063728,0.548261,0.000593,-207.746368,3.197973,1396044.423952,1161964.845320,2307283.670491,207665.952589,1090450.943699,366.216907,98.058079,209.123862,30.017779,36.021335,85.050375,23.013631,49.029039,7.004148,8.004741,521.308767,140.082970,298.176607,43.025484,51.030225,3.000000,2.000000,3.000000,0.000000,1.000000,0.000000,1.000000,2.000000,0.000000,1.000000,0.000000,1.000000,3.000000,0.000000,1.000000,1553.000000,438.000000,932.000000,136.000000,161.000000,5.000000,
0.049434,0.991700,0.151521,0.063728,0.548261,0.000593,-207.746368,3.197973,1396044.423952,1161964.845320,2307283.670491,207665.952589,1090450.943699,366.216907,98.058079,209.123862,30.017779,36.021335,85.050375,23.013631,49.029039,7.004148,8.004741,521.308767,140.082970,298.176607,43.025484,51.030225,3.000000,2.000000,3.000000,0.000000,1.000000,0.000000,1.000000,2.000000,0.000000,1.000000,0.000000,1.000000,3.000000,0.000000,1.000000,1553.000000,438.000000,932.000000,136.000000,161.000000,5.000000,
0.049434,0.991700,0.151521,0.063728,0.548261,0.000593,-207.746368,3.197973,1396044.423952,1161964.845320,2307283.670491,207665.952589,1090450.943699,366.216907,98.058079,209.123862,30.017779,36.021335,85.050375,23.013631,49.029039,7.004148,8.004741,521.308767,140.082970,298.176607,43.025484,51.030225,3.000000,2.000000,3.000000,0.000000,1.000000,0.000000,1.000000,2.000000,0.000000,1.000000,0.000000,1.000000,3.000000,0.000000,1.000000,1553.000000,438.000000,932.000000,136.000000,161.000000,5.000000,
0.049434,0.991700,0.151521,0.063728,0.548261,0.000593,-207.746368,3.197973,1396044.423952,1161964.845320,2307283.670491,207665.952589,1090450.943699,366.216907,98.058079,209.123862,30.017779,36.021335,85.050375,23.013631,49.029039,7.004148,8.004741,521.308767,140.082970,298.176607,43.025484,51.030225,3.000000,2.000000,3.000000,0.000000,1.000000,0.000000,1.000000,2.000000,0.000000,1.000000,0.000000,1.000000,3.000000,0.000000,1.000000,1553.000000,438.000000,932.000000,136.000000,161.000000,5.000000,
0.049434,0.991700,0.151521,0.063728,0.548261,0.000593,-207.746368,3.197973,1396044.423952,1161964.845320,2307283.670491,207665.952589,1090450.943699,366.216907,98.058079,209.123862,30.017779,36.021335,85.050375,23.013631,49.029039,7.004148,8.004741,521.308767,140.082970,298.176607,43.025484,51.030225,3.000000,2.000000,3.000000,0.000000,1.000000,0.000000,1.000000,2.000000,0.000000,1.000000,0.000000,1.000000,3.000000,0.000000,1.000000,1553.000000,438.000000,932.000000,136.000000,161.000000,5.000000,
0.049434,0.991700,0.151521,0.063728,0.548261,0.000593,-207.746368,3.197973,1396044.423952,1161964.845320,2307283.670491,207665.952589,1090450.943699,366.216907,98.058079,209.123862,30.017779,36.021335,85.050375,23.013631,49.029039,7.004148,8.004741,521.308767,140.082970,298.176607,43.025484,51.030225,3.000000,2.000000,3.000000,0.000000,1.000000,0.000000,1.000000,2.000000,0.000000,1.000000,0.000000,1.000000,3.000000,0.000000,1.000000,1553.000000,438.000000,932.000000,136.000000,161.000000,5.000000,
0.049401,0.992675,0.153815,0.074852,0.512234,0.000996,-208.335980,3.200967,1396044.032212,1161964.740131,2307283.446409,207665.920347,1090450.905412,366.364414,98.097575,209.208094,30.029870,36.035844,85.084632,23.022900,49.048788,7.006970,8.007965,521.518743,140.139393,298.296709,43.042814,51.050779,3.000000,2.000000,3.000000,0.000000,1.000000,0.000000,1.000000,2.000000,0.000000,1.000000,0.000000,1.000000,3.000000,0.000000,1.000000,1553.000000,438.000000,932.000000,136.000000,161.000000,5.000000,
0.049369,0.997026,0.151466,0.086870,0.503445,0.001791,-206.839671,3.193691,1396043.259041,1161964.532520,2307283.004143,207665.856711,1090450.829845,366.655546,98.175529,209.374342,30.053733,36.064480,85.152244,23.041196,49.087764,7.012538,8.014329,521.933168,140.250755,298.533751,43.077018,51.091347,3.000000,2.000000,3.000000,0.000000,1.000000,0.000000,1.000000,2.000000,0.000000,1.000000,0.000000,1.000000,3.000000,0.000000,1.000000,1553.000000,438.000000,932.000000,136.000000,161.000000,5.000000,
0.049369,0.997026,0.151466,0.086870,0.503445,0.001791,-206.839671,3.193691,1396043.259041,1161964.532520,2307283.004143,207665.856711,1090450.829845,366.655546,98.175529,209.374342,30.053733,36.064480,85.152244,23.041196,49.087764,7.012538,8.014329,521.933168,140.250755,298.533751,43.077018,51.091347,3.000000,2.000000,3.000000,0.000000,1.000000,0.000000,1.000000,2.000000,0.000000,1.000000,0.000000,1.000000,3.000000,0.000000,1.000000,1553.000000,438.000000,932.000000,136.000000,161.000000,5.000000,
0.049369,0.997026,0.151466,0.086870,0.503445,0.001791,-206.839671,3.193691,1396043.259041,1161964.532520,2307283.004143,207665.856711,1090450.829845,366.655546,98.175529,209.374342,30.053733,36.064480,85.152244,23.041196,49.087764,7.012538,8.014329,521.933168,140.250755,298.533751,43.077018,51.091347,3.000000,2.000000,3.000000,0.000000,1.000000,0.000000,1.000000,2.000000,0.000000,1.000000,0.000000,1.000000,3.000000,0.000000,1.000000,1553.000000,438.000000,932.000000,136.000000,161.000000,5.000000,
0.049402,0.993312,0.150837,0.081007,0.514982,0.001089,-207.386439,3.194433,1396043.941437,1161964.715756,2307283.394485,207665.912875,1090450.896540,366.398595,98.106728,209.227613,30.032672,36.039206,85.092570,23.025048,49.053364,7.007623,8.008712,521.567398,140.152468,298.324539,43.046829,51.055542,3.000000,2.000000,3.000000,0.000000,1.000000,0.000000,1.000000,2.000000,0.000000,1.000000,0.000000,1.000000,3.000000,0.000000,1.000000,1553.000000,438.000000,932.000000,136.000000,161.000000,5.000000,
0.049402,0.993312,0.150837,0.081007,0.514982,0.001089,-207.386439,3.194433,1396043.941437,1161964.715756,2307283.394485,207665.912875,1090450.896540,366.398595,98.106728,209.227613,30.032672,36.039206,85.092570,23.025048,49.053364,7.007623,8.008712,521.567398,140.152468,298.324539,43.046829,51.055542,3.000000,2.000000,3.000000,0.000000,1.000000,0.000000,1.000000,2.000000,0.000000,1.000000,0.000000,1.000000,3.000000,0.000000,1.000000,1553.000000,438.000000,932.000000,136.000000,161.000000,5.000000,
0.049402,0.993312,0.150837,0.081007,0.514982,0.001089,-207.386439,3.194433,1396043.941437,1161964.715756,2307283.394485,207665.912875,1090450.896540,366.398595,98.106728,209.227613,30.032672,36.039206,85.092570,23.025048,49.053364,7.007623,8.008712,521.567398,140.152468,298.324539,43.046829,51.055542,3.000000,2.000000,3.000000,0.000000,1.000000,0.000000,1.000000,2.000000,0.000000,1.000000,0.000000,1.000000,3.000000,0.000000,1.000000,1553.000000,438.000000,932.000000,136.000000,161.000000,5.000000,
0.049402,0.993312,0.150837,0.081007,0.514982,0.001089,-207.386439,3.194433,1396043.941437,1161964.715756,2307283.394485,207665.912875,1090450.896540,366.398595,98.106728,209.227613,30.032672,36.039206,85.092570,23.025048,49.053364,7.007623,8.008712,521.567398,140.152468,298.324539,43.046829,51.055542,3.000000,2.000000,3.000000,0.000000,1.000000,0.000000,1.000000,2.000000,0.000000,1.000000,0.000000,1.000000,3.000000,0.000000,1.000000,1553.000000,438.000000,932.000000,136.000000,161.000000,5.000000,
0.049402,0.993312,0.150837,0.081007,0.514982,0.001089,-207.386439,3.194433,1396043.941437,1161964.715756,2307283.394485,207665.912875,1090450.896540,366.398595,98.106728,209.227613,30.032672,36.039206,85.092570,23.025048,49.053364,7.007623,8.008712,521.567398,140.152468,298.324539,43.046829,51.055542,3.000000,2.000000,3.000000,0.000000,1.000000,0.000000,1.000000,2.000000,0.000000,1.000000,0.000000,1.000000,3.000000,0.000000,1.000000,1553.000000,438.000000,932.000000,136.000000,161.000000,5.000000,
0.049402,0.993312,0.150837,0.081007,0.514982,0.001089,-207.386439,3.194433,1396043.941437,1161964.715756,2307283.394485,207665.912875,1090450.896540,366.398595,98.106728,209.227613,30.032672,36.039206,85.092570,23.025048,49.053364,7.007623,8.008712,521.567398,140.152468,298.324539,43.046829,51.055542,3.000000,2.000000,3.000000,0.000000,1.000000,0.000000,1.000000,2.000000,0.000000,1.000000,0.000000,1.000000,3.000000,0.000000,1.000000,1553.000000,438.000000,932.000000,136.000000,161.000000,5.000000,
0.049402,0.993312,0.150837,0.081007,0.514982,0.001089,-207.386439,3.194433,1396043.941437,1161964.715756,2307283.394485,207665.912875,1090450.896540,366.398595,98.106728,209.227613,30.032672,36.039206,85.092570,23.025048,49.053364,7.007623,8.008712,521.567398,140.152468,298.324539,43.046829,51.055542,3.000000,2.000000,3.000000,0.000000,1.000000,0.000000,1.000000,2.000000,0.000000,1.000000,0.000000,1.000000,3.000000,0.000000,1.000000,1553.000000,438.000000,932.000000,136.000000,161.000000,5.000000,
0.049402,0.993312,0.150837,0.081007,0.514982,0.001089,-207.386439,3.194433,1396043.941437,1161964.715756,2307283.394485,207665.912875,1090450.896540,366.398595,98.106728,209.227613,30.032672,36.039206,85.092570,23.025048,49.053364,7.007623,8.008712,521.567398,140.152468,298.324539,43.046829,51.055542,3.000000,2.000000,3.000000,0.000000,1.000000,0.000000,1.000000,2.000000,0.000000,1.000000,0.000000,1.000000,3.000000,0.000000,1.000000,1553.000000,438.000000,932.000000,136.000000,161.000000,5.000000,
0.049402,0.993312,0.150837,0.081007,0.514982,0.001089,-207.386439,3.194433,1396043.941437,1161964.715756,2307283.394485,207665.912875,1090450.896540,366.398595,98.106728,209.227613,30.032672,36.039206,85.092570,23.025048,49.053364,7.007623,8.008712,521.567398,140.152468,298.324539,43.046829,51.055542,3.000000,2.000000,3.000000,0.000000,1.000000,0.000000,1.000000,2.000000,0.000000,1.000000,0.000000,1.000000,3.000000,0.000000,1.000000,1553.000000,438.000000,932.000000,136.000000,161.000000,5.000000,
0.049474,0.986629,0.147413,0.088141,0.507781,0.001856,-207.916010,3.191408,1396043.196120,1161964.515625,2307282.968151,207665.851532,1090450.823695,366.679239,98.181873,209.387871,30.055675,36.066810,85.157747,23.042684,49.090936,7.012991,8.014847,521.966895,140.259818,298.553042,43.079801,51.094648,3.000000,2.000000,3.000000,0.000000,1.000000,0.000000,1.000000,2.000000,0.000000,1.000000,0.000000,1.000000,3.000000,0.000000,1.000000,1553.000000,438.000000,932.000000,136.000000,161.000000,5.000000,
0.049474,0.986629,0.147413,0.088141,0.507781,0.001856,-207.916010,3.191408,1396043.196120,1161964.515625,2307282.968151,207665.851532,1090450.823695,366.679239,98.181873,209.387871,30.055675,36.066810,85.157747,23.042684,49.090936,7.012991,8.014847,521.966895,140.259818,298.553042,43.079801,51.094648,3.000000,2.000000,3.000000,0.000000,1.000000,0.000000,1.000000,2.000000,0.000000,1.000000,0.000000,1.000000,3.000000,0.000000,1.000000,1553.000000,438.000000,932.000000,136.000000,161.000000,5.000000,
0.049474,0.986629,0.147413,0.088141,0.507781,0.001856,-207.916010,3.191408,1396043.196120,1161964.515625,2307282.968151,207665.851532,1090450.823695,366.679239,98.181873,209.387871,30.055675,36.066810,85.157747,23.042684,49.090936,7.012991,8.014847,521.966895,140.259818,298.553042,43.079801,51.094648,3.000000,2.000000,3.000000,0.000000,1.000000,0.000000,1.000000,2.000000,0.000000,1.000000,0.000000,1.000000,3.000000,0.000000,1.000000,1553.000000,438.000000,932.000000,136.000000,161.000000,5.000000,
0.049474,0.986629,0.147413,0.088141,0.507781,0.001856,-207.916010,3.191408,1396043.196120,1161964.515625,2307282.968151,207665.851532,1090450.823695,366.679239,98.181873,209.387871,30.055675,36.066810,85.157747,23.042684,49.090936,7.012991,8.014847,521.966895,140.259818,298.553042,43.079801,51.094648,3.000000,2.000000,3.000000,0.000000,1.000000,0.000000,1.000000,2.000000,0.000000,1.000000,0.000000,1.000000,3.000000,0.000000,1.000000,1553.000000,438.000000,932.000000,136.000000,161.000000,5.000000,
0.049474,0.986629,0.147413,0.088141,0.507781,0.001856,-207.916010,3.191408,1396043.196120,1161964.515625,2307282.968151,207665.851532,1090450.823695,366.679239,98.181873,209.387871,30.055675,36.066810,85.157747,23.042684,49.090936,7.012991,8.014847,521.966895,140.259818,298.553042,43.079801,51.094648,3.000000,2.000000,3.000000,0.000000,1.000000,0.000000,1.000000,2.000000,0.000000,1.000000,0.000000,1.000000,3.000000,0.000000,1.000000,1553.000000,438.000000,932.000000,136.000000,161.000000,5.000000,
0.049423,0.995760,0.145629,0.099380,0.503961,0.002924,-205.767459,3.184126,1396042.158288,1161964.236948,2307282.374494,207665.766114,1090450.722261,367.070027,98.286510,209.611026,30.087707,36.105249,85.248504,23.067242,49.143255,7.020465,8.023389,522.523181,140.409300,298.871224,43.125714,51.149102,3.000000,2.000000,3.000000,0.000000,1.000000,0.000000,1.000000,2.000000,0.000000,1.000000,0.000000,1.000000,3.000000,0.000000,1.000000,1553.000000,438.000000,932.000000,136.000000,161.000000,5.000000,
0.049423,0.995760,0.145629,0.099380,0.503961,0.002924,-205.767459,3.184126,1396042.158288,1161964.236948,2307282.374494,207665.766114,1090450.722261,367.070027,98.286510,209.611026,30.087707,36.105249,85.248504,23.067242,49.143255,7.020465,8.023389,522.523181,140.409300,298.871224,43.125714,51.149102,3.000000,2.000000,3.000000,0.000000,1.000000,0.000000,1.000000,2.000000,0.000000,1.000000,0.000000,1.000000,3.000000,0.000000,1.000000,1553.000000,438.000000,932.000000,136.000000,161.000000,5.000000,
0.049423,0.995760,0.145629,0.099380,0.503961,0.002924,-205.767459,3.184126,1396042.158288,1161964.236948,2307282.374494,207665.766114,1090450.722261,367.070027,98.286510,209.611026,30.087707,36.105249,85.248504,23.067242,49.143255,7.020465,8.023389,522.523181,140.409300,298.871224,43.125714,51.149102,3.000000,2.000000,3.000000,0.000000,1.000000,0.000000,1.000000,2.000000,0.000000,1.000000,0.000000,1.000000,3.000000,0.000000,1.000000,1553.000000,438.000000,932.000000,136.000000,161.000000,5.000000,
0.049423,0.995760,0.145629,0.099380,0.503961,0.002924,-205.767459,3.184126,1396042.158288,1161964.236948,2307282.374494,207665.766114,1090450.722261,367.070027,98.286510,209.611026,30.087707,36.105249,85.248504,23.067242,49.143255,7.020465,8.023389,522.523181,140.409300,298.871224,43.125714,51.149102,3.000000,2.000000,3.000000,0.000000,1.000000,0.000000,1.000000,2.000000,0.000000,1.000000,0.000000,1.000000,3.000000,0.000000,1.000000,1553.000000,438.000000,932.000000,136.000000,161.000000,5.000000,
0.049423,0.995760,0.145629,0.099380,0.503961,0.002924,-205.767459,3.184126,1396042.158288,1161964.236948,2307282.374494,207665.766114,1090450.722261,367.070027,98.286510,209.611026,30.087707,36.105249,85.248504,23.067242,49.143255,7.020465,8.023389,522.523181,140.409300,298.871224,43.125714,51.149102,3.000000,2.000000,3.000000,0.000000,1.000000,0.000000,1.000000,2.000000,0.000000,1.000000,0.000000,1.000000,3.000000,0.000000,1.000000,1553.000000,438.000000,932.000000,136.000000,161.000000,5.000000,
0.049423,0.995760,0.145629,0.099380,0.503961,0.002924,-205.767459,3.184126,1396042.158288,1161964.236948,2307282.374494,207665.766114,1090450.722261,367.070027,98.286510,209.611026,30.087707,36.105249,85.248504,23.067242,49.143255,7.020465,8.023389,522.523181,140.409300,298.871224,43.125714,51.149102,3.000000,2.000000,3.000000,0.000000,1.000000,0.000000,1.000000,2.000000,0.000000,1.000000,0.000000,1.000000,3.000000,0.000000,1.000000,1553.000000,438.000000,932.000000,136.000000,161.000000,5.000000,
0.049423,0.995760,0.145629,0.099380,0.503961,0.002924,-205.767459,3.184126,1396042.158288,1161964.236948,2307282.374494,207665.766114,1090450.722261,367.070027,98.286510,209.611026,30.087707,36.105249,85.248504,23.067242,49.143255,7.020465,8.023389,522.523181,140.409300,298.871224,43.125714,51.149102,3.000000,2.000000,3.000000,0.000000,1.000000,0.000000,1.000000,2.000000,0.000000,1.000000,0.000000,1.000000,3.000000,0.000000,1.000000,1553.000000,438.000000,932.000000,136.000000,161.000000,5.000000,
0.049423,0.995760,0.145629,0.099380,0.503961,0.002924,-205.767459,3.184126,1396042.158288,1161964.236948,2307282.374494,207665.766114,1090450.722261,367.070027,98.286510,209.611026,30.087707,36.105249,85.248504,23.067242,49.143255,7.020465,8.023389,522.523181,140.409300,298.871224,43.125714,51.149102,3.000000,2.000000,3.000000,0.000000,1.000000,0.000000,1.000000,2.000000,0.000000,1.000000,0.000000,1.000000,3.000000,0.000000,1.000000,1553.000000,438.000000,932.000000,136.000000,161.000000,5.000000,
0.049423,0.995760,0.145629,0.099380,0.503961,0.002924,-205.767459,3.184126,1396042.158288,1161964.236948,2307282.374494,207665.766114,1090450.722261,367.070027,98.286510,209.611026,30.087707,36.105249,85.248504,23.067242,49.143255,7.020465,8.023389,522.523181,140.409300,298.871224,43.125714,51.149102,3.000000,2.000000,3.000000,0.000000,1.000000,0.000000,1.000000,2.000000,0.000000,1.000000,0.000000,1.000000,3.000000,0.000000,1.000000,1553.000000,438.000000,932.000000,136.000000,161.000000,5.000000,
0.049423,0.995760,0.145629,0.099380,0.503961,0.002924,-205.767459,3.184126,1396042.158288,1161964.236948,2307282.374494,207665.766114,1090450.722261,367.070027,98.286510,209.611026,30.087707,36.105249,85.248504,23.067242,49.143255,7.020465,8.023389,522.523181,140.409300,298.871224,43.125714,51.149102,3.000000,2.000000,3.000000,0.000000,1.000000,0.000000,1.000000,2.000000,0.000000,1.000000,0.000000,1.000000,3.000000,0.000000,1.000000,1553.000000,438.000000,932.000000,136.000000,161.000000,5.000000,
0.049423,0.995760,0.145629,0.099380,0.503961,0.002924,-205.767459,3.184126,1396042.158288,1161964.236948,2307282.374494,207665.766114,1090450.722261,367.070027,98.286510,209.611026,30.087707,36.105249,85.248504,23.067242,49.143255,7.020465,8.023389,522.523181,140.409300,298.871224,43.125714,51.149102,3.000000,2.000000,3.000000,0.000000,1.000000,0.000000,1.000000,2.000000,0.000000,1.000000,0.000000,1.000000,3.000000,0.000000,1.000000,1553.000000,438.000000,932.000000,136.000000,161.000000,5.000000,
0.049423,0.995760,0.145629,0.099380,0.503961,0.002924,-205.767459,3.184126,1396042.158288,1161964.236948,2307282.374494,207665.766114,1090450.722261,367.070027,98.286510,209.611026,30.087707,36.105249,85.248504,23.067242,49.143255,7.020465,8.023389,522.523181,140.409300,298.871224,43.125714,51.149102,3.000000,2.000000,3.000000,0.000000,1.000000,0.000000,1.000000,2.000000,0.000000,1.000000,0.000000,1.000000,3.000000,0.000000,1.000000,1553.000000,438.000000,932.000000,136.000000,161.000000,5.000000,
0.049423,0.995760,0.145629,0.099380,0.503961,0.002924,-205.767459,3.184126,1396042.158288,1161964.236948,2307282.374494,207665.766114,1090450.722261,367.070027,98.286510,209.611026,30.087707,36.105249,85.248504,23.067242,49.143255,7.020465,8.023389,522.523181,140.409300,298.871224,43.125714,51.149102,3.000000,2.000000,3.000000,0.000000,1.000000,0.000000,1.000000,2.000000,0.000000,1.000000,0.000000,1.000000,3.000000,0.000000,1.000000,1553.000000,438.000000,932.000000,136.000000,161.000000,5.000000,
0.049423,0.995760,0.145629,0.099380,0.503961,0.002924,-205.767459,3.184126,1396042.158288,1161964.236948,2307282.374494,207665.766114,1090450.722261,367.070027,98.286510,209.611026,30.087707,36.105249,85.248504,23.067242,49.143255,7.020465,8.023389,522.523181,140.409300,298.871224,43.125714,51.149102,3.000000,2.000000,3.000000,0.000000,1.000000,0.000000,1.000000,2.000000,0.000000,1.000000,0.000000,1.000000,3.000000,0.000000,1.000000,1553.000000,438.000000,932.000000,136.000000,161.000000,5.000000,
0.049417,0.990880,0.146260,0.107148,0.482113,0.003828,-206.830335,3.185168,1396041.279268,1161964.000915,2307281.871680,207665.693767,1090450.636348,367.401016,98.375135,209.800034,30.114837,36.137805,85.325373,23.088042,49.187568,7.026795,8.030623,522.994343,140.535908,299.140718,43.164600,51.195224,3.000000,2.000000,3.000000,0.000000,1.000000,0.000000,1.000000,2.000000,0.000000,1.000000,0.000000,1.000000,3.000000,0.000000,1.000000,1553.000000,438.000000,932.000000,136.000000,161.000000,5.000000,
0.049417,0.990880,0.146260,0.107148,0.482113,0.003828,-206.830335,3.185168,1396041.279268,1161964.000915,2307281.871680,207665.693767,1090450.636348,367.401016,98.375135,209.800034,30.114837,36.137805,85.325373,23.088042,49.187568,7.026795,8.030623,522.994343,140.535908,299.140718,43.164600,51.195224,3.000000,2.000000,3.000000,0.000000,1.000000,0.000000,1.000000,2.000000,0.000000,1.000000,0.000000,1.000000,3.000000,0.000000,1.000000,1553.000000,438.000000,932.000000,136.000000,161.000000,5.000000,
0.049417,0.990880,0.146260,0.107148,0.482113,0.003828,-206.830335,3.185168,1396041.279268,1161964.000915,2307281.871680,207665.693767,1090450.636348,367.401016,98.375135,209.800034,30.114837,36.137805,85.325373,23.088042,49.187568,7.026795,8.030623,522.994343,140.535908,299.140718,43.164600,51.195224,3.000000,2.000000,3.000000,0.000000,1.000000,0.000000,1.000000,2.000000,0.000000,1.000000,0.000000,1.000000,3.000000,0.000000,1.000000,1553.000000,438.000000,932.000000,136.000000,161.000000,5.000000,
0.049417,0.990880,0.146260,0.107148,0.482113,0.003828,-206.830335,3.185168,1396041.279268,1161964.000915,2307281.871680,207665.693767,1090450.636348,367.401016,98.375135,209.800034,30.114837,36.137805,85.325373,23.088042,49.187568,7.026795,8.030623,522.994343,140.535908,299.140718,43.164600,51.195224,3.000000,2.000000,3.000000,0.000000,1.000000,0.000000,1.000000,2.000000,0.000000,1.000000,0.000000,1.000000,3.000000,0.000000,1.000000,1553.000000,438.000000,932.000000,136.000000,161.000000,5.000000,
0.049417,0.990880,0.146260,0.107148,0.482113,0.003828,-206.830335,3.185168,1396041.279268,1161964.000915,2307281.871680,207665.693767,1090450.636348,367.401016,98.375135,209.800034,30.114837,36.137805,85.325373,23.088042,49.187568,7.026795,8.030623,522.994343,140.535908,299.140718,43.164600,51.195224,3.000000,2.000000,3.000000,0.000000,1.000000,0.000000,1.000000,2.000000,0.000000,1.000000,0.000000,1.000000,3.000000,0.000000,1.000000,1553.000000,438.000000,932.000000,136.000000,161.000000,5.000000,
0.049417,0.990880,0.146260,0.107148,0.482113,0.003828,-206.830335,3.185168,1396041.279268,1161964.000915,2307281.871680,207665.693767,1090450.636348,367.401016,98.375135,209.800034,30.114837,36.137805,85.325373,23.088042,49.187568,7.026795,8.030623,522.994343,140.535908,299.140718,43.164600,51.195224,3.000000,2.000000,3.000000,0.000000,1.000000,0.000000,1.000000,2.000000,0.000000,1.000000,0.000000,1.000000,3.000000,0.000000,1.000000,1553.000000,438.000000,932.000000,136.000000,161.000000,5.000000,
0.049417,0.990880,0.146260,0.107148,0.482113,0.003828,-206.830335,3.185168,1396041.279268,1161964.000915,2307281.871680,207665.693767,1090450.636348,367.401016,98.375135,209.800034,30.114837,36.137805,85.325373,23.088042,49.187568,7.026795,8.030623,522.994343,140.535908,299.140718,43.164600,51.195224,3.000000,2.000000,3.000000,0.000000,1.000000,0.000000,1.000000,2.000000,0.000000,1.000000,0.000000,1.000000,3.000000,0.000000,1.000000,1553.000000,438.000000,932.000000,136.000000,161.000000,5.000000,
0.049417,0.990880,0.146260,0.107148,0.482113,0.003828,-206.830335,3.185168,1396041.279268,1161964.000915,2307281.871680,207665.693767,1090450.636348,367.401016,98.375135,209.800034,30.114837,36.137805,85.325373,23.088042,49.187568,7.026795,8.030623,522.994343,140.535908,299.140718,43.164600,51.195224,3.000000,2.000000,3.000000,0.000000,1.000000,0.000000,1.000000,2.000000,0.000000,1.000000,0.000000,1.000000,3.000000,0.000000,1.000000,1553.000000,438.000000,932.000000,136.000000,161.000000,5.000000,
0.049417,0.990880,0.146260,0.107148,0.482113,0.003828,-206.830335,3.185168,1396041.279268,1161964.000915,2307281.871680,207665.693767,1090450.636348,367.401016,98.375135,209.800034,30.114837,36.137805,85.325373,23.088042,49.187568,7.026795,8.030623,522.994343,140.535908,299.140718,43.164600,51.195224,3.000000,2.000000,3.000000,0.000000,1.000000,0.000000,1.000000,2.000000,0.000000,1.000000,0.000000,1.000000,3.000000,0.000000,1.000000,1553.000000,438.000000,932.000000,136.000000,161.000000,5.000000,
0.049417,0.990880,0.146260,0.107148,0.482113,0.003828,-206.830335,3.185168,1396041.279268,1161964.000915,2307281.871680,207665.693767,1090450.636348,367.401016,98.375135,209.800034,30.114837,36.137805,85.325373,23.088042,49.187568,7.026795,8.030623,522.994343,140.535908,299.140718,43.164600,51.195224,3.000000,2.000000,3.000000,0.000000,1.000000,0.000000,1.000000,2.000000,0.000000,1.000000,0.000000,1.000000,3.000000,0.000000,1.000000,1553.000000,438.000000,932.000000,136.000000,161.000000,5.000000,
0.049417,0.990880,0.146260,0.107148,0.482113,0.003828,-206.830335,3.185168,1396041.279268,1161964.000915,2307281.871680,207665.693767,1090450.636348,367.401016,98.375135,209.800034,30.114837,36.137805,85.325373,23.088042,49.187568,7.026795,8.030623,522.994343,140.535908,299.140718,43.164600,51.195224,3.000000,2.000000,3.000000,0.000000,1.000000,0.000000,1.000000,2.000000,0.000000,1.000000,0.000000,1.000000,3.000000,0.000000,1.000000,1553.000000,438.000000,932.000000,136.000000,161.000000,5.000000,
0.049417,0.990880,0.146260,0.107148,0.482113,0.003828,-206.830335,3.185168,1396041.279268,1161964.000915,2307281.871680,207665.693767,1090450.636348,367.401016,98.375135,209.800034,30.114837,36.137805,85.325373,23.088042,49.187568,7.026795,8.030623,522.994343,140.535908,299.140718,43.164600,51.195224,3.000000,2.000000,3.000000,0.000000,1.000000,0.000000,1.000000,2.000000,0.000000,1.000000,0.000000,1.000000,3.000000,0.000000,1.000000,1553.000000,438.000000,932.000000,136.000000,161.000000,5.000000,
0.049447,0.988465,0.147566,0.078526,0.535980,0.003609,-207.323467,3.190040,1396041.491618,1161964.057934,2307281.993148,207665.711244,1090450.657103,367.321057,98.353726,209.754374,30.108283,36.129940,85.306803,23.083017,49.176863,7.025266,8.028876,522.880522,140.505323,299.075615,43.155206,51.184082,3.000000,2.000000,3.000000,0.000000,1.000000,0.000000,1.000000,2.000000,0.000000,1.000000,0.000000,1.000000,3.000000,0.000000,1.000000,1553.000000,438.000000,932.000000,136.000000,161.000000,5.000000,
0.049447,0.988465,0.147566,0.078526,0.535980,0.003609,-207.323467,3.190040,1396041.491618,1161964.057934,2307281.993148,207665.711244,1090450.657103,367.321057,98.353726,209.754374,30.108283,36.129940,85.306803,23.083017,49.176863,7.025266,8.028876,522.880522,140.505323,299.075615,43.155206,51.184082,3.000000,2.000000,3.000000,0.000000,1.000000,0.000000,1.000000,2.000000,0.000000,1.000000,0.000000,1.000000,3.000000,0.000000,1.000000,1553.000000,438.000000,932.000000,136.000000,161.000000,5.000000,
0.049447,0.988465,0.147566,0.078526,0.535980,0.003609,-207.323467,3.190040,1396041.491618,1161964.057934,2307281.993148,207665.711244,1090450.657103,367.321057,98.353726,209.754374,30.108283,36.129940,85.306803,23.083017,49.176863,7.025266,8.028876,522.880522,140.505323,299.075615,43.155206,51.184082,3.000000,2.000000,3.000000,0.000000,1.000000,0.000000,1.000000,2.000000,0.000000,1.000000,0.000000,1.000000,3.000000,0.000000,1.000000,1553.000000,438.000000,932.000000,136.000000,161.000000,5.000000,
0.049447,0.988465,0.147566,0.078526,0.535980,0.003609,-207.323467,3.190040,1396041.491618,1161964.057934,2307281.993148,207665.711244,1090450.657103,367.321057,98.353726,209.754374,30.108283,36.129940,85.306803,23.083017,49.176863,7.025266,8.028876,522.880522,140.505323,299.075615,43.155206,51.184082,3.000000,2.000000,3.000000,0.000000,1.000000,0.000000,1.000000,2.000000,0.000000,1.000000,0.000000,1.000000,3.000000,0.000000,1.000000,1553.000000,438.000000,932.000000,136.000000,161.000000,5.000000,
0.049447,0.988465,0.147566,0.078526,0.535980,0.003609,-207.323467,3.190040,1396041.491618,1161964.057934,2307281.993148,207665.711244,1090450.657103,367.321057,98.353726,209.754374,30.108283,36.129940,85.306803,23.083017,49.176863,7.025266,8.028876,522.880522,140.505323,299.075615,43.155206,51.184082,3.000000,2.000000,3.000000,0.000000,1.000000,0.000000,1.000000,2.000000,0.000000,1.000000,0.000000,1.000000,3.000000,0.000000,1.000000,1553.000000,438.000000,932.000000,136.000000,161.000000,5.000000,
0.049447,0.988465,0.147566,0.078526,0.535980,0.003609,-207.323467,3.190040,1396041.491618,1161964.057934,2307281.993148,207665.711244,1090450.657103,367.321057,98.353726,209.754374,30.108283,36.129940,85.306803,23.083017,49.176863,7.025266,8.028876,522.880522,140.505323,299.075615,43.155206,51.184082,3.000000,2.000000,3.000000,0.000000,1.000000,0.000000,1.000000,2.000000,0.000000,1.000000,0.000000,1.000000,3.000000,0.000000,1.000000,1553.000000,438.000000,932.000000,136.000000,161.000000,5.000000,
0.049447,0.988465,0.147566,0.078526,0.535980,0.003609,-207.323467,3.190040,1396041.491618,1161964.057934,2307281.993148,207665.711244,1090450.657103,367.321057,98.353726,209.754374,30.108283,36.129940,85.306803,23.083017,49.176863,7.025266,8.028876,522.880522,140.505323,299.075615,43.155206,51.184082,3.000000,2.000000,3.000000,0.000000,1.000000,0.000000,1.000000,2.000000,0.000000,1.000000,0.000000,1.000000,3.000000,0.000000,1.000000,1553.000000,438.000000,932.000000,136.000000,161.000000,5.000000,
0.049447,0.988465,0.147566,0.078526,0.535980,0.003609,-207.323467,3.190040,1396041.491618,1161964.057934,2307281.993148,207665.711244,1090450.657103,367.321057,98.353726,209.754374,30.108283,36.129940,85.306803,23.083017,49.176863,7.025266,8.028876,522.880522,140.505323,299.075615,43.155206,51.184082,3.000000,2.000000,3.000000,0.000000,1.000000,0.000000,1.000000,2.000000,0.000000,1.000000,0.000000,1.000000,3.000000,0.000000,1.000000,1553.000000,438.000000,932.000000,136.000000,161.000000,5.000000,
0.049447,0.988465,0.147566,0.078526,0.535980,0.003609,-207.323467,3.190040,1396041.491618,1161964.057934,2307281.993148,207665.711244,1090450.657103,367.321057,98.353726,209.754374,30.108283,36.129940,85.306803,23.083017,49.176863,7.025266,8.028876,522.880522,140.505323,299.075615,43.155206,51.184082,3.000000,2.000000,3.000000,0.000000,1.000000,0.000000,1.000000,2.000000,0.000000,1.000000,0.000000,1.000000,3.000000,0.000000,1.000000,1553.000000,438.000000,932.000000,136.000000,161.000000,5.000000,
0.049447,0.988465,0.147566,0.078526,0.535980,0.003609,-207.323467,3.190040,1396041.491618,1161964.057934,2307281.993148,207665.711244,1090450.657103,367.321057,98.353726,209.754374,30.108283,36.129940,85.306803,23.083017,49.176863,7.025266,8.028876,522.880522,140.505323,299.075615,43.155206,51.184082,3.000000,2.000000,3.000000,0.000000,1.000000,0.000000,1.000000,2.000000,0.000000,1.000000,0.000000,1.000000,3.000000,0.000000,1.000000,1553.000000,438.000000,932.000000,136.000000,161.000000,5.000000,
0.049447,0.988465,0.147566,0.078526,0.535980,0.003609,-207.323467,3.190040,1396041.491618,1161964.057934,2307281.993148,207665.711244,1090450.657103,367.321057,98.353726,209.754374,30.108283,36.129940,85.306803,23.083017,49.176863,7.025266,8.028876,522.880522,140.505323,299.075615,43.155206,51.184082,3.000000,2.000000,3.000000,0.000000,1.000000,0.000000,1.000000,2.000000,0.000000,1.000000,0.000000,1.000000,3.000000,0.000000,1.000000,1553.000000,438.000000,932.000000,136.000000,161.000000,5.000000,
0.049447,0.988465,0.147566,0.078526,0.535980,0.003609,-207.323467,3.190040,1396041.491618,1161964.057934,2307281.993148,207665.711244,1090450.657103,367.321057,98.353726,209.754374,30.108283,36.129940,85.306803,23.083017,49.176863,7.025266,8.028876,522.880522,140.505323,299.075615,43.155206,51.184082,3.000000,2.000000,3.000000,0.000000,1.000000,0.000000,1.000000,2.000000,0.000000,1.000000,0.000000,1.000000,3.000000,0.000000,1.000000,1553.000000,438.000000,932.000000,136.000000,161.000000,5.000000,
0.049447,0.988465,0.147566,0.078526,0.535980,0.003609,-207.323467,3.190040,1396041.491618,1161964.057934,2307281.993148,207665.711244,1090450.657103,367.321057,98.353726,209.754374,30.108283,36.129940,85.306803,23.083017,49.176863,7.025266,8.028876,522.880522,140.505323,299.075615,43.155206,51.184082,3.000000,2.000000,3.000000,0.000000,1.000000,0.000000,1.000000,2.000000,0.000000,1.000000,0.000000,1.000000,3.000000,0.000000,1.000000,1553.000000,438.000000,932.000000,136.000000,161.000000,5.000000,
0.049447,0.988465,0.147566,0.078526,0.535980,0.003609,-207.323467,3.190040,1396041.491618,1161964.057934,2307281.993148,207665.711244,1090450.657103,367.321057,98.353726,209.754374,30.108283,36.129940,85.306803,23.083017,49.176863,7.025266,8.028876,522.880522,140.505323,299.075615,43.155206,51.184082,3.000000,2.000000,3.000000,0.000000,1.000000,0.000000,1.000000,2.000000,0.000000,1.000000,0.000000,1.000000,3.000000,0.000000,1.000000,1553.000000,438.000000,932.000000,136.000000,161.000000,5.000000,
0.049447,0.988465,0.147566,0.078526,0.535980,0.003609,-207.323467,3.190040,1396041.491618,1161964.057934,2307281.993148,207665.711244,1090450.657103,367.321057,98.353726,209.754374,30.108283,36.129940,85.306803,23.083017,49.176863,7.025266,8.028876,522.880522,140.505323,299.075615,43.155206,51.184082,3.000000,2.000000,3.000000,0.000000,1.000000,0.000000,1.000000,2.000000,0.000000,1.000000,0.000000,1.000000,3.000000,0.000000,1.000000,1553.000000,438.000000,932.000000,136.000000,161.000000,5.000000,
0.049447,0.988465,0.147566,0.078526,0.535980,0.003609,-207.323467,3.190040,1396041.491618,1161964.057934,2307281.993148,207665.711244,1090450.657103,367.321057,98.353726,209.754374,30.108283,36.129940,85.306803,23.083017,49.176863,7.025266,8.028876,522.880522,140.505323,299.075615,43.155206,51.184082,3.000000,2.000000,3.000000,0.000000,1.000000,0.000000,1.000000,2.000000,0.000000,1.000000,0.000000,1.000000,3.000000,0.000000,1.000000,1553.000000,438.000000,932.000000,136.000000,161.000000,5.000000,
0.049405,0.996381,0.150417,0.082188,0.518895,0.004354,-206.269842,3.193636,1396040.767766,1161963.863567,2307281.579093,207665.651668,1090450.586356,367.593619,98.426707,209.910017,30.130625,36.156749,85.370103,23.100145,49.213353,7.030479,8.034833,523.268512,140.609581,299.297537,43.187228,51.222062,3.000000,2.000000,3.000000,0.000000,1.000000,0.000000,1.000000,2.000000,0.000000,1.000000,0.000000,1.000000,3.000000,0.000000,1.000000,1553.000000,438.000000,932.000000,136.000000,161.000000,5.000000,
0.049405,0.996381,0.150417,0.082188,0.518895,0.004354,-206.269842,3.193636,1396040.767766,1161963.863567,2307281.579093,207665.651668,1090450.586356,367.593619,98.426707,209.910017,30.130625,36.156749,85.370103,23.100145,49.213353,7.030479,8.034833,523.268512,140.609581,299.297537,43.187228,51.222062,3.000000,2.000000,3.000000,0.000000,1.000000,0.000000,1.000000,2.000000,0.000000,1.000000,0.000000,1.000000,3.000000,0.000000,1.000000,1553.000000,438.000000,932.000000,136.000000,161.000000,5.000000,
0.049405,0.996381,0.150417,0.082188,0.518895,0.004354,-206.269842,3.193636,1396040.767766,1161963.863567,2307281.579093,207665.651668,1090450.586356,367.593619,98.426707,209.910017,30.130625,36.156749,85.370103,23.100145,49.213353,7.030479,8.034833,523.268512,140.609581,299.297537,43.187228,51.222062,3.000000,2.000000,3.000000,0.000000,1.000000,0.000000,1.000000,2.000000,0.000000,1.000000,0.000000,1.000000,3.000000,0.000000,1.000000,1553.000000,438.000000,932.000000,136.000000,161.000000,5.000000,
0.049405,0.996381,0.150417,0.082188,0.518895,0.004354,-206.269842,3.193636,1396040.767766,1161963.863567,2307281.579093,207665.651668,1090450.586356,367.593619,98.426707,209.910017,30.130625,36.156749,85.370103,23.100145,49.213353,7.030479,8.034833,523.268512,140.609581,299.297537,43.187228,51.222062,3.000000,2.000000,3.000000,0.000000,1.000000,0.000000,1.000000,2.000000,0.000000,1.000000,0.000000,1.000000,3.000000,0.000000,1.000000,1553.000000,438.000000,932.000000,136.000000,161.000000,5.000000,
0.049405,0.996381,0.150417,0.082188,0.518895,0.004354,-206.269842,3.193636,1396040.767766,1161963.863567,2307281.579093,207665.651668,1090450.586356,367.593619,98.426707,209.910017,30.130625,36.156749,85.370103,23.100145,49.213353,7.030479,8.034833,523.268512,140.609581,299.297537,43.187228,51.222062,3.000000,2.000000,3.000000,0.000000,1.000000,0.000000,1.000000,2.000000,0.000000,1.000000,0.000000,1.000000,3.000000,0.000000,1.000000,1553.000000,438.000000,932.000000,136.000000,161.000000,5.000000,
0.049405,0.996381,0.150417,0.082188,0.518895,0.004354,-206.269842,3.193636,1396040.767766,1161963.863567,2307281.579093,207665.651668,1090450.586356,367.593619,98.426707,209.910017,30.130625,36.156749,85.370103,23.100145,49.213353,7.030479,8.034833,523.268512,140.609581,299.297537,43.187228,51.222062,3.000000,2.000000,3.000000,0.000000,1.000000,0.000000,1.000000,2.000000,0.000000,1.000000,0.000000,1.000000,3.000000,0.000000,1.000000,1553.000000,438.000000,932.000000,136.000000,161.000000,5.000000,
0.049405,0.996381,0.150417,0.082188,0.518895,0.004354,-206.269842,3.193636,1396040.767766,1161963.863567,2307281.579093,207665.651668,1090450.586356,367.593619,98.426707,209.910017,30.130625,36.156749,85.370103,23.100145,49.213353,7.030479,8.034833,523.268512,140.609581,299.297537,43.187228,51.222062,3.000000,2.000000,3.000000,0.000000,1.000000,0.000000,1.000000,2.000000,0.000000,1.000000,0.000000,1.000000,3.000000,0.000000,1.000000,1553.000000,438.000000,932.000000,136.000000,161.000000,5.000000,
0.049405,0.996381,0.150417,0.082188,0.518895,0.004354,-206.269842,3.193636,1396040.767766,1161963.863567,2307281.579093,207665.651668,1090450.586356,367.593619,98.426707,209.910017,30.130625,36.156749,85.370103,23.100145,49.213353,7.030479,8.034833,523.268512,140.609581,299.297537,43.187228,51.222062,3.000000,2.000000,3.000000,0.000000,1.000000,0.000000,1.000000,2.000000,0.000000,1.000000,0.000000,1.000000,3.000000,0.000000,1.000000,1553.000000,438.000000,932.000000,136.000000,161.000000,5.000000,
0.049405,0.996381,0.150417,0.082188,0.518895,0.004354,-206.269842,3.193636,1396040.767766,1161963.863567,2307281.579093,207665.651668,1090450.586356,367.593619,98.426707,209.910017,30.130625,36.156749,85.370103,23.100145,49.213353,7.030479,8.034833,523.268512,140.609581,299.297537,43.187228,51.222062,3.000000,2.000000,3.000000,0.000000,1.000000,0.000000,1.000000,2.000000,0.000000,1.000000,0.000000,1.000000,3.000000,0.000000,1.000000,1553.000000,438.000000,932.000000,136.000000,161.000000,5.000000,
0.049405,0.996381,0.150417,0.082188,0.518895,0.004354,-206.269842,3.193636,1396040.767766,1161963.863567,2307281.579093,207665.651668,1090450.586356,367.593619,98.426707,209.910017,30.130625,36.156749,85.370103,23.100145,49.213353,7.030479,8.034833,523.268512,140.609581,299.297537,43.187228,51.222062,3.000000,2.000000,3.000000,0.000000,1.000000,0.000000,1.000000,2.000000,0.000000,1.000000,0.000000,1.000000,3.000000,0.000000,1.000000,1553.000000,438.000000,932.000000,136.000000,161.000000,5.000000,
0.049405,0.996381,0.150417,0.082188,0.518895,0.004354,-206.269842,3.193636,1396040.767766,1161963.863567,2307281.579093,207665.651668,1090450.586356,367.593619,98.426707,209.910017,30.130625,36.156749,85.370103,23.100145,49.213353,7.030479,8.034833,523.268512,140.609581,299.297537,43.187228,51.222062,3.000000,2.000000,3.000000,0.000000,1.000000,0.000000,1.000000,2.000000,0.000000,1.000000,0.000000,1.000000,3.000000,0.000000,1.000000,1553.000000,438.000000,932.000000,136.000000,161.000000,5.000000,
0.049405,0.996381,0.150417,0.082188,0.518895,0.004354,-206.269842,3.193636,1396040.767766,1161963.863567,2307281.579093,207665.651668,1090450.586356,367.593619,98.426707,209.910017,30.130625,36.156749,85.370103,23.100145,49.213353,7.030479,8.034833,523.268512,140.609581,299.297537,43.187228,51.222062,3.000000,2.000000,3.000000,0.000000,1.000000,0.000000,1.000000,2.000000,0.000000,1.000000,0.000000,1.000000,3.000000,0.000000,1.000000,1553.000000,438.000000,932.000000,136.000000,161.000000,5.000000,
0.049405,0.996381,0.150417,0.082188,0.518895,0.004354,-206.269842,3.193636,1396040.767766,1161963.863567,2307281.579093,207665.651668,1090450.586356,367.593619,98.426707,209.910017,30.130625,36.156749,85.370103,23.100145,49.213353,7.030479,8.034833,523.268512,140.609581,299.297537,43.187228,51.222062,3.000000,2.000000,3.000000,0.000000,1.000000,0.000000,1.000000,2.000000,0.000000,1.000000,0.000000,1.000000,3.000000,0.000000,1.000000,1553.000000,438.000000,932.000000,136.000000,161.000000,5.000000,
0.049444,0.996621,0.147600,0.098679,0.492575,0.004200,-205.206005,3.189905,1396040.918074,1161963.903927,2307281.665071,207665.664039,1090450.601046,367.537021,98.411552,209.877698,30.125985,36.151182,85.356959,23.096589,49.205776,7.029397,8.033596,523.187946,140.587932,299.251455,43.180579,51.214175,3.000000,2.000000,3.000000,0.000000,1.000000,0.000000,1.000000,2.000000,0.000000,1.000000,0.000000,1.000000,3.000000,0.000000,1.000000,1553.000000,438.000000,932.000000,136.000000,161.000000,5.000000,
0.049444,0.996621,0.147600,0.098679,0.492575,0.004200,-205.206005,3.189905,1396040.918074,1161963.903927,2307281.665071,207665.664039,1090450.601046,367.537021,98.411552,209.877698,30.125985,36.151182,85.356959,23.096589,49.205776,7.029397,8.033596,523.187946,140.587932,299.251455,43.180579,51.214175,3.000000,2.000000,3.000000,0.000000,1.000000,0.000000,1.000000,2.000000,0.000000,1.000000,0.000000,1.000000,3.000000,0.000000,1.000000,1553.000000,438.000000,932.000000,136.000000,161.000000,5.000000,
0.049444,0.996621,0.147600,0.098679,0.492575,0.004200,-205.206005,3.189905,1396040.918074,1161963.903927,2307281.665071,207665.664039,1090450.601046,367.537021,98.411552,209.877698,30.125985,36.151182,85.356959,23.096589,49.205776,7.029397,8.033596,523.187946,140.587932,299.251455,43.180579,51.214175,3.000000,2.000000,3.000000,0.000000,1.000000,0.000000,1.000000,2.000000,0.000000,1.000000,0.000000,1.000000,3.000000,0.000000,1.000000,1553.000000,438.000000,932.000000,136.000000,161.000000,5.000000,
0.049444,0.996621,0.147600,0.098679,0.492575,0.004200,-205.206005,3.189905,1396040.918074,1161963.903927,2307281.665071,207665.664039,1090450.601046,367.537021,98.411552,209.877698,30.125985,36.151182,85.356959,23.096589,49.205776,7.029397,8.033596,523.187946,140.587932,299.251455,43.180579,51.214175,3.000000,2.000000,3.000000,0.000000,1.000000,0.000000,1.000000,2.000000,0.000000,1.000000,0.000000,1.000000,3.000000,0.000000,1.000000,1553.000000,438.000000,932.000000,136.000000,161.000000,5.000000,
0.049444,0.996621,0.147600,0.098679,0.492575,0.004200,-205.206005,3.189905,1396040.918074,1161963.903927,2307281.665071,207665.664039,1090450.601046,367.537021,98.411552,209.877698,30.125985,36.151182,85.356959,23.096589,49.205776,7.029397,8.033596,523.187946,140.587932,299.251455,43.180579,51.214175,3.000000,2.000000,3.000000,0.000000,1.000000,0.000000,1.000000,2.000000,0.000000,1.000000,0.000000,1.000000,3.000000,0.000000,1.000000,1553.000000,438.000000,932.000000,136.000000,161.000000,5.000000,
0.049444,0.996621,0.147600,0.098679,0.492575,0.004200,-205.206005,3.189905,1396040.918074,1161963.903927,2307281.665071,207665.664039,1090450.601046,367.537021,98.411552,209.877698,30.125985,36.151182,85.356959,23.096589,49.205776,7.029397,8.033596,523.187946,140.587932,299.251455,43.180579,51.214175,3.000000,2.000000,3.000000,0.000000,1.000000,0.000000,1.000000,2.000000,0.000000,1.000000,0.000000,1.000000,3.000000,0.000000,1.000000,1553.000000,438.000000,932.000000,136.000000,161.000000,5.000000,
0.049444,0.996621,0.147600,0.098679,0.492575,0.004200,-205.206005,3.189905,1396040.918074,1161963.903927,2307281.665071,207665.664039,1090450.601046,367.537021,98.411552,209.877698,30.125985,36.151182,85.356959,23.096589,49.205776,7.029397,8.033596,523.187946,140.587932,299.251455,43.180579,51.214175,3.000000,2.000000,3.000000,0.000000,1.000000,0.000000,1.000000,2.000000,0.000000,1.000000,0.000000,1.000000,3.000000,0.000000,1.000000,1553.000000,438.000000,932.000000,136.000000,161.000000,5.000000,
0.049444,0.996621,0.147600,0.098679,0.492575,0.004200,-205.206005,3.189905,1396040.918074,1161963.903927,2307281.665071,207665.664039,1090450.601046,367.537021,98.411552,209.877698,30.125985,36.151182,85.356959,23.096589,49.205776,7.029397,8.033596,523.187946,140.587932,299.251455,43.180579,51.214175,3.000000,2.000000,3.000000,0.000000,1.000000,0.000000,1.000000,2.000000,0.000000,1.000000,0.000000,1.000000,3.000000,0.000000,1.000000,1553.000000,438.000000,932.000000,136.000000,161.000000,5.000000,
0.049444,0.996621,0.147600,0.098679,0.492575,0.004200,-205.206005,3.189905,1396040.918074,1161963.903927,2307281.665071,207665.664039,1090450.601046,367.537021,98.411552,209.877698,30.125985,36.151182,85.356959,23.096589,49.205776,7.029397,8.033596,523.187946,140.587932,299.251455,43.180579,51.214175,3.000000,2.000000,3.000000,0.000000,1.000000,0.000000,1.000000,2.000000,0.000000,1.000000,0.000000,1.000000,3.000000,0.000000,1.000000,1553.000000,438.000000,932.000000,136.000000,161.000000,5.000000,
0.049542,0.993239,0.142542,0.070396,0.577595,0.001410,-205.549740,3.184884,1396043.629257,1161964.631930,2307283.215912,207665.887182,1090450.866028,366.516144,98.138203,209.294738,30.042307,36.050768,85.119870,23.032435,49.069101,7.009872,8.011282,521.734730,140.197432,298.420248,43.060640,51.071922,3.000000,2.000000,3.000000,0.000000,1.000000,0.000000,1.000000,2.000000,0.000000,1.000000,0.000000,1.000000,3.000000,0.000000,1.000000,1553.000000,438.000000,932.000000,136.000000,161.000000,5.000000,
0.049542,0.993239,0.142542,0.070396,0.577595,0.001410,-205.549740,3.184884,1396043.629257,1161964.631930,2307283.215912,207665.887182,1090450.866028,366.516144,98.138203,209.294738,30.042307,36.050768,85.119870,23.032435,49.069101,7.009872,8.011282,521.734730,140.197432,298.420248,43.060640,51.071922,3.000000,2.000000,3.000000,0.000000,1.000000,0.000000,1.000000,2.000000,0.000000,1.000000,0.000000,1.000000,3.000000,0.000000,1.000000,1553.000000,438.000000,932.000000,136.000000,161.000000,5.000000,
0.049542,0.993239,0.142542,0.070396,0.577595,0.001410,-205.549740,3.184884,1396043.629257,1161964.631930,2307283.215912,207665.887182,1090450.866028,366.516144,98.138203,209.294738,30.042307,36.050768,85.119870,23.032435,49.069101,7.009872,8.011282,521.734730,140.197432,298.420248,43.060640,51.071922,3.000000,2.000000,3.000000,0.000000,1.000000,0.000000,1.000000,2.000000,0.000000,1.000000,0.000000,1.000000,3.000000,0.000000,1.000000,1553.000000,438.000000,932.000000,136.000000,161.000000,5.000000,
0.049538,0.995688,0.143396,0.061345,0.593871,0.000594,-205.097638,3.186526,1396044.422656,1161964.844972,2307283.669750,207665.952482,1090450.943572,366.217395,98.058210,209.124141,30.017819,36.021383,85.050488,23.013661,49.029105,7.004158,8.004752,521.309461,140.083157,298.177005,43.025541,51.030293,3.000000,2.000000,3.000000,0.000000,1.000000,0.000000,1.000000,2.000000,0.000000,1.000000,0.000000,1.000000,3.000000,0.000000,1.000000,1553.000000,438.000000,932.000000,136.000000,161.000000,5.000000,
0.049538,0.995688,0.143396,0.061345,0.593871,0.000594,-205.097638,3.186526,1396044.422656,1161964.844972,2307283.669750,207665.952482,1090450.943572,366.217395,98.058210,209.124141,30.017819,36.021383,85.050488,23.013661,49.029105,7.004158,8.004752,521.309461,140.083157,298.177005,43.025541,51.030293,3.000000,2.000000,3.000000,0.000000,1.000000,0.000000,1.000000,2.000000,0.000000,1.000000,0.000000,1.000000,3.000000,0.000000,1.000000,1553.000000,438.000000,932.000000,136.000000,161.000000,5.000000,
0.049538,0.995688,0.143396,0.061345,0.593871,0.000594,-205.097638,3.186526,1396044.422656,1161964.844972,2307283.669750,207665.952482,1090450.943572,366.217395,98.058210,209.124141,30.017819,36.021383,85.050488,23.013661,49.029105,7.004158,8.004752,521.309461,140.083157,298.177005,43.025541,51.030293,3.000000,2.000000,3.000000,0.000000,1.000000,0.000000,1.000000,2.000000,0.000000,1.000000,0.000000,1.000000,3.000000,0.000000,1.000000,1553.000000,438.000000,932.000000,136.000000,161.000000,5.000000,
0.049541,0.989456,0.142013,0.079280,0.557178,0.000188,-206.424296,3.183671,1396044.816964,1161964.950851,2307283.895300,207665.984935,1090450.982111,366.068921,98.018454,209.039357,30.005649,36.006779,85.016006,23.004331,49.009227,7.001318,8.001506,521.098109,140.026363,298.056116,43.008097,51.009604,3.000000,2.000000,3.000000,0.000000,1.000000,0.000000,1.000000,2.000000,0.000000,1.000000,0.000000,1.000000,3.000000,0.000000,1.000000,1553.000000,438.000000,932.000000,136.000000,161.000000,5.000000,
0.049541,0.989456,0.142013,0.079280,0.557178,0.000188,-206.424296,3.183671,1396044.816964,1161964.950851,2307283.895300,207665.984935,1090450.982111,366.068921,98.018454,209.039357,30.005649,36.006779,85.016006,23.004331,49.009227,7.001318,8.001506,521.098109,140.026363,298.056116,43.008097,51.009604,3.000000,2.000000,3.000000,0.000000,1.000000,0.000000,1.000000,2.000000,0.000000,1.000000,0.000000,1.000000,3.000000,0.000000,1.000000,1553.000000,438.000000,932.000000,136.000000,161.000000,5.000000,
0.049541,0.989456,0.142013,0.079280,0.557178,0.000188,-206.424296,3.183671,1396044.816964,1161964.950851,2307283.895300,207665.984935,1090450.982111,366.068921,98.018454,209.039357,30.005649,36.006779,85.016006,23.004331,49.009227,7.001318,8.001506,521.098109,140.026363,298.056116,43.008097,51.009604,3.000000,2.000000,3.000000,0.000000,1.000000,0.000000,1.000000,2.000000,0.000000,1.000000,0.000000,1.000000,3.000000,0.000000,1.000000,1553.000000,438.000000,932.000000,136.000000,161.000000,5.000000,
0.049541,0.989456,0.142013,0.079280,0.557178,0.000188,-206.424296,3.183671,1396044.816964,1161964.950851,2307283.895300,207665.984935,1090450.982111,366.068921,98.018454,209.039357,30.005649,36.006779,85.016006,23.004331,49.009227,7.001318,8.001506,521.098109,140.026363,298.056116,43.008097,51.009604,3.000000,2.000000,3.000000,0.000000,1.000000,0.000000,1.000000,2.000000,0.000000,1.000000,0.000000,1.000000,3.000000,0.000000,1.000000,1553.000000,438.000000,932.000000,136.000000,161.000000,5.000000,
0.049541,0.989456,0.142013,0.079280,0.557178,0.000188,-206.424296,3.183671,1396044.816964,1161964.950851,2307283.895300,207665.984935,1090450.982111,366.068921,98.018454,209.039357,30.005649,36.006779,85.016006,23.004331,49.009227,7.001318,8.001506,521.098109,140.026363,298.056116,43.008097,51.009604,3.000000,2.000000,3.000000,0.000000,1.000000,0.000000,1.000000,2.000000,0.000000,1.000000,0.000000,1.000000,3.000000,0.000000,1.000000,1553.000000,438.000000,932.000000,136.000000,161.000000,5.000000,
0.049541,0.989456,0.142013,0.079280,0.557178,0.000188,-206.424296,3.183671,1396044.816964,1161964.950851,2307283.895300,207665.984935,1090450.982111,366.068921,98.018454,209.039357,30.005649,36.006779,85.016006,23.004331,49.009227,7.001318,8.001506,521.098109,140.026363,298.056116,43.008097,51.009604,3.000000,2.000000,3.000000,0.000000,1.000000,0.000000,1.000000,2.000000,0.000000,1.000000,0.000000,1.000000,3.000000,0.000000,1.000000,1553.000000,438.000000,932.000000,136.000000,161.000000,5.000000,
0.049467,0.997680,0.142822,0.088498,0.542933,0.001237,-205.103662,3.180722,1396043.797283,1161964.677048,2307283.312026,207665.901011,1090450.882450,366.452875,98.121262,209.258609,30.037121,36.044545,85.105176,23.028459,49.060631,7.008662,8.009899,521.644666,140.173231,298.368734,43.053207,51.063106,3.000000,2.000000,3.000000,0.000000,1.000000,0.000000,1.000000,2.000000,0.000000,1.000000,0.000000,1.000000,3.000000,0.000000,1.000000,1553.000000,438.000000,932.000000,136.000000,161.000000,5.000000,
0.049454,0.997986,0.144747,0.084846,0.539644,0.001272,-205.084510,3.184143,1396043.763161,1161964.667886,2307283.292508,207665.898203,1090450.879116,366.465723,98.124702,209.265946,30.038174,36.045809,85.108160,23.029267,49.062351,7.008907,8.010180,521.662956,140.178145,298.379195,43.054716,51.064896,3.000000,2.000000,3.000000,0.000000,1.000000,0.000000,1.000000,2.000000,0.000000,1.000000,0.000000,1.000000,3.000000,0.000000,1.000000,1553.000000,438.000000,932.000000,136.000000,161.000000,5.000000,
0.049454,0.997986,0.144747,0.084846,0.539644,0.001272,-205.084510,3.184143,1396043.763161,1161964.667886,2307283.292508,207665.898203,1090450.879116,366.465723,98.124702,209.265946,30.038174,36.045809,85.108160,23.029267,49.062351,7.008907,8.010180,521.662956,140.178145,298.379195,43.054716,51.064896,3.000000,2.000000,3.000000,0.000000,1.000000,0.000000,1.000000,2.000000,0.000000,1.000000,0.000000,1.000000,3.000000,0.000000,1.000000,1553.000000,438.000000,932.000000,136.000000,161.000000,5.000000,
0.049454,0.997986,0.144747,0.084846,0.539644,0.001272,-205.084510,3.184143,1396043.763161,1161964.667886,2307283.292508,207665.898203,1090450.879116,366.465723,98.124702,209.265946,30.038174,36.045809,85.108160,23.029267,49.062351,7.008907,8.010180,521.662956,140.178145,298.379195,43.054716,51.064896,3.000000,2.000000,3.000000,0.000000,1.000000,0.000000,1.000000,2.000000,0.000000,1.000000,0.000000,1.000000,3.000000,0.000000,1.000000,1553.000000,438.000000,932.000000,136.000000,161.000000,5.000000,
0.049454,0.997986,0.144747,0.084846,0.539644,0.001272,-205.084510,3.184143,1396043.763161,1161964.667886,2307283.292508,207665.898203,1090450.879116,366.465723,98.124702,209.265946,30.038174,36.045809,85.108160,23.029267,49.062351,7.008907,8.010180,521.662956,140.178145,298.379195,43.054716,51.064896,3.000000,2.000000,3.000000,0.000000,1.000000,0.000000,1.000000,2.000000,0.000000,1.000000,0.000000,1.000000,3.000000,0.000000,1.000000,1553.000000,438.000000,932.000000,136.000000,161.000000,5.000000,
0.049454,0.997986,0.144747,0.084846,0.539644,0.001272,-205.084510,3.184143,1396043.763161,1161964.667886,2307283.292508,207665.898203,1090450.879116,366.465723,98.124702,209.265946,30.038174,36.045809,85.108160,23.029267,49.062351,7.008907,8.010180,521.662956,140.178145,298.379195,43.054716,51.064896,3.000000,2.000000,3.000000,0.000000,1.000000,0.000000,1.000000,2.000000,0.000000,1.000000,0.000000,1.000000,3.000000,0.000000,1.000000,1553.000000,438.000000,932.000000,136.000000,161.000000,5.000000,
0.049454,0.997986,0.144747,0.084846,0.539644,0.001272,-205.084510,3.184143,1396043.763161,1161964.667886,2307283.292508,207665.898203,1090450.879116,366.465723,98.124702,209.265946,30.038174,36.045809,85.108160,23.029267,49.062351,7.008907,8.010180,521.662956,140.178145,298.379195,43.054716,51.064896,3.000000,2.000000,3.000000,0.000000,1.000000,0.000000,1.000000,2.000000,0.000000,1.000000,0.000000,1.000000,3.000000,0.000000,1.000000,1553.000000,438.000000,932.000000,136.000000,161.000000,5.000000,
0.049454,0.997986,0.144747,0.084846,0.539644,0.001272,-205.084510,3.184143,1396043.763161,1161964.667886,2307283.292508,207665.898203,1090450.879116,366.465723,98.124702,209.265946,30.038174,36.045809,85.108160,23.029267,49.062351,7.008907,8.010180,521.662956,140.178145,298.379195,43.054716,51.064896,3.000000,2.000000,3.000000,0.000000,1.000000,0.000000,1.000000,2.000000,0.000000,1.000000,0.000000,1.000000,3.000000,0.000000,1.000000,1553.000000,438.000000,932.000000,136.000000,161.000000,5.000000,
0.049454,0.997986,0.144747,0.084846,0.539644,0.001272,-205.084510,3.184143,1396043.763161,1161964.667886,2307283.292508,207665.898203,1090450.879116,366.465723,98.124702,209.265946,30.038174,36.045809,85.108160,23.029267,49.062351,7.008907,8.010180,521.662956,140.178145,298.379195,43.054716,51.064896,3.000000,2.000000,3.000000,0.000000,1.000000,0.000000,1.000000,2.000000,0.000000,1.000000,0.000000,1.000000,3.000000,0.000000,1.000000,1553.000000,438.000000,932.000000,136.000000,161.000000,5.000000,
0.049459,0.992905,0.145839,0.082212,0.535882,0.000443,-206.360893,3.186928,1396044.569186,1161964.884318,2307283.753567,207665.964542,1090450.957894,366.162220,98.043436,209.092634,30.013297,36.015956,85.037674,23.010194,49.021718,7.003103,8.003546,521.230920,140.062051,298.132081,43.019059,51.022604,3.000000,2.000000,3.000000,0.000000,1.000000,0.000000,1.000000,2.000000,0.000000,1.000000,0.000000,1.000000,3.000000,0.000000,1.000000,1553.000000,438.000000,932.000000,136.000000,161.000000,5.000000,
0.049459,0.992905,0.145839,0.082212,0.535882,0.000443,-206.360893,3.186928,1396044.569186,1161964.884318,2307283.753567,207665.964542,1090450.957894,366.162220,98.043436,209.092634,30.013297,36.015956,85.037674,23.010194,49.021718,7.003103,8.003546,521.230920,140.062051,298.132081,43.019059,51.022604,3.000000,2.000000,3.000000,0.000000,1.000000,0.000000,1.000000,2.000000,0.000000,1.000000,0.000000,1.000000,3.000000,0.000000,1.000000,1553.000000,438.000000,932.000000,136.000000,161.000000,5.000000,
0.049459,0.992905,0.145839,0.082212,0.535882,0.000443,-206.360893,3.186928,1396044.569186,1161964.884318,2307283.753567,207665.964542,1090450.957894,366.162220,98.043436,209.092634,30.013297,36.015956,85.037674,23.010194,49.021718,7.003103,8.003546,521.230920,140.062051,298.132081,43.019059,51.022604,3.000000,2.000000,3.000000,0.000000,1.000000,0.000000,1.000000,2.000000,0.000000,1.000000,0.000000,1.000000,3.000000,0.000000,1.000000,1553.000000,438.000000,932.000000,136.000000,161.000000,5.000000,
0.049459,0.992905,0.145839,0.082212,0.535882,0.000443,-206.360893,3.186928,1396044.569186,1161964.884318,2307283.753567,207665.964542,1090450.957894,366.162220,98.043436,209.092634,30.013297,36.015956,85.037674,23.010194,49.021718,7.003103,8.003546,521.230920,140.062051,298.132081,43.019059,51.022604,3.000000,2.000000,3.000000,0.000000,1.000000,0.000000,1.000000,2.000000,0.000000,1.000000,0.000000,1.000000,3.000000,0.000000,1.000000,1553.000000,438.000000,932.000000,136.000000,161.000000,5.000000,
0.049456,0.994763,0.146487,0.096826,0.500794,0.000344,-205.551610,3.188190,1396044.665943,1161964.910299,2307283.808914,207665.972506,1090450.967350,366.125787,98.033681,209.071829,30.010310,36.012372,85.029213,23.007905,49.016840,7.002406,8.002749,521.179058,140.048115,298.102417,43.014778,51.017528,3.000000,2.000000,3.000000,0.000000,1.000000,0.000000,1.000000,2.000000,0.000000,1.000000,0.000000,1.000000,3.000000,0.000000,1.000000,1553.000000,438.000000,932.000000,136.000000,161.000000,5.000000,
0.049456,0.994763,0.146487,0.096826,0.500794,0.000344,-205.551610,3.188190,1396044.665943,1161964.910299,2307283.808914,207665.972506,1090450.967350,366.125787,98.033681,209.071829,30.010310,36.012372,85.029213,23.007905,49.016840,7.002406,8.002749,521.179058,140.048115,298.102417,43.014778,51.017528,3.000000,2.000000,3.000000,0.000000,1.000000,0.000000,1.000000,2.000000,0.000000,1.000000,0.000000,1.000000,3.000000,0.000000,1.000000,1553.000000,438.000000,932.000000,136.000000,161.000000,5.000000,
0.049456,0.994763,0.146487,0.096826,0.500794,0.000344,-205.551610,3.188190,1396044.665943,1161964.910299,2307283.808914,207665.972506,1090450.967350,366.125787,98.033681,209.071829,30.010310,36.012372,85.029213,23.007905,49.016840,7.002406,8.002749,521.179058,140.048115,298.102417,43.014778,51.017528,3.000000,2.000000,3.000000,0.000000,1.000000,0.000000,1.000000,2.000000,0.000000,1.000000,0.000000,1.000000,3.000000,0.000000,1.000000,1553.000000,438.000000,932.000000,136.000000,161.000000,5.000000,
0.049456,0.994763,0.146487,0.096826,0.500794,0.000344,-205.551610,3.188190,1396044.665943,1161964.910299,2307283.808914,207665.972506,1090450.967350,366.125787,98.033681,209.071829,30.010310,36.012372,85.029213,23.007905,49.016840,7.002406,8.002749,521.179058,140.048115,298.102417,43.014778,51.017528,3.000000,2.000000,3.000000,0.000000,1.000000,0.000000,1.000000,2.000000,0.000000,1.000000,0.000000,1.000000,3.000000,0.000000,1.000000,1553.000000,438.000000,932.000000,136.000000,161.000000,5.000000,
0.049456,0.994763,0.146487,0.096826,0.500794,0.000344,-205.551610,3.188190,1396044.665943,1161964.910299,2307283.808914,207665.972506,1090450.967350,366.125787,98.033681,209.071829,30.010310,36.012372,85.029213,23.007905,49.016840,7.002406,8.002749,521.179058,140.048115,298.102417,43.014778,51.017528,3.000000,2.000000,3.000000,0.000000,1.000000,0.000000,1.000000,2.000000,0.000000,1.000000,0.000000,1.000000,3.000000,0.000000,1.000000,1553.000000,438.000000,932.000000,136.000000,161.000000,5.000000,
0.049456,0.994763,0.146487,0.096826,0.500794,0.000344,-205.551610,3.188190,1396044.665943,1161964.910299,2307283.808914,207665.972506,1090450.967350,366.125787,98.033681,209.071829,30.010310,36.012372,85.029213,23.007905,49.016840,7.002406,8.002749,521.179058,140.048115,298.102417,43.014778,51.017528,3.000000,2.000000,3.000000,0.000000,1.000000,0.000000,1.000000,2.000000,0.000000,1.000000,0.000000,1.000000,3.000000,0.000000,1.000000,1553.000000,438.000000,932.000000,136.000000,161.000000,5.000000,
0.049456,0.994763,0.146487,0.096826,0.500794,0.000344,-205.551610,3.188190,1396044.665943,1161964.910299,2307283.808914,207665.972506,1090450.967350,366.125787,98.033681,209.071829,30.010310,36.012372,85.029213,23.007905,49.016840,7.002406,8.002749,521.179058,140.048115,298.102417,43.014778,51.017528,3.000000,2.000000,3.000000,0.000000,1.000000,0.000000,1.000000,2.000000,0.000000,1.000000,0.000000,1.000000,3.000000,0.000000,1.000000,1553.000000,438.000000,932.000000,136.000000,161.000000,5.000000,
0.049456,0.994763,0.146487,0.096826,0.500794,0.000344,-205.551610,3.188190,1396044.665943,1161964.910299,2307283.808914,207665.972506,1090450.967350,366.125787,98.033681,209.071829,30.010310,36.012372,85.029213,23.007905,49.016840,7.002406,8.002749,521.179058,140.048115,298.102417,43.014778,51.017528,3.000000,2.000000,3.000000,0.000000,1.000000,0.000000,1.000000,2.000000,0.000000,1.000000,0.000000,1.000000,3.000000,0.000000,1.000000,1553.000000,438.000000,932.000000,136.000000,161.000000,5.000000,
0.049414,0.998859,0.149415,0.117685,0.439455,0.000997,-205.427202,3.192022,1396044.030903,1161964.739780,2307283.445661,207665.920239,1090450.905284,366.364907,98.097707,209.208376,30.029910,36.035892,85.084746,23.022931,49.048854,7.006979,8.007976,521.519444,140.139582,298.297110,43.042872,51.050848,3.000000,2.000000,3.000000,0.000000,1.000000,0.000000,1.000000,2.000000,0.000000,1.000000,0.000000,1.000000,3.000000,0.000000,1.000000,1553.000000,438.000000,932.000000,136.000000,161.000000,5.000000,
0.049414,0.998859,0.149415,0.117685,0.439455,0.000997,-205.427202,3.192022,1396044.030903,1161964.739780,2307283.445661,207665.920239,1090450.905284,366.364907,98.097707,209.208376,30.029910,36.035892,85.084746,23.022931,49.048854,7.006979,8.007976,521.519444,140.139582,298.297110,43.042872,51.050848,3.000000,2.000000,3.000000,0.000000,1.000000,0.000000,1.000000,2.000000,0.000000,1.000000,0.000000,1.000000,3.000000,0.000000,1.000000,1553.000000,438.000000,932.000000,136.000000,161.000000,5.000000,
0.049414,0.998859,0.149415,0.117685,0.439455,0.000997,-205.427202,3.192022,1396044.030903,1161964.739780,2307283.445661,207665.920239,1090450.905284,366.364907,98.097707,209.208376,30.029910,36.035892,85.084746,23.022931,49.048854,7.006979,8.007976,521.519444,140.139582,298.297110,43.042872,51.050848,3.000000,2.000000,3.000000,0.000000,1.000000,0.000000,1.000000,2.000000,0.000000,1.000000,0.000000,1.000000,3.000000,0.000000,1.000000,1553.000000,438.000000,932.000000,136.000000,161.000000,5.000000,
0.049414,0.998859,0.149415,0.117685,0.439455,0.000997,-205.427202,3.192022,1396044.030903,1161964.739780,2307283.445661,207665.920239,1090450.905284,366.364907,98.097707,209.208376,30.029910,36.035892,85.084746,23.022931,49.048854,7.006979,8.007976,521.519444,140.139582,298.297110,43.042872,51.050848,3.000000,2.000000,3.000000,0.000000,1.000000,0.000000,1.000000,2.000000,0.000000,1.000000,0.000000,1.000000,3.000000,0.000000,1.000000,1553.000000,438.000000,932.000000,136.000000,161.000000,5.000000,
0.049414,0.998859,0.149415,0.117685,0.439455,0.000997,-205.427202,3.192022,1396044.030903,1161964.739780,2307283.445661,207665.920239,1090450.905284,366.364907,98.097707,209.208376,30.029910,36.035892,85.084746,23.022931,49.048854,7.006979,8.007976,521.519444,140.139582,298.297110,43.042872,51.050848,3.000000,2.000000,3.000000,0.000000,1.000000,0.000000,1.000000,2.000000,0.000000,1.000000,0.000000,1.000000,3.000000,0.000000,1.000000,1553.000000,438.000000,932.000000,136.000000,161.000000,5.000000,
0.049414,0.998859,0.149415,0.117685,0.439455,0.000997,-205.427202,3.192022,1396044.030903,1161964.739780,2307283.445661,207665.920239,1090450.905284,366.364907,98.097707,209.208376,30.029910,36.035892,85.084746,23.022931,49.048854,7.006979,8.007976,521.519444,140.139582,298.297110,43.042872,51.050848,3.000000,2.000000,3.000000,0.000000,1.000000,0.000000,1.000000,2.000000,0.000000,1.000000,0.000000,1.000000,3.000000,0.000000,1.000000,1553.000000,438.000000,932.000000,136.000000,161.000000,5.000000,
0.049414,0.998859,0.149415,0.117685,0.439455,0.000997,-205.427202,3.192022,1396044.030903,1161964.739780,2307283.445661,207665.920239,1090450.905284,366.364907,98.097707,209.208376,30.029910,36.035892,85.084746,23.022931,49.048854,7.006979,8.007976,521.519444,140.139582,298.297110,43.042872,51.050848,3.000000,2.000000,3.000000,0.000000,1.000000,0.000000,1.000000,2.000000,0.000000,1.000000,0.000000,1.000000,3.000000,0.000000,1.000000,1553.000000,438.000000,932.000000,136.000000,161.000000,5.000000,
0.049414,0.998859,0.149415,0.117685,0.439455,0.000997,-205.427202,3.192022,1396044.030903,1161964.739780,2307283.445661,207665.920239,1090450.905284,366.364907,98.097707,209.208376,30.029910,36.035892,85.084746,23.022931,49.048854,7.006979,8.007976,521.519444,140.139582,298.297110,43.042872,51.050848,3.000000,2.000000,3.000000,0.000000,1.000000,0.000000,1.000000,2.000000,0.000000,1.000000,0.000000,1.000000,3.000000,0.000000,1.000000,1553.000000,438.000000,932.000000,136.000000,161.000000,5.000000,
0.049414,0.998859,0.149415,0.117685,0.439455,0.000997,-205.427202,3.192022,1396044.030903,1161964.739780,2307283.445661,207665.920239,1090450.905284,366.364907,98.097707,209.208376,30.029910,36.035892,85.084746,23.022931,49.048854,7.006979,8.007976,521.519444,140.139582,298.297110,43.042872,51.050848,3.000000,2.000000,3.000000,0.000000,1.000000,0.000000,1.000000,2.000000,0.000000,1.000000,0.000000,1.000000,3.000000,0.000000,1.000000,1553.000000,438.000000,932.000000,136.000000,161.000000,5.000000,
0.049414,0.998859,0.149415,0.117685,0.439455,0.000997,-205.427202,3.192022,1396044.030903,1161964.739780,2307283.445661,207665.920239,1090450.905284,366.364907,98.097707,209.208376,30.029910,36.035892,85.084746,23.022931,49.048854,7.006979,8.007976,521.519444,140.139582,298.297110,43.042872,51.050848,3.000000,2.000000,3.000000,0.000000,1.000000,0.000000,1.000000,2.000000,0.000000,1.000000,0.000000,1.000000,3.000000,0.000000,1.000000,1553.000000,438.000000,932.000000,136.000000,161.000000,5.000000,
0.049414,0.998859,0.149415,0.117685,0.439455,0.000997,-205.427202,3.192022,1396044.030903,1161964.739780,2307283.445661,207665.920239,1090450.905284,366.364907,98.097707,209.208376,30.029910,36.035892,85.084746,23.022931,49.048854,7.006979,8.007976,521.519444,140.139582,298.297110,43.042872,51.050848,3.000000,2.000000,3.000000,0.000000,1.000000,0.000000,1.000000,2.000000,0.000000,1.000000,0.000000,1.000000,3.000000,0.000000,1.000000,1553.000000,438.000000,932.000000,136.000000,161.000000,5.000000,
0.049414,0.998859,0.149415,0.117685,0.439455,0.000997,-205.427202,3.192022,1396044.030903,1161964.739780,2307283.445661,207665.920239,1090450.905284,366.364907,98.097707,209.208376,30.029910,36.035892,85.084746,23.022931,49.048854,7.006979,8.007976,521.519444,140.139582,298.297110,43.042872,51.050848,3.000000,2.000000,3.000000,0.000000,1.000000,0.000000,1.000000,2.000000,0.000000,1.000000,0.000000,1.000000,3.000000,0.000000,1.000000,1553.000000,438.000000,932.000000,136.000000,161.000000,5.000000,
0.049414,0.998859,0.149415,0.117685,0.439455,0.000997,-205.427202,3.192022,1396044.030903,1161964.739780,2307283.445661,207665.920239,1090450.905284,366.364907,98.097707,209.208376,30.029910,36.035892,85.084746,23.022931,49.048854,7.006979,8.007976,521.519444,140.139582,298.297110,43.042872,51.050848,3.000000,2.000000,3.000000,0.000000,1.000000,0.000000,1.000000,2.000000,0.000000,1.000000,0.000000,1.000000,3.000000,0.000000,1.000000,1553.000000,438.000000,932.000000,136.000000,161.000000,5.000000,
0.049414,0.998859,0.149415,0.117685,0.439455,0.000997,-205.427202,3.192022,1396044.030903,1161964.739780,2307283.445661,207665.920239,1090450.905284,366.364907,98.097707,209.208376,30.029910,36.035892,85.084746,23.022931,49.048854,7.006979,8.007976,521.519444,140.139582,298.297110,43.042872,51.050848,3.000000,2.000000,3.000000,0.000000,1.000000,0.000000,1.000000,2.000000,0.000000,1.000000,0.000000,1.000000,3.000000,0.000000,1.000000,1553.000000,438.000000,932.000000,136.000000,161.000000,5.000000,
0.049414,0.998859,0.149415,0.117685,0.439455,0.000997,-205.427202,3.192022,1396044.030903,1161964.739780,2307283.445661,207665.920239,1090450.905284,366.364907,98.097707,209.208376,30.029910,36.035892,85.084746,23.022931,49.048854,7.006979,8.007976,521.519444,140.139582,298.297110,43.042872,51.050848,3.000000,2.000000,3.000000,0.000000,1.000000,0.000000,1.000000,2.000000,0.000000,1.000000,0.000000,1.000000,3.000000,0.000000,1.000000,1553.000000,438.000000,932.000000,136.000000,161.000000,5.000000,
0.049414,0.998859,0.149415,0.117685,0.439455,0.000997,-205.427202,3.192022,1396044.030903,1161964.739780,2307283.445661,207665.920239,1090450.905284,366.364907,98.097707,209.208376,30.029910,36.035892,85.084746,23.022931,49.048854,7.006979,8.007976,521.519444,140.139582,298.297110,43.042872,51.050848,3.000000,2.000000,3.000000,0.000000,1.000000,0.000000,1.000000,2.000000,0.000000,1.000000,0.000000,1.000000,3.000000,0.000000,1.000000,1553.000000,438.000000,932.000000,136.000000,161.000000,5.000000,
0.049414,0.998859,0.149415,0.117685,0.439455,0.000997,-205.427202,3.192022,1396044.030903,1161964.739780,2307283.445661,207665.920239,1090450.905284,366.364907,98.097707,209.208376,30.029910,36.035892,85.084746,23.022931,49.048854,7.006979,8.007976,521.519444,140.139582,298.297110,43.042872,51.050848,3.000000,2.000000,3.000000,0.000000,1.000000,0.000000,1.000000,2.000000,0.000000,1.000000,0.000000,1.000000,3.000000,0.000000,1.000000,1553.000000,438.000000,932.000000,136.000000,161.000000,5.000000,
0.049414,0.998859,0.149415,0.117685,0.439455,0.000997,-205.427202,3.192022,1396044.030903,1161964.739780,2307283.445661,207665.920239,1090450.905284,366.364907,98.097707,209.208376,30.029910,36.035892,85.084746,23.022931,49.048854,7.006979,8.007976,521.519444,140.139582,298.297110,43.042872,51.050848,3.000000,2.000000,3.000000,0.000000,1.000000,0.000000,1.000000,2.000000,0.000000,1.000000,0.000000,1.000000,3.000000,0.000000,1.000000,1553.000000,438.000000,932.000000,136.000000,161.000000,5.000000,
0.049414,0.998859,0.149415,0.117685,0.439455,0.000997,-205.427202,3.192022,1396044.030903,1161964.739780,2307283.445661,207665.920239,1090450.905284,366.364907,98.097707,209.208376,30.029910,36.035892,85.084746,23.022931,49.048854,7.006979,8.007976,521.519444,140.139582,298.297110,43.042872,51.050848,3.000000,2.000000,3.000000,0.000000,1.000000,0.000000,1.000000,2.000000,0.000000,1.000000,0.000000,1.000000,3.000000,0.000000,1.000000,1553.000000,438.000000,932.000000,136.000000,161.000000,5.000000,
0.049414,0.998859,0.149415,0.117685,0.439455,0.000997,-205.427202,3.192022,1396044.030903,1161964.739780,2307283.445661,207665.920239,1090450.905284,366.364907,98.097707,209.208376,30.029910,36.035892,85.084746,23.022931,49.048854,7.006979,8.007976,521.519444,140.139582,298.297110,43.042872,51.050848,3.000000,2.000000,3.000000,0.000000,1.000000,0.000000,1.000000,2.000000,0.000000,1.000000,0.000000,1.000000,3.000000,0.000000,1.000000,1553.000000,438.000000,932.000000,136.000000,161.000000,5.000000,
0.049414,0.998859,0.149415,0.117685,0.439455,0.000997,-205.427202,3.192022,1396044.030903,1161964.739780,2307283.445661,207665.920239,1090450.905284,366.364907,98.097707,209.208376,30.029910,36.035892,85.084746,23.022931,49.048854,7.006979,8.007976,521.519444,140.139582,298.297110,43.042872,51.050848,3.000000,2.000000,3.000000,0.000000,1.000000,0.000000,1.000000,2.000000,0.000000,1.000000,0.000000,1.000000,3.000000,0.000000,1.000000,1553.000000,438.000000,932.000000,136.000000,161.000000,5.000000,
0.049414,0.998859,0.149415,0.117685,0.439455,0.000997,-205.427202,3.192022,1396044.030903,1161964.739780,2307283.445661,207665.920239,1090450.905284,366.364907,98.097707,209.208376,30.029910,36.035892,85.084746,23.022931,49.048854,7.006979,8.007976,521.519444,140.139582,298.297110,43.042872,51.050848,3.000000,2.000000,3.000000,0.000000,1.000000,0.000000,1.000000,2.000000,0.000000,1.000000,0.000000,1.000000,3.000000,0.000000,1.000000,1553.000000,438.000000,932.000000,136.000000,161.000000,5.000000,
0.049414,0.998859,0.149415,0.117685,0.439455,0.000997,-205.427202,3.192022,1396044.030903,1161964.739780,2307283.445661,207665.920239,1090450.905284,366.364907,98.097707,209.208376,30.029910,36.035892,85.084746,23.022931,49.048854,7.006979,8.007976,521.519444,140.139582,298.297110,43.042872,51.050848,3.000000,2.000000,3.000000,0.000000,1.000000,0.000000,1.000000,2.000000,0.000000,1.000000,0.000000,1.000000,3.000000,0.000000,1.000000,1553.000000,438.000000,932.000000,136.000000,161.000000,5.000000,
0.049414,0.998859,0.149415,0.117685,0.439455,0.000997,-205.427202,3.192022,1396044.030903,1161964.739780,2307283.445661,207665.920239,1090450.905284,366.364907,98.097707,209.208376,30.029910,36.035892,85.084746,23.022931,49.048854,7.006979,8.007976,521.519444,140.139582,298.297110,43.042872,51.050848,3.000000,2.000000,3.000000,0.000000,1.000000,0.000000,1.000000,2.000000,0.000000,1.000000,0.000000,1.000000,3.000000,0.000000,1.000000,1553.000000,438.000000,932.000000,136.000000,161.000000,5.000000,
0.049414,0.998859,0.149415,0.117685,0.439455,0.000997,-205.427202,3.192022,1396044.030903,1161964.739780,2307283.445661,207665.920239,1090450.905284,366.364907,98.097707,209.208376,30.029910,36.035892,85.084746,23.022931,49.048854,7.006979,8.007976,521.519444,140.139582,298.297110,43.042872,51.050848,3.000000,2.000000,3.000000,0.000000,1.000000,0.000000,1.000000,2.000000,0.000000,1.000000,0.000000,1.000000,3.000000,0.000000,1.000000,1553.000000,438.000000,932.000000,136.000000,161.000000,5.000000,
0.049414,0.998859,0.149415,0.117685,0.439455,0.000997,-205.427202,3.192022,1396044.030903,1161964.739780,2307283.445661,207665.920239,1090450.905284,366.364907,98.097707,209.208376,30.029910,36.035892,85.084746,23.022931,49.048854,7.006979,8.007976,521.519444,140.139582,298.297110,43.042872,51.050848,3.000000,2.000000,3.000000,0.000000,1.000000,0.000000,1.000000,2.000000,0.000000,1.000000,0.000000,1.000000,3.000000,0.000000,1.000000,1553.000000,438.000000,932.000000,136.000000,161.000000,5.000000,
0.049414,0.998859,0.149415,0.117685,0.439455,0.000997,-205.427202,3.192022,1396044.030903,1161964.739780,2307283.445661,207665.920239,1090450.905284,366.364907,98.097707,209.208376,30.029910,36.035892,85.084746,23.022931,49.048854,7.006979,8.007976,521.519444,140.139582,298.297110,43.042872,51.050848,3.000000,2.000000,3.000000,0.000000,1.000000,0.000000,1.000000,2.000000,0.000000,1.000000,0.000000,1.000000,3.000000,0.000000,1.000000,1553.000000,438.000000,932.000000,136.000000,161.000000,5.000000,
0.049414,0.998859,0.149415,0.117685,0.439455,0.000997,-205.427202,3.192022,1396044.030903,1161964.739780,2307283.445661,207665.920239,1090450.905284,366.364907,98.097707,209.208376,30.029910,36.035892,85.084746,23.022931,49.048854,7.006979,8.007976,521.519444,140.139582,298.297110,43.042872,51.050848,3.000000,2.000000,3.000000,0.000000,1.000000,0.000000,1.000000,2.000000,0.000000,1.000000,0.000000,1.000000,3.000000,0.000000,1.000000,1553.000000,438.000000,932.000000,136.000000,161.000000,5.000000,
0.049415,0.992016,0.147930,0.130601,0.418424,0.002279,-206.555250,3.188757,1396042.784429,1161964.405078,2307282.732657,207665.817648,1090450.783458,366.834258,98.223381,209.476393,30.068382,36.082058,85.193748,23.052426,49.111690,7.015956,8.018235,522.187564,140.319115,298.679259,43.098014,51.116249,3.000000,2.000000,3.000000,0.000000,1.000000,0.000000,1.000000,2.000000,0.000000,1.000000,0.000000,1.000000,3.000000,0.000000,1.000000,1553.000000,438.000000,932.000000,136.000000,161.000000,5.000000,
0.049415,0.992016,0.147930,0.130601,0.418424,0.002279,-206.555250,3.188757,1396042.784429,1161964.405078,2307282.732657,207665.817648,1090450.783458,366.834258,98.223381,209.476393,30.068382,36.082058,85.193748,23.052426,49.111690,7.015956,8.018235,522.187564,140.319115,298.679259,43.098014,51.116249,3.000000,2.000000,3.000000,0.000000,1.000000,0.000000,1.000000,2.000000,0.000000,1.000000,0.000000,1.000000,3.000000,0.000000,1.000000,1553.000000,438.000000,932.000000,136.000000,161.000000,5.000000,
0.049415,0.992016,0.147930,0.130601,0.418424,0.002279,-206.555250,3.188757,1396042.784429,1161964.405078,2307282.732657,207665.817648,1090450.783458,366.834258,98.223381,209.476393,30.068382,36.082058,85.193748,23.052426,49.111690,7.015956,8.018235,522.187564,140.319115,298.679259,43.098014,51.116249,3.000000,2.000000,3.000000,0.000000,1.000000,0.000000,1.000000,2.000000,0.000000,1.000000,0.000000,1.000000,3.000000,0.000000,1.000000,1553.000000,438.000000,932.000000,136.000000,161.000000,5.000000,
0.049415,0.992016,0.147930,0.130601,0.418424,0.002279,-206.555250,3.188757,1396042.784429,1161964.405078,2307282.732657,207665.817648,1090450.783458,366.834258,98.223381,209.476393,30.068382,36.082058,85.193748,23.052426,49.111690,7.015956,8.018235,522.187564,140.319115,298.679259,43.098014,51.116249,3.000000,2.000000,3.000000,0.000000,1.000000,0.000000,1.000000,2.000000,0.000000,1.000000,0.000000,1.000000,3.000000,0.000000,1.000000,1553.000000,438.000000,932.000000,136.000000,161.000000,5.000000,
0.049415,0.992016,0.147930,0.130601,0.418424,0.002279,-206.555250,3.188757,1396042.784429,1161964.405078,2307282.732657,207665.817648,1090450.783458,366.834258,98.223381,209.476393,30.068382,36.082058,85.193748,23.052426,49.111690,7.015956,8.018235,522.187564,140.319115,298.679259,43.098014,51.116249,3.000000,2.000000,3.000000,0.000000,1.000000,0.000000,1.000000,2.000000,0.000000,1.000000,0.000000,1.000000,3.000000,0.000000,1.000000,1553.000000,438.000000,932.000000,136.000000,161.000000,5.000000,
0.049415,0.992016,0.147930,0.130601,0.418424,0.002279,-206.555250,3.188757,1396042.784429,1161964.405078,2307282.732657,207665.817648,1090450.783458,366.834258,98.223381,209.476393,30.068382,36.082058,85.193748,23.052426,49.111690,7.015956,8.018235,522.187564,140.319115,298.679259,43.098014,51.116249,3.000000,2.000000,3.000000,0.000000,1.000000,0.000000,1.000000,2.000000,0.000000,1.000000,0.000000,1.000000,3.000000,0.000000,1.000000,1553.000000,438.000000,932.000000,136.000000,161.000000,5.000000,
0.049415,0.992016,0.147930,0.130601,0.418424,0.002279,-206.555250,3.188757,1396042.784429,1161964.405078,2307282.732657,207665.817648,1090450.783458,366.834258,98.223381,209.476393,30.068382,36.082058,85.193748,23.052426,49.111690,7.015956,8.018235,522.187564,140.319115,298.679259,43.098014,51.116249,3.000000,2.000000,3.000000,0.000000,1.000000,0.000000,1.000000,2.000000,0.000000,1.000000,0.000000,1.000000,3.000000,0.000000,1.000000,1553.000000,438.000000,932.000000,136.000000,161.000000,5.000000,
0.049415,0.992016,0.147930,0.130601,0.418424,0.002279,-206.555250,3.188757,1396042.784429,1161964.405078,2307282.732657,207665.817648,1090450.783458,366.834258,98.223381,209.476393,30.068382,36.082058,85.193748,23.052426,49.111690,7.015956,8.018235,522.187564,140.319115,298.679259,43.098014,51.116249,3.000000,2.000000,3.000000,0.000000,1.000000,0.000000,1.000000,2.000000,0.000000,1.000000,0.000000,1.000000,3.000000,0.000000,1.000000,1553.000000,438.000000,932.000000,136.000000,161.000000,5.000000,
0.049415,0.992016,0.147930,0.130601,0.418424,0.002279,-206.555250,3.188757,1396042.784429,1161964.405078,2307282.732657,207665.817648,1090450.783458,366.834258,98.223381,209.476393,30.068382,36.082058,85.193748,23.052426,49.111690,7.015956,8.018235,522.187564,140.319115,298.679259,43.098014,51.116249,3.000000,2.000000,3.000000,0.000000,1.000000,0.000000,1.000000,2.000000,0.000000,1.000000,0.000000,1.000000,3.000000,0.000000,1.000000,1553.000000,438.000000,932.000000,136.000000,161.000000,5.000000,
0.049415,0.992016,0.147930,0.130601,0.418424,0.002279,-206.555250,3.188757,1396042.784429,1161964.405078,2307282.732657,207665.817648,1090450.783458,366.834258,98.223381,209.476393,30.068382,36.082058,85.193748,23.052426,49.111690,7.015956,8.018235,522.187564,140.319115,298.679259,43.098014,51.116249,3.000000,2.000000,3.000000,0.000000,1.000000,0.000000,1.000000,2.000000,0.000000,1.000000,0.000000,1.000000,3.000000,0.000000,1.000000,1553.000000,438.000000,932.000000,136.000000,161.000000,5.000000,
0.049415,0.992016,0.147930,0.130601,0.418424,0.002279,-206.555250,3.188757,1396042.784429,1161964.405078,2307282.732657,207665.817648,1090450.783458,366.834258,98.223381,209.476393,30.068382,36.082058,85.193748,23.052426,49.111690,7.015956,8.018235,522.187564,140.319115,298.679259,43.098014,51.116249,3.000000,2.000000,3.000000,0.000000,1.000000,0.000000,1.000000,2.000000,0.000000,1.000000,0.000000,1.000000,3.000000,0.000000,1.000000,1553.000000,438.000000,932.000000,136.000000,161.000000,5.000000,
0.049415,0.992016,0.147930,0.130601,0.418424,0.002279,-206.555250,3.188757,1396042.784429,1161964.405078,2307282.732657,207665.817648,1090450.783458,366.834258,98.223381,209.476393,30.068382,36.082058,85.193748,23.052426,49.111690,7.015956,8.018235,522.187564,140.319115,298.679259,43.098014,51.116249,3.000000,2.000000,3.000000,0.000000,1.000000,0.000000,1.000000,2.000000,0.000000,1.000000,0.000000,1.000000,3.000000,0.000000,1.000000,1553.000000,438.000000,932.000000,136.000000,161.000000,5.000000,
0.049415,0.992016,0.147930,0.130601,0.418424,0.002279,-206.555250,3.188757,1396042.784429,1161964.405078,2307282.732657,207665.817648,1090450.783458,366.834258,98.223381,209.476393,30.068382,36.082058,85.193748,23.052426,49.111690,7.015956,8.018235,522.187564,140.319115,298.679259,43.098014,51.116249,3.000000,2.000000,3.000000,0.000000,1.000000,0.000000,1.000000,2.000000,0.000000,1.000000,0.000000,1.000000,3.000000,0.000000,1.000000,1553.000000,438.000000,932.000000,136.000000,161.000000,5.000000,
0.049415,0.992016,0.147930,0.130601,0.418424,0.002279,-206.555250,3.188757,1396042.784429,1161964.405078,2307282.732657,207665.817648,1090450.783458,366.834258,98.223381,209.476393,30.068382,36.082058,85.193748,23.052426,49.111690,7.015956,8.018235,522.187564,140.319115,298.679259,43.098014,51.116249,3.000000,2.000000,3.000000,0.000000,1.000000,0.000000,1.000000,2.000000,0.000000,1.000000,0.000000,1.000000,3.000000,0.000000,1.000000,1553.000000,438.000000,932.000000,136.000000,161.000000,5.000000,
0.049415,0.992016,0.147930,0.130601,0.418424,0.002279,-206.555250,3.188757,1396042.784429,1161964.405078,2307282.732657,207665.817648,1090450.783458,366.834258,98.223381,209.476393,30.068382,36.082058,85.193748,23.052426,49.111690,7.015956,8.018235,522.187564,140.319115,298.679259,43.098014,51.116249,3.000000,2.000000,3.000000,0.000000,1.000000,0.000000,1.000000,2.000000,0.000000,1.000000,0.000000,1.000000,3.000000,0.000000,1.000000,1553.000000,438.000000,932.000000,136.000000,161.000000,5.000000,
0.049415,0.992016,0.147930,0.130601,0.418424,0.002279,-206.555250,3.188757,1396042.784429,1161964.405078,2307282.732657,207665.817648,1090450.783458,366.834258,98.223381,209.476393,30.068382,36.082058,85.193748,23.052426,49.111690,7.015956,8.018235,522.187564,140.319115,298.679259,43.098014,51.116249,3.000000,2.000000,3.000000,0.000000,1.000000,0.000000,1.000000,2.000000,0.000000,1.000000,0.000000,1.000000,3.000000,0.000000,1.000000,1553.000000,438.000000,932.000000,136.000000,161.000000,5.000000,
0.049415,0.992016,0.147930,0.130601,0.418424,0.002279,-206.555250,3.188757,1396042.784429,1161964.405078,2307282.732657,207665.817648,1090450.783458,366.834258,98.223381,209.476393,30.068382,36.082058,85.193748,23.052426,49.111690,7.015956,8.018235,522.187564,140.319115,298.679259,43.098014,51.116249,3.000000,2.000000,3.000000,0.000000,1.000000,0.000000,1.000000,2.000000,0.000000,1.000000,0.000000,1.000000,3.000000,0.000000,1.000000,1553.000000,438.000000,932.000000,136.000000,161.000000,5.000000,
0.049415,0.992016,0.147930,0.130601,0.418424,0.002279,-206.555250,3.188757,1396042.784429,1161964.405078,2307282.732657,207665.817648,1090450.783458,366.834258,98.223381,209.476393,30.068382,36.082058,85.193748,23.052426,49.111690,7.015956,8.018235,522.187564,140.319115,298.679259,43.098014,51.116249,3.000000,2.000000,3.000000,0.000000,1.000000,0.000000,1.000000,2.000000,0.000000,1.000000,0.000000,1.000000,3.000000,0.000000,1.000000,1553.000000,438.000000,932.000000,136.000000,161.000000,5.000000,
0.049415,0.992016,0.147930,0.130601,0.418424,0.002279,-206.555250,3.188757,1396042.784429,1161964.405078,2307282.732657,207665.817648,1090450.783458,366.834258,98.223381,209.476393,30.068382,36.082058,85.193748,23.052426,49.111690,7.015956,8.018235,522.187564,140.319115,298.679259,43.098014,51.116249,3.000000,2.000000,3.000000,0.000000,1.000000,0.000000,1.000000,2.000000,0.000000,1.000000,0.000000,1.000000,3.000000,0.000000,1.000000,1553.000000,438.000000,932.000000,136.000000,161.000000,5.000000,
0.049415,0.992016,0.147930,0.130601,0.418424,0.002279,-206.555250,3.188757,1396042.784429,1161964.405078,2307282.732657,207665.817648,1090450.783458,366.834258,98.223381,209.476393,30.068382,36.082058,85.193748,23.052426,49.111690,7.015956,8.018235,522.187564,140.319115,298.679259,43.098014,51.116249,3.000000,2.000000,3.000000,0.000000,1.000000,0.000000,1.000000,2.000000,0.000000,1.000000,0.000000,1.000000,3.000000,0.000000,1.000000,1553.000000,438.000000,932.000000,136.000000,161.000000,5.000000,
0.049415,0.992016,0.147930,0.130601,0.418424,0.002279,-206.555250,3.188757,1396042.784429,1161964.405078,2307282.732657,207665.817648,1090450.783458,366.834258,98.223381,209.476393,30.068382,36.082058,85.193748,23.052426,49.111690,7.015956,8.018235,522.187564,140.319115,298.679259,43.098014,51.116249,3.000000,2.000000,3.000000,0.000000,1.000000,0.000000,1.000000,2.000000,0.000000,1.000000,0.000000,1.000000,3.000000,0.000000,1.000000,1553.000000,438.000000,932.000000,136.000000,161.000000,5.000000,
0.049375,0.999720,0.147851,0.129348,0.432375,0.001461,-204.781167,3.185987,1396043.579676,1161964.618617,2307283.187551,207665.883101,1090450.861182,366.534814,98.143201,209.305399,30.043837,36.052605,85.124205,23.033608,49.071601,7.010229,8.011690,521.761306,140.204573,298.435449,43.062833,51.074523,3.000000,2.000000,3.000000,0.000000,1.000000,0.000000,1.000000,2.000000,0.000000,1.000000,0.000000,1.000000,3.000000,0.000000,1.000000,1553.000000,438.000000,932.000000,136.000000,161.000000,5.000000,
0.049375,0.999720,0.147851,0.129348,0.432375,0.001461,-204.781167,3.185987,1396043.579676,1161964.618617,2307283.187551,207665.883101,1090450.861182,366.534814,98.143201,209.305399,30.043837,36.052605,85.124205,23.033608,49.071601,7.010229,8.011690,521.761306,140.204573,298.435449,43.062833,51.074523,3.000000,2.000000,3.000000,0.000000,1.000000,0.000000,1.000000,2.000000,0.000000,1.000000,0.000000,1.000000,3.000000,0.000000,1.000000,1553.000000,438.000000,932.000000,136.000000,161.000000,5.000000,
0.049375,0.999720,0.147851,0.129348,0.432375,0.001461,-204.781167,3.185987,1396043.579676,1161964.618617,2307283.187551,207665.883101,1090450.861182,366.534814,98.143201,209.305399,30.043837,36.052605,85.124205,23.033608,49.071601,7.010229,8.011690,521.761306,140.204573,298.435449,43.062833,51.074523,3.000000,2.000000,3.000000,0.000000,1.000000,0.000000,1.000000,2.000000,0.000000,1.000000,0.000000,1.000000,3.000000,0.000000,1.000000,1553.000000,438.000000,932.000000,136.000000,161.000000,5.000000,
0.049375,0.999720,0.147851,0.129348,0.432375,0.001461,-204.781167,3.185987,1396043.579676,1161964.618617,2307283.187551,207665.883101,1090450.861182,366.534814,98.143201,209.305399,30.043837,36.052605,85.124205,23.033608,49.071601,7.010229,8.011690,521.761306,140.204573,298.435449,43.062833,51.074523,3.000000,2.000000,3.000000,0.000000,1.000000,0.000000,1.000000,2.000000,0.000000,1.000000,0.000000,1.000000,3.000000,0.000000,1.000000,1553.000000,438.000000,932.000000,136.000000,161.000000,5.000000,
0.049375,0.999720,0.147851,0.129348,0.432375,0.001461,-204.781167,3.185987,1396043.579676,1161964.618617,2307283.187551,207665.883101,1090450.861182,366.534814,98.143201,209.305399,30.043837,36.052605,85.124205,23.033608,49.071601,7.010229,8.011690,521.761306,140.204573,298.435449,43.062833,51.074523,3.000000,2.000000,3.000000,0.000000,1.000000,0.000000,1.000000,2.000000,0.000000,1.000000,0.000000,1.000000,3.000000,0.000000,1.000000,1553.000000,438.000000,932.000000,136.000000,161.000000,5.000000,
0.049375,0.999720,0.147851,0.129348,0.432375,0.001461,-204.781167,3.185987,1396043.579676,1161964.618617,2307283.187551,207665.883101,1090450.861182,366.534814,98.143201,209.305399,30.043837,36.052605,85.124205,23.033608,49.071601,7.010229,8.011690,521.761306,140.204573,298.435449,43.062833,51.074523,3.000000,2.000000,3.000000,0.000000,1.000000,0.000000,1.000000,2.000000,0.000000,1.000000,0.000000,1.000000,3.000000,0.000000,1.000000,1553.000000,438.000000,932.000000,136.000000,161.000000,5.000000,
0.049375,0.999720,0.147851,0.129348,0.432375,0.001461,-204.781167,3.185987,1396043.579676,1161964.618617,2307283.187551,207665.883101,1090450.861182,366.534814,98.143201,209.305399,30.043837,36.052605,85.124205,23.033608,49.071601,7.010229,8.011690,521.761306,140.204573,298.435449,43.062833,51.074523,3.000000,2.000000,3.000000,0.000000,1.000000,0.000000,1.000000,2.000000,0.000000,1.000000,0.000000,1.000000,3.000000,0.000000,1.000000,1553.000000,438.000000,932.000000,136.000000,161.000000,5.000000,
0.049375,0.999720,0.147851,0.129348,0.432375,0.001461,-204.781167,3.185987,1396043.579676,1161964.618617,2307283.187551,207665.883101,1090450.861182,366.534814,98.143201,209.305399,30.043837,36.052605,85.124205,23.033608,49.071601,7.010229,8.011690,521.761306,140.204573,298.435449,43.062833,51.074523,3.000000,2.000000,3.000000,0.000000,1.000000,0.000000,1.000000,2.000000,0.000000,1.000000,0.000000,1.000000,3.000000,0.000000,1.000000,1553.000000,438.000000,932.000000,136.000000,161.000000,5.000000,
0.049375,0.999720,0.147851,0.129348,0.432375,0.001461,-204.781167,3.185987,1396043.579676,1161964.618617,2307283.187551,207665.883101,1090450.861182,366.534814,98.143201,209.305399,30.043837,36.052605,85.124205,23.033608,49.071601,7.010229,8.011690,521.761306,140.204573,298.435449,43.062833,51.074523,3.000000,2.000000,3.000000,0.000000,1.000000,0.000000,1.000000,2.000000,0.000000,1.000000,0.000000,1.000000,3.000000,0.000000,1.000000,1553.000000,438.000000,932.000000,136.000000,161.000000,5.000000,
0.049375,0.999720,0.147851,0.129348,0.432375,0.001461,-204.781167,3.185987,1396043.579676,1161964.618617,2307283.187551,207665.883101,1090450.861182,366.534814,98.143201,209.305399,30.043837,36.052605,85.124205,23.033608,49.071601,7.010229,8.011690,521.761306,140.204573,298.435449,43.062833,51.074523,3.000000,2.000000,3.000000,0.000000,1.000000,0.000000,1.000000,2.000000,0.000000,1.000000,0.000000,1.000000,3.000000,0.000000,1.000000,1553.000000,438.000000,932.000000,136.000000,161.000000,5.000000,
0.049375,0.999720,0.147851,0.129348,0.432375,0.001461,-204.781167,3.185987,1396043.579676,1161964.618617,2307283.187551,207665.883101,1090450.861182,366.534814,98.143201,209.305399,30.043837,36.052605,85.124205,23.033608,49.071601,7.010229,8.011690,521.761306,140.204573,298.435449,43.062833,51.074523,3.000000,2.000000,3.000000,0.000000,1.000000,0.000000,1.000000,2.000000,0.000000,1.000000,0.000000,1.000000,3.000000,0.000000,1.000000,1553.000000,438.000000,932.000000,136.000000,161.000000,5.000000,
0.049375,0.999720,0.147851,0.129348,0.432375,0.001461,-204.781167,3.185987,1396043.579676,1161964.618617,2307283.187551,207665.883101,1090450.861182,366.534814,98.143201,209.305399,30.043837,36.052605,85.124205,23.033608,49.071601,7.010229,8.011690,521.761306,140.204573,298.435449,43.062833,51.074523,3.000000,2.000000,3.000000,0.000000,1.000000,0.000000,1.000000,2.000000,0.000000,1.000000,0.000000,1.000000,3.000000,0.000000,1.000000,1553.000000,438.000000,932.000000,136.000000,161.000000,5.000000,
0.049375,0.999720,0.147851,0.129348,0.432375,0.001461,-204.781167,3.185987,1396043.579676,1161964.618617,2307283.187551,207665.883101,1090450.861182,366.534814,98.143201,209.305399,30.043837,36.052605,85.124205,23.033608,49.071601,7.010229,8.011690,521.761306,140.204573,298.435449,43.062833,51.074523,3.000000,2.000000,3.000000,0.000000,1.000000,0.000000,1.000000,2.000000,0.000000,1.000000,0.000000,1.000000,3.000000,0.000000,1.000000,1553.000000,438.000000,932.000000,136.000000,161.000000,5.000000,
0.049375,0.999720,0.147851,0.129348,0.432375,0.001461,-204.781167,3.185987,1396043.579676,1161964.618617,2307283.187551,207665.883101,1090450.861182,366.534814,98.143201,209.305399,30.043837,36.052605,85.124205,23.033608,49.071601,7.010229,8.011690,521.761306,140.204573,298.435449,43.062833,51.074523,3.000000,2.000000,3.000000,0.000000,1.000000,0.000000,1.000000,2.000000,0.000000,1.000000,0.000000,1.000000,3.000000,0.000000,1.000000,1553.000000,438.000000,932.000000,136.000000,161.000000,5.000000,
0.049375,0.999720,0.147851,0.129348,0.432375,0.001461,-204.781167,3.185987,1396043.579676,1161964.618617,2307283.187551,207665.883101,1090450.861182,366.534814,98.143201,209.305399,30.043837,36.052605,85.124205,23.033608,49.071601,7.010229,8.011690,521.761306,140.204573,298.435449,43.062833,51.074523,3.000000,2.000000,3.000000,0.000000,1.000000,0.000000,1.000000,2.000000,0.000000,1.000000,0.000000,1.000000,3.000000,0.000000,1.000000,1553.000000,438.000000,932.000000,136.000000,161.000000,5.000000,
0.049375,0.999720,0.147851,0.129348,0.432375,0.001461,-204.781167,3.185987,1396043.579676,1161964.618617,2307283.187551,207665.883101,1090450.861182,366.534814,98.143201,209.305399,30.043837,36.052605,85.124205,23.033608,49.071601,7.010229,8.011690,521.761306,140.204573,298.435449,43.062833,51.074523,3.000000,2.000000,3.000000,0.000000,1.000000,0.000000,1.000000,2.000000,0.000000,1.000000,0.000000,1.000000,3.000000,0.000000,1.000000,1553.000000,438.000000,932.000000,136.000000,161.000000,5.000000,
0.049375,0.999720,0.147851,0.129348,0.432375,0.001461,-204.781167,3.185987,1396043.579676,1161964.618617,2307283.187551,207665.883101,1090450.861182,366.534814,98.143201,209.305399,30.043837,36.052605,85.124205,23.033608,49.071601,7.010229,8.011690,521.761306,140.204573,298.435449,43.062833,51.074523,3.000000,2.000000,3.000000,0.000000,1.000000,0.000000,1.000000,2.000000,0.000000,1.000000,0.000000,1.000000,3.000000,0.000000,1.000000,1553.000000,438.000000,932.000000,136.000000,161.000000,5.000000,
0.049375,0.999720,0.147851,0.129348,0.432375,0.001461,-204.781167,3.185987,1396043.579676,1161964.618617,2307283.187551,207665.883101,1090450.861182,366.534814,98.143201,209.305399,30.043837,36.052605,85.124205,23.033608,49.071601,7.010229,8.011690,521.761306,140.204573,298.435449,43.062833,51.074523,3.000000,2.000000,3.000000,0.000000,1.000000,0.000000,1.000000,2.000000,0.000000,1.000000,0.000000,1.000000,3.000000,0.000000,1.000000,1553.000000,438.000000,932.000000,136.000000,161.000000,5.000000,
0.049375,0.999720,0.147851,0.129348,0.432375,0.001461,-204.781167,3.185987,1396043.579676,1161964.618617,2307283.187551,207665.883101,1090450.861182,366.534814,98.143201,209.305399,30.043837,36.052605,85.124205,23.033608,49.071601,7.010229,8.011690,521.761306,140.204573,298.435449,43.062833,51.074523,3.000000,2.000000,3.000000,0.000000,1.000000,0.000000,1.000000,2.000000,0.000000,1.000000,0.000000,1.000000,3.000000,0.000000,1.000000,1553.000000,438.000000,932.000000,136.000000,161.000000,5.000000,
0.049391,0.999060,0.147712,0.130259,0.425951,0.001676,-204.981029,3.186755,1396043.370945,1161964.562569,2307283.068154,207665.865921,1090450.840782,366.613410,98.164246,209.350280,30.050279,36.060335,85.142459,23.038548,49.082123,7.011732,8.013408,521.873187,140.234638,298.499443,43.072067,51.085475,3.000000,2.000000,3.000000,0.000000,1.000000,0.000000,1.000000,2.000000,0.000000,1.000000,0.000000,1.000000,3.000000,0.000000,1.000000,1553.000000,438.000000,932.000000,136.000000,161.000000,5.000000,
0.049391,0.999060,0.147712,0.130259,0.425951,0.001676,-204.981029,3.186755,1396043.370945,1161964.562569,2307283.068154,207665.865921,1090450.840782,366.613410,98.164246,209.350280,30.050279,36.060335,85.142459,23.038548,49.082123,7.011732,8.013408,521.873187,140.234638,298.499443,43.072067,51.085475,3.000000,2.000000,3.000000,0.000000,1.000000,0.000000,1.000000,2.000000,0.000000,1.000000,0.000000,1.000000,3.000000,0.000000,1.000000,1553.000000,438.000000,932.000000,136.000000,161.000000,5.000000,
0.049391,0.999060,0.147712,0.130259,0.425951,0.001676,-204.981029,3.186755,1396043.370945,1161964.562569,2307283.068154,207665.865921,1090450.840782,366.613410,98.164246,209.350280,30.050279,36.060335,85.142459,23.038548,49.082123,7.011732,8.013408,521.873187,140.234638,298.499443,43.072067,51.085475,3.000000,2.000000,3.000000,0.000000,1.000000,0.000000,1.000000,2.000000,0.000000,1.000000,0.000000,1.000000,3.000000,0.000000,1.000000,1553.000000,438.000000,932.000000,136.000000,161.000000,5.000000,
0.049391,0.999060,0.147712,0.130259,0.425951,0.001676,-204.981029,3.186755,1396043.370945,1161964.562569,2307283.068154,207665.865921,1090450.840782,366.613410,98.164246,209.350280,30.050279,36.060335,85.142459,23.038548,49.082123,7.011732,8.013408,521.873187,140.234638,298.499443,43.072067,51.085475,3.000000,2.000000,3.000000,0.000000,1.000000,0.000000,1.000000,2.000000,0.000000,1.000000,0.000000,1.000000,3.000000,0.000000,1.000000,1553.000000,438.000000,932.000000,136.000000,161.000000,5.000000,
0.049391,0.999060,0.147712,0.130259,0.425951,0.001676,-204.981029,3.186755,1396043.370945,1161964.562569,2307283.068154,207665.865921,1090450.840782,366.613410,98.164246,209.350280,30.050279,36.060335,85.142459,23.038548,49.082123,7.011732,8.013408,521.873187,140.234638,298.499443,43.072067,51.085475,3.000000,2.000000,3.000000,0.000000,1.000000,0.000000,1.000000,2.000000,0.000000,1.000000,0.000000,1.000000,3.000000,0.000000,1.000000,1553.000000,438.000000,932.000000,136.000000,161.000000,5.000000,
0.049391,0.999060,0.147712,0.130259,0.425951,0.001676,-204.981029,3.186755,1396043.370945,1161964.562569,2307283.068154,207665.865921,1090450.840782,366.613410,98.164246,209.350280,30.050279,36.060335,85.142459,23.038548,49.082123,7.011732,8.013408,521.873187,140.234638,298.499443,43.072067,51.085475,3.000000,2.000000,3.000000,0.000000,1.000000,0.000000,1.000000,2.000000,0.000000,1.000000,0.000000,1.000000,3.000000,0.000000,1.000000,1553.000000,438.000000,932.000000,136.000000,161.000000,5.000000,
0.049391,0.999060,0.147712,0.130259,0.425951,0.001676,-204.981029,3.186755,1396043.370945,1161964.562569,2307283.068154,207665.865921,1090450.840782,366.613410,98.164246,209.350280,30.050279,36.060335,85.142459,23.038548,49.082123,7.011732,8.013408,521.873187,140.234638,298.499443,43.072067,51.085475,3.000000,2.000000,3.000000,0.000000,1.000000,0.000000,1.000000,2.000000,0.000000,1.000000,0.000000,1.000000,3.000000,0.000000,1.000000,1553.000000,438.000000,932.000000,136.000000,161.000000,5.000000,
0.049391,0.999060,0.147712,0.130259,0.425951,0.001676,-204.981029,3.186755,1396043.370945,1161964.562569,2307283.068154,207665.865921,1090450.840782,366.613410,98.164246,209.350280,30.050279,36.060335,85.142459,23.038548,49.082123,7.011732,8.013408,521.873187,140.234638,298.499443,43.072067,51.085475,3.000000,2.000000,3.000000,0.000000,1.000000,0.000000,1.000000,2.000000,0.000000,1.000000,0.000000,1.000000,3.000000,0.000000,1.000000,1553.000000,438.000000,932.000000,136.000000,161.000000,5.000000,
0.049391,0.999060,0.147712,0.130259,0.425951,0.001676,-204.981029,3.186755,1396043.370945,1161964.562569,2307283.068154,207665.865921,1090450.840782,366.613410,98.164246,209.350280,30.050279,36.060335,85.142459,23.038548,49.082123,7.011732,8.013408,521.873187,140.234638,298.499443,43.072067,51.085475,3.000000,2.000000,3.000000,0.000000,1.000000,0.000000,1.000000,2.000000,0.000000,1.000000,0.000000,1.000000,3.000000,0.000000,1.000000,1553.000000,438.000000,932.000000,136.000000,161.000000,5.000000,
0.049391,0.999060,0.147712,0.130259,0.425951,0.001676,-204.981029,3.186755,1396043.370945,1161964.562569,2307283.068154,207665.865921,1090450.840782,366.613410,98.164246,209.350280,30.050279,36.060335,85.142459,23.038548,49.082123,7.011732,8.013408,521.873187,140.234638,298.499443,43.072067,51.085475,3.000000,2.000000,3.000000,0.000000,1.000000,0.000000,1.000000,2.000000,0.000000,1.000000,0.000000,1.000000,3.000000,0.000000,1.000000,1553.000000,438.000000,932.000000,136.000000,161.000000,5.000000,
0.049391,0.999060,0.147712,0.130259,0.425951,0.001676,-204.981029,3.186755,1396043.370945,1161964.562569,2307283.068154,207665.865921,1090450.840782,366.613410,98.164246,209.350280,30.050279,36.060335,85.142459,23.038548,49.082123,7.011732,8.013408,521.873187,140.234638,298.499443,43.072067,51.085475,3.000000,2.000000,3.000000,0.000000,1.000000,0.000000,1.000000,2.000000,0.000000,1.000000,0.000000,1.000000,3.000000,0.000000,1.000000,1553.000000,438.000000,932.000000,136.000000,161.000000,5.000000,
0.049391,0.999060,0.147712,0.130259,0.425951,0.001676,-204.981029,3.186755,1396043.370945,1161964.562569,2307283.068154,207665.865921,1090450.840782,366.613410,98.164246,209.350280,30.050279,36.060335,85.142459,23.038548,49.082123,7.011732,8.013408,521.873187,140.234638,298.499443,43.072067,51.085475,3.000000,2.000000,3.000000,0.000000,1.000000,0.000000,1.000000,2.000000,0.000000,1.000000,0.000000,1.000000,3.000000,0.000000,1.000000,1553.000000,438.000000,932.000000,136.000000,161.000000,5.000000,
0.049391,0.999060,0.147712,0.130259,0.425951,0.001676,-204.981029,3.186755,1396043.370945,1161964.562569,2307283.068154,207665.865921,1090450.840782,366.613410,98.164246,209.350280,30.050279,36.060335,85.142459,23.038548,49.082123,7.011732,8.013408,521.873187,140.234638,298.499443,43.072067,51.085475,3.000000,2.000000,3.000000,0.000000,1.000000,0.000000,1.000000,2.000000,0.000000,1.000000,0.000000,1.000000,3.000000,0.000000,1.000000,1553.000000,438.000000,932.000000,136.000000,161.000000,5.000000,
0.049391,0.999060,0.147712,0.130259,0.425951,0.001676,-204.981029,3.186755,1396043.370945,1161964.562569,2307283.068154,207665.865921,1090450.840782,366.613410,98.164246,209.350280,30.050279,36.060335,85.142459,23.038548,49.082123,7.011732,8.013408,521.873187,140.234638,298.499443,43.072067,51.085475,3.000000,2.000000,3.000000,0.000000,1.000000,0.000000,1.000000,2.000000,0.000000,1.000000,0.000000,1.000000,3.000000,0.000000,1.000000,1553.000000,438.000000,932.000000,136.000000,161.000000,5.000000,
0.049391,0.999060,0.147712,0.130259,0.425951,0.001676,-204.981029,3.186755,1396043.370945,1161964.562569,2307283.068154,207665.865921,1090450.840782,366.613410,98.164246,209.350280,30.050279,36.060335,85.142459,23.038548,49.082123,7.011732,8.013408,521.873187,140.234638,298.499443,43.072067,51.085475,3.000000,2.000000,3.000000,0.000000,1.000000,0.000000,1.000000,2.000000,0.000000,1.000000,0.000000,1.000000,3.000000,0.000000,1.000000,1553.000000,438.000000,932.000000,136.000000,161.000000,5.000000,
0.049391,0.999060,0.147712,0.130259,0.425951,0.001676,-204.981029,3.186755,1396043.370945,1161964.562569,2307283.068154,207665.865921,1090450.840782,366.613410,98.164246,209.350280,30.050279,36.060335,85.142459,23.038548,49.082123,7.011732,8.013408,521.873187,140.234638,298.499443,43.072067,51.085475,3.000000,2.000000,3.000000,0.000000,1.000000,0.000000,1.000000,2.000000,0.000000,1.000000,0.000000,1.000000,3.000000,0.000000,1.000000,1553.000000,438.000000,932.000000,136.000000,161.000000,5.000000,
0.049391,0.999060,0.147712,0.130259,0.425951,0.001676,-204.981029,3.186755,1396043.370945,1161964.562569,2307283.068154,207665.865921,1090450.840782,366.613410,98.164246,209.350280,30.050279,36.060335,85.142459,23.038548,49.082123,7.011732,8.013408,521.873187,140.234638,298.499443,43.072067,51.085475,3.000000,2.000000,3.000000,0.000000,1.000000,0.000000,1.000000,2.000000,0.000000,1.000000,0.000000,1.000000,3.000000,0.000000,1.000000,1553.000000,438.000000,932.000000,136.000000,161.000000,5.000000,
0.049391,0.999060,0.147712,0.130259,0.425951,0.001676,-204.981029,3.186755,1396043.370945,1161964.562569,2307283.068154,207665.865921,1090450.840782,366.613410,98.164246,209.350280,30.050279,36.060335,85.142459,23.038548,49.082123,7.011732,8.013408,521.873187,140.234638,298.499443,43.072067,51.085475,3.000000,2.000000,3.000000,0.000000,1.000000,0.000000,1.000000,2.000000,0.000000,1.000000,0.000000,1.000000,3.000000,0.000000,1.000000,1553.000000,438.000000,932.000000,136.000000,161.000000,5.000000,
0.049391,0.999060,0.147712,0.130259,0.425951,0.001676,-204.981029,3.186755,1396043.370945,1161964.562569,2307283.068154,207665.865921,1090450.840782,366.613410,98.164246,209.350280,30.050279,36.060335,85.142459,23.038548,49.082123,7.011732,8.013408,521.873187,140.234638,298.499443,43.072067,51.085475,3.000000,2.000000,3.000000,0.000000,1.000000,0.000000,1.000000,2.000000,0.000000,1.000000,0.000000,1.000000,3.000000,0.000000,1.000000,1553.000000,438.000000,932.000000,136.000000,161.000000,5.000000,
0.049391,0.999060,0.147712,0.130259,0.425951,0.001676,-204.981029,3.186755,1396043.370945,1161964.562569,2307283.068154,207665.865921,1090450.840782,366.613410,98.164246,209.350280,30.050279,36.060335,85.142459,23.038548,49.082123,7.011732,8.013408,521.873187,140.234638,298.499443,43.072067,51.085475,3.000000,2.000000,3.000000,0.000000,1.000000,0.000000,1.000000,2.000000,0.000000,1.000000,0.000000,1.000000,3.000000,0.000000,1.000000,1553.000000,438.000000,932.000000,136.000000,161.000000,5.000000,
0.049391,0.999060,0.147712,0.130259,0.425951,0.001676,-204.981029,3.186755,1396043.370945,1161964.562569,2307283.068154,207665.865921,1090450.840782,366.613410,98.164246,209.350280,30.050279,36.060335,85.142459,23.038548,49.082123,7.011732,8.013408,521.873187,140.234638,298.499443,43.072067,51.085475,3.000000,2.000000,3.000000,0.000000,1.000000,0.000000,1.000000,2.000000,0.000000,1.000000,0.000000,1.000000,3.000000,0.000000,1.000000,1553.000000,438.000000,932.000000,136.000000,161.000000,5.000000,
0.049391,0.999060,0.147712,0.130259,0.425951,0.001676,-204.981029,3.186755,1396043.370945,1161964.562569,2307283.068154,207665.865921,1090450.840782,366.613410,98.164246,209.350280,30.050279,36.060335,85.142459,23.038548,49.082123,7.011732,8.013408,521.873187,140.234638,298.499443,43.072067,51.085475,3.000000,2.000000,3.000000,0.000000,1.000000,0.000000,1.000000,2.000000,0.000000,1.000000,0.000000,1.000000,3.000000,0.000000,1.000000,1553.000000,438.000000,932.000000,136.000000,161.000000,5.000000,
0.049391,0.999060,0.147712,0.130259,0.425951,0.001676,-204.981029,3.186755,1396043.370945,1161964.562569,2307283.068154,207665.865921,1090450.840782,366.613410,98.164246,209.350280,30.050279,36.060335,85.142459,23.038548,49.082123,7.011732,8.013408,521.873187,140.234638,298.499443,43.072067,51.085475,3.000000,2.000000,3.000000,0.000000,1.000000,0.000000,1.000000,2.000000,0.000000,1.000000,0.000000,1.000000,3.000000,0.000000,1.000000,1553.000000,438.000000,932.000000,136.000000,161.000000,5.000000,
0.049391,0.999060,0.147712,0.130259,0.425951,0.001676,-204.981029,3.186755,1396043.370945,1161964.562569,2307283.068154,207665.865921,1090450.840782,366.613410,98.164246,209.350280,30.050279,36.060335,85.142459,23.038548,49.082123,7.011732,8.013408,521.873187,140.234638,298.499443,43.072067,51.085475,3.000000,2.000000,3.000000,0.000000,1.000000,0.000000,1.000000,2.000000,0.000000,1.000000,0.000000,1.000000,3.000000,0.000000,1.000000,1553.000000,438.000000,932.000000,136.000000,161.000000,5.000000,
0.049391,0.999060,0.147712,0.130259,0.425951,0.001676,-204.981029,3.186755,1396043.370945,1161964.562569,2307283.068154,207665.865921,1090450.840782,366.613410,98.164246,209.350280,30.050279,36.060335,85.142459,23.038548,49.082123,7.011732,8.013408,521.873187,140.234638,298.499443,43.072067,51.085475,3.000000,2.000000,3.000000,0.000000,1.000000,0.000000,1.000000,2.000000,0.000000,1.000000,0.000000,1.000000,3.000000,0.000000,1.000000,1553.000000,438.000000,932.000000,136.000000,161.000000,5.000000,
0.049391,0.999060,0.147712,0.130259,0.425951,0.001676,-204.981029,3.186755,1396043.370945,1161964.562569,2307283.068154,207665.865921,1090450.840782,366.613410,98.164246,209.350280,30.050279,36.060335,85.142459,23.038548,49.082123,7.011732,8.013408,521.873187,140.234638,298.499443,43.072067,51.085475,3.000000,2.000000,3.000000,0.000000,1.000000,0.000000,1.000000,2.000000,0.000000,1.000000,0.000000,1.000000,3.000000,0.000000,1.000000,1553.000000,438.000000,932.000000,136.000000,161.000000,5.000000,
0.049391,0.999060,0.147712,0.130259,0.425951,0.001676,-204.981029,3.186755,1396043.370945,1161964.562569,2307283.068154,207665.865921,1090450.840782,366.613410,98.164246,209.350280,30.050279,36.060335,85.142459,23.038548,49.082123,7.011732,8.013408,521.873187,140.234638,298.499443,43.072067,51.085475,3.000000,2.000000,3.000000,0.000000,1.000000,0.000000,1.000000,2.000000,0.000000,1.000000,0.000000,1.000000,3.000000,0.000000,1.000000,1553.000000,438.000000,932.000000,136.000000,161.000000,5.000000,
0.049354,0.998275,0.148482,0.138450,0.405692,0.002639,-205.681432,3.186030,1396042.434656,1161964.311158,2307282.532581,207665.788861,1090450.749272,366.965963,98.258646,209.551602,30.079177,36.095013,85.224336,23.060703,49.129323,7.018475,8.021114,522.375045,140.369494,298.786494,43.113487,51.134601,3.000000,2.000000,3.000000,0.000000,1.000000,0.000000,1.000000,2.000000,0.000000,1.000000,0.000000,1.000000,3.000000,0.000000,1.000000,1553.000000,438.000000,932.000000,136.000000,161.000000,5.000000,
0.049354,0.998275,0.148482,0.138450,0.405692,0.002639,-205.681432,3.186030,1396042.434656,1161964.311158,2307282.532581,207665.788861,1090450.749272,366.965963,98.258646,209.551602,30.079177,36.095013,85.224336,23.060703,49.129323,7.018475,8.021114,522.375045,140.369494,298.786494,43.113487,51.134601,3.000000,2.000000,3.000000,0.000000,1.000000,0.000000,1.000000,2.000000,0.000000,1.000000,0.000000,1.000000,3.000000,0.000000,1.000000,1553.000000,438.000000,932.000000,136.000000,161.000000,5.000000,
0.049354,0.998275,0.148482,0.138450,0.405692,0.002639,-205.681432,3.186030,1396042.434656,1161964.311158,2307282.532581,207665.788861,1090450.749272,366.965963,98.258646,209.551602,30.079177,36.095013,85.224336,23.060703,49.129323,7.018475,8.021114,522.375045,140.369494,298.786494,43.113487,51.134601,3.000000,2.000000,3.000000,0.000000,1.000000,0.000000,1.000000,2.000000,0.000000,1.000000,0.000000,1.000000,3.000000,0.000000,1.000000,1553.000000,438.000000,932.000000,136.000000,161.000000,5.000000,
0.049354,0.998275,0.148482,0.138450,0.405692,0.002639,-205.681432,3.186030,1396042.434656,1161964.311158,2307282.532581,207665.788861,1090450.749272,366.965963,98.258646,209.551602,30.079177,36.095013,85.224336,23.060703,49.129323,7.018475,8.021114,522.375045,140.369494,298.786494,43.113487,51.134601,3.000000,2.000000,3.000000,0.000000,1.000000,0.000000,1.000000,2.000000,0.000000,1.000000,0.000000,1.000000,3.000000,0.000000,1.000000,1553.000000,438.000000,932.000000,136.000000,161.000000,5.000000,
0.049354,0.998275,0.148482,0.138450,0.405692,0.002639,-205.681432,3.186030,1396042.434656,1161964.311158,2307282.532581,207665.788861,1090450.749272,366.965963,98.258646,209.551602,30.079177,36.095013,85.224336,23.060703,49.129323,7.018475,8.021114,522.375045,140.369494,298.786494,43.113487,51.134601,3.000000,2.000000,3.000000,0.000000,1.000000,0.000000,1.000000,2.000000,0.000000,1.000000,0.000000,1.000000,3.000000,0.000000,1.000000,1553.000000,438.000000,932.000000,136.000000,161.000000,5.000000,
0.049354,0.998275,0.148482,0.138450,0.405692,0.002639,-205.681432,3.186030,1396042.434656,1161964.311158,2307282.532581,207665.788861,1090450.749272,366.965963,98.258646,209.551602,30.079177,36.095013,85.224336,23.060703,49.129323,7.018475,8.021114,522.375045,140.369494,298.786494,43.113487,51.134601,3.000000,2.000000,3.000000,0.000000,1.000000,0.000000,1.000000,2.000000,0.000000,1.000000,0.000000,1.000000,3.000000,0.000000,1.000000,1553.000000,438.000000,932.000000,136.000000,161.000000,5.000000,
0.049354,0.998275,0.148482,0.138450,0.405692,0.002639,-205.681432,3.186030,1396042.434656,1161964.311158,2307282.532581,207665.788861,1090450.749272,366.965963,98.258646,209.551602,30.079177,36.095013,85.224336,23.060703,49.129323,7.018475,8.021114,522.375045,140.369494,298.786494,43.113487,51.134601,3.000000,2.000000,3.000000,0.000000,1.000000,0.000000,1.000000,2.000000,0.000000,1.000000,0.000000,1.000000,3.000000,0.000000,1.000000,1553.000000,438.000000,932.000000,136.000000,161.000000,5.000000,
0.049354,0.998275,0.148482,0.138450,0.405692,0.002639,-205.681432,3.186030,1396042.434656,1161964.311158,2307282.532581,207665.788861,1090450.749272,366.965963,98.258646,209.551602,30.079177,36.095013,85.224336,23.060703,49.129323,7.018475,8.021114,522.375045,140.369494,298.786494,43.113487,51.134601,3.000000,2.000000,3.000000,0.000000,1.000000,0.000000,1.000000,2.000000,0.000000,1.000000,0.000000,1.000000,3.000000,0.000000,1.000000,1553.000000,438.000000,932.000000,136.000000,161.000000,5.000000,
0.049354,0.998275,0.148482,0.138450,0.405692,0.002639,-205.681432,3.186030,1396042.434656,1161964.311158,2307282.532581,207665.788861,1090450.749272,366.965963,98.258646,209.551602,30.079177,36.095013,85.224336,23.060703,49.129323,7.018475,8.021114,522.375045,140.369494,298.786494,43.113487,51.134601,3.000000,2.000000,3.000000,0.000000,1.000000,0.000000,1.000000,2.000000,0.000000,1.000000,0.000000,1.000000,3.000000,0.000000,1.000000,1553.000000,438.000000,932.000000,136.000000,161.000000,5.000000,
0.049354,0.998275,0.148482,0.138450,0.405692,0.002639,-205.681432,3.186030,1396042.434656,1161964.311158,2307282.532581,207665.788861,1090450.749272,366.965963,98.258646,209.551602,30.079177,36.095013,85.224336,23.060703,49.129323,7.018475,8.021114,522.375045,140.369494,298.786494,43.113487,51.134601,3.000000,2.000000,3.000000,0.000000,1.000000,0.000000,1.000000,2.000000,0.000000,1.000000,0.000000,1.000000,3.000000,0.000000,1.000000,1553.000000,438.000000,932.000000,136.000000,161.000000,5.000000,
0.049354,0.998275,0.148482,0.138450,0.405692,0.002639,-205.681432,3.186030,1396042.434656,1161964.311158,2307282.532581,207665.788861,1090450.749272,366.965963,98.258646,209.551602,30.079177,36.095013,85.224336,23.060703,49.129323,7.018475,8.021114,522.375045,140.369494,298.786494,43.113487,51.134601,3.000000,2.000000,3.000000,0.000000,1.000000,0.000000,1.000000,2.000000,0.000000,1.000000,0.000000,1.000000,3.000000,0.000000,1.000000,1553.000000,438.000000,932.000000,136.000000,161.000000,5.000000,
0.049354,0.998275,0.148482,0.138450,0.405692,0.002639,-205.681432,3.186030,1396042.434656,1161964.311158,2307282.532581,207665.788861,1090450.749272,366.965963,98.258646,209.551602,30.079177,36.095013,85.224336,23.060703,49.129323,7.018475,8.021114,522.375045,140.369494,298.786494,43.113487,51.134601,3.000000,2.000000,3.000000,0.000000,1.000000,0.000000,1.000000,2.000000,0.000000,1.000000,0.000000,1.000000,3.000000,0.000000,1.000000,1553.000000,438.000000,932.000000,136.000000,161.000000,5.000000,
0.049354,0.998275,0.148482,0.138450,0.405692,0.002639,-205.681432,3.186030,1396042.434656,1161964.311158,2307282.532581,207665.788861,1090450.749272,366.965963,98.258646,209.551602,30.079177,36.095013,85.224336,23.060703,49.129323,7.018475,8.021114,522.375045,140.369494,298.786494,43.113487,51.134601,3.000000,2.000000,3.000000,0.000000,1.000000,0.000000,1.000000,2.000000,0.000000,1.000000,0.000000,1.000000,3.000000,0.000000,1.000000,1553.000000,438.000000,932.000000,136.000000,161.000000,5.000000,
0.049354,0.998275,0.148482,0.138450,0.405692,0.002639,-205.681432,3.186030,1396042.434656,1161964.311158,2307282.532581,207665.788861,1090450.749272,366.965963,98.258646,209.551602,30.079177,36.095013,85.224336,23.060703,49.129323,7.018475,8.021114,522.375045,140.369494,298.786494,43.113487,51.134601,3.000000,2.000000,3.000000,0.000000,1.000000,0.000000,1.000000,2.000000,0.000000,1.000000,0.000000,1.000000,3.000000,0.000000,1.000000,1553.000000,438.000000,932.000000,136.000000,161.000000,5.000000,
0.049354,0.998275,0.148482,0.138450,0.405692,0.002639,-205.681432,3.186030,1396042.434656,1161964.311158,2307282.532581,207665.788861,1090450.749272,366.965963,98.258646,209.551602,30.079177,36.095013,85.224336,23.060703,49.129323,7.018475,8.021114,522.375045,140.369494,298.786494,43.113487,51.134601,3.000000,2.000000,3.000000,0.000000,1.000000,0.000000,1.000000,2.000000,0.000000,1.000000,0.000000,1.000000,3.000000,0.000000,1.000000,1553.000000,438.000000,932.000000,136.000000,161.000000,5.000000,
0.049354,0.998275,0.148482,0.138450,0.405692,0.002639,-205.681432,3.186030,1396042.434656,1161964.311158,2307282.532581,207665.788861,1090450.749272,366.965963,98.258646,209.551602,30.079177,36.095013,85.224336,23.060703,49.129323,7.018475,8.021114,522.375045,140.369494,298.786494,43.113487,51.134601,3.000000,2.000000,3.000000,0.000000,1.000000,0.000000,1.000000,2.000000,0.000000,1.000000,0.000000,1.000000,3.000000,0.000000,1.000000,1553.000000,438.000000,932.000000,136.000000,161.000000,5.000000,
0.049354,0.998275,0.148482,0.138450,0.405692,0.002639,-205.681432,3.186030,1396042.434656,1161964.311158,2307282.532581,207665.788861,1090450.749272,366.965963,98.258646,209.551602,30.079177,36.095013,85.224336,23.060703,49.129323,7.018475,8.021114,522.375045,140.369494,298.786494,43.113487,51.134601,3.000000,2.000000,3.000000,0.000000,1.000000,0.000000,1.000000,2.000000,0.000000,1.000000,0.000000,1.000000,3.000000,0.000000,1.000000,1553.000000,438.000000,932.000000,136.000000,161.000000,5.000000,
0.049354,0.998275,0.148482,0.138450,0.405692,0.002639,-205.681432,3.186030,1396042.434656,1161964.311158,2307282.532581,207665.788861,1090450.749272,366.965963,98.258646,209.551602,30.079177,36.095013,85.224336,23.060703,49.129323,7.018475,8.021114,522.375045,140.369494,298.786494,43.113487,51.134601,3.000000,2.000000,3.000000,0.000000,1.000000,0.000000,1.000000,2.000000,0.000000,1.000000,0.000000,1.000000,3.000000,0.000000,1.000000,1553.000000,438.000000,932.000000,136.000000,161.000000,5.000000,
0.049354,0.998275,0.148482,0.138450,0.405692,0.002639,-205.681432,3.186030,1396042.434656,1161964.311158,2307282.532581,207665.788861,1090450.749272,366.965963,98.258646,209.551602,30.079177,36.095013,85.224336,23.060703,49.129323,7.018475,8.021114,522.375045,140.369494,298.786494,43.113487,51.134601,3.000000,2.000000,3.000000,0.000000,1.000000,0.000000,1.000000,2.000000,0.000000,1.000000,0.000000,1.000000,3.000000,0.000000,1.000000,1553.000000,438.000000,932.000000,136.000000,161.000000,5.000000,
0.049354,0.998275,0.148482,0.138450,0.405692,0.002639,-205.681432,3.186030,1396042.434656,1161964.311158,2307282.532581,207665.788861,1090450.749272,366.965963,98.258646,209.551602,30.079177,36.095013,85.224336,23.060703,49.129323,7.018475,8.021114,522.375045,140.369494,298.786494,43.113487,51.134601,3.000000,2.000000,3.000000,0.000000,1.000000,0.000000,1.000000,2.000000,0.000000,1.000000,0.000000,1.000000,3.000000,0.000000,1.000000,1553.000000,438.000000,932.000000,136.000000,161.000000,5.000000,
0.049354,0.998275,0.148482,0.138450,0.405692,0.002639,-205.681432,3.186030,1396042.434656,1161964.311158,2307282.532581,207665.788861,1090450.749272,366.965963,98.258646,209.551602,30.079177,36.095013,85.224336,23.060703,49.129323,7.018475,8.021114,522.375045,140.369494,298.786494,43.113487,51.134601,3.000000,2.000000,3.000000,0.000000,1.000000,0.000000,1.000000,2.000000,0.000000,1.000000,0.000000,1.000000,3.000000,0.000000,1.000000,1553.000000,438.000000,932.000000,136.000000,161.000000,5.000000,
0.049354,0.998275,0.148482,0.138450,0.405692,0.002639,-205.681432,3.186030,1396042.434656,1161964.311158,2307282.532581,207665.788861,1090450.749272,366.965963,98.258646,209.551602,30.079177,36.095013,85.224336,23.060703,49.129323,7.018475,8.021114,522.375045,140.369494,298.786494,43.113487,51.134601,3.000000,2.000000,3.000000,0.000000,1.000000,0.000000,1.000000,2.000000,0.000000,1.000000,0.000000,1.000000,3.000000,0.000000,1.000000,1553.000000,438.000000,932.000000,136.000000,161.000000,5.000000,
0.049354,0.998275,0.148482,0.138450,0.405692,0.002639,-205.681432,3.186030,1396042.434656,1161964.311158,2307282.532581,207665.788861,1090450.749272,366.965963,98.258646,209.551602,30.079177,36.095013,85.224336,23.060703,49.129323,7.018475,8.021114,522.375045,140.369494,298.786494,43.113487,51.134601,3.000000,2.000000,3.000000,0.000000,1.000000,0.000000,1.000000,2.000000,0.000000,1.000000,0.000000,1.000000,3.000000,0.000000,1.000000,1553.000000,438.000000,932.000000,136.000000,161.000000,5.000000,
0.049354,0.998275,0.148482,0.138450,0.405692,0.002639,-205.681432,3.186030,1396042.434656,1161964.311158,2307282.532581,207665.788861,1090450.749272,366.965963,98.258646,209.551602,30.079177,36.095013,85.224336,23.060703,49.129323,7.018475,8.021114,522.375045,140.369494,298.786494,43.113487,51.134601,3.000000,2.000000,3.000000,0.000000,1.000000,0.000000,1.000000,2.000000,0.000000,1.000000,0.000000,1.000000,3.000000,0.000000,1.000000,1553.000000,438.000000,932.000000,136.000000,161.000000,5.000000,
0.049354,0.998275,0.148482,0.138450,0.405692,0.002639,-205.681432,3.186030,1396042.434656,1161964.311158,2307282.532581,207665.788861,1090450.749272,366.965963,98.258646,209.551602,30.079177,36.095013,85.224336,23.060703,49.129323,7.018475,8.021114,522.375045,140.369494,298.786494,43.113487,51.134601,3.000000,2.000000,3.000000,0.000000,1.000000,0.000000,1.000000,2.000000,0.000000,1.000000,0.000000,1.000000,3.000000,0.000000,1.000000,1553.000000,438.000000,932.000000,136.000000,161.000000,5.000000,
0.049391,0.994492,0.144988,0.134965,0.431462,0.003279,-206.003834,3.180678,1396041.812928,1161964.144212,2307282.176943,207665.737690,1090450.688506,367.200070,98.321330,209.685286,30.098366,36.118040,85.278705,23.075414,49.160665,7.022952,8.026231,522.708297,140.459043,298.977106,43.140992,51.167223,3.000000,2.000000,3.000000,0.000000,1.000000,0.000000,1.000000,2.000000,0.000000,1.000000,0.000000,1.000000,3.000000,0.000000,1.000000,1553.000000,438.000000,932.000000,136.000000,161.000000,5.000000,
0.049391,0.994492,0.144988,0.134965,0.431462,0.003279,-206.003834,3.180678,1396041.812928,1161964.144212,2307282.176943,207665.737690,1090450.688506,367.200070,98.321330,209.685286,30.098366,36.118040,85.278705,23.075414,49.160665,7.022952,8.026231,522.708297,140.459043,298.977106,43.140992,51.167223,3.000000,2.000000,3.000000,0.000000,1.000000,0.000000,1.000000,2.000000,0.000000,1.000000,0.000000,1.000000,3.000000,0.000000,1.000000,1553.000000,438.000000,932.000000,136.000000,161.000000,5.000000,
0.049391,0.994492,0.144988,0.134965,0.431462,0.003279,-206.003834,3.180678,1396041.812928,1161964.144212,2307282.176943,207665.737690,1090450.688506,367.200070,98.321330,209.685286,30.098366,36.118040,85.278705,23.075414,49.160665,7.022952,8.026231,522.708297,140.459043,298.977106,43.140992,51.167223,3.000000,2.000000,3.000000,0.000000,1.000000,0.000000,1.000000,2.000000,0.000000,1.000000,0.000000,1.000000,3.000000,0.000000,1.000000,1553.000000,438.000000,932.000000,136.000000,161.000000,5.000000,
0.049391,0.994492,0.144988,0.134965,0.431462,0.003279,-206.003834,3.180678,1396041.812928,1161964.144212,2307282.176943,207665.737690,1090450.688506,367.200070,98.321330,209.685286,30.098366,36.118040,85.278705,23.075414,49.160665,7.022952,8.026231,522.708297,140.459043,298.977106,43.140992,51.167223,3.000000,2.000000,3.000000,0.000000,1.000000,0.000000,1.000000,2.000000,0.000000,1.000000,0.000000,1.000000,3.000000,0.000000,1.000000,1553.000000,438.000000,932.000000,136.000000,161.000000,5.000000,
0.049391,0.994492,0.144988,0.134965,0.431462,0.003279,-206.003834,3.180678,1396041.812928,1161964.144212,2307282.176943,207665.737690,1090450.688506,367.200070,98.321330,209.685286,30.098366,36.118040,85.278705,23.075414,49.160665,7.022952,8.026231,522.708297,140.459043,298.977106,43.140992,51.167223,3.000000,2.000000,3.000000,0.000000,1.000000,0.000000,1.000000,2.000000,0.000000,1.000000,0.000000,1.000000,3.000000,0.000000,1.000000,1553.000000,438.000000,932.000000,136.000000,161.000000,5.000000,
0.049391,0.994492,0.144988,0.134965,0.431462,0.003279,-206.003834,3.180678,1396041.812928,1161964.144212,2307282.176943,207665.737690,1090450.688506,367.200070,98.321330,209.685286,30.098366,36.118040,85.278705,23.075414,49.160665,7.022952,8.026231,522.708297,140.459043,298.977106,43.140992,51.167223,3.000000,2.000000,3.000000,0.000000,1.000000,0.000000,1.000000,2.000000,0.000000,1.000000,0.000000,1.000000,3.000000,0.000000,1.000000,1553.000000,438.000000,932.000000,136.000000,161.000000,5.000000,
0.049391,0.994492,0.144988,0.134965,0.431462,0.003279,-206.003834,3.180678,1396041.812928,1161964.144212,2307282.176943,207665.737690,1090450.688506,367.200070,98.321330,209.685286,30.098366,36.118040,85.278705,23.075414,49.160665,7.022952,8.026231,522.708297,140.459043,298.977106,43.140992,51.167223,3.000000,2.000000,3.000000,0.000000,1.000000,0.000000,1.000000,2.000000,0.000000,1.000000,0.000000,1.000000,3.000000,0.000000,1.000000,1553.000000,438.000000,932.000000,136.000000,161.000000,5.000000,
0.049391,0.994492,0.144988,0.134965,0.431462,0.003279,-206.003834,3.180678,1396041.812928,1161964.144212,2307282.176943,207665.737690,1090450.688506,367.200070,98.321330,209.685286,30.098366,36.118040,85.278705,23.075414,49.160665,7.022952,8.026231,522.708297,140.459043,298.977106,43.140992,51.167223,3.000000,2.000000,3.000000,0.000000,1.000000,0.000000,1.000000,2.000000,0.000000,1.000000,0.000000,1.000000,3.000000,0.000000,1.000000,1553.000000,438.000000,932.000000,136.000000,161.000000,5.000000,
0.049391,0.994492,0.144988,0.134965,0.431462,0.003279,-206.003834,3.180678,1396041.812928,1161964.144212,2307282.176943,207665.737690,1090450.688506,367.200070,98.321330,209.685286,30.098366,36.118040,85.278705,23.075414,49.160665,7.022952,8.026231,522.708297,140.459043,298.977106,43.140992,51.167223,3.000000,2.000000,3.000000,0.000000,1.000000,0.000000,1.000000,2.000000,0.000000,1.000000,0.000000,1.000000,3.000000,0.000000,1.000000,1553.000000,438.000000,932.000000,136.000000,161.000000,5.000000,
0.049425,0.994386,0.145526,0.125956,0.442010,0.003602,-206.010596,3.184060,1396041.498907,1161964.059892,2307281.997317,207665.711844,1090450.657815,367.318313,98.352991,209.752807,30.108058,36.129670,85.306166,23.082845,49.176495,7.025214,8.028816,522.876615,140.504273,299.073380,43.154884,51.183699,3.000000,2.000000,3.000000,0.000000,1.000000,0.000000,1.000000,2.000000,0.000000,1.000000,0.000000,1.000000,3.000000,0.000000,1.000000,1553.000000,438.000000,932.000000,136.000000,161.000000,5.000000,
0.049425,0.994386,0.145526,0.125956,0.442010,0.003602,-206.010596,3.184060,1396041.498907,1161964.059892,2307281.997317,207665.711844,1090450.657815,367.318313,98.352991,209.752807,30.108058,36.129670,85.306166,23.082845,49.176495,7.025214,8.028816,522.876615,140.504273,299.073380,43.154884,51.183699,3.000000,2.000000,3.000000,0.000000,1.000000,0.000000,1.000000,2.000000,0.000000,1.000000,0.000000,1.000000,3.000000,0.000000,1.000000,1553.000000,438.000000,932.000000,136.000000,161.000000,5.000000,
0.049425,0.994386,0.145526,0.125956,0.442010,0.003602,-206.010596,3.184060,1396041.498907,1161964.059892,2307281.997317,207665.711844,1090450.657815,367.318313,98.352991,209.752807,30.108058,36.129670,85.306166,23.082845,49.176495,7.025214,8.028816,522.876615,140.504273,299.073380,43.154884,51.183699,3.000000,2.000000,3.000000,0.000000,1.000000,0.000000,1.000000,2.000000,0.000000,1.000000,0.000000,1.000000,3.000000,0.000000,1.000000,1553.000000,438.000000,932.000000,136.000000,161.000000,5.000000,
0.049425,0.994386,0.145526,0.125956,0.442010,0.003602,-206.010596,3.184060,1396041.498907,1161964.059892,2307281.997317,207665.711844,1090450.657815,367.318313,98.352991,209.752807,30.108058,36.129670,85.306166,23.082845,49.176495,7.025214,8.028816,522.876615,140.504273,299.073380,43.154884,51.183699,3.000000,2.000000,3.000000,0.000000,1.000000,0.000000,1.000000,2.000000,0.000000,1.000000,0.000000,1.000000,3.000000,0.000000,1.000000,1553.000000,438.000000,932.000000,136.000000,161.000000,5.000000,
0.049425,0.994386,0.145526,0.125956,0.442010,0.003602,-206.010596,3.184060,1396041.498907,1161964.059892,2307281.997317,207665.711844,1090450.657815,367.318313,98.352991,209.752807,30.108058,36.129670,85.306166,23.082845,49.176495,7.025214,8.028816,522.876615,140.504273,299.073380,43.154884,51.183699,3.000000,2.000000,3.000000,0.000000,1.000000,0.000000,1.000000,2.000000,0.000000,1.000000,0.000000,1.000000,3.000000,0.000000,1.000000,1553.000000,438.000000,932.000000,136.000000,161.000000,5.000000,
0.049425,0.994386,0.145526,0.125956,0.442010,0.003602,-206.010596,3.184060,1396041.498907,1161964.059892,2307281.997317,207665.711844,1090450.657815,367.318313,98.352991,209.752807,30.108058,36.129670,85.306166,23.082845,49.176495,7.025214,8.028816,522.876615,140.504273,299.073380,43.154884,51.183699,3.000000,2.000000,3.000000,0.000000,1.000000,0.000000,1.000000,2.000000,0.000000,1.000000,0.000000,1.000000,3.000000,0.000000,1.000000,1553.000000,438.000000,932.000000,136.000000,161.000000,5.000000,
0.049425,0.994386,0.145526,0.125956,0.442010,0.003602,-206.010596,3.184060,1396041.498907,1161964.059892,2307281.997317,207665.711844,1090450.657815,367.318313,98.352991,209.752807,30.108058,36.129670,85.306166,23.082845,49.176495,7.025214,8.028816,522.876615,140.504273,299.073380,43.154884,51.183699,3.000000,2.000000,3.000000,0.000000,1.000000,0.000000,1.000000,2.000000,0.000000,1.000000,0.000000,1.000000,3.000000,0.000000,1.000000,1553.000000,438.000000,932.000000,136.000000,161.000000,5.000000,
0.049394,0.999567,0.148214,0.118995,0.449887,0.003254,-204.837380,3.188006,1396041.837416,1161964.150788,2307282.190950,207665.739705,1090450.690900,367.190849,98.318861,209.680021,30.097611,36.117133,85.276563,23.074835,49.159431,7.022776,8.026029,522.695171,140.455516,298.969599,43.139909,51.165938,3.000000,2.000000,3.000000,0.000000,1.000000,0.000000,1.000000,2.000000,0.000000,1.000000,0.000000,1.000000,3.000000,0.000000,1.000000,1553.000000,438.000000,932.000000,136.000000,161.000000,5.000000,
0.049394,0.999567,0.148214,0.118995,0.449887,0.003254,-204.837380,3.188006,1396041.837416,1161964.150788,2307282.190950,207665.739705,1090450.690900,367.190849,98.318861,209.680021,30.097611,36.117133,85.276563,23.074835,49.159431,7.022776,8.026029,522.695171,140.455516,298.969599,43.139909,51.165938,3.000000,2.000000,3.000000,0.000000,1.000000,0.000000,1.000000,2.000000,0.000000,1.000000,0.000000,1.000000,3.000000,0.000000,1.000000,1553.000000,438.000000,932.000000,136.000000,161.000000,5.000000,
0.049394,0.999567,0.148214,0.118995,0.449887,0.003254,-204.837380,3.188006,1396041.837416,1161964.150788,2307282.190950,207665.739705,1090450.690900,367.190849,98.318861,209.680021,30.097611,36.117133,85.276563,23.074835,49.159431,7.022776,8.026029,522.695171,140.455516,298.969599,43.139909,51.165938,3.000000,2.000000,3.000000,0.000000,1.000000,0.000000,1.000000,2.000000,0.000000,1.000000,0.000000,1.000000,3.000000,0.000000,1.000000,1553.000000,438.000000,932.000000,136.000000,161.000000,5.000000,
0.049394,0.999567,0.148214,0.118995,0.449887,0.003254,-204.837380,3.188006,1396041.837416,1161964.150788,2307282.190950,207665.739705,1090450.690900,367.190849,98.318861,209.680021,30.097611,36.117133,85.276563,23.074835,49.159431,7.022776,8.026029,522.695171,140.455516,298.969599,43.139909,51.165938,3.000000,2.000000,3.000000,0.000000,1.000000,0.000000,1.000000,2.000000,0.000000,1.000000,0.000000,1.000000,3.000000,0.000000,1.000000,1553.000000,438.000000,932.000000,136.000000,161.000000,5.000000,
0.049394,0.999567,0.148214,0.118995,0.449887,0.003254,-204.837380,3.188006,1396041.837416,1161964.150788,2307282.190950,207665.739705,1090450.690900,367.190849,98.318861,209.680021,30.097611,36.117133,85.276563,23.074835,49.159431,7.022776,8.026029,522.695171,140.455516,298.969599,43.139909,51.165938,3.000000,2.000000,3.000000,0.000000,1.000000,0.000000,1.000000,2.000000,0.000000,1.000000,0.000000,1.000000,3.000000,0.000000,1.000000,1553.000000,438.000000,932.000000,136.000000,161.000000,5.000000,
0.049394,0.999567,0.148214,0.118995,0.449887,0.003254,-204.837380,3.188006,1396041.837416,1161964.150788,2307282.190950,207665.739705,1090450.690900,367.190849,98.318861,209.680021,30.097611,36.117133,85.276563,23.074835,49.159431,7.022776,8.026029,522.695171,140.455516,298.969599,43.139909,51.165938,3.000000,2.000000,3.000000,0.000000,1.000000,0.000000,1.000000,2.000000,0.000000,1.000000,0.000000,1.000000,3.000000,0.000000,1.000000,1553.000000,438.000000,932.000000,136.000000,161.000000,5.000000,
0.049394,0.999567,0.148214,0.118995,0.449887,0.003254,-204.837380,3.188006,1396041.837416,1161964.150788,2307282.190950,207665.739705,1090450.690900,367.190849,98.318861,209.680021,30.097611,36.117133,85.276563,23.074835,49.159431,7.022776,8.026029,522.695171,140.455516,298.969599,43.139909,51.165938,3.000000,2.000000,3.000000,0.000000,1.000000,0.000000,1.000000,2.000000,0.000000,1.000000,0.000000,1.000000,3.000000,0.000000,1.000000,1553.000000,438.000000,932.000000,136.000000,161.000000,5.000000,
0.049394,0.999567,0.148214,0.118995,0.449887,0.003254,-204.837380,3.188006,1396041.837416,1161964.150788,2307282.190950,207665.739705,1090450.690900,367.190849,98.318861,209.680021,30.097611,36.117133,85.276563,23.074835,49.159431,7.022776,8.026029,522.695171,140.455516,298.969599,43.139909,51.165938,3.000000,2.000000,3.000000,0.000000,1.000000,0.000000,1.000000,2.000000,0.000000,1.000000,0.000000,1.000000,3.000000,0.000000,1.000000,1553.000000,438.000000,932.000000,136.000000,161.000000,5.000000,
0.049394,0.999567,0.148214,0.118995,0.449887,0.003254,-204.837380,3.188006,1396041.837416,1161964.150788,2307282.190950,207665.739705,1090450.690900,367.190849,98.318861,209.680021,30.097611,36.117133,85.276563,23.074835,49.159431,7.022776,8.026029,522.695171,140.455516,298.969599,43.139909,51.165938,3.000000,2.000000,3.000000,0.000000,1.000000,0.000000,1.000000,2.000000,0.000000,1.000000,0.000000,1.000000,3.000000,0.000000,1.000000,1553.000000,438.000000,932.000000,136.000000,161.000000,5.000000,
0.049394,0.999567,0.148214,0.118995,0.449887,0.003254,-204.837380,3.188006,1396041.837416,1161964.150788,2307282.190950,207665.739705,1090450.690900,367.190849,98.318861,209.680021,30.097611,36.117133,85.276563,23.074835,49.159431,7.022776,8.026029,522.695171,140.455516,298.969599,43.139909,51.165938,3.000000,2.000000,3.000000,0.000000,1.000000,0.000000,1.000000,2.000000,0.000000,1.000000,0.000000,1.000000,3.000000,0.000000,1.000000,1553.000000,438.000000,932.000000,136.000000,161.000000,5.000000,
0.049394,0.999567,0.148214,0.118995,0.449887,0.003254,-204.837380,3.188006,1396041.837416,1161964.150788,2307282.190950,207665.739705,1090450.690900,367.190849,98.318861,209.680021,30.097611,36.117133,85.276563,23.074835,49.159431,7.022776,8.026029,522.695171,140.455516,298.969599,43.139909,51.165938,3.000000,2.000000,3.000000,0.000000,1.000000,0.000000,1.000000,2.000000,0.000000,1.000000,0.000000,1.000000,3.000000,0.000000,1.000000,1553.000000,438.000000,932.000000,136.000000,161.000000,5.000000,
0.049394,0.999567,0.148214,0.118995,0.449887,0.003254,-204.837380,3.188006,1396041.837416,1161964.150788,2307282.190950,207665.739705,1090450.690900,367.190849,98.318861,209.680021,30.097611,36.117133,85.276563,23.074835,49.159431,7.022776,8.026029,522.695171,140.455516,298.969599,43.139909,51.165938,3.000000,2.000000,3.000000,0.000000,1.000000,0.000000,1.000000,2.000000,0.000000,1.000000,0.000000,1.000000,3.000000,0.000000,1.000000,1553.000000,438.000000,932.000000,136.000000,161.000000,5.000000,
0.049394,0.999567,0.148214,0.118995,0.449887,0.003254,-204.837380,3.188006,1396041.837416,1161964.150788,2307282.190950,207665.739705,1090450.690900,367.190849,98.318861,209.680021,30.097611,36.117133,85.276563,23.074835,49.159431,7.022776,8.026029,522.695171,140.455516,298.969599,43.139909,51.165938,3.000000,2.000000,3.000000,0.000000,1.000000,0.000000,1.000000,2.000000,0.000000,1.000000,0.000000,1.000000,3.000000,0.000000,1.000000,1553.000000,438.000000,932.000000,136.000000,161.000000,5.000000,
0.049394,0.999567,0.148214,0.118995,0.449887,0.003254,-204.837380,3.188006,1396041.837416,1161964.150788,2307282.190950,207665.739705,1090450.690900,367.190849,98.318861,209.680021,30.097611,36.117133,85.276563,23.074835,49.159431,7.022776,8.026029,522.695171,140.455516,298.969599,43.139909,51.165938,3.000000,2.000000,3.000000,0.000000,1.000000,0.000000,1.000000,2.000000,0.000000,1.000000,0.000000,1.000000,3.000000,0.000000,1.000000,1553.000000,438.000000,932.000000,136.000000,161.000000,5.000000,
0.049394,0.999567,0.148214,0.118995,0.449887,0.003254,-204.837380,3.188006,1396041.837416,1161964.150788,2307282.190950,207665.739705,1090450.690900,367.190849,98.318861,209.680021,30.097611,36.117133,85.276563,23.074835,49.159431,7.022776,8.026029,522.695171,140.455516,298.969599,43.139909,51.165938,3.000000,2.000000,3.000000,0.000000,1.000000,0.000000,1.000000,2.000000,0.000000,1.000000,0.000000,1.000000,3.000000,0.000000,1.000000,1553.000000,438.000000,932.000000,136.000000,161.000000,5.000000,
0.049394,0.999567,0.148214,0.118995,0.449887,0.003254,-204.837380,3.188006,1396041.837416,1161964.150788,2307282.190950,207665.739705,1090450.690900,367.190849,98.318861,209.680021,30.097611,36.117133,85.276563,23.074835,49.159431,7.022776,8.026029,522.695171,140.455516,298.969599,43.139909,51.165938,3.000000,2.000000,3.000000,0.000000,1.000000,0.000000,1.000000,2.000000,0.000000,1.000000,0.000000,1.000000,3.000000,0.000000,1.000000,1553.000000,438.000000,932.000000,136.000000,161.000000,5.000000,
0.049404,0.998925,0.145805,0.118279,0.464851,0.003061,-204.805457,3.183305,1396042.025014,1161964.201161,2307282.298259,207665.755145,1090450.709235,367.120211,98.299947,209.639683,30.091821,36.110185,85.260158,23.070396,49.149974,7.021425,8.024485,522.594617,140.428496,298.912084,43.131609,51.156095,3.000000,2.000000,3.000000,0.000000,1.000000,0.000000,1.000000,2.000000,0.000000,1.000000,0.000000,1.000000,3.000000,0.000000,1.000000,1553.000000,438.000000,932.000000,136.000000,161.000000,5.000000,
0.049404,0.998925,0.145805,0.118279,0.464851,0.003061,-204.805457,3.183305,1396042.025014,1161964.201161,2307282.298259,207665.755145,1090450.709235,367.120211,98.299947,209.639683,30.091821,36.110185,85.260158,23.070396,49.149974,7.021425,8.024485,522.594617,140.428496,298.912084,43.131609,51.156095,3.000000,2.000000,3.000000,0.000000,1.000000,0.000000,1.000000,2.000000,0.000000,1.000000,0.000000,1.000000,3.000000,0.000000,1.000000,1553.000000,438.000000,932.000000,136.000000,161.000000,5.000000,
0.049404,0.998925,0.145805,0.118279,0.464851,0.003061,-204.805457,3.183305,1396042.025014,1161964.201161,2307282.298259,207665.755145,1090450.709235,367.120211,98.299947,209.639683,30.091821,36.110185,85.260158,23.070396,49.149974,7.021425,8.024485,522.594617,140.428496,298.912084,43.131609,51.156095,3.000000,2.000000,3.000000,0.000000,1.000000,0.000000,1.000000,2.000000,0.000000,1.000000,0.000000,1.000000,3.000000,0.000000,1.000000,1553.000000,438.000000,932.000000,136.000000,161.000000,5.000000,
0.049403,0.998467,0.144800,0.136036,0.428857,0.003177,-205.027352,3.181019,1396041.911853,1161964.170775,2307282.233529,207665.745832,1090450.698175,367.162821,98.311356,209.664015,30.095313,36.114376,85.270054,23.073073,49.155678,7.022240,8.025417,522.655272,140.444795,298.946777,43.136616,51.162032,3.000000,2.000000,3.000000,0.000000,1.000000,0.000000,1.000000,2.000000,0.000000,1.000000,0.000000,1.000000,3.000000,0.000000,1.000000,1553.000000,438.000000,932.000000,136.000000,161.000000,5.000000,
0.049403,0.998467,0.144800,0.136036,0.428857,0.003177,-205.027352,3.181019,1396041.911853,1161964.170775,2307282.233529,207665.745832,1090450.698175,367.162821,98.311356,209.664015,30.095313,36.114376,85.270054,23.073073,49.155678,7.022240,8.025417,522.655272,140.444795,298.946777,43.136616,51.162032,3.000000,2.000000,3.000000,0.000000,1.000000,0.000000,1.000000,2.000000,0.000000,1.000000,0.000000,1.000000,3.000000,0.000000,1.000000,1553.000000,438.000000,932.000000,136.000000,161.000000,5.000000,
0.049403,0.998467,0.144800,0.136036,0.428857,0.003177,-205.027352,3.181019,1396041.911853,1161964.170775,2307282.233529,207665.745832,1090450.698175,367.162821,98.311356,209.664015,30.095313,36.114376,85.270054,23.073073,49.155678,7.022240,8.025417,522.655272,140.444795,298.946777,43.136616,51.162032,3.000000,2.000000,3.000000,0.000000,1.000000,0.000000,1.000000,2.000000,0.000000,1.000000,0.000000,1.000000,3.000000,0.000000,1.000000,1553.000000,438.000000,932.000000,136.000000,161.000000,5.000000,
0.049403,0.998467,0.144800,0.136036,0.428857,0.003177,-205.027352,3.181019,1396041.911853,1161964.170775,2307282.233529,207665.745832,1090450.698175,367.162821,98.311356,209.664015,30.095313,36.114376,85.270054,23.073073,49.155678,7.022240,8.025417,522.655272,140.444795,298.946777,43.136616,51.162032,3.000000,2.000000,3.000000,0.000000,1.000000,0.000000,1.000000,2.000000,0.000000,1.000000,0.000000,1.000000,3.000000,0.000000,1.000000,1553.000000,438.000000,932.000000,136.000000,161.000000,5.000000,
0.049403,0.998467,0.144800,0.136036,0.428857,0.003177,-205.027352,3.181019,1396041.911853,1161964.170775,2307282.233529,207665.745832,1090450.698175,367.162821,98.311356,209.664015,30.095313,36.114376,85.270054,23.073073,49.155678,7.022240,8.025417,522.655272,140.444795,298.946777,43.136616,51.162032,3.000000,2.000000,3.000000,0.000000,1.000000,0.000000,1.000000,2.000000,0.000000,1.000000,0.000000,1.000000,3.000000,0.000000,1.000000,1553.000000,438.000000,932.000000,136.000000,161.000000,5.000000,
0.049403,0.998467,0.144800,0.136036,0.428857,0.003177,-205.027352,3.181019,1396041.911853,1161964.170775,2307282.233529,207665.745832,1090450.698175,367.162821,98.311356,209.664015,30.095313,36.114376,85.270054,23.073073,49.155678,7.022240,8.025417,522.655272,140.444795,298.946777,43.136616,51.162032,3.000000,2.000000,3.000000,0.000000,1.000000,0.000000,1.000000,2.000000,0.000000,1.000000,0.000000,1.000000,3.000000,0.000000,1.000000,1553.000000,438.000000,932.000000,136.000000,161.000000,5.000000,
0.049403,0.998467,0.144800,0.136036,0.428857,0.003177,-205.027352,3.181019,1396041.911853,1161964.170775,2307282.233529,207665.745832,1090450.698175,367.162821,98.311356,209.664015,30.095313,36.114376,85.270054,23.073073,49.155678,7.022240,8.025417,522.655272,140.444795,298.946777,43.136616,51.162032,3.000000,2.000000,3.000000,0.000000,1.000000,0.000000,1.000000,2.000000,0.000000,1.000000,0.000000,1.000000,3.000000,0.000000,1.000000,1553.000000,438.000000,932.000000,136.000000,161.000000,5.000000,
0.049403,0.998467,0.144800,0.136036,0.428857,0.003177,-205.027352,3.181019,1396041.911853,1161964.170775,2307282.233529,207665.745832,1090450.698175,367.162821,98.311356,209.664015,30.095313,36.114376,85.270054,23.073073,49.155678,7.022240,8.025417,522.655272,140.444795,298.946777,43.136616,51.162032,3.000000,2.000000,3.000000,0.000000,1.000000,0.000000,1.000000,2.000000,0.000000,1.000000,0.000000,1.000000,3.000000,0.000000,1.000000,1553.000000,438.000000,932.000000,136.000000,161.000000,5.000000,
0.049403,0.998467,0.144800,0.136036,0.428857,0.003177,-205.027352,3.181019,1396041.911853,1161964.170775,2307282.233529,207665.745832,1090450.698175,367.162821,98.311356,209.664015,30.095313,36.114376,85.270054,23.073073,49.155678,7.022240,8.025417,522.655272,140.444795,298.946777,43.136616,51.162032,3.000000,2.000000,3.000000,0.000000,1.000000,0.000000,1.000000,2.000000,0.000000,1.000000,0.000000,1.000000,3.000000,0.000000,1.000000,1553.000000,438.000000,932.000000,136.000000,161.000000,5.000000,
0.049403,0.998467,0.144800,0.136036,0.428857,0.003177,-205.027352,3.181019,1396041.911853,1161964.170775,2307282.233529,207665.745832,1090450.698175,367.162821,98.311356,209.664015,30.095313,36.114376,85.270054,23.073073,49.155678,7.022240,8.025417,522.655272,140.444795,298.946777,43.136616,51.162032,3.000000,2.000000,3.000000,0.000000,1.000000,0.000000,1.000000,2.000000,0.000000,1.000000,0.000000,1.000000,3.000000,0.000000,1.000000,1553.000000,438.000000,932.000000,136.000000,161.000000,5.000000,
0.049403,0.998467,0.144800,0.136036,0.428857,0.003177,-205.027352,3.181019,1396041.911853,1161964.170775,2307282.233529,207665.745832,1090450.698175,367.162821,98.311356,209.664015,30.095313,36.114376,85.270054,23.073073,49.155678,7.022240,8.025417,522.655272,140.444795,298.946777,43.136616,51.162032,3.000000,2.000000,3.000000,0.000000,1.000000,0.000000,1.000000,2.000000,0.000000,1.000000,0.000000,1.000000,3.000000,0.000000,1.000000,1553.000000,438.000000,932.000000,136.000000,161.000000,5.000000,
0.049403,0.998467,0.144800,0.136036,0.428857,0.003177,-205.027352,3.181019,1396041.911853,1161964.170775,2307282.233529,207665.745832,1090450.698175,367.162821,98.311356,209.664015,30.095313,36.114376,85.270054,23.073073,49.155678,7.022240,8.025417,522.655272,140.444795,298.946777,43.136616,51.162032,3.000000,2.000000,3.000000,0.000000,1.000000,0.000000,1.000000,2.000000,0.000000,1.000000,0.000000,1.000000,3.000000,0.000000,1.000000,1553.000000,438.000000,932.000000,136.000000,161.000000,5.000000,
0.049403,0.998467,0.144800,0.136036,0.428857,0.003177,-205.027352,3.181019,1396041.911853,1161964.170775,2307282.233529,207665.745832,1090450.698175,367.162821,98.311356,209.664015,30.095313,36.114376,85.270054,23.073073,49.155678,7.022240,8.025417,522.655272,140.444795,298.946777,43.136616,51.162032,3.000000,2.000000,3.000000,0.000000,1.000000,0.000000,1.000000,2.000000,0.000000,1.000000,0.000000,1.000000,3.000000,0.000000,1.000000,1553.000000,438.000000,932.000000,136.000000,161.000000,5.000000,
0.049403,0.998467,0.144800,0.136036,0.428857,0.003177,-205.027352,3.181019,1396041.911853,1161964.170775,2307282.233529,207665.745832,1090450.698175,367.162821,98.311356,209.664015,30.095313,36.114376,85.270054,23.073073,49.155678,7.022240,8.025417,522.655272,140.444795,298.946777,43.136616,51.162032,3.000000,2.000000,3.000000,0.000000,1.000000,0.000000,1.000000,2.000000,0.000000,1.000000,0.000000,1.000000,3.000000,0.000000,1.000000,1553.000000,438.000000,932.000000,136.000000,161.000000,5.000000,
0.049403,0.998467,0.144800,0.136036,0.428857,0.003177,-205.027352,3.181019,1396041.911853,1161964.170775,2307282.233529,207665.745832,1090450.698175,367.162821,98.311356,209.664015,30.095313,36.114376,85.270054,23.073073,49.155678,7.022240,8.025417,522.655272,140.444795,298.946777,43.136616,51.162032,3.000000,2.000000,3.000000,0.000000,1.000000,0.000000,1.000000,2.000000,0.000000,1.000000,0.000000,1.000000,3.000000,0.000000,1.000000,1553.000000,438.000000,932.000000,136.000000,161.000000,5.000000,
0.049403,0.998467,0.144800,0.136036,0.428857,0.003177,-205.027352,3.181019,1396041.911853,1161964.170775,2307282.233529,207665.745832,1090450.698175,367.162821,98.311356,209.664015,30.095313,36.114376,85.270054,23.073073,49.155678,7.022240,8.025417,522.655272,140.444795,298.946777,43.136616,51.162032,3.000000,2.000000,3.000000,0.000000,1.000000,0.000000,1.000000,2.000000,0.000000,1.000000,0.000000,1.000000,3.000000,0.000000,1.000000,1553.000000,438.000000,932.000000,136.000000,161.000000,5.000000,
0.049403,0.998467,0.144800,0.136036,0.428857,0.003177,-205.027352,3.181019,1396041.911853,1161964.170775,2307282.233529,207665.745832,1090450.698175,367.162821,98.311356,209.664015,30.095313,36.114376,85.270054,23.073073,49.155678,7.022240,8.025417,522.655272,140.444795,298.946777,43.136616,51.162032,3.000000,2.000000,3.000000,0.000000,1.000000,0.000000,1.000000,2.000000,0.000000,1.000000,0.000000,1.000000,3.000000,0.000000,1.000000,1553.000000,438.000000,932.000000,136.000000,161.000000,5.000000,
0.049403,0.998467,0.144800,0.136036,0.428857,0.003177,-205.027352,3.181019,1396041.911853,1161964.170775,2307282.233529,207665.745832,1090450.698175,367.162821,98.311356,209.664015,30.095313,36.114376,85.270054,23.073073,49.155678,7.022240,8.025417,522.655272,140.444795,298.946777,43.136616,51.162032,3.000000,2.000000,3.000000,0.000000,1.000000,0.000000,1.000000,2.000000,0.000000,1.000000,0.000000,1.000000,3.000000,0.000000,1.000000,1553.000000,438.000000,932.000000,136.000000,161.000000,5.000000,
0.049403,0.998467,0.144800,0.136036,0.428857,0.003177,-205.027352,3.181019,1396041.911853,1161964.170775,2307282.233529,207665.745832,1090450.698175,367.162821,98.311356,209.664015,30.095313,36.114376,85.270054,23.073073,49.155678,7.022240,8.025417,522.655272,140.444795,298.946777,43.136616,51.162032,3.000000,2.000000,3.000000,0.000000,1.000000,0.000000,1.000000,2.000000,0.000000,1.000000,0.000000,1.000000,3.000000,0.000000,1.000000,1553.000000,438.000000,932.000000,136.000000,161.000000,5.000000,
0.049403,0.998467,0.144800,0.136036,0.428857,0.003177,-205.027352,3.181019,1396041.911853,1161964.170775,2307282.233529,207665.745832,1090450.698175,367.162821,98.311356,209.664015,30.095313,36.114376,85.270054,23.073073,49.155678,7.022240,8.025417,522.655272,140.444795,298.946777,43.136616,51.162032,3.000000,2.000000,3.000000,0.000000,1.000000,0.000000,1.000000,2.000000,0.000000,1.000000,0.000000,1.000000,3.000000,0.000000,1.000000,1553.000000,438.000000,932.000000,136.000000,161.000000,5.000000,
0.049403,0.998467,0.144800,0.136036,0.428857,0.003177,-205.027352,3.181019,1396041.911853,1161964.170775,2307282.233529,207665.745832,1090450.698175,367.162821,98.311356,209.664015,30.095313,36.114376,85.270054,23.073073,49.155678,7.022240,8.025417,522.655272,140.444795,298.946777,43.136616,51.162032,3.000000,2.000000,3.000000,0.000000,1.000000,0.000000,1.000000,2.000000,0.000000,1.000000,0.000000,1.000000,3.000000,0.000000,1.000000,1553.000000,438.000000,932.000000,136.000000,161.000000,5.000000,
0.049403,0.998467,0.144800,0.136036,0.428857,0.003177,-205.027352,3.181019,1396041.911853,1161964.170775,2307282.233529,207665.745832,1090450.698175,367.162821,98.311356,209.664015,30.095313,36.114376,85.270054,23.073073,49.155678,7.022240,8.025417,522.655272,140.444795,298.946777,43.136616,51.162032,3.000000,2.000000,3.000000,0.000000,1.000000,0.000000,1.000000,2.000000,0.000000,1.000000,0.000000,1.000000,3.000000,0.000000,1.000000,1553.000000,438.000000,932.000000,136.000000,161.000000,5.000000,
0.049403,0.998467,0.144800,0.136036,0.428857,0.003177,-205.027352,3.181019,1396041.911853,1161964.170775,2307282.233529,207665.745832,1090450.698175,367.162821,98.311356,209.664015,30.095313,36.114376,85.270054,23.073073,49.155678,7.022240,8.025417,522.655272,140.444795,298.946777,43.136616,51.162032,3.000000,2.000000,3.000000,0.000000,1.000000,0.000000,1.000000,2.000000,0.000000,1.000000,0.000000,1.000000,3.000000,0.000000,1.000000,1553.000000,438.000000,932.000000,136.000000,161.000000,5.000000,
0.049403,0.998467,0.144800,0.136036,0.428857,0.003177,-205.027352,3.181019,1396041.911853,1161964.170775,2307282.233529,207665.745832,1090450.698175,367.162821,98.311356,209.664015,30.095313,36.114376,85.270054,23.073073,49.155678,7.022240,8.025417,522.655272,140.444795,298.946777,43.136616,51.162032,3.000000,2.000000,3.000000,0.000000,1.000000,0.000000,1.000000,2.000000,0.000000,1.000000,0.000000,1.000000,3.000000,0.000000,1.000000,1553.000000,438.000000,932.000000,136.000000,161.000000,5.000000,
0.049403,0.998467,0.144800,0.136036,0.428857,0.003177,-205.027352,3.181019,1396041.911853,1161964.170775,2307282.233529,207665.745832,1090450.698175,367.162821,98.311356,209.664015,30.095313,36.114376,85.270054,23.073073,49.155678,7.022240,8.025417,522.655272,140.444795,298.946777,43.136616,51.162032,3.000000,2.000000,3.000000,0.000000,1.000000,0.000000,1.000000,2.000000,0.000000,1.000000,0.000000,1.000000,3.000000,0.000000,1.000000,1553.000000,438.000000,932.000000,136.000000,161.000000,5.000000,
0.049403,0.998467,0.144800,0.136036,0.428857,0.003177,-205.027352,3.181019,1396041.911853,1161964.170775,2307282.233529,207665.745832,1090450.698175,367.162821,98.311356,209.664015,30.095313,36.114376,85.270054,23.073073,49.155678,7.022240,8.025417,522.655272,140.444795,298.946777,43.136616,51.162032,3.000000,2.000000,3.000000,0.000000,1.000000,0.000000,1.000000,2.000000,0.000000,1.000000,0.000000,1.000000,3.000000,0.000000,1.000000,1553.000000,438.000000,932.000000,136.000000,161.000000,5.000000,
0.049403,0.998467,0.144800,0.136036,0.428857,0.003177,-205.027352,3.181019,1396041.911853,1161964.170775,2307282.233529,207665.745832,1090450.698175,367.162821,98.311356,209.664015,30.095313,36.114376,85.270054,23.073073,49.155678,7.022240,8.025417,522.655272,140.444795,298.946777,43.136616,51.162032,3.000000,2.000000,3.000000,0.000000,1.000000,0.000000,1.000000,2.000000,0.000000,1.000000,0.000000,1.000000,3.000000,0.000000,1.000000,1553.000000,438.000000,932.000000,136.000000,161.000000,5.000000,
0.049403,0.998467,0.144800,0.136036,0.428857,0.003177,-205.027352,3.181019,1396041.911853,1161964.170775,2307282.233529,207665.745832,1090450.698175,367.162821,98.311356,209.664015,30.095313,36.114376,85.270054,23.073073,49.155678,7.022240,8.025417,522.655272,140.444795,298.946777,43.136616,51.162032,3.000000,2.000000,3.000000,0.000000,1.000000,0.000000,1.000000,2.000000,0.000000,1.000000,0.000000,1.000000,3.000000,0.000000,1.000000,1553.000000,438.000000,932.000000,136.000000,161.000000,5.000000,
0.049403,0.998467,0.144800,0.136036,0.428857,0.003177,-205.027352,3.181019,1396041.911853,1161964.170775,2307282.233529,207665.745832,1090450.698175,367.162821,98.311356,209.664015,30.095313,36.114376,85.270054,23.073073,49.155678,7.022240,8.025417,522.655272,140.444795,298.946777,43.136616,51.162032,3.000000,2.000000,3.000000,0.000000,1.000000,0.000000,1.000000,2.000000,0.000000,1.000000,0.000000,1.000000,3.000000,0.000000,1.000000,1553.000000,438.000000,932.000000,136.000000,161.000000,5.000000,
0.049403,0.998467,0.144800,0.136036,0.428857,0.003177,-205.027352,3.181019,1396041.911853,1161964.170775,2307282.233529,207665.745832,1090450.698175,367.162821,98.311356,209.664015,30.095313,36.114376,85.270054,23.073073,49.155678,7.022240,8.025417,522.655272,140.444795,298.946777,43.136616,51.162032,3.000000,2.000000,3.000000,0.000000,1.000000,0.000000,1.000000,2.000000,0.000000,1.000000,0.000000,1.000000,3.000000,0.000000,1.000000,1553.000000,438.000000,932.000000,136.000000,161.000000,5.000000,
0.049403,0.998467,0.144800,0.136036,0.428857,0.003177,-205.027352,3.181019,1396041.911853,1161964.170775,2307282.233529,207665.745832,1090450.698175,367.162821,98.311356,209.664015,30.095313,36.114376,85.270054,23.073073,49.155678,7.022240,8.025417,522.655272,140.444795,298.946777,43.136616,51.162032,3.000000,2.000000,3.000000,0.000000,1.000000,0.000000,1.000000,2.000000,0.000000,1.000000,0.000000,1.000000,3.000000,0.000000,1.000000,1553.000000,438.000000,932.000000,136.000000,161.000000,5.000000,
0.049403,0.998467,0.144800,0.136036,0.428857,0.003177,-205.027352,3.181019,1396041.911853,1161964.170775,2307282.233529,207665.745832,1090450.698175,367.162821,98.311356,209.664015,30.095313,36.114376,85.270054,23.073073,49.155678,7.022240,8.025417,522.655272,140.444795,298.946777,43.136616,51.162032,3.000000,2.000000,3.000000,0.000000,1.000000,0.000000,1.000000,2.000000,0.000000,1.000000,0.000000,1.000000,3.000000,0.000000,1.000000,1553.000000,438.000000,932.000000,136.000000,161.000000,5.000000,
0.049403,0.998467,0.144800,0.136036,0.428857,0.003177,-205.027352,3.181019,1396041.911853,1161964.170775,2307282.233529,207665.745832,1090450.698175,367.162821,98.311356,209.664015,30.095313,36.114376,85.270054,23.073073,49.155678,7.022240,8.025417,522.655272,140.444795,298.946777,43.136616,51.162032,3.000000,2.000000,3.000000,0.000000,1.000000,0.000000,1.000000,2.000000,0.000000,1.000000,0.000000,1.000000,3.000000,0.000000,1.000000,1553.000000,438.000000,932.000000,136.000000,161.000000,5.000000,
0.049403,0.998467,0.144800,0.136036,0.428857,0.003177,-205.027352,3.181019,1396041.911853,1161964.170775,2307282.233529,207665.745832,1090450.698175,367.162821,98.311356,209.664015,30.095313,36.114376,85.270054,23.073073,49.155678,7.022240,8.025417,522.655272,140.444795,298.946777,43.136616,51.162032,3.000000,2.000000,3.000000,0.000000,1.000000,0.000000,1.000000,2.000000,0.000000,1.000000,0.000000,1.000000,3.000000,0.000000,1.000000,1553.000000,438.000000,932.000000,136.000000,161.000000,5.000000,
0.049403,0.998467,0.144800,0.136036,0.428857,0.003177,-205.027352,3.181019,1396041.911853,1161964.170775,2307282.233529,207665.745832,1090450.698175,367.162821,98.311356,209.664015,30.095313,36.114376,85.270054,23.073073,49.155678,7.022240,8.025417,522.655272,140.444795,298.946777,43.136616,51.162032,3.000000,2.000000,3.000000,0.000000,1.000000,0.000000,1.000000,2.000000,0.000000,1.000000,0.000000,1.000000,3.000000,0.000000,1.000000,1553.000000,438.000000,932.000000,136.000000,161.000000,5.000000,
0.049403,0.998467,0.144800,0.136036,0.428857,0.003177,-205.027352,3.181019,1396041.911853,1161964.170775,2307282.233529,207665.745832,1090450.698175,367.162821,98.311356,209.664015,30.095313,36.114376,85.270054,23.073073,49.155678,7.022240,8.025417,522.655272,140.444795,298.946777,43.136616,51.162032,3.000000,2.000000,3.000000,0.000000,1.000000,0.000000,1.000000,2.000000,0.000000,1.000000,0.000000,1.000000,3.000000,0.000000,1.000000,1553.000000,438.000000,932.000000,136.000000,161.000000,5.000000,
0.049403,0.998467,0.144800,0.136036,0.428857,0.003177,-205.027352,3.181019,1396041.911853,1161964.170775,2307282.233529,207665.745832,1090450.698175,367.162821,98.311356,209.664015,30.095313,36.114376,85.270054,23.073073,49.155678,7.022240,8.025417,522.655272,140.444795,298.946777,43.136616,51.162032,3.000000,2.000000,3.000000,0.000000,1.000000,0.000000,1.000000,2.000000,0.000000,1.000000,0.000000,1.000000,3.000000,0.000000,1.000000,1553.000000,438.000000,932.000000,136.000000,161.000000,5.000000,
0.049403,0.998467,0.144800,0.136036,0.428857,0.003177,-205.027352,3.181019,1396041.911853,1161964.170775,2307282.233529,207665.745832,1090450.698175,367.162821,98.311356,209.664015,30.095313,36.114376,85.270054,23.073073,49.155678,7.022240,8.025417,522.655272,140.444795,298.946777,43.136616,51.162032,3.000000,2.000000,3.000000,0.000000,1.000000,0.000000,1.000000,2.000000,0.000000,1.000000,0.000000,1.000000,3.000000,0.000000,1.000000,1553.000000,438.000000,932.000000,136.000000,161.000000,5.000000,
0.049403,0.998467,0.144800,0.136036,0.428857,0.003177,-205.027352,3.181019,1396041.911853,1161964.170775,2307282.233529,207665.745832,1090450.698175,367.162821,98.311356,209.664015,30.095313,36.114376,85.270054,23.073073,49.155678,7.022240,8.025417,522.655272,140.444795,298.946777,43.136616,51.162032,3.000000,2.000000,3.000000,0.000000,1.000000,0.000000,1.000000,2.000000,0.000000,1.000000,0.000000,1.000000,3.000000,0.000000,1.000000,1553.000000,438.000000,932.000000,136.000000,161.000000,5.000000,
0.049403,0.998467,0.144800,0.136036,0.428857,0.003177,-205.027352,3.181019,1396041.911853,1161964.170775,2307282.233529,207665.745832,1090450.698175,367.162821,98.311356,209.664015,30.095313,36.114376,85.270054,23.073073,49.155678,7.022240,8.025417,522.655272,140.444795,298.946777,43.136616,51.162032,3.000000,2.000000,3.000000,0.000000,1.000000,0.000000,1.000000,2.000000,0.000000,1.000000,0.000000,1.000000,3.000000,0.000000,1.000000,1553.000000,438.000000,932.000000,136.000000,161.000000,5.000000,
0.049403,0.998467,0.144800,0.136036,0.428857,0.003177,-205.027352,3.181019,1396041.911853,1161964.170775,2307282.233529,207665.745832,1090450.698175,367.162821,98.311356,209.664015,30.095313,36.114376,85.270054,23.073073,49.155678,7.022240,8.025417,522.655272,140.444795,298.946777,43.136616,51.162032,3.000000,2.000000,3.000000,0.000000,1.000000,0.000000,1.000000,2.000000,0.000000,1.000000,0.000000,1.000000,3.000000,0.000000,1.000000,1553.000000,438.000000,932.000000,136.000000,161.000000,5.000000,
0.049403,0.998467,0.144800,0.136036,0.428857,0.003177,-205.027352,3.181019,1396041.911853,1161964.170775,2307282.233529,207665.745832,1090450.698175,367.162821,98.311356,209.664015,30.095313,36.114376,85.270054,23.073073,49.155678,7.022240,8.025417,522.655272,140.444795,298.946777,43.136616,51.162032,3.000000,2.000000,3.000000,0.000000,1.000000,0.000000,1.000000,2.000000,0.000000,1.000000,0.000000,1.000000,3.000000,0.000000,1.000000,1553.000000,438.000000,932.000000,136.000000,161.000000,5.000000,
0.049403,0.998467,0.144800,0.136036,0.428857,0.003177,-205.027352,3.181019,1396041.911853,1161964.170775,2307282.233529,207665.745832,1090450.698175,367.162821,98.311356,209.664015,30.095313,36.114376,85.270054,23.073073,49.155678,7.022240,8.025417,522.655272,140.444795,298.946777,43.136616,51.162032,3.000000,2.000000,3.000000,0.000000,1.000000,0.000000,1.000000,2.000000,0.000000,1.000000,0.000000,1.000000,3.000000,0.000000,1.000000,1553.000000,438.000000,932.000000,136.000000,161.000000,5.000000,
0.049403,0.998467,0.144800,0.136036,0.428857,0.003177,-205.027352,3.181019,1396041.911853,1161964.170775,2307282.233529,207665.745832,1090450.698175,367.162821,98.311356,209.664015,30.095313,36.114376,85.270054,23.073073,49.155678,7.022240,8.025417,522.655272,140.444795,298.946777,43.136616,51.162032,3.000000,2.000000,3.000000,0.000000,1.000000,0.000000,1.000000,2.000000,0.000000,1.000000,0.000000,1.000000,3.000000,0.000000,1.000000,1553.000000,438.000000,932.000000,136.000000,161.000000,5.000000,
0.049403,0.998467,0.144800,0.136036,0.428857,0.003177,-205.027352,3.181019,1396041.911853,1161964.170775,2307282.233529,207665.745832,1090450.698175,367.162821,98.311356,209.664015,30.095313,36.114376,85.270054,23.073073,49.155678,7.022240,8.025417,522.655272,140.444795,298.946777,43.136616,51.162032,3.000000,2.000000,3.000000,0.000000,1.000000,0.000000,1.000000,2.000000,0.000000,1.000000,0.000000,1.000000,3.000000,0.000000,1.000000,1553.000000,438.000000,932.000000,136.000000,161.000000,5.000000,
0.049403,0.998467,0.144800,0.136036,0.428857,0.003177,-205.027352,3.181019,1396041.911853,1161964.170775,2307282.233529,207665.745832,1090450.698175,367.162821,98.311356,209.664015,30.095313,36.114376,85.270054,23.073073,49.155678,7.022240,8.025417,522.655272,140.444795,298.946777,43.136616,51.162032,3.000000,2.000000,3.000000,0.000000,1.000000,0.000000,1.000000,2.000000,0.000000,1.000000,0.000000,1.000000,3.000000,0.000000,1.000000,1553.000000,438.000000,932.000000,136.000000,161.000000,5.000000,
0.049403,0.998467,0.144800,0.136036,0.428857,0.003177,-205.027352,3.181019,1396041.911853,1161964.170775,2307282.233529,207665.745832,1090450.698175,367.162821,98.311356,209.664015,30.095313,36.114376,85.270054,23.073073,49.155678,7.022240,8.025417,522.655272,140.444795,298.946777,43.136616,51.162032,3.000000,2.000000,3.000000,0.000000,1.000000,0.000000,1.000000,2.000000,0.000000,1.000000,0.000000,1.000000,3.000000,0.000000,1.000000,1553.000000,438.000000,932.000000,136.000000,161.000000,5.000000,
0.049403,0.998467,0.144800,0.136036,0.428857,0.003177,-205.027352,3.181019,1396041.911853,1161964.170775,2307282.233529,207665.745832,1090450.698175,367.162821,98.311356,209.664015,30.095313,36.114376,85.270054,23.073073,49.155678,7.022240,8.025417,522.655272,140.444795,298.946777,43.136616,51.162032,3.000000,2.000000,3.000000,0.000000,1.000000,0.000000,1.000000,2.000000,0.000000,1.000000,0.000000,1.000000,3.000000,0.000000,1.000000,1553.000000,438.000000,932.000000,136.000000,161.000000,5.000000,
0.049403,0.998467,0.144800,0.136036,0.428857,0.003177,-205.027352,3.181019,1396041.911853,1161964.170775,2307282.233529,207665.745832,1090450.698175,367.162821,98.311356,209.664015,30.095313,36.114376,85.270054,23.073073,49.155678,7.022240,8.025417,522.655272,140.444795,298.946777,43.136616,51.162032,3.000000,2.000000,3.000000,0.000000,1.000000,0.000000,1.000000,2.000000,0.000000,1.000000,0.000000,1.000000,3.000000,0.000000,1.000000,1553.000000,438.000000,932.000000,136.000000,161.000000,5.000000,
0.049403,0.998467,0.144800,0.136036,0.428857,0.003177,-205.027352,3.181019,1396041.911853,1161964.170775,2307282.233529,207665.745832,1090450.698175,367.162821,98.311356,209.664015,30.095313,36.114376,85.270054,23.073073,49.155678,7.022240,8.025417,522.655272,140.444795,298.946777,43.136616,51.162032,3.000000,2.000000,3.000000,0.000000,1.000000,0.000000,1.000000,2.000000,0.000000,1.000000,0.000000,1.000000,3.000000,0.000000,1.000000,1553.000000,438.000000,932.000000,136.000000,161.000000,5.000000,
0.049403,0.998467,0.144800,0.136036,0.428857,0.003177,-205.027352,3.181019,1396041.911853,1161964.170775,2307282.233529,207665.745832,1090450.698175,367.162821,98.311356,209.664015,30.095313,36.114376,85.270054,23.073073,49.155678,7.022240,8.025417,522.655272,140.444795,298.946777,43.136616,51.162032,3.000000,2.000000,3.000000,0.000000,1.000000,0.000000,1.000000,2.000000,0.000000,1.000000,0.000000,1.000000,3.000000,0.000000,1.000000,1553.000000,438.000000,932.000000,136.000000,161.000000,5.000000,
0.049403,0.998467,0.144800,0.136036,0.428857,0.003177,-205.027352,3.181019,1396041.911853,1161964.170775,2307282.233529,207665.745832,1090450.698175,367.162821,98.311356,209.664015,30.095313,36.114376,85.270054,23.073073,49.155678,7.022240,8.025417,522.655272,140.444795,298.946777,43.136616,51.162032,3.000000,2.000000,3.000000,0.000000,1.000000,0.000000,1.000000,2.000000,0.000000,1.000000,0.000000,1.000000,3.000000,0.000000,1.000000,1553.000000,438.000000,932.000000,136.000000,161.000000,5.000000,
0.049403,0.998467,0.144800,0.136036,0.428857,0.003177,-205.027352,3.181019,1396041.911853,1161964.170775,2307282.233529,207665.745832,1090450.698175,367.162821,98.311356,209.664015,30.095313,36.114376,85.270054,23.073073,49.155678,7.022240,8.025417,522.655272,140.444795,298.946777,43.136616,51.162032,3.000000,2.000000,3.000000,0.000000,1.000000,0.000000,1.000000,2.000000,0.000000,1.000000,0.000000,1.000000,3.000000,0.000000,1.000000,1553.000000,438.000000,932.000000,136.000000,161.000000,5.000000,
0.049403,0.998467,0.144800,0.136036,0.428857,0.003177,-205.027352,3.181019,1396041.911853,1161964.170775,2307282.233529,207665.745832,1090450.698175,367.162821,98.311356,209.664015,30.095313,36.114376,85.270054,23.073073,49.155678,7.022240,8.025417,522.655272,140.444795,298.946777,43.136616,51.162032,3.000000,2.000000,3.000000,0.000000,1.000000,0.000000,1.000000,2.000000,0.000000,1.000000,0.000000,1.000000,3.000000,0.000000,1.000000,1553.000000,438.000000,932.000000,136.000000,161.000000,5.000000,
0.049403,0.998467,0.144800,0.136036,0.428857,0.003177,-205.027352,3.181019,1396041.911853,1161964.170775,2307282.233529,207665.745832,1090450.698175,367.162821,98.311356,209.664015,30.095313,36.114376,85.270054,23.073073,49.155678,7.022240,8.025417,522.655272,140.444795,298.946777,43.136616,51.162032,3.000000,2.000000,3.000000,0.000000,1.000000,0.000000,1.000000,2.000000,0.000000,1.000000,0.000000,1.000000,3.000000,0.000000,1.000000,1553.000000,438.000000,932.000000,136.000000,161.000000,5.000000,
0.049403,0.998467,0.144800,0.136036,0.428857,0.003177,-205.027352,3.181019,1396041.911853,1161964.170775,2307282.233529,207665.745832,1090450.698175,367.162821,98.311356,209.664015,30.095313,36.114376,85.270054,23.073073,49.155678,7.022240,8.025417,522.655272,140.444795,298.946777,43.136616,51.162032,3.000000,2.000000,3.000000,0.000000,1.000000,0.000000,1.000000,2.000000,0.000000,1.000000,0.000000,1.000000,3.000000,0.000000,1.000000,1553.000000,438.000000,932.000000,136.000000,161.000000,5.000000,
0.049403,0.998467,0.144800,0.136036,0.428857,0.003177,-205.027352,3.181019,1396041.911853,1161964.170775,2307282.233529,207665.745832,1090450.698175,367.162821,98.311356,209.664015,30.095313,36.114376,85.270054,23.073073,49.155678,7.022240,8.025417,522.655272,140.444795,298.946777,43.136616,51.162032,3.000000,2.000000,3.000000,0.000000,1.000000,0.000000,1.000000,2.000000,0.000000,1.000000,0.000000,1.000000,3.000000,0.000000,1.000000,1553.000000,438.000000,932.000000,136.000000,161.000000,5.000000,
0.049403,0.998467,0.144800,0.136036,0.428857,0.003177,-205.027352,3.181019,1396041.911853,1161964.170775,2307282.233529,207665.745832,1090450.698175,367.162821,98.311356,209.664015,30.095313,36.114376,85.270054,23.073073,49.155678,7.022240,8.025417,522.655272,140.444795,298.946777,43.136616,51.162032,3.000000,2.000000,3.000000,0.000000,1.000000,0.000000,1.000000,2.000000,0.000000,1.000000,0.000000,1.000000,3.000000,0.000000,1.000000,1553.000000,438.000000,932.000000,136.000000,161.000000,5.000000,
0.049403,0.998467,0.144800,0.136036,0.428857,0.003177,-205.027352,3.181019,1396041.911853,1161964.170775,2307282.233529,207665.745832,1090450.698175,367.162821,98.311356,209.664015,30.095313,36.114376,85.270054,23.073073,49.155678,7.022240,8.025417,522.655272,140.444795,298.946777,43.136616,51.162032,3.000000,2.000000,3.000000,0.000000,1.000000,0.000000,1.000000,2.000000,0.000000,1.000000,0.000000,1.000000,3.000000,0.000000,1.000000,1553.000000,438.000000,932.000000,136.000000,161.000000,5.000000,
0.049403,0.998467,0.144800,0.136036,0.428857,0.003177,-205.027352,3.181019,1396041.911853,1161964.170775,2307282.233529,207665.745832,1090450.698175,367.162821,98.311356,209.664015,30.095313,36.114376,85.270054,23.073073,49.155678,7.022240,8.025417,522.655272,140.444795,298.946777,43.136616,51.162032,3.000000,2.000000,3.000000,0.000000,1.000000,0.000000,1.000000,2.000000,0.000000,1.000000,0.000000,1.000000,3.000000,0.000000,1.000000,1553.000000,438.000000,932.000000,136.000000,161.000000,5.000000,
0.049403,0.998467,0.144800,0.136036,0.428857,0.003177,-205.027352,3.181019,1396041.911853,1161964.170775,2307282.233529,207665.745832,1090450.698175,367.162821,98.311356,209.664015,30.095313,36.114376,85.270054,23.073073,49.155678,7.022240,8.025417,522.655272,140.444795,298.946777,43.136616,51.162032,3.000000,2.000000,3.000000,0.000000,1.000000,0.000000,1.000000,2.000000,0.000000,1.000000,0.000000,1.000000,3.000000,0.000000,1.000000,1553.000000,438.000000,932.000000,136.000000,161.000000,5.000000,
0.049403,0.998467,0.144800,0.136036,0.428857,0.003177,-205.027352,3.181019,1396041.911853,1161964.170775,2307282.233529,207665.745832,1090450.698175,367.162821,98.311356,209.664015,30.095313,36.114376,85.270054,23.073073,49.155678,7.022240,8.025417,522.655272,140.444795,298.946777,43.136616,51.162032,3.000000,2.000000,3.000000,0.000000,1.000000,0.000000,1.000000,2.000000,0.000000,1.000000,0.000000,1.000000,3.000000,0.000000,1.000000,1553.000000,438.000000,932.000000,136.000000,161.000000,5.000000,
0.049403,0.998467,0.144800,0.136036,0.428857,0.003177,-205.027352,3.181019,1396041.911853,1161964.170775,2307282.233529,207665.745832,1090450.698175,367.162821,98.311356,209.664015,30.095313,36.114376,85.270054,23.073073,49.155678,7.022240,8.025417,522.655272,140.444795,298.946777,43.136616,51.162032,3.000000,2.000000,3.000000,0.000000,1.000000,0.000000,1.000000,2.000000,0.000000,1.000000,0.000000,1.000000,3.000000,0.000000,1.000000,1553.000000,438.000000,932.000000,136.000000,161.000000,5.000000,
0.049403,0.998467,0.144800,0.136036,0.428857,0.003177,-205.027352,3.181019,1396041.911853,1161964.170775,2307282.233529,207665.745832,1090450.698175,367.162821,98.311356,209.664015,30.095313,36.114376,85.270054,23.073073,49.155678,7.022240,8.025417,522.655272,140.444795,298.946777,43.136616,51.162032,3.000000,2.000000,3.000000,0.000000,1.000000,0.000000,1.000000,2.000000,0.000000,1.000000,0.000000,1.000000,3.000000,0.000000,1.000000,1553.000000,438.000000,932.000000,136.000000,161.000000,5.000000,
0.049403,0.998467,0.144800,0.136036,0.428857,0.003177,-205.027352,3.181019,1396041.911853,1161964.170775,2307282.233529,207665.745832,1090450.698175,367.162821,98.311356,209.664015,30.095313,36.114376,85.270054,23.073073,49.155678,7.022240,8.025417,522.655272,140.444795,298.946777,43.136616,51.162032,3.000000,2.000000,3.000000,0.000000,1.000000,0.000000,1.000000,2.000000,0.000000,1.000000,0.000000,1.000000,3.000000,0.000000,1.000000,1553.000000,438.000000,932.000000,136.000000,161.000000,5.000000,
0.049403,0.998467,0.144800,0.136036,0.428857,0.003177,-205.027352,3.181019,1396041.911853,1161964.170775,2307282.233529,207665.745832,1090450.698175,367.162821,98.311356,209.664015,30.095313,36.114376,85.270054,23.073073,49.155678,7.022240,8.025417,522.655272,140.444795,298.946777,43.136616,51.162032,3.000000,2.000000,3.000000,0.000000,1.000000,0.000000,1.000000,2.000000,0.000000,1.000000,0.000000,1.000000,3.000000,0.000000,1.000000,1553.000000,438.000000,932.000000,136.000000,161.000000,5.000000,
0.049403,0.998467,0.144800,0.136036,0.428857,0.003177,-205.027352,3.181019,1396041.911853,1161964.170775,2307282.233529,207665.745832,1090450.698175,367.162821,98.311356,209.664015,30.095313,36.114376,85.270054,23.073073,49.155678,7.022240,8.025417,522.655272,140.444795,298.946777,43.136616,51.162032,3.000000,2.000000,3.000000,0.000000,1.000000,0.000000,1.000000,2.000000,0.000000,1.000000,0.000000,1.000000,3.000000,0.000000,1.000000,1553.000000,438.000000,932.000000,136.000000,161.000000,5.000000,
0.049403,0.998467,0.144800,0.136036,0.428857,0.003177,-205.027352,3.181019,1396041.911853,1161964.170775,2307282.233529,207665.745832,1090450.698175,367.162821,98.311356,209.664015,30.095313,36.114376,85.270054,23.073073,49.155678,7.022240,8.025417,522.655272,140.444795,298.946777,43.136616,51.162032,3.000000,2.000000,3.000000,0.000000,1.000000,0.000000,1.000000,2.000000,0.000000,1.000000,0.000000,1.000000,3.000000,0.000000,1.000000,1553.000000,438.000000,932.000000,136.000000,161.000000,5.000000,
0.049403,0.998467,0.144800,0.136036,0.428857,0.003177,-205.027352,3.181019,1396041.911853,1161964.170775,2307282.233529,207665.745832,1090450.698175,367.162821,98.311356,209.664015,30.095313,36.114376,85.270054,23.073073,49.155678,7.022240,8.025417,522.655272,140.444795,298.946777,43.136616,51.162032,3.000000,2.000000,3.000000,0.000000,1.000000,0.000000,1.000000,2.000000,0.000000,1.000000,0.000000,1.000000,3.000000,0.000000,1.000000,1553.000000,438.000000,932.000000,136.000000,161.000000,5.000000,
0.049435,0.996038,0.144754,0.132130,0.433376,0.004566,-205.441275,3.182966,1396040.561971,1161963.808307,2307281.461374,207665.634730,1090450.566242,367.671110,98.447456,209.954268,30.136976,36.164371,85.388099,23.105015,49.223728,7.031961,8.036527,523.378820,140.639222,299.360630,43.196333,51.232860,3.000000,2.000000,3.000000,0.000000,1.000000,0.000000,1.000000,2.000000,0.000000,1.000000,0.000000,1.000000,3.000000,0.000000,1.000000,1553.000000,438.000000,932.000000,136.000000,161.000000,5.000000,
0.049435,0.996038,0.144754,0.132130,0.433376,0.004566,-205.441275,3.182966,1396040.561971,1161963.808307,2307281.461374,207665.634730,1090450.566242,367.671110,98.447456,209.954268,30.136976,36.164371,85.388099,23.105015,49.223728,7.031961,8.036527,523.378820,140.639222,299.360630,43.196333,51.232860,3.000000,2.000000,3.000000,0.000000,1.000000,0.000000,1.000000,2.000000,0.000000,1.000000,0.000000,1.000000,3.000000,0.000000,1.000000,1553.000000,438.000000,932.000000,136.000000,161.000000,5.000000,
0.049435,0.996038,0.144754,0.132130,0.433376,0.004566,-205.441275,3.182966,1396040.561971,1161963.808307,2307281.461374,207665.634730,1090450.566242,367.671110,98.447456,209.954268,30.136976,36.164371,85.388099,23.105015,49.223728,7.031961,8.036527,523.378820,140.639222,299.360630,43.196333,51.232860,3.000000,2.000000,3.000000,0.000000,1.000000,0.000000,1.000000,2.000000,0.000000,1.000000,0.000000,1.000000,3.000000,0.000000,1.000000,1553.000000,438.000000,932.000000,136.000000,161.000000,5.000000,
0.049435,0.996038,0.144754,0.132130,0.433376,0.004566,-205.441275,3.182966,1396040.561971,1161963.808307,2307281.461374,207665.634730,1090450.566242,367.671110,98.447456,209.954268,30.136976,36.164371,85.388099,23.105015,49.223728,7.031961,8.036527,523.378820,140.639222,299.360630,43.196333,51.232860,3.000000,2.000000,3.000000,0.000000,1.000000,0.000000,1.000000,2.000000,0.000000,1.000000,0.000000,1.000000,3.000000,0.000000,1.000000,1553.000000,438.000000,932.000000,136.000000,161.000000,5.000000,
0.049435,0.996038,0.144754,0.132130,0.433376,0.004566,-205.441275,3.182966,1396040.561971,1161963.808307,2307281.461374,207665.634730,1090450.566242,367.671110,98.447456,209.954268,30.136976,36.164371,85.388099,23.105015,49.223728,7.031961,8.036527,523.378820,140.639222,299.360630,43.196333,51.232860,3.000000,2.000000,3.000000,0.000000,1.000000,0.000000,1.000000,2.000000,0.000000,1.000000,0.000000,1.000000,3.000000,0.000000,1.000000,1553.000000,438.000000,932.000000,136.000000,161.000000,5.000000,
0.049435,0.996038,0.144754,0.132130,0.433376,0.004566,-205.441275,3.182966,1396040.561971,1161963.808307,2307281.461374,207665.634730,1090450.566242,367.671110,98.447456,209.954268,30.136976,36.164371,85.388099,23.105015,49.223728,7.031961,8.036527,523.378820,140.639222,299.360630,43.196333,51.232860,3.000000,2.000000,3.000000,0.000000,1.000000,0.000000,1.000000,2.000000,0.000000,1.000000,0.000000,1.000000,3.000000,0.000000,1.000000,1553.000000,438.000000,932.000000,136.000000,161.000000,5.000000,
0.049435,0.996038,0.144754,0.132130,0.433376,0.004566,-205.441275,3.182966,1396040.561971,1161963.808307,2307281.461374,207665.634730,1090450.566242,367.671110,98.447456,209.954268,30.136976,36.164371,85.388099,23.105015,49.223728,7.031961,8.036527,523.378820,140.639222,299.360630,43.196333,51.232860,3.000000,2.000000,3.000000,0.000000,1.000000,0.000000,1.000000,2.000000,0.000000,1.000000,0.000000,1.000000,3.000000,0.000000,1.000000,1553.000000,438.000000,932.000000,136.000000,161.000000,5.000000,
0.049435,0.996038,0.144754,0.132130,0.433376,0.004566,-205.441275,3.182966,1396040.561971,1161963.808307,2307281.461374,207665.634730,1090450.566242,367.671110,98.447456,209.954268,30.136976,36.164371,85.388099,23.105015,49.223728,7.031961,8.036527,523.378820,140.639222,299.360630,43.196333,51.232860,3.000000,2.000000,3.000000,0.000000,1.000000,0.000000,1.000000,2.000000,0.000000,1.000000,0.000000,1.000000,3.000000,0.000000,1.000000,1553.000000,438.000000,932.000000,136.000000,161.000000,5.000000,
0.049435,0.996038,0.144754,0.132130,0.433376,0.004566,-205.441275,3.182966,1396040.561971,1161963.808307,2307281.461374,207665.634730,1090450.566242,367.671110,98.447456,209.954268,30.136976,36.164371,85.388099,23.105015,49.223728,7.031961,8.036527,523.378820,140.639222,299.360630,43.196333,51.232860,3.000000,2.000000,3.000000,0.000000,1.000000,0.000000,1.000000,2.000000,0.000000,1.000000,0.000000,1.000000,3.000000,0.000000,1.000000,1553.000000,438.000000,932.000000,136.000000,161.000000,5.000000,
0.049435,0.996038,0.144754,0.132130,0.433376,0.004566,-205.441275,3.182966,1396040.561971,1161963.808307,2307281.461374,207665.634730,1090450.566242,367.671110,98.447456,209.954268,30.136976,36.164371,85.388099,23.105015,49.223728,7.031961,8.036527,523.378820,140.639222,299.360630,43.196333,51.232860,3.000000,2.000000,3.000000,0.000000,1.000000,0.000000,1.000000,2.000000,0.000000,1.000000,0.000000,1.000000,3.000000,0.000000,1.000000,1553.000000,438.000000,932.000000,136.000000,161.000000,5.000000,
0.049435,0.996038,0.144754,0.132130,0.433376,0.004566,-205.441275,3.182966,1396040.561971,1161963.808307,2307281.461374,207665.634730,1090450.566242,367.671110,98.447456,209.954268,30.136976,36.164371,85.388099,23.105015,49.223728,7.031961,8.036527,523.378820,140.639222,299.360630,43.196333,51.232860,3.000000,2.000000,3.000000,0.000000,1.000000,0.000000,1.000000,2.000000,0.000000,1.000000,0.000000,1.000000,3.000000,0.000000,1.000000,1553.000000,438.000000,932.000000,136.000000,161.000000,5.000000,
0.049442,0.999933,0.144311,0.116153,0.473168,0.004012,-204.410061,3.182442,1396041.100595,1161963.952937,2307281.769476,207665.679061,1090450.618885,367.468295,98.393150,209.838452,30.120352,36.144422,85.340997,23.092270,49.196575,7.028082,8.032094,523.090113,140.561643,299.195497,43.172505,51.204598,3.000000,2.000000,3.000000,0.000000,1.000000,0.000000,1.000000,2.000000,0.000000,1.000000,0.000000,1.000000,3.000000,0.000000,1.000000,1553.000000,438.000000,932.000000,136.000000,161.000000,5.000000,
0.049442,0.999933,0.144311,0.116153,0.473168,0.004012,-204.410061,3.182442,1396041.100595,1161963.952937,2307281.769476,207665.679061,1090450.618885,367.468295,98.393150,209.838452,30.120352,36.144422,85.340997,23.092270,49.196575,7.028082,8.032094,523.090113,140.561643,299.195497,43.172505,51.204598,3.000000,2.000000,3.000000,0.000000,1.000000,0.000000,1.000000,2.000000,0.000000,1.000000,0.000000,1.000000,3.000000,0.000000,1.000000,1553.000000,438.000000,932.000000,136.000000,161.000000,5.000000,
0.049442,0.999933,0.144311,0.116153,0.473168,0.004012,-204.410061,3.182442,1396041.100595,1161963.952937,2307281.769476,207665.679061,1090450.618885,367.468295,98.393150,209.838452,30.120352,36.144422,85.340997,23.092270,49.196575,7.028082,8.032094,523.090113,140.561643,299.195497,43.172505,51.204598,3.000000,2.000000,3.000000,0.000000,1.000000,0.000000,1.000000,2.000000,0.000000,1.000000,0.000000,1.000000,3.000000,0.000000,1.000000,1553.000000,438.000000,932.000000,136.000000,161.000000,5.000000,
0.049442,0.999933,0.144311,0.116153,0.473168,0.004012,-204.410061,3.182442,1396041.100595,1161963.952937,2307281.769476,207665.679061,1090450.618885,367.468295,98.393150,209.838452,30.120352,36.144422,85.340997,23.092270,49.196575,7.028082,8.032094,523.090113,140.561643,299.195497,43.172505,51.204598,3.000000,2.000000,3.000000,0.000000,1.000000,0.000000,1.000000,2.000000,0.000000,1.000000,0.000000,1.000000,3.000000,0.000000,1.000000,1553.000000,438.000000,932.000000,136.000000,161.000000,5.000000,
0.049442,0.999092,0.143893,0.108329,0.495561,0.004094,-204.592437,3.181465,1396041.020216,1161963.931354,2307281.723498,207665.672446,1090450.611029,367.498561,98.401254,209.855735,30.122833,36.147399,85.348026,23.094172,49.200627,7.028661,8.032755,523.133197,140.573220,299.220139,43.176060,51.208816,3.000000,2.000000,3.000000,0.000000,1.000000,0.000000,1.000000,2.000000,0.000000,1.000000,0.000000,1.000000,3.000000,0.000000,1.000000,1553.000000,438.000000,932.000000,136.000000,161.000000,5.000000,
0.049442,0.999092,0.143893,0.108329,0.495561,0.004094,-204.592437,3.181465,1396041.020216,1161963.931354,2307281.723498,207665.672446,1090450.611029,367.498561,98.401254,209.855735,30.122833,36.147399,85.348026,23.094172,49.200627,7.028661,8.032755,523.133197,140.573220,299.220139,43.176060,51.208816,3.000000,2.000000,3.000000,0.000000,1.000000,0.000000,1.000000,2.000000,0.000000,1.000000,0.000000,1.000000,3.000000,0.000000,1.000000,1553.000000,438.000000,932.000000,136.000000,161.000000,5.000000,
0.049442,0.999092,0.143893,0.108329,0.495561,0.004094,-204.592437,3.181465,1396041.020216,1161963.931354,2307281.723498,207665.672446,1090450.611029,367.498561,98.401254,209.855735,30.122833,36.147399,85.348026,23.094172,49.200627,7.028661,8.032755,523.133197,140.573220,299.220139,43.176060,51.208816,3.000000,2.000000,3.000000,0.000000,1.000000,0.000000,1.000000,2.000000,0.000000,1.000000,0.000000,1.000000,3.000000,0.000000,1.000000,1553.000000,438.000000,932.000000,136.000000,161.000000,5.000000,
0.049442,0.999092,0.143893,0.108329,0.495561,0.004094,-204.592437,3.181465,1396041.020216,1161963.931354,2307281.723498,207665.672446,1090450.611029,367.498561,98.401254,209.855735,30.122833,36.147399,85.348026,23.094172,49.200627,7.028661,8.032755,523.133197,140.573220,299.220139,43.176060,51.208816,3.000000,2.000000,3.000000,0.000000,1.000000,0.000000,1.000000,2.000000,0.000000,1.000000,0.000000,1.000000,3.000000,0.000000,1.000000,1553.000000,438.000000,932.000000,136.000000,161.000000,5.000000,
0.049442,0.999092,0.143893,0.108329,0.495561,0.004094,-204.592437,3.181465,1396041.020216,1161963.931354,2307281.723498,207665.672446,1090450.611029,367.498561,98.401254,209.855735,30.122833,36.147399,85.348026,23.094172,49.200627,7.028661,8.032755,523.133197,140.573220,299.220139,43.176060,51.208816,3.000000,2.000000,3.000000,0.000000,1.000000,0.000000,1.000000,2.000000,0.000000,1.000000,0.000000,1.000000,3.000000,0.000000,1.000000,1553.000000,438.000000,932.000000,136.000000,161.000000,5.000000,
0.049442,0.999092,0.143893,0.108329,0.495561,0.004094,-204.592437,3.181465,1396041.020216,1161963.931354,2307281.723498,207665.672446,1090450.611029,367.498561,98.401254,209.855735,30.122833,36.147399,85.348026,23.094172,49.200627,7.028661,8.032755,523.133197,140.573220,299.220139,43.176060,51.208816,3.000000,2.000000,3.000000,0.000000,1.000000,0.000000,1.000000,2.000000,0.000000,1.000000,0.000000,1.000000,3.000000,0.000000,1.000000,1553.000000,438.000000,932.000000,136.000000,161.000000,5.000000,
0.049442,0.999092,0.143893,0.108329,0.495561,0.004094,-204.592437,3.181465,1396041.020216,1161963.931354,2307281.723498,207665.672446,1090450.611029,367.498561,98.401254,209.855735,30.122833,36.147399,85.348026,23.094172,49.200627,7.028661,8.032755,523.133197,140.573220,299.220139,43.176060,51.208816,3.000000,2.000000,3.000000,0.000000,1.000000,0.000000,1.000000,2.000000,0.000000,1.000000,0.000000,1.000000,3.000000,0.000000,1.000000,1553.000000,438.000000,932.000000,136.000000,161.000000,5.000000,
0.049442,0.999092,0.143893,0.108329,0.495561,0.004094,-204.592437,3.181465,1396041.020216,1161963.931354,2307281.723498,207665.672446,1090450.611029,367.498561,98.401254,209.855735,30.122833,36.147399,85.348026,23.094172,49.200627,7.028661,8.032755,523.133197,140.573220,299.220139,43.176060,51.208816,3.000000,2.000000,3.000000,0.000000,1.000000,0.000000,1.000000,2.000000,0.000000,1.000000,0.000000,1.000000,3.000000,0.000000,1.000000,1553.000000,438.000000,932.000000,136.000000,161.000000,5.000000,
0.049442,0.999092,0.143893,0.108329,0.495561,0.004094,-204.592437,3.181465,1396041.020216,1161963.931354,2307281.723498,207665.672446,1090450.611029,367.498561,98.401254,209.855735,30.122833,36.147399,85.348026,23.094172,49.200627,7.028661,8.032755,523.133197,140.573220,299.220139,43.176060,51.208816,3.000000,2.000000,3.000000,0.000000,1.000000,0.000000,1.000000,2.000000,0.000000,1.000000,0.000000,1.000000,3.000000,0.000000,1.000000,1553.000000,438.000000,932.000000,136.000000,161.000000,5.000000,
0.049442,0.999092,0.143893,0.108329,0.495561,0.004094,-204.592437,3.181465,1396041.020216,1161963.931354,2307281.723498,207665.672446,1090450.611029,367.498561,98.401254,209.855735,30.122833,36.147399,85.348026,23.094172,49.200627,7.028661,8.032755,523.133197,140.573220,299.220139,43.176060,51.208816,3.000000,2.000000,3.000000,0.000000,1.000000,0.000000,1.000000,2.000000,0.000000,1.000000,0.000000,1.000000,3.000000,0.000000,1.000000,1553.000000,438.000000,932.000000,136.000000,161.000000,5.000000,
0.049442,0.999092,0.143893,0.108329,0.495561,0.004094,-204.592437,3.181465,1396041.020216,1161963.931354,2307281.723498,207665.672446,1090450.611029,367.498561,98.401254,209.855735,30.122833,36.147399,85.348026,23.094172,49.200627,7.028661,8.032755,523.133197,140.573220,299.220139,43.176060,51.208816,3.000000,2.000000,3.000000,0.000000,1.000000,0.000000,1.000000,2.000000,0.000000,1.000000,0.000000,1.000000,3.000000,0.000000,1.000000,1553.000000,438.000000,932.000000,136.000000,161.000000,5.000000,
0.049442,0.999092,0.143893,0.108329,0.495561,0.004094,-204.592437,3.181465,1396041.020216,1161963.931354,2307281.723498,207665.672446,1090450.611029,367.498561,98.401254,209.855735,30.122833,36.147399,85.348026,23.094172,49.200627,7.028661,8.032755,523.133197,140.573220,299.220139,43.176060,51.208816,3.000000,2.000000,3.000000,0.000000,1.000000,0.000000,1.000000,2.000000,0.000000,1.000000,0.000000,1.000000,3.000000,0.000000,1.000000,1553.000000,438.000000,932.000000,136.000000,161.000000,5.000000,
0.049442,0.999092,0.143893,0.108329,0.495561,0.004094,-204.592437,3.181465,1396041.020216,1161963.931354,2307281.723498,207665.672446,1090450.611029,367.498561,98.401254,209.855735,30.122833,36.147399,85.348026,23.094172,49.200627,7.028661,8.032755,523.133197,140.573220,299.220139,43.176060,51.208816,3.000000,2.000000,3.000000,0.000000,1.000000,0.000000,1.000000,2.000000,0.000000,1.000000,0.000000,1.000000,3.000000,0.000000,1.000000,1553.000000,438.000000,932.000000,136.000000,161.000000,5.000000,
0.049442,0.999092,0.143893,0.108329,0.495561,0.004094,-204.592437,3.181465,1396041.020216,1161963.931354,2307281.723498,207665.672446,1090450.611029,367.498561,98.401254,209.855735,30.122833,36.147399,85.348026,23.094172,49.200627,7.028661,8.032755,523.133197,140.573220,299.220139,43.176060,51.208816,3.000000,2.000000,3.000000,0.000000,1.000000,0.000000,1.000000,2.000000,0.000000,1.000000,0.000000,1.000000,3.000000,0.000000,1.000000,1553.000000,438.000000,932.000000,136.000000,161.000000,5.000000,
0.049442,0.999092,0.143893,0.108329,0.495561,0.004094,-204.592437,3.181465,1396041.020216,1161963.931354,2307281.723498,207665.672446,1090450.611029,367.498561,98.401254,209.855735,30.122833,36.147399,85.348026,23.094172,49.200627,7.028661,8.032755,523.133197,140.573220,299.220139,43.176060,51.208816,3.000000,2.000000,3.000000,0.000000,1.000000,0.000000,1.000000,2.000000,0.000000,1.000000,0.000000,1.000000,3.000000,0.000000,1.000000,1553.000000,438.000000,932.000000,136.000000,161.000000,5.000000,
0.049442,0.999092,0.143893,0.108329,0.495561,0.004094,-204.592437,3.181465,1396041.020216,1161963.931354,2307281.723498,207665.672446,1090450.611029,367.498561,98.401254,209.855735,30.122833,36.147399,85.348026,23.094172,49.200627,7.028661,8.032755,523.133197,140.573220,299.220139,43.176060,51.208816,3.000000,2.000000,3.000000,0.000000,1.000000,0.000000,1.000000,2.000000,0.000000,1.000000,0.000000,1.000000,3.000000,0.000000,1.000000,1553.000000,438.000000,932.000000,136.000000,161.000000,5.000000,
0.049442,0.999092,0.143893,0.108329,0.495561,0.004094,-204.592437,3.181465,1396041.020216,1161963.931354,2307281.723498,207665.672446,1090450.611029,367.498561,98.401254,209.855735,30.122833,36.147399,85.348026,23.094172,49.200627,7.028661,8.032755,523.133197,140.573220,299.220139,43.176060,51.208816,3.000000,2.000000,3.000000,0.000000,1.000000,0.000000,1.000000,2.000000,0.000000,1.000000,0.000000,1.000000,3.000000,0.000000,1.000000,1553.000000,438.000000,932.000000,136.000000,161.000000,5.000000,
0.049442,0.999092,0.143893,0.108329,0.495561,0.004094,-204.592437,3.181465,1396041.020216,1161963.931354,2307281.723498,207665.672446,1090450.611029,367.498561,98.401254,209.855735,30.122833,36.147399,85.348026,23.094172,49.200627,7.028661,8.032755,523.133197,140.573220,299.220139,43.176060,51.208816,3.000000,2.000000,3.000000,0.000000,1.000000,0.000000,1.000000,2.000000,0.000000,1.000000,0.000000,1.000000,3.000000,0.000000,1.000000,1553.000000,438.000000,932.000000,136.000000,161.000000,5.000000,
0.049442,0.999092,0.143893,0.108329,0.495561,0.004094,-204.592437,3.181465,1396041.020216,1161963.931354,2307281.723498,207665.672446,1090450.611029,367.498561,98.401254,209.855735,30.122833,36.147399,85.348026,23.094172,49.200627,7.028661,8.032755,523.133197,140.573220,299.220139,43.176060,51.208816,3.000000,2.000000,3.000000,0.000000,1.000000,0.000000,1.000000,2.000000,0.000000,1.000000,0.000000,1.000000,3.000000,0.000000,1.000000,1553.000000,438.000000,932.000000,136.000000,161.000000,5.000000,
0.049442,0.999092,0.143893,0.108329,0.495561,0.004094,-204.592437,3.181465,1396041.020216,1161963.931354,2307281.723498,207665.672446,1090450.611029,367.498561,98.401254,209.855735,30.122833,36.147399,85.348026,23.094172,49.200627,7.028661,8.032755,523.133197,140.573220,299.220139,43.176060,51.208816,3.000000,2.000000,3.000000,0.000000,1.000000,0.000000,1.000000,2.000000,0.000000,1.000000,0.000000,1.000000,3.000000,0.000000,1.000000,1553.000000,438.000000,932.000000,136.000000,161.000000,5.000000,
0.049442,0.999092,0.143893,0.108329,0.495561,0.004094,-204.592437,3.181465,1396041.020216,1161963.931354,2307281.723498,207665.672446,1090450.611029,367.498561,98.401254,209.855735,30.122833,36.147399,85.348026,23.094172,49.200627,7.028661,8.032755,523.133197,140.573220,299.220139,43.176060,51.208816,3.000000,2.000000,3.000000,0.000000,1.000000,0.000000,1.000000,2.000000,0.000000,1.000000,0.000000,1.000000,3.000000,0.000000,1.000000,1553.000000,438.000000,932.000000,136.000000,161.000000,5.000000,
0.049442,0.999092,0.143893,0.108329,0.495561,0.004094,-204.592437,3.181465,1396041.020216,1161963.931354,2307281.723498,207665.672446,1090450.611029,367.498561,98.401254,209.855735,30.122833,36.147399,85.348026,23.094172,49.200627,7.028661,8.032755,523.133197,140.573220,299.220139,43.176060,51.208816,3.000000,2.000000,3.000000,0.000000,1.000000,0.000000,1.000000,2.000000,0.000000,1.000000,0.000000,1.000000,3.000000,0.000000,1.000000,1553.000000,438.000000,932.000000,136.000000,161.000000,5.000000,
0.049442,0.999092,0.143893,0.108329,0.495561,0.004094,-204.592437,3.181465,1396041.020216,1161963.931354,2307281.723498,207665.672446,1090450.611029,367.498561,98.401254,209.855735,30.122833,36.147399,85.348026,23.094172,49.200627,7.028661,8.032755,523.133197,140.573220,299.220139,43.176060,51.208816,3.000000,2.000000,3.000000,0.000000,1.000000,0.000000,1.000000,2.000000,0.000000,1.000000,0.000000,1.000000,3.000000,0.000000,1.000000,1553.000000,438.000000,932.000000,136.000000,161.000000,5.000000,
0.049442,0.999092,0.143893,0.108329,0.495561,0.004094,-204.592437,3.181465,1396041.020216,1161963.931354,2307281.723498,207665.672446,1090450.611029,367.498561,98.401254,209.855735,30.122833,36.147399,85.348026,23.094172,49.200627,7.028661,8.032755,523.133197,140.573220,299.220139,43.176060,51.208816,3.000000,2.000000,3.000000,0.000000,1.000000,0.000000,1.000000,2.000000,0.000000,1.000000,0.000000,1.000000,3.000000,0.000000,1.000000,1553.000000,438.000000,932.000000,136.000000,161.000000,5.000000,
0.049442,0.999092,0.143893,0.108329,0.495561,0.004094,-204.592437,3.181465,1396041.020216,1161963.931354,2307281.723498,207665.672446,1090450.611029,367.498561,98.401254,209.855735,30.122833,36.147399,85.348026,23.094172,49.200627,7.028661,8.032755,523.133197,140.573220,299.220139,43.176060,51.208816,3.000000,2.000000,3.000000,0.000000,1.000000,0.000000,1.000000,2.000000,0.000000,1.000000,0.000000,1.000000,3.000000,0.000000,1.000000,1553.000000,438.000000,932.000000,136.000000,161.000000,5.000000,
0.049442,0.999092,0.143893,0.108329,0.495561,0.004094,-204.592437,3.181465,1396041.020216,1161963.931354,2307281.723498,207665.672446,1090450.611029,367.498561,98.401254,209.855735,30.122833,36.147399,85.348026,23.094172,49.200627,7.028661,8.032755,523.133197,140.573220,299.220139,43.176060,51.208816,3.000000,2.000000,3.000000,0.000000,1.000000,0.000000,1.000000,2.000000,0.000000,1.000000,0.000000,1.000000,3.000000,0.000000,1.000000,1553.000000,438.000000,932.000000,136.000000,161.000000,5.000000,
0.049442,0.999092,0.143893,0.108329,0.495561,0.004094,-204.592437,3.181465,1396041.020216,1161963.931354,2307281.723498,207665.672446,1090450.611029,367.498561,98.401254,209.855735,30.122833,36.147399,85.348026,23.094172,49.200627,7.028661,8.032755,523.133197,140.573220,299.220139,43.176060,51.208816,3.000000,2.000000,3.000000,0.000000,1.000000,0.000000,1.000000,2.000000,0.000000,1.000000,0.000000,1.000000,3.000000,0.000000,1.000000,1553.000000,438.000000,932.000000,136.000000,161.000000,5.000000,
0.049442,0.999092,0.143893,0.108329,0.495561,0.004094,-204.592437,3.181465,1396041.020216,1161963.931354,2307281.723498,207665.672446,1090450.611029,367.498561,98.401254,209.855735,30.122833,36.147399,85.348026,23.094172,49.200627,7.028661,8.032755,523.133197,140.573220,299.220139,43.176060,51.208816,3.000000,2.000000,3.000000,0.000000,1.000000,0.000000,1.000000,2.000000,0.000000,1.000000,0.000000,1.000000,3.000000,0.000000,1.000000,1553.000000,438.000000,932.000000,136.000000,161.000000,5.000000,
0.049442,0.999092,0.143893,0.108329,0.495561,0.004094,-204.592437,3.181465,1396041.020216,1161963.931354,2307281.723498,207665.672446,1090450.611029,367.498561,98.401254,209.855735,30.122833,36.147399,85.348026,23.094172,49.200627,7.028661,8.032755,523.133197,140.573220,299.220139,43.176060,51.208816,3.000000,2.000000,3.000000,0.000000,1.000000,0.000000,1.000000,2.000000,0.000000,1.000000,0.000000,1.000000,3.000000,0.000000,1.000000,1553.000000,438.000000,932.000000,136.000000,161.000000,5.000000,
0.049442,0.999092,0.143893,0.108329,0.495561,0.004094,-204.592437,3.181465,1396041.020216,1161963.931354,2307281.723498,207665.672446,1090450.611029,367.498561,98.401254,209.855735,30.122833,36.147399,85.348026,23.094172,49.200627,7.028661,8.032755,523.133197,140.573220,299.220139,43.176060,51.208816,3.000000,2.000000,3.000000,0.000000,1.000000,0.000000,1.000000,2.000000,0.000000,1.000000,0.000000,1.000000,3.000000,0.000000,1.000000,1553.000000,438.000000,932.000000,136.000000,161.000000,5.000000,
0.049442,0.999092,0.143893,0.108329,0.495561,0.004094,-204.592437,3.181465,1396041.020216,1161963.931354,2307281.723498,207665.672446,1090450.611029,367.498561,98.401254,209.855735,30.122833,36.147399,85.348026,23.094172,49.200627,7.028661,8.032755,523.133197,140.573220,299.220139,43.176060,51.208816,3.000000,2.000000,3.000000,0.000000,1.000000,0.000000,1.000000,2.000000,0.000000,1.000000,0.000000,1.000000,3.000000,0.000000,1.000000,1553.000000,438.000000,932.000000,136.000000,161.000000,5.000000,
0.049442,0.999092,0.143893,0.108329,0.495561,0.004094,-204.592437,3.181465,1396041.020216,1161963.931354,2307281.723498,207665.672446,1090450.611029,367.498561,98.401254,209.855735,30.122833,36.147399,85.348026,23.094172,49.200627,7.028661,8.032755,523.133197,140.573220,299.220139,43.176060,51.208816,3.000000,2.000000,3.000000,0.000000,1.000000,0.000000,1.000000,2.000000,0.000000,1.000000,0.000000,1.000000,3.000000,0.000000,1.000000,1553.000000,438.000000,932.000000,136.000000,161.000000,5.000000,
0.049442,0.999092,0.143893,0.108329,0.495561,0.004094,-204.592437,3.181465,1396041.020216,1161963.931354,2307281.723498,207665.672446,1090450.611029,367.498561,98.401254,209.855735,30.122833,36.147399,85.348026,23.094172,49.200627,7.028661,8.032755,523.133197,140.573220,299.220139,43.176060,51.208816,3.000000,2.000000,3.000000,0.000000,1.000000,0.000000,1.000000,2.000000,0.000000,1.000000,0.000000,1.000000,3.000000,0.000000,1.000000,1553.000000,438.000000,932.000000,136.000000,161.000000,5.000000,
0.049442,0.999092,0.143893,0.108329,0.495561,0.004094,-204.592437,3.181465,1396041.020216,1161963.931354,2307281.723498,207665.672446,1090450.611029,367.498561,98.401254,209.855735,30.122833,36.147399,85.348026,23.094172,49.200627,7.028661,8.032755,523.133197,140.573220,299.220139,43.176060,51.208816,3.000000,2.000000,3.000000,0.000000,1.000000,0.000000,1.000000,2.000000,0.000000,1.000000,0.000000,1.000000,3.000000,0.000000,1.000000,1553.000000,438.000000,932.000000,136.000000,161.000000,5.000000,
0.049442,0.999092,0.143893,0.108329,0.495561,0.004094,-204.592437,3.181465,1396041.020216,1161963.931354,2307281.723498,207665.672446,1090450.611029,367.498561,98.401254,209.855735,30.122833,36.147399,85.348026,23.094172,49.200627,7.028661,8.032755,523.133197,140.573220,299.220139,43.176060,51.208816,3.000000,2.000000,3.000000,0.000000,1.000000,0.000000,1.000000,2.000000,0.000000,1.000000,0.000000,1.000000,3.000000,0.000000,1.000000,1553.000000,438.000000,932.000000,136.000000,161.000000,5.000000,
0.049442,0.999092,0.143893,0.108329,0.495561,0.004094,-204.592437,3.181465,1396041.020216,1161963.931354,2307281.723498,207665.672446,1090450.611029,367.498561,98.401254,209.855735,30.122833,36.147399,85.348026,23.094172,49.200627,7.028661,8.032755,523.133197,140.573220,299.220139,43.176060,51.208816,3.000000,2.000000,3.000000,0.000000,1.000000,0.000000,1.000000,2.000000,0.000000,1.000000,0.000000,1.000000,3.000000,0.000000,1.000000,1553.000000,438.000000,932.000000,136.000000,161.000000,5.000000,
0.049442,0.999092,0.143893,0.108329,0.495561,0.004094,-204.592437,3.181465,1396041.020216,1161963.931354,2307281.723498,207665.672446,1090450.611029,367.498561,98.401254,209.855735,30.122833,36.147399,85.348026,23.094172,49.200627,7.028661,8.032755,523.133197,140.573220,299.220139,43.176060,51.208816,3.000000,2.000000,3.000000,0.000000,1.000000,0.000000,1.000000,2.000000,0.000000,1.000000,0.000000,1.000000,3.000000,0.000000,1.000000,1553.000000,438.000000,932.000000,136.000000,161.000000,5.000000,
0.049442,0.999092,0.143893,0.108329,0.495561,0.004094,-204.592437,3.181465,1396041.020216,1161963.931354,2307281.723498,207665.672446,1090450.611029,367.498561,98.401254,209.855735,30.122833,36.147399,85.348026,23.094172,49.200627,7.028661,8.032755,523.133197,140.573220,299.220139,43.176060,51.208816,3.000000,2.000000,3.000000,0.000000,1.000000,0.000000,1.000000,2.000000,0.000000,1.000000,0.000000,1.000000,3.000000,0.000000,1.000000,1553.000000,438.000000,932.000000,136.000000,161.000000,5.000000,
0.049442,0.999092,0.143893,0.108329,0.495561,0.004094,-204.592437,3.181465,1396041.020216,1161963.931354,2307281.723498,207665.672446,1090450.611029,367.498561,98.401254,209.855735,30.122833,36.147399,85.348026,23.094172,49.200627,7.028661,8.032755,523.133197,140.573220,299.220139,43.176060,51.208816,3.000000,2.000000,3.000000,0.000000,1.000000,0.000000,1.000000,2.000000,0.000000,1.000000,0.000000,1.000000,3.000000,0.000000,1.000000,1553.000000,438.000000,932.000000,136.000000,161.000000,5.000000,
0.049442,0.999092,0.143893,0.108329,0.495561,0.004094,-204.592437,3.181465,1396041.020216,1161963.931354,2307281.723498,207665.672446,1090450.611029,367.498561,98.401254,209.855735,30.122833,36.147399,85.348026,23.094172,49.200627,7.028661,8.032755,523.133197,140.573220,299.220139,43.176060,51.208816,3.000000,2.000000,3.000000,0.000000,1.000000,0.000000,1.000000,2.000000,0.000000,1.000000,0.000000,1.000000,3.000000,0.000000,1.000000,1553.000000,438.000000,932.000000,136.000000,161.000000,5.000000,
0.049442,0.999092,0.143893,0.108329,0.495561,0.004094,-204.592437,3.181465,1396041.020216,1161963.931354,2307281.723498,207665.672446,1090450.611029,367.498561,98.401254,209.855735,30.122833,36.147399,85.348026,23.094172,49.200627,7.028661,8.032755,523.133197,140.573220,299.220139,43.176060,51.208816,3.000000,2.000000,3.000000,0.000000,1.000000,0.000000,1.000000,2.000000,0.000000,1.000000,0.000000,1.000000,3.000000,0.000000,1.000000,1553.000000,438.000000,932.000000,136.000000,161.000000,5.000000,
0.049442,0.999092,0.143893,0.108329,0.495561,0.004094,-204.592437,3.181465,1396041.020216,1161963.931354,2307281.723498,207665.672446,1090450.611029,367.498561,98.401254,209.855735,30.122833,36.147399,85.348026,23.094172,49.200627,7.028661,8.032755,523.133197,140.573220,299.220139,43.176060,51.208816,3.000000,2.000000,3.000000,0.000000,1.000000,0.000000,1.000000,2.000000,0.000000,1.000000,0.000000,1.000000,3.000000,0.000000,1.000000,1553.000000,438.000000,932.000000,136.000000,161.000000,5.000000,
0.049442,0.999092,0.143893,0.108329,0.495561,0.004094,-204.592437,3.181465,1396041.020216,1161963.931354,2307281.723498,207665.672446,1090450.611029,367.498561,98.401254,209.855735,30.122833,36.147399,85.348026,23.094172,49.200627,7.028661,8.032755,523.133197,140.573220,299.220139,43.176060,51.208816,3.000000,2.000000,3.000000,0.000000,1.000000,0.000000,1.000000,2.000000,0.000000,1.000000,0.000000,1.000000,3.000000,0.000000,1.000000,1553.000000,438.000000,932.000000,136.000000,161.000000,5.000000,
0.049442,0.999092,0.143893,0.108329,0.495561,0.004094,-204.592437,3.181465,1396041.020216,1161963.931354,2307281.723498,207665.672446,1090450.611029,367.498561,98.401254,209.855735,30.122833,36.147399,85.348026,23.094172,49.200627,7.028661,8.032755,523.133197,140.573220,299.220139,43.176060,51.208816,3.000000,2.000000,3.000000,0.000000,1.000000,0.000000,1.000000,2.000000,0.000000,1.000000,0.000000,1.000000,3.000000,0.000000,1.000000,1553.000000,438.000000,932.000000,136.000000,161.000000,5.000000,
0.049442,0.999092,0.143893,0.108329,0.495561,0.004094,-204.592437,3.181465,1396041.020216,1161963.931354,2307281.723498,207665.672446,1090450.611029,367.498561,98.401254,209.855735,30.122833,36.147399,85.348026,23.094172,49.200627,7.028661,8.032755,523.133197,140.573220,299.220139,43.176060,51.208816,3.000000,2.000000,3.000000,0.000000,1.000000,0.000000,1.000000,2.000000,0.000000,1.000000,0.000000,1.000000,3.000000,0.000000,1.000000,1553.000000,438.000000,932.000000,136.000000,161.000000,5.000000,
0.049442,0.999092,0.143893,0.108329,0.495561,0.004094,-204.592437,3.181465,1396041.020216,1161963.931354,2307281.723498,207665.672446,1090450.611029,367.498561,98.401254,209.855735,30.122833,36.147399,85.348026,23.094172,49.200627,7.028661,8.032755,523.133197,140.573220,299.220139,43.176060,51.208816,3.000000,2.000000,3.000000,0.000000,1.000000,0.000000,1.000000,2.000000,0.000000,1.000000,0.000000,1.000000,3.000000,0.000000,1.000000,1553.000000,438.000000,932.000000,136.000000,161.000000,5.000000,
0.049442,0.999092,0.143893,0.108329,0.495561,0.004094,-204.592437,3.181465,1396041.020216,1161963.931354,2307281.723498,207665.672446,1090450.611029,367.498561,98.401254,209.855735,30.122833,36.147399,85.348026,23.094172,49.200627,7.028661,8.032755,523.133197,140.573220,299.220139,43.176060,51.208816,3.000000,2.000000,3.000000,0.000000,1.000000,0.000000,1.000000,2.000000,0.000000,1.000000,0.000000,1.000000,3.000000,0.000000,1.000000,1553.000000,438.000000,932.000000,136.000000,161.000000,5.000000,
0.049442,0.999092,0.143893,0.108329,0.495561,0.004094,-204.592437,3.181465,1396041.020216,1161963.931354,2307281.723498,207665.672446,1090450.611029,367.498561,98.401254,209.855735,30.122833,36.147399,85.348026,23.094172,49.200627,7.028661,8.032755,523.133197,140.573220,299.220139,43.176060,51.208816,3.000000,2.000000,3.000000,0.000000,1.000000,0.000000,1.000000,2.000000,0.000000,1.000000,0.000000,1.000000,3.000000,0.000000,1.000000,1553.000000,438.000000,932.000000,136.000000,161.000000,5.000000,
0.049442,0.999092,0.143893,0.108329,0.495561,0.004094,-204.592437,3.181465,1396041.020216,1161963.931354,2307281.723498,207665.672446,1090450.611029,367.498561,98.401254,209.855735,30.122833,36.147399,85.348026,23.094172,49.200627,7.028661,8.032755,523.133197,140.573220,299.220139,43.176060,51.208816,3.000000,2.000000,3.000000,0.000000,1.000000,0.000000,1.000000,2.000000,0.000000,1.000000,0.000000,1.000000,3.000000,0.000000,1.000000,1553.000000,438.000000,932.000000,136.000000,161.000000,5.000000,
0.049442,0.999092,0.143893,0.108329,0.495561,0.004094,-204.592437,3.181465,1396041.020216,1161963.931354,2307281.723498,207665.672446,1090450.611029,367.498561,98.401254,209.855735,30.122833,36.147399,85.348026,23.094172,49.200627,7.028661,8.032755,523.133197,140.573220,299.220139,43.176060,51.208816,3.000000,2.000000,3.000000,0.000000,1.000000,0.000000,1.000000,2.000000,0.000000,1.000000,0.000000,1.000000,3.000000,0.000000,1.000000,1553.000000,438.000000,932.000000,136.000000,161.000000,5.000000,
0.049442,0.999092,0.143893,0.108329,0.495561,0.004094,-204.592437,3.181465,1396041.020216,1161963.931354,2307281.723498,207665.672446,1090450.611029,367.498561,98.401254,209.855735,30.122833,36.147399,85.348026,23.094172,49.200627,7.028661,8.032755,523.133197,140.573220,299.220139,43.176060,51.208816,3.000000,2.000000,3.000000,0.000000,1.000000,0.000000,1.000000,2.000000,0.000000,1.000000,0.000000,1.000000,3.000000,0.000000,1.000000,1553.000000,438.000000,932.000000,136.000000,161.000000,5.000000,
0.049442,0.999092,0.143893,0.108329,0.495561,0.004094,-204.592437,3.181465,1396041.020216,1161963.931354,2307281.723498,207665.672446,1090450.611029,367.498561,98.401254,209.855735,30.122833,36.147399,85.348026,23.094172,49.200627,7.028661,8.032755,523.133197,140.573220,299.220139,43.176060,51.208816,3.000000,2.000000,3.000000,0.000000,1.000000,0.000000,1.000000,2.000000,0.000000,1.000000,0.000000,1.000000,3.000000,0.000000,1.000000,1553.000000,438.000000,932.000000,136.000000,161.000000,5.000000,
0.049442,0.999092,0.143893,0.108329,0.495561,0.004094,-204.592437,3.181465,1396041.020216,1161963.931354,2307281.723498,207665.672446,1090450.611029,367.498561,98.401254,209.855735,30.122833,36.147399,85.348026,23.094172,49.200627,7.028661,8.032755,523.133197,140.573220,299.220139,43.176060,51.208816,3.000000,2.000000,3.000000,0.000000,1.000000,0.000000,1.000000,2.000000,0.000000,1.000000,0.000000,1.000000,3.000000,0.000000,1.000000,1553.000000,438.000000,932.000000,136.000000,161.000000,5.000000,
0.049477,0.992091,0.141621,0.117746,0.479238,0.004388,-206.485076,3.178656,1396040.734419,1161963.854612,2307281.560017,207665.648923,1090450.583096,367.606176,98.430069,209.917188,30.131654,36.157984,85.373019,23.100935,49.215034,7.030719,8.035108,523.286387,140.614384,299.307761,43.188704,51.223811,3.000000,2.000000,3.000000,0.000000,1.000000,0.000000,1.000000,2.000000,0.000000,1.000000,0.000000,1.000000,3.000000,0.000000,1.000000,1553.000000,438.000000,932.000000,136.000000,161.000000,5.000000,
0.049477,0.992091,0.141621,0.117746,0.479238,0.004388,-206.485076,3.178656,1396040.734419,1161963.854612,2307281.560017,207665.648923,1090450.583096,367.606176,98.430069,209.917188,30.131654,36.157984,85.373019,23.100935,49.215034,7.030719,8.035108,523.286387,140.614384,299.307761,43.188704,51.223811,3.000000,2.000000,3.000000,0.000000,1.000000,0.000000,1.000000,2.000000,0.000000,1.000000,0.000000,1.000000,3.000000,0.000000,1.000000,1553.000000,438.000000,932.000000,136.000000,161.000000,5.000000,
0.049477,0.992091,0.141621,0.117746,0.479238,0.004388,-206.485076,3.178656,1396040.734419,1161963.854612,2307281.560017,207665.648923,1090450.583096,367.606176,98.430069,209.917188,30.131654,36.157984,85.373019,23.100935,49.215034,7.030719,8.035108,523.286387,140.614384,299.307761,43.188704,51.223811,3.000000,2.000000,3.000000,0.000000,1.000000,0.000000,1.000000,2.000000,0.000000,1.000000,0.000000,1.000000,3.000000,0.000000,1.000000,1553.000000,438.000000,932.000000,136.000000,161.000000,5.000000,
0.049477,0.992091,0.141621,0.117746,0.479238,0.004388,-206.485076,3.178656,1396040.734419,1161963.854612,2307281.560017,207665.648923,1090450.583096,367.606176,98.430069,209.917188,30.131654,36.157984,85.373019,23.100935,49.215034,7.030719,8.035108,523.286387,140.614384,299.307761,43.188704,51.223811,3.000000,2.000000,3.000000,0.000000,1.000000,0.000000,1.000000,2.000000,0.000000,1.000000,0.000000,1.000000,3.000000,0.000000,1.000000,1553.000000,438.000000,932.000000,136.000000,161.000000,5.000000,
0.049477,0.992091,0.141621,0.117746,0.479238,0.004388,-206.485076,3.178656,1396040.734419,1161963.854612,2307281.560017,207665.648923,1090450.583096,367.606176,98.430069,209.917188,30.131654,36.157984,85.373019,23.100935,49.215034,7.030719,8.035108,523.286387,140.614384,299.307761,43.188704,51.223811,3.000000,2.000000,3.000000,0.000000,1.000000,0.000000,1.000000,2.000000,0.000000,1.000000,0.000000,1.000000,3.000000,0.000000,1.000000,1553.000000,438.000000,932.000000,136.000000,161.000000,5.000000,
0.049477,0.992091,0.141621,0.117746,0.479238,0.004388,-206.485076,3.178656,1396040.734419,1161963.854612,2307281.560017,207665.648923,1090450.583096,367.606176,98.430069,209.917188,30.131654,36.157984,85.373019,23.100935,49.215034,7.030719,8.035108,523.286387,140.614384,299.307761,43.188704,51.223811,3.000000,2.000000,3.000000,0.000000,1.000000,0.000000,1.000000,2.000000,0.000000,1.000000,0.000000,1.000000,3.000000,0.000000,1.000000,1553.000000,438.000000,932.000000,136.000000,161.000000,5.000000,
0.049477,0.992091,0.141621,0.117746,0.479238,0.004388,-206.485076,3.178656,1396040.734419,1161963.854612,2307281.560017,207665.648923,1090450.583096,367.606176,98.430069,209.917188,30.131654,36.157984,85.373019,23.100935,49.215034,7.030719,8.035108,523.286387,140.614384,299.307761,43.188704,51.223811,3.000000,2.000000,3.000000,0.000000,1.000000,0.000000,1.000000,2.000000,0.000000,1.000000,0.000000,1.000000,3.000000,0.000000,1.000000,1553.000000,438.000000,932.000000,136.000000,161.000000,5.000000,
0.049406,0.998734,0.141527,0.123997,0.477658,0.005333,-205.512649,3.173859,1396039.816754,1161963.608202,2307281.035098,207665.573395,1090450.493407,367.951716,98.522591,210.114505,30.159977,36.191972,85.453267,23.122649,49.261295,7.037328,8.042660,523.778262,140.746558,299.589102,43.229300,51.271960,3.000000,2.000000,3.000000,0.000000,1.000000,0.000000,1.000000,2.000000,0.000000,1.000000,0.000000,1.000000,3.000000,0.000000,1.000000,1553.000000,438.000000,932.000000,136.000000,161.000000,5.000000,
0.049406,0.998734,0.141527,0.123997,0.477658,0.005333,-205.512649,3.173859,1396039.816754,1161963.608202,2307281.035098,207665.573395,1090450.493407,367.951716,98.522591,210.114505,30.159977,36.191972,85.453267,23.122649,49.261295,7.037328,8.042660,523.778262,140.746558,299.589102,43.229300,51.271960,3.000000,2.000000,3.000000,0.000000,1.000000,0.000000,1.000000,2.000000,0.000000,1.000000,0.000000,1.000000,3.000000,0.000000,1.000000,1553.000000,438.000000,932.000000,136.000000,161.000000,5.000000,
0.049406,0.998734,0.141527,0.123997,0.477658,0.005333,-205.512649,3.173859,1396039.816754,1161963.608202,2307281.035098,207665.573395,1090450.493407,367.951716,98.522591,210.114505,30.159977,36.191972,85.453267,23.122649,49.261295,7.037328,8.042660,523.778262,140.746558,299.589102,43.229300,51.271960,3.000000,2.000000,3.000000,0.000000,1.000000,0.000000,1.000000,2.000000,0.000000,1.000000,0.000000,1.000000,3.000000,0.000000,1.000000,1553.000000,438.000000,932.000000,136.000000,161.000000,5.000000,
0.049406,0.998734,0.141527,0.123997,0.477658,0.005333,-205.512649,3.173859,1396039.816754,1161963.608202,2307281.035098,207665.573395,1090450.493407,367.951716,98.522591,210.114505,30.159977,36.191972,85.453267,23.122649,49.261295,7.037328,8.042660,523.778262,140.746558,299.589102,43.229300,51.271960,3.000000,2.000000,3.000000,0.000000,1.000000,0.000000,1.000000,2.000000,0.000000,1.000000,0.000000,1.000000,3.000000,0.000000,1.000000,1553.000000,438.000000,932.000000,136.000000,161.000000,5.000000,
0.049406,0.998734,0.141527,0.123997,0.477658,0.005333,-205.512649,3.173859,1396039.816754,1161963.608202,2307281.035098,207665.573395,1090450.493407,367.951716,98.522591,210.114505,30.159977,36.191972,85.453267,23.122649,49.261295,7.037328,8.042660,523.778262,140.746558,299.589102,43.229300,51.271960,3.000000,2.000000,3.000000,0.000000,1.000000,0.000000,1.000000,2.000000,0.000000,1.000000,0.000000,1.000000,3.000000,0.000000,1.000000,1553.000000,438.000000,932.000000,136.000000,161.000000,5.000000,
0.049406,0.998734,0.141527,0.123997,0.477658,0.005333,-205.512649,3.173859,1396039.816754,1161963.608202,2307281.035098,207665.573395,1090450.493407,367.951716,98.522591,210.114505,30.159977,36.191972,85.453267,23.122649,49.261295,7.037328,8.042660,523.778262,140.746558,299.589102,43.229300,51.271960,3.000000,2.000000,3.000000,0.000000,1.000000,0.000000,1.000000,2.000000,0.000000,1.000000,0.000000,1.000000,3.000000,0.000000,1.000000,1553.000000,438.000000,932.000000,136.000000,161.000000,5.000000,
0.049406,0.998734,0.141527,0.123997,0.477658,0.005333,-205.512649,3.173859,1396039.816754,1161963.608202,2307281.035098,207665.573395,1090450.493407,367.951716,98.522591,210.114505,30.159977,36.191972,85.453267,23.122649,49.261295,7.037328,8.042660,523.778262,140.746558,299.589102,43.229300,51.271960,3.000000,2.000000,3.000000,0.000000,1.000000,0.000000,1.000000,2.000000,0.000000,1.000000,0.000000,1.000000,3.000000,0.000000,1.000000,1553.000000,438.000000,932.000000,136.000000,161.000000,5.000000,
0.049406,0.998734,0.141527,0.123997,0.477658,0.005333,-205.512649,3.173859,1396039.816754,1161963.608202,2307281.035098,207665.573395,1090450.493407,367.951716,98.522591,210.114505,30.159977,36.191972,85.453267,23.122649,49.261295,7.037328,8.042660,523.778262,140.746558,299.589102,43.229300,51.271960,3.000000,2.000000,3.000000,0.000000,1.000000,0.000000,1.000000,2.000000,0.000000,1.000000,0.000000,1.000000,3.000000,0.000000,1.000000,1553.000000,438.000000,932.000000,136.000000,161.000000,5.000000,
0.049406,0.998734,0.141527,0.123997,0.477658,0.005333,-205.512649,3.173859,1396039.816754,1161963.608202,2307281.035098,207665.573395,1090450.493407,367.951716,98.522591,210.114505,30.159977,36.191972,85.453267,23.122649,49.261295,7.037328,8.042660,523.778262,140.746558,299.589102,43.229300,51.271960,3.000000,2.000000,3.000000,0.000000,1.000000,0.000000,1.000000,2.000000,0.000000,1.000000,0.000000,1.000000,3.000000,0.000000,1.000000,1553.000000,438.000000,932.000000,136.000000,161.000000,5.000000,
0.049406,0.998734,0.141527,0.123997,0.477658,0.005333,-205.512649,3.173859,1396039.816754,1161963.608202,2307281.035098,207665.573395,1090450.493407,367.951716,98.522591,210.114505,30.159977,36.191972,85.453267,23.122649,49.261295,7.037328,8.042660,523.778262,140.746558,299.589102,43.229300,51.271960,3.000000,2.000000,3.000000,0.000000,1.000000,0.000000,1.000000,2.000000,0.000000,1.000000,0.000000,1.000000,3.000000,0.000000,1.000000,1553.000000,438.000000,932.000000,136.000000,161.000000,5.000000,
0.049406,0.998734,0.141527,0.123997,0.477658,0.005333,-205.512649,3.173859,1396039.816754,1161963.608202,2307281.035098,207665.573395,1090450.493407,367.951716,98.522591,210.114505,30.159977,36.191972,85.453267,23.122649,49.261295,7.037328,8.042660,523.778262,140.746558,299.589102,43.229300,51.271960,3.000000,2.000000,3.000000,0.000000,1.000000,0.000000,1.000000,2.000000,0.000000,1.000000,0.000000,1.000000,3.000000,0.000000,1.000000,1553.000000,438.000000,932.000000,136.000000,161.000000,5.000000,
0.049406,0.998734,0.141527,0.123997,0.477658,0.005333,-205.512649,3.173859,1396039.816754,1161963.608202,2307281.035098,207665.573395,1090450.493407,367.951716,98.522591,210.114505,30.159977,36.191972,85.453267,23.122649,49.261295,7.037328,8.042660,523.778262,140.746558,299.589102,43.229300,51.271960,3.000000,2.000000,3.000000,0.000000,1.000000,0.000000,1.000000,2.000000,0.000000,1.000000,0.000000,1.000000,3.000000,0.000000,1.000000,1553.000000,438.000000,932.000000,136.000000,161.000000,5.000000,
0.049406,0.998734,0.141527,0.123997,0.477658,0.005333,-205.512649,3.173859,1396039.816754,1161963.608202,2307281.035098,207665.573395,1090450.493407,367.951716,98.522591,210.114505,30.159977,36.191972,85.453267,23.122649,49.261295,7.037328,8.042660,523.778262,140.746558,299.589102,43.229300,51.271960,3.000000,2.000000,3.000000,0.000000,1.000000,0.000000,1.000000,2.000000,0.000000,1.000000,0.000000,1.000000,3.000000,0.000000,1.000000,1553.000000,438.000000,932.000000,136.000000,161.000000,5.000000,
0.049406,0.998734,0.141527,0.123997,0.477658,0.005333,-205.512649,3.173859,1396039.816754,1161963.608202,2307281.035098,207665.573395,1090450.493407,367.951716,98.522591,210.114505,30.159977,36.191972,85.453267,23.122649,49.261295,7.037328,8.042660,523.778262,140.746558,299.589102,43.229300,51.271960,3.000000,2.000000,3.000000,0.000000,1.000000,0.000000,1.000000,2.000000,0.000000,1.000000,0.000000,1.000000,3.000000,0.000000,1.000000,1553.000000,438.000000,932.000000,136.000000,161.000000,5.000000,
0.049406,0.998734,0.141527,0.123997,0.477658,0.005333,-205.512649,3.173859,1396039.816754,1161963.608202,2307281.035098,207665.573395,1090450.493407,367.951716,98.522591,210.114505,30.159977,36.191972,85.453267,23.122649,49.261295,7.037328,8.042660,523.778262,140.746558,299.589102,43.229300,51.271960,3.000000,2.000000,3.000000,0.000000,1.000000,0.000000,1.000000,2.000000,0.000000,1.000000,0.000000,1.000000,3.000000,0.000000,1.000000,1553.000000,438.000000,932.000000,136.000000,161.000000,5.000000,
0.049406,0.998734,0.141527,0.123997,0.477658,0.005333,-205.512649,3.173859,1396039.816754,1161963.608202,2307281.035098,207665.573395,1090450.493407,367.951716,98.522591,210.114505,30.159977,36.191972,85.453267,23.122649,49.261295,7.037328,8.042660,523.778262,140.746558,299.589102,43.229300,51.271960,3.000000,2.000000,3.000000,0.000000,1.000000,0.000000,1.000000,2.000000,0.000000,1.000000,0.000000,1.000000,3.000000,0.000000,1.000000,1553.000000,438.000000,932.000000,136.000000,161.000000,5.000000,
0.049406,0.998734,0.141527,0.123997,0.477658,0.005333,-205.512649,3.173859,1396039.816754,1161963.608202,2307281.035098,207665.573395,1090450.493407,367.951716,98.522591,210.114505,30.159977,36.191972,85.453267,23.122649,49.261295,7.037328,8.042660,523.778262,140.746558,299.589102,43.229300,51.271960,3.000000,2.000000,3.000000,0.000000,1.000000,0.000000,1.000000,2.000000,0.000000,1.000000,0.000000,1.000000,3.000000,0.000000,1.000000,1553.000000,438.000000,932.000000,136.000000,161.000000,5.000000,
0.049406,0.998734,0.141527,0.123997,0.477658,0.005333,-205.512649,3.173859,1396039.816754,1161963.608202,2307281.035098,207665.573395,1090450.493407,367.951716,98.522591,210.114505,30.159977,36.191972,85.453267,23.122649,49.261295,7.037328,8.042660,523.778262,140.746558,299.589102,43.229300,51.271960,3.000000,2.000000,3.000000,0.000000,1.000000,0.000000,1.000000,2.000000,0.000000,1.000000,0.000000,1.000000,3.000000,0.000000,1.000000,1553.000000,438.000000,932.000000,136.000000,161.000000,5.000000,
0.049406,0.998734,0.141527,0.123997,0.477658,0.005333,-205.512649,3.173859,1396039.816754,1161963.608202,2307281.035098,207665.573395,1090450.493407,367.951716,98.522591,210.114505,30.159977,36.191972,85.453267,23.122649,49.261295,7.037328,8.042660,523.778262,140.746558,299.589102,43.229300,51.271960,3.000000,2.000000,3.000000,0.000000,1.000000,0.000000,1.000000,2.000000,0.000000,1.000000,0.000000,1.000000,3.000000,0.000000,1.000000,1553.000000,438.000000,932.000000,136.000000,161.000000,5.000000,
0.049406,0.998734,0.141527,0.123997,0.477658,0.005333,-205.512649,3.173859,1396039.816754,1161963.608202,2307281.035098,207665.573395,1090450.493407,367.951716,98.522591,210.114505,30.159977,36.191972,85.453267,23.122649,49.261295,7.037328,8.042660,523.778262,140.746558,299.589102,43.229300,51.271960,3.000000,2.000000,3.000000,0.000000,1.000000,0.000000,1.000000,2.000000,0.000000,1.000000,0.000000,1.000000,3.000000,0.000000,1.000000,1553.000000,438.000000,932.000000,136.000000,161.000000,5.000000,
0.049406,0.998734,0.141527,0.123997,0.477658,0.005333,-205.512649,3.173859,1396039.816754,1161963.608202,2307281.035098,207665.573395,1090450.493407,367.951716,98.522591,210.114505,30.159977,36.191972,85.453267,23.122649,49.261295,7.037328,8.042660,523.778262,140.746558,299.589102,43.229300,51.271960,3.000000,2.000000,3.000000,0.000000,1.000000,0.000000,1.000000,2.000000,0.000000,1.000000,0.000000,1.000000,3.000000,0.000000,1.000000,1553.000000,438.000000,932.000000,136.000000,161.000000,5.000000,
0.049406,0.998734,0.141527,0.123997,0.477658,0.005333,-205.512649,3.173859,1396039.816754,1161963.608202,2307281.035098,207665.573395,1090450.493407,367.951716,98.522591,210.114505,30.159977,36.191972,85.453267,23.122649,49.261295,7.037328,8.042660,523.778262,140.746558,299.589102,43.229300,51.271960,3.000000,2.000000,3.000000,0.000000,1.000000,0.000000,1.000000,2.000000,0.000000,1.000000,0.000000,1.000000,3.000000,0.000000,1.000000,1553.000000,438.000000,932.000000,136.000000,161.000000,5.000000,
0.049406,0.998734,0.141527,0.123997,0.477658,0.005333,-205.512649,3.173859,1396039.816754,1161963.608202,2307281.035098,207665.573395,1090450.493407,367.951716,98.522591,210.114505,30.159977,36.191972,85.453267,23.122649,49.261295,7.037328,8.042660,523.778262,140.746558,299.589102,43.229300,51.271960,3.000000,2.000000,3.000000,0.000000,1.000000,0.000000,1.000000,2.000000,0.000000,1.000000,0.000000,1.000000,3.000000,0.000000,1.000000,1553.000000,438.000000,932.000000,136.000000,161.000000,5.000000,
0.049406,0.998734,0.141527,0.123997,0.477658,0.005333,-205.512649,3.173859,1396039.816754,1161963.608202,2307281.035098,207665.573395,1090450.493407,367.951716,98.522591,210.114505,30.159977,36.191972,85.453267,23.122649,49.261295,7.037328,8.042660,523.778262,140.746558,299.589102,43.229300,51.271960,3.000000,2.000000,3.000000,0.000000,1.000000,0.000000,1.000000,2.000000,0.000000,1.000000,0.000000,1.000000,3.000000,0.000000,1.000000,1553.000000,438.000000,932.000000,136.000000,161.000000,5.000000,
0.049406,0.998734,0.141527,0.123997,0.477658,0.005333,-205.512649,3.173859,1396039.816754,1161963.608202,2307281.035098,207665.573395,1090450.493407,367.951716,98.522591,210.114505,30.159977,36.191972,85.453267,23.122649,49.261295,7.037328,8.042660,523.778262,140.746558,299.589102,43.229300,51.271960,3.000000,2.000000,3.000000,0.000000,1.000000,0.000000,1.000000,2.000000,0.000000,1.000000,0.000000,1.000000,3.000000,0.000000,1.000000,1553.000000,438.000000,932.000000,136.000000,161.000000,5.000000,
0.049406,0.998734,0.141527,0.123997,0.477658,0.005333,-205.512649,3.173859,1396039.816754,1161963.608202,2307281.035098,207665.573395,1090450.493407,367.951716,98.522591,210.114505,30.159977,36.191972,85.453267,23.122649,49.261295,7.037328,8.042660,523.778262,140.746558,299.589102,43.229300,51.271960,3.000000,2.000000,3.000000,0.000000,1.000000,0.000000,1.000000,2.000000,0.000000,1.000000,0.000000,1.000000,3.000000,0.000000,1.000000,1553.000000,438.000000,932.000000,136.000000,161.000000,5.000000,
0.049406,0.998734,0.141527,0.123997,0.477658,0.005333,-205.512649,3.173859,1396039.816754,1161963.608202,2307281.035098,207665.573395,1090450.493407,367.951716,98.522591,210.114505,30.159977,36.191972,85.453267,23.122649,49.261295,7.037328,8.042660,523.778262,140.746558,299.589102,43.229300,51.271960,3.000000,2.000000,3.000000,0.000000,1.000000,0.000000,1.000000,2.000000,0.000000,1.000000,0.000000,1.000000,3.000000,0.000000,1.000000,1553.000000,438.000000,932.000000,136.000000,161.000000,5.000000,
0.049406,0.998734,0.141527,0.123997,0.477658,0.005333,-205.512649,3.173859,1396039.816754,1161963.608202,2307281.035098,207665.573395,1090450.493407,367.951716,98.522591,210.114505,30.159977,36.191972,85.453267,23.122649,49.261295,7.037328,8.042660,523.778262,140.746558,299.589102,43.229300,51.271960,3.000000,2.000000,3.000000,0.000000,1.000000,0.000000,1.000000,2.000000,0.000000,1.000000,0.000000,1.000000,3.000000,0.000000,1.000000,1553.000000,438.000000,932.000000,136.000000,161.000000,5.000000,
0.049406,0.998734,0.141527,0.123997,0.477658,0.005333,-205.512649,3.173859,1396039.816754,1161963.608202,2307281.035098,207665.573395,1090450.493407,367.951716,98.522591,210.114505,30.159977,36.191972,85.453267,23.122649,49.261295,7.037328,8.042660,523.778262,140.746558,299.589102,43.229300,51.271960,3.000000,2.000000,3.000000,0.000000,1.000000,0.000000,1.000000,2.000000,0.000000,1.000000,0.000000,1.000000,3.000000,0.000000,1.000000,1553.000000,438.000000,932.000000,136.000000,161.000000,5.000000,
0.049406,0.998734,0.141527,0.123997,0.477658,0.005333,-205.512649,3.173859,1396039.816754,1161963.608202,2307281.035098,207665.573395,1090450.493407,367.951716,98.522591,210.114505,30.159977,36.191972,85.453267,23.122649,49.261295,7.037328,8.042660,523.778262,140.746558,299.589102,43.229300,51.271960,3.000000,2.000000,3.000000,0.000000,1.000000,0.000000,1.000000,2.000000,0.000000,1.000000,0.000000,1.000000,3.000000,0.000000,1.000000,1553.000000,438.000000,932.000000,136.000000,161.000000,5.000000,
0.049406,0.998734,0.141527,0.123997,0.477658,0.005333,-205.512649,3.173859,1396039.816754,1161963.608202,2307281.035098,207665.573395,1090450.493407,367.951716,98.522591,210.114505,30.159977,36.191972,85.453267,23.122649,49.261295,7.037328,8.042660,523.778262,140.746558,299.589102,43.229300,51.271960,3.000000,2.000000,3.000000,0.000000,1.000000,0.000000,1.000000,2.000000,0.000000,1.000000,0.000000,1.000000,3.000000,0.000000,1.000000,1553.000000,438.000000,932.000000,136.000000,161.000000,5.000000,
0.049406,0.998734,0.141527,0.123997,0.477658,0.005333,-205.512649,3.173859,1396039.816754,1161963.608202,2307281.035098,207665.573395,1090450.493407,367.951716,98.522591,210.114505,30.159977,36.191972,85.453267,23.122649,49.261295,7.037328,8.042660,523.778262,140.746558,299.589102,43.229300,51.271960,3.000000,2.000000,3.000000,0.000000,1.000000,0.000000,1.000000,2.000000,0.000000,1.000000,0.000000,1.000000,3.000000,0.000000,1.000000,1553.000000,438.000000,932.000000,136.000000,161.000000,5.000000,
0.049406,0.998734,0.141527,0.123997,0.477658,0.005333,-205.512649,3.173859,1396039.816754,1161963.608202,2307281.035098,207665.573395,1090450.493407,367.951716,98.522591,210.114505,30.159977,36.191972,85.453267,23.122649,49.261295,7.037328,8.042660,523.778262,140.746558,299.589102,43.229300,51.271960,3.000000,2.000000,3.000000,0.000000,1.000000,0.000000,1.000000,2.000000,0.000000,1.000000,0.000000,1.000000,3.000000,0.000000,1.000000,1553.000000,438.000000,932.000000,136.000000,161.000000,5.000000,
0.049383,0.998530,0.142189,0.144586,0.428110,0.005906,-205.634825,3.173895,1396039.259283,1161963.458511,2307280.716215,207665.527513,1090450.438922,368.161628,98.578797,210.234372,30.177183,36.212619,85.502017,23.135840,49.289398,7.041343,8.047249,524.077072,140.826852,299.760014,43.253962,51.301210,3.000000,2.000000,3.000000,0.000000,1.000000,0.000000,1.000000,2.000000,0.000000,1.000000,0.000000,1.000000,3.000000,0.000000,1.000000,1553.000000,438.000000,932.000000,136.000000,161.000000,5.000000,
0.049383,0.998530,0.142189,0.144586,0.428110,0.005906,-205.634825,3.173895,1396039.259283,1161963.458511,2307280.716215,207665.527513,1090450.438922,368.161628,98.578797,210.234372,30.177183,36.212619,85.502017,23.135840,49.289398,7.041343,8.047249,524.077072,140.826852,299.760014,43.253962,51.301210,3.000000,2.000000,3.000000,0.000000,1.000000,0.000000,1.000000,2.000000,0.000000,1.000000,0.000000,1.000000,3.000000,0.000000,1.000000,1553.000000,438.000000,932.000000,136.000000,161.000000,5.000000,
0.049383,0.998530,0.142189,0.144586,0.428110,0.005906,-205.634825,3.173895,1396039.259283,1161963.458511,2307280.716215,207665.527513,1090450.438922,368.161628,98.578797,210.234372,30.177183,36.212619,85.502017,23.135840,49.289398,7.041343,8.047249,524.077072,140.826852,299.760014,43.253962,51.301210,3.000000,2.000000,3.000000,0.000000,1.000000,0.000000,1.000000,2.000000,0.000000,1.000000,0.000000,1.000000,3.000000,0.000000,1.000000,1553.000000,438.000000,932.000000,136.000000,161.000000,5.000000,
0.049383,0.998530,0.142189,0.144586,0.428110,0.005906,-205.634825,3.173895,1396039.259283,1161963.458511,2307280.716215,207665.527513,1090450.438922,368.161628,98.578797,210.234372,30.177183,36.212619,85.502017,23.135840,49.289398,7.041343,8.047249,524.077072,140.826852,299.760014,43.253962,51.301210,3.000000,2.000000,3.000000,0.000000,1.000000,0.000000,1.000000,2.000000,0.000000,1.000000,0.000000,1.000000,3.000000,0.000000,1.000000,1553.000000,438.000000,932.000000,136.000000,161.000000,5.000000,
0.049383,0.998530,0.142189,0.144586,0.428110,0.005906,-205.634825,3.173895,1396039.259283,1161963.458511,2307280.716215,207665.527513,1090450.438922,368.161628,98.578797,210.234372,30.177183,36.212619,85.502017,23.135840,49.289398,7.041343,8.047249,524.077072,140.826852,299.760014,43.253962,51.301210,3.000000,2.000000,3.000000,0.000000,1.000000,0.000000,1.000000,2.000000,0.000000,1.000000,0.000000,1.000000,3.000000,0.000000,1.000000,1553.000000,438.000000,932.000000,136.000000,161.000000,5.000000,
0.049383,0.998530,0.142189,0.144586,0.428110,0.005906,-205.634825,3.173895,1396039.259283,1161963.458511,2307280.716215,207665.527513,1090450.438922,368.161628,98.578797,210.234372,30.177183,36.212619,85.502017,23.135840,49.289398,7.041343,8.047249,524.077072,140.826852,299.760014,43.253962,51.301210,3.000000,2.000000,3.000000,0.000000,1.000000,0.000000,1.000000,2.000000,0.000000,1.000000,0.000000,1.000000,3.000000,0.000000,1.000000,1553.000000,438.000000,932.000000,136.000000,161.000000,5.000000,
0.049383,0.998530,0.142189,0.144586,0.428110,0.005906,-205.634825,3.173895,1396039.259283,1161963.458511,2307280.716215,207665.527513,1090450.438922,368.161628,98.578797,210.234372,30.177183,36.212619,85.502017,23.135840,49.289398,7.041343,8.047249,524.077072,140.826852,299.760014,43.253962,51.301210,3.000000,2.000000,3.000000,0.000000,1.000000,0.000000,1.000000,2.000000,0.000000,1.000000,0.000000,1.000000,3.000000,0.000000,1.000000,1553.000000,438.000000,932.000000,136.000000,161.000000,5.000000,
0.049383,0.998530,0.142189,0.144586,0.428110,0.005906,-205.634825,3.173895,1396039.259283,1161963.458511,2307280.716215,207665.527513,1090450.438922,368.161628,98.578797,210.234372,30.177183,36.212619,85.502017,23.135840,49.289398,7.041343,8.047249,524.077072,140.826852,299.760014,43.253962,51.301210,3.000000,2.000000,3.000000,0.000000,1.000000,0.000000,1.000000,2.000000,0.000000,1.000000,0.000000,1.000000,3.000000,0.000000,1.000000,1553.000000,438.000000,932.000000,136.000000,161.000000,5.000000,
0.049383,0.998530,0.142189,0.144586,0.428110,0.005906,-205.634825,3.173895,1396039.259283,1161963.458511,2307280.716215,207665.527513,1090450.438922,368.161628,98.578797,210.234372,30.177183,36.212619,85.502017,23.135840,49.289398,7.041343,8.047249,524.077072,140.826852,299.760014,43.253962,51.301210,3.000000,2.000000,3.000000,0.000000,1.000000,0.000000,1.000000,2.000000,0.000000,1.000000,0.000000,1.000000,3.000000,0.000000,1.000000,1553.000000,438.000000,932.000000,136.000000,161.000000,5.000000,
0.049383,0.998530,0.142189,0.144586,0.428110,0.005906,-205.634825,3.173895,1396039.259283,1161963.458511,2307280.716215,207665.527513,1090450.438922,368.161628,98.578797,210.234372,30.177183,36.212619,85.502017,23.135840,49.289398,7.041343,8.047249,524.077072,140.826852,299.760014,43.253962,51.301210,3.000000,2.000000,3.000000,0.000000,1.000000,0.000000,1.000000,2.000000,0.000000,1.000000,0.000000,1.000000,3.000000,0.000000,1.000000,1553.000000,438.000000,932.000000,136.000000,161.000000,5.000000,
0.049383,0.998530,0.142189,0.144586,0.428110,0.005906,-205.634825,3.173895,1396039.259283,1161963.458511,2307280.716215,207665.527513,1090450.438922,368.161628,98.578797,210.234372,30.177183,36.212619,85.502017,23.135840,49.289398,7.041343,8.047249,524.077072,140.826852,299.760014,43.253962,51.301210,3.000000,2.000000,3.000000,0.000000,1.000000,0.000000,1.000000,2.000000,0.000000,1.000000,0.000000,1.000000,3.000000,0.000000,1.000000,1553.000000,438.000000,932.000000,136.000000,161.000000,5.000000,
0.049383,0.998530,0.142189,0.144586,0.428110,0.005906,-205.634825,3.173895,1396039.259283,1161963.458511,2307280.716215,207665.527513,1090450.438922,368.161628,98.578797,210.234372,30.177183,36.212619,85.502017,23.135840,49.289398,7.041343,8.047249,524.077072,140.826852,299.760014,43.253962,51.301210,3.000000,2.000000,3.000000,0.000000,1.000000,0.000000,1.000000,2.000000,0.000000,1.000000,0.000000,1.000000,3.000000,0.000000,1.000000,1553.000000,438.000000,932.000000,136.000000,161.000000,5.000000,
0.049387,0.997147,0.140414,0.159157,0.403751,0.005624,-206.616584,3.170198,1396039.533058,1161963.532025,2307280.872819,207665.550046,1090450.465680,368.058540,98.551194,210.175505,30.168733,36.202479,85.478076,23.129362,49.275597,7.039371,8.044995,523.930326,140.787420,299.676079,43.241850,51.286846,3.000000,2.000000,3.000000,0.000000,1.000000,0.000000,1.000000,2.000000,0.000000,1.000000,0.000000,1.000000,3.000000,0.000000,1.000000,1553.000000,438.000000,932.000000,136.000000,161.000000,5.000000,
0.049387,0.997147,0.140414,0.159157,0.403751,0.005624,-206.616584,3.170198,1396039.533058,1161963.532025,2307280.872819,207665.550046,1090450.465680,368.058540,98.551194,210.175505,30.168733,36.202479,85.478076,23.129362,49.275597,7.039371,8.044995,523.930326,140.787420,299.676079,43.241850,51.286846,3.000000,2.000000,3.000000,0.000000,1.000000,0.000000,1.000000,2.000000,0.000000,1.000000,0.000000,1.000000,3.000000,0.000000,1.000000,1553.000000,438.000000,932.000000,136.000000,161.000000,5.000000,
0.049387,0.997147,0.140414,0.159157,0.403751,0.005624,-206.616584,3.170198,1396039.533058,1161963.532025,2307280.872819,207665.550046,1090450.465680,368.058540,98.551194,210.175505,30.168733,36.202479,85.478076,23.129362,49.275597,7.039371,8.044995,523.930326,140.787420,299.676079,43.241850,51.286846,3.000000,2.000000,3.000000,0.000000,1.000000,0.000000,1.000000,2.000000,0.000000,1.000000,0.000000,1.000000,3.000000,0.000000,1.000000,1553.000000,438.000000,932.000000,136.000000,161.000000,5.000000,
0.049387,0.997147,0.140414,0.159157,0.403751,0.005624,-206.616584,3.170198,1396039.533058,1161963.532025,2307280.872819,207665.550046,1090450.465680,368.058540,98.551194,210.175505,30.168733,36.202479,85.478076,23.129362,49.275597,7.039371,8.044995,523.930326,140.787420,299.676079,43.241850,51.286846,3.000000,2.000000,3.000000,0.000000,1.000000,0.000000,1.000000,2.000000,0.000000,1.000000,0.000000,1.000000,3.000000,0.000000,1.000000,1553.000000,438.000000,932.000000,136.000000,161.000000,5.000000,
0.049387,0.997147,0.140414,0.159157,0.403751,0.005624,-206.616584,3.170198,1396039.533058,1161963.532025,2307280.872819,207665.550046,1090450.465680,368.058540,98.551194,210.175505,30.168733,36.202479,85.478076,23.129362,49.275597,7.039371,8.044995,523.930326,140.787420,299.676079,43.241850,51.286846,3.000000,2.000000,3.000000,0.000000,1.000000,0.000000,1.000000,2.000000,0.000000,1.000000,0.000000,1.000000,3.000000,0.000000,1.000000,1553.000000,438.000000,932.000000,136.000000,161.000000,5.000000,
0.049387,0.997147,0.140414,0.159157,0.403751,0.005624,-206.616584,3.170198,1396039.533058,1161963.532025,2307280.872819,207665.550046,1090450.465680,368.058540,98.551194,210.175505,30.168733,36.202479,85.478076,23.129362,49.275597,7.039371,8.044995,523.930326,140.787420,299.676079,43.241850,51.286846,3.000000,2.000000,3.000000,0.000000,1.000000,0.000000,1.000000,2.000000,0.000000,1.000000,0.000000,1.000000,3.000000,0.000000,1.000000,1553.000000,438.000000,932.000000,136.000000,161.000000,5.000000,
0.049393,0.997756,0.140219,0.149947,0.431252,0.005774,-206.230799,3.170139,1396039.388153,1161963.493115,2307280.789931,207665.538120,1090450.451517,368.113103,98.565804,210.206663,30.173205,36.207846,85.490748,23.132791,49.282902,7.040415,8.046188,524.007996,140.808291,299.720505,43.248261,51.294449,3.000000,2.000000,3.000000,0.000000,1.000000,0.000000,1.000000,2.000000,0.000000,1.000000,0.000000,1.000000,3.000000,0.000000,1.000000,1553.000000,438.000000,932.000000,136.000000,161.000000,5.000000,
0.049393,0.997756,0.140219,0.149947,0.431252,0.005774,-206.230799,3.170139,1396039.388153,1161963.493115,2307280.789931,207665.538120,1090450.451517,368.113103,98.565804,210.206663,30.173205,36.207846,85.490748,23.132791,49.282902,7.040415,8.046188,524.007996,140.808291,299.720505,43.248261,51.294449,3.000000,2.000000,3.000000,0.000000,1.000000,0.000000,1.000000,2.000000,0.000000,1.000000,0.000000,1.000000,3.000000,0.000000,1.000000,1553.000000,438.000000,932.000000,136.000000,161.000000,5.000000,
0.049393,0.997756,0.140219,0.149947,0.431252,0.005774,-206.230799,3.170139,1396039.388153,1161963.493115,2307280.789931,207665.538120,1090450.451517,368.113103,98.565804,210.206663,30.173205,36.207846,85.490748,23.132791,49.282902,7.040415,8.046188,524.007996,140.808291,299.720505,43.248261,51.294449,3.000000,2.000000,3.000000,0.000000,1.000000,0.000000,1.000000,2.000000,0.000000,1.000000,0.000000,1.000000,3.000000,0.000000,1.000000,1553.000000,438.000000,932.000000,136.000000,161.000000,5.000000,
0.049393,0.997756,0.140219,0.149947,0.431252,0.005774,-206.230799,3.170139,1396039.388153,1161963.493115,2307280.789931,207665.538120,1090450.451517,368.113103,98.565804,210.206663,30.173205,36.207846,85.490748,23.132791,49.282902,7.040415,8.046188,524.007996,140.808291,299.720505,43.248261,51.294449,3.000000,2.000000,3.000000,0.000000,1.000000,0.000000,1.000000,2.000000,0.000000,1.000000,0.000000,1.000000,3.000000,0.000000,1.000000,1553.000000,438.000000,932.000000,136.000000,161.000000,5.000000,
0.049393,0.997756,0.140219,0.149947,0.431252,0.005774,-206.230799,3.170139,1396039.388153,1161963.493115,2307280.789931,207665.538120,1090450.451517,368.113103,98.565804,210.206663,30.173205,36.207846,85.490748,23.132791,49.282902,7.040415,8.046188,524.007996,140.808291,299.720505,43.248261,51.294449,3.000000,2.000000,3.000000,0.000000,1.000000,0.000000,1.000000,2.000000,0.000000,1.000000,0.000000,1.000000,3.000000,0.000000,1.000000,1553.000000,438.000000,932.000000,136.000000,161.000000,5.000000,
0.049393,0.997756,0.140219,0.149947,0.431252,0.005774,-206.230799,3.170139,1396039.388153,1161963.493115,2307280.789931,207665.538120,1090450.451517,368.113103,98.565804,210.206663,30.173205,36.207846,85.490748,23.132791,49.282902,7.040415,8.046188,524.007996,140.808291,299.720505,43.248261,51.294449,3.000000,2.000000,3.000000,0.000000,1.000000,0.000000,1.000000,2.000000,0.000000,1.000000,0.000000,1.000000,3.000000,0.000000,1.000000,1553.000000,438.000000,932.000000,136.000000,161.000000,5.000000,
0.049393,0.997756,0.140219,0.149947,0.431252,0.005774,-206.230799,3.170139,1396039.388153,1161963.493115,2307280.789931,207665.538120,1090450.451517,368.113103,98.565804,210.206663,30.173205,36.207846,85.490748,23.132791,49.282902,7.040415,8.046188,524.007996,140.808291,299.720505,43.248261,51.294449,3.000000,2.000000,3.000000,0.000000,1.000000,0.000000,1.000000,2.000000,0.000000,1.000000,0.000000,1.000000,3.000000,0.000000,1.000000,1553.000000,438.000000,932.000000,136.000000,161.000000,5.000000,
0.049393,0.997756,0.140219,0.149947,0.431252,0.005774,-206.230799,3.170139,1396039.388153,1161963.493115,2307280.789931,207665.538120,1090450.451517,368.113103,98.565804,210.206663,30.173205,36.207846,85.490748,23.132791,49.282902,7.040415,8.046188,524.007996,140.808291,299.720505,43.248261,51.294449,3.000000,2.000000,3.000000,0.000000,1.000000,0.000000,1.000000,2.000000,0.000000,1.000000,0.000000,1.000000,3.000000,0.000000,1.000000,1553.000000,438.000000,932.000000,136.000000,161.000000,5.000000,
0.049393,0.997756,0.140219,0.149947,0.431252,0.005774,-206.230799,3.170139,1396039.388153,1161963.493115,2307280.789931,207665.538120,1090450.451517,368.113103,98.565804,210.206663,30.173205,36.207846,85.490748,23.132791,49.282902,7.040415,8.046188,524.007996,140.808291,299.720505,43.248261,51.294449,3.000000,2.000000,3.000000,0.000000,1.000000,0.000000,1.000000,2.000000,0.000000,1.000000,0.000000,1.000000,3.000000,0.000000,1.000000,1553.000000,438.000000,932.000000,136.000000,161.000000,5.000000,
0.049393,0.997756,0.140219,0.149947,0.431252,0.005774,-206.230799,3.170139,1396039.388153,1161963.493115,2307280.789931,207665.538120,1090450.451517,368.113103,98.565804,210.206663,30.173205,36.207846,85.490748,23.132791,49.282902,7.040415,8.046188,524.007996,140.808291,299.720505,43.248261,51.294449,3.000000,2.000000,3.000000,0.000000,1.000000,0.000000,1.000000,2.000000,0.000000,1.000000,0.000000,1.000000,3.000000,0.000000,1.000000,1553.000000,438.000000,932.000000,136.000000,161.000000,5.000000,
0.049393,0.997756,0.140219,0.149947,0.431252,0.005774,-206.230799,3.170139,1396039.388153,1161963.493115,2307280.789931,207665.538120,1090450.451517,368.113103,98.565804,210.206663,30.173205,36.207846,85.490748,23.132791,49.282902,7.040415,8.046188,524.007996,140.808291,299.720505,43.248261,51.294449,3.000000,2.000000,3.000000,0.000000,1.000000,0.000000,1.000000,2.000000,0.000000,1.000000,0.000000,1.000000,3.000000,0.000000,1.000000,1553.000000,438.000000,932.000000,136.000000,161.000000,5.000000,
0.049381,0.998539,0.141108,0.151521,0.423728,0.005429,-205.861885,3.171377,1396039.723278,1161963.583102,2307280.981628,207665.565702,1090450.484271,367.986914,98.532015,210.134604,30.162862,36.195434,85.461442,23.124861,49.266008,7.038001,8.043430,523.828367,140.760022,299.617761,43.233435,51.276865,3.000000,2.000000,3.000000,0.000000,1.000000,0.000000,1.000000,2.000000,0.000000,1.000000,0.000000,1.000000,3.000000,0.000000,1.000000,1553.000000,438.000000,932.000000,136.000000,161.000000,5.000000,
0.049381,0.998539,0.141108,0.151521,0.423728,0.005429,-205.861885,3.171377,1396039.723278,1161963.583102,2307280.981628,207665.565702,1090450.484271,367.986914,98.532015,210.134604,30.162862,36.195434,85.461442,23.124861,49.266008,7.038001,8.043430,523.828367,140.760022,299.617761,43.233435,51.276865,3.000000,2.000000,3.000000,0.000000,1.000000,0.000000,1.000000,2.000000,0.000000,1.000000,0.000000,1.000000,3.000000,0.000000,1.000000,1553.000000,438.000000,932.000000,136.000000,161.000000,5.000000,
0.049381,0.998539,0.141108,0.151521,0.423728,0.005429,-205.861885,3.171377,1396039.723278,1161963.583102,2307280.981628,207665.565702,1090450.484271,367.986914,98.532015,210.134604,30.162862,36.195434,85.461442,23.124861,49.266008,7.038001,8.043430,523.828367,140.760022,299.617761,43.233435,51.276865,3.000000,2.000000,3.000000,0.000000,1.000000,0.000000,1.000000,2.000000,0.000000,1.000000,0.000000,1.000000,3.000000,0.000000,1.000000,1553.000000,438.000000,932.000000,136.000000,161.000000,5.000000,
0.049381,0.998539,0.141108,0.151521,0.423728,0.005429,-205.861885,3.171377,1396039.723278,1161963.583102,2307280.981628,207665.565702,1090450.484271,367.986914,98.532015,210.134604,30.162862,36.195434,85.461442,23.124861,49.266008,7.038001,8.043430,523.828367,140.760022,299.617761,43.233435,51.276865,3.000000,2.000000,3.000000,0.000000,1.000000,0.000000,1.000000,2.000000,0.000000,1.000000,0.000000,1.000000,3.000000,0.000000,1.000000,1553.000000,438.000000,932.000000,136.000000,161.000000,5.000000,
0.049381,0.998539,0.141108,0.151521,0.423728,0.005429,-205.861885,3.171377,1396039.723278,1161963.583102,2307280.981628,207665.565702,1090450.484271,367.986914,98.532015,210.134604,30.162862,36.195434,85.461442,23.124861,49.266008,7.038001,8.043430,523.828367,140.760022,299.617761,43.233435,51.276865,3.000000,2.000000,3.000000,0.000000,1.000000,0.000000,1.000000,2.000000,0.000000,1.000000,0.000000,1.000000,3.000000,0.000000,1.000000,1553.000000,438.000000,932.000000,136.000000,161.000000,5.000000,
0.049381,0.998539,0.141108,0.151521,0.423728,0.005429,-205.861885,3.171377,1396039.723278,1161963.583102,2307280.981628,207665.565702,1090450.484271,367.986914,98.532015,210.134604,30.162862,36.195434,85.461442,23.124861,49.266008,7.038001,8.043430,523.828367,140.760022,299.617761,43.233435,51.276865,3.000000,2.000000,3.000000,0.000000,1.000000,0.000000,1.000000,2.000000,0.000000,1.000000,0.000000,1.000000,3.000000,0.000000,1.000000,1553.000000,438.000000,932.000000,136.000000,161.000000,5.000000,
0.049381,0.998539,0.141108,0.151521,0.423728,0.005429,-205.861885,3.171377,1396039.723278,1161963.583102,2307280.981628,207665.565702,1090450.484271,367.986914,98.532015,210.134604,30.162862,36.195434,85.461442,23.124861,49.266008,7.038001,8.043430,523.828367,140.760022,299.617761,43.233435,51.276865,3.000000,2.000000,3.000000,0.000000,1.000000,0.000000,1.000000,2.000000,0.000000,1.000000,0.000000,1.000000,3.000000,0.000000,1.000000,1553.000000,438.000000,932.000000,136.000000,161.000000,5.000000,
0.049381,0.998539,0.141108,0.151521,0.423728,0.005429,-205.861885,3.171377,1396039.723278,1161963.583102,2307280.981628,207665.565702,1090450.484271,367.986914,98.532015,210.134604,30.162862,36.195434,85.461442,23.124861,49.266008,7.038001,8.043430,523.828367,140.760022,299.617761,43.233435,51.276865,3.000000,2.000000,3.000000,0.000000,1.000000,0.000000,1.000000,2.000000,0.000000,1.000000,0.000000,1.000000,3.000000,0.000000,1.000000,1553.000000,438.000000,932.000000,136.000000,161.000000,5.000000,
0.049359,0.996630,0.141648,0.160190,0.404925,0.005939,-206.660289,3.171132,1396039.227311,1161963.449926,2307280.697927,207665.524882,1090450.435797,368.173667,98.582020,210.241247,30.178169,36.213803,85.504813,23.136597,49.291010,7.041573,8.047512,524.094209,140.831457,299.769816,43.255376,51.302888,3.000000,2.000000,3.000000,0.000000,1.000000,0.000000,1.000000,2.000000,0.000000,1.000000,0.000000,1.000000,3.000000,0.000000,1.000000,1553.000000,438.000000,932.000000,136.000000,161.000000,5.000000,
0.049359,0.996630,0.141648,0.160190,0.404925,0.005939,-206.660289,3.171132,1396039.227311,1161963.449926,2307280.697927,207665.524882,1090450.435797,368.173667,98.582020,210.241247,30.178169,36.213803,85.504813,23.136597,49.291010,7.041573,8.047512,524.094209,140.831457,299.769816,43.255376,51.302888,3.000000,2.000000,3.000000,0.000000,1.000000,0.000000,1.000000,2.000000,0.000000,1.000000,0.000000,1.000000,3.000000,0.000000,1.000000,1553.000000,438.000000,932.000000,136.000000,161.000000,5.000000,
0.049359,0.996630,0.141648,0.160190,0.404925,0.005939,-206.660289,3.171132,1396039.227311,1161963.449926,2307280.697927,207665.524882,1090450.435797,368.173667,98.582020,210.241247,30.178169,36.213803,85.504813,23.136597,49.291010,7.041573,8.047512,524.094209,140.831457,299.769816,43.255376,51.302888,3.000000,2.000000,3.000000,0.000000,1.000000,0.000000,1.000000,2.000000,0.000000,1.000000,0.000000,1.000000,3.000000,0.000000,1.000000,1553.000000,438.000000,932.000000,136.000000,161.000000,5.000000,
0.049359,0.996630,0.141648,0.160190,0.404925,0.005939,-206.660289,3.171132,1396039.227311,1161963.449926,2307280.697927,207665.524882,1090450.435797,368.173667,98.582020,210.241247,30.178169,36.213803,85.504813,23.136597,49.291010,7.041573,8.047512,524.094209,140.831457,299.769816,43.255376,51.302888,3.000000,2.000000,3.000000,0.000000,1.000000,0.000000,1.000000,2.000000,0.000000,1.000000,0.000000,1.000000,3.000000,0.000000,1.000000,1553.000000,438.000000,932.000000,136.000000,161.000000,5.000000,
0.049359,0.996630,0.141648,0.160190,0.404925,0.005939,-206.660289,3.171132,1396039.227311,1161963.449926,2307280.697927,207665.524882,1090450.435797,368.173667,98.582020,210.241247,30.178169,36.213803,85.504813,23.136597,49.291010,7.041573,8.047512,524.094209,140.831457,299.769816,43.255376,51.302888,3.000000,2.000000,3.000000,0.000000,1.000000,0.000000,1.000000,2.000000,0.000000,1.000000,0.000000,1.000000,3.000000,0.000000,1.000000,1553.000000,438.000000,932.000000,136.000000,161.000000,5.000000,
0.049359,0.996630,0.141648,0.160190,0.404925,0.005939,-206.660289,3.171132,1396039.227311,1161963.449926,2307280.697927,207665.524882,1090450.435797,368.173667,98.582020,210.241247,30.178169,36.213803,85.504813,23.136597,49.291010,7.041573,8.047512,524.094209,140.831457,299.769816,43.255376,51.302888,3.000000,2.000000,3.000000,0.000000,1.000000,0.000000,1.000000,2.000000,0.000000,1.000000,0.000000,1.000000,3.000000,0.000000,1.000000,1553.000000,438.000000,932.000000,136.000000,161.000000,5.000000,
0.049359,0.996630,0.141648,0.160190,0.404925,0.005939,-206.660289,3.171132,1396039.227311,1161963.449926,2307280.697927,207665.524882,1090450.435797,368.173667,98.582020,210.241247,30.178169,36.213803,85.504813,23.136597,49.291010,7.041573,8.047512,524.094209,140.831457,299.769816,43.255376,51.302888,3.000000,2.000000,3.000000,0.000000,1.000000,0.000000,1.000000,2.000000,0.000000,1.000000,0.000000,1.000000,3.000000,0.000000,1.000000,1553.000000,438.000000,932.000000,136.000000,161.000000,5.000000,
0.049359,0.996630,0.141648,0.160190,0.404925,0.005939,-206.660289,3.171132,1396039.227311,1161963.449926,2307280.697927,207665.524882,1090450.435797,368.173667,98.582020,210.241247,30.178169,36.213803,85.504813,23.136597,49.291010,7.041573,8.047512,524.094209,140.831457,299.769816,43.255376,51.302888,3.000000,2.000000,3.000000,0.000000,1.000000,0.000000,1.000000,2.000000,0.000000,1.000000,0.000000,1.000000,3.000000,0.000000,1.000000,1553.000000,438.000000,932.000000,136.000000,161.000000,5.000000,
0.049359,0.996630,0.141648,0.160190,0.404925,0.005939,-206.660289,3.171132,1396039.227311,1161963.449926,2307280.697927,207665.524882,1090450.435797,368.173667,98.582020,210.241247,30.178169,36.213803,85.504813,23.136597,49.291010,7.041573,8.047512,524.094209,140.831457,299.769816,43.255376,51.302888,3.000000,2.000000,3.000000,0.000000,1.000000,0.000000,1.000000,2.000000,0.000000,1.000000,0.000000,1.000000,3.000000,0.000000,1.000000,1553.000000,438.000000,932.000000,136.000000,161.000000,5.000000,
0.049464,0.998941,0.138496,0.104267,0.554345,0.004068,-211.672661,3.170846,1396041.046155,1161963.938319,2307281.738335,207665.674581,1090450.613565,367.488794,98.398639,209.850158,30.122032,36.146439,85.345758,23.093558,49.199319,7.028474,8.032542,523.119294,140.569484,299.212187,43.174913,51.207455,3.000000,2.000000,3.000000,0.000000,1.000000,0.000000,1.000000,2.000000,0.000000,1.000000,0.000000,1.000000,3.000000,0.000000,1.000000,1553.000000,438.000000,932.000000,136.000000,161.000000,5.000000,
0.049464,0.998941,0.138496,0.104267,0.554345,0.004068,-211.672661,3.170846,1396041.046155,1161963.938319,2307281.738335,207665.674581,1090450.613565,367.488794,98.398639,209.850158,30.122032,36.146439,85.345758,23.093558,49.199319,7.028474,8.032542,523.119294,140.569484,299.212187,43.174913,51.207455,3.000000,2.000000,3.000000,0.000000,1.000000,0.000000,1.000000,2.000000,0.000000,1.000000,0.000000,1.000000,3.000000,0.000000,1.000000,1553.000000,438.000000,932.000000,136.000000,161.000000,5.000000,
0.049464,0.998941,0.138496,0.104267,0.554345,0.004068,-211.672661,3.170846,1396041.046155,1161963.938319,2307281.738335,207665.674581,1090450.613565,367.488794,98.398639,209.850158,30.122032,36.146439,85.345758,23.093558,49.199319,7.028474,8.032542,523.119294,140.569484,299.212187,43.174913,51.207455,3.000000,2.000000,3.000000,0.000000,1.000000,0.000000,1.000000,2.000000,0.000000,1.000000,0.000000,1.000000,3.000000,0.000000,1.000000,1553.000000,438.000000,932.000000,136.000000,161.000000,5.000000,
0.049464,0.998941,0.138496,0.104267,0.554345,0.004068,-211.672661,3.170846,1396041.046155,1161963.938319,2307281.738335,207665.674581,1090450.613565,367.488794,98.398639,209.850158,30.122032,36.146439,85.345758,23.093558,49.199319,7.028474,8.032542,523.119294,140.569484,299.212187,43.174913,51.207455,3.000000,2.000000,3.000000,0.000000,1.000000,0.000000,1.000000,2.000000,0.000000,1.000000,0.000000,1.000000,3.000000,0.000000,1.000000,1553.000000,438.000000,932.000000,136.000000,161.000000,5.000000,
0.049464,0.998941,0.138496,0.104267,0.554345,0.004068,-211.672661,3.170846,1396041.046155,1161963.938319,2307281.738335,207665.674581,1090450.613565,367.488794,98.398639,209.850158,30.122032,36.146439,85.345758,23.093558,49.199319,7.028474,8.032542,523.119294,140.569484,299.212187,43.174913,51.207455,3.000000,2.000000,3.000000,0.000000,1.000000,0.000000,1.000000,2.000000,0.000000,1.000000,0.000000,1.000000,3.000000,0.000000,1.000000,1553.000000,438.000000,932.000000,136.000000,161.000000,5.000000,
0.049464,0.998941,0.138496,0.104267,0.554345,0.004068,-211.672661,3.170846,1396041.046155,1161963.938319,2307281.738335,207665.674581,1090450.613565,367.488794,98.398639,209.850158,30.122032,36.146439,85.345758,23.093558,49.199319,7.028474,8.032542,523.119294,140.569484,299.212187,43.174913,51.207455,3.000000,2.000000,3.000000,0.000000,1.000000,0.000000,1.000000,2.000000,0.000000,1.000000,0.000000,1.000000,3.000000,0.000000,1.000000,1553.000000,438.000000,932.000000,136.000000,161.000000,5.000000,
0.049464,0.998941,0.138496,0.104267,0.554345,0.004068,-211.672661,3.170846,1396041.046155,1161963.938319,2307281.738335,207665.674581,1090450.613565,367.488794,98.398639,209.850158,30.122032,36.146439,85.345758,23.093558,49.199319,7.028474,8.032542,523.119294,140.569484,299.212187,43.174913,51.207455,3.000000,2.000000,3.000000,0.000000,1.000000,0.000000,1.000000,2.000000,0.000000,1.000000,0.000000,1.000000,3.000000,0.000000,1.000000,1553.000000,438.000000,932.000000,136.000000,161.000000,5.000000,
0.049464,0.998941,0.138496,0.104267,0.554345,0.004068,-211.672661,3.170846,1396041.046155,1161963.938319,2307281.738335,207665.674581,1090450.613565,367.488794,98.398639,209.850158,30.122032,36.146439,85.345758,23.093558,49.199319,7.028474,8.032542,523.119294,140.569484,299.212187,43.174913,51.207455,3.000000,2.000000,3.000000,0.000000,1.000000,0.000000,1.000000,2.000000,0.000000,1.000000,0.000000,1.000000,3.000000,0.000000,1.000000,1553.000000,438.000000,932.000000,136.000000,161.000000,5.000000,
0.049464,0.998941,0.138496,0.104267,0.554345,0.004068,-211.672661,3.170846,1396041.046155,1161963.938319,2307281.738335,207665.674581,1090450.613565,367.488794,98.398639,209.850158,30.122032,36.146439,85.345758,23.093558,49.199319,7.028474,8.032542,523.119294,140.569484,299.212187,43.174913,51.207455,3.000000,2.000000,3.000000,0.000000,1.000000,0.000000,1.000000,2.000000,0.000000,1.000000,0.000000,1.000000,3.000000,0.000000,1.000000,1553.000000,438.000000,932.000000,136.000000,161.000000,5.000000,
0.049464,0.998941,0.138496,0.104267,0.554345,0.004068,-211.672661,3.170846,1396041.046155,1161963.938319,2307281.738335,207665.674581,1090450.613565,367.488794,98.398639,209.850158,30.122032,36.146439,85.345758,23.093558,49.199319,7.028474,8.032542,523.119294,140.569484,299.212187,43.174913,51.207455,3.000000,2.000000,3.000000,0.000000,1.000000,0.000000,1.000000,2.000000,0.000000,1.000000,0.000000,1.000000,3.000000,0.000000,1.000000,1553.000000,438.000000,932.000000,136.000000,161.000000,5.000000,
0.049464,0.998941,0.138496,0.104267,0.554345,0.004068,-211.672661,3.170846,1396041.046155,1161963.938319,2307281.738335,207665.674581,1090450.613565,367.488794,98.398639,209.850158,30.122032,36.146439,85.345758,23.093558,49.199319,7.028474,8.032542,523.119294,140.569484,299.212187,43.174913,51.207455,3.000000,2.000000,3.000000,0.000000,1.000000,0.000000,1.000000,2.000000,0.000000,1.000000,0.000000,1.000000,3.000000,0.000000,1.000000,1553.000000,438.000000,932.000000,136.000000,161.000000,5.000000,
0.049464,0.998941,0.138496,0.104267,0.554345,0.004068,-211.672661,3.170846,1396041.046155,1161963.938319,2307281.738335,207665.674581,1090450.613565,367.488794,98.398639,209.850158,30.122032,36.146439,85.345758,23.093558,49.199319,7.028474,8.032542,523.119294,140.569484,299.212187,43.174913,51.207455,3.000000,2.000000,3.000000,0.000000,1.000000,0.000000,1.000000,2.000000,0.000000,1.000000,0.000000,1.000000,3.000000,0.000000,1.000000,1553.000000,438.000000,932.000000,136.000000,161.000000,5.000000,
0.049463,0.984309,0.135374,0.142378,0.469771,0.009112,-211.584873,3.163786,1396036.143411,1161962.621842,2307278.933885,207665.271063,1090450.134387,369.334888,98.892948,210.904349,30.273352,36.328022,85.774496,23.209569,49.446474,7.063782,8.072894,525.747204,141.275640,300.715292,43.391804,51.464698,3.000000,2.000000,3.000000,0.000000,1.000000,0.000000,1.000000,2.000000,0.000000,1.000000,0.000000,1.000000,3.000000,0.000000,1.000000,1553.000000,438.000000,932.000000,136.000000,161.000000,5.000000,
0.049463,0.984309,0.135374,0.142378,0.469771,0.009112,-211.584873,3.163786,1396036.143411,1161962.621842,2307278.933885,207665.271063,1090450.134387,369.334888,98.892948,210.904349,30.273352,36.328022,85.774496,23.209569,49.446474,7.063782,8.072894,525.747204,141.275640,300.715292,43.391804,51.464698,3.000000,2.000000,3.000000,0.000000,1.000000,0.000000,1.000000,2.000000,0.000000,1.000000,0.000000,1.000000,3.000000,0.000000,1.000000,1553.000000,438.000000,932.000000,136.000000,161.000000,5.000000,
0.049463,0.984309,0.135374,0.142378,0.469771,0.009112,-211.584873,3.163786,1396036.143411,1161962.621842,2307278.933885,207665.271063,1090450.134387,369.334888,98.892948,210.904349,30.273352,36.328022,85.774496,23.209569,49.446474,7.063782,8.072894,525.747204,141.275640,300.715292,43.391804,51.464698,3.000000,2.000000,3.000000,0.000000,1.000000,0.000000,1.000000,2.000000,0.000000,1.000000,0.000000,1.000000,3.000000,0.000000,1.000000,1553.000000,438.000000,932.000000,136.000000,161.000000,5.000000,
0.049463,0.984309,0.135374,0.142378,0.469771,0.009112,-211.584873,3.163786,1396036.143411,1161962.621842,2307278.933885,207665.271063,1090450.134387,369.334888,98.892948,210.904349,30.273352,36.328022,85.774496,23.209569,49.446474,7.063782,8.072894,525.747204,141.275640,300.715292,43.391804,51.464698,3.000000,2.000000,3.000000,0.000000,1.000000,0.000000,1.000000,2.000000,0.000000,1.000000,0.000000,1.000000,3.000000,0.000000,1.000000,1553.000000,438.000000,932.000000,136.000000,161.000000,5.000000,
0.049463,0.984309,0.135374,0.142378,0.469771,0.009112,-211.584873,3.163786,1396036.143411,1161962.621842,2307278.933885,207665.271063,1090450.134387,369.334888,98.892948,210.904349,30.273352,36.328022,85.774496,23.209569,49.446474,7.063782,8.072894,525.747204,141.275640,300.715292,43.391804,51.464698,3.000000,2.000000,3.000000,0.000000,1.000000,0.000000,1.000000,2.000000,0.000000,1.000000,0.000000,1.000000,3.000000,0.000000,1.000000,1553.000000,438.000000,932.000000,136.000000,161.000000,5.000000,
0.049463,0.984309,0.135374,0.142378,0.469771,0.009112,-211.584873,3.163786,1396036.143411,1161962.621842,2307278.933885,207665.271063,1090450.134387,369.334888,98.892948,210.904349,30.273352,36.328022,85.774496,23.209569,49.446474,7.063782,8.072894,525.747204,141.275640,300.715292,43.391804,51.464698,3.000000,2.000000,3.000000,0.000000,1.000000,0.000000,1.000000,2.000000,0.000000,1.000000,0.000000,1.000000,3.000000,0.000000,1.000000,1553.000000,438.000000,932.000000,136.000000,161.000000,5.000000,
0.049463,0.984309,0.135374,0.142378,0.469771,0.009112,-211.584873,3.163786,1396036.143411,1161962.621842,2307278.933885,207665.271063,1090450.134387,369.334888,98.892948,210.904349,30.273352,36.328022,85.774496,23.209569,49.446474,7.063782,8.072894,525.747204,141.275640,300.715292,43.391804,51.464698,3.000000,2.000000,3.000000,0.000000,1.000000,0.000000,1.000000,2.000000,0.000000,1.000000,0.000000,1.000000,3.000000,0.000000,1.000000,1553.000000,438.000000,932.000000,136.000000,161.000000,5.000000,
0.049415,0.986634,0.135902,0.152876,0.450921,0.009571,-211.665079,3.161924,1396035.697132,1161962.502008,2307278.678607,207665.234332,1090450.090769,369.502932,98.937943,211.000308,30.287126,36.344551,85.813522,23.220130,49.468972,7.066996,8.076567,525.986414,141.339919,300.852114,43.411547,51.488113,3.000000,2.000000,3.000000,0.000000,1.000000,0.000000,1.000000,2.000000,0.000000,1.000000,0.000000,1.000000,3.000000,0.000000,1.000000,1553.000000,438.000000,932.000000,136.000000,161.000000,5.000000,
0.049400,0.988405,0.134833,0.146698,0.475850,0.008720,-212.705286,3.158576,1396036.524252,1161962.724105,2307279.151733,207665.302408,1090450.171609,369.191485,98.854551,210.822460,30.261597,36.313917,85.741192,23.200558,49.427275,7.061039,8.069759,525.543071,141.220787,300.598532,43.374956,51.444715,3.000000,2.000000,3.000000,0.000000,1.000000,0.000000,1.000000,2.000000,0.000000,1.000000,0.000000,1.000000,3.000000,0.000000,1.000000,1553.000000,438.000000,932.000000,136.000000,161.000000,5.000000,
0.049400,0.988405,0.134833,0.146698,0.475850,0.008720,-212.705286,3.158576,1396036.524252,1161962.724105,2307279.151733,207665.302408,1090450.171609,369.191485,98.854551,210.822460,30.261597,36.313917,85.741192,23.200558,49.427275,7.061039,8.069759,525.543071,141.220787,300.598532,43.374956,51.444715,3.000000,2.000000,3.000000,0.000000,1.000000,0.000000,1.000000,2.000000,0.000000,1.000000,0.000000,1.000000,3.000000,0.000000,1.000000,1553.000000,438.000000,932.000000,136.000000,161.000000,5.000000,
0.049382,0.992298,0.136381,0.129869,0.509740,0.007446,-211.995542,3.160860,1396037.762448,1161963.056583,2307279.860001,207665.404317,1090450.292626,368.725251,98.729712,210.556223,30.223381,36.268057,85.632913,23.171259,49.364856,7.052122,8.059568,524.879387,141.042446,300.218920,43.320180,51.379748,3.000000,2.000000,3.000000,0.000000,1.000000,0.000000,1.000000,2.000000,0.000000,1.000000,0.000000,1.000000,3.000000,0.000000,1.000000,1553.000000,438.000000,932.000000,136.000000,161.000000,5.000000,
0.049426,0.993548,0.133433,0.120117,0.541114,0.006868,-212.067064,3.157114,1396038.324752,1161963.207572,2307280.181648,207665.450597,1090450.347584,368.513519,98.673019,210.435316,30.206026,36.247231,85.583741,23.157953,49.336509,7.048073,8.054940,524.577988,140.961456,300.046527,43.295304,51.350245,3.000000,2.000000,3.000000,0.000000,1.000000,0.000000,1.000000,2.000000,0.000000,1.000000,0.000000,1.000000,3.000000,0.000000,1.000000,1553.000000,438.000000,932.000000,136.000000,161.000000,5.000000,
0.049426,0.993548,0.133433,0.120117,0.541114,0.006868,-212.067064,3.157114,1396038.324752,1161963.207572,2307280.181648,207665.450597,1090450.347584,368.513519,98.673019,210.435316,30.206026,36.247231,85.583741,23.157953,49.336509,7.048073,8.054940,524.577988,140.961456,300.046527,43.295304,51.350245,3.000000,2.000000,3.000000,0.000000,1.000000,0.000000,1.000000,2.000000,0.000000,1.000000,0.000000,1.000000,3.000000,0.000000,1.000000,1553.000000,438.000000,932.000000,136.000000,161.000000,5.000000,
0.049426,0.993548,0.133433,0.120117,0.541114,0.006868,-212.067064,3.157114,1396038.324752,1161963.207572,2307280.181648,207665.450597,1090450.347584,368.513519,98.673019,210.435316,30.206026,36.247231,85.583741,23.157953,49.336509,7.048073,8.054940,524.577988,140.961456,300.046527,43.295304,51.350245,3.000000,2.000000,3.000000,0.000000,1.000000,0.000000,1.000000,2.000000,0.000000,1.000000,0.000000,1.000000,3.000000,0.000000,1.000000,1553.000000,438.000000,932.000000,136.000000,161.000000,5.000000,
0.049426,0.993548,0.133433,0.120117,0.541114,0.006868,-212.067064,3.157114,1396038.324752,1161963.207572,2307280.181648,207665.450597,1090450.347584,368.513519,98.673019,210.435316,30.206026,36.247231,85.583741,23.157953,49.336509,7.048073,8.054940,524.577988,140.961456,300.046527,43.295304,51.350245,3.000000,2.000000,3.000000,0.000000,1.000000,0.000000,1.000000,2.000000,0.000000,1.000000,0.000000,1.000000,3.000000,0.000000,1.000000,1553.000000,438.000000,932.000000,136.000000,161.000000,5.000000,
0.049426,0.993548,0.133433,0.120117,0.541114,0.006868,-212.067064,3.157114,1396038.324752,1161963.207572,2307280.181648,207665.450597,1090450.347584,368.513519,98.673019,210.435316,30.206026,36.247231,85.583741,23.157953,49.336509,7.048073,8.054940,524.577988,140.961456,300.046527,43.295304,51.350245,3.000000,2.000000,3.000000,0.000000,1.000000,0.000000,1.000000,2.000000,0.000000,1.000000,0.000000,1.000000,3.000000,0.000000,1.000000,1553.000000,438.000000,932.000000,136.000000,161.000000,5.000000,
0.049426,0.993548,0.133433,0.120117,0.541114,0.006868,-212.067064,3.157114,1396038.324752,1161963.207572,2307280.181648,207665.450597,1090450.347584,368.513519,98.673019,210.435316,30.206026,36.247231,85.583741,23.157953,49.336509,7.048073,8.054940,524.577988,140.961456,300.046527,43.295304,51.350245,3.000000,2.000000,3.000000,0.000000,1.000000,0.000000,1.000000,2.000000,0.000000,1.000000,0.000000,1.000000,3.000000,0.000000,1.000000,1553.000000,438.000000,932.000000,136.000000,161.000000,5.000000,
0.049440,0.987051,0.136267,0.098201,0.567548,0.006830,-211.824531,3.164334,1396038.361416,1161963.217417,2307280.202621,207665.453614,1090450.351167,368.499714,98.669322,210.427432,30.204895,36.245873,85.580535,23.157086,49.334661,7.047809,8.054639,524.558336,140.956175,300.035286,43.293682,51.348321,3.000000,2.000000,3.000000,0.000000,1.000000,0.000000,1.000000,2.000000,0.000000,1.000000,0.000000,1.000000,3.000000,0.000000,1.000000,1553.000000,438.000000,932.000000,136.000000,161.000000,5.000000,
0.049440,0.987051,0.136267,0.098201,0.567548,0.006830,-211.824531,3.164334,1396038.361416,1161963.217417,2307280.202621,207665.453614,1090450.351167,368.499714,98.669322,210.427432,30.204895,36.245873,85.580535,23.157086,49.334661,7.047809,8.054639,524.558336,140.956175,300.035286,43.293682,51.348321,3.000000,2.000000,3.000000,0.000000,1.000000,0.000000,1.000000,2.000000,0.000000,1.000000,0.000000,1.000000,3.000000,0.000000,1.000000,1553.000000,438.000000,932.000000,136.000000,161.000000,5.000000,
0.049440,0.987051,0.136267,0.098201,0.567548,0.006830,-211.824531,3.164334,1396038.361416,1161963.217417,2307280.202621,207665.453614,1090450.351167,368.499714,98.669322,210.427432,30.204895,36.245873,85.580535,23.157086,49.334661,7.047809,8.054639,524.558336,140.956175,300.035286,43.293682,51.348321,3.000000,2.000000,3.000000,0.000000,1.000000,0.000000,1.000000,2.000000,0.000000,1.000000,0.000000,1.000000,3.000000,0.000000,1.000000,1553.000000,438.000000,932.000000,136.000000,161.000000,5.000000,
0.049440,0.987051,0.136267,0.098201,0.567548,0.006830,-211.824531,3.164334,1396038.361416,1161963.217417,2307280.202621,207665.453614,1090450.351167,368.499714,98.669322,210.427432,30.204895,36.245873,85.580535,23.157086,49.334661,7.047809,8.054639,524.558336,140.956175,300.035286,43.293682,51.348321,3.000000,2.000000,3.000000,0.000000,1.000000,0.000000,1.000000,2.000000,0.000000,1.000000,0.000000,1.000000,3.000000,0.000000,1.000000,1553.000000,438.000000,932.000000,136.000000,161.000000,5.000000,
0.049440,0.987051,0.136267,0.098201,0.567548,0.006830,-211.824531,3.164334,1396038.361416,1161963.217417,2307280.202621,207665.453614,1090450.351167,368.499714,98.669322,210.427432,30.204895,36.245873,85.580535,23.157086,49.334661,7.047809,8.054639,524.558336,140.956175,300.035286,43.293682,51.348321,3.000000,2.000000,3.000000,0.000000,1.000000,0.000000,1.000000,2.000000,0.000000,1.000000,0.000000,1.000000,3.000000,0.000000,1.000000,1553.000000,438.000000,932.000000,136.000000,161.000000,5.000000,
0.049440,0.987051,0.136267,0.098201,0.567548,0.006830,-211.824531,3.164334,1396038.361416,1161963.217417,2307280.202621,207665.453614,1090450.351167,368.499714,98.669322,210.427432,30.204895,36.245873,85.580535,23.157086,49.334661,7.047809,8.054639,524.558336,140.956175,300.035286,43.293682,51.348321,3.000000,2.000000,3.000000,0.000000,1.000000,0.000000,1.000000,2.000000,0.000000,1.000000,0.000000,1.000000,3.000000,0.000000,1.000000,1553.000000,438.000000,932.000000,136.000000,161.000000,5.000000,
0.049440,0.987051,0.136267,0.098201,0.567548,0.006830,-211.824531,3.164334,1396038.361416,1161963.217417,2307280.202621,207665.453614,1090450.351167,368.499714,98.669322,210.427432,30.204895,36.245873,85.580535,23.157086,49.334661,7.047809,8.054639,524.558336,140.956175,300.035286,43.293682,51.348321,3.000000,2.000000,3.000000,0.000000,1.000000,0.000000,1.000000,2.000000,0.000000,1.000000,0.000000,1.000000,3.000000,0.000000,1.000000,1553.000000,438.000000,932.000000,136.000000,161.000000,5.000000,
0.049446,0.983939,0.136715,0.100803,0.556847,0.006932,-212.014109,3.165742,1396038.262444,1161963.190841,2307280.146007,207665.445469,1090450.341494,368.536981,98.679301,210.448713,30.207949,36.249539,85.589190,23.159428,49.339650,7.048521,8.055453,524.611386,140.970430,300.065629,43.298061,51.353514,3.000000,2.000000,3.000000,0.000000,1.000000,0.000000,1.000000,2.000000,0.000000,1.000000,0.000000,1.000000,3.000000,0.000000,1.000000,1553.000000,438.000000,932.000000,136.000000,161.000000,5.000000,
0.049446,0.983939,0.136715,0.100803,0.556847,0.006932,-212.014109,3.165742,1396038.262444,1161963.190841,2307280.146007,207665.445469,1090450.341494,368.536981,98.679301,210.448713,30.207949,36.249539,85.589190,23.159428,49.339650,7.048521,8.055453,524.611386,140.970430,300.065629,43.298061,51.353514,3.000000,2.000000,3.000000,0.000000,1.000000,0.000000,1.000000,2.000000,0.000000,1.000000,0.000000,1.000000,3.000000,0.000000,1.000000,1553.000000,438.000000,932.000000,136.000000,161.000000,5.000000,
0.049446,0.983939,0.136715,0.100803,0.556847,0.006932,-212.014109,3.165742,1396038.262444,1161963.190841,2307280.146007,207665.445469,1090450.341494,368.536981,98.679301,210.448713,30.207949,36.249539,85.589190,23.159428,49.339650,7.048521,8.055453,524.611386,140.970430,300.065629,43.298061,51.353514,3.000000,2.000000,3.000000,0.000000,1.000000,0.000000,1.000000,2.000000,0.000000,1.000000,0.000000,1.000000,3.000000,0.000000,1.000000,1553.000000,438.000000,932.000000,136.000000,161.000000,5.000000,
0.049416,0.988190,0.140007,0.096336,0.552237,0.007090,-209.885263,3.171149,1396038.108626,1161963.149538,2307280.058020,207665.432809,1090450.326460,368.594900,98.694809,210.481787,30.212697,36.255236,85.602641,23.163067,49.347405,7.049629,8.056719,524.693833,140.992585,300.112788,43.304865,51.361584,3.000000,2.000000,3.000000,0.000000,1.000000,0.000000,1.000000,2.000000,0.000000,1.000000,0.000000,1.000000,3.000000,0.000000,1.000000,1553.000000,438.000000,932.000000,136.000000,161.000000,5.000000,
0.049363,0.999692,0.138826,0.111627,0.538931,0.006155,-209.294574,3.165126,1396039.017415,1161963.393565,2307280.577863,207665.507606,1090450.415282,368.252702,98.603182,210.286379,30.184648,36.221577,85.523168,23.141563,49.301591,7.043084,8.049239,524.206715,140.861689,299.834167,43.264662,51.313901,3.000000,2.000000,3.000000,0.000000,1.000000,0.000000,1.000000,2.000000,0.000000,1.000000,0.000000,1.000000,3.000000,0.000000,1.000000,1553.000000,438.000000,932.000000,136.000000,161.000000,5.000000,
0.049363,0.999692,0.138826,0.111627,0.538931,0.006155,-209.294574,3.165126,1396039.017415,1161963.393565,2307280.577863,207665.507606,1090450.415282,368.252702,98.603182,210.286379,30.184648,36.221577,85.523168,23.141563,49.301591,7.043084,8.049239,524.206715,140.861689,299.834167,43.264662,51.313901,3.000000,2.000000,3.000000,0.000000,1.000000,0.000000,1.000000,2.000000,0.000000,1.000000,0.000000,1.000000,3.000000,0.000000,1.000000,1553.000000,438.000000,932.000000,136.000000,161.000000,5.000000,
0.049363,0.999692,0.138826,0.111627,0.538931,0.006155,-209.294574,3.165126,1396039.017415,1161963.393565,2307280.577863,207665.507606,1090450.415282,368.252702,98.603182,210.286379,30.184648,36.221577,85.523168,23.141563,49.301591,7.043084,8.049239,524.206715,140.861689,299.834167,43.264662,51.313901,3.000000,2.000000,3.000000,0.000000,1.000000,0.000000,1.000000,2.000000,0.000000,1.000000,0.000000,1.000000,3.000000,0.000000,1.000000,1553.000000,438.000000,932.000000,136.000000,161.000000,5.000000,
0.049363,0.999692,0.138826,0.111627,0.538931,0.006155,-209.294574,3.165126,1396039.017415,1161963.393565,2307280.577863,207665.507606,1090450.415282,368.252702,98.603182,210.286379,30.184648,36.221577,85.523168,23.141563,49.301591,7.043084,8.049239,524.206715,140.861689,299.834167,43.264662,51.313901,3.000000,2.000000,3.000000,0.000000,1.000000,0.000000,1.000000,2.000000,0.000000,1.000000,0.000000,1.000000,3.000000,0.000000,1.000000,1553.000000,438.000000,932.000000,136.000000,161.000000,5.000000,
0.049383,0.998896,0.138576,0.113471,0.532383,0.006550,-208.659212,3.165813,1396038.633343,1161963.290435,2307280.358167,207665.475995,1090450.377744,368.397321,98.641906,210.368962,30.196502,36.235802,85.556755,23.150651,49.320953,7.045850,8.052400,524.412581,140.917008,299.951918,43.281653,51.334053,3.000000,2.000000,3.000000,0.000000,1.000000,0.000000,1.000000,2.000000,0.000000,1.000000,0.000000,1.000000,3.000000,0.000000,1.000000,1553.000000,438.000000,932.000000,136.000000,161.000000,5.000000,
0.049383,0.998896,0.138576,0.113471,0.532383,0.006550,-208.659212,3.165813,1396038.633343,1161963.290435,2307280.358167,207665.475995,1090450.377744,368.397321,98.641906,210.368962,30.196502,36.235802,85.556755,23.150651,49.320953,7.045850,8.052400,524.412581,140.917008,299.951918,43.281653,51.334053,3.000000,2.000000,3.000000,0.000000,1.000000,0.000000,1.000000,2.000000,0.000000,1.000000,0.000000,1.000000,3.000000,0.000000,1.000000,1553.000000,438.000000,932.000000,136.000000,161.000000,5.000000,
0.049383,0.998896,0.138576,0.113471,0.532383,0.006550,-208.659212,3.165813,1396038.633343,1161963.290435,2307280.358167,207665.475995,1090450.377744,368.397321,98.641906,210.368962,30.196502,36.235802,85.556755,23.150651,49.320953,7.045850,8.052400,524.412581,140.917008,299.951918,43.281653,51.334053,3.000000,2.000000,3.000000,0.000000,1.000000,0.000000,1.000000,2.000000,0.000000,1.000000,0.000000,1.000000,3.000000,0.000000,1.000000,1553.000000,438.000000,932.000000,136.000000,161.000000,5.000000,
0.049383,0.998896,0.138576,0.113471,0.532383,0.006550,-208.659212,3.165813,1396038.633343,1161963.290435,2307280.358167,207665.475995,1090450.377744,368.397321,98.641906,210.368962,30.196502,36.235802,85.556755,23.150651,49.320953,7.045850,8.052400,524.412581,140.917008,299.951918,43.281653,51.334053,3.000000,2.000000,3.000000,0.000000,1.000000,0.000000,1.000000,2.000000,0.000000,1.000000,0.000000,1.000000,3.000000,0.000000,1.000000,1553.000000,438.000000,932.000000,136.000000,161.000000,5.000000,
0.049383,0.998896,0.138576,0.113471,0.532383,0.006550,-208.659212,3.165813,1396038.633343,1161963.290435,2307280.358167,207665.475995,1090450.377744,368.397321,98.641906,210.368962,30.196502,36.235802,85.556755,23.150651,49.320953,7.045850,8.052400,524.412581,140.917008,299.951918,43.281653,51.334053,3.000000,2.000000,3.000000,0.000000,1.000000,0.000000,1.000000,2.000000,0.000000,1.000000,0.000000,1.000000,3.000000,0.000000,1.000000,1553.000000,438.000000,932.000000,136.000000,161.000000,5.000000,
